9 19 9 17 -45348
-18 17 -23 17 -77684
-17 1 -20 1 -71928
24 -3 24 0 -57660
-9 -13 21 7 -76450
11 12 9 11 -61306
-8 1 -9 2 -61532
-22 11 -23 11 -66630
-22 -1 -21 0 -59388
20 8 11 4 -65758
1 -14 2 -12 -59744
-22 13 -20 12 -80936
8 -12 9 -12 -47624
-23 -23 -22 -23 -55958
-23 -18 -24 -18 -61400
-16 -24 -20 -23 -52958
23 22 22 24 -57702
11 -6 12 -12 -61354
2 0 0 -2 -71388
-19 -10 -19 -9 -54590
-13 24 -15 23 -63536
0 23 -1 24 -56598
-22 4 -22 -16 -81852
-9 0 -12 20 -85214
-9 1 -4 3 -71122
-5 8 -6 5 -62518
-15 -9 -16 -10 -55168
-24 23 -11 22 -70834
24 6 21 7 -48326
16 24 17 24 -51868
14 1 15 0 -57730
20 -17 21 -13 -56882
1 -24 3 -22 -53352
14 -20 13 -23 -68704
23 19 24 20 -69648
1 -3 0 -1 -70512
11 14 13 14 -69514
-24 -24 -24 -22 -40380
18 -6 15 -6 -59472
-4 -24 -3 -23 -46070
22 10 18 8 -63786
-3 3 -1 4 -70876
-24 -8 -23 -16 -71008
-14 -11 -14 -12 -50408
20 7 19 11 -65110
8 -7 9 -10 -60758
-21 -19 -24 -17 -65600
0 24 2 23 -49752
-21 -13 -20 -13 -56676
6 23 7 21 -61798
-21 21 -4 -22 -100532
11 -7 11 -5 -65908
4 19 2 17 -52274
-1 -17 -3 -17 -55214
7 13 7 15 -58626
-16 9 -16 10 -65030
-6 -14 -9 4 -93762
23 0 23 1 -60756
0 -10 0 -19 -66978
-23 -11 -21 -11 -56000
-12 17 -8 13 -84060
-19 2 -21 13 -93160
8 6 9 9 -64618
0 -22 -3 -23 -48486
-21 11 -1 15 -97224
-20 20 -19 23 -69008
-18 -7 -19 -6 -55582
24 -21 23 -14 -45118
3 -10 1 7 -84216
-17 -23 -19 -24 -48174
24 18 22 21 -57916
-17 16 -17 15 -68428
10 22 8 24 -58594
2 8 3 9 -61222
-5 -15 -6 7 -92854
10 -22 11 -24 -47088
19 9 22 8 -60962
22 2 22 1 -59720
-3 11 -3 8 -65932
0 17 -7 1 -90640
-8 9 -6 9 -67140
13 -4 9 -5 -60354
-19 23 -22 -3 -95902
23 22 22 20 -68688
22 -19 23 -19 -52864
-1 -7 -1 -3 -64114
6 -24 -1 -22 -64414
-23 -19 -24 -19 -62544
17 -21 19 -21 -63888
-2 -24 -2 -21 -74926
22 5 21 2 -64952
18 22 17 24 -62404
-21 3 -19 3 -73320
-22 -4 -24 2 -64134
12 6 12 8 -56536
23 14 24 16 -66006
20 -11 22 -1 -74212
23 22 23 24 -49618
-5 14 -4 14 -63024
19 8 19 7 -60846
-23 -9 -24 -11 -57082
-7 -2 -7 -3 -63646
-14 13 -13 21 -71436
-2 7 7 6 -74006
0 24 -1 24 -49074
-2 -23 -1 -19 -78520
-6 8 0 23 -84132
18 23 20 22 -64630
7 -14 7 -17 -59832
-2 -1 -5 0 -73466
4 0 9 0 -71596
23 6 23 13 -58622
21 -1 22 -1 -60058
21 -5 21 -3 -61036
-10 11 -12 9 -71676
-23 -24 -23 -22 -45812
-22 -3 -23 -3 -47732
1 -2 1 0 -74236
-20 22 -20 20 -65948
-20 -14 -17 -15 -57694
2 -22 2 -20 -72130
-9 7 -15 10 -88272
-2 -14 -1 -17 -56528
6 0 6 -6 -79008
-14 21 -21 24 -64196
7 -23 8 -24 -45796
3 -10 2 -9 -54912
-11 8 -11 7 -50812
-4 -13 -3 -13 -49084
-10 6 -9 5 -63812
9 -3 8 -6 -74026
-17 0 -15 3 -78190
-12 22 -9 23 -75124
-6 24 -7 23 -55934
23 -5 24 -7 -50348
-4 10 -4 11 -61394
5 12 6 12 -53064
-18 11 -18 13 -66502
16 -3 20 -1 -64804
24 4 24 -17 -62894
-18 -6 -17 -10 -56160
1 -15 0 -15 -61142
13 12 14 12 -67056
-5 5 -4 1 -77568
-14 -24 -14 -22 -33712
19 -22 20 -22 -59764
5 -3 6 -3 -62868
-15 -11 -16 -16 -57862
-10 19 -4 17 -78166
12 8 12 9 -54856
8 19 4 21 -61932
7 -20 7 -24 -67852
-12 -19 -13 -14 -47524
0 0 -5 -3 -81278
15 -22 14 -24 -59658
-11 19 -9 19 -74202
-14 2 -15 0 -73452
17 24 14 24 -52536
22 14 19 13 -58440
-2 15 -1 16 -62390
14 -21 11 -21 -66440
7 -2 7 -7 -78388
-14 23 -15 20 -65030
-1 5 0 5 -58848
11 -21 9 -24 -55900
24 18 22 18 -54352
9 24 11 24 -54646
-6 -10 -6 -11 -62290
-15 1 -12 3 -77156
-24 -7 -24 -10 -47002
-10 -1 -10 -2 -60404
24 21 23 23 -56734
-18 -19 -14 8 -92820
-4 -24 -6 -23 -45378
-8 -9 -8 -11 -67294
23 8 23 6 -57676
24 19 23 18 -67964
23 19 23 20 -64400
21 -13 21 -11 -58260
-24 10 -14 11 -89788
-21 4 -24 3 -58054
7 -17 12 -19 -58466
22 23 23 24 -48844
24 18 24 19 -60740
21 12 21 14 -59336
19 -24 22 -23 -55260
22 -14 20 -14 -68910
-4 1 -2 0 -77378
-10 13 -9 11 -66280
-3 23 -2 23 -56378
-5 -13 -5 -12 -52036
2 22 2 24 -47772
4 10 4 6 -66256
-23 9 -24 10 -58412
17 18 22 17 -65848
10 12 12 15 -62316
-23 -18 -22 -21 -45810
5 23 5 21 -58680
-20 14 -19 14 -82330
12 -22 4 -19 -60502
0 -15 0 -14 -59640
-16 -18 -12 -19 -48260
7 -2 7 -1 -59786
-6 -22 -6 -18 -58762
-24 -10 -24 -13 -58984
-24 -13 -23 -21 -45586
-19 -24 -19 -21 -45602
10 -4 10 -6 -69748
-1 1 -2 -3 -80872
-23 16 -23 14 -44152
16 -24 13 -23 -62958
15 13 15 20 -61826
-3 14 -4 15 -67108
-24 23 -23 20 -60758
-1 -20 -1 -21 -71570
-6 -19 -6 -15 -46818
-17 14 -16 16 -69748
-21 -2 -21 -4 -56914
-22 -14 -24 -15 -52378
-23 1 -23 -2 -57950
13 -20 15 -18 -62612
5 -7 2 -7 -58326
20 10 19 12 -61170
-16 -24 -13 -23 -41478
5 16 5 14 -58460
9 7 10 6 -59722
9 0 10 3 -51736
23 13 -24 9 -66090
22 -22 22 -21 -44494
-8 -24 -10 -21 -41098
-21 0 -10 4 -94018
23 -11 23 -12 -52804
13 21 15 24 -61738
0 -7 -2 -6 -61546
21 -15 24 -16 -57992
12 -3 5 -7 -71054
-8 22 -8 24 -62826
-8 -7 -8 -8 -55668
-21 3 -20 0 -63142
-7 18 -7 17 -58262
5 9 5 10 -62100
0 -24 24 -18 -68716
-22 9 -22 7 -76822
-10 11 -11 11 -77096
5 -18 4 -17 -68556
13 24 15 24 -47190
19 -24 17 -19 -54156
-15 -19 -19 -21 -54872
-13 -21 -14 -23 -43810
-7 -3 -6 -6 -68112
12 -15 13 -17 -56174
9 -1 10 -2 -58902
-14 -14 3 -12 -63514
-24 7 -23 4 -64692
24 22 20 22 -63244
-12 10 -11 15 -66362
22 -12 24 -9 -51944
5 24 0 23 -45920
10 24 10 23 -55424
0 -4 -3 -6 -76590
18 -5 19 -4 -62850
-15 22 -11 23 -74930
-7 -24 -8 -24 -44090
-4 3 -4 2 -67128
22 4 21 1 -68282
24 14 23 19 -59718
0 -10 1 -7 -64458
-21 -7 -8 -8 -74762
-19 9 -20 9 -82424
-20 19 -24 24 -72906
5 10 5 12 -59168
-4 24 -3 22 -64974
13 -4 17 -3 -58722
-11 -6 -11 -4 -57720
-10 2 -13 2 -70912
9 24 5 24 -56802
-16 24 -7 23 -78142
11 -7 12 -9 -59894
3 -19 2 -18 -68740
-1 13 -12 12 -85272
-14 19 -19 17 -74480
0 -24 -2 -23 -53014
12 24 12 22 -63054
10 18 13 18 -60122
-1 9 -24 8 -96384
20 4 15 2 -60510
6 13 8 20 -62304
24 -2 23 -4 -56040
-4 22 -3 23 -54376
-15 -18 -14 -15 -54810
-18 -14 -12 -10 -65574
21 -8 22 -7 -61758
23 -6 24 -5 -53222
21 -14 18 -15 -68646
-22 23 12 24 -60998
-10 -16 -8 -15 -46424
20 -15 20 -17 -49500
-18 4 -14 -17 -87838
-23 18 -22 18 -58474
-1 19 -1 20 -57642
15 11 16 13 -54698
-3 5 -1 2 -75232
9 13 10 13 -61188
13 9 10 12 -69490
-11 -18 -11 -17 -45592
23 -21 21 -23 -58094
0 7 -3 10 -75736
4 -8 5 -6 -62992
-20 7 -18 9 -75814
-2 16 -2 17 -64936
6 -16 5 -15 -63790
3 -19 2 -21 -59282
17 17 18 12 -69372
14 0 14 -3 -55202
17 -24 18 -22 -54106
22 -11 21 -7 -62470
-24 -10 -22 -9 -49760
-21 -20 -11 11 -92742
-6 23 -5 22 -69374
21 -12 20 -13 -62960
11 -11 11 -16 -47608
0 -21 2 -23 -74348
0 -2 -1 -2 -68664
-18 22 -24 20 -64004
-22 8 -22 7 -75842
-23 -5 -19 -5 -56540
-5 8 -7 10 -71650
-9 -9 -8 -11 -61176
-9 -7 -10 -14 -67904
-14 -6 -16 -6 -57608
12 24 11 23 -57720
-17 4 -15 0 -66984
16 -23 14 -23 -63224
17 -17 14 -16 -59306
-24 20 -23 17 -53632
0 -3 -1 -2 -66602
1 -7 2 -6 -70398
-2 12 -3 12 -61358
-24 16 -21 19 -65308
-12 -3 -14 -7 -55532
0 22 2 24 -48754
15 -24 9 -24 -59342
-20 14 -18 13 -80578
-23 -12 -24 -15 -54914
8 -7 -2 -11 -73354
15 9 11 9 -66896
24 -18 23 -21 -49282
0 5 -23 0 -97480
-6 -23 -6 -22 -56924
-4 13 -22 16 -98398
-10 24 -10 23 -54114
4 -16 4 -19 -62170
24 16 22 -9 -67090
4 -8 5 -13 -53548
-23 1 -21 -20 -79602
21 -7 23 -10 -62706
-24 5 -21 3 -64008
-3 10 -2 9 -74714
18 -4 18 -1 -61042
22 13 24 17 -70608
19 -20 19 -18 -51528
-6 -6 -8 -5 -56920
22 -11 16 -11 -69574
23 9 21 8 -60726
3 9 5 0 -69218
0 4 -2 1 -68326
4 -13 5 -17 -66490
23 -20 21 -18 -52926
-9 -23 -8 -22 -50516
4 5 1 6 -66612
-19 20 -17 24 -70140
-4 -22 -1 15 -85212
-22 20 -23 22 -76664
-24 -7 -24 0 -57176
10 -3 12 -4 -59688
12 -23 14 -24 -58448
-23 11 -22 13 -66240
1 2 3 0 -64268
-14 -2 -14 -3 -54708
-11 9 -14 9 -82996
-11 22 -13 24 -63788
-23 -14 -24 -12 -57530
-2 6 -17 5 -98738
-21 -23 -21 -20 -48542
-16 12 -15 9 -73054
-24 14 -23 10 -52728
-16 -24 -18 -22 -46830
24 -18 21 -22 -63272
-8 -21 -6 -20 -55012
-7 -7 -6 -6 -52046
-11 5 -13 4 -73050
19 -24 20 -20 -59492
-23 11 -24 9 -58764
13 -13 14 -17 -53182
8 2 4 -1 -68162
10 -21 10 -18 -58112
12 23 11 23 -53486
-4 -11 -24 -16 -69856
7 -24 7 -21 -62828
13 23 13 19 -60272
-19 5 -20 6 -72928
16 19 18 19 -56470
0 -22 1 -24 -70524
-21 4 -19 8 -79284
-1 -13 0 -13 -64612
-22 -4 -22 -5 -50896
-12 -3 -14 0 -67312
23 -11 24 -16 -50858
17 11 17 0 -69440
-13 16 -12 13 -71630
11 10 9 14 -63528
-23 -6 -24 21 -81920
24 -20 -22 -24 -51970
-1 -24 0 -22 -63180
2 -23 3 -24 -59756
-9 -4 -8 -5 -63744
-20 17 -19 -5 -96264
-20 16 -24 -8 -92920
-20 5 -20 4 -63824
-23 23 -21 18 -79546
-1 1 -1 0 -64360
16 -10 19 -13 -61458
-20 7 -23 10 -84126
21 -14 -10 -21 -68980
-13 20 -13 19 -52678
-7 21 -7 22 -62756
24 10 24 3 -55344
16 0 16 -1 -54872
18 24 18 21 -70418
4 6 3 6 -64014
-22 -23 -24 -23 -54364
24 20 -19 24 -58276
15 12 14 13 -67534
15 16 16 14 -68160
-20 -19 -3 -2 -79170
-6 17 -24 14 -93186
15 -15 24 -18 -76238
-12 21 -15 24 -64366
11 0 6 0 -65238
8 8 7 7 -61336
0 -12 2 -8 -65404
8 -1 6 5 -62688
-8 23 -9 -24 -82192
8 -19 7 -20 -53378
-17 16 -17 17 -62580
-2 21 -3 14 -75308
-2 13 6 12 -57892
1 -2 0 -3 -75378
-23 -23 -17 -23 -55286
-23 16 -24 15 -56192
1 13 1 11 -63008
-18 -14 -17 -15 -53538
-22 0 -1 0 -88780
-13 22 0 24 -78590
-21 24 -24 -1 -85024
24 13 24 18 -61742
6 22 10 24 -60282
-2 4 -1 6 -59602
22 -7 21 -7 -57390
-20 22 -5 -20 -102844
8 -20 -24 -22 -55890
-11 19 -13 18 -71416
15 2 14 4 -57896
-17 -2 -19 -2 -66006
-5 -22 -4 -24 -57770
19 22 23 24 -64692
-4 21 -3 18 -67246
-8 16 -8 14 -59910
18 -10 7 -13 -68430
12 -19 11 -21 -67368
-8 24 -3 23 -68374
-22 -23 -21 -22 -46948
24 11 23 12 -45450
16 16 15 20 -60956
-3 -9 2 -9 -69790
22 6 23 7 -57836
-12 -19 -13 -20 -49786
-10 -4 -11 -3 -62060
7 24 6 21 -58342
-15 6 -13 5 -72620
-15 24 -20 21 -67554
0 14 -1 16 -61816
24 0 24 -1 -58782
18 11 19 15 -63572
-7 -23 -12 -24 -44898
17 -24 19 -24 -51386
10 3 10 4 -49284
-24 1 -22 6 -59574
-9 23 -8 23 -66558
-7 21 -10 24 -68830
-15 9 -13 11 -68066
14 -13 15 -10 -51014
0 13 0 14 -63686
-17 -17 -17 -18 -41934
14 -4 17 -8 -61334
-11 1 -11 4 -58936
18 24 22 24 -60968
-23 -16 -23 -14 -49920
6 -24 4 -24 -41924
23 -3 21 -2 -55030
19 -21 -1 -22 -67952
24 -6 24 -8 -52234
-8 24 -10 21 -70366
-14 2 -14 1 -64588
17 24 17 21 -70388
16 -11 13 -11 -61374
15 4 13 6 -58500
14 -8 13 -9 -59714
21 0 24 0 -54182
9 22 3 21 -61580
17 0 19 -1 -54984
8 10 7 10 -55754
