9 19 9 17 -61617
8 8 8 9 -69479
8 7 8 5 -62725
24 -3 24 0 -60209
-8 -14 -6 -11 -66045
11 -16 4 11 -85013
-17 21 -15 23 -56527
-22 11 -23 11 -46683
4 14 4 8 -69769
-9 0 -11 0 -61761
1 -14 2 -12 -62479
-20 -1 -19 0 -57515
8 -12 9 -12 -54061
-23 -23 -22 -23 -46815
19 22 19 20 -62201
-16 -24 -20 -23 -52321
23 22 22 24 -56941
9 0 12 2 -59873
-23 -5 -23 -10 -60247
-14 -9 -10 -9 -75815
-13 24 -15 23 -43273
0 23 -1 24 -53385
-16 -17 -18 -16 -68467
-20 -19 -19 -20 -58671
0 20 -2 20 -50207
-5 -3 -4 -1 -73451
-24 20 -4 20 -56613
-5 -13 -2 -14 -64799
24 6 21 7 -54591
16 24 17 24 -62915
14 1 15 0 -72031
20 -17 21 -13 -64925
1 -24 3 -22 -53457
24 -2 4 9 -81913
23 19 24 20 -66081
15 -1 15 -24 -79931
-10 -5 -9 -4 -54617
-24 -24 -24 -22 -40499
18 -6 15 -6 -56661
-4 -24 -3 -23 -53277
4 -22 -22 -21 -68097
10 -12 12 -21 -88615
7 21 5 18 -70557
5 4 5 3 -67107
-24 -17 -3 -1 -75693
14 -2 15 -2 -71531
-21 -19 -24 -17 -57121
0 24 2 23 -56279
9 1 9 3 -67335
6 23 7 21 -61717
12 1 11 2 -71141
-7 -18 -6 -17 -61661
3 -12 2 -10 -70563
3 24 1 24 -55483
7 -4 5 -6 -63901
-16 9 -16 10 -47715
16 15 17 12 -60927
23 0 23 1 -61755
-3 -5 -7 -5 -70215
-23 -11 -21 -11 -69275
-24 -6 -21 -8 -59719
-5 18 -4 20 -52547
-11 -16 -10 -17 -54285
0 -22 -3 -23 -64121
12 20 13 18 -65127
-20 20 -19 23 -59549
0 14 -13 16 -66723
24 -21 23 -14 -51885
11 14 12 11 -61099
-17 -23 -19 -24 -45591
24 18 22 21 -62345
-14 -16 -12 -16 -67309
10 22 8 24 -55515
-22 -17 -23 -15 -54901
-21 14 -22 13 -61567
10 -22 11 -24 -49979
19 9 22 8 -62565
22 2 22 1 -58479
12 5 14 4 -65819
7 -23 6 -21 -57487
-8 23 -11 21 -57405
9 -4 9 -5 -59231
5 -7 5 -9 -63203
23 22 22 20 -67121
22 -19 23 -19 -50251
-16 7 -20 7 -67341
1 3 0 8 -70997
-10 23 -8 22 -47415
17 -21 19 -21 -62221
-1 -6 0 -7 -65189
-8 -5 -10 -13 -70933
18 22 17 24 -54517
5 -1 3 1 -62501
2 7 0 8 -72635
2 -9 -2 -11 -71505
23 14 24 16 -46489
0 -16 0 -19 -58141
23 22 23 24 -47195
-13 10 -14 10 -56093
19 8 19 7 -60537
8 -4 10 -2 -59085
-14 -13 -15 -12 -66931
-20 -6 -18 -4 -59975
-21 17 -19 16 -58561
-7 -20 -10 -19 -59183
0 -12 -1 -10 -77661
-10 -20 -12 -21 -59497
18 23 20 22 -64783
7 -14 7 -17 -62327
-21 24 -18 20 -56559
0 -24 1 -24 -50087
23 6 23 13 -57731
21 -1 22 -1 -67281
21 -5 21 -3 -58467
-12 -8 -13 -5 -65681
-23 -24 -23 -22 -45425
-22 -3 -23 -3 -47299
-5 -5 -3 -8 -72993
-20 22 -20 20 -62841
1 10 2 10 -67057
-2 0 0 0 -74099
1 19 1 16 -51949
-10 4 -11 4 -57395
1 24 -4 0 -76665
-14 21 -21 24 -57299
7 -23 8 -24 -51527
-13 -15 -12 -17 -56973
-4 -20 -6 -19 -60825
-14 -8 -12 -3 -69483
-15 8 -17 24 -65021
1 0 -2 -11 -96823
-14 -5 -16 -4 -69049
-24 -24 -7 -22 -62673
-6 24 -7 23 -43685
23 -5 24 -7 -51335
10 0 -4 -2 -93643
-10 -7 -10 12 -67649
-9 8 -9 6 -52949
8 -21 8 -18 -65351
24 4 24 -17 -68453
4 7 1 10 -73225
-13 0 -12 0 -62921
-16 -24 -16 -21 -56013
14 8 15 9 -62355
-14 -24 -14 -22 -49811
19 -22 20 -22 -59213
12 6 13 10 -74911
-5 4 11 1 -88515
3 -8 4 -7 -67937
-2 10 -5 9 -60231
-13 19 23 23 -65289
10 20 21 -14 -84307
-9 -12 23 -13 -80801
-15 -3 -14 -3 -65943
15 -22 14 -24 -46647
18 2 20 2 -60571
2 2 0 1 -76473
17 24 14 24 -64607
22 14 19 13 -57621
1 4 0 0 -73255
-14 22 -17 20 -60565
-23 7 -24 6 -37565
14 6 14 5 -62815
13 0 12 -3 -64475
11 -21 9 -24 -47455
24 18 22 18 -57519
9 24 11 24 -50591
-17 -17 -17 -14 -55841
-13 13 -14 11 -49333
-24 -7 -24 -10 -54315
-10 -1 -10 0 -44219
24 21 23 23 -57799
-23 4 4 2 -82429
-4 -24 -6 -23 -55005
-24 23 16 24 -60105
23 8 23 6 -59877
24 19 23 18 -63419
23 19 23 20 -65391
21 -13 21 -11 -67415
-17 17 -17 19 -51141
6 -17 4 -17 -54013
-2 3 -5 2 -73281
22 23 23 24 -43915
24 18 24 19 -59267
21 12 21 14 -47797
19 -24 22 -23 -53507
22 -14 20 -14 -57409
-15 14 -13 11 -59509
-10 13 -9 11 -48641
-3 23 -2 23 -44705
-5 -13 -5 -12 -54649
2 22 2 24 -49313
-18 12 -21 9 -70499
-23 9 -24 10 -47111
17 18 22 17 -68753
-21 -20 -23 -22 -51849
-23 -18 -22 -21 -54615
5 23 5 21 -67369
-21 -7 -20 -7 -54965
-6 -8 -8 -8 -64731
3 6 2 9 -72393
11 12 11 6 -73621
7 -2 7 -1 -59077
16 -9 17 -5 -69073
-24 -10 -24 -13 -57817
0 -15 -2 -13 -73085
-9 8 -6 -1 -68257
7 -9 6 -9 -63809
10 6 7 7 -57457
-23 16 -23 14 -59579
16 -24 13 -23 -64367
15 13 15 20 -65625
-20 -21 -20 -22 -52511
-24 23 -23 20 -58337
-4 -6 -4 -3 -71419
7 21 7 18 -66173
-9 -9 -7 -9 -64815
15 -20 13 -11 -89709
-22 -14 -24 -15 -53893
-23 1 -23 -2 -61339
13 -20 15 -18 -62655
5 -7 2 -7 -69719
20 10 19 12 -63057
-16 -24 -13 -23 -50979
-7 9 -8 9 -53693
0 -9 1 -8 -75641
-21 -12 -22 -12 -68351
-23 -13 24 -9 -74533
22 -22 22 -21 -52793
-8 -24 -10 -21 -54229
8 -13 9 -12 -64219
23 -11 23 -12 -60989
13 21 15 24 -61203
11 -11 11 -10 -56631
21 -15 24 -16 -53827
-19 -17 -17 -15 -59349
-7 -9 -7 -8 -57789
-8 0 8 15 -92655
-2 3 -3 2 -74557
-7 18 -7 17 -48815
5 9 5 10 -71575
-3 -15 -1 -3 -91067
-16 0 -17 3 -59017
-21 6 -19 5 -62227
5 -18 4 -17 -57675
13 24 15 24 -56547
19 -24 17 -19 -67165
-4 -23 -3 -21 -65451
-13 -21 -14 -23 -57733
24 2 21 -2 -70367
12 -15 13 -17 -75661
-8 10 -9 8 -55029
-17 -14 -13 -13 -63849
-24 7 -23 4 -49531
24 22 20 22 -59701
16 -12 14 -15 -63535
22 -12 24 -9 -68523
5 24 0 23 -57251
10 24 10 23 -54211
-18 -12 -18 -11 -57697
18 -5 19 -4 -62655
7 16 9 19 -66431
-7 -24 -8 -24 -43281
-4 12 -4 13 -38905
-22 15 24 15 -67809
24 14 23 19 -58183
-23 11 -23 9 -55035
-7 11 -7 9 -48677
-16 4 -15 5 -57869
17 1 18 6 -71521
5 10 5 12 -66093
-4 24 -3 22 -53843
8 9 6 8 -57549
-16 -20 -16 -19 -55053
-7 -18 -11 -19 -60779
9 24 5 24 -47699
-15 -9 -15 -12 -62079
11 -7 12 -9 -64833
-19 8 0 -3 -90007
-10 16 -11 14 -51657
-2 -17 0 -15 -54341
0 -24 -2 -23 -55643
12 24 12 22 -59293
18 -10 -4 -10 -88585
0 -22 -4 -21 -65575
12 13 11 18 -68609
-21 18 -20 12 -65445
24 -2 23 -4 -57875
-4 22 -3 23 -47261
-22 13 -22 16 -63577
0 -17 -1 -15 -62045
21 -8 22 -7 -66789
23 -6 24 -5 -53983
21 -14 18 -15 -56919
-16 -8 -18 -3 -73239
12 0 16 0 -77443
20 -15 20 -17 -59237
-23 20 -23 16 -60555
-23 18 -22 18 -39409
-21 -19 -11 -18 -78171
15 11 16 13 -60385
-23 1 -22 -2 -68219
9 13 10 13 -46171
-5 -2 -5 0 -52817
-11 -18 -11 -17 -46921
23 -21 21 -23 -58247
-20 13 -18 13 -55735
-20 1 -20 24 -67907
-1 -7 -3 -10 -83241
10 23 -18 24 -63873
8 -1 6 -2 -70135
3 -19 2 -21 -55867
-10 0 -8 -4 -63257
14 -6 14 -7 -62045
17 -24 18 -22 -51111
22 -11 21 -7 -69299
-24 -10 -22 -9 -60931
21 7 22 3 -58907
-6 23 -5 22 -50583
-4 19 20 21 -64309
11 -11 11 -16 -71931
24 -7 -19 -4 -83123
11 -18 11 -14 -82077
-18 22 -24 20 -48889
1 -1 0 -3 -77239
-1 -4 2 -5 -65277
2 10 0 7 -69829
-24 -11 -23 -10 -59117
-18 2 -19 2 -66289
18 10 19 12 -59365
12 24 11 23 -57113
-12 7 -15 6 -60365
16 -23 14 -23 -59771
17 -17 14 -16 -54923
-24 20 -23 17 -57955
-3 7 -2 4 -67757
-9 24 -13 19 -60075
3 9 6 11 -64193
-19 -14 -20 -4 -74019
-17 1 -19 3 -70875
0 22 2 24 -54277
15 -24 9 -24 -52517
20 -23 19 -20 -64889
-23 -12 -24 -15 -62841
-24 2 -23 0 -61755
6 -7 6 -7 -239327
24 -18 23 -21 -55709
0 -22 0 -18 -62347
-6 -23 -6 -22 -51831
-14 -9 -14 -11 -60115
-10 24 -10 23 -36885
4 -16 4 -19 -61055
0 23 2 13 -65811
4 -8 5 -13 -71133
15 2 15 1 -63089
21 -7 23 -10 -65267
-24 5 -21 3 -55375
-20 4 -20 3 -55061
18 -4 18 -1 -60987
-17 -1 -17 0 -51243
19 -20 19 -18 -62445
6 4 7 1 -71281
23 0 23 -23 -75095
23 9 21 8 -57941
12 10 14 13 -64773
-17 -7 -18 -6 -68501
16 10 17 8 -62169
23 -20 21 -18 -55667
-24 20 -24 19 -54405
-14 -6 -15 -8 -68737
0 -3 -14 11 -92727
-16 0 -18 -1 -67069
0 3 1 4 -77175
14 -22 13 -21 -62859
-1 0 -4 0 -76797
12 -23 14 -24 -61803
-16 3 -17 3 -68123
10 -4 13 -11 -77007
-14 -2 -14 -3 -48767
16 19 15 19 -65465
-11 22 -13 24 -45397
-23 -14 -24 -12 -57073
4 9 -3 9 -76155
15 0 17 1 -65095
7 -23 8 -23 -46409
-24 14 -23 10 -51487
-16 -24 -18 -22 -53259
24 -18 21 -22 -66797
-11 17 -11 14 -52115
2 2 3 3 -76961
13 17 12 17 -54109
19 -24 20 -20 -63609
-23 11 -24 9 -52673
13 -13 14 -17 -83085
10 -3 8 -1 -68131
10 -21 10 -18 -65079
12 23 11 23 -53895
-24 -9 -24 6 -63231
-12 13 -13 14 -57111
13 23 13 19 -62915
16 2 17 4 -66703
16 19 18 19 -66605
0 -22 1 -24 -52425
-7 23 -7 20 -55997
1 -20 0 -23 -66015
-22 -4 -22 -5 -54943
19 5 21 6 -60047
23 -11 24 -16 -54663
13 -1 11 0 -72081
7 -24 7 -23 -39927
2 13 0 11 -60631
1 21 0 19 -56767
24 -20 -22 -24 -59529
-1 -24 0 -22 -61989
2 -23 3 -24 -46683
-24 4 -24 0 -56835
-21 -19 -21 -18 -49581
-12 -23 -12 -19 -58561
-15 16 -17 15 -51767
-22 4 -19 13 -69715
-11 0 22 -1 -90321
16 -10 19 -13 -63311
-5 7 -4 10 -60319
10 -2 10 -1 -64387
22 -2 20 -22 -85149
22 -12 24 -10 -63503
24 10 24 3 -58355
16 0 16 -1 -61423
-8 1 -7 2 -60213
-1 -13 0 -10 -70503
-22 -23 -24 -23 -43353
24 20 -19 24 -65847
15 12 14 13 -60219
-10 -8 -13 -5 -74289
-24 23 -23 20 -58337
21 16 23 15 -62709
-22 5 -24 11 -55025
-24 -1 -24 -23 -59937
-9 -4 -3 -10 -83845
-6 17 -8 23 -61231
9 -10 -1 -10 -83081
20 1 1 2 -90207
-6 -15 -7 -18 -58819
8 -19 7 -20 -57673
-23 -14 -23 -12 -66565
-13 21 -15 23 -52001
-16 -6 -17 -7 -65057
1 -2 0 -3 -78673
-10 -23 -15 -22 -57595
-23 16 -24 15 -48117
-14 -11 -10 -11 -76553
-18 -14 -17 -15 -64131
-8 -21 -8 -19 -52465
-8 -3 -7 -4 -64765
15 12 11 -1 -88623
24 13 24 18 -52867
6 22 10 24 -54117
3 0 8 -23 -85973
22 -7 21 -7 -57583
-12 18 -12 17 -48397
18 23 19 24 -51363
-13 9 -13 5 -53495
0 -13 -3 -10 -81147
18 -11 0 -20 -79893
-5 -22 -4 -24 -55391
3 7 4 7 -61787
16 -12 16 -8 -66319
2 -19 2 -7 -80347
7 -6 7 -5 -60703
-19 21 -20 20 -58085
-10 -21 11 -11 -77481
-22 -23 -21 -22 -49091
24 11 23 12 -48343
16 16 15 20 -67749
-4 13 -9 11 -58147
22 6 23 7 -58079
-12 -19 -13 -20 -62047
-14 19 -20 20 -62013
7 24 6 21 -62921
5 16 6 16 -45109
0 2 16 1 -93023
0 14 -1 16 -43733
24 0 24 -1 -61095
-22 -2 0 -12 -86913
-11 9 -10 9 -52571
17 -24 19 -24 -53067
10 3 10 4 -65159
-24 1 -22 6 -53223
-9 23 -8 23 -46317
0 1 0 -7 -76945
10 -16 12 -15 -54021
14 -13 15 -10 -66937
4 0 4 2 -64815
-3 8 1 9 -67267
-15 5 -15 4 -50093
-3 22 -1 17 -65291
18 24 22 24 -58471
-23 -16 -23 -14 -56731
6 -24 4 -24 -41473
23 -3 21 -2 -60951
12 16 12 15 -59529
24 -6 24 -8 -52287
-21 -4 -22 -3 -60155
16 -24 -19 -21 -69543
-6 -1 0 -16 -93749
-8 -11 -11 -16 -65125
-23 -3 -23 -4 -51627
14 -8 13 -9 -60075
21 0 24 0 -62455
-2 4 -4 0 -70617
17 0 19 -1 -61161
0 -5 -5 -9 -88925
