7 -22 -6 -19 -63260
0 -3 -1 -2 -54998
23 -18 22 -19 -59828
24 -3 24 0 -49904
-8 -24 -7 -22 -61254
24 10 23 7 -47812
-21 0 -9 1 -88724
23 23 20 24 -58802
2 2 3 2 -74672
-7 -2 -7 -3 -47324
-3 -18 -3 -20 -58540
8 23 10 18 -57816
-15 -7 -2 -4 -73814
-23 -23 -22 -23 -64904
-7 13 -6 15 -74084
-16 -24 -20 -23 -55866
23 22 22 24 -63126
8 -17 7 -18 -48296
17 17 16 18 -57236
-24 6 -17 7 -86070
-7 4 -6 -6 -70860
0 -3 0 -4 -51950
-17 -24 -19 -20 -63938
18 23 18 22 -62624
-23 -7 -23 -6 -53392
-8 13 -8 10 -77526
-5 14 -4 7 -73528
-18 8 -17 8 -78688
24 6 21 7 -58766
16 24 17 24 -53392
-10 -8 -9 -7 -60788
4 21 4 23 -57646
1 -24 3 -22 -46674
-19 22 -18 23 -81190
23 19 24 20 -58998
-13 19 -10 22 -70926
4 7 4 9 -53566
-24 -24 -24 -22 -43324
18 -6 15 -6 -46450
-23 -5 -24 -5 -52526
0 0 -1 1 -70216
-24 -17 -24 -14 -54112
0 4 0 5 -59122
6 -14 9 -15 -57228
11 7 13 7 -57562
-4 7 -5 7 -63442
-21 -19 -24 -17 -58124
0 24 2 23 -71378
2 8 3 11 -52826
-16 2 -14 3 -78682
10 5 9 5 -52686
8 -1 -1 0 -75202
6 19 8 21 -59826
-4 20 -3 22 -63490
-21 6 -24 5 -73864
-12 4 -11 6 -58606
-11 -1 -12 2 -65844
-5 11 -7 12 -67332
-20 5 -17 5 -87578
-14 14 -23 -10 -86932
4 2 2 2 -76126
2 2 0 -4 -64786
-20 -14 -18 -12 -57832
13 17 8 16 -70496
-24 4 -23 10 -72746
-2 20 0 20 -85974
-2 -11 -1 -11 -51884
24 -21 23 -14 -49444
17 -20 18 -19 -63732
-17 -23 -19 -24 -55574
24 18 22 21 -55612
-22 12 -20 13 -73138
-7 23 -7 20 -61528
13 19 16 12 -69634
-2 -16 -4 -17 -43706
10 -22 11 -24 -51022
-3 -20 -3 -21 -57548
-19 21 -20 21 -65590
12 -1 12 -3 -49520
4 -15 3 -13 -50952
-24 2 -24 0 -74008
-9 -16 -10 -18 -58444
21 2 23 0 -62724
-19 7 14 7 -76906
22 -19 23 -19 -48220
-24 24 -24 19 -65034
13 22 11 24 -58064
-2 7 -1 4 -68236
9 -4 10 -3 -51250
-12 -10 -11 -12 -53398
9 0 10 3 -50696
18 22 17 24 -56200
2 15 3 15 -51062
-24 10 -23 7 -64802
-8 2 -6 0 -79126
23 14 24 16 -56872
-17 16 -9 16 -110274
23 22 23 24 -54436
-9 8 -9 6 -56118
12 18 12 19 -46022
21 -4 24 -5 -58010
-15 18 -16 15 -69864
-21 14 -21 16 -71002
1 13 0 14 -55668
22 24 21 22 -62400
-7 5 -17 22 -107280
6 10 6 12 -45730
-8 -23 -11 -24 -62082
20 3 22 4 -64884
-6 5 -7 3 -54992
0 -24 1 -24 -46162
-9 20 5 22 -95370
-7 13 -10 11 -69418
-2 24 -3 23 -58452
4 -5 2 -4 -60940
-23 -24 -23 -22 -49650
11 9 11 11 -47566
-19 23 -17 20 -58852
-18 22 -24 3 -115254
-15 -13 -10 -12 -59312
22 12 20 11 -62722
17 14 18 14 -49318
4 1 3 2 -62808
24 2 23 4 -55398
-13 4 -6 3 -78886
7 -23 8 -24 -60138
1 -4 0 -4 -57048
-16 -21 -14 -19 -59616
-23 11 -24 11 -57016
15 16 15 14 -61002
21 12 24 13 -55250
16 20 16 21 -56620
11 -12 12 -12 -59474
-12 8 -12 10 -66744
23 -5 24 -7 -53900
16 10 18 13 -56088
4 3 4 1 -54040
-8 18 -8 12 -69436
-7 -17 -10 -17 -50608
-10 -18 -10 -19 -50682
-16 -1 -16 -2 -60080
-21 -24 -24 -24 -61274
-16 -24 -16 -21 -63792
-10 -9 -9 -7 -63676
-14 -24 -14 -22 -59824
19 -22 20 -22 -62782
6 24 5 24 -52858
10 20 8 20 -62648
-14 24 -15 22 -62696
5 -22 5 -23 -51356
9 4 16 1 -64904
0 -12 1 -9 -41812
-11 -19 -9 -20 -55680
-23 -1 -23 -3 -55764
15 -22 14 -24 -45590
19 -18 17 -15 -64416
-24 23 6 12 -82798
17 24 14 24 -57098
6 22 5 23 -52368
-9 22 -10 23 -64272
3 24 2 24 -63678
-23 7 -24 6 -66942
-24 -20 -24 12 -63150
14 -16 14 -18 -58612
-6 17 2 14 -85836
0 20 1 14 -55546
9 24 11 24 -54970
-3 18 0 19 -83830
-22 -9 -12 -10 -74722
-24 -7 -24 -10 -45354
-23 -1 -21 0 -61046
24 21 23 23 -59030
-21 24 -21 23 -52974
-14 -12 -14 -13 -50758
-10 15 -11 7 -83784
-9 7 -10 8 -68462
24 19 23 18 -59388
6 -12 4 -12 -48762
-19 8 -19 5 -63364
6 -6 3 -7 -55854
-1 -22 -3 -22 -51584
14 -13 16 -3 -55300
22 23 23 24 -50356
24 18 24 19 -54108
-4 5 -6 -8 -71750
19 -24 22 -23 -54034
22 -14 20 -14 -65520
-24 14 -24 13 -57014
13 1 11 1 -62984
-3 23 -2 23 -72042
-12 13 -14 11 -82660
2 22 2 24 -51354
11 -15 15 -14 -56216
-23 9 -24 10 -61292
-1 -17 -1 -21 -56672
-10 0 -8 3 -62632
-23 -18 -22 -21 -55614
-19 -24 -22 -24 -55634
5 7 7 7 -47378
1 -11 0 -9 -42552
-9 -22 -7 -24 -55352
-13 20 -10 0 -98126
-15 6 -14 6 -80910
8 -10 8 -13 -47666
-24 -10 -24 -13 -49428
5 -7 5 -6 -48400
1 24 0 24 -71258
-16 -16 -15 -19 -50062
-8 -19 -8 -21 -55238
-23 16 -23 14 -66364
-2 23 0 22 -78480
-19 16 -20 17 -63776
-20 -21 -20 -22 -58666
-24 -7 -23 -5 -56138
-14 -7 -16 24 -93566
9 15 11 16 -65218
-11 -9 -12 -9 -56554
-18 17 -1 18 -112820
-22 -14 -24 -15 -54800
-8 1 -10 2 -69672
-22 0 -22 2 -85150
18 -24 15 -24 -56316
-11 14 -14 14 -87518
-16 -24 -13 -23 -71234
-24 21 -4 23 -81452
-11 24 7 23 -86410
-24 24 -24 22 -51928
0 -23 0 -22 -60088
22 -22 22 -21 -45326
-8 -24 -10 -21 -60396
8 -13 9 -12 -53998
23 -11 23 -12 -46940
13 21 15 24 -63528
-2 -10 0 -10 -53684
21 -15 24 -16 -52188
0 7 2 7 -56550
-2 2 0 2 -66770
12 -15 11 -11 -53188
-8 -7 -6 -11 -48342
-13 -9 -14 -8 -63046
17 -12 16 -14 -53812
0 -13 0 -15 -47978
-1 20 -16 19 -101654
15 6 17 8 -49180
-20 -16 -19 -16 -54894
13 24 15 24 -54110
16 -20 18 -20 -66078
-15 20 -16 20 -72122
-14 0 -16 -5 -69540
24 -6 22 -8 -54022
12 -15 13 -17 -64546
-2 24 -2 23 -47844
13 -10 13 -11 -44416
-24 19 -23 18 -58852
24 22 20 22 -59302
-17 -24 -12 -23 -69876
22 -12 24 -9 -61152
24 22 -12 21 -64164
10 24 10 23 -52566
-6 0 -5 0 -71538
-2 -9 -2 -8 -42030
7 5 6 4 -56626
-7 -24 -8 -24 -50218
11 -21 6 -17 -66418
-13 8 -12 8 -75922
23 3 24 5 -59728
-5 9 -7 8 -64792
20 -11 21 -10 -65060
-19 2 -17 1 -86654
22 -4 23 -24 -53100
0 0 -2 -1 -67284
-4 24 -3 22 -60058
18 -18 18 -16 -62020
-1 19 -3 17 -69118
-18 21 -23 1 -119672
-16 -9 -14 -7 -59980
-15 18 -14 14 -67270
19 17 18 16 -58954
18 6 18 17 -63522
20 -9 16 -6 -54370
-20 -24 -19 -22 -60762
0 -24 -2 -23 -55726
12 24 12 22 -60076
-13 -17 -11 -13 -65414
-24 -9 -1 -7 -72378
-23 -14 -24 -17 -53358
-15 -1 -15 -6 -62210
24 -2 23 -4 -48104
22 -19 24 -14 -61348
-23 16 -14 17 -88908
13 -18 12 -14 -66060
-18 11 -18 10 -64704
23 -6 24 -5 -50540
13 16 15 19 -56100
-3 0 -14 21 -105176
19 20 17 19 -59698
-1 5 0 3 -69546
-23 20 -23 16 -67110
-23 18 -22 18 -63486
7 9 7 7 -53464
18 -14 17 -12 -54900
6 -24 5 -23 -60384
9 13 10 13 -56784
-17 16 -14 16 -90798
22 2 18 0 -60996
23 -21 21 -23 -52786
9 5 8 7 -51942
20 -12 18 -13 -64832
20 -4 20 -6 -46424
12 -22 10 -23 -52230
7 6 7 1 -55236
5 -9 9 -8 -57962
-17 11 -13 12 -88686
-12 -5 -12 -7 -55292
17 -24 18 -22 -51850
19 -1 20 0 -55476
-24 -10 -22 -9 -59838
-21 15 2 18 -108562
18 15 16 -1 -65758
14 -5 13 -6 -49650
-9 -15 -9 -13 -59950
-2 0 -3 1 -72610
-16 -17 -15 -15 -54738
-10 -9 -10 -10 -54748
11 13 11 14 -48272
-15 11 -17 7 -72810
-15 8 -17 10 -76948
-24 -11 -23 -10 -57218
-18 2 -19 2 -78754
-8 -9 -22 -9 -81538
12 24 11 23 -59028
15 4 13 2 -50240
-4 -23 -3 -24 -50020
17 -17 14 -16 -56412
-24 20 -23 17 -65564
12 11 11 9 -53068
-6 -24 -5 -22 -59894
-15 0 -16 4 -80920
-5 -3 -17 -1 -85618
-23 -21 -22 -18 -55220
15 -21 14 -21 -54998
15 -24 9 -24 -54034
20 -23 19 -20 -52758
11 -22 11 -21 -48838
-18 -9 -17 -4 -65060
9 -22 12 -22 -60756
24 -18 23 -21 -54482
-24 -15 -23 -18 -52508
-14 2 -15 0 -84722
21 1 20 3 -62996
-10 24 -10 23 -43610
4 -16 4 -19 -40930
-12 -24 -12 -21 -58352
-8 17 -18 16 -113506
-19 24 -20 23 -72218
-9 24 -14 24 -62826
5 14 6 15 -43720
-16 3 -16 1 -80130
-23 13 -24 5 -76412
12 14 13 13 -58452
19 -20 19 -18 -58524
24 -6 23 -3 -53028
-24 1 -18 21 -119364
-18 -9 -20 -8 -58582
21 18 20 23 -67420
22 16 23 14 -59178
22 5 22 2 -59610
0 13 -4 13 -65384
-24 20 -24 19 -62302
-14 -23 -11 -24 -52856
-18 2 -16 1 -84634
-14 21 -14 19 -60856
11 -2 11 1 -46094
22 7 24 8 -57308
21 8 20 8 -60990
12 -23 14 -24 -47326
-13 -24 -9 -23 -61166
-18 13 -17 12 -70708
-12 -16 -12 -15 -56972
-15 2 -16 0 -85748
-16 24 -19 23 -66298
-23 -14 -24 -12 -53288
8 -4 8 -7 -48162
12 -10 11 -9 -54150
7 -23 8 -23 -50236
-24 14 -23 10 -63652
-16 -24 -18 -22 -56870
0 15 0 22 -59124
-24 18 -7 11 -95528
-8 18 -9 17 -66442
0 9 4 8 -56272
19 -24 20 -20 -57110
-22 9 -20 3 -70448
-23 1 -23 0 -79254
-15 13 -14 15 -74096
10 -21 10 -18 -47864
12 23 11 23 -59168
-5 1 -4 2 -60152
-23 8 -20 9 -75470
23 7 23 9 -44934
-8 -14 -6 -9 -57838
8 -14 5 -7 -56096
0 -22 1 -24 -60646
0 -9 2 -8 -50594
0 3 2 -1 -66976
-22 -4 -22 -5 -55834
-20 18 5 14 -105218
23 -11 24 -16 -50816
20 -23 17 -21 -58192
7 -24 7 -23 -45254
-23 20 -24 24 -61430
1 21 0 19 -59148
24 -20 -22 -24 -47348
-1 -24 0 -22 -55920
2 -23 3 -24 -53906
-9 10 -8 9 -71412
-21 -19 -21 -18 -53482
-5 19 -4 18 -65230
-12 23 -14 24 -57238
-24 -2 -22 -2 -60392
-23 -20 24 -10 -55066
11 -4 6 -3 -62148
23 7 23 4 -51754
-20 -10 -20 -11 -50954
21 -15 21 -13 -55744
22 -12 24 -10 -61504
24 4 22 2 -61440
-15 -7 -15 -11 -62376
14 22 -14 23 -78846
-21 16 -24 15 -74240
-22 -23 -24 -23 -60078
-1 11 -1 16 -56566
0 22 3 23 -70668
1 -17 0 -14 -53960
11 -7 9 -6 -60308
-23 -4 -19 -5 -62044
-23 0 -24 1 -68666
-1 16 -24 16 -101634
-12 2 -12 3 -64594
-7 -12 -6 -17 -62478
-15 0 -17 20 -103450
13 4 12 8 -46134
-3 16 -12 20 -86074
21 17 2 19 -63932
-23 -14 -23 -12 -56490
-2 -6 -3 -5 -46268
-9 20 -9 19 -65596
-22 4 -22 0 -83478
-24 -14 -22 -14 -53524
-23 16 -24 15 -65366
23 14 23 13 -54158
-18 -14 -17 -15 -55792
-24 23 -23 23 -37006
-8 19 -8 18 -63184
-3 -17 -4 -15 -52476
-20 23 -24 18 -78486
-6 -22 -10 -24 -64076
-6 13 -6 11 -75158
0 0 -1 -2 -64350
-6 -14 -6 -12 -56344
18 23 19 24 -55178
-3 6 -2 7 -53786
2 -18 1 -18 -46334
2 -5 1 -7 -55658
-6 13 -5 16 -71256
13 -8 9 -9 -59598
-7 23 -5 22 -60942
24 18 24 16 -55180
8 -16 11 -16 -62420
12 7 10 4 -59684
-15 -9 -15 -6 -66666
-22 -23 -21 -22 -58480
24 11 23 12 -40048
-24 3 -22 1 -71652
22 23 22 0 -61498
5 -21 4 -21 -48390
-24 16 -16 24 -96548
24 14 24 15 -57760
7 24 6 21 -58298
21 -12 18 -12 -65538
24 -10 22 -8 -45550
18 14 18 15 -63294
24 0 24 -1 -48456
-2 -23 -5 -24 -43176
12 0 9 1 -63174
17 -24 19 -24 -59874
-4 -24 -4 -23 -54476
-24 1 -22 6 -70342
-9 23 -8 23 -57850
-1 0 -23 6 -94838
17 10 16 10 -43032
-17 21 -17 22 -65446
9 -4 9 -3 -48914
7 23 9 24 -54052
17 -3 16 -2 -47480
3 24 5 24 -58248
18 24 22 24 -53564
20 4 19 5 -55852
6 -24 4 -24 -47544
23 -3 21 -2 -60726
-6 0 -19 6 -101136
24 -6 24 -8 -41174
-13 -22 -16 -24 -69742
-17 6 -6 11 -92112
-19 0 -17 23 -106286
-7 2 -3 0 -84040
-23 -3 -23 -4 -54902
-14 -6 -16 -4 -61768
-14 24 -14 23 -48548
19 2 19 -2 -53232
3 2 0 -2 -65804
13 -5 11 -2 -56804
