24 15 -21 12 -68290
0 -3 -1 -2 -73082
23 -18 22 -19 -53138
24 -3 24 0 -52894
-8 -24 -7 -22 -55820
24 10 23 9 -58622
-9 -2 -9 -6 -70506
23 23 20 24 -51844
0 -15 -1 -14 -71852
-7 -2 -7 -3 -67858
0 8 1 9 -56990
4 15 2 14 -40930
0 -21 -2 -22 -66976
-23 -23 -22 -23 -69256
-4 -22 -22 -24 -67902
-16 -24 -20 -23 -65328
23 22 22 24 -60200
-10 -13 -12 -18 -65392
12 -8 10 -9 -58448
-24 4 -23 1 -45096
-11 2 -13 3 -56892
-23 21 -24 15 -50422
-15 8 -18 3 -64618
18 23 18 22 -67586
-23 -7 -23 -6 -55278
18 10 17 8 -63122
-11 13 -10 13 -48928
20 -4 21 -11 -74686
24 6 21 7 -57450
16 24 17 24 -58278
-10 -8 -9 -7 -64158
-12 -13 -11 -14 -78856
1 -24 3 -22 -62376
-20 24 -23 24 -57268
23 19 24 20 -56932
23 12 24 13 -59640
-13 -6 -16 -14 -74294
-24 -24 -24 -22 -49118
18 -6 15 -6 -48408
-23 -5 -24 -5 -63946
-9 -10 -10 -12 -65588
-24 -17 -24 -14 -60452
0 4 0 5 -56152
2 -16 9 -14 -69090
12 1 13 0 -59364
-16 -21 -17 -20 -74004
-21 -19 -24 -17 -61468
10 8 10 6 -55090
-19 -24 -19 -22 -65676
-10 -18 -10 -7 -76840
15 18 15 16 -46340
-3 10 -2 -13 -81826
6 24 7 23 -60812
14 -7 15 -8 -60952
2 1 0 1 -59376
19 14 2 18 -66776
-21 7 -18 4 -55766
-19 24 -19 23 -55460
-1 -16 -3 0 -96570
19 14 21 4 -79312
0 16 -1 16 -62294
21 -23 21 -21 -52764
-20 -14 -18 -12 -66728
-14 -21 -13 -18 -63836
22 10 20 9 -60148
-10 13 3 11 -79194
-18 -5 -17 -8 -67830
24 -21 23 -14 -39866
17 -20 18 -19 -57306
-17 -23 -19 -24 -56112
24 18 22 21 -51144
-4 -2 0 -10 -99940
-13 -21 -12 -24 -70814
17 21 17 23 -65840
-2 -16 -4 -17 -66170
10 -22 11 -24 -50402
-21 -1 -19 0 -72526
-17 17 -17 15 -48552
-14 -15 -10 -15 -79064
-5 -4 -6 -9 -73624
-1 10 0 9 -60500
-9 -16 -10 -18 -60918
20 10 12 7 -70486
22 13 23 13 -56394
22 -19 23 -19 -50956
-24 24 -24 19 -49328
13 22 11 24 -48134
3 24 3 23 -44382
6 24 9 20 -64532
-10 18 -12 17 -51674
-11 -22 -6 -23 -73544
18 22 17 24 -59132
-23 -19 -22 -16 -69240
12 22 13 19 -52466
-22 6 -23 8 -51812
23 14 24 16 -65500
-23 21 -22 22 -55536
23 22 23 24 -58888
-6 -22 -5 -23 -69744
-21 -3 -24 -3 -73900
4 -2 2 -5 -64058
-6 11 -5 9 -52630
9 15 9 17 -44460
1 13 0 14 -64584
22 24 21 22 -70554
-10 23 -9 24 -48740
-11 -1 -10 -2 -69660
24 0 23 0 -49446
-3 2 -4 2 -59452
22 -19 22 -18 -48356
0 -24 1 -24 -51490
24 17 23 10 -66058
17 7 17 5 -61912
-2 24 -3 23 -49318
8 10 9 9 -54226
-23 -24 -23 -22 -57194
-2 -19 -1 -19 -67400
-7 -22 -6 -21 -63882
-16 4 -16 1 -65610
3 4 5 2 -58492
-9 0 -7 -3 -75666
17 14 18 14 -62168
11 0 13 -3 -56188
24 2 23 4 -49630
5 17 5 15 -43294
7 -23 8 -24 -56210
18 4 18 2 -56122
-16 -21 -14 -19 -61452
-23 11 -24 11 -56606
-20 24 -16 23 -42410
14 5 10 3 -61864
7 -15 6 -13 -47670
-13 21 -14 24 -54930
-4 7 -5 6 -54118
23 -5 24 -7 -54090
-17 18 -18 20 -52642
4 18 5 17 -56066
24 12 24 9 -50888
8 -1 5 -2 -54652
10 9 9 7 -58898
-16 -1 -16 -2 -62028
-21 -24 -24 -24 -65676
-16 -1 0 0 -92532
-16 -5 -15 -4 -60196
-14 -24 -14 -22 -64030
13 -15 11 -16 -62192
6 24 5 24 -42156
-18 -8 -16 -11 -66594
-14 24 -15 22 -49964
5 -22 5 -23 -63484
23 -5 23 -3 -53282
19 -7 0 -3 -77054
-11 -19 -9 -20 -72172
-23 -1 -23 -3 -45988
15 -22 14 -24 -50932
-3 1 -3 0 -56704
-15 -24 -17 -22 -73700
17 24 14 24 -59670
6 22 5 23 -65394
12 1 11 -2 -59258
3 24 2 24 -38892
-23 7 -24 6 -56042
-24 -20 -24 12 -57946
-12 4 -13 0 -67406
-20 -12 -17 -9 -64820
0 8 0 7 -50346
-21 8 -22 7 -55812
16 -10 13 -16 -60592
-8 23 -4 22 -47578
-24 -7 -24 -10 -53678
11 -17 11 -19 -45654
24 21 23 23 -58014
-21 24 -21 23 -56780
5 -12 4 -13 -61098
-7 20 -6 14 -52900
-7 -24 -8 -22 -68434
-4 -6 -4 -1 -77874
-16 -2 -14 -12 -77990
20 -9 18 -3 -73594
-22 23 -24 23 -63828
-4 7 0 9 -59312
-21 14 -20 11 -68978
22 23 23 24 -54768
24 18 24 19 -52090
-9 13 -9 12 -44726
19 -24 22 -23 -48748
0 -1 0 -4 -70366
-24 14 -24 13 -56010
-6 -4 -4 -4 -74410
-7 13 -6 12 -54234
-23 -4 -24 -5 -59098
-5 -12 -1 -11 -63134
-16 -2 18 -15 -93040
-23 9 -24 10 -57140
-12 12 -12 11 -40000
12 16 11 13 -48112
-23 -18 -22 -21 -59804
-19 -24 -22 -24 -62478
6 -24 10 -19 -63116
-15 10 -14 10 -50850
-9 -22 -7 -24 -72156
-19 -13 -19 -14 -59628
14 -10 17 -9 -53148
7 10 9 12 -52222
-24 -10 -24 -13 -57650
5 -7 5 -6 -55424
1 24 0 24 -49596
-10 -4 -16 -5 -67360
4 -19 5 -20 -61560
-23 16 -23 14 -53066
-6 12 -4 15 -50198
-5 16 -5 15 -42820
-20 -21 -20 -22 -67176
-24 -7 -23 -5 -60216
-2 -19 -2 -20 -52940
-18 8 -14 6 -55624
8 -19 7 -18 -56164
20 12 20 6 -73934
-22 -14 -24 -15 -63512
-4 -12 -6 -6 -86232
-19 13 -16 11 -66776
18 -24 15 -24 -44802
8 -16 11 -14 -55756
0 -6 -2 -4 -78446
22 8 22 7 -62972
-12 -10 -6 -12 -83530
-24 24 -24 22 -47612
0 -23 0 -22 -65312
17 4 24 2 -62640
-21 6 -21 7 -48554
-1 24 1 22 -62974
24 -1 23 0 -60360
0 22 -2 23 -63422
3 -14 2 -14 -59520
21 -15 24 -16 -49508
15 9 14 10 -60374
-10 -4 -11 -4 -69852
-12 -18 -11 -19 -75776
23 -20 13 0 -68344
-13 6 -14 4 -57818
-22 -2 -24 -2 -70620
-24 14 -23 11 -71624
17 0 16 -3 -49184
8 -17 -10 -6 -94748
-20 -16 -19 -16 -59206
13 24 15 24 -48652
0 20 0 18 -59218
-22 9 -22 11 -48912
9 -6 -24 -24 -69510
24 -6 22 -8 -58558
16 16 19 -7 -71864
-2 24 -2 23 -49596
13 -10 13 -11 -53956
-24 19 -23 18 -49438
6 -2 6 -1 -70204
15 9 14 0 -73478
12 3 11 0 -65966
17 14 15 15 -65462
10 24 10 23 -41548
-15 18 -14 16 -61830
-21 -21 -20 -22 -62636
-1 16 4 8 -68644
-7 -24 -8 -24 -60166
21 0 21 24 -69044
6 -22 0 -23 -64390
23 3 24 5 -46558
-24 24 -23 0 -54730
-13 19 -11 16 -57982
-6 -18 -7 -20 -61064
22 -13 23 -13 -46414
10 23 8 23 -41306
-4 24 -3 22 -58678
1 -17 1 -14 -48100
9 -16 8 -19 -50920
-10 -1 -9 -1 -71108
-16 -9 -14 -7 -63082
-13 -14 -12 -15 -78570
17 2 15 2 -51026
-24 12 -23 13 -55356
-18 15 3 16 -75608
-20 -24 -19 -22 -67846
20 -15 0 -16 -86778
13 14 13 12 -44206
-5 23 -7 21 -47842
19 -1 19 -13 -78898
-23 -14 -24 -17 -63806
-23 17 -23 18 -45624
24 -2 23 -4 -52352
22 -19 -17 -14 -80618
-2 -24 -5 -24 -57328
12 -13 16 -15 -63476
19 18 19 17 -55770
23 -6 24 -5 -56958
0 5 1 4 -62582
-7 9 -6 9 -56388
-17 16 -16 16 -53286
-6 -8 -8 -7 -77994
-9 10 -10 8 -42868
19 22 18 22 -58234
-22 -2 -21 0 -65872
23 -1 24 -2 -61302
6 -24 5 -23 -61406
-16 1 -16 3 -64864
-24 14 -22 14 -59748
12 6 7 9 -66740
23 -21 21 -23 -55660
-12 18 -12 19 -44374
3 8 4 9 -52482
2 -15 0 -8 -89516
12 -22 10 -23 -51874
17 21 16 19 -57932
2 -10 3 15 -73634
-4 -4 -6 -3 -73634
7 -8 8 -10 -52308
17 -24 18 -22 -50106
23 -12 -11 3 -87400
-24 -10 -22 -9 -64978
-14 1 -14 -4 -73932
-5 -20 -8 -17 -70312
0 22 0 17 -65274
13 -12 12 -11 -62390
-21 -2 -17 -2 -65958
-16 -17 -15 -15 -57596
-10 -9 -10 -10 -57186
16 16 15 16 -65022
-23 2 -24 1 -62768
-4 -2 -10 9 -85354
-24 -11 -23 -10 -63320
-3 -12 -5 -10 -82344
13 -12 9 -11 -62216
12 24 11 23 -39164
18 14 19 16 -60656
-4 -23 -3 -24 -59226
13 -13 15 -9 -63768
-2 -7 0 -11 -85496
5 9 8 9 -46002
2 0 0 5 -73750
-22 23 -21 22 -61846
-5 -16 23 -15 -81724
-23 -21 -22 -18 -66412
11 3 11 1 -60572
15 -24 9 -24 -47336
-19 -5 -15 -5 -64046
11 -22 11 -21 -57170
0 -4 0 -6 -69712
23 1 19 0 -59454
24 -18 23 -21 -50026
-24 -15 -23 -18 -57610
-22 23 -21 24 -51832
-20 14 -18 12 -70328
-10 24 -10 23 -44150
-1 -9 -3 -9 -66306
-12 -24 -12 -21 -65998
-6 5 -8 2 -55012
-24 15 -16 15 -66282
-9 24 -14 24 -55816
-6 22 -3 19 -64922
3 13 -21 10 -75836
1 -4 -21 0 -89452
14 -5 14 -11 -62144
-17 -24 7 -5 -77646
9 7 11 7 -60310
14 9 13 9 -55826
-18 -9 -20 -8 -66298
23 -24 20 -23 -46952
8 -17 -11 -15 -85596
-21 1 -20 2 -69716
-24 -6 -22 -9 -62162
12 -4 11 -5 -56324
-14 -23 -11 -24 -56828
5 -2 5 0 -74036
-19 12 -18 12 -59916
-9 0 -7 0 -75338
22 7 24 8 -58520
-11 17 -11 13 -46518
12 -23 14 -24 -44374
5 -10 5 -12 -57112
24 22 -20 20 -67960
7 0 6 6 -64914
4 -20 4 -19 -55670
-15 22 -18 23 -47350
-23 -14 -24 -12 -59954
-4 -7 -3 -9 -83484
17 16 14 13 -63224
7 -23 8 -23 -47022
-24 14 -23 10 -71424
-16 -24 -18 -22 -74466
21 -5 19 -6 -49852
10 1 7 1 -60648
-14 -13 -14 7 -80256
0 -3 2 -2 -66018
23 -24 21 -23 -41782
2 -13 0 -9 -85310
-21 23 14 24 -57448
12 20 15 18 -55718
-3 -8 3 -4 -82034
-9 -13 -7 -16 -75630
-11 -18 -12 -18 -75362
-11 24 -16 22 -53746
10 -19 9 -23 -64836
23 7 23 5 -54088
5 -24 2 5 -75070
0 -22 1 -24 -62202
0 -9 2 -8 -67226
-7 -6 -8 -6 -75830
24 24 22 20 -67960
21 20 -23 20 -68544
23 -11 24 -16 -27064
20 -23 17 -21 -47432
7 -24 7 -23 -52954
-3 -11 0 -14 -89650
-16 -16 -12 -18 -75748
24 -20 -22 -24 -59698
-1 -24 0 -22 -64802
2 -23 3 -24 -59810
-9 16 -7 16 -54560
-21 -19 -21 -18 -63218
6 -2 0 -1 -66814
-12 23 -14 24 -52070
3 24 -1 20 -54924
21 7 -12 17 -73814
-4 14 -1 7 -66790
23 -22 23 -23 -40582
-20 -10 -20 -11 -61634
19 -8 21 -13 -59102
22 -12 24 -10 -42484
1 2 1 0 -67308
2 -6 0 -8 -74612
-23 5 -24 4 -58910
18 -13 15 -12 -54954
-22 -23 -24 -23 -63346
16 -22 17 -24 -42842
-24 -7 -1 -4 -80496
12 -2 10 -2 -65428
2 22 5 13 -66028
10 9 10 10 -49776
-23 0 -24 1 -50170
23 20 24 20 -44372
20 -3 18 -3 -51954
5 -6 2 -6 -62778
1 9 -1 9 -61416
21 18 20 17 -65036
-12 5 -14 8 -52126
4 0 4 2 -64418
-23 -14 -23 -12 -63520
-14 2 -13 2 -55684
19 12 20 11 -54998
-23 0 -23 1 -47950
-24 -14 -22 -14 -60178
-13 -3 -13 -6 -63384
11 0 9 0 -64416
-18 -14 -17 -15 -56278
-24 23 -23 23 -56302
-1 14 0 14 -65508
-3 -17 -4 -15 -64612
2 -18 1 -21 -59696
-8 23 -7 21 -53396
-12 24 -8 21 -56846
-3 -4 16 -20 -85758
-6 -14 -6 -12 -72290
18 23 19 24 -57666
-1 2 -2 3 -65302
2 -18 1 -18 -61368
-12 -3 -11 0 -71458
-7 -3 -8 -5 -74740
-3 -18 -24 -4 -89942
18 7 20 5 -63214
24 18 24 16 -54468
16 -17 16 -16 -35796
0 24 -2 23 -53080
14 -17 12 -17 -62766
-22 -23 -21 -22 -65316
24 11 23 12 -49866
5 12 5 9 -43050
-20 -6 -22 -3 -61256
-10 0 -10 -1 -63834
-6 -14 -8 -16 -67064
24 14 24 15 -54058
7 24 6 21 -43836
-14 -18 -14 -20 -62822
24 -10 22 -8 -47996
17 4 18 5 -56946
24 0 24 -1 -49778
-2 -23 -5 -24 -60234
-2 3 -3 1 -60612
17 -24 19 -24 -47062
-4 -24 -4 -23 -52988
10 -4 10 -7 -43306
-9 23 -8 23 -47598
-4 -14 -4 -12 -73464
17 10 16 10 -64544
-15 24 -15 23 -51048
11 3 11 5 -56096
7 23 9 24 -41450
17 -5 15 -18 -68700
5 -1 5 -2 -74234
18 24 22 24 -54050
-3 20 -2 19 -65562
6 -24 4 -24 -50422
-4 -13 -15 -16 -88702
-20 7 -17 11 -54512
24 -6 24 -8 -52452
-13 -22 -16 -24 -53030
-8 2 -8 4 -52298
-24 15 -23 16 -53494
0 -13 0 -12 -69544
-23 -3 -23 -4 -45810
23 22 22 -21 -64586
-23 24 -22 23 -57980
-3 20 -3 21 -58994
21 0 21 2 -48868
21 -17 19 -24 -66184
