24 7 24 6 -50194
0 -3 -1 -2 -66840
23 -18 22 -19 -48170
-4 4 -5 4 -63248
-8 -24 -7 -22 -46722
24 10 23 9 -50124
8 10 0 11 -86012
23 23 20 24 -59328
0 -15 -1 -14 -63248
-7 -2 -7 -3 -70372
3 10 4 24 -71750
6 7 2 6 -83652
0 -21 -2 -22 -61358
-23 -23 -22 -23 -66298
-4 -22 -22 -24 -56768
-16 -24 -20 -23 -53436
23 22 22 24 -60628
-10 -13 -12 -18 -65120
-17 -13 -16 -13 -62244
-24 4 -23 1 -49266
7 -11 8 -9 -39846
-23 21 -24 15 -56204
-9 1 -9 2 -67806
18 23 18 22 -66532
-23 -7 -23 -6 -53984
4 -5 4 -8 -52692
-11 13 -10 13 -61794
-17 2 -15 -1 -55006
24 6 21 7 -60230
16 24 17 24 -58266
-10 -8 -9 -7 -63718
-3 -3 -5 -5 -64326
1 -24 3 -22 -58024
-20 24 -23 24 -58140
23 19 24 20 -49214
23 12 24 13 -46834
-16 16 -12 15 -70904
-24 -24 -24 -22 -47492
18 -6 15 -6 -63238
-23 -5 -24 -5 -49962
-9 -10 -10 -12 -60454
-24 -17 -24 -14 -61802
5 17 3 -5 -88526
6 12 6 8 -72188
12 1 13 0 -69712
-16 -21 -17 -20 -59368
-21 -19 -24 -17 -58866
-10 4 -11 4 -52242
-19 -24 -19 -22 -53116
10 -21 14 20 -95594
15 18 15 16 -62516
21 -19 22 -23 -53444
6 24 7 23 -53040
15 18 17 1 -90208
12 3 12 0 -66410
12 10 12 7 -57366
-21 7 -18 4 -51876
-19 24 -19 23 -66712
12 0 13 9 -76178
19 -11 21 -10 -61786
4 2 5 2 -66774
21 -23 21 -21 -52458
6 23 5 22 -60304
-14 -21 -13 -18 -64880
22 10 20 9 -64364
18 -11 19 -11 -59732
14 -21 12 -5 -64418
24 -21 23 -14 -52160
17 -20 18 -19 -57074
-17 -23 -19 -24 -46218
24 18 22 21 -57136
-4 -12 -4 -14 -65758
-13 -21 -12 -24 -60436
17 21 17 23 -67850
-2 -16 -4 -17 -57030
10 -22 11 -24 -43910
9 -14 3 -14 -49618
-17 17 -17 15 -48742
16 -1 17 0 -54734
3 15 7 16 -61910
-1 10 0 9 -66860
-9 -16 -10 -18 -56592
-23 1 -23 9 -53824
22 13 23 13 -54490
22 -19 23 -19 -55594
-24 24 -24 19 -58822
13 22 11 24 -62980
3 24 3 23 -45370
-8 -9 -10 20 -83404
-10 18 -12 17 -75506
-11 -22 -6 -23 -63404
18 22 17 24 -60850
-23 -19 -22 -16 -66262
12 22 13 19 -62078
-22 6 -23 8 -48628
5 15 3 12 -65910
-23 21 -22 22 -59880
23 22 23 24 -50480
-6 -22 -5 -23 -60048
2 22 19 19 -74096
-7 -11 -6 -10 -55468
-6 -4 -5 -7 -72918
-9 17 23 12 -77908
10 12 9 9 -64832
-13 7 23 1 -81744
-10 23 -9 24 -64498
-15 -11 -15 -14 -54858
24 0 23 0 -55770
24 16 24 13 -59324
22 -19 22 -18 -46858
0 -24 1 -24 -42132
-24 -8 12 -9 -64302
-11 3 -9 4 -56868
-2 24 -3 23 -43332
-17 16 -14 13 -66262
-23 -24 -23 -22 -53322
-2 -19 -1 -19 -63390
10 22 8 8 -77234
5 4 6 2 -63422
16 19 21 1 -91580
18 2 19 1 -68820
14 19 11 -21 -94532
-17 15 -3 23 -86820
14 23 13 15 -72858
10 17 8 18 -56144
7 -23 8 -24 -47078
1 17 0 16 -53632
-16 -21 -14 -19 -62312
-23 11 -24 11 -57708
-20 24 -16 23 -46556
2 -12 1 -11 -59316
7 -15 6 -13 -56726
-13 21 -14 24 -66904
2 9 0 17 -77750
23 -5 24 -7 -50472
-17 18 -18 20 -58272
-11 -4 -10 -1 -70078
24 12 24 9 -44774
-14 -15 -11 -17 -60318
17 9 19 10 -56450
16 -4 15 0 -59560
-21 -24 -24 -24 -62856
13 -14 13 -13 -46502
19 19 17 19 -59364
-14 -24 -14 -22 -56106
-14 -12 -15 -11 -60198
6 24 5 24 -49776
-18 -8 -16 -11 -59978
-14 24 -15 22 -67618
5 -22 5 -23 -49856
23 -5 23 -3 -55544
-22 -11 -19 -10 -62076
-2 -6 -3 0 -81064
-23 -1 -23 -3 -44664
15 -22 14 -24 -40084
-3 1 -3 0 -65902
-15 -24 -17 -22 -54706
17 24 14 24 -62518
21 -5 22 -24 -58930
17 24 -3 -1 -86806
3 24 2 24 -51446
-23 7 -24 6 -58294
-24 -20 -24 12 -57890
9 -17 8 -16 -55320
-20 -12 -17 -9 -64668
-1 9 0 -1 -73934
-21 8 -22 7 -60944
24 9 -17 21 -73296
-8 23 -4 22 -48552
-24 -7 -24 -10 -50162
11 -17 11 -19 -45422
24 21 23 23 -57478
-21 24 -21 23 -65996
-1 -7 0 -9 -61576
-14 -13 -13 -12 -64754
-7 -24 -8 -22 -54574
1 -14 2 5 -78912
1 -12 1 -11 -57182
19 15 19 14 -59920
-22 23 -24 23 -64614
14 12 15 12 -54990
-21 14 -20 11 -60874
22 23 23 24 -51732
24 18 24 19 -47556
-9 13 -9 12 -66946
19 -24 22 -23 -56488
0 -16 0 -19 -44326
-24 14 -24 13 -49442
0 13 -7 12 -60840
-7 13 -6 12 -64334
-23 -4 -24 -5 -54348
-23 -8 2 -5 -65760
20 -8 20 -10 -50974
-23 9 -24 10 -52654
-12 12 -12 11 -56752
0 -11 0 -10 -55060
-23 -18 -22 -21 -60304
-19 -24 -22 -24 -54514
11 -24 13 -23 -50314
-15 10 -14 10 -59326
21 -16 19 -14 -50930
-19 -13 -19 -14 -58420
-6 -11 -5 -13 -67996
-21 -1 -18 -2 -61042
-24 -10 -24 -13 -53638
20 -13 19 -14 -57226
1 24 0 24 -48520
7 8 0 8 -91210
4 -19 5 -20 -51450
-23 16 -23 14 -51202
-6 12 -4 15 -63556
-5 16 -5 15 -55888
-20 -21 -20 -22 -61616
-24 -7 -23 -5 -57976
-2 -19 -2 -20 -46012
-11 2 -13 -1 -71132
11 2 13 3 -65394
-9 9 -8 17 -77260
-22 -14 -24 -15 -55492
21 -12 21 -14 -47844
14 -8 12 -8 -56046
18 -24 15 -24 -47252
22 -8 20 -9 -59016
0 -4 1 -5 -62468
7 14 8 15 -55024
10 1 8 2 -72558
-24 24 -24 22 -54492
0 -23 0 -22 -57242
-3 -15 -5 -7 -75988
-3 11 -4 12 -68664
-1 24 1 22 -50246
24 -1 23 0 -52988
1 15 1 18 -59734
3 -14 2 -14 -49826
21 -15 24 -16 -51164
24 8 24 7 -52554
1 2 2 -1 -70110
5 11 5 10 -69168
23 0 22 2 -57558
-13 6 -14 4 -56900
6 2 6 -3 -66604
4 7 2 8 -76156
14 19 11 17 -66464
12 4 10 5 -79944
-20 -16 -19 -16 -57036
13 24 15 24 -56846
-7 20 -7 18 -61074
-22 9 -22 11 -57890
17 -18 14 -17 -51384
24 -6 22 -8 -59544
-14 -18 -10 -17 -64834
-13 -10 -12 -9 -60768
-11 -6 -11 -7 -54506
-24 19 -23 18 -55140
2 -15 3 -16 -55854
0 3 -4 2 -63222
-8 -17 -5 -16 -58658
19 16 18 15 -65936
10 24 10 23 -57028
14 16 15 16 -63280
-21 -21 -20 -22 -61268
-1 16 0 13 -66358
-7 -24 -8 -24 -51190
-18 -8 -16 -7 -56040
-15 5 -15 0 -57354
23 3 24 5 -49092
-24 24 -23 0 -66584
-13 19 -11 16 -64270
-6 -18 -7 -20 -51716
24 -13 0 22 -82190
10 23 8 23 -52676
-4 24 -3 22 -52056
-6 6 -6 9 -61096
9 -16 8 -19 -45606
8 22 8 24 -65770
3 -11 -2 -12 -50602
21 0 24 0 -68588
18 23 12 17 -79408
-24 12 -23 13 -61100
-12 -22 11 -21 -61356
21 -24 24 -22 -57380
5 14 6 13 -64268
13 14 13 12 -56786
-5 23 -7 21 -66864
10 22 9 23 -62552
-23 -14 -24 -17 -62514
-23 17 -23 18 -49476
24 -2 23 -4 -58296
23 -13 24 -18 -53532
-2 -24 -5 -24 -52352
-4 -5 -3 -10 -66000
19 18 19 17 -58700
23 -6 24 -5 -57890
0 5 1 4 -58346
-7 9 -6 9 -53612
-17 16 -16 16 -58512
1 -3 0 -6 -63372
-9 10 -10 8 -62392
-22 8 -22 15 -69498
-22 -2 -21 0 -57992
0 8 0 10 -65380
-2 7 0 10 -60112
17 -1 18 -2 -64616
-24 14 -22 14 -58206
-13 -23 -9 -22 -57288
23 -21 21 -23 -60750
-12 18 -12 19 -61024
5 -14 5 -12 -50440
-6 23 -7 21 -71810
12 -22 10 -23 -50440
17 21 16 19 -65924
-16 21 24 20 -66128
-4 -4 -6 -3 -62658
18 0 19 6 -69954
17 -24 18 -22 -45812
-16 3 -18 2 -63364
-9 24 -15 20 -87078
2 -17 1 -18 -43564
-3 -2 24 2 -71346
1 -1 0 -3 -64756
-10 12 -12 11 -66996
-21 -2 -17 -2 -63984
-16 -17 -15 -15 -56246
5 1 15 0 -82646
-17 -2 -5 21 -89514
-23 2 -24 1 -57022
24 23 23 22 -50772
-24 -11 -23 -10 -51654
16 0 17 3 -64608
-17 4 -19 3 -64954
12 24 11 23 -50680
-9 5 19 0 -89752
-4 -23 -3 -24 -54706
-12 -4 -14 -3 -61718
4 4 2 3 -70684
5 9 8 9 -62868
-8 -6 -8 6 -89874
-22 23 -21 22 -72314
14 -4 15 -4 -60422
-23 -21 -22 -18 -63212
-9 3 -8 7 -62426
15 -24 9 -24 -50774
-7 -18 -9 -17 -61674
10 -19 12 -21 -52510
3 22 1 22 -55078
23 1 19 0 -68766
5 -23 4 -24 -49356
-24 -15 -23 -18 -58462
-22 23 -21 24 -55672
-20 14 -18 14 -60758
-10 24 -10 23 -57040
-1 -9 -3 -9 -50910
-12 -24 -12 -21 -60154
14 -3 14 -5 -53146
-10 24 -11 20 -75862
-9 24 -14 24 -67504
-6 22 -3 19 -58160
20 3 21 4 -61402
11 -13 8 -11 -51406
-21 -2 -24 -2 -56570
24 -2 24 -3 -51124
7 -15 7 -17 -50380
3 9 2 9 -73486
-18 -9 -20 -8 -61392
23 -24 20 -23 -55354
5 6 2 -1 -73516
-21 1 -20 2 -63822
-24 -6 -22 -9 -53660
12 -4 11 -5 -61264
-14 -23 -11 -24 -50640
-2 16 -2 20 -60324
-19 12 -18 12 -61440
-19 -5 -19 -9 -51638
11 2 10 -3 -65798
19 1 18 4 -73474
12 -23 14 -24 -47510
15 -5 6 -5 -67250
-2 14 -9 17 -64218
-10 -10 -14 -9 -67194
15 5 15 7 -63492
-15 22 -18 23 -51000
-23 -14 -24 -12 -59272
22 9 23 8 -60406
17 16 14 13 -71724
7 -23 8 -23 -44640
-2 -1 -3 -2 -64626
-21 22 -20 20 -67322
1 1 3 0 -64052
-24 10 -24 11 -53704
-1 8 -4 10 -71682
0 -3 -3 14 -92324
23 -24 21 -23 -49166
-11 -1 -15 -8 -73320
-21 23 14 24 -57164
12 20 15 18 -62816
-13 18 -13 20 -62454
5 22 5 21 -57018
-20 20 -19 23 -63880
-11 24 -16 22 -72656
15 -9 15 -11 -42090
-3 -16 -1 -17 -66366
-14 9 -13 10 -61862
0 -22 1 -24 -52228
-9 17 -11 16 -72968
-13 14 -14 12 -60718
-24 -24 -22 -20 -53462
-5 -8 -7 -5 -67606
23 -11 24 -16 -51944
20 -23 17 -21 -55600
7 -24 7 -23 -42662
7 3 8 -9 -72616
8 1 6 2 -71156
24 -20 -22 -24 -45422
-1 -24 0 -22 -59496
2 -23 3 -24 -45042
-15 -4 -16 0 -53072
-21 -19 -21 -18 -62694
10 11 11 9 -56982
-12 23 -14 24 -60740
14 14 14 16 -61582
24 -7 21 13 -71876
24 -6 24 -11 -51746
23 -22 23 -23 -41316
-20 -10 -20 -11 -56496
-7 10 -7 11 -66472
22 -12 24 -10 -49734
-9 11 -8 -3 -86440
1 6 -2 5 -56122
-23 5 -24 4 -58128
18 -13 15 -12 -59420
-22 -23 -24 -23 -61152
16 -22 17 -24 -43646
16 -10 17 -11 -57746
13 -7 14 -4 -59212
-6 -2 -5 -3 -67402
-8 -20 -10 -18 -61514
-23 0 -24 1 -47890
23 20 24 20 -49268
20 -3 18 -3 -60104
1 0 3 23 -82836
-9 -5 -9 -4 -69098
-9 -14 -9 -13 -57544
-12 5 -14 8 -52372
-9 -4 -10 -7 -73444
-23 -14 -23 -12 -62634
14 3 11 3 -73490
19 12 20 11 -53402
-23 0 -23 1 -48950
-24 -14 -22 -14 -53082
-10 -10 -21 11 -83574
-10 -6 -7 -5 -56058
-18 -14 -17 -15 -62438
-24 23 -23 23 -56970
-11 0 -15 -1 -66198
-3 -17 -4 -15 -57744
12 7 -9 7 -79894
-8 23 -7 21 -59700
-12 24 -8 21 -64316
21 21 20 21 -61250
-6 -14 -6 -12 -67644
18 23 19 24 -52192
22 11 18 6 -70584
-4 12 11 -22 -90936
-3 2 -2 -3 -78894
10 -3 10 -2 -54942
12 -4 19 18 -91346
9 -8 10 -7 -47664
24 18 24 16 -51040
16 -17 16 -16 -45748
0 24 -2 23 -46478
14 -17 12 -17 -49294
13 6 11 6 -69968
24 11 23 12 -50190
14 4 15 2 -73560
14 -7 13 -6 -51124
-10 0 -10 -1 -65760
8 4 7 6 -63302
24 14 24 15 -57344
7 24 6 21 -67636
-14 -18 -14 -20 -56584
24 -10 22 -8 -45696
-4 15 -3 9 -76354
24 0 24 -1 -45590
-2 -23 -5 -24 -53804
-2 3 -3 1 -61444
17 -24 19 -24 -51628
-4 -24 -4 -23 -46314
-24 -5 -24 24 -66544
-9 23 -8 23 -53350
15 -16 16 -15 -53802
19 -3 21 -6 -63430
-15 24 -15 23 -61170
-12 -6 -13 -6 -67938
7 23 9 24 -54690
7 7 6 2 -64332
4 7 4 11 -68970
18 24 22 24 -57090
9 8 12 4 -74428
6 -24 4 -24 -43092
3 -2 3 -3 -66598
17 9 19 2 -76372
24 -6 24 -8 -54228
-13 -22 -16 -24 -49352
-8 2 -8 4 -66936
-24 15 -23 16 -56508
-9 -15 -13 -14 -63464
-23 -3 -23 -4 -43450
-24 8 -19 9 -65788
-23 24 -22 23 -63104
-3 20 -3 21 -56916
8 -18 7 -18 -51670
-18 8 -17 8 -56662
