24 7 24 6 -52307
24 16 22 22 -65593
5 -12 7 -10 -60303
-24 12 24 16 -66195
-6 -8 -7 -7 -54931
13 23 16 24 -51325
22 -13 24 -13 -65463
23 23 20 24 -64047
-12 -17 -12 -21 -56435
-5 -10 -2 -10 -51623
-6 -9 -8 -10 -51679
-16 -12 -16 -10 -52687
13 21 13 22 -50029
-5 -14 -4 -4 -68783
24 -18 -17 -20 -72929
10 4 10 2 -52195
23 22 22 24 -61995
21 -15 21 -17 -51821
10 21 -13 18 -81407
-24 4 -23 1 -58433
24 2 -24 -3 -67091
11 -8 9 -9 -64441
9 -14 15 -14 -62077
-21 15 -24 17 -69401
-2 -8 -2 -1 -57255
17 24 20 24 -60171
20 7 24 6 -61981
-22 -21 -23 -23 -58809
20 15 18 17 -60751
16 24 17 24 -49023
-24 -11 -24 -14 -52885
20 21 22 23 -69317
12 -12 13 -14 -57551
-20 24 -23 24 -55617
24 -8 23 -11 -63741
17 -13 16 -16 -58773
0 24 -23 21 -69685
-24 -24 -24 -22 -44145
0 -24 -2 -21 -55141
-23 -5 -24 -5 -45211
23 7 -23 4 -70609
-10 12 -22 11 -78875
16 -4 16 -3 -50881
-2 4 -4 1 -62391
24 18 23 15 -65217
21 -16 24 -20 -56589
-13 15 -12 16 -61425
19 -24 21 -24 -58953
-6 5 -6 4 -64301
22 17 22 15 -60327
-2 -10 0 -12 -60609
-21 3 -21 6 -56033
-9 -5 -10 -5 -56747
24 -12 22 -16 -65935
11 -13 11 -10 -52863
-11 22 -13 22 -60231
-14 -22 17 -23 -78241
-19 24 -19 23 -58643
16 22 13 19 -56323
5 -20 4 -20 -48641
10 1 15 0 -51175
8 6 11 7 -45373
-5 -5 -6 -10 -60077
-3 -13 -3 -16 -58149
3 -9 3 -10 -60843
0 2 -21 -4 -73455
-8 15 -7 15 -63319
-14 6 -15 6 -66577
11 9 10 8 -49853
-17 -23 -19 -24 -49167
-22 -15 -21 -17 -51599
24 -12 24 -14 -66413
0 21 0 22 -66089
-9 -24 -12 -24 -61869
14 -24 11 -24 -55203
8 -24 8 -23 -47381
-14 6 -12 7 -64629
-17 17 -17 15 -53341
23 12 24 15 -61229
5 -1 4 -3 -52523
-11 -9 -12 -9 -68201
-14 24 -14 23 -62627
-22 -21 -2 -20 -69833
-3 -12 -1 -10 -57511
22 -19 23 -19 -69677
-24 24 -24 19 -57293
13 22 11 24 -45747
3 24 3 23 -63467
9 1 -12 2 -70201
19 19 17 18 -54615
1 -18 0 -19 -61887
-18 4 -21 2 -58089
-19 -5 -18 -5 -64609
7 14 6 14 -41915
5 -14 4 -15 -55095
-1 19 2 24 -78129
-23 21 -22 22 -57613
23 22 23 24 -52947
-13 20 -12 17 -62971
17 3 18 4 -61099
9 -10 11 -6 -56693
19 -24 21 -23 -55983
24 7 23 10 -62317
23 -5 24 -5 -66167
3 -13 2 -13 -47657
-10 23 -9 24 -52849
13 -2 14 -3 -50733
24 0 23 0 -58309
24 15 24 12 -61255
24 24 23 23 -54695
24 0 24 -4 -78537
-1 0 9 23 -88675
6 5 7 5 -43717
-2 24 -3 23 -66683
-3 -10 -3 -12 -58115
-23 -24 -23 -22 -48085
-15 -8 -16 -3 -53867
-6 -14 -7 -16 -60183
23 -13 23 -14 -65379
19 -14 20 -14 -64907
19 21 -20 17 -71127
-17 -12 -16 -12 -64093
8 22 9 24 -63341
22 -5 20 -5 -67249
11 18 13 15 -58731
-24 6 -23 3 -53459
-21 -5 -23 -1 -57157
8 -19 8 -21 -59729
-17 22 -18 22 -56035
-1 4 0 7 -60703
20 0 20 -1 -61883
12 18 12 19 -53693
0 0 -18 24 -87641
-14 2 -12 2 -67093
-20 -19 -5 -18 -77337
-17 18 -18 20 -58959
22 -14 24 -15 -66069
24 12 24 9 -52851
7 2 5 -16 -69875
23 -24 22 -23 -55397
1 -6 14 -4 -75325
-21 -24 -24 -24 -48257
-2 9 -2 8 -60915
8 -9 11 -12 -57205
-14 -24 -14 -22 -43109
8 9 7 17 -70923
15 10 16 11 -54531
23 -1 24 -6 -81073
-14 24 -15 22 -60019
6 -20 7 -23 -65149
4 5 4 4 -58733
8 -5 1 -8 -67667
8 10 8 8 -53543
-23 -1 -23 -3 -53805
15 -22 14 -24 -47709
15 -23 13 -22 -56795
-7 7 -8 5 -65087
-5 -23 -8 -24 -56505
21 -19 23 -18 -67123
16 -9 15 -7 -52421
3 24 2 24 -44997
-23 7 -24 6 -54223
-21 -2 -19 -2 -54625
2 9 1 9 -48425
23 24 24 16 -65355
-23 10 -24 13 -55899
-21 8 -22 7 -59705
21 -7 21 -8 -59859
-7 -23 -7 -24 -38231
-24 -7 -24 -10 -38841
0 24 -1 24 -50083
8 24 11 24 -48269
-21 24 -21 23 -58457
10 -19 14 -24 -58789
-5 -17 -5 -20 -62009
1 -9 1 -11 -60589
17 -22 15 -21 -58947
1 2 0 0 -62713
-24 -3 -23 -1 -51505
-20 2 -19 1 -60287
3 22 1 24 -54179
-20 22 -18 22 -62675
18 -7 17 -10 -49479
24 18 24 19 -55231
-9 13 -9 12 -61583
15 -17 14 -15 -60547
22 -22 22 -24 -58045
2 15 2 17 -62967
10 7 14 4 -56161
10 -10 9 -8 -51721
-23 -4 -24 -5 -47513
2 14 3 3 -75175
19 0 20 0 -64459
-23 9 -24 10 -52899
23 2 24 1 -59371
20 24 21 21 -65785
-23 -18 -22 -21 -45361
-19 -24 -22 -24 -50885
11 -24 13 -23 -53199
-14 -21 -12 -19 -56183
-14 -7 -16 -8 -62881
-11 -22 -11 -23 -45871
1 14 4 12 -55161
24 8 22 5 -58737
-24 -10 -24 -13 -53125
9 -1 10 8 -63133
-16 0 -13 -4 -66631
21 -17 20 -21 -57625
20 -11 16 -14 -58839
-23 16 -23 14 -58113
-21 0 -21 -1 -58499
-7 -16 -7 -14 -61299
20 23 18 24 -60443
-10 24 -10 7 -74797
6 -19 7 -21 -64801
0 0 -1 1 -69003
20 9 20 8 -58547
-10 -14 -10 -15 -59639
-22 -14 -24 -15 -56563
9 9 9 12 -53815
21 14 22 13 -63175
18 -24 15 -24 -54379
9 -10 10 -10 -58003
-3 8 -1 8 -54845
-19 -5 -17 -6 -67059
-10 5 -8 5 -59285
-24 24 -24 22 -50413
-24 18 -23 17 -69571
-6 15 -6 16 -56519
-12 8 -14 9 -68389
0 -19 -1 -23 -69721
24 -1 23 0 -64227
10 8 9 9 -48779
2 4 3 1 -60811
12 5 13 0 -55457
-21 14 -6 -22 -87485
13 13 12 11 -55181
2 -14 2 -15 -54025
21 23 23 24 -64065
0 17 -23 20 -76285
-12 -9 -13 -7 -56719
2 -16 2 -17 -59591
3 15 2 13 -55353
-17 -22 -18 -23 -51707
-19 6 -19 -6 -67953
4 23 8 23 -54219
12 20 -7 -4 -86973
13 21 12 21 -55493
18 2 19 0 -52167
-7 -19 -7 -18 -58719
18 2 18 4 -48471
-11 3 -11 -3 -52365
-21 -4 -9 -5 -80973
-24 19 -23 18 -69661
-14 1 -15 1 -64319
17 8 18 8 -49771
-1 14 -2 17 -63659
18 0 17 -2 -62633
10 24 10 23 -46161
6 -19 7 -18 -56839
-21 -21 -20 -22 -55719
-14 -18 -14 -18 -237857
-7 -24 -8 -24 -61971
2 -2 3 -3 -42167
-14 -9 -15 -11 -61325
1 9 1 11 -53837
6 -4 4 -5 -58429
-6 24 -2 23 -61313
-10 23 -10 21 -63519
2 -23 2 -24 -52811
12 -13 14 -10 -59403
-4 24 -3 22 -55183
-6 8 -4 8 -64025
1 4 2 4 -53709
14 18 16 -24 -70243
23 -10 24 -13 -59387
-1 -1 -2 -1 -63689
6 22 10 23 -66743
-24 12 -23 13 -61959
-7 3 -7 1 -58851
18 -13 17 -12 -56019
1 24 1 23 -63605
-3 19 -1 18 -65175
23 -11 24 -10 -66589
0 20 -1 18 -65613
-23 -14 -24 -17 -46181
-23 17 -23 18 -57091
-11 -14 -7 -13 -59483
6 24 6 23 -55343
-2 -24 -5 -24 -49367
11 -4 12 -4 -51973
5 -8 4 -10 -62791
23 -6 24 -5 -70147
-9 4 -10 2 -56191
-19 -7 -18 -11 -55065
-17 16 -16 16 -60951
23 -7 24 -7 -65013
-12 -7 -10 -9 -66399
2 20 3 -4 -82123
-6 7 -7 8 -77775
-15 8 -4 4 -83621
1 18 -2 19 -61629
-12 9 -12 8 -60375
-24 14 -22 14 -67931
-9 24 -7 23 -64341
-3 18 -4 17 -57511
-12 18 -12 19 -58817
2 -4 -1 -6 -53921
-6 23 -7 21 -58497
-13 -21 -15 -24 -48619
-5 9 -3 11 -61297
24 10 24 5 -62835
-9 2 -6 12 -80001
9 19 9 20 -53335
17 -24 18 -22 -53155
0 13 -6 14 -67269
16 5 17 7 -56691
-8 9 -6 8 -78789
0 0 -5 -3 -65365
24 0 23 -2 -65259
-9 19 -10 16 -63115
-16 -21 -15 -22 -50821
20 12 22 13 -53565
10 24 -16 24 -72989
-11 1 -12 0 -53045
13 10 15 8 -51601
24 23 23 22 -63141
-24 -11 -23 -10 -54297
-21 23 -18 24 -62467
13 12 14 12 -47287
12 24 11 23 -53907
-13 13 -13 -16 -75855
11 -6 19 -9 -56627
-21 11 -18 10 -65827
23 15 23 14 -62843
-12 -11 -8 -14 -65641
-2 23 -1 24 -68533
-2 -1 -2 0 -56199
-12 12 -12 13 -55713
-14 -17 -12 -21 -60847
-8 5 -6 3 -71829
2 9 5 7 -54665
-4 -2 -3 -2 -59595
-24 -9 -22 -11 -48975
-24 -8 -23 -7 -50245
23 17 24 17 -57117
-17 -21 -21 -19 -63979
-20 15 -21 10 -69763
-22 23 -21 24 -59357
-17 10 -17 9 -52441
-10 24 -10 23 -57343
20 2 18 1 -71547
-23 18 -24 21 -64979
-17 -14 -18 -17 -52189
-7 -24 -9 -23 -62149
24 5 22 1 -57117
0 0 0 -6 -53427
-2 1 2 -1 -66477
14 7 14 6 -46735
-16 21 -14 20 -61547
24 -2 24 -3 -75511
-12 -21 -9 -20 -64839
0 -12 2 -13 -54653
-21 -14 -22 -14 -60047
23 -24 20 -23 -66063
3 -1 12 -5 -66023
-17 -16 -13 -16 -60201
9 -24 7 -24 -49779
-22 14 -21 14 -70347
-1 18 -1 17 -59577
4 -17 4 -16 -56933
10 17 11 17 -49541
-8 -23 18 -22 -74455
-1 -24 -1 -22 -59341
-10 16 -11 15 -62383
22 -3 24 -5 -69345
24 2 24 1 -49329
13 20 15 19 -59867
24 -6 22 13 -68013
9 -23 8 -13 -65841
-15 9 -23 9 -76351
-7 -1 -6 -3 -56747
-3 9 -1 -17 -75287
24 -4 24 -5 -72619
9 0 10 -3 -48445
2 -21 2 -19 -59651
-24 22 -23 20 -64005
1 15 2 13 -60183
-24 10 -24 11 -50425
19 19 19 21 -56507
17 -24 2 -24 -65559
23 -24 21 -23 -65335
-14 -3 -15 -6 -49427
20 4 19 4 -63173
-6 9 -7 12 -66797
-23 16 -21 18 -72907
-1 3 -2 4 -59627
24 11 23 11 -49215
11 -11 11 -19 -58491
-5 24 -3 24 -58295
-2 -18 -1 -19 -54985
-10 -4 -12 -7 -54171
-9 -24 -14 -24 -61159
-8 -1 -7 -7 -55249
0 -14 -2 -16 -63787
-24 -24 -22 -20 -57177
0 1 0 0 -66379
24 -16 23 -16 -60251
-13 -20 3 -19 -77257
7 -24 7 -23 -49651
21 -4 20 -7 -71299
-21 10 -21 11 -58805
24 -20 -22 -24 -58757
-1 -24 0 -22 -62213
1 22 3 24 -65141
-8 13 -10 14 -64453
-21 -19 -21 -18 -41801
24 19 22 17 -67599
-12 23 -14 24 -59089
20 10 20 11 -56825
21 4 24 5 -60775
4 -24 2 -24 -47433
23 -22 23 -23 -56043
-14 -11 -11 -12 -69867
-5 -11 -6 -10 -55967
-23 4 -24 4 -50249
1 9 0 7 -61173
-1 -24 0 -24 -51799
-23 5 -24 4 -52893
20 23 21 22 -69681
-22 -23 -24 -23 -45655
16 -22 17 -24 -47845
-9 13 -6 11 -75801
1 -21 23 -5 -72839
-1 19 -1 21 -64005
9 19 9 16 -60015
-23 0 -24 1 -57333
23 20 24 20 -56749
19 -13 20 -13 -64473
8 22 7 22 -59979
-16 24 -12 24 -54641
-9 9 -9 20 -78139
-24 12 -22 -17 -64697
-11 -17 -11 -18 -54129
-5 -18 -4 -24 -64235
-21 17 -19 19 -66733
24 -20 23 -22 -52787
-23 0 -23 1 -55071
-24 -14 -22 -14 -55051
16 -19 17 -19 -57597
6 -17 11 -16 -56715
6 0 6 -1 -47743
-9 6 -9 10 -70485
15 -16 12 -13 -65077
-13 3 -13 8 -60083
23 -3 17 -6 -75089
-8 23 -7 21 -60529
-10 -3 -12 0 -61389
-2 -22 -4 -24 -55383
-13 -10 -12 -9 -63041
18 23 19 24 -55407
-9 -22 7 -24 -68973
24 -11 24 -12 -61489
20 -23 20 -24 -52649
-17 -11 -21 -12 -60903
-13 -14 -12 -12 -65767
-23 17 -24 14 -67379
1 -16 0 -16 -58587
16 -17 16 -16 -55605
-7 24 -9 24 -64765
4 0 5 2 -64971
20 15 19 15 -56651
24 11 23 12 -57989
24 -20 24 -21 -44687
-17 -9 -16 -9 -67937
-23 -5 -23 -4 -40969
17 -19 17 -20 -49789
-12 -24 -14 -22 -50401
-14 13 6 15 -80855
8 23 6 21 -67767
7 -22 8 -22 -56553
4 -22 3 -23 -53719
17 12 17 14 -45975
-2 -7 0 -9 -55489
-22 -14 -22 -17 -50877
17 -24 19 -24 -54415
24 -1 24 -21 -62275
10 1 9 0 -48527
-9 23 -8 23 -65851
-8 18 -7 -3 -86701
-18 9 -16 8 -61045
-15 24 -15 23 -63189
24 -4 24 -7 -71057
-15 15 -11 14 -61881
-17 14 -19 11 -66639
-5 -24 -7 -23 -59605
14 -4 14 -1 -51185
-14 -13 -14 -14 -55691
-20 23 -18 -2 -70267
-21 -21 -20 -20 -53613
2 -24 0 -24 -50477
24 -6 24 -8 -59063
8 13 8 17 -68851
-20 6 -22 6 -63779
-24 15 -23 16 -68255
-20 -12 -20 -13 -55771
3 18 5 20 -62797
-12 -18 -24 -13 -72463
-23 24 -22 23 -51073
15 -19 14 -20 -54141
6 14 6 16 -67639
-17 5 -17 6 -52519
