24 7 24 6 -43200
24 16 22 22 -63084
-11 20 -11 18 -69378
-24 12 24 16 -65326
2 0 0 -6 -64888
13 23 16 24 -48850
17 11 -17 10 -85674
23 23 20 24 -53312
-12 -17 -12 -21 -52512
12 -9 -15 0 -86368
7 -10 5 -12 -65924
-16 -12 -16 -10 -74582
13 21 13 22 -55716
-12 -7 -13 1 -68080
-13 -14 -12 -10 -86876
10 4 10 2 -45526
23 22 22 24 -54000
-12 -15 -13 -2 -82226
0 -6 0 -8 -59402
-24 4 -23 1 -57596
-2 -12 -3 -11 -62046
-6 0 -6 -1 -56336
0 17 -15 -4 -82760
-21 15 -24 17 -64918
-17 -8 -17 -12 -74360
17 24 20 24 -53916
-10 -3 -10 -3 -237894
-22 -21 -23 -23 -73234
-4 -2 1 -3 -77444
16 24 17 24 -45420
-24 -11 -24 -14 -59458
20 21 22 23 -69398
12 -12 13 -14 -59504
-20 24 -23 24 -52856
23 -3 23 -2 -49028
15 16 14 15 -47862
0 24 -23 21 -59050
-24 -24 -24 -22 -67928
-5 -22 -8 -20 -56884
-23 -5 -24 -5 -60568
-18 -5 -21 -3 -71740
3 -22 7 -22 -58682
16 -4 16 -3 -65112
-8 -13 -8 -16 -62036
24 18 23 15 -61954
-16 -3 -18 -6 -63782
-13 15 -12 16 -61262
19 -24 21 -24 -56002
13 5 -12 -16 -89308
22 17 22 15 -58182
5 6 8 8 -64826
-21 3 -21 6 -62038
13 22 14 20 -60864
20 -15 18 -14 -47846
11 -23 10 10 -71220
-11 22 -13 22 -57590
13 -7 14 -8 -62184
-19 24 -19 23 -59432
16 22 13 19 -58372
5 -18 3 -19 -60988
-22 -15 -23 -12 -62310
8 6 11 7 -65604
17 9 19 8 -54504
9 -13 11 -14 -48810
11 12 9 6 -73316
-20 -7 -21 -6 -72100
-8 15 -7 15 -57550
-14 6 -15 6 -70000
11 9 10 8 -65334
-17 -23 -19 -24 -55728
-21 12 -22 10 -71214
-7 -22 9 -23 -70234
0 21 0 22 -62668
-9 -24 -12 -24 -55938
8 -4 11 -8 -67052
8 -24 8 -23 -52626
-14 6 -12 7 -66706
-17 17 -17 15 -51122
23 -11 24 -10 -47670
-23 -22 4 -23 -54238
-11 -9 -12 -9 -58162
-14 24 -14 23 -65186
-8 -10 -10 -13 -70048
-3 -12 -1 -10 -78460
22 -19 23 -19 -58642
-24 24 -24 19 -55678
13 22 11 24 -63048
3 24 3 23 -59842
23 -17 24 -20 -58482
19 19 17 18 -56006
7 0 10 -2 -56516
4 -4 3 -8 -58618
-19 14 -18 15 -60656
14 18 16 16 -50248
3 6 4 8 -56906
-23 -2 -24 -2 -58116
-23 21 -22 22 -52468
23 22 23 24 -50700
-13 20 -12 17 -67492
-4 -6 -3 -10 -56672
21 -13 1 -18 -68252
19 -24 21 -23 -55372
24 7 23 10 -53728
23 -5 24 -5 -62410
17 13 17 11 -57376
-10 23 -9 24 -56852
19 -20 22 -19 -58998
24 0 23 0 -53790
24 15 24 12 -56540
24 24 23 23 -55690
1 -10 -1 -13 -81056
5 -12 4 -10 -65590
6 5 7 5 -57274
-2 24 -3 23 -64034
22 -24 21 20 -60406
-23 -24 -23 -22 -69792
3 -15 9 -17 -63620
3 -18 3 -19 -61548
23 -13 23 -14 -39134
24 -17 24 -19 -47914
20 -1 17 -3 -59424
-17 -12 -16 -12 -63040
8 22 9 24 -50254
22 -5 20 -5 -49972
11 18 13 15 -57744
-24 6 -23 3 -58632
19 10 18 10 -51508
-11 -6 -12 -11 -63512
-17 22 -18 22 -52062
-1 4 0 7 -53038
20 0 20 -1 -66218
12 18 12 19 -48132
14 -2 -5 -10 -83124
1 -8 0 -10 -71292
5 8 12 4 -57266
-17 18 -18 20 -55378
22 -14 24 -15 -51224
24 12 24 9 -49448
-12 -9 -14 -14 -91414
23 -24 22 -23 -47218
-15 -19 -14 -19 -62070
-21 -24 -24 -24 -55054
-2 9 -2 8 -51046
16 -10 16 -11 -42764
-14 -24 -14 -22 -49300
17 7 12 6 -53512
15 10 16 11 -52284
6 2 -21 -3 -92704
-14 24 -15 22 -63056
6 -20 7 -23 -57170
22 -16 21 -17 -51018
-11 7 -10 5 -50428
14 -6 19 -6 -44994
-23 -1 -23 -3 -56972
15 -22 14 -24 -48362
15 -23 13 -22 -35252
-7 7 -8 5 -54862
4 -13 5 -9 -75702
-22 -20 -24 -13 -57046
-2 -16 -2 -18 -68416
3 24 2 24 -50140
-23 7 -24 6 -61866
-21 -2 -19 -2 -63098
2 9 1 9 -45716
23 24 24 16 -63838
-23 10 -24 13 -57250
-21 8 -22 7 -64054
7 22 -7 21 -73982
-7 -23 -7 -24 -51372
-24 -7 -24 -10 -55150
0 24 -1 24 -52818
8 24 11 24 -42714
-21 24 -21 23 -59548
21 -19 19 -22 -60362
-15 -18 -19 -22 -71088
-1 0 -4 -1 -79542
17 -22 15 -21 -45196
1 2 0 0 -60026
-24 -3 -23 -1 -63514
-20 2 -19 1 -57978
3 22 1 24 -59084
-20 22 -18 22 -59678
-4 -18 -5 -23 -78848
24 18 24 19 -55090
-9 13 -9 12 -59224
15 -17 14 -15 -53672
22 -22 22 -24 -59028
2 15 2 17 -60622
7 -15 6 -18 -60416
23 -8 -2 -9 -65498
-23 -4 -24 -5 -68290
7 -14 8 -17 -57492
14 -10 14 -14 -55908
-23 9 -24 10 -52792
23 2 24 1 -55848
20 24 21 21 -57306
-23 -18 -22 -21 -66028
-19 -24 -22 -24 -53140
2 2 2 1 -59566
-14 -21 -12 -19 -65192
7 2 -23 -3 -89900
-11 -22 -11 -23 -60376
-23 14 -21 0 -71200
1 -22 0 0 -68800
-24 -10 -24 -13 -60288
-17 -7 -16 -8 -63368
-6 -24 -6 -21 -67840
24 -14 24 -17 -40932
-21 -4 -21 -2 -63524
-23 16 -23 14 -53882
-20 7 1 -3 -86488
-4 -14 -5 -16 -71774
20 23 18 24 -52508
8 -2 8 -3 -52758
-23 3 -22 -17 -76912
8 -1 11 0 -57694
20 9 20 8 -52402
-7 23 -7 22 -68534
-22 -14 -24 -15 -65190
9 9 9 12 -61028
21 14 22 13 -61800
18 -24 15 -24 -44782
13 -4 13 -5 -57862
-3 8 -1 8 -56354
-7 -17 -11 -17 -60598
-10 5 -8 5 -58078
-24 24 -24 22 -49640
-24 18 -23 17 -70016
-6 15 -6 16 -65760
12 8 -23 -1 -87458
12 -1 12 -3 -57804
24 -1 23 0 -61008
6 -1 6 -5 -56086
2 -9 -1 -12 -81000
0 -20 1 -22 -61310
-19 24 -8 -10 -82554
13 13 12 11 -54780
18 -15 16 -13 -52256
21 23 23 24 -62124
11 12 11 -4 -71290
-12 -9 -13 -7 -59818
13 3 11 3 -52974
3 15 2 13 -59854
-17 -22 -18 -23 -64706
22 4 21 3 -61072
-15 -10 -17 -14 -80436
12 -18 12 -23 -57836
17 7 -19 -9 -86114
-7 7 -6 5 -58628
24 -19 23 -18 -55858
18 2 18 4 -53404
-8 -15 -14 -19 -74546
5 1 5 3 -54080
-24 19 -23 18 -70152
-14 1 -15 1 -66578
0 -2 4 -2 -60844
-1 14 -2 17 -65938
18 0 17 -2 -70880
10 24 10 23 -50552
14 -7 12 -6 -58314
-21 -21 -20 -22 -59512
-6 -5 -7 -1 -63406
-20 -15 -23 -18 -68390
2 -2 3 -3 -56098
-12 12 -11 9 -62860
1 9 1 11 -53636
20 0 18 6 -56014
-6 24 -2 23 -57610
-10 23 -10 21 -70796
2 -23 2 -24 -49042
-2 -10 -1 -13 -64026
-4 24 -3 22 -56760
-6 8 -4 8 -58584
1 4 2 4 -51220
-9 12 -6 14 -64348
3 22 8 18 -59458
5 -13 4 -15 -65172
-19 -5 -19 -6 -66860
-24 12 -23 13 -62596
-7 3 -7 1 -52934
18 -13 -20 8 -89930
1 24 1 23 -59682
-3 19 -1 18 -59158
-14 -14 -12 -19 -55680
0 20 -1 18 -62230
-23 -14 -24 -17 -49232
-23 17 -23 18 -51208
-11 -14 -7 -13 -66066
6 24 6 23 -54140
-2 -24 -5 -24 -42152
-4 16 -4 8 -67096
-4 -5 -7 -6 -60924
23 -6 24 -5 -53214
-9 4 -10 2 -52696
-20 -8 -23 -8 -70394
-17 16 -16 16 -56600
23 -7 24 -7 -58972
-16 3 -15 3 -69870
-1 4 -2 8 -63296
7 -20 7 -19 -56468
10 -9 10 -15 -64778
-23 -3 -24 -10 -72662
-12 9 -12 8 -50216
-24 14 -22 14 -57798
13 -9 9 -3 -74022
-3 18 -4 17 -59386
-12 18 -12 19 -67918
2 -4 -1 -6 -69416
-6 23 -7 21 -65838
-13 -21 -15 -24 -62142
-2 -19 -4 -14 -69718
24 10 24 5 -52336
-14 -11 -15 -15 -77498
9 19 9 20 -49584
17 -24 18 -22 -53322
0 13 -6 14 -59888
16 5 17 7 -54072
4 7 5 -13 -68356
12 -19 10 -24 -57800
24 0 23 -2 -54654
-9 19 -10 16 -69070
-16 -21 -15 -22 -53476
20 12 22 13 -54100
3 13 2 11 -54048
-11 1 -12 0 -53652
13 10 15 8 -48966
24 23 23 22 -63540
-24 -11 -23 -10 -56228
-21 23 -18 24 -58912
-4 -9 -5 -19 -76720
12 24 11 23 -50648
-21 -19 -23 -19 -66742
8 16 -1 17 -65560
-21 11 -18 10 -52490
23 15 23 14 -58554
24 14 22 10 -56274
-2 23 -1 24 -63824
6 -14 2 -11 -69996
-12 12 -12 13 -56404
-14 -21 -17 -21 -60974
-2 4 -4 2 -64016
2 9 5 7 -56510
-15 0 -15 -1 -44758
-24 -9 -22 -11 -66564
-24 -8 -23 -7 -62496
23 17 24 17 -55312
-15 3 -12 -22 -80332
1 -22 -1 -24 -60932
-22 23 -21 24 -56650
-17 10 -17 9 -56870
-10 24 -10 23 -62730
-24 -24 -24 -23 -59592
-23 18 -24 21 -64616
-21 -12 -22 -11 -73830
20 17 -18 15 -81242
24 5 22 1 -60788
23 -22 0 -24 -54958
-12 -8 -14 -24 -75722
14 7 14 6 -50196
-16 21 -14 20 -57358
24 -8 23 -6 -42490
-12 -21 -9 -20 -63858
17 0 17 -3 -71688
-17 15 -17 10 -62300
-3 -19 -3 -23 -76798
-21 -21 -23 -17 -70250
7 -11 7 -9 -59406
9 -24 7 -24 -53958
-2 -14 0 -12 -72354
-1 18 -1 17 -61748
-8 3 -7 3 -62638
10 17 11 17 -46984
-16 -17 -17 -16 -58412
-1 -24 -1 -22 -56858
-10 16 -11 15 -63010
22 -3 24 -5 -57264
24 2 24 1 -50502
10 24 12 22 -62250
-10 -14 -14 -13 -62554
9 -23 8 -24 -54222
11 5 10 4 -63594
-7 -1 -6 -3 -65814
-2 -9 -5 -11 -71318
-2 22 4 21 -67606
7 24 16 24 -56530
2 -21 2 -19 -65674
-24 22 -23 20 -63834
1 15 2 13 -58570
-24 10 -24 11 -55694
19 19 19 21 -56150
-9 -3 -16 -7 -65110
23 -24 21 -23 -50456
21 3 21 -1 -66462
14 -6 15 -5 -46916
-6 9 -7 12 -55388
19 -4 19 -6 -59138
-1 3 -2 4 -58914
24 11 23 11 -43968
0 -2 -2 -2 -75312
-5 24 -3 24 -55478
-3 -12 -7 -12 -56082
19 0 15 -1 -50766
-9 -24 -14 -24 -59174
18 -10 20 0 -73880
0 -17 -2 -19 -67524
-24 -24 -22 -20 -70698
0 1 0 0 -60002
24 -16 23 -16 -52716
-18 1 -16 1 -65392
7 -24 7 -23 -53682
-21 -5 -21 -8 -72774
-21 10 -21 11 -65936
24 -20 -22 -24 -52528
-21 18 19 -16 -84298
1 22 3 24 -60616
-8 13 -10 14 -58384
-21 -19 -21 -18 -54994
24 19 22 17 -66592
-12 23 -14 24 -55686
9 -4 -6 -5 -82750
21 4 24 5 -52600
4 -24 2 -24 -51308
23 -22 23 -23 -57400
8 11 8 8 -62434
15 -6 16 -10 -51828
-23 4 -24 4 -53724
-10 -10 -9 9 -74068
-1 -24 0 -24 -51766
-23 5 -24 4 -59714
-2 -1 -3 -2 -75086
-22 -23 -24 -23 -53460
16 -22 17 -24 -45364
3 -14 2 -13 -63832
-7 -8 -6 -10 -53264
-1 19 -1 21 -62084
-13 0 -13 0 -237894
-23 0 -24 1 -58024
23 20 24 20 -53978
-9 -22 -9 -21 -64404
-7 -11 -11 -23 -78718
-16 24 -12 24 -52786
-9 9 -14 8 -65546
-24 12 -22 -17 -70546
-17 9 -14 11 -67384
-4 -18 -4 -19 -69254
-21 17 -19 19 -59566
24 -20 23 -22 -51514
-23 0 -23 1 -47034
-24 -14 -22 -14 -62842
-21 6 -22 4 -67476
10 18 4 18 -51484
8 -4 -1 21 -84198
-3 12 -4 11 -60162
-2 -2 -3 0 -60752
8 -23 10 -23 -54096
15 22 -13 20 -67840
-8 23 -7 21 -62080
1 -10 3 -11 -57944
-2 -22 -4 -24 -57970
-22 -21 -22 -22 -69300
18 23 19 24 -54286
-12 13 -14 15 -66412
24 -11 24 -12 -29916
20 -23 20 -24 -52234
-17 -11 -21 -12 -61428
4 12 6 8 -62032
-23 17 -24 14 -59790
-6 17 -6 16 -64990
16 -17 16 -16 -50164
-7 24 -9 24 -53016
-4 0 -2 2 -75980
20 15 19 15 -55176
24 11 23 12 -53120
24 -20 24 -21 -51516
-17 -9 -16 -9 -64430
-23 -5 -23 -4 -63956
17 -19 17 -20 -49192
-12 -24 -14 -22 -52084
0 16 24 10 -66518
11 -19 11 -16 -57644
0 -16 -2 -15 -59464
4 -22 3 -23 -59284
17 12 17 14 -55320
-1 -12 -7 -19 -84340
24 -14 23 -15 -47830
17 -24 19 -24 -51168
-8 -8 -12 1 -80726
10 1 9 0 -58574
-9 23 -8 23 -55554
14 -9 -10 -15 -86624
-18 9 -16 8 -58562
-15 24 -15 23 -64622
-9 -4 -10 -5 -52194
-15 15 -11 14 -67028
-17 -4 -19 -5 -63124
-5 -24 -7 -23 -45922
-5 0 -5 0 -237894
8 -22 10 -23 -51044
0 -15 15 -10 -81958
-21 -21 -20 -20 -67458
2 -24 0 -24 -51716
24 -6 24 -8 -34378
8 13 8 17 -55404
-20 6 -22 6 -57940
-24 15 -23 16 -59846
-9 0 -11 2 -57650
3 18 5 20 -57034
11 -13 10 -17 -60784
-23 24 -22 23 -51404
3 0 6 -1 -57512
6 14 6 16 -57682
-17 5 -17 6 -48204
