24 7 24 6 -50520
24 16 22 22 -64732
5 18 4 18 -49172
-24 12 24 16 -65312
3 -5 3 -8 -51148
13 23 16 24 -50296
20 -11 22 -12 -42040
23 23 20 24 -54050
-12 -17 -12 -21 -67412
-18 14 -18 15 -102900
5 2 5 0 -60238
4 12 9 9 -58746
13 21 13 22 -57350
11 -9 8 -10 -41216
-10 -4 -8 -5 -64404
19 17 17 17 -65108
23 22 22 24 -54856
6 -2 5 -1 -64334
9 -2 12 -2 -57318
-24 4 -23 1 -96220
23 -8 21 -10 -55970
-6 0 -6 -1 -74284
-24 -12 -24 0 -72002
-21 15 -24 17 -65268
-6 -2 -5 -5 -59998
17 24 20 24 -62178
-20 -3 -19 -3 -68994
24 0 24 -5 -34430
-22 -10 -21 -11 -69932
16 24 17 24 -51894
-24 -11 -24 -14 -48158
20 21 22 23 -68382
-12 12 -13 14 -95658
-20 24 -23 24 -65008
1 2 0 1 -58484
15 16 14 15 -52178
-16 0 -5 -18 -90168
-24 -24 -24 -22 -53366
3 -15 1 -19 -56094
-23 -5 -24 -5 -63578
-12 -7 -10 -6 -72824
-21 11 -21 15 -97844
16 -4 16 -3 -43476
0 12 0 15 -67174
-4 -7 -5 -6 -58524
-17 12 -16 13 -96550
-13 15 -12 16 -93090
19 -24 21 -24 -41896
13 -17 8 -16 -51630
22 17 22 15 -54018
-22 -17 -24 -14 -50860
-21 3 -21 6 -97900
13 22 14 20 -63848
-16 18 -15 22 -73936
18 11 17 10 -50428
-11 22 -13 22 -67382
14 -10 13 -9 -37406
-19 24 -19 23 -64996
-7 -16 -3 -13 -55100
5 -18 3 -19 -54704
-22 -15 -23 -12 -56652
24 20 24 -1 -60110
10 16 9 4 -65858
9 -13 11 -14 -46062
12 15 14 14 -53240
-18 0 -15 -1 -64144
11 -18 12 -17 -45718
-14 6 -15 6 -58892
-6 2 -6 -2 -76040
-17 -23 -19 -24 -53544
4 -11 4 -14 -53032
3 1 2 0 -64394
0 21 0 22 -66698
-9 -24 -12 -24 -45836
-10 16 -9 11 -96700
8 -24 8 -23 -55620
19 2 19 -4 -48738
17 -6 19 -4 -48986
23 -11 24 -10 -50324
13 -22 13 -23 -54178
-12 -19 -11 -23 -69584
-14 24 -14 23 -70882
-9 9 -10 7 -60850
-13 -9 -14 24 -95700
22 -19 23 -19 -58318
-24 24 -24 19 -62310
13 22 11 24 -64300
3 24 3 23 -64910
23 -17 24 -20 -53786
19 19 17 18 -69982
-13 11 -11 8 -79260
-9 -10 -12 -10 -64350
-19 14 -18 15 -109190
14 18 16 16 -56710
-24 3 -24 12 -75388
-23 -2 -24 -2 -73098
-23 21 -22 22 -63916
23 22 23 24 -52808
17 5 10 5 -53164
8 4 10 -4 -64024
9 -15 10 -17 -41336
-19 24 -21 23 -90468
24 7 23 10 -51110
-23 5 -24 5 -99814
17 13 17 11 -51652
-10 23 -9 24 -60200
-10 -9 -12 -12 -65292
24 0 23 0 -35800
24 15 24 12 -52784
24 24 23 23 -52468
7 0 7 -1 -64640
5 -9 1 -9 -59718
-2 -24 -6 -21 -58492
-2 24 -3 23 -64508
7 21 6 11 -72060
-23 -24 -23 -22 -55016
6 4 2 7 -57550
24 -6 24 -12 -43130
23 -13 23 -14 -28548
24 -17 24 -19 -40348
-14 13 -14 14 -107468
8 -15 -15 -19 -64850
8 22 9 24 -58290
22 -5 20 -5 -37952
11 18 13 15 -60778
-24 6 -23 3 -96426
19 10 18 10 -45788
2 -17 0 -21 -57718
-17 22 -18 22 -93748
-8 -21 -9 -23 -61466
21 20 19 18 -67616
12 18 12 19 -57964
-2 -13 -2 -14 -56422
1 -8 0 -10 -60136
-6 -16 -4 -19 -59364
-17 18 -18 20 -75210
22 -14 24 -15 -56816
-15 8 -18 14 -98348
5 5 8 5 -55398
23 -24 22 -23 -48026
-24 16 0 9 -82990
-21 -24 -24 -24 -50430
-2 9 -2 8 -56806
-13 11 -11 17 -111630
-14 -24 -14 -22 -51432
-8 -6 -8 -10 -65442
3 18 2 17 -65222
-15 3 -14 0 -72196
-14 24 -15 22 -72806
6 -20 7 -23 -55600
22 -16 21 -17 -43626
-11 7 -10 5 -68368
-21 -20 -24 -21 -61962
6 1 6 -4 -68186
15 -22 14 -24 -52442
15 -23 13 -22 -47594
-7 -23 -8 -22 -59816
-16 -7 -17 -7 -78322
-11 0 -10 -1 -71580
-2 -16 -2 -18 -55444
3 24 2 24 -43588
-23 7 -24 6 -82366
1 -16 3 -21 -62140
-20 9 -17 17 -117878
23 24 24 16 -65674
-23 10 -24 13 -73976
-21 8 -22 7 -74424
-19 -20 -18 -20 -52418
-7 -23 -7 -24 -54430
-24 -7 -24 -10 -51180
0 24 -1 24 -49544
8 24 11 24 -44634
-21 24 -21 23 -63956
-14 -7 -14 -8 -62082
12 -6 12 -3 -47396
0 7 1 3 -52356
1 -8 0 -8 -49338
-8 -13 -7 -13 -52338
-24 -3 -23 -1 -62280
-20 2 -19 1 -101358
3 22 1 24 -54580
-20 22 -18 22 -98174
23 -16 21 -15 -58834
24 18 24 19 -52378
-9 13 -9 12 -85982
-19 17 -17 17 -93282
22 -22 22 -24 -59488
-11 15 -13 17 -74334
-15 7 -15 3 -85490
-11 -1 -13 -2 -65942
-1 -8 -2 -12 -71428
6 -8 6 -10 -53764
0 -2 0 -3 -45470
-23 9 -24 10 -70764
23 2 24 1 -44840
20 24 21 21 -59588
-23 -18 -22 -21 -46296
-19 -24 -22 -24 -48976
5 -6 8 -5 -49436
11 -6 10 -3 -48388
-7 13 -5 13 -57728
-11 -22 -11 -23 -63394
2 19 1 -11 -85110
-17 1 -19 0 -64112
-12 -7 -13 -23 -65150
-5 0 -4 -1 -58026
-6 -24 -6 -21 -65790
23 -5 24 -7 -32598
-21 -1 -21 0 -68630
-23 16 -23 14 -83966
-15 -19 -16 -21 -65666
-24 -1 -24 -3 -57276
20 23 18 24 -59648
2 2 1 -3 -65506
-8 7 -9 11 -76058
-1 -1 -6 -3 -53566
20 9 20 8 -50922
-7 23 -7 22 -67996
-22 -14 -24 -15 -62412
9 9 9 12 -52482
21 14 22 13 -57976
18 -24 15 -24 -33130
-13 0 -13 11 -89990
1 -1 7 0 -60360
-23 0 -22 23 -88978
-10 5 -8 5 -57696
-24 24 -24 22 -53830
-24 23 -8 1 -92226
-19 20 -19 18 -73044
8 -3 6 -1 -67876
12 -1 12 -3 -49178
-24 -5 -24 -7 -55270
8 0 9 2 -56596
-8 -2 -7 -9 -67304
-15 -13 -14 -13 -60346
-20 20 -20 11 -110024
13 13 12 11 -53272
-11 22 -10 20 -69288
21 23 23 24 -59954
-15 -16 -17 -17 -64140
8 -8 8 -10 -46980
-4 11 -4 11 -242992
-3 11 -2 18 -79398
-17 -22 -18 -23 -59704
13 1 9 1 -54644
-1 2 -1 20 -83892
-19 6 -20 6 -79360
2 3 4 0 -51376
1 12 -4 13 -47768
24 -19 23 -18 -55608
18 -9 18 -8 -33270
-15 -18 -15 -21 -62992
-18 -5 -19 -7 -72882
-19 -21 -19 17 -85304
-24 -2 -24 6 -87112
-15 5 -12 19 -113546
-1 14 -2 17 -71234
0 -13 0 -6 -71640
10 24 10 23 -53114
-14 15 -15 12 -114598
-7 0 -9 -6 -68906
10 -3 8 -3 -59112
-17 1 -19 5 -107338
-24 2 -22 3 -89354
-4 -9 -4 -12 -67214
1 9 1 11 -57420
20 -19 18 -21 -43966
-6 24 -2 23 -68554
-1 -10 -3 -12 -56072
2 -23 2 -24 -47030
-21 -1 -21 16 -105346
-4 24 -3 22 -62606
-19 -8 4 12 -87766
1 4 2 4 -49208
24 -1 6 -3 -52286
7 12 8 13 -52478
12 -20 14 -22 -55844
-15 -10 -15 17 -101832
-24 12 -23 13 -73896
-7 3 -7 1 -58742
-17 -14 -18 -17 -53620
1 24 1 23 -64748
-3 19 -1 18 -64760
10 -18 10 -24 -63380
0 20 -1 18 -64948
-23 -14 -24 -17 -47804
-23 17 -23 18 -68352
24 -22 0 -23 -54138
6 24 6 23 -59556
-2 -24 -5 -24 -44108
-22 -7 7 -13 -74336
-20 1 -21 2 -105908
23 -6 24 -5 -38936
-9 4 -10 2 -58718
-20 -8 -23 -8 -68184
-17 16 -16 16 -84944
-23 7 -24 7 -90634
-11 -10 -18 -11 -73412
-22 3 -23 7 -103124
7 -20 7 -19 -53772
-17 4 -17 1 -86008
-6 -17 -6 -14 -55906
-12 9 -12 8 -69276
-24 14 -22 14 -65060
19 -9 17 -9 -34404
-3 18 -4 17 -60600
21 23 -12 17 -69778
14 15 14 13 -48732
-6 23 -7 21 -65880
-13 -21 -15 -24 -57784
-18 -4 -18 -10 -72080
24 10 24 5 -60058
-8 -23 -23 0 -80970
9 19 9 20 -59876
17 -24 18 -22 -48724
-17 23 -19 23 -98226
-13 18 17 -1 -79754
-13 -21 -12 -21 -46680
19 15 -1 11 -66202
24 0 23 -2 -39986
-9 19 -10 16 -65128
-16 -21 -15 -22 -51858
20 12 22 13 -57828
3 13 2 11 -56380
-13 -3 -11 -4 -74204
13 10 15 8 -51150
24 23 23 22 -59416
-24 -11 -23 -10 -55626
-21 23 -18 24 -96144
15 4 13 2 -42586
12 24 11 23 -49150
-12 -7 -13 -8 -71418
-19 1 -21 6 -120516
-21 11 -18 10 -81130
23 15 23 14 -55368
24 14 22 10 -57010
-2 23 -1 24 -65146
-21 7 -19 4 -107080
-12 12 -12 13 -100418
-14 -21 -17 -21 -53872
-2 4 -4 2 -53482
2 9 5 7 -57468
11 19 10 18 -57462
-24 -9 -22 -11 -64658
-24 -8 -23 -7 -61386
23 17 24 17 -49868
23 -21 23 5 -45132
1 -22 -1 -24 -56826
-22 23 -21 24 -72256
-17 10 -17 9 -72082
-10 24 -10 23 -63600
-24 -24 -24 -23 -47802
-23 18 -24 21 -63076
-22 0 -21 -1 -87566
-20 17 -20 15 -93500
-12 20 -11 22 -69566
24 12 22 6 -64758
-8 -11 -10 -6 -64972
-19 13 -14 17 -114076
-16 21 -14 20 -74020
1 20 -4 21 -67026
-15 14 -11 16 -96622
12 -23 10 -24 -45976
20 4 20 5 -39672
-18 -8 6 18 -92048
10 0 7 -1 -64426
0 5 -2 5 -45276
9 -24 7 -24 -41054
-15 20 -14 17 -69436
-22 21 -21 -9 -94704
15 -22 13 -22 -46706
10 17 11 17 -53862
-10 0 -11 0 -68950
-1 -24 -1 -22 -52208
-10 16 -11 15 -78824
-22 3 -24 5 -103262
24 2 24 1 -44414
10 24 12 22 -64132
14 10 17 8 -52484
9 -23 8 -24 -49590
3 5 3 11 -65374
-7 0 -7 -2 -71884
12 -8 17 -5 -41920
-12 2 -11 0 -67724
7 24 16 24 -58280
-3 -9 -3 18 -88692
-24 22 -23 20 -60976
4 5 5 7 -55618
-24 10 -24 11 -67172
19 19 19 21 -57482
-20 15 -18 16 -101434
23 -24 21 -23 -50672
2 -12 3 -15 -56538
-20 -5 -21 -6 -74012
-6 9 -7 12 -69172
5 -7 2 -9 -54198
2 7 1 1 -60306
24 11 23 11 -43872
-6 -6 -3 -6 -55110
-5 24 -3 24 -62230
-21 9 -22 9 -80540
5 -19 4 -18 -51276
-6 7 -5 5 -59690
18 -3 17 -2 -34868
-7 17 -6 13 -77674
-21 -11 -22 -14 -55980
5 16 3 20 -55832
24 -16 23 -16 -55196
22 -24 4 -23 -53808
7 -24 7 -23 -56252
21 3 21 2 -46454
-21 10 -21 11 -78954
24 -20 -22 -24 -42706
14 -17 15 -19 -46904
1 22 3 24 -65186
-10 -15 -10 -13 -49854
-21 -19 -21 -18 -45650
-23 -18 -24 -19 -53470
-12 23 -14 24 -64702
-15 -12 -18 -11 -69526
21 4 24 5 -51170
4 -24 2 -24 -42332
23 -22 23 -23 -57890
-5 11 -6 10 -65628
-3 -20 -4 -22 -62810
-23 4 -24 4 -99080
-11 -15 -12 -17 -55584
-1 -24 0 -24 -43898
-23 5 -24 4 -86740
17 19 16 16 -56434
-22 -23 -24 -23 -50766
16 -22 17 -24 -43836
-1 -6 0 -7 -48830
6 7 8 9 -50506
-1 19 -1 21 -63306
6 -10 7 -14 -50196
-23 0 -24 1 -91646
23 20 24 20 -49576
24 5 24 2 -48166
-15 -3 -15 -6 -57396
-16 24 -12 24 -62674
-10 8 -1 10 -72124
23 -22 19 -24 -49178
-2 2 -14 -10 -87180
-16 12 -17 15 -98162
-21 17 -19 19 -91358
24 -20 23 -22 -48700
-23 0 -23 1 -74726
-24 -14 -22 -14 -60382
-7 -24 -12 -23 -52860
7 18 9 18 -48744
6 -17 8 -16 -50866
-3 12 -4 11 -62416
-1 -17 0 -18 -58450
-16 -11 -19 -7 -71268
-9 -16 -10 -20 -64492
-8 23 -7 21 -69282
1 -10 3 -11 -58058
-2 -22 -4 -24 -57590
-22 -21 -22 -22 -51576
18 23 19 24 -58396
7 -14 4 -15 -52528
24 -11 24 -12 -34468
20 -23 20 -24 -52592
-17 -11 -21 -12 -63566
-19 11 -1 23 -95508
-23 17 -24 14 -85768
-6 17 -6 16 -63656
-24 -22 0 -1 -61480
-7 24 -9 24 -60734
22 5 24 6 -52890
20 15 19 15 -62330
24 11 23 12 -46884
24 -20 24 -21 -49840
-17 -6 -16 -6 -77020
-16 21 23 20 -69130
17 -19 17 -20 -46904
-12 -24 -14 -22 -52012
-6 -10 -4 -13 -61984
11 -19 11 -16 -44196
0 -16 -2 -15 -54306
4 -22 3 -23 -52876
-15 -4 1 -24 -81976
-24 3 -21 4 -97684
24 -14 23 -15 -41960
-17 24 -19 24 -88950
-7 24 -5 23 -62758
-7 -19 -8 -21 -63556
-9 23 -8 23 -62838
2 -21 1 -20 -54008
-18 9 -16 8 -80232
-15 24 -15 23 -70696
-9 -4 -10 -5 -63752
-15 15 -11 14 -76512
19 2 15 -2 -47238
-5 -24 -7 -23 -53116
-4 -3 12 24 -85328
8 -22 10 -23 -48472
5 20 6 23 -68326
-21 -21 -20 -20 -61868
2 -24 0 -24 -47232
24 -6 24 -8 -37120
-8 -9 -9 -10 -66922
-6 -10 -6 -16 -66726
-24 15 -23 16 -76674
-22 0 -23 -12 -78672
3 18 5 20 -69294
-17 11 -5 16 -97356
-23 24 -22 23 -50860
1 18 1 15 -68686
6 14 6 16 -56590
-17 5 -17 6 -84214
