-1 -2 -1 7 -148299
-1 -14 3 -3 -160673
-2 1 2 11 -154397
-6 -1 24 -20 -123801
2 13 0 -1 -161961
-21 -23 -19 -20 -13137
8 -2 4 2 -137703
8 -11 5 -15 -104767
-23 -6 -9 8 -147135
6 -12 8 -10 -108517
-1 -3 1 8 -159961
6 3 6 5 -100025
-6 -7 -5 5 -154047
-2 22 -8 -11 -145549
7 14 5 8 -86093
-1 -1 -2 -3 -131457
9 -7 -11 -10 -166851
-3 7 6 22 -107293
6 -6 -5 -8 -153199
16 -3 11 -7 -102281
-7 -3 -18 -10 -153683
21 -10 16 0 -79049
3 2 10 9 -153905
-13 -20 -16 -8 -112333
12 0 19 -3 -93221
-1 -20 -9 -22 -96601
-1 14 8 7 -147141
-23 7 5 -5 -140819
-6 0 -5 -2 -128607
-3 13 -24 -3 -138943
1 -12 2 -12 -104121
8 0 22 3 -111445
-23 -5 -12 -8 -111349
17 -16 10 6 -125147
5 -9 0 -5 -159247
-12 2 -2 19 -155469
-6 3 -15 -4 -151247
3 8 14 0 -157171
-12 -22 -11 -5 -127993
-7 11 1 7 -148455
12 6 3 21 -121651
2 -3 1 14 -163213
-12 -18 16 -6 -159589
-21 -15 -3 -6 -156175
-12 -6 -10 -7 -113187
-11 -1 -18 0 -114901
7 -14 -18 6 -161347
4 10 -7 4 -157223
0 22 -18 7 -125247
-9 -1 -24 -6 -137353
22 -4 3 -5 -140995
-7 1 -3 2 -137651
-20 19 -2 17 -59747
-10 3 24 -8 -137859
-14 -17 -15 2 -137597
-4 -3 -6 -17 -179305
12 4 -19 0 -165927
13 20 5 3 -105607
9 -14 18 -5 -122635
6 -15 -3 -7 -159271
-11 6 -22 -3 -131303
4 15 1 10 -88865
-4 -23 -14 -1 -157993
10 5 24 0 -95217
6 3 -2 22 -137805
0 -13 -4 -10 -126775
8 -13 -22 -18 -128371
-1 -1 3 -7 -163503
-12 -19 -10 4 -163931
10 8 -2 13 -149745
-1 -6 -5 -6 -138069
-21 2 2 -3 -162765
-4 -23 -15 -22 -87763
-24 -6 -10 -2 -131135
-1 1 18 9 -151877
10 -7 6 -11 -128865
3 4 -7 19 -144349
5 -18 5 -4 -145977
0 4 4 -20 -164867
-11 7 12 18 -134751
17 -20 7 -18 -69793
15 2 -11 19 -138859
6 -18 3 -7 -141133
1 -4 13 -14 -164319
3 17 -8 2 -162219
2 -7 6 1 -150607
-9 17 8 -2 -160603
-6 -11 -14 -19 -130711
4 -2 6 -1 -135167
7 -2 8 6 -120461
-1 -8 -9 -7 -153355
-9 8 0 15 -139761
22 0 -15 -4 -147229
-12 -21 -2 -15 -126983
-4 -7 -7 17 -152385
0 -8 -19 -16 -168085
-24 -7 -19 -1 -56693
13 -5 11 -8 -100427
4 -2 11 0 -151985
-11 5 -6 -9 -167183
-6 2 -20 3 -137921
-2 -22 -10 -6 -157585
-6 -6 7 -15 -167443
-3 -6 1 2 -157249
-1 5 -19 -3 -169935
-12 7 5 14 -157713
-7 0 -1 -1 -148977
-9 -10 -3 -7 -151729
11 22 -3 0 -135391
0 19 -17 5 -146703
-14 -23 -19 -13 -73659
10 -8 -2 -11 -149945
6 -11 13 -10 -122257
-7 1 0 14 -161927
-16 -21 -5 -5 -159567
7 4 -1 8 -156263
-5 -1 2 15 -167045
17 -6 8 -18 -123087
-6 3 -18 10 -118479
-13 -7 10 -13 -162621
-9 1 -10 -11 -149219
14 -19 -14 8 -152007
-13 -4 -7 7 -152827
-2 1 -7 12 -165137
-5 3 -5 1 -120731
2 2 10 -8 -165677
14 2 7 8 -120315
9 3 2 8 -146931
1 -9 0 -18 -139585
3 -11 9 -22 -109065
9 -22 -4 -20 -90557
9 13 -6 2 -161853
5 1 10 10 -141029
-6 -3 -5 -16 -174391
-6 -18 0 -3 -176189
10 -23 2 1 -138137
23 -15 -9 -9 -127869
-1 -4 -5 -13 -168735
13 10 8 -11 -152871
20 19 2 -9 -127751
-8 4 -9 0 -116705
10 -14 19 15 -120691
-12 -14 -3 -10 -151257
-3 -23 -2 17 -144823
-11 -3 -14 6 -123171
-2 19 2 -4 -158429
5 -5 24 4 -122921
-2 2 4 -5 -162471
4 17 -11 17 -90879
-2 -7 23 1 -145243
13 8 -16 1 -158011
-21 -12 -14 1 -115003
7 -6 15 -9 -119669
-9 -5 -10 -2 -112315
0 -9 -2 -7 -146725
0 5 2 5 -122105
-16 -2 3 -24 -156071
-24 -24 -19 -1 -72565
-1 4 2 6 -128047
1 -17 -3 -2 -181479
-6 -15 -12 -11 -126525
8 -8 9 -9 -99673
-10 2 -19 3 -113349
10 -4 4 -9 -152573
12 6 5 2 -135947
-8 -2 -14 -20 -162481
1 -13 2 -7 -133585
-10 -1 -18 7 -120759
13 -10 14 9 -123625
-1 -23 2 6 -152403
-3 -5 2 3 -157635
11 -5 11 -11 -92937
2 15 -3 -10 -158239
-8 -20 3 -13 -137413
-12 -19 -11 5 -161513
-23 -10 -11 -13 -100671
4 7 -9 -19 -170023
-1 5 -12 0 -156809
-1 -16 0 -10 -130833
14 1 22 5 -66635
21 13 6 -11 -131009
24 -12 -4 -7 -128255
16 4 -14 3 -154739
-19 -9 -9 -24 -119337
-4 0 -5 7 -148313
-9 -17 -7 13 -159899
-6 22 5 -11 -144917
-8 2 -11 23 -88107
-17 9 -23 -7 -105981
10 -20 16 -19 -53871
1 -13 0 -6 -147885
-21 -7 -14 6 -128273
19 18 -6 -4 -133919
22 -13 5 -16 -99263
21 -1 -5 1 -157391
6 -10 -2 -11 -135079
-3 18 7 -1 -164853
-3 -20 -6 -19 -84497
14 -13 -3 17 -156461
-19 11 -18 -1 -71925
-2 8 -23 -18 -139665
-5 0 -9 -2 -142117
-11 -4 -8 2 -134259
-4 -12 -6 -1 -170667
-9 -9 -19 -8 -132973
4 -9 -9 -15 -167549
11 -1 11 3 -83981
-16 -10 7 -7 -171731
-9 -2 -2 -12 -175529
-3 -5 -23 5 -145199
-8 13 -11 -15 -159319
11 -3 -19 -17 -159633
-2 -16 -4 -2 -185301
12 6 24 -16 -100315
-10 10 -11 -3 -145543
7 -7 -7 -19 -164257
16 5 -3 9 -157799
7 9 -16 -7 -169261
-14 3 -18 -18 -134271
1 21 7 8 -115131
0 7 17 1 -163463
12 -8 6 9 -148533
-3 -12 -6 -3 -171239
0 19 3 9 -97881
-7 1 -11 -5 -141103
8 0 14 -2 -112127
-5 -21 -21 -23 -87381
12 4 -21 0 -161591
-4 17 -7 -6 -159657
-9 -10 -7 -14 -113827
-10 -15 -14 -15 -88657
-5 -7 -12 5 -167503
-17 -13 -4 15 -161993
2 5 -23 -6 -160529
-21 -3 -7 -6 -156593
5 -10 6 -15 -112375
-3 4 5 -1 -156715
19 -4 -4 -23 -133123
17 -4 -11 13 -159761
-3 -18 -23 -15 -116909
-6 -11 10 -20 -135987
5 4 20 3 -127527
-20 -8 1 -6 -177019
-8 -5 -5 9 -161411
15 18 -4 11 -105671
16 12 7 8 -84691
-17 -14 9 -3 -171207
0 -6 -4 2 -154275
13 -22 22 -8 -65589
-7 8 18 -6 -164207
12 9 -23 -7 -152071
-6 8 2 5 -161079
6 -9 -7 -12 -158645
-2 -1 2 -7 -160139
9 9 15 7 -87737
2 6 6 -6 -155833
12 16 19 0 -89525
3 4 0 6 -128315
-1 -1 -7 2 -154397
1 8 1 3 -129673
-1 -12 0 -11 -117561
-16 -15 -11 -4 -134599
3 -1 4 -19 -163003
14 -3 19 -9 -80159
-10 1 -4 -10 -170425
3 -2 11 6 -164023
2 -5 23 9 -131627
-14 24 -10 -2 -89713
-3 -3 -6 -18 -178039
-10 -13 -1 -7 -166173
-7 2 -6 9 -133525
-4 2 -13 6 -145835
-4 4 3 -2 -158473
15 1 15 -7 -85661
5 -8 -14 -17 -174913
-2 4 -9 11 -154291
0 -19 -5 -23 -68739
-7 -5 -6 -3 -132539
-4 -6 14 12 -163117
-11 12 -16 -8 -144669
15 -21 6 -12 -89513
-23 -1 16 -18 -130349
-1 -16 -9 -16 -122507
9 -10 9 -22 -73903
-4 3 -2 -2 -143207
-9 -5 -12 -14 -134479
-17 0 -16 -12 -102459
3 2 7 11 -142777
-4 -7 -6 -9 -138095
24 -21 -3 -5 -114593
-7 3 -5 -10 -165247
0 -5 1 -8 -151773
8 0 1 5 -152825
1 -22 16 1 -148547
-4 -8 -3 -11 -140913
9 -15 17 8 -139617
2 0 17 -9 -159551
-11 -6 -3 -10 -157611
-2 -10 -5 -3 -163795
-3 -22 -15 -4 -170679
11 -6 8 0 -108619
-7 5 -5 7 -117021
6 10 9 8 -107325
7 -5 -3 -18 -167027
3 -6 4 5 -144991
-13 -10 -3 -5 -167603
2 -11 0 -16 -125193
-21 7 -13 -5 -104777
-14 -14 -4 -4 -174267
15 -14 6 -7 -122165
24 -17 4 -10 -102329
17 6 17 9 -42971
-17 -12 -24 -13 -37315
-10 -4 -9 -6 -111041
0 -14 -18 10 -156027
2 3 16 12 -141883
-8 13 -6 0 -148487
-17 -12 -2 0 -176035
5 8 -2 10 -134231
-1 -12 -16 -12 -163679
4 -11 -18 -16 -161937
-2 -14 16 -11 -142745
-6 11 6 7 -158805
15 -2 -23 -6 -153615
8 -3 -12 12 -168073
6 -13 7 -14 -100719
-5 -11 -6 -8 -133915
-6 7 3 6 -156761
3 -23 -19 -5 -157939
16 9 13 10 -60091
10 -17 8 2 -139633
1 -5 -4 4 -160431
8 -14 2 -5 -153457
-7 4 -6 -15 -168157
7 -3 0 10 -162247
14 -20 4 -15 -92191
5 -8 24 -9 -113493
-8 2 -9 8 -122527
17 -4 2 -5 -165805
0 14 9 -9 -164941
15 11 5 -6 -152689
1 -8 4 -3 -132299
-21 9 2 10 -122171
-4 -16 -16 -6 -171337
3 24 -2 2 -115271
17 -8 -10 -14 -154439
5 6 7 -13 -160193
2 11 18 0 -154675
6 4 6 -10 -153539
0 -10 -1 -22 -117123
-1 3 -15 8 -158335
13 -8 19 -1 -95601
2 -1 3 -11 -159737
-12 6 1 10 -157713
-2 -3 4 -1 -140673
15 -3 13 -18 -105503
-8 7 -18 -20 -153387
0 -10 -13 -9 -169537
-1 -13 2 -16 -103465
-1 -6 -17 -17 -178267
8 15 -14 3 -154747
-12 -13 15 6 -159121
-13 -6 -23 -8 -98813
22 6 -23 -3 -123639
-7 -2 0 -6 -155843
-10 -17 -3 -13 -134683
7 6 12 -10 -147327
7 -6 11 -2 -126353
-22 0 -17 -2 -57349
0 0 -7 -9 -168851
4 -24 -1 -16 -59595
-5 12 -13 7 -121211
18 -21 15 0 -89967
8 0 23 -3 -113837
12 6 -11 13 -156991
-10 -21 8 10 -159353
-14 -5 -1 -16 -181329
-20 -24 -6 -22 -75661
-10 -21 -11 12 -145401
-11 -5 -11 8 -146811
0 -20 -1 -11 -112123
-9 8 -1 7 -143347
-23 11 -5 21 -77559
0 -9 -1 -8 -138829
8 -6 12 8 -141889
18 -11 22 -10 -39835
-20 -5 9 -12 -165101
12 -6 3 -11 -157437
5 4 11 13 -120043
12 2 -12 13 -163827
5 -7 7 -4 -130249
15 -6 -16 -3 -161091
2 -3 14 -2 -167389
-14 4 -11 16 -87785
3 -13 10 23 -128225
-19 9 5 2 -150739
3 5 -7 14 -163639
-13 19 15 -11 -132507
0 -19 -5 -2 -177975
-4 11 -6 0 -154231
-3 -18 8 -7 -160525
-15 -11 -17 -7 -86835
9 -18 0 10 -160941
-10 -13 -12 7 -153119
-13 0 -6 23 -130255
-10 -22 -3 -7 -149959
-5 -7 -1 -12 -154749
4 13 -6 14 -108041
-2 -19 5 -1 -169083
-8 9 -5 10 -110355
-1 7 7 5 -150555
-10 9 0 19 -132007
-12 -21 7 -20 -121287
22 0 -11 -1 -151435
20 -19 13 -4 -83245
7 -1 -2 2 -161407
-20 1 -6 -9 -159125
-18 -4 -18 8 -97537
-21 -18 1 7 -152181
-6 -3 -4 -1 -141019
-16 0 -5 24 -126267
-17 -14 -8 0 -164317
2 -8 15 -6 -166015
-6 -21 -3 -12 -102599
0 -1 -20 -9 -172211
-22 -17 -20 -2 -79303
15 24 -1 -8 -122687
-9 15 -15 -3 -140765
-5 17 -10 11 -97389
13 -2 4 -15 -162421
-1 -2 -23 4 -147785
3 -16 -14 -7 -172939
-5 -3 -9 -10 -157999
3 -5 -1 -2 -150705
4 -1 8 1 -144615
9 12 -14 9 -146193
17 -9 0 -3 -165651
4 5 -6 13 -165803
-8 -1 10 19 -148163
-7 -19 -7 -2 -164591
-9 -12 -5 -4 -159281
0 12 4 24 -52065
-2 8 4 14 -112881
-4 -8 -1 -7 -132567
-18 -4 -4 -10 -174457
18 -2 17 -5 -64413
-19 -12 -2 -24 -131101
-7 3 -6 1 -133665
-22 -5 -2 -5 -173771
-24 -8 -21 -20 -58731
13 -4 -9 -19 -163223
-1 -4 0 -1 -131477
-21 -7 -19 12 -92943
8 -8 8 24 -109245
6 -15 22 0 -135341
-11 -5 -4 -22 -158187
5 -3 4 -4 -126971
24 -16 -9 7 -135815
23 -10 18 -9 -37229
12 1 21 17 -77007
-6 24 -11 -3 -128173
-14 -2 -14 1 -87639
4 4 -7 2 -159033
6 14 3 -12 -153437
0 -6 13 -16 -161035
5 -10 12 7 -169021
2 5 -3 6 -138079
0 7 1 -23 -149985
-5 15 14 1 -166925
-1 -3 6 6 -166105
-24 0 -17 -22 -89979
2 -10 10 -18 -136807
-5 -4 4 4 -163321
0 -9 0 -6 -142585
-12 2 -3 -6 -166207
0 16 3 -3 -162451
-11 -16 11 -17 -138765
-8 5 -18 -15 -166533
21 -1 18 -1 -45745
4 12 10 6 -128939
13 10 2 -17 -160459
10 4 5 -14 -163391
-14 -22 -4 -9 -145745
8 2 24 12 -86015
3 -1 2 -1 -130205
-14 9 3 -23 -153315
-3 -3 -21 -4 -173165
14 -15 -10 10 -164677
-6 -10 -5 -7 -136675
-11 -21 -15 -9 -113637
0 1 8 1 -157805
-6 -11 -18 -4 -163435
0 9 -4 22 -85401
-1 -5 4 -9 -163333
2 -20 6 1 -158885
-2 -1 -2 -19 -174169
15 5 -6 4 -161411
4 19 11 4 -128581
-18 -5 -1 -24 -159721
-16 -7 -3 -13 -172163
9 11 1 8 -122273
22 9 15 -15 -92415
-7 -7 -23 1 -141593
13 -5 2 -8 -166191
-5 3 -11 11 -136017
-18 3 -5 14 -137875
7 -20 -23 -10 -135297
-5 -2 0 6 -152137
-14 -21 -8 -5 -150303
-12 -7 -10 -1 -121585
-16 -12 6 15 -157919
-2 -7 -15 -21 -166659
