-16 0 -15 1 -56611
10 -9 11 -6 -57163
-3 -23 -3 -24 -47705
0 14 0 12 -59487
15 18 14 19 -67949
13 -17 13 -14 -58287
-2 22 2 21 -66199
19 13 17 13 -73983
-23 9 -21 10 -56441
-23 -11 -24 -10 -55127
17 -3 19 0 -71597
-5 0 -5 -5 -64193
1 21 1 19 -60753
-23 1 -22 -2 -55705
-7 13 -6 11 -59451
16 -14 -14 0 -85411
18 22 13 24 -62125
0 -24 -1 -24 -52999
22 -10 22 -12 -59557
4 -14 2 -3 -88051
3 2 -3 4 -68869
-15 10 -15 9 -60407
2 -24 3 -23 -55053
-17 -17 -13 -16 -57281
-3 -6 -4 -4 -57893
8 11 6 12 -64791
21 0 21 2 -76103
-19 -21 -19 -20 -54061
-21 11 -22 12 -64461
-13 24 -7 21 -66913
-3 5 -2 6 -59983
3 18 2 17 -66479
22 17 24 -14 -70209
5 -21 6 -17 -58363
11 24 8 22 -58179
-16 9 -18 11 -63523
15 0 17 -1 -62815
24 -10 -12 -6 -81431
-8 20 -9 23 -62415
24 -6 21 -8 -74657
-21 -13 -23 -15 -57567
0 11 -1 8 -55189
15 -4 15 -1 -63995
13 14 20 16 -88435
17 -7 16 -8 -61397
-20 7 -18 7 -54583
10 22 11 21 -58337
-17 13 -15 13 -53955
-6 -13 -8 -15 -50565
6 -8 5 -12 -70627
-4 2 -4 3 -62389
-22 2 -24 1 -63337
24 8 1 -6 -80215
-24 -1 -23 -1 -51923
-16 11 -16 12 -62129
9 24 10 24 -48895
-24 6 -24 -6 -58713
20 -13 18 -14 -57965
21 12 24 10 -69683
-14 -16 -15 -20 -58401
-11 1 -9 0 -54355
-15 8 -11 12 -65211
-24 -15 -24 -11 -43693
-23 4 -24 4 -55857
-10 -10 -11 -10 -44331
-6 20 -6 23 -62131
22 -11 21 -10 -62129
-22 22 -23 24 -43737
11 13 11 14 -57889
-1 -11 -2 -13 -61079
8 17 8 16 -56041
22 -10 24 -7 -67853
-7 5 -6 1 -67489
24 14 21 12 -63191
-23 3 -22 5 -70609
23 2 24 1 -67119
-21 20 -24 24 -54767
1 23 -17 24 -63481
6 -2 -1 8 -92113
11 14 10 17 -65951
4 -24 5 -24 -41975
5 -5 -20 -24 -66337
20 20 24 23 -67197
19 24 19 23 -46887
24 -3 23 -3 -57407
15 2 15 3 -71771
24 1 24 3 -70097
1 -18 2 -11 -62589
2 22 3 21 -67281
-15 -23 -17 -17 -68135
-23 12 -24 17 -58051
13 -11 13 -12 -53133
18 -22 17 -23 -56461
-1 24 -3 22 -61201
-5 24 -4 22 -59557
24 -16 21 -20 -57321
-24 13 -23 22 -42619
-8 14 -8 13 -54415
12 20 13 21 -66649
12 4 13 1 -76725
-17 24 -19 19 -49975
0 -20 24 -20 -70249
-23 8 -23 10 -60297
-7 -1 -7 0 -71931
-19 -4 -18 -4 -50781
-6 -16 -6 -6 -72367
24 11 22 14 -64281
-2 24 -3 24 -52639
4 4 3 5 -69685
23 1 23 2 -75263
17 11 17 12 -65527
-18 15 -20 16 -62015
-21 19 -22 14 -44831
-7 -19 -16 -14 -74875
-3 -23 -4 -24 -51489
-23 11 -23 10 -60851
15 9 13 10 -70269
24 12 6 8 -81723
10 13 9 14 -68353
20 -22 20 -23 -53339
3 13 3 15 -59301
12 17 14 16 -70373
19 -21 13 -19 -77821
-8 -20 -13 -23 -57213
-12 9 -11 8 -55177
-24 -18 -21 -21 -62835
24 9 24 7 -60803
24 9 23 7 -66903
10 -24 8 -22 -53727
-15 24 -16 24 -58655
20 6 20 8 -68103
-7 -2 -6 -4 -54763
22 -19 22 -14 -60825
-11 -14 -12 -13 -60069
-12 -5 18 -6 -87329
-17 23 -22 24 -59113
-23 -17 -22 -18 -57101
-1 -2 4 -5 -69595
23 -24 10 -17 -78565
-17 -12 -19 -12 -53769
24 -3 24 -6 -55957
23 23 21 24 -62341
-10 -18 -8 -18 -53375
3 0 0 -23 -72855
12 7 11 -1 -82697
17 23 20 23 -61875
-24 -24 -23 -24 -37371
-15 7 -16 8 -56107
9 3 10 2 -72743
-1 9 10 14 -81479
11 -24 10 -22 -57111
-17 -24 -19 -24 -60245
-15 -6 -12 -8 -43385
-23 17 -20 18 -49405
22 2 23 4 -69267
0 -24 -5 -23 -56601
14 -24 15 -21 -52717
-23 -19 -23 -17 -50201
22 -7 23 -7 -70063
14 15 -10 14 -75533
10 -24 8 -24 -47467
20 19 16 19 -70933
-22 -21 -24 -21 -55603
-15 -4 -15 -2 -49253
18 10 20 11 -71423
0 -7 -1 -1 -72337
23 15 23 13 -50677
-3 -1 -4 -1 -49405
-6 22 -8 23 -58955
-23 23 24 19 -58243
0 13 3 13 -59835
-15 -23 -14 -24 -54103
4 2 6 8 -78769
13 -11 9 -11 -71251
-14 -23 -15 -24 -36489
10 -19 9 -22 -57821
-12 20 -13 24 -60275
-20 1 -18 -4 -63319
13 -7 14 -7 -56383
23 16 22 17 -59403
-24 11 -24 15 -54853
18 -17 17 -16 -77171
4 -24 5 -23 -51715
13 -24 12 -23 -53479
6 22 5 24 -50205
16 -18 15 -20 -57745
0 17 -1 15 -55703
10 -16 11 -14 -63433
-11 16 -10 17 -54397
20 19 18 23 -68743
11 -9 11 -8 -52853
24 7 24 17 -60743
-10 -20 -10 -14 -55231
-15 16 -14 15 -54967
-19 16 -22 18 -68953
23 -21 24 -21 -43735
24 -14 24 -24 -60463
13 -1 15 1 -69087
-9 4 -10 6 -63189
-22 -4 -20 -3 -57859
12 12 8 11 -64859
8 -4 8 -1 -51629
18 -7 19 -7 -70483
0 0 0 1 -66809
23 -23 21 -24 -43465
-16 -24 -17 -23 -55075
-12 2 -12 4 -67925
-23 6 -23 7 -55365
-14 23 -13 21 -59531
-16 21 -16 22 -50927
7 -9 6 -8 -70357
6 -16 4 -14 -50061
8 24 6 23 -48571
16 14 13 14 -76213
14 -23 12 -17 -64939
17 14 17 13 -64149
-9 0 -9 -3 -61833
-17 20 -18 21 -59727
16 10 18 8 -69433
5 24 3 22 -64767
23 1 23 -7 -71435
-10 -1 -11 0 -60775
-6 19 -7 19 -59077
-20 22 11 20 -67925
-2 4 0 5 -57233
3 -10 4 -9 -54699
7 3 7 4 -68317
-10 -24 20 -24 -66537
0 -5 -1 -3 -67915
-18 -12 -18 -10 -43307
16 4 14 2 -68109
-4 11 -4 10 -52319
-8 24 17 24 -63825
21 -8 0 -4 -87079
11 10 11 11 -59041
-8 7 -4 9 -58243
12 19 11 22 -63119
-24 -7 -23 -7 -54049
-24 -8 -23 -10 -45577
19 11 19 10 -66435
-24 4 -23 6 -66183
-21 -2 -22 -4 -53969
11 9 10 12 -67411
9 4 8 4 -63479
4 4 3 0 -64355
-14 -11 -14 -10 -44717
2 -13 2 -14 -54369
7 -3 8 -6 -65337
-1 -20 -4 -24 -60675
-4 -22 -17 -22 -61403
-14 24 -15 24 -54003
24 24 24 21 -55841
-21 1 -19 1 -58271
-20 11 -24 11 -56189
1 8 0 8 -53221
-12 -15 -11 -17 -60699
22 -6 24 -7 -60617
4 17 5 18 -71615
23 9 24 12 -59961
18 -10 17 -9 -65043
-2 0 -2 1 -68565
16 -23 13 -24 -60053
-21 -8 0 -3 -66349
22 24 22 23 -50589
15 -15 14 -12 -62559
-3 -7 -7 -7 -60993
15 16 15 11 -67703
24 -22 22 -18 -62147
-12 17 -12 19 -46373
1 -21 1 -22 -47757
17 -17 16 -17 -66685
-7 -10 -7 -11 -62049
15 -6 14 -3 -58885
11 -8 9 -9 -68823
-16 20 -12 23 -60319
8 20 7 19 -60289
4 -6 5 -11 -80931
-8 -9 -7 -10 -52771
-19 -24 -20 -24 -54651
-13 23 -9 22 -59781
-2 -15 0 -14 -59975
-21 14 -24 18 -63557
15 22 14 20 -62969
13 -23 -13 -19 -66081
-5 15 -6 14 -58315
4 22 4 20 -65971
-17 4 -16 6 -62767
-24 20 -1 19 -67479
1 -22 -1 -21 -56085
20 24 23 23 -65167
-15 -4 -16 -5 -48619
-17 0 -15 0 -55639
15 0 15 1 -73859
-20 3 -19 0 -64589
-18 -15 -18 -14 -55355
24 -12 23 -13 -56699
-19 -17 -22 -17 -62225
-12 -14 -14 -14 -56365
-7 -9 -8 -12 -65255
-5 -11 1 -9 -60219
20 12 0 14 -84701
-19 3 -20 -3 -67363
1 22 0 24 -57477
19 7 22 3 -88309
1 14 1 15 -62471
-24 -16 -24 -22 -50173
-3 23 -6 19 -61323
5 10 4 10 -64993
-24 7 -24 22 -58791
6 24 18 24 -61593
-21 -20 -18 -17 -60635
10 -1 9 3 -74683
-14 6 -12 6 -51591
-10 5 -10 6 -63115
21 -16 20 -15 -67133
24 23 24 20 -58499
0 -3 0 -2 -60335
-24 -22 -24 -20 -39659
-4 17 0 15 -67703
13 -23 11 -24 -55085
13 -17 13 -19 -53979
-9 -23 -6 -24 -53719
22 0 22 -1 -65931
-18 24 -20 23 -56265
-19 -13 -13 -13 -58775
-23 -8 -24 -9 -39341
11 -18 8 -19 -59825
-7 16 -13 17 -63683
4 -18 3 -20 -62983
21 20 23 20 -67089
-18 12 -18 13 -57881
-24 -24 -19 -20 -52455
-9 23 -8 24 -48641
-6 -24 -4 -24 -49627
10 0 9 0 -61581
13 -14 12 -14 -59101
23 2 22 3 -74339
23 -13 23 -12 -51133
-3 21 1 24 -67417
10 -24 11 -23 -50165
10 -10 9 -10 -70159
17 19 17 24 -61179
21 5 20 6 -80787
-10 13 -10 12 -53687
-14 13 -13 14 -51765
-13 -18 -13 -20 -54791
24 -19 22 -14 -60689
4 1 3 13 -78713
24 -14 24 -4 -61579
24 24 23 18 -60331
2 -9 2 -10 -63393
3 -17 1 -20 -61699
-23 -3 -24 -5 -42743
3 0 13 -20 -86323
24 -24 24 -21 -46049
-7 -23 -8 -21 -53881
-20 -24 -21 -23 -45623
4 2 5 1 -59675
16 8 14 7 -66191
13 10 12 9 -63561
-13 -14 -12 -12 -57273
15 23 20 23 -64743
-21 -14 -21 -13 -53377
-24 20 -22 20 -44105
3 22 4 23 -68193
0 10 1 8 -55755
-24 -12 -23 -13 -51555
-7 -8 -8 -9 -52893
18 -17 20 -7 -67267
8 -9 7 -9 -68447
1 14 0 15 -63505
-7 15 -6 14 -59521
23 -18 24 -24 -61151
-18 -22 -19 -24 -46601
4 23 0 24 -61853
10 -19 10 22 -74181
-9 7 -10 5 -57795
3 -2 8 -10 -89309
10 -24 10 -22 -48443
-5 -4 -7 -4 -60381
-24 -21 -21 -22 -60369
23 2 22 2 -59971
13 24 11 18 -68561
-22 22 -24 24 -46515
23 -22 17 -24 -57257
-14 2 -14 4 -69477
-23 13 -24 -10 -58589
-13 -5 -16 -2 -54153
17 -15 20 -18 -81031
6 16 7 18 -67517
9 -13 9 -12 -60345
20 -4 19 -3 -58413
-4 -12 9 -13 -63641
-8 -21 -8 -23 -50353
-19 -23 -7 -3 -69201
16 11 17 11 -72757
-14 -11 -15 -15 -60667
19 -21 18 -21 -60609
-20 7 -20 8 -58897
-3 -21 -2 -24 -54645
0 -10 1 -11 -55427
-15 4 -15 5 -63291
-18 24 -24 23 -55589
-2 22 -2 23 -57323
9 6 6 2 -77847
3 17 -1 18 -69769
9 4 8 6 -68139
-1 12 -5 11 -54979
-5 6 -5 8 -64153
-20 -24 -20 -21 -44863
0 -8 0 -7 -59493
2 2 0 5 -70787
6 -14 7 -11 -67121
-1 22 -5 24 -61261
23 10 21 10 -67071
5 9 5 10 -52237
20 -10 20 -9 -57761
-3 -13 -4 -18 -48191
15 -24 13 -24 -56679
-8 -16 -6 -17 -51477
21 -4 6 0 -84189
0 -23 -1 -24 -57959
21 -3 14 -7 -78549
19 14 20 15 -70337
-10 0 12 -7 -87641
24 7 23 6 -61901
1 -24 1 -23 -42145
6 0 6 -1 -53471
9 -15 8 -15 -59013
8 -7 8 -22 -72419
13 4 10 4 -61477
2 -7 -1 -7 -52341
-18 19 -16 20 -56519
-7 10 -8 8 -58463
22 -24 22 -21 -56461
6 20 6 21 -62261
-9 -9 -9 -8 -48299
20 -24 -1 -24 -67447
-8 20 -9 19 -59707
-15 24 -18 24 -59879
15 2 15 10 -71019
-16 1 -19 2 -61219
-8 -15 -9 -17 -48113
4 7 3 7 -64047
24 6 24 4 -56349
7 -5 6 -5 -66611
-6 15 -5 19 -55221
-24 6 -23 1 -58187
17 6 18 8 -64769
-7 11 -13 12 -59311
21 -19 21 -17 -61001
-15 0 -15 -2 -59985
9 10 11 5 -66905
16 -13 14 -12 -67025
20 14 20 18 -52347
-3 19 -1 16 -62851
-7 9 -6 6 -65415
23 20 24 20 -53049
23 2 24 3 -62129
-14 -22 -13 -24 -56759
-24 3 13 4 -67129
6 1 0 -5 -62857
22 -7 19 -8 -75233
-15 8 -16 7 -58215
-10 16 -11 18 -51059
21 9 23 5 -79861
-4 -19 0 -20 -57585
18 3 20 2 -68947
-23 -12 -21 -12 -57483
14 7 17 4 -74781
-6 -1 -6 0 -71743
-24 4 -23 0 -56951
-24 -4 -23 -7 -40709
-6 -24 -7 -24 -52143
-2 0 -1 1 -55673
23 -16 24 -16 -60149
24 -7 24 -6 -50173
-15 -17 -16 -15 -57901
-23 5 -24 6 -51291
-13 2 -13 0 -60653
14 2 14 -3 -77081
-17 -13 -20 -15 -58233
6 -5 4 -7 -59865
1 -2 0 -1 -64503
24 -14 22 -14 -64357
0 -23 3 -23 -52487
-11 21 -9 24 -57983
21 -24 18 -22 -49983
-1 -5 -4 -5 -60519
16 -6 16 -4 -52455
24 -1 24 -5 -59135
22 24 0 23 -63217
24 18 22 19 -59707
7 -15 8 -17 -51675
-11 -20 -9 -24 -56051
-18 9 -18 11 -68959
14 17 16 18 -71469
-22 6 -23 5 -67599
-23 9 -24 11 -61129
5 22 4 22 -58139
24 -18 22 -18 -60357
-24 4 0 6 -63455
23 -12 8 -4 -83641
-24 -6 -22 -8 -56239
9 20 10 19 -62665
-18 -23 -17 -23 -58499
-24 -19 -23 -12 -48787
23 22 21 20 -66619
10 8 9 7 -60653
19 16 20 20 -53291
24 -2 22 -3 -64499
-10 -23 -11 -24 -42507
