14 -16 15 -13 -56427
-17 0 -12 -1 -85581
13 4 14 8 -56639
-13 -4 -12 -1 -79343
15 18 14 19 -56843
13 -17 13 -14 -57497
-17 -7 -19 -7 -61809
9 23 10 22 -64375
-23 9 -21 10 -53881
-23 -11 -24 -10 -52005
2 12 2 11 -60271
-6 -13 -5 -10 -95597
1 21 1 19 -52623
7 10 9 8 -64589
3 -18 7 -19 -59231
20 -9 21 -12 -62475
18 22 13 24 -57095
-13 0 -14 1 -72791
22 -10 22 -12 -58975
8 -18 7 -19 -59893
-1 -23 0 -22 -51315
11 0 14 0 -59113
2 -24 3 -23 -53457
-17 -16 -14 -17 -76597
1 0 2 0 -54691
8 11 6 12 -67881
0 -3 -1 -3 -66513
-19 -21 -19 -20 -70739
-21 11 -22 12 -65779
11 24 10 21 -64085
-3 5 -2 6 -54189
22 -15 20 -14 -58287
-11 -22 -11 -20 -63259
11 -3 11 -1 -47601
-8 1 -8 3 -55687
-16 9 -18 11 -65671
15 0 17 -1 -58511
-24 -22 -24 -19 -60319
-8 20 -9 23 -58961
0 -12 3 -14 -61565
-16 4 -14 4 -80379
-3 8 0 8 -45317
7 -10 6 -7 -62961
15 10 16 9 -66365
0 -24 -1 -22 -50157
-15 13 -13 12 -65733
10 22 11 21 -61319
-17 13 -15 13 -69633
-8 -23 -11 -24 -65511
-20 -13 0 -18 -100541
-4 2 -4 3 -51941
-11 1 -11 0 -64111
-2 -13 0 -13 -61663
-24 -1 -23 -1 -60117
-16 11 -16 12 -58711
9 24 10 24 -56789
17 6 18 0 -65363
20 -13 18 -14 -53347
21 12 24 10 -60003
-4 -2 -4 0 -66891
-21 -4 -20 -23 -67623
23 14 22 16 -66101
-24 -15 -24 -11 -40985
-23 4 -24 4 -53895
-1 -17 0 -17 -58225
-6 20 -6 23 -56019
22 -11 21 -10 -62643
-22 22 -23 24 -45255
11 13 11 14 -55003
-18 6 -17 6 -69475
8 17 8 16 -56329
22 -10 24 -7 -57301
13 21 13 20 -61125
24 14 21 12 -51093
-12 -23 -13 -24 -61995
23 2 24 1 -56197
-21 20 -24 24 -55673
13 20 15 24 -55847
-1 -15 -3 -6 -90361
11 14 10 17 -59549
4 -24 5 -24 -49061
-21 -17 -21 -16 -56703
20 20 24 23 -59039
19 24 19 23 -49203
24 -3 23 -3 -56675
15 2 15 3 -60405
24 1 24 3 -54121
10 -24 9 -24 -47997
2 22 3 21 -62609
-24 3 -24 23 -66119
-23 12 -24 17 -58677
-20 -22 -21 -23 -60599
18 -22 17 -23 -53045
-1 24 -3 22 -49165
-5 24 -4 22 -55981
24 -16 21 -20 -55997
-24 13 -23 22 -50463
-16 -23 -17 -23 -51651
-8 -6 -6 -3 -94867
-21 -5 -18 -3 -63567
-17 24 -19 19 -54239
5 -4 8 -3 -62673
-23 8 -23 10 -58701
-19 2 -17 0 -63121
-6 -5 -5 -3 -89567
6 12 5 15 -64101
24 11 22 14 -64895
-2 24 -3 24 -49617
23 3 24 0 -59441
20 7 22 7 -59195
7 2 9 4 -70839
-18 15 -20 16 -62093
-21 19 -22 14 -56557
-10 -22 -10 -24 -52145
-3 -23 -4 -24 -46547
-23 11 -23 10 -61177
15 9 13 10 -62051
10 -23 6 -24 -53743
7 -3 24 -24 -63101
20 -22 20 -23 -62373
3 13 3 15 -59195
-9 0 -7 -1 -69317
3 1 2 3 -59647
-8 -11 -7 -10 -79575
-12 9 -11 8 -56139
16 7 22 6 -63023
24 9 24 7 -50545
15 0 16 0 -62125
-3 -14 0 -21 -70651
-15 24 -16 24 -62479
10 21 10 20 -62215
22 -10 20 -11 -63271
23 22 22 19 -64075
-21 13 -17 15 -64353
-14 6 -15 4 -77365
-17 23 -22 24 -60031
-23 -17 -22 -18 -60483
16 24 19 23 -63533
12 11 14 11 -52875
-24 -17 -24 -12 -47195
24 -3 24 -6 -46935
23 23 21 24 -63165
4 -10 5 -12 -65423
-15 -16 -7 -18 -80153
-24 -10 -24 -7 -46335
17 23 20 23 -59867
-24 -24 -23 -24 -37631
-15 7 -16 8 -64185
-24 -8 21 -11 -60827
24 -20 24 11 -54669
11 -24 10 -22 -53939
-1 11 -1 13 -59851
0 -16 0 -15 -70529
-23 17 -20 18 -53789
22 2 23 4 -65197
0 -18 -5 -20 -56241
14 -24 15 -21 -66321
8 23 8 24 -52779
22 -7 23 -7 -63939
8 20 6 20 -68521
17 21 19 18 -64849
-17 -21 -14 -24 -55991
-22 -21 -24 -21 -58133
0 -5 0 -6 -73619
18 10 20 11 -50459
-20 -20 -20 -17 -67057
23 15 23 13 -60549
19 -1 23 -5 -61157
-6 22 -8 23 -61243
-23 23 24 19 -46225
10 -9 11 -5 -55467
-6 -20 -16 -17 -87509
10 14 9 14 -60139
1 7 1 2 -70271
-14 -23 -15 -24 -66935
10 -19 9 -22 -65501
-12 20 -13 24 -56941
-19 -5 -19 -6 -71085
6 -14 6 -15 -63419
23 16 22 17 -64835
-24 11 -24 15 -57225
-15 -8 -14 -10 -62357
4 -24 5 -23 -56363
13 -24 12 -23 -47815
6 22 5 24 -60601
-7 18 -7 19 -54285
0 17 -1 15 -52767
19 -14 19 -16 -45617
-11 16 -10 17 -61713
8 8 5 8 -63099
11 -9 11 -8 -52965
24 7 24 17 -59561
-15 -3 -15 -4 -73055
-15 16 -14 15 -63985
5 -20 6 -22 -58113
23 -21 24 -21 -41695
24 -14 24 -24 -61613
14 -17 10 0 -71961
-24 -3 -23 -1 -47835
9 -12 12 -15 -58205
-4 -13 -3 -11 -86023
-21 -21 -24 -22 -60897
18 -7 19 -7 -57363
-21 -22 -21 -24 -60031
23 -23 21 -24 -45379
-8 -15 0 -3 -103339
-3 -17 0 -13 -78219
-23 6 -23 7 -57079
-14 23 -13 21 -55961
-16 21 -16 22 -51499
-5 -1 -4 -13 -85307
22 13 22 14 -64381
8 24 6 23 -60903
24 -23 0 -24 -48815
14 -23 12 -17 -62013
17 14 17 13 -55599
13 -22 13 -23 -65657
-17 20 -18 21 -59799
16 10 18 8 -63829
5 24 3 22 -65673
23 1 -24 -23 -59823
16 -19 16 -23 -64649
-6 19 -7 19 -62275
-5 -1 -18 -1 -92299
-19 -7 -19 0 -78531
3 -10 4 -9 -62889
8 23 9 23 -66339
-10 -6 -3 -6 -76677
1 24 3 24 -52213
8 18 8 17 -53547
7 -11 7 -17 -68397
-4 11 -4 10 -45855
4 -11 6 -10 -63973
-16 -4 -14 -6 -71889
11 10 11 11 -57023
-13 19 -14 11 -65675
-7 -24 -9 -24 -60621
-24 -7 -23 -7 -54339
-6 -19 -5 -24 -61499
19 -4 19 -5 -49241
-24 4 -23 6 -60203
-21 -16 -22 -15 -63755
-5 -14 -6 -15 -67355
9 4 8 4 -54249
16 7 16 14 -65297
-1 -1 -2 -3 -76255
0 -16 -23 -15 -99769
8 22 9 24 -63557
22 1 20 1 -61207
20 -3 19 -4 -58819
-14 24 -15 24 -57125
24 24 24 21 -61325
-8 4 -9 4 -70199
-20 11 -24 11 -56211
-11 3 -12 5 -66915
12 1 11 4 -64989
22 -6 24 -7 -60813
-12 24 5 23 -61461
23 9 24 12 -50835
6 -20 5 -24 -61611
-7 -4 -2 -5 -73431
16 -23 13 -24 -49657
-22 -24 -22 -21 -63009
22 24 22 23 -52827
8 -3 10 -4 -69095
-22 -17 -23 -18 -66107
-15 -15 -15 -14 -39601
24 -22 22 -18 -62115
-12 17 -12 19 -61223
-20 -6 -18 -11 -68885
17 -17 16 -17 -51797
-7 -22 -11 -12 -69403
13 -16 12 -18 -58183
11 -8 9 -9 -52381
-16 20 -12 23 -64069
-4 19 -4 10 -64367
12 16 8 15 -61335
-3 -24 -5 -1 -82533
-19 -24 -20 -24 -52975
-13 23 -9 22 -51089
24 9 24 6 -51841
-21 14 -24 18 -60219
0 -3 -4 -6 -87545
16 -1 14 3 -67003
-5 15 -6 14 -60115
-2 -8 0 -9 -66997
-17 4 -16 6 -79109
-24 15 0 19 -65127
-5 -16 -4 -17 -62361
20 24 23 23 -64551
14 0 14 -1 -51201
-20 -15 -17 -17 -71601
-23 -24 -2 -2 -81307
-9 8 -7 9 -60853
-7 -2 -7 0 -65757
24 -12 23 -13 -56337
9 6 7 1 -70909
-10 -2 -9 -7 -73719
5 7 6 5 -61053
17 5 17 6 -53949
14 5 15 5 -63787
-17 -1 -16 -1 -74905
1 22 0 24 -53085
11 5 12 4 -56687
-18 -12 -16 -11 -57471
-8 -19 -6 -20 -66035
24 -7 23 -24 -60055
19 22 19 21 -62367
-21 3 -21 1 -62665
6 24 18 24 -50881
19 -11 17 -10 -57963
11 -13 12 -13 -44563
-14 6 -12 6 -67591
-20 -3 -19 -3 -64877
8 -12 8 -10 -54825
24 23 24 20 -65015
-4 -15 -5 -7 -95961
-24 -22 -24 -20 -59563
14 16 13 14 -55175
13 -23 11 -24 -55345
13 -17 13 -19 -52975
5 7 1 2 -66623
22 0 22 -1 -45095
-18 24 -20 23 -56975
3 -19 2 -17 -55411
-23 -8 -24 -9 -45615
-3 -1 0 -3 -71905
-7 16 -13 17 -61617
4 -18 3 -20 -58941
21 20 23 20 -65719
-18 12 -18 13 -67103
-11 -8 -8 -17 -75503
-9 23 -8 24 -46931
-13 -21 -13 -20 -62087
-21 -23 -20 -24 -69107
-9 6 -6 6 -73559
-12 -7 -11 -8 -59453
23 -13 23 -12 -51109
-23 -20 -1 -22 -93037
10 -24 11 -23 -58903
-3 24 -6 23 -60177
-8 -20 -8 -19 -50611
-2 -19 -2 -18 -57701
-14 -22 -16 -24 -70857
-14 13 -13 14 -55429
-20 -3 -19 -6 -78875
24 -19 22 -14 -50605
-1 -10 0 -9 -65409
24 -14 24 -4 -58153
24 24 23 18 -66443
2 14 -1 13 -53699
1 -5 2 -4 -62311
5 -3 6 -5 -62005
4 -23 3 -22 -56469
24 -24 24 -21 -51579
-12 -6 -12 -5 -71217
-20 -24 -21 -23 -68653
4 2 5 1 -54311
-15 -5 0 0 -94591
13 10 12 9 -58291
10 2 10 3 -58621
15 23 20 23 -63205
-19 20 -18 16 -55101
-24 20 -22 20 -44965
3 22 4 23 -65163
0 10 1 8 -57619
-3 -14 -23 -11 -94531
-3 -10 -2 -11 -71581
16 16 17 17 -55217
8 -9 7 -9 -59269
1 14 0 15 -54621
-7 15 -6 14 -56037
23 -18 24 -24 -65029
-18 -22 -19 -24 -59441
4 23 0 24 -57789
17 19 16 17 -54347
-13 -3 -14 -13 -85621
21 -22 20 -23 -55277
10 -24 10 -22 -58927
-11 17 -11 16 -64891
-24 0 -21 23 -71453
23 2 22 2 -61533
0 6 0 7 -69897
-22 22 -24 24 -48633
-7 -2 -6 0 -81043
15 16 17 15 -52777
-23 0 -24 0 -61279
4 -9 3 -9 -60787
-5 16 -2 15 -58577
2 -16 2 -15 -66711
18 5 14 2 -64561
-18 10 -15 12 -73613
4 0 2 -1 -53539
-3 -10 -3 -12 -86051
0 -12 -24 -19 -87151
-17 -8 -9 0 -98831
9 14 1 14 -60545
19 -21 18 -21 -47297
0 -6 0 -4 -74613
-10 -3 -11 -4 -74367
10 -17 9 -14 -59975
-15 4 -15 5 -66375
-18 24 -24 23 -55283
-2 22 -2 23 -52283
-9 8 -23 -17 -86995
4 19 4 22 -59985
-5 -22 -5 -24 -52081
3 10 3 8 -54735
-5 6 -5 8 -56009
-24 -10 -23 -10 -50997
0 -2 -1 -1 -65885
2 2 0 5 -65023
-24 -1 -24 -6 -45689
11 -3 8 -2 -67831
-1 -13 0 -12 -69987
-22 -16 -20 -16 -66057
-6 -5 -7 -6 -87847
-1 -10 10 -7 -77195
15 -24 13 -24 -45473
-17 -18 -16 -17 -56937
-7 -10 -7 -12 -82525
-7 8 -22 8 -81349
-8 16 -8 17 -60875
-17 12 17 11 -64415
-3 17 -2 16 -57227
24 7 23 6 -51923
1 -24 1 -23 -48947
6 0 6 -1 -40773
-21 -1 -20 -15 -79469
16 -16 13 -17 -53277
-6 -15 -7 -17 -56999
-23 -4 -22 -5 -63799
-18 19 -16 20 -62957
-8 -23 -6 -21 -67899
22 -24 22 -21 -63109
-5 24 -4 24 -58745
0 -2 0 -1 -61259
6 16 5 15 -55185
-8 20 -9 19 -58641
-15 24 -18 24 -63417
-4 9 -3 8 -61455
2 9 3 6 -67253
-24 -5 -23 -7 -61473
-3 -1 -1 -1 -68463
24 6 24 4 -45235
1 -8 2 -10 -63665
-20 13 -20 11 -70639
13 -5 13 -6 -50437
17 6 18 8 -52705
-12 21 -8 20 -60747
21 -19 21 -17 -53083
-17 -2 -16 0 -68071
-19 3 -19 2 -63279
-11 5 -10 17 -58743
-18 2 -22 1 -64187
-24 -22 -2 -24 -81531
19 -6 17 -15 -61829
23 20 24 20 -55939
23 2 24 3 -59189
-13 -2 -15 -4 -81493
6 24 8 23 -63741
-20 8 -20 6 -59461
17 -9 16 -9 -46061
-15 8 -16 7 -73687
-17 -20 -17 -19 -64391
-10 4 -9 3 -68957
-22 -18 -20 -19 -72947
-24 -1 -24 5 -53501
-12 -13 -11 -11 -61949
23 22 24 21 -60505
9 -19 8 -19 -53313
-24 4 -23 0 -53801
7 -10 9 -12 -63453
-6 -24 -7 -24 -55599
2 -20 3 -22 -60713
23 -16 24 -16 -59949
24 -7 24 -6 -44001
-6 5 -7 4 -56723
-23 5 -24 6 -50725
-13 2 -13 0 -65561
15 -6 15 -7 -50929
14 2 12 1 -59801
-24 -18 -22 -15 -64303
-19 -16 -12 -17 -82843
24 -14 22 -14 -64591
0 -23 3 -23 -47305
-11 21 -9 24 -55045
21 -24 18 -22 -44421
-12 -7 -9 -7 -66375
-14 7 -17 -14 -88603
24 -1 24 -5 -44509
-4 9 -5 9 -57539
24 18 22 19 -64627
-13 6 -13 7 -55353
-22 -3 -4 -7 -92085
0 15 2 15 -51731
-11 -7 -12 -10 -72137
-22 6 -23 5 -63145
-23 9 -24 11 -61861
5 22 4 22 -59441
24 -18 22 -18 -59921
-9 -11 -10 -12 -71759
13 11 13 10 -61191
-7 -15 -7 -14 -62219
18 -2 17 -3 -59833
-7 -23 -8 -24 -67955
-12 -2 -11 -13 -87811
7 -1 6 -3 -52333
1 12 2 14 -61649
19 16 20 20 -50797
24 -2 22 -3 -61065
-10 -23 -11 -24 -65955
