24 -23 24 -19 -68863
24 -14 -24 -15 -71125
-22 21 12 22 -73457
-11 -4 -9 -6 -64443
15 18 14 19 -68081
3 -22 3 -24 -53119
10 -8 9 -9 -56007
9 23 10 22 -66323
-1 18 -1 19 -71971
-24 1 -23 2 -60227
-11 -13 -14 -14 -50003
0 22 0 21 -74805
5 -3 3 0 -70215
-23 -8 -1 -9 -70291
-11 24 -12 21 -62597
-18 16 -17 15 -58223
-2 24 -1 22 -61377
20 -4 19 -2 -56891
19 17 20 18 -67163
-23 16 -23 15 -58065
-22 13 -24 12 -43987
-3 -17 4 -12 -62419
2 -24 3 -23 -61889
-22 0 -22 3 -58059
0 -24 -2 -23 -52111
-10 -4 -8 -5 -63483
-2 -14 -2 -10 -42035
22 -3 24 -5 -61281
7 -20 -24 -21 -63571
10 -16 7 -15 -51923
-24 6 -24 3 -45949
22 -7 24 -6 -51659
2 -19 2 -17 -64961
-1 4 -2 3 -62569
-5 23 -4 24 -67141
-18 24 -20 21 -48831
-5 15 -4 18 -60203
20 2 20 1 -63763
3 8 1 7 -71475
-2 -5 0 -3 -73349
22 20 22 17 -55931
-24 -12 -21 -14 -55467
-20 -2 -19 -1 -54685
24 11 23 13 -50841
6 -15 6 -18 -64655
-23 -22 -23 -24 -47873
16 -2 15 -4 -71547
-8 -8 -8 -10 -57199
9 -23 10 -23 -52425
-24 -3 -24 0 -48071
-15 -15 -20 -15 -60495
5 19 4 21 -79339
-4 -15 -3 -17 -56309
-22 -16 -23 -16 -53375
-12 -20 -12 -14 -54659
9 24 10 24 -58699
16 7 15 9 -64191
-23 9 -22 10 -50313
-18 6 -23 3 -55931
24 15 23 11 -54761
1 -7 3 -6 -56319
-23 -11 -24 -7 -60695
-24 -15 -24 -11 -42855
-23 4 -24 4 -54795
-11 13 -12 12 -58883
11 -22 10 -24 -62629
-10 13 -11 13 -57903
-22 22 -23 24 -51499
24 -4 24 10 -66345
-16 -22 23 -20 -67729
16 13 16 21 -68253
-2 -1 -4 1 -59365
13 21 13 20 -60297
-16 -5 -16 -7 -50017
-10 24 -13 23 -58023
15 12 14 12 -62131
18 -21 20 -22 -58321
13 20 15 24 -58825
-10 -11 -10 -14 -44691
-13 -3 -11 0 -49891
16 15 17 15 -64427
21 -3 20 -3 -59513
-22 -1 -20 -3 -48187
19 24 19 23 -49861
24 -3 23 -3 -58747
-8 -8 -9 -9 -53253
-14 8 -13 7 -54745
2 2 0 17 -98669
-5 -19 -5 -20 -56281
7 4 10 6 -60143
6 -15 6 -13 -57651
-20 -22 -21 -23 -63601
18 -22 17 -23 -51225
1 -3 1 0 -69883
-5 24 -4 22 -55867
4 22 4 24 -67473
-1 22 -2 20 -75423
-16 -23 -17 -23 -57003
0 15 -2 17 -68517
10 -19 11 -17 -53215
-19 22 20 20 -77411
22 2 24 0 -58605
-15 -16 -17 -11 -56651
-6 20 -6 19 -59857
-21 -19 -21 -17 -57309
23 -18 24 -17 -49237
5 -1 4 1 -62727
-2 24 -3 24 -48715
18 -21 19 -24 -62015
11 0 5 -2 -75303
-9 -8 15 14 -96721
4 -12 8 -11 -55591
-11 -17 -10 -17 -47157
1 -20 0 -22 -64065
-3 -23 -4 -24 -50691
17 6 18 1 -60159
-24 -9 -24 -8 -58183
-10 19 -9 18 -50399
-3 14 20 13 -88499
-6 -7 -5 -8 -57191
0 -18 -1 -17 -66233
7 -23 10 -24 -53591
-4 11 24 -13 -83193
-24 -24 -21 12 -63317
14 2 12 2 -64459
-5 9 -7 9 -52307
-17 -5 -17 -3 -46757
-7 -21 -10 -20 -52801
5 -4 4 -7 -59453
-15 24 -16 24 -59607
14 -3 13 -3 -55989
0 -23 1 -23 -58779
-18 -24 -17 -22 -56297
-9 7 15 8 -90437
5 6 5 0 -63683
10 -4 9 -7 -58055
-6 -4 -6 -5 -67055
16 24 19 23 -64079
-7 9 -7 8 -49005
-17 9 2 5 -84399
-21 -5 12 -4 -84857
23 23 21 24 -48423
-18 16 -20 16 -41027
0 23 0 24 -65983
17 24 12 24 -61003
17 23 20 23 -62343
-24 -24 -23 -24 -40725
6 -8 6 -10 -48183
9 12 9 13 -61363
-23 -24 -20 -24 -54071
11 -24 10 -22 -56061
9 -11 8 -12 -62209
24 12 24 21 -53895
-23 17 -20 18 -36577
22 -20 23 -24 -66651
-22 24 -22 20 -44841
11 -8 10 -17 -67815
8 23 8 24 -50965
-9 3 -8 3 -61103
-18 24 7 16 -78029
-1 5 0 5 -65693
-2 -7 24 -2 -76919
11 0 12 0 -62195
7 -7 6 -4 -66557
0 -2 0 -1 -67389
19 7 21 -6 -81977
23 -5 23 -6 -45869
-24 -19 -23 -19 -47199
16 24 -4 9 -83537
13 -3 9 -5 -63269
16 -24 16 -22 -58255
18 -19 17 -20 -52861
14 4 17 4 -57231
-13 8 -13 9 -49017
-2 21 2 21 -57241
-6 -12 -5 -13 -45067
13 16 15 -2 -91449
-23 17 -23 15 -56921
7 -23 8 -21 -60263
1 18 5 20 -62889
15 -24 15 -23 -54143
-23 15 -23 13 -53057
8 -3 9 -1 -60899
13 -24 12 -23 -50231
6 22 5 24 -68209
-3 -12 -5 -14 -60021
-9 -17 -10 -19 -52451
10 18 14 18 -67717
-10 -5 -10 -3 -53439
8 1 0 1 -70491
-17 -9 -17 -11 -49265
5 17 4 16 -57215
-5 13 -6 14 -57377
-23 -23 -24 -24 -48993
24 -10 24 -11 -43123
23 -21 24 -21 -39531
-20 15 -21 18 -61509
-14 6 -13 8 -59065
4 3 6 4 -69465
-14 16 -15 15 -58427
9 -14 10 -12 -63375
-12 -15 -14 -11 -54197
-7 16 -6 17 -54133
8 -21 6 -20 -54919
23 -23 21 -24 -45631
-24 -8 -21 -8 -48433
15 -18 16 -19 -55219
-23 6 -23 7 -44149
-5 5 22 8 -93033
-16 21 -16 22 -54457
22 -11 21 -11 -58413
-16 19 -16 18 -48425
8 24 6 23 -52349
23 -7 21 -6 -60479
5 24 3 24 -49809
9 21 12 5 -90813
-16 21 -18 20 -59581
7 18 7 20 -68967
5 -19 6 -16 -69373
-1 1 0 2 -59555
-14 9 -14 12 -42689
24 8 22 7 -54709
-24 19 -22 15 -50451
8 2 7 13 -84039
11 -2 8 -1 -64065
14 24 14 23 -42489
-23 -3 -24 -7 -56267
-12 -24 -12 -22 -41151
1 24 3 24 -46957
-12 -7 -12 -9 -57087
-22 22 3 24 -73861
-8 0 -10 0 -64063
-5 22 -4 24 -72043
-2 6 -3 7 -68655
24 -14 23 -10 -56647
-8 0 -9 -1 -62811
-5 -23 -6 -24 -47947
22 -23 24 -18 -63037
19 -2 18 -3 -68835
16 -5 19 -5 -58041
16 -1 17 0 -73883
-24 -9 -24 -13 -50075
19 -12 21 -13 -59231
24 22 24 20 -55511
-21 -19 -21 -14 -58235
-2 -24 0 -23 -56249
-20 11 -21 13 -53251
14 -8 15 -4 -54421
3 11 4 13 -56371
24 11 24 9 -57753
-14 24 -15 24 -58815
24 24 24 21 -51541
13 -3 16 -1 -75335
-20 2 -24 2 -58843
0 2 0 1 -47367
5 3 9 1 -67859
17 0 17 -2 -63463
-20 9 19 8 -92623
-18 -12 -21 -11 -54145
14 8 14 13 -82881
12 -11 14 12 -83643
16 -23 13 -24 -47481
-22 -24 -22 -21 -55489
22 24 22 23 -48513
10 23 13 23 -61811
-22 -17 -23 -18 -52707
21 -24 20 -24 -49719
24 -22 22 -18 -58257
23 23 22 22 -48397
-5 12 -10 10 -57975
6 17 7 16 -66005
19 10 17 6 -71417
15 -12 15 -9 -63371
8 10 8 11 -71487
-1 13 0 13 -59087
24 15 1 -5 -89275
5 -18 2 -16 -65379
20 -19 19 -16 -58227
-19 -24 -20 -24 -56737
-14 12 -11 12 -62555
-2 0 -1 0 -70309
5 18 3 20 -75525
9 19 10 19 -67505
-9 -24 -5 -24 -51429
-18 -6 -13 -6 -55857
11 6 11 8 -57703
23 24 0 24 -65079
10 12 9 12 -54187
16 -20 16 -16 -56265
-13 -24 -10 -24 -50023
-15 -18 -14 -17 -51779
-22 6 -24 5 -59195
-24 -15 -23 -17 -45929
24 11 24 9 -57753
4 10 4 9 -67295
24 -12 23 -13 -50551
5 -22 4 -22 -47571
22 3 21 3 -54225
-6 14 -1 14 -61119
9 22 7 22 -66757
18 10 21 11 -57099
-17 -24 -19 -24 -60153
2 -23 3 -22 -67673
22 13 24 13 -52819
-9 -10 -10 -7 -63321
2 8 3 4 -69547
-13 4 -13 5 -49307
19 22 19 21 -61499
2 0 24 24 -81597
11 -4 10 20 -90473
8 17 8 16 -64915
-4 -24 -5 24 -76099
10 -24 10 -23 -54309
17 -17 18 -21 -66245
-4 19 -4 18 -65033
-8 1 17 2 -99353
-24 10 -24 8 -38793
-24 -22 -24 -20 -49755
-12 -7 -11 -4 -58477
-13 4 -17 3 -55203
16 12 16 8 -80139
3 -20 1 -16 -72453
0 -6 -8 -18 -76823
-19 -14 3 24 -87397
17 -14 15 -13 -51317
-23 -8 -24 -9 -47867
17 17 17 16 -56497
19 -13 19 14 -84291
-4 -3 -4 -4 -69227
24 15 22 14 -57503
-18 12 -18 13 -51061
-22 -3 -24 -4 -55795
-9 23 -8 24 -57503
-5 -13 -5 14 -74929
-6 -23 -5 -24 -52401
24 -2 23 -3 -51725
-3 1 -2 24 -87395
23 0 24 0 -59673
-14 0 -12 0 -60059
10 -24 11 -23 -56259
24 -14 24 -11 -55933
-17 22 -15 24 -60661
0 -17 -2 -21 -68125
10 23 10 21 -60755
23 -24 20 -24 -49583
-6 -24 -3 -24 -48883
2 -5 -5 0 -80043
15 -9 -16 10 -92181
15 -10 22 -9 -62919
-24 -15 -22 -1 -69815
-24 -7 -24 -4 -54179
9 20 8 19 -61739
2 3 1 19 -97441
-9 1 -9 2 -40987
24 -24 24 -21 -60265
2 -1 2 -11 -72517
14 -12 14 -10 -63913
-10 8 -12 6 -65185
20 4 19 3 -59147
20 0 20 18 -86243
-7 3 -6 5 -54199
-2 4 -1 13 -82139
0 16 0 14 -53893
-24 20 -22 20 -32901
0 -20 -3 -18 -65715
-10 24 -9 24 -57137
-11 23 -11 24 -55043
-18 -9 4 -3 -83477
-10 -14 21 -8 -81109
1 18 1 21 -78399
-17 9 22 10 -92221
-13 24 -13 22 -58797
-14 -2 -16 0 -51177
-18 -22 -19 -24 -60793
-21 -19 -19 -22 -54711
9 9 8 11 -77145
5 -21 6 -18 -64085
-19 7 -18 4 -51051
-11 -24 -14 -21 -59481
-6 -15 -7 -17 -56461
-18 -16 -15 -12 -53723
17 20 15 22 -71427
-3 15 7 6 -85549
-22 22 -24 24 -47161
11 13 12 17 -61853
-18 -11 -19 -7 -57351
9 -12 -12 -4 -87083
4 -10 5 -11 -55477
-14 15 -16 16 -57937
-7 15 -6 12 -50349
-14 16 -16 11 -57225
-24 -24 -22 -23 -56451
10 17 9 20 -74317
6 -14 5 -16 -61737
-24 1 -23 4 -61519
3 -22 2 -22 -58023
-4 -22 -3 -13 -72289
19 -21 18 -21 -55817
-14 20 -17 20 -67835
-23 14 -24 11 -51045
13 23 14 23 -61849
20 1 20 0 -64269
13 0 13 1 -55183
-15 -8 -17 -9 -49403
24 21 23 19 -53267
-18 -20 -16 -19 -54747
-5 -22 -5 -24 -46171
8 -21 7 -18 -56045
-5 -1 24 -23 -74007
-14 22 -13 19 -61865
-19 -3 -18 -3 -50751
6 -7 -9 -4 -85235
-24 -12 -24 22 -60101
-6 -17 -6 -15 -55437
-21 24 -2 24 -71189
4 -14 2 -13 -58673
19 13 21 12 -60753
-7 -9 -6 -5 -64401
15 -24 13 -24 -43449
-1 6 3 10 -87687
24 -20 24 -24 -67527
-13 14 -13 24 -63407
19 20 16 19 -69969
20 4 20 6 -58365
-6 -4 -6 0 -61457
24 7 23 6 -56711
1 -24 1 -23 -48009
-21 23 -22 24 -47431
9 0 9 3 -50225
-12 -4 -13 -4 -53625
14 -15 13 -12 -62313
-9 24 -7 21 -57069
8 -3 8 -1 -53835
-14 -24 -14 -16 -55211
-18 8 -19 6 -49699
-5 24 -4 24 -49369
-24 -18 -24 -20 -46133
-22 -24 -3 0 -67235
-8 24 -9 24 -57115
20 -15 20 -13 -60139
17 -16 0 1 -88209
-16 -23 -17 -22 -58399
-24 -5 -23 -7 -51485
1 9 0 8 -76467
24 6 24 4 -48853
2 5 0 5 -63015
0 -8 1 -7 -60651
19 11 18 13 -63295
13 9 14 11 -72121
-23 21 -23 20 -36917
-13 -23 -12 -23 -51871
20 -14 19 3 -71281
0 13 0 11 -55165
8 17 9 15 -71343
-2 -12 -6 -13 -59595
-24 -3 -23 -3 -48801
-10 5 -12 4 -63659
23 20 24 20 -48243
23 2 24 3 -54145
-2 -5 -1 -5 -63457
-10 4 -10 3 -48015
24 0 22 18 -75131
-2 22 0 24 -64797
17 -15 17 -14 -57805
18 18 19 18 -68107
-11 22 -13 23 -57021
24 -14 22 -13 -49381
-1 9 0 7 -71061
-5 -2 -2 0 -69083
23 22 24 21 -52619
16 14 14 11 -69271
-24 4 -23 0 -52043
-8 -21 -8 -22 -49291
-24 -1 -24 0 -50271
17 -10 16 -14 -64965
23 -16 24 -16 -47891
24 -7 24 -6 -39535
10 7 9 10 -74015
-23 5 -24 6 -44605
8 -7 8 -3 -60551
-15 -22 -14 -23 -58499
21 11 -16 -7 -93645
20 -13 21 -11 -63749
-8 -23 -7 -24 -52125
23 -19 23 -16 -45409
0 16 -3 18 -71349
2 23 2 24 -67011
10 -17 12 -19 -54575
12 10 13 10 -53579
-19 24 -16 23 -45189
24 -1 24 -5 -43779
-6 -6 15 -10 -86619
24 18 22 19 -54471
4 -12 4 -11 -45723
20 22 22 22 -53745
22 17 21 14 -60335
-17 0 -18 2 -49867
1 -23 2 -24 -48087
-23 9 -24 11 -43491
18 16 15 13 -67491
-15 7 -17 7 -46119
19 1 16 0 -61347
18 -18 -22 -13 -80639
-18 -18 -20 -16 -63099
2 4 2 3 -56617
-5 4 0 8 -72725
4 10 6 9 -58803
16 -23 17 -23 -47153
6 -22 8 -24 -55649
-20 -14 -21 -16 -50351
-16 -17 -15 -19 -55227
-10 -23 -11 -24 -38983
