10 -7 11 -11 -50841
21 -8 21 -9 -60749
-16 0 -15 1 -53649
9 -2 8 0 -57785
-4 -7 -6 -8 -60593
23 2 24 1 -57405
18 24 21 22 -59565
11 -12 10 -16 -72011
-4 -22 0 8 -77913
-24 1 -23 2 -56839
24 -15 24 -11 -63919
-8 -14 -9 -12 -57699
-23 -21 -19 -23 -54637
14 -16 15 -13 -66705
-11 5 -10 1 -64405
0 2 -1 1 -65927
14 24 16 24 -49477
2 23 1 22 -64431
5 -21 7 -23 -63941
10 9 11 8 -57147
5 -13 9 -13 -60543
23 6 24 12 -46391
2 -24 3 -23 -53781
7 -7 9 -7 -67935
0 -24 -2 -23 -57545
20 18 20 17 -53953
6 -8 6 -7 -48599
4 21 6 24 -61091
-4 -2 -4 3 -64877
4 -16 2 -18 -53859
-24 6 -24 3 -56353
22 -7 24 -8 -56617
21 6 21 3 -66875
17 4 -1 6 -90993
-16 -15 -16 -16 -50787
-18 24 -20 21 -57497
-15 8 -15 9 -55433
24 21 24 18 -54861
5 -16 7 -15 -60353
-11 -1 -8 1 -57953
23 1 1 0 -73641
-24 -12 -21 -14 -51981
-20 -2 -19 -1 -55305
24 11 23 13 -54899
10 5 7 4 -80737
-23 -22 -23 -24 -46669
21 -4 22 -9 -70431
-2 0 -8 -19 -76331
-13 12 12 8 -84351
-24 -3 -24 0 -51683
-7 0 -2 24 -84197
19 -15 20 -9 -66003
-8 -16 -9 -21 -52247
-22 -16 -23 -16 -56689
2 -5 3 -3 -53357
9 24 10 24 -44839
-17 21 -18 21 -64243
19 -16 14 -16 -65415
2 9 0 11 -60731
24 15 23 11 -54317
15 -6 15 -3 -61827
-23 -11 -24 -7 -54521
-24 -15 -24 -11 -54157
-23 4 -24 4 -54631
-11 13 -12 12 -53955
20 -10 24 15 -70475
12 -14 12 -15 -65533
-22 22 -23 24 -61553
-11 -24 4 19 -83557
9 24 9 19 -51087
18 6 19 -6 -75715
3 8 0 9 -66057
21 3 24 -8 -72375
-16 -5 -16 -7 -53137
-13 -8 -13 -10 -55983
3 18 -12 16 -82439
-12 19 -13 13 -60751
-18 -6 -16 -6 -54109
19 1 21 1 -62583
-23 -23 18 -20 -65575
16 15 17 15 -54355
13 -16 16 -18 -59753
-17 -13 -16 -13 -43597
19 24 19 23 -56037
24 -3 23 -3 -54915
-8 -8 -9 -9 -51083
-14 8 -13 7 -65795
3 -4 2 -5 -52759
-10 -19 -10 -20 -52723
-12 11 -11 10 -68597
23 -24 23 -21 -66429
-20 -22 -21 -23 -57737
18 -22 17 -23 -48883
-1 6 -2 6 -75029
-5 24 -4 22 -55101
-12 1 -8 1 -62211
-1 22 -2 20 -51123
-16 -23 -17 -23 -51461
-4 6 -2 7 -86019
6 5 7 7 -68273
20 -15 19 -16 -52997
-16 -3 -16 0 -56945
-1 11 -2 10 -58717
23 4 24 -3 -62585
7 2 7 4 -53265
23 -18 24 -17 -50507
-7 -5 -7 -6 -45811
-2 24 -3 24 -58311
18 -21 19 -24 -51133
-7 -16 -5 -15 -56777
-6 -8 -2 -9 -67685
-2 -5 0 -7 -60419
-11 -17 -10 -17 -53019
1 -20 0 -22 -60105
-3 -23 -4 -24 -59165
21 -10 18 -6 -68799
-24 -9 -24 -8 -48221
6 -14 6 -12 -57629
18 2 22 3 -63337
-3 -5 -4 -4 -58961
0 3 0 5 -62305
7 -23 10 -24 -54731
-1 -15 -2 -8 -60245
-2 0 -2 -1 -59919
24 16 23 16 -47999
11 -5 12 -4 -69827
17 7 17 -1 -67353
8 -18 8 -17 -53645
-5 0 -3 -5 -61881
-15 24 -16 24 -57095
11 8 11 5 -52839
0 -23 1 -23 -62723
-18 -24 -17 -22 -50447
4 14 4 13 -61751
-5 -14 -1 -16 -65169
-5 12 -5 11 -49275
-7 8 -5 9 -69963
16 24 19 23 -58115
0 2 0 1 -60357
-13 18 -12 19 -61709
7 -22 9 -21 -61289
-2 -21 -7 -20 -59893
-18 16 -20 16 -65269
-13 -10 -9 -7 -61043
11 6 10 6 -63757
17 23 20 23 -55663
-24 -24 -23 -24 -45617
0 -23 -3 -24 -68119
9 -1 9 0 -48887
-23 -24 -20 -24 -57735
11 -24 10 -22 -56051
-15 17 -16 17 -55661
-24 -15 -24 -13 -52379
-23 17 -20 18 -62619
-1 5 0 2 -61767
-22 24 -22 20 -52341
-4 20 -2 20 -66929
8 23 8 24 -46191
2 7 1 7 -61799
16 -9 16 -10 -55381
13 9 13 6 -57489
-8 21 -3 19 -64937
5 24 7 -4 -75303
24 3 24 4 -61895
-23 8 -22 8 -61011
20 6 21 9 -56009
8 -17 12 -17 -60849
-24 -19 -23 -19 -49759
10 0 13 -1 -71585
24 -21 21 -15 -84387
-6 -14 -3 -13 -62821
21 22 23 24 -46695
-24 14 -22 12 -60221
-4 16 -4 15 -61521
1 -6 2 -7 -57195
17 -1 17 -2 -59259
24 -12 24 -16 -62045
18 21 18 23 -64377
7 -23 8 -21 -61015
12 -5 13 -7 -55027
-19 0 -19 1 -61037
-23 15 -23 13 -53865
-12 10 -11 10 -59397
13 -24 12 -23 -66707
6 22 5 24 -48875
22 -4 21 -5 -58339
16 1 16 20 -82773
-9 22 -9 23 -73555
-18 14 24 14 -69323
-3 -13 -2 -13 -60129
-19 -10 -19 -9 -50403
-17 -16 -14 -19 -53391
-2 -10 4 -13 -59815
-23 -23 -24 -24 -48175
-3 6 -4 0 -74831
23 -21 24 -21 -44279
9 -21 9 -18 -54203
-19 11 -23 9 -66167
-20 24 -19 24 -56041
11 23 14 24 -48433
4 -10 6 -13 -58659
-19 3 -19 4 -62817
22 12 0 4 -79251
-17 5 -14 3 -64251
23 -23 21 -24 -50047
-24 -8 16 -8 -66365
-16 -24 -13 -24 -48053
-23 6 -23 7 -55661
-9 -24 -12 -24 -40343
-16 21 -16 22 -56599
22 -11 21 -11 -54055
-16 19 -16 18 -56847
8 24 6 23 -58749
-13 -20 -12 -22 -58539
5 24 3 24 -50911
-13 5 -14 4 -56327
17 5 21 1 -64031
-19 -23 10 -23 -64643
15 -9 17 -8 -61485
-21 -4 -21 -3 -51879
-7 15 -8 13 -58837
20 17 19 17 -53447
-24 19 -22 15 -60407
-12 16 -9 3 -79213
-6 7 -7 9 -64511
14 24 14 23 -44777
-6 -12 -5 -14 -62669
-12 -24 -12 -22 -54519
1 24 3 24 -57091
-23 4 -17 -24 -73767
-12 2 -13 3 -62755
-9 6 11 7 -86033
-17 -7 -19 -8 -48619
3 6 4 8 -62605
24 -14 23 -10 -55847
-15 -7 -14 -10 -55497
-5 -23 -6 -24 -52495
-5 -4 -3 -3 -59357
-23 5 -21 7 -68183
-7 17 -4 15 -62057
-15 -10 -15 -13 -48635
-24 -9 -24 -13 -49237
22 5 21 4 -65253
24 22 24 20 -60731
-21 -19 -21 -14 -66915
-2 -24 0 -23 -67979
24 13 24 15 -49893
0 -18 -9 0 -83679
14 8 16 9 -52149
-17 -3 -18 -1 -55723
-14 24 -15 24 -54693
24 24 24 21 -57033
7 16 8 16 -63623
-24 16 -22 15 -59553
16 2 15 1 -52243
9 17 10 18 -65687
-4 -8 -4 -9 -46443
8 23 9 24 -56267
-22 -12 -19 -11 -47967
16 -17 19 -16 -63169
14 -3 15 -1 -67185
13 13 18 20 -65185
-22 -24 -22 -21 -54609
22 24 22 23 -54583
-7 3 -9 3 -60481
-22 -17 -23 -18 -58073
21 -24 20 -24 -58045
24 -22 22 -18 -73031
13 -5 14 -4 -74015
8 12 12 12 -62173
18 17 16 18 -63463
22 24 23 23 -51903
-10 -5 -9 -6 -48659
5 -7 -9 24 -83933
12 0 11 0 -72287
-22 -2 -12 12 -82091
-19 -22 -19 -21 -55071
20 -19 19 -16 -58685
-19 -24 -20 -24 -52543
23 -17 24 -18 -66643
14 21 17 24 -66235
-2 7 -2 5 -64789
-18 8 -17 9 -63627
-9 -24 -5 -24 -46385
1 0 1 -1 -54689
1 -20 0 -18 -45433
16 -7 18 -6 -61883
7 2 8 1 -65959
-16 -20 -17 -22 -57983
-8 21 -13 5 -75333
-15 -18 -14 -17 -51379
-22 6 -24 5 -66599
-24 -15 -23 -17 -48313
6 -6 9 -3 -72829
14 10 14 9 -56903
24 -12 23 -13 -58433
5 -22 4 -22 -54705
11 -7 19 -6 -66097
24 -15 24 -22 -58595
17 21 18 22 -64385
6 -4 5 -5 -60747
-17 -24 -19 -24 -51951
22 -6 21 -9 -61939
10 16 10 13 -59151
-24 -4 -22 -5 -52387
0 22 2 21 -59975
-13 4 -13 5 -56307
-22 -7 -22 -3 -50371
-12 -11 -12 -10 -54689
-11 -13 -11 -15 -50505
-24 7 -22 -22 -68147
-19 13 -16 13 -58497
10 -24 10 -23 -45613
-19 14 -18 15 -63679
-15 19 -14 17 -55597
7 15 7 16 -57957
-24 10 -24 8 -43863
-24 -22 -24 -20 -46247
11 -24 8 -24 -50705
-6 6 0 6 -88727
13 11 15 14 -65123
24 7 20 9 -48165
7 9 7 10 -42569
-15 9 -13 11 -59005
14 11 14 13 -58273
-23 -8 -24 -9 -42049
-17 -7 -11 -4 -64183
18 -1 21 -3 -62963
-4 17 -4 16 -55537
-6 21 -6 24 -58039
-18 12 -18 13 -55167
-22 19 10 22 -71695
-9 23 -8 24 -54271
6 -7 6 -20 -73373
-6 -23 -5 -24 -51411
24 -2 23 -3 -51411
-2 13 0 12 -61615
23 0 24 0 -56597
23 17 24 18 -47669
10 -10 7 -13 -65899
11 17 12 17 -55141
-17 22 -15 24 -63395
-6 -4 -5 0 -62487
14 -15 13 -14 -58775
23 -24 20 -24 -57547
9 0 5 0 -88433
-22 13 -22 11 -58797
10 11 11 13 -64813
-18 19 -19 17 -60667
-20 3 -19 2 -63273
6 12 7 11 -60337
0 22 2 23 -67817
-12 18 -11 15 -49093
-9 1 -9 2 -53853
24 -24 24 -21 -65349
-23 22 24 9 -63335
-20 -18 -20 -17 -64101
23 2 23 23 -62115
15 19 14 20 -59059
-21 19 -21 17 -55329
8 20 7 20 -62651
-5 9 -4 8 -67897
20 13 21 11 -62581
-24 20 -22 20 -55123
-12 -17 -7 -17 -56723
-10 24 -9 24 -48655
-11 23 -11 24 -61495
-14 23 -13 24 -59165
-9 -3 -11 -1 -56769
18 13 24 11 -57867
-19 17 -18 15 -58935
-13 24 -13 22 -62241
-11 -16 -10 -17 -56717
13 -19 15 -18 -60587
-2 -23 4 -24 -65791
24 -24 23 -20 -64415
1 15 0 15 -55295
-4 5 -8 2 -65601
7 0 6 0 -78665
-21 7 -21 5 -63137
0 14 0 15 -63809
16 5 14 7 -57937
-17 -19 -17 -17 -60355
-22 22 -24 24 -58617
-23 -14 -21 -13 -58293
-2 -14 -3 -18 -49319
15 17 15 15 -53127
-8 19 -10 18 -59149
23 -21 21 -15 -81497
24 0 23 4 -66259
7 0 -21 -21 -72965
-24 -24 -22 -23 -57551
-12 0 -12 -1 -49673
-24 20 -24 14 -49391
-24 1 -23 4 -63637
-21 22 -22 22 -60085
0 7 -2 5 -74215
19 -21 18 -21 -62465
12 21 17 -2 -89085
-23 14 -24 11 -56273
11 -20 10 -22 -52237
16 21 17 16 -62529
3 -20 3 -22 -59719
15 -7 15 -9 -58251
24 21 23 19 -56499
-24 24 1 3 -72641
-5 -22 -5 -24 -50945
0 -23 0 -21 -60019
0 14 3 17 -64271
-24 5 -20 -2 -74515
-4 -7 1 -6 -70531
21 15 21 16 -50591
10 18 11 19 -62307
-6 -17 -6 -15 -46617
0 -14 3 -10 -58961
8 -4 10 -3 -77217
23 -24 14 -23 -65205
2 16 2 18 -55057
9 -24 9 -9 -71817
2 -9 1 -10 -53463
-3 21 17 21 -67375
2 -10 2 -8 -52993
-11 13 -10 12 -63807
23 -15 24 -14 -61389
23 -5 23 -4 -65653
0 -7 -1 -7 -60873
1 -24 1 -23 -54489
-21 23 -22 24 -64627
2 10 5 10 -63389
-12 -4 -13 -4 -53723
-17 -3 -14 -3 -58715
-1 18 -9 -6 -89979
10 6 4 3 -89723
24 0 24 -20 -61675
-18 8 -19 6 -66665
-5 24 -4 24 -69643
-24 -18 -24 -20 -44227
22 -6 20 -5 -63721
-8 24 -9 24 -50309
14 -24 13 -23 -68605
5 -23 5 -24 -50427
22 12 22 11 -54365
-24 -5 -23 -7 -50719
-15 10 -15 12 -53937
24 6 24 4 -55387
15 -24 13 -22 -69141
21 -5 19 -24 -69007
-5 9 -6 9 -71705
14 2 15 1 -59783
-23 21 -23 20 -45615
22 -23 -9 -23 -62269
-6 9 -7 5 -61307
-22 15 -24 14 -55041
-18 12 -4 0 -89179
-1 6 -4 5 -89083
-24 -3 -23 -3 -43389
-23 -18 24 -20 -60509
23 20 24 20 -50003
23 2 24 3 -55527
8 24 -24 24 -61961
14 -4 13 -1 -56409
-15 -4 -15 -6 -51349
-2 22 0 24 -59079
0 -13 5 -14 -54641
12 23 14 20 -56331
-11 22 -13 23 -47049
24 -14 22 -13 -57645
4 -24 6 -23 -53889
-9 23 -9 22 -73225
23 22 24 21 -57223
-5 -10 -19 -22 -65883
-24 4 -23 0 -64123
-8 -21 -8 -22 -55565
-24 -1 -24 0 -55431
-8 -14 -8 -9 -60061
23 -16 24 -16 -57085
0 11 0 14 -62007
19 -16 17 -12 -61741
-23 5 -24 6 -52229
11 -16 14 -10 -72473
-15 -22 -14 -23 -54565
2 24 3 23 -52677
-11 -22 -11 -24 -56737
-8 -23 -7 -24 -49363
9 -7 8 -4 -57215
8 10 9 11 -62495
2 23 2 24 -43333
14 -20 10 -21 -56531
15 -15 6 -13 -64803
-19 24 -16 23 -59181
9 -3 10 -3 -75717
14 19 16 21 -60689
24 18 22 19 -56527
-21 2 -18 2 -53387
10 6 9 -1 -64775
-5 24 -4 24 -69643
5 17 5 18 -52011
1 -23 2 -24 -54633
-23 9 -24 11 -51609
3 -16 3 -17 -46305
13 0 14 1 -62941
5 13 7 14 -62213
-4 13 -2 14 -62443
-4 0 14 0 -95197
6 9 8 9 -69733
24 -22 24 -23 -62481
7 -21 6 -20 -63625
16 -23 17 -23 -53529
23 -5 23 -4 -65653
-20 -14 -21 -16 -61673
-18 24 -18 22 -54153
-10 -23 -11 -24 -43727
