14 11 15 9 -60631
21 -8 21 -9 -49175
18 2 19 2 -57931
-13 7 -24 7 -67329
-24 -10 -24 -11 -53233
23 2 24 1 -49433
22 -19 20 -22 -55837
-2 -24 -1 -3 -79013
-22 -16 -21 -18 -54055
-24 1 -23 2 -53287
-10 8 -10 6 -58687
-13 9 -13 18 -61659
-11 -8 -9 -7 -62705
-24 -20 -23 -16 -58671
-15 -16 -15 -15 -53101
-6 -6 -7 0 -77933
14 24 16 24 -53103
-15 -5 -14 -4 -60855
-7 -18 -9 -18 -67803
13 -2 13 -3 -62129
0 -9 -2 -10 -69941
23 6 24 12 -58219
2 -24 3 -23 -46883
16 -8 15 -7 -60539
0 -24 -2 -23 -54567
20 18 20 17 -51519
14 5 15 5 -60185
14 13 15 14 -60191
-10 -2 -9 -1 -56895
9 -16 -7 -15 -79323
-24 6 -24 3 -50851
22 -7 24 -8 -55673
6 -22 5 -20 -64441
-9 13 -9 11 -46493
-18 17 -17 15 -54305
-18 24 -20 21 -57917
-15 8 -15 9 -56723
24 21 24 18 -54609
-12 9 -11 10 -63055
11 -16 12 -17 -67765
23 -22 0 -21 -68059
-24 -12 -21 -14 -54951
-7 22 -4 19 -60151
24 11 23 13 -56523
-3 -22 -20 -23 -72693
-23 -22 -23 -24 -53829
24 -13 24 -10 -50835
16 11 12 11 -62357
-12 -3 -12 -4 -75507
-24 -3 -24 0 -58291
-22 8 -21 6 -62751
-3 4 -1 5 -55563
22 -10 16 -12 -62659
-4 -3 -4 -22 -84483
-7 -9 -6 -7 -70655
9 24 10 24 -46967
-2 -24 -4 -23 -64237
2 2 1 -2 -54401
-7 8 22 4 -66419
24 15 23 11 -57907
-4 -22 -4 -18 -59025
17 15 18 16 -50437
-24 -15 -24 -11 -55919
-23 4 -24 4 -55985
-11 13 -12 12 -58297
2 9 6 7 -46149
12 -14 12 -15 -59227
-22 22 -23 24 -62717
21 0 21 2 -56035
9 24 9 19 -64725
7 -21 7 -20 -59307
6 2 -13 1 -76961
-20 21 -21 20 -55359
24 23 23 22 -61617
-1 -6 -2 -5 -70699
7 2 7 0 -59135
12 -3 12 -2 -63525
9 19 9 18 -44159
10 21 6 23 -58323
-8 -23 -10 -24 -56785
16 15 17 15 -56153
13 -16 16 -18 -70123
-17 -13 -16 -13 -55749
19 24 19 23 -51661
24 -3 23 -3 -52961
-5 -12 -5 -11 -61571
5 -24 4 -21 -58721
-20 6 -16 4 -65795
-10 -19 -10 -20 -57041
18 21 18 17 -55951
23 -24 23 -21 -65455
-20 -22 -21 -23 -62287
-1 -4 -24 -8 -70861
8 14 9 14 -47587
-5 24 -4 22 -56115
21 14 23 13 -64015
-1 22 -2 20 -59391
-16 -23 -17 -23 -51333
-5 -7 -6 -6 -73747
6 17 8 13 -53859
-2 -24 -8 -24 -79441
7 7 7 4 -53935
5 -2 7 -1 -60541
23 4 24 -3 -57033
16 -13 17 -13 -64945
23 -18 24 -17 -53633
-17 4 -18 3 -53811
-2 24 -3 24 -42045
18 -21 19 -24 -58311
16 -18 6 -14 -87487
-7 -12 -5 -9 -70805
18 1 16 3 -55161
-11 -17 -10 -17 -58033
-17 -11 -1 -7 -89601
-7 -1 -4 -11 -94467
-4 -7 -3 -8 -75541
-24 -9 -24 -8 -45875
-24 -23 18 -22 -65799
-20 -13 -19 -13 -55927
13 -5 10 -7 -74683
20 -17 16 -17 -64189
7 -23 10 -24 -66521
9 -18 10 -18 -65055
15 -9 0 0 -81467
24 16 23 16 -58299
11 -5 12 -4 -69425
-10 20 -9 18 -65309
-1 -4 -3 -3 -70275
14 -19 12 -20 -76413
-15 24 -16 24 -52831
8 2 7 4 -60563
16 -22 15 -19 -64889
-18 -24 -17 -22 -51037
0 -4 1 -2 -67581
5 -2 9 -2 -67631
6 22 7 0 -69315
-3 -12 0 -13 -74555
16 24 19 23 -53223
7 -6 -5 -10 -90887
-13 18 -12 19 -61193
1 -9 0 -9 -67437
-4 -1 -3 -13 -95111
0 0 -2 -3 -65959
-6 4 -7 1 -52023
11 6 10 6 -48179
17 23 20 23 -50089
-24 -24 -23 -24 -41075
23 -8 22 -3 -53905
9 -1 9 0 -56447
-14 -2 -14 -5 -76783
11 -24 10 -22 -63083
-15 17 -16 17 -56061
-24 -15 -24 -13 -50531
-23 17 -20 18 -61503
19 -6 20 0 -68091
-22 24 -22 20 -58489
-4 20 -2 20 -46587
8 23 8 24 -52367
-14 -24 -11 -14 -71993
16 -9 16 -10 -45267
-17 -19 -18 -21 -64949
-1 14 0 11 -59901
14 -18 14 -21 -58303
24 3 24 4 -48469
-23 8 -22 8 -55607
13 4 14 6 -60923
-17 -13 -17 -8 -69171
-24 -19 -23 -19 -45731
-5 -4 -5 7 -65353
-2 -22 0 -13 -67793
-10 10 -15 11 -70069
21 22 23 24 -66699
-24 14 -22 12 -56939
21 1 18 0 -63323
18 5 18 3 -50529
-9 -23 0 -24 -85809
17 -23 17 -19 -63969
19 -23 12 -22 -71453
20 17 21 16 -61971
-9 -15 -1 -13 -91377
-15 -17 -14 -18 -55969
-1 23 -23 24 -53199
-12 10 -11 10 -68575
13 -24 12 -23 -56707
6 22 5 24 -48839
6 -4 7 -2 -59587
17 0 15 0 -62117
0 21 24 20 -58329
-5 -8 -5 0 -86815
-19 -2 -20 0 -61093
-19 -10 -19 -9 -59059
-2 3 -2 15 -65159
9 -24 22 -12 -74821
-23 -23 -24 -24 -54519
22 22 21 22 -62911
23 -21 24 -21 -43941
-19 -20 -20 -20 -61659
-16 1 -17 0 -60273
-20 24 -19 24 -49195
11 23 14 24 -53877
18 19 17 20 -57645
5 -23 7 -23 -62599
2 -21 2 -18 -56813
-1 -16 0 -15 -61289
23 -23 21 -24 -50201
4 -14 7 -16 -53057
-16 -24 -13 -24 -53253
-23 6 -23 7 -51133
-9 -24 -12 -24 -57039
-16 21 -16 22 -60987
-11 -14 -11 -17 -62573
-7 -7 -2 -7 -74689
8 24 6 23 -57509
-13 -20 -12 -22 -59179
5 24 3 24 -46195
-13 5 -14 4 -52311
-7 -22 -6 -16 -67767
-4 8 -5 9 -67997
-18 2 -18 1 -53311
23 24 21 24 -56131
-11 -24 -8 -5 -80401
20 17 19 17 -55893
8 -23 9 -24 -63377
15 24 13 24 -54931
24 -14 24 18 -56039
14 24 14 23 -59803
-4 -12 -4 -13 -59509
-3 -24 0 -22 -62853
1 24 3 24 -44767
-22 -19 -24 5 -60765
4 -22 5 -20 -63395
23 0 -23 -24 -62129
2 -2 -1 -2 -64083
-11 22 -11 20 -64831
24 -14 23 -10 -58995
-1 1 1 21 -70213
-5 -23 -6 -24 -54223
-20 -16 4 -22 -76537
-8 11 -5 8 -71237
-2 7 0 7 -47759
-15 -10 -15 -13 -62077
-16 -15 -1 -1 -92413
-24 -2 -24 -3 -54055
24 22 24 20 -59443
-15 14 -14 14 -59661
-24 17 -23 17 -59349
24 13 24 15 -49893
22 0 22 -1 -54161
0 0 -1 1 -52279
-17 -7 -3 -10 -84577
-14 24 -15 24 -52497
24 24 24 21 -54367
17 -5 12 -3 -65063
-24 16 -22 15 -57953
11 0 10 3 -69701
0 4 1 5 -50753
12 6 12 4 -57929
8 23 9 24 -59111
9 21 8 19 -52431
-8 17 -8 18 -58701
-15 -7 -16 -9 -51363
2 -3 1 -4 -68669
-22 -24 -22 -21 -63843
22 24 22 23 -50313
-7 6 -7 8 -59679
-22 -17 -23 -18 -59271
21 -24 20 -24 -49441
-13 8 -13 -13 -82179
13 -3 12 -6 -64529
19 -3 21 -3 -62625
20 9 19 11 -66711
14 -15 14 -16 -54629
23 -7 19 -7 -60743
-5 0 -6 0 -54457
-23 -5 -16 -8 -72009
11 -12 9 -14 -67989
-19 -22 -19 -21 -58313
20 -19 19 -16 -54659
-19 -24 -20 -24 -51039
23 -17 24 -18 -49159
-16 -3 -16 0 -68747
22 -14 22 -13 -58843
-18 8 -17 9 -53171
-9 -24 -5 -24 -71799
15 -19 12 -21 -80289
20 -5 21 -1 -64551
16 -7 18 -6 -65811
0 20 -1 19 -54587
-18 -19 -20 -18 -60241
-10 5 -7 0 -65923
-15 -18 -14 -17 -58023
-22 6 -24 5 -55407
-24 -15 -23 -17 -48771
0 -12 0 -11 -54037
19 4 20 6 -53023
24 -12 23 -13 -55373
15 10 11 8 -61301
11 2 11 4 -64005
-9 11 -5 19 -59655
-6 -18 -7 -18 -74239
-2 -5 0 -4 -69231
11 -11 12 -10 -72169
22 -6 21 -9 -52763
10 16 10 13 -46581
-24 -4 -22 -5 -68949
0 22 2 21 -50457
4 -10 2 -11 -72159
20 24 4 23 -61389
-12 -11 -12 -10 -56117
-11 -13 -11 -15 -57157
15 22 15 23 -64335
-19 13 -16 13 -57273
10 -24 10 -23 -47393
0 -5 0 -10 -76093
17 -5 19 -4 -66467
16 13 16 15 -51361
-24 10 -24 8 -46865
-24 -22 -24 -20 -56969
11 -24 8 -24 -58143
2 8 3 7 -47759
-22 -1 -20 -1 -62569
-5 12 -3 9 -69137
-18 11 -16 10 -64719
3 16 1 16 -42783
14 11 14 13 -54053
-23 -8 -24 -9 -46471
16 -12 12 -10 -71163
0 -1 2 -12 -82005
-6 -13 -5 -13 -79047
-6 21 -6 24 -57561
-18 12 -18 13 -58107
24 12 23 8 -59377
-9 23 -8 24 -48441
6 -10 5 -12 -71393
-6 -23 -5 -24 -61653
24 -2 23 -3 -49033
-14 -6 5 5 -85255
23 0 24 0 -53421
23 17 24 18 -52799
10 -10 8 -9 -54353
11 17 12 17 -53069
-17 22 -15 24 -62323
21 10 21 13 -65593
3 -12 4 -9 -68541
23 -24 20 -24 -50339
14 -21 13 -24 -64579
-22 13 -22 11 -61309
10 11 11 13 -55845
1 21 2 18 -51079
-19 -16 -20 -18 -64243
-9 4 -8 5 -57845
12 -12 14 -11 -71073
2 -13 3 -13 -60457
3 -8 4 -7 -73401
24 -24 24 -21 -63543
19 9 19 8 -49605
-10 22 -11 18 -69369
-13 2 -13 5 -52591
-9 15 -7 15 -61289
-21 19 -21 17 -53883
8 20 7 20 -56377
4 6 5 9 -47575
8 -11 8 -15 -59803
-24 20 -22 20 -61343
21 9 23 9 -51497
-10 24 -9 24 -45075
-11 23 -11 24 -53283
-14 23 -13 24 -57879
-12 6 -9 -12 -88941
-24 -13 -23 -12 -50485
-13 17 -13 19 -59727
-13 24 -13 22 -59345
-16 -4 -15 -1 -76445
-21 -5 -19 -6 -67221
-12 -2 -11 -6 -79917
24 -24 23 -20 -57635
-18 -23 20 -19 -78319
-22 1 -21 24 -57121
15 -22 14 -23 -67847
-4 8 -5 6 -56999
-12 -14 -13 -14 -56599
22 5 24 7 -52747
-14 -9 -19 -10 -57065
-22 22 -24 24 -59101
-16 -16 -18 -21 -70213
4 -7 1 -6 -67589
11 17 15 15 -57985
21 7 24 6 -48567
-11 -24 -13 -23 -54145
-8 17 -9 17 -60899
4 24 3 23 -43067
-24 -24 -22 -23 -57109
-24 -12 -23 -9 -60385
-24 20 -24 14 -47565
-24 0 -24 6 -53129
-21 22 -22 22 -59903
10 -10 12 -9 -76537
19 -21 18 -21 -59665
24 -18 23 -13 -53853
-23 14 -24 11 -56317
9 9 9 7 -44819
-1 -17 -2 -17 -73167
-9 -24 -9 -10 -80531
-10 5 -13 7 -62035
24 21 23 19 -62763
19 -7 16 -3 -65159
-5 -22 -5 -24 -40827
-24 13 -24 14 -47837
-9 11 -6 10 -63705
-7 -1 -7 0 -54973
9 -14 8 -12 -55481
21 15 21 16 -52029
-12 -4 -11 -6 -69323
-6 -17 -6 -15 -55533
-12 2 -12 -2 -63247
16 12 17 9 -67573
-2 19 -2 17 -48751
-2 -22 -1 -21 -66973
17 -24 16 -23 -53879
-19 2 -20 5 -59137
13 23 12 20 -63827
2 -17 -2 -17 -71081
14 10 21 10 -59535
23 -15 24 -14 -60609
23 -20 24 -14 -51751
7 -9 8 -6 -57617
1 -24 1 -23 -44421
-21 23 -22 24 -64513
-8 4 -9 4 -59237
-12 -4 -13 -4 -57177
-6 23 -5 24 -45075
-19 -24 -23 -21 -51901
24 -10 23 -9 -51829
9 7 7 6 -50777
2 -7 21 -17 -81559
-24 -4 -24 -3 -47425
-24 -18 -24 -20 -53123
11 -22 10 -23 -52705
4 -6 5 -5 -66401
5 -3 6 -4 -66287
6 -24 7 -24 -61327
7 -17 9 -15 -55379
-24 -5 -23 -7 -51613
-15 10 -15 12 -58707
24 6 24 4 -43659
-12 -8 -13 -8 -62907
-16 16 -16 17 -53525
-20 12 -20 8 -63523
12 23 12 24 -61405
-23 21 -23 20 -53603
9 -3 11 -3 -61351
-3 3 -5 6 -61109
-22 15 -24 14 -57191
-23 21 -23 16 -58035
0 15 0 13 -54577
-24 -3 -23 -3 -65999
-11 15 -10 14 -60237
23 20 24 20 -65137
23 2 24 3 -52415
8 24 -24 24 -45473
-2 21 -3 24 -54839
14 -9 20 -19 -82251
-2 22 0 24 -45535
11 3 10 1 -60493
12 23 14 20 -64967
-11 22 -13 23 -51191
24 -14 22 -13 -57245
4 -24 6 -23 -55729
-20 -8 -23 -7 -68985
23 22 24 21 -56215
-24 -23 -23 -21 -66493
4 2 4 4 -53873
-6 8 -4 9 -53345
-24 -1 -24 0 -52057
-16 5 -18 9 -67357
23 -16 24 -16 -55519
0 -13 2 -15 -59407
2 14 1 17 -59793
-23 5 -24 6 -55653
-9 -10 0 -14 -90247
-15 -22 -14 -23 -56193
2 24 3 23 -50077
-5 15 1 11 -65701
-8 -23 -7 -24 -55809
-9 18 -8 16 -64043
8 10 9 11 -54723
2 19 1 13 -60185
-15 -11 -16 -9 -64031
16 -12 17 -11 -60211
-19 24 -16 23 -48407
-6 -4 -6 -9 -81061
7 -16 7 -20 -50645
24 18 22 19 -66637
21 -21 -10 -24 -75777
-20 -6 -19 -5 -50249
-24 -2 -23 -2 -65179
-3 -18 -6 -19 -76009
1 -23 2 -24 -42913
-23 9 -24 11 -56193
-11 8 -12 9 -64109
13 0 14 1 -58295
5 13 7 14 -48741
-11 24 -9 23 -49359
14 -11 15 -15 -67139
11 1 12 0 -62795
24 -22 24 -23 -61085
21 -7 20 -4 -59169
16 -23 17 -23 -59643
15 -6 17 24 -70249
9 -2 11 -5 -63573
-18 24 -18 22 -56841
-10 -23 -11 -24 -47231
