17 -13 15 -10 -64407
-21 8 -24 14 -70423
24 15 20 12 -63027
4 -16 4 -15 -55521
-15 -21 -15 -22 -49287
10 23 11 24 -48243
11 4 8 2 -56129
-7 11 -7 14 -66585
11 12 10 15 -62459
-1 13 -2 12 -79307
17 -19 19 -24 -59603
-8 2 0 1 -95125
14 -23 15 -21 -54687
-21 -12 -23 -12 -55679
19 10 20 6 -66231
2 -21 3 -20 -59629
-1 20 0 17 -83889
-24 -15 -19 -14 -60765
-12 -7 -16 -3 -75973
11 -14 12 -16 -66203
-2 21 -5 24 -69559
-7 -20 -13 -24 -61133
-23 -6 -21 -5 -68815
-3 5 23 13 -75305
-24 20 -23 -20 -79705
3 7 3 8 -56295
-13 24 -13 23 -50083
3 -18 1 -18 -57823
0 24 -3 24 -74399
-9 -4 -10 -2 -67905
1 -12 2 -12 -57317
21 10 18 7 -73951
-6 -4 -6 -5 -68721
6 20 6 21 -63743
14 9 14 11 -60175
17 6 18 7 -68027
4 1 4 0 -54899
11 23 11 20 -63195
-24 -3 -21 -4 -54399
-15 -24 -13 -23 -55383
8 11 -13 17 -96751
7 19 10 19 -62813
3 9 2 13 -69929
-21 4 -18 4 -69969
8 0 8 -3 -47927
-17 22 -22 20 -83151
7 -24 -19 -24 -66935
1 20 -2 24 -92911
15 -21 17 -16 -66495
15 -24 19 -20 -66073
23 -2 24 0 -52655
8 -13 9 -9 -50529
22 -8 24 -19 -65349
8 11 5 9 -59003
-10 -24 -13 -24 -56097
13 6 13 1 -63405
21 7 23 7 -66691
9 19 10 10 -69645
-9 -19 -15 -24 -70435
4 -1 2 0 -58257
-22 24 -18 22 -56923
-20 -12 -23 -8 -72039
-1 -22 -8 -23 -72097
0 -3 -23 -21 -73029
-14 23 -14 21 -68301
23 -15 22 -13 -50457
-23 -14 -20 -18 -64823
13 -1 13 -2 -51405
18 22 10 24 -62987
-23 8 -15 5 -89303
-1 5 2 4 -66153
4 10 3 9 -67531
17 -15 18 -16 -59925
-9 24 -5 23 -67129
0 4 -1 3 -71645
0 -10 -1 -7 -59589
-12 22 -12 23 -64587
3 -15 -1 -18 -70399
21 -17 19 -18 -58937
24 -5 17 -7 -59965
6 -20 8 -18 -65239
-2 23 -24 20 -97163
-4 19 -4 17 -73427
18 -7 17 -6 -58689
-2 -23 0 -24 -55661
-20 1 -14 1 -72437
-4 23 -4 21 -65069
-23 22 -24 17 -60049
2 -24 3 -19 -62057
10 -2 8 -4 -60813
-3 -16 -2 -17 -63269
-15 -19 -11 -21 -71501
-6 -10 -7 -11 -61155
-2 -16 -2 -14 -62019
-6 15 -12 4 -86819
-23 -9 -24 -8 -48531
-22 -12 -24 -16 -54601
-22 8 -24 5 -56847
-14 -14 -11 -11 -62153
-5 -7 -5 -9 -59771
6 -21 5 -24 -56367
-1 15 -2 16 -92507
20 23 23 21 -64663
-5 14 -6 13 -69211
22 -3 23 -2 -66191
-14 21 -16 23 -61255
-23 -4 -23 -1 -55855
-3 19 0 20 -86577
-10 -5 -10 -6 -65111
-20 -2 -20 -3 -66685
24 3 21 5 -74141
-17 18 -18 17 -73031
-4 -23 -4 -20 -53655
1 -2 -1 -2 -66253
-24 -10 -23 -5 -64281
4 10 4 13 -68333
-2 -24 1 -23 -53737
-23 13 -23 11 -59097
-19 14 -22 -1 -86813
-10 -7 12 -10 -73359
1 -13 -1 -16 -69499
-12 -10 -12 -15 -67185
-16 -17 -18 -19 -69439
23 24 20 21 -67947
-7 3 -6 1 -82025
-8 5 -7 3 -70471
9 -20 15 -24 -55179
22 13 23 12 -55149
9 -22 13 -22 -62159
6 -15 7 -18 -67139
13 15 15 17 -65797
18 -19 24 -22 -52571
-6 -19 -4 -16 -64329
-19 -24 -21 -16 -61155
-9 8 -13 10 -73193
-24 17 -23 11 -61989
-20 22 -20 21 -50973
-19 -11 -21 -13 -64165
-1 15 1 17 -76473
-23 4 -22 6 -56319
12 23 13 24 -53473
-9 15 -9 17 -60653
-5 -12 -7 -11 -59887
5 14 -14 16 -101527
19 -4 21 -8 -68451
-9 -7 -9 -6 -63563
-9 5 -16 8 -76433
7 -2 6 -5 -49919
24 -5 22 0 -52109
9 15 7 16 -60161
-21 -8 -23 -20 -71499
-12 -6 -9 -4 -61259
-18 7 -18 9 -62551
-22 -2 22 5 -70257
-18 -23 -24 -17 -62367
-8 15 -1 11 -96207
22 14 22 9 -52049
-24 -10 -24 -14 -56313
-7 -1 -19 -8 -83325
-21 11 -23 9 -55585
13 -17 20 -14 -66107
-5 22 -4 24 -60961
2 1 1 -1 -63799
-24 22 -21 4 -77345
-10 -12 -9 -13 -60763
-12 19 -10 12 -68413
-15 -10 -18 -11 -58399
-14 2 -3 0 -84047
23 0 24 -8 -58827
-17 20 -17 19 -65517
-14 -15 -13 -17 -70319
-2 14 -2 16 -82195
-7 19 -7 18 -66141
2 16 2 15 -70255
17 12 17 14 -58655
-15 -24 -19 -24 -48043
-5 -23 -2 -22 -68509
17 0 17 1 -57735
-14 -4 -14 0 -69391
10 3 13 1 -60079
-11 7 -11 4 -62377
0 -22 1 -24 -52153
-13 7 -21 8 -85853
-19 19 -19 17 -69865
-8 22 -6 24 -69757
24 8 22 8 -54791
-24 -13 -21 20 -85243
-18 -21 -14 -24 -61915
-6 7 -2 6 -95107
-17 0 -16 -4 -68353
17 1 19 5 -71295
-6 10 1 6 -98467
19 -12 20 -10 -58755
-3 0 0 -6 -70317
-24 -13 -24 -6 -64773
21 12 20 11 -68997
-13 -16 -13 -15 -62531
4 24 3 21 -68657
11 14 8 13 -54961
1 -4 0 -7 -57943
-24 -11 18 -22 -68999
-15 -15 -17 -14 -62397
10 4 13 3 -57459
-3 11 -4 11 -82547
17 -12 20 -11 -59225
-2 23 -24 24 -84571
-10 6 -10 8 -66461
9 -22 -9 -24 -69987
-24 20 -3 20 -96681
20 19 20 20 -61821
-23 18 -17 19 -83583
-20 23 -18 23 -67627
-8 -21 -6 -21 -57227
-3 17 -2 15 -91211
-5 24 -7 24 -70273
15 21 19 22 -68859
22 -9 23 -23 -69603
13 -6 11 -7 -55021
-19 -2 -19 -4 -67753
-9 9 -8 11 -64165
20 -5 -15 -18 -72733
-19 24 15 21 -85361
-7 5 -7 -2 -73843
17 10 20 12 -76175
0 -14 -2 -12 -62151
10 24 11 23 -58563
-16 -21 -13 -23 -67219
-17 -14 -18 -16 -65119
-7 -20 -3 -18 -71417
20 24 23 21 -59663
-1 1 0 0 -68221
20 -11 18 -18 -61789
-23 -19 -24 6 -68675
-24 -17 -14 -15 -71573
3 22 2 22 -77959
-24 17 -20 17 -63387
-2 20 0 20 -93525
2 24 12 23 -67093
-10 20 -5 17 -72339
-11 -18 -10 -19 -65133
15 20 17 18 -62521
24 22 24 19 -47845
-19 -11 -19 -8 -65409
0 9 4 9 -67413
-4 -11 -2 -12 -60851
1 17 -11 12 -95645
-4 4 -2 3 -86873
13 -10 12 -10 -48975
-18 1 -17 2 -67653
4 -3 -1 -6 -62467
13 -2 16 -3 -50187
7 -24 8 -20 -63181
-21 -6 -21 -7 -65049
-3 -9 -4 -7 -59515
-8 23 -4 24 -76187
4 6 6 7 -69101
13 -14 10 -19 -58571
0 13 0 14 -76477
-13 9 -10 14 -64721
-18 -10 -17 -13 -68239
24 -12 23 11 -72251
-17 2 -18 3 -59457
-10 14 -6 11 -75231
24 22 21 20 -64313
3 -11 3 -10 -50701
-1 -9 -3 -11 -62417
-9 -14 -9 -15 -56913
3 -24 1 -20 -63999
23 23 -21 24 -71599
-22 24 15 23 -81291
-21 8 -20 6 -71129
-14 -7 -13 -8 -67169
18 23 20 23 -64827
7 -24 15 -23 -58115
-20 2 -24 0 -54143
-2 13 -1 13 -86375
-6 13 8 -6 -87509
-7 -5 -6 -3 -68611
13 -18 11 -20 -64087
19 15 18 14 -68213
16 -7 13 -5 -51767
-17 24 -19 21 -63827
19 7 19 8 -63369
0 -23 -3 -23 -64581
21 2 21 4 -64621
-5 20 -1 10 -104597
1 23 4 24 -79853
0 3 0 4 -65519
15 -18 22 -24 -71191
-21 14 0 21 -92747
-21 -3 -24 0 -57615
-9 -12 -8 -9 -64879
9 -15 8 -13 -68039
8 -4 10 -4 -53677
9 -2 5 -1 -67365
-20 17 -11 22 -84179
24 0 21 -1 -57145
-17 -19 -19 -22 -62333
20 -24 22 -18 -67127
11 2 9 9 -68695
5 -9 6 -6 -59979
-23 -17 -19 -20 -62127
-19 16 -19 18 -64811
-13 2 -7 9 -76601
-5 0 -4 -5 -71953
-10 -24 -14 -23 -60411
-18 0 -18 16 -85359
-19 -17 -19 -23 -60831
21 -9 20 -8 -71029
4 1 7 2 -68045
-8 -10 -9 -10 -55617
-15 15 -12 15 -60595
-2 0 -2 2 -67533
19 9 16 10 -62533
0 21 0 22 -68725
-23 -9 -21 -13 -69225
4 -10 2 -13 -56265
12 -17 12 -10 -61949
24 24 -7 22 -72373
7 23 8 20 -72563
-24 12 -23 -6 -76219
-24 -5 -21 -2 -65775
16 -22 21 -22 -73379
1 -17 0 -22 -61759
24 -2 21 -6 -68563
6 -13 7 -14 -58715
14 24 15 17 -64987
14 10 15 8 -63373
-24 -6 -23 20 -82471
-6 21 -6 20 -66929
23 14 19 15 -70111
18 -1 19 1 -63369
13 7 14 4 -69725
9 -18 5 -1 -72409
9 3 8 5 -55963
-7 0 -7 -2 -62311
11 -17 7 -14 -71053
21 24 19 24 -61743
-2 11 -2 8 -57501
-12 -3 -10 -4 -63847
24 11 24 4 -59721
5 14 5 15 -62417
-15 21 -14 19 -63113
-10 -15 -11 -20 -69865
5 -22 8 -24 -52965
-1 5 1 9 -71553
22 -6 24 -9 -64841
-9 -7 -10 -12 -67447
15 9 16 12 -64693
13 15 18 -5 -83173
-15 -6 -14 -12 -68257
17 -7 17 -5 -49027
17 13 16 13 -65975
-6 -5 -7 -4 -64959
14 -21 17 -21 -57271
23 13 23 19 -60289
-13 -1 -13 0 -64915
-23 -7 -23 -6 -62843
0 13 5 11 -66477
-3 -2 -4 -2 -72561
6 -5 5 -10 -61317
15 5 15 4 -63683
2 15 -12 20 -105537
8 16 9 7 -69421
24 21 24 -20 -69395
14 19 16 19 -65115
-23 19 -23 20 -55103
-12 8 -11 5 -67409
22 6 23 5 -77401
-3 -18 -3 -21 -59123
2 -10 0 -9 -61903
23 6 23 5 -59947
9 21 6 24 -68645
8 -22 5 -22 -54233
-2 -13 -1 -11 -62327
21 -13 22 -10 -55077
4 -10 6 -10 -49025
-3 22 0 19 -98659
23 -24 23 -1 -65369
14 -22 24 -22 -72103
-7 -15 -11 -18 -63417
-24 4 -23 3 -47401
22 15 23 15 -60045
10 -20 13 -20 -62879
19 -15 21 -17 -61767
-24 23 -12 19 -81411
24 -6 24 19 -65763
-20 5 -9 4 -82173
23 -9 24 -6 -56879
6 14 12 19 -69417
-19 5 -20 6 -74691
2 1 3 -2 -60729
15 5 18 6 -58135
-14 -10 -13 -13 -67881
-7 3 -8 1 -58903
-3 5 0 6 -77357
3 6 5 5 -54875
11 24 12 24 -52367
-24 10 -23 5 -58763
-1 -15 -1 -14 -62465
-24 15 -22 12 -64307
13 22 13 24 -53911
-14 1 -14 0 -60973
20 20 20 24 -53253
-3 0 -5 0 -78519
24 -10 22 -7 -65215
-19 8 -24 7 -56591
-9 2 -3 8 -82257
-14 12 -9 9 -78887
-7 5 -5 5 -77721
21 22 23 23 -64123
-11 24 19 24 -77229
-8 -13 -17 -11 -73643
-16 -7 -14 -6 -55491
-23 9 -23 12 -62301
-14 -19 -15 -17 -66189
3 24 5 20 -72103
6 -23 3 -19 -66407
-22 -15 -21 -18 -59219
24 13 24 16 -47103
-21 22 -24 18 -70257
-2 -5 1 -5 -64017
24 -10 24 -8 -56593
7 1 9 2 -68277
1 22 2 24 -65777
11 -17 10 -24 -63151
24 15 22 20 -64523
3 24 0 22 -80117
0 16 1 19 -68737
18 3 22 3 -67511
-1 0 -1 -1 -62423
-3 7 -3 3 -74847
20 -10 22 -10 -54015
-10 -21 -10 -22 -57369
-2 11 -2 13 -70691
-13 24 -10 23 -49681
-1 20 3 21 -84407
-18 -5 -16 -7 -67461
9 10 8 5 -56173
6 -20 8 -24 -61003
-21 13 -20 14 -52575
21 -14 16 -12 -70857
-16 23 -17 22 -60525
24 -15 21 -24 -67931
19 -6 21 -3 -60913
21 -17 21 -23 -71759
23 -15 23 -23 -65909
-7 -21 -8 -20 -60287
21 19 23 18 -64659
-15 13 -15 18 -55101
21 -17 -2 -24 -67969
-17 20 -10 20 -65109
-7 -20 -7 -23 -59965
-1 15 1 15 -80717
24 -4 23 -15 -68527
12 2 16 -22 -69743
12 -2 13 -1 -56977
15 -22 15 -18 -58557
-24 -19 8 -20 -70513
19 22 20 23 -68785
3 23 5 24 -65427
-24 -7 -20 -4 -73143
8 5 -21 -11 -82607
-21 14 -24 18 -64621
22 -18 -4 -17 -72247
-24 21 -20 20 -56363
7 -21 8 -20 -66059
-19 -11 -19 -16 -69311
-1 23 3 21 -93337
10 20 10 19 -54875
15 -24 22 -22 -69419
23 15 22 22 -68339
0 9 -4 9 -91867
-12 9 -12 10 -58409
-3 24 2 23 -87561
20 8 22 5 -75245
16 19 15 18 -67497
17 0 16 1 -58089
14 -11 14 -10 -47505
-8 -19 -9 -21 -67987
-2 -20 -4 -19 -62317
17 18 17 17 -56193
-20 12 -14 9 -82749
-5 0 -3 23 -88763
-15 5 -16 1 -61083
24 4 24 1 -52107
14 0 12 -6 -62343
-10 -19 -10 -20 -68343
-22 -24 -18 -14 -60915
-8 -17 -6 -19 -68111
-17 12 -16 11 -68893
14 14 16 13 -60967
15 24 16 23 -51411
14 17 15 13 -61531
6 -12 3 -9 -58559
-24 2 -24 0 -47775
-4 -1 -21 0 -83179
10 -12 16 -18 -70917
-3 2 -1 6 -78773
22 6 24 0 -72659
-9 21 -8 22 -67461
-11 23 -12 20 -66051
22 -23 22 -20 -53025
5 22 6 22 -60419
-21 2 -21 1 -55011
19 24 15 20 -70743
10 14 13 16 -61521
-18 -24 -14 -20 -62189
-14 4 -17 2 -69863
-24 16 -19 22 -81911
21 0 22 -1 -57547
7 -17 8 -21 -65673
