-4 -10 2 -12 -94086
-3 -7 -1 -7 -70008
9 1 8 5 -54988
13 -12 13 -13 -57724
-2 -14 -4 -13 -77088
10 23 11 24 -58616
0 -8 0 -9 -58098
21 -9 23 -10 -70440
3 -23 4 -23 -56576
-19 -24 -11 -9 -73684
17 -19 19 -24 -58858
8 -8 9 -2 -67248
14 -23 15 -21 -56610
-21 -12 -23 -12 -62724
21 24 24 17 -64988
2 -21 -23 -13 -79998
-4 24 24 23 -53320
-23 -22 -24 -22 -56230
14 14 12 13 -54020
-22 -3 -10 -3 -73762
0 -12 -20 -12 -80686
-10 -22 -5 -23 -61270
13 6 13 9 -53292
-11 7 -13 7 -55478
1 5 -1 6 -64508
20 9 18 11 -63516
24 -23 -12 -2 -81286
1 0 0 -1 -65002
9 12 9 13 -60384
0 -22 0 -24 -66672
-17 -2 -16 -3 -59540
2 24 -2 24 -44890
14 15 16 15 -62106
-17 -24 -16 -22 -52952
-2 22 5 23 -58892
-23 23 -24 24 -40698
0 -22 -2 -20 -71718
17 -9 8 0 -87928
-8 -7 -6 -6 -58890
-15 -24 -13 -23 -52812
20 -1 4 -8 -86340
20 16 16 18 -66106
-13 -14 -13 -18 -56452
-18 24 -17 23 -63750
11 20 13 23 -67894
5 24 5 22 -42502
21 -7 0 -17 -94264
0 24 0 23 -40698
22 0 23 0 -54746
15 -24 19 -20 -71418
23 -2 24 0 -54646
-23 1 -23 0 -54340
10 4 8 4 -62620
-2 9 -2 5 -58702
-10 -24 -13 -24 -46424
-7 16 -9 15 -56894
17 -5 15 -8 -62330
19 -15 2 -13 -99046
17 21 16 24 -66212
23 -21 23 -19 -48490
-12 -8 -11 -11 -74640
-23 -4 -22 -7 -57476
12 12 12 11 -62008
-21 -1 -21 0 -57778
-19 13 -19 14 -64896
-18 20 -19 21 -63824
2 -10 3 -9 -63160
13 -1 13 -2 -61124
-18 -23 -18 -24 -45348
21 7 22 8 -57762
-16 24 -16 23 -50134
17 10 15 8 -61034
17 0 18 0 -54938
20 -23 24 -19 -65444
-9 19 -7 21 -63278
-6 -3 -8 -10 -80122
-24 21 -24 18 -49174
-14 -11 -12 -11 -68964
21 -18 19 -16 -61248
19 -15 22 -15 -70492
12 23 16 24 -59544
-3 -13 -3 -14 -68642
3 -2 2 -5 -66528
12 -14 11 -12 -57534
-20 -23 -19 -24 -51328
-13 22 -14 22 -64078
2 -15 -5 -19 -76982
-11 6 -11 5 -44926
-8 8 -11 11 -48668
8 -13 13 -10 -72680
-6 -24 -6 -23 -52500
5 -9 6 -6 -59726
7 9 10 6 -63148
-7 -21 -6 -24 -63638
-4 -2 -5 -4 -67758
-23 -9 -24 -8 -49756
-20 -2 -20 -5 -52650
-23 21 -24 20 -50596
-10 -6 -20 -6 -72084
-14 15 -14 12 -56312
6 -21 -8 -5 -99136
9 -18 9 -16 -60694
-20 -16 -19 -16 -70022
-23 11 -24 13 -59010
22 -3 23 -2 -63706
11 -6 15 -4 -69518
-22 1 -21 0 -60272
9 -24 9 -19 -56044
12 17 10 18 -54740
13 5 8 5 -67572
-13 17 -14 15 -67256
0 -4 0 -6 -69384
-4 -24 -3 -24 -40240
-13 2 -15 1 -52778
-3 -12 -1 -9 -68172
-6 -18 -7 -15 -73640
-20 8 -18 8 -62784
2 -19 3 -17 -62982
-14 -10 -13 -11 -74232
24 15 22 18 -61544
7 12 6 12 -44290
-11 -12 -9 -11 -54260
0 -24 -1 -23 -57474
23 24 20 21 -59314
-17 17 -16 16 -61598
-2 -5 -1 -6 -74244
5 -20 21 -24 -78046
-24 -19 -24 4 -59618
-3 9 -3 13 -43388
21 -22 22 -21 -66258
-24 21 2 23 -53198
18 -19 24 -22 -55044
17 24 16 21 -64518
-23 -22 -21 -23 -66072
-23 -8 -24 -9 -49946
9 20 7 20 -54634
-15 -21 -15 -24 -54168
6 20 3 21 -63662
-15 11 -18 12 -58562
-22 5 -24 8 -66338
12 23 13 24 -65182
11 10 12 12 -60112
18 17 18 19 -61206
-16 4 -15 3 -59826
0 -22 -1 -24 -63856
12 0 13 -24 -71662
0 -20 -19 -19 -74998
-16 19 -15 21 -59204
24 -5 22 0 -48820
-21 24 -21 23 -51044
-23 22 -23 23 -54374
3 -13 6 -15 -63482
-24 24 -24 3 -55594
0 -5 2 -4 -64214
7 -18 1 -18 -68532
12 -8 -4 -8 -96678
3 13 1 12 -51396
5 -19 22 -17 -93394
-10 -24 -10 -23 -45182
-11 -1 -10 -2 -61924
-13 -19 -14 -19 -63600
-2 -21 -2 -19 -78510
10 -17 13 -16 -71188
-24 -8 14 -8 -71206
-3 -11 -4 -15 -71374
-23 9 -23 8 -45672
-15 -15 -16 -18 -53476
8 23 5 24 -63760
23 0 24 -8 -49308
-2 15 -1 13 -50520
-5 -16 -5 -15 -70876
-20 -11 -19 -8 -67696
10 -11 -9 -8 -90722
8 -20 7 -21 -51376
17 10 17 9 -52914
-15 -24 -19 -24 -53228
-2 12 -1 13 -42514
17 0 17 1 -57920
5 19 5 17 -47840
15 8 17 7 -55566
9 -15 10 -13 -62556
-23 -22 -23 -24 -41178
19 9 17 9 -59450
-16 -11 -14 -14 -72138
13 -19 13 -21 -61242
24 8 22 8 -53670
19 -11 18 -7 -63658
-12 -3 -12 -4 -49372
23 16 24 18 -57132
20 -12 18 -13 -65354
-3 22 -1 24 -53608
-18 24 -14 24 -65564
8 -21 11 -24 -68254
5 2 4 3 -60752
-6 16 -10 19 -54262
-3 -1 0 -17 -89632
-4 -20 -4 -15 -75070
-24 -9 -23 -12 -51866
-24 14 -24 15 -48252
-17 23 -21 24 -61016
18 -16 19 -12 -67962
-21 8 -24 6 -61316
23 2 24 -1 -49884
18 -21 15 -20 -60890
3 16 3 18 -47948
23 22 23 20 -62824
-7 -12 -15 -1 -88604
-21 14 -22 12 -64346
12 1 11 1 -65716
20 19 20 20 -66660
24 -21 21 -15 -51166
-1 -12 -2 -11 -84418
-12 19 -13 19 -55674
0 9 0 8 -43990
-13 8 -13 10 -44004
-22 -11 -20 -15 -67352
19 -3 18 -3 -53714
-23 -2 -24 -3 -42270
13 -6 14 -9 -58802
6 -11 6 -9 -48324
-6 22 -7 22 -54216
-19 -22 -17 -22 -59164
-5 2 -7 -3 -66820
-5 9 -8 9 -60800
-5 -24 -5 0 -80778
10 24 11 23 -63010
-10 -23 -18 -22 -68902
-3 -4 -2 -6 -80168
-24 4 -24 1 -53374
15 -18 14 -16 -56316
8 8 9 11 -57118
19 -16 18 -17 -68546
-1 4 -7 4 -74506
17 13 17 14 -53766
-1 -24 2 -24 -61372
-5 -11 -5 -9 -64094
7 1 7 0 -56528
-3 7 -7 5 -80422
22 17 24 19 -58004
5 -14 5 -16 -61892
-13 -15 -14 -13 -68024
24 22 24 19 -58792
15 15 16 17 -52860
-12 12 -14 12 -54850
-9 1 -12 1 -51526
-20 -9 -21 -14 -66348
15 -3 10 -2 -71838
13 -10 12 -10 -61960
2 -14 24 -24 -79318
-9 7 -10 6 -57790
24 -12 0 -8 -93890
-14 -14 -12 -15 -70630
-8 23 -10 23 -48984
1 13 1 16 -48538
1 -3 4 -5 -64042
14 19 17 20 -64214
10 3 12 2 -65184
-9 1 -4 1 -73558
-15 17 -14 -7 -71354
14 -5 14 -7 -57694
-1 -12 0 -13 -78840
-24 -21 -24 -20 -54034
-5 11 0 9 -58682
-20 14 -20 9 -65316
-24 0 -23 -2 -53112
-24 -8 -24 -9 -49770
-7 -21 -9 -24 -47522
21 -11 22 -13 -68872
-21 -20 -21 -18 -57502
15 -15 15 -16 -60600
-11 -21 -12 5 -74940
-19 0 -21 -1 -55014
-11 -7 -11 -8 -66056
7 -24 15 -23 -59872
1 1 2 3 -64322
-23 21 -24 21 -51446
1 3 0 4 -67010
-1 -19 2 -16 -71328
8 -23 8 -24 -38924
24 1 24 6 -63624
-24 -14 -24 -17 -52150
-10 12 -8 13 -55916
0 -24 2 -22 -63410
-5 24 -6 23 -51644
-4 20 -4 19 -46258
-23 -16 -24 -16 -55780
-8 -11 -7 -8 -69330
-22 -24 -19 15 -67878
-9 5 -10 2 -54250
9 7 9 10 -57574
-11 24 -12 24 -48486
-4 2 -4 0 -61952
16 23 13 24 -59022
8 -4 10 -4 -61132
-8 19 -7 22 -62746
2 -10 -9 -17 -82040
-10 -9 -8 -9 -56154
-21 -24 -14 -2 -80570
21 -12 -1 -10 -103000
-2 9 -5 7 -60932
17 -19 18 -12 -74658
1 10 0 11 -52180
-21 9 -20 10 -56394
-23 23 -22 24 -50702
-4 -4 -3 -6 -78484
5 24 7 22 -65356
0 -6 -10 0 -86098
-21 -19 -20 -20 -70762
-23 13 -24 13 -47076
16 24 16 23 -58156
5 4 5 8 -57520
-9 0 -8 -1 -64904
20 17 19 17 -58520
-4 -10 10 -7 -92342
10 22 9 23 -67500
6 -17 6 -16 -66026
-23 18 -23 15 -47658
4 -1 4 -2 -59992
-15 -7 4 -4 -82520
0 4 1 0 -71344
21 -3 -10 -5 -88606
-12 -22 -14 -19 -62806
10 -23 8 -22 -65208
2 -14 6 -20 -81728
-17 5 -20 5 -60578
-6 -4 -6 -6 -70122
23 2 23 3 -63528
12 5 12 6 -46462
-19 12 -21 14 -64296
7 -23 4 -24 -48612
14 -20 8 -20 -73492
4 21 2 19 -53788
-21 -16 -21 -15 -58942
7 20 10 24 -54028
2 9 -1 7 -52854
-22 -24 -23 -24 -53600
17 17 15 19 -69636
21 24 19 24 -52472
-5 24 -5 22 -51492
-10 -9 -10 -7 -70772
24 11 24 4 -47928
-16 -6 -20 -5 -63600
-16 -4 -23 -2 -67854
21 23 16 23 -57242
5 -22 8 -24 -56400
24 16 23 9 -57558
22 -6 24 -9 -61738
22 9 19 9 -69352
17 -12 17 -11 -65080
-23 8 -24 7 -53664
-22 23 -20 23 -57004
18 -21 18 -23 -55782
-14 -9 -14 -13 -65220
15 -17 16 -17 -67624
14 -21 17 -21 -63834
16 2 17 4 -49148
21 -23 20 -24 -55366
18 -2 17 0 -66492
11 21 10 17 -48534
10 0 8 -2 -62846
22 20 20 20 -59508
24 -4 22 -7 -53906
21 -18 22 -14 -52806
-23 6 -23 3 -67222
-9 21 24 -14 -80582
-13 24 -15 22 -61746
-8 -21 -9 -21 -52540
3 11 6 13 -56844
-14 13 -13 15 -64590
6 -3 8 -3 -61362
0 -15 1 -17 -65328
23 6 23 5 -51076
-17 12 -20 12 -61116
-23 -15 -21 -15 -70238
6 16 6 15 -45208
21 -13 22 -10 -60112
-17 24 -18 23 -53924
24 9 24 14 -50910
-22 23 -20 24 -57128
-3 24 -6 24 -47372
-17 2 -17 -3 -62400
-24 4 -23 3 -62880
22 15 23 15 -52448
-12 -20 -13 -24 -53632
-15 1 -15 2 -55564
16 -3 18 -6 -63718
0 -20 1 -22 -76018
-14 23 -14 21 -49866
23 -9 24 -6 -55580
-23 13 -23 12 -60180
8 -1 8 -6 -66816
1 -2 2 -24 -76804
2 -2 6 0 -59994
-18 17 -15 17 -60806
14 -10 18 -9 -60932
-15 23 -16 24 -61056
24 -10 24 -11 -57118
11 24 12 24 -54296
9 24 -1 24 -60196
-21 -15 -20 -16 -71714
-6 -23 -5 -24 -58174
13 22 13 24 -62034
17 -19 17 -20 -61146
20 20 20 24 -62782
-23 -20 -23 -21 -58630
4 2 4 3 -62272
-21 19 -22 22 -66274
14 -5 13 -3 -65056
15 -17 17 -16 -71740
-22 18 -24 18 -56086
21 22 23 23 -52142
-7 -22 -6 -22 -55238
23 -9 24 -12 -63788
-1 24 -4 24 -45340
2 11 -1 11 -54636
-4 -1 -3 0 -64966
-2 8 -3 -3 -82014
4 -12 1 -13 -66238
19 4 21 7 -59216
24 13 24 16 -52992
5 -4 6 0 -69444
-24 -20 -23 -20 -60470
24 -10 24 -8 -57700
-17 3 -17 0 -62364
1 22 2 24 -53840
-18 18 -18 20 -54100
24 15 22 20 -67488
-10 -16 -10 -20 -59120
-2 -22 -2 -24 -69964
-24 -12 -22 -16 -63092
-7 -15 -8 -19 -65828
-5 24 -6 19 -64664
20 -10 22 -10 -68542
-24 -20 -23 -17 -52504
11 -1 11 0 -62332
-19 -6 -19 -7 -54404
2 -24 1 -24 -60350
5 -20 5 -24 -54288
23 13 24 12 -53246
-6 16 -6 14 -44104
-18 7 -18 5 -53578
2 -10 0 -13 -65554
-2 18 1 -18 -79882
-16 24 -13 24 -65406
21 14 20 11 -55052
-16 6 -18 9 -60304
-24 22 23 24 -43214
-4 -8 4 -12 -95890
9 11 8 14 -60164
0 5 0 4 -62682
-19 -13 -16 -6 -77940
12 9 9 12 -63324
-23 -14 -24 -16 -53180
-7 23 -6 20 -56572
20 -13 24 -12 -60976
-8 5 -3 8 -82422
-19 -17 -18 -17 -66508
19 -23 21 -23 -55472
-22 5 -22 4 -65838
21 17 21 15 -59110
3 23 5 24 -51248
-23 1 -24 1 -46694
-14 10 -15 9 -55364
-10 17 -10 18 -48082
-23 -24 -22 -22 -41964
-6 7 3 6 -72250
-24 10 -23 9 -55132
-13 -24 -14 -23 -53852
24 -7 20 -6 -58786
23 6 20 6 -70492
15 -24 22 -22 -69242
-24 6 -23 6 -54208
-24 -5 -24 -6 -45498
-6 23 -7 24 -45586
22 9 24 7 -60640
19 8 21 6 -64138
-13 -9 -14 -10 -63010
16 6 12 6 -57100
14 -11 14 -10 -55226
-23 20 -24 23 -58656
-13 17 -13 15 -61122
-17 16 -17 17 -60612
14 1 14 0 -62444
-2 -19 -2 -21 -78990
-11 -3 -12 -4 -55716
24 4 24 1 -62666
-23 4 -24 7 -66132
-8 -8 -7 17 -73640
4 -19 5 -20 -65818
-15 6 -13 6 -60154
11 -17 10 -20 -62348
7 23 9 22 -69420
15 24 16 23 -59732
13 15 13 14 -52324
24 0 21 -2 -65142
-21 16 -19 19 -59286
-22 -21 -20 -21 -68476
23 4 21 6 -64706
-13 -13 21 -14 -85202
12 0 13 2 -58958
20 -6 19 -8 -61440
-5 -24 16 -24 -67620
22 -23 22 -20 -49628
-9 24 -10 23 -53082
-18 -6 -19 -7 -62776
15 18 14 19 -65738
-4 6 -6 -1 -74090
6 8 3 8 -52354
2 2 3 1 -61890
-22 -13 -21 -12 -61850
-8 -2 -6 -4 -68426
-15 -21 -17 -18 -62620
