-13 8 -12 5 -65673
-8 -7 -8 -10 -71501
-16 -23 -19 -24 -58229
24 0 24 1 -44101
-8 10 -7 10 -62711
6 -23 5 -24 -59907
10 3 9 -2 -56807
8 -15 6 3 -76505
20 22 20 24 -55655
-23 11 -24 11 -60427
-1 5 0 10 -68729
10 -24 13 -24 -61825
-2 17 -2 18 -58919
1 19 2 18 -62785
20 -6 22 -9 -69483
16 5 19 2 -68167
10 1 8 0 -47205
-23 -22 -24 -22 -55057
18 -13 17 -11 -58781
-18 -9 -19 -8 -60983
-24 18 -24 21 -67481
19 5 20 2 -54737
-9 13 -11 15 -64449
-6 9 11 11 -77561
13 22 11 23 -59465
-2 -17 -3 -19 -60513
19 11 18 9 -52781
-21 20 -18 22 -60007
-9 -15 -11 -14 -48279
16 -12 14 -15 -48769
-8 -4 -9 -5 -62885
-17 12 -14 12 -68641
0 10 0 7 -65827
-21 -6 -19 -4 -72553
13 -2 -4 1 -84527
-23 23 -24 24 -50339
-14 -8 -16 -7 -60855
-7 2 -8 0 -69863
-15 13 -18 13 -63969
-15 -24 -13 -23 -54063
19 -9 20 -10 -65587
1 -3 0 -3 -56255
-6 23 -6 24 -48755
-18 24 -17 23 -51563
-22 17 -24 16 -61691
-16 15 -16 14 -63271
23 -17 22 -14 -60613
16 5 17 8 -59077
24 5 23 16 -58187
-23 10 -24 9 -63497
23 -2 24 0 -54981
-5 -18 6 -17 -72535
10 22 11 24 -53215
13 11 13 12 -49897
-10 -24 -13 -24 -51361
19 -24 18 -23 -46307
8 -16 8 -15 -48283
-21 9 -20 5 -67369
24 4 23 4 -51211
10 -3 -8 -3 -93767
-18 -18 -21 -21 -57671
-7 -24 -9 -24 -60545
-10 17 -11 15 -64523
10 17 8 23 -64881
-22 -6 -24 -2 -70285
-9 7 -7 7 -61143
-2 -17 -5 -16 -74627
-24 11 -24 10 -52245
-18 -23 -18 -24 -45087
-19 20 -18 18 -62051
-16 24 -16 23 -49671
-18 0 -20 -4 -71961
23 -24 0 -24 -54343
10 -15 10 -14 -47499
4 -4 -10 -11 -91939
0 16 2 17 -57957
6 24 9 23 -46841
-24 21 -21 17 -67935
-7 23 -7 22 -56521
-20 -17 -18 -20 -55985
17 16 14 18 -63355
6 -8 7 -7 -58775
-3 13 -3 10 -57255
-5 -24 -4 -23 -73673
-20 -23 -19 -24 -51627
19 -21 15 -24 -51303
-24 -21 -23 -22 -55713
-18 -4 -15 -3 -66997
-8 10 -6 -4 -81255
12 9 13 11 -52319
-12 9 -10 6 -71601
20 -22 21 -24 -49921
2 -1 3 3 -61135
-3 18 0 14 -64819
8 7 8 -15 -77773
-23 -9 -24 -8 -57159
20 5 14 6 -65429
-23 21 -24 20 -61749
4 -20 6 -20 -55859
-4 -9 -4 -10 -61119
0 3 -8 5 -73141
-3 24 -2 22 -51643
0 -24 -2 -24 -55357
-8 19 -5 21 -62397
-3 0 -2 0 -65771
23 -13 24 -13 -58535
-16 1 -17 3 -66703
22 8 21 9 -62429
-24 -9 -22 -11 -57277
8 -6 8 -7 -52847
-23 5 -24 6 -66175
23 -22 24 -21 -56079
3 13 -4 10 -64757
0 15 0 14 -49503
23 1 22 0 -62669
-4 -12 0 -13 -64133
-5 -4 -4 -6 -67145
-4 18 -3 18 -59063
-24 -22 -24 -23 -48177
17 -5 17 -11 -62823
8 -9 8 -7 -52643
24 24 19 24 -49643
-6 -24 -3 -22 -82471
-14 -23 -15 -24 -54741
-23 7 -24 6 -68601
-21 23 -20 24 -51393
3 -20 5 7 -78173
-13 9 -13 -18 -69243
-23 6 -24 4 -75563
-10 -15 -10 -17 -60095
-4 -21 -7 -21 -73545
24 -3 24 -1 -40997
2 23 -24 4 -72011
17 21 19 20 -57417
4 -19 -24 -24 -65883
-18 -12 -17 -11 -57639
-15 -21 -15 -24 -56955
21 -11 21 -12 -59417
10 -10 11 -13 -44145
-2 10 -21 -12 -81529
12 23 13 24 -52025
-4 -11 -4 -14 -53289
-1 -2 0 0 -66187
19 7 17 10 -58703
0 -22 -1 -24 -68587
-14 4 -8 4 -64581
-5 -12 -3 -24 -78325
14 -1 12 0 -62985
-4 -20 -4 -12 -67177
-21 24 -21 23 -48103
-23 22 -23 23 -47979
0 -19 -2 -15 -65015
9 18 10 19 -50391
6 -19 7 -21 -59151
-8 -17 -8 -18 -65739
-4 13 -6 13 -58269
23 -24 22 -23 -39355
-13 -20 -13 -21 -61901
-10 -24 -10 -23 -46315
4 -19 4 -16 -46637
24 19 23 18 -48217
-5 -24 -7 -23 -62185
-19 16 -18 15 -60583
-13 -5 11 -6 -96851
-15 22 -15 21 -55637
3 -12 3 -14 -42309
-22 -13 -17 -13 -67869
-24 -14 -23 -6 -57881
7 6 4 7 -57979
-4 10 -4 8 -66125
8 23 7 21 -53865
-12 -23 -11 -24 -51509
-20 9 -20 10 -59603
0 -7 -2 -9 -62499
23 -18 22 -19 -61767
2 0 2 -1 -49937
-6 -19 10 0 -89489
17 -16 18 -19 -58283
-24 20 -24 19 -65179
15 3 11 5 -62935
-3 -20 -5 -23 -81643
-23 -22 -23 -24 -50893
-20 2 -7 0 -75673
1 19 0 17 -58517
12 -7 9 -7 -46471
24 8 22 8 -52521
-10 -24 -4 -24 -69681
-23 21 -24 22 -62337
13 6 13 5 -54321
-12 0 -11 -1 -59735
10 -15 8 -15 -52041
22 -16 22 -15 -53037
-5 1 -4 4 -63211
3 0 1 5 -54853
-24 -19 -24 -17 -41417
12 16 9 19 -56871
23 -8 21 -9 -58863
-24 9 -23 16 -67571
-24 14 -24 15 -56687
9 0 11 -1 -55655
13 -3 13 -4 -43561
-12 -4 -12 -5 -55657
21 13 18 14 -55321
21 17 20 17 -57251
-14 -6 -14 -5 -57381
23 22 23 20 -54869
-19 4 -17 3 -59915
24 17 22 18 -58733
14 1 12 1 -61133
-23 -12 -23 -15 -56987
12 -24 15 -24 -51759
-13 10 -14 11 -67349
23 1 24 4 -45511
23 21 -24 19 -57429
-24 -1 -21 6 -82353
-8 11 -8 8 -67785
13 16 10 14 -53661
-23 -2 -24 -3 -65573
23 -22 23 -23 -41957
14 -14 13 -19 -55563
-24 19 -24 17 -61899
3 11 5 9 -61477
-20 -24 -22 -24 -54249
-23 8 -24 0 -79407
12 -23 13 -22 -50013
24 13 23 13 -50557
12 23 13 21 -62209
24 -8 24 -21 -57617
-22 17 -22 16 -65457
0 0 -2 -2 -72171
24 0 23 1 -45759
-16 -18 -16 -17 -46853
12 12 -12 5 -81615
-18 -23 -17 -18 -62069
-8 -11 -9 -13 -58325
-1 24 -2 24 -46781
23 -6 22 -6 -53435
0 23 1 20 -55845
19 -20 20 -20 -58051
7 24 4 23 -50137
-10 24 -13 24 -50259
24 22 24 19 -51425
4 -15 5 -15 -49473
-6 -7 -6 -8 -71917
-5 -16 -4 -16 -71943
-24 20 -22 21 -67385
-10 21 -10 22 -54163
-5 -4 -3 -2 -65765
-13 24 -15 24 -49573
-14 23 -13 24 -51803
-3 0 -5 -1 -69939
1 15 3 13 -61161
-12 10 -16 9 -70759
-21 -2 -22 -3 -74933
20 22 21 24 -63291
23 22 23 24 -43845
18 18 16 16 -56791
21 0 15 0 -62355
15 -5 15 -7 -52009
-24 -11 6 -11 -73515
-6 -21 -6 -24 -63471
13 -11 21 -7 -56009
7 -7 8 -7 -53191
0 -4 0 -5 -52495
22 -11 19 -11 -58015
-24 -8 -24 -9 -48447
-10 -23 -9 -20 -63789
1 -24 0 -22 -60451
21 18 21 19 -51017
0 21 -2 22 -55537
17 23 16 22 -62937
18 -1 18 0 -46579
-13 -24 10 -1 -86785
6 -3 9 -6 -57031
23 -6 24 -7 -55413
-5 22 -6 16 -60783
1 9 1 9 -237091
5 -23 7 -24 -51879
8 -23 8 -24 -59391
6 4 5 8 -50531
-19 23 -21 24 -51739
8 11 9 8 -52767
0 -24 -2 -22 -60075
24 0 23 0 -50015
18 22 16 22 -59003
-23 -16 -24 -16 -43659
2 24 0 23 -52167
4 19 7 18 -64891
24 15 23 13 -48289
-13 -11 -13 -12 -41873
-11 12 -10 10 -75897
1 11 1 9 -54115
19 -12 -10 -15 -88765
17 -5 16 -7 -54779
10 23 10 24 -52089
-1 6 8 5 -73645
-24 4 -24 5 -65227
-9 2 -9 0 -61843
23 10 23 14 -51097
-20 -8 -20 -7 -54583
-24 -12 -23 -16 -55933
10 -21 12 -23 -70827
-20 -3 -24 0 -68653
-22 24 -24 24 -53029
-7 22 -10 24 -52101
22 -15 23 -16 -61911
20 24 19 24 -49951
7 24 -22 23 -57669
-23 13 -24 13 -59703
16 24 16 23 -54945
12 -19 13 -20 -69725
-14 24 -13 22 -52483
5 -21 5 -23 -70197
16 -21 17 -22 -50921
15 13 13 15 -58165
-4 10 -4 0 -76385
-5 19 -4 16 -61489
-7 0 1 -5 -79427
-17 -24 -21 -24 -59843
-12 -6 -12 -9 -58993
22 -20 -19 -23 -78163
12 -22 12 -23 -52961
-10 0 -9 1 -62727
12 -24 10 -24 -58309
-11 17 -13 15 -74913
24 -15 23 -15 -60139
-21 14 -22 16 -65861
-10 3 0 4 -79029
13 1 13 4 -68909
7 -23 4 -24 -56141
5 -24 4 -22 -63733
19 0 21 1 -62401
-17 11 -17 10 -58749
12 -16 14 -17 -57659
24 -11 22 -13 -60645
-22 -24 -23 -24 -53589
15 -7 -13 -9 -98053
-20 -22 22 -21 -76311
24 -20 23 -18 -50593
24 16 23 17 -57143
17 -24 24 -24 -51591
-5 -1 -5 -3 -50115
24 10 23 8 -40467
-3 -20 -3 -23 -69771
22 -14 22 -12 -54639
-11 0 -15 -5 -69973
-6 -8 -6 -9 -74203
-15 -1 -14 -3 -55511
-24 1 -23 2 -64125
24 -6 24 -11 -61773
11 15 11 14 -49893
-14 13 -14 12 -57275
-4 -23 -2 -22 -75269
6 20 7 17 -60207
6 -23 6 -24 -65179
-7 21 0 22 -65027
21 -23 20 -24 -47185
-15 -7 21 -6 -86073
-3 24 -4 23 -49901
-24 14 17 -21 -74061
23 18 23 16 -52937
23 -19 22 -21 -61605
3 -2 5 0 -62589
-19 1 -18 1 -56305
-13 18 -11 18 -60649
24 -22 23 -20 -48433
19 6 20 7 -55643
22 20 23 20 -55785
-1 -12 0 -11 -48763
-18 19 22 24 -66189
-11 -15 -12 -17 -58441
-24 -4 -22 -5 -58879
-7 -13 -8 -14 -56999
15 -9 13 -8 -50251
8 -15 -16 -18 -83987
1 -9 2 -7 -59093
-17 24 -18 23 -54909
-23 -21 -22 -23 -59019
-1 6 3 6 -58803
23 -6 22 -2 -48189
17 2 -19 0 -80975
-24 4 -23 3 -63029
-18 6 -16 8 -62657
12 2 12 3 -66979
13 -22 13 -19 -57373
-15 24 -20 24 -51805
12 18 12 16 -47655
23 0 22 14 -54469
20 -18 20 -19 -56061
9 -18 9 -20 -51665
-24 -2 -23 -4 -68125
-13 -10 -15 -10 -56021
-18 3 -17 0 -64403
16 -11 15 -9 -58149
24 -5 24 -7 -41587
-2 -5 -3 -4 -71485
24 -10 24 -11 -56321
11 24 12 24 -46731
0 3 0 6 -52747
3 -23 2 -24 -60353
4 2 2 0 -63139
5 15 4 14 -49537
4 23 5 22 -54085
16 1 15 0 -55945
-23 7 -23 8 -55797
-14 -17 -12 -17 -49779
-21 -13 -20 -12 -52377
22 -18 24 -18 -60053
-11 -21 -11 -19 -65473
-23 -3 -24 -5 -61281
21 22 23 23 -57547
-9 22 -11 22 -53541
-10 8 -11 13 -77327
0 -22 1 -22 -58143
-9 14 -9 13 -57923
-10 -1 -7 -3 -58487
-2 -4 0 -7 -63985
-8 2 -8 3 -65505
-5 -11 -6 -11 -58713
24 13 24 16 -50859
16 12 17 14 -58215
-24 -20 -23 -20 -53993
24 -10 24 -8 -59405
-20 -9 -18 -7 -67141
-6 12 -7 11 -62811
7 15 12 9 -65023
-23 14 -22 17 -67713
3 20 3 19 -55727
14 -1 14 -2 -46629
-4 8 -2 9 -59203
-17 16 -17 15 -66561
-11 9 -10 10 -59865
-14 -2 2 -22 -86579
-24 -20 -23 -17 -48263
-2 -24 -3 -21 -65283
9 4 10 1 -57697
2 -24 1 -24 -50589
-8 -23 -11 -24 -55891
23 13 24 12 -56469
-14 15 -13 16 -71339
23 -21 21 -23 -62527
1 22 2 24 -56803
12 -16 11 -17 -56049
0 11 3 13 -56013
-15 19 -15 18 -57321
14 17 17 17 -59483
-13 -17 -16 -19 -58543
-10 -2 -11 18 -80251
-2 -11 -3 -9 -62255
18 -18 19 -17 -58681
-12 -5 -8 -3 -68957
-16 19 -17 18 -62837
-23 -14 -24 -16 -44059
22 23 6 23 -59059
5 -2 4 -6 -57083
-5 24 -8 22 -54721
-3 -7 -4 -6 -74743
-24 0 -24 2 -51951
-17 -7 -16 -6 -64763
4 22 4 24 -51015
-13 -7 -8 -8 -58545
19 -22 16 -22 -51927
5 -9 4 -11 -53621
-24 21 -23 21 -62973
-23 -24 -22 -22 -45471
-6 15 8 5 -87961
-10 19 -10 18 -49761
-13 -24 -14 -23 -49417
-17 3 -16 4 -55647
-21 4 -21 5 -68133
-10 24 18 22 -63799
-24 6 -23 6 -61609
12 -2 23 -6 -64897
-6 23 -7 24 -50651
-21 5 -23 6 -64691
11 19 0 20 -72971
1 -19 0 -16 -57485
12 -24 10 -19 -72441
-6 -6 -21 -8 -76615
-18 -12 -20 -12 -67885
-24 -14 -21 -18 -53353
20 5 19 5 -65889
14 4 11 2 -57753
-11 -12 14 -14 -92467
-8 -19 -9 -16 -68133
-21 -11 -21 -9 -57741
19 4 22 2 -62889
4 -6 3 -6 -49311
17 15 17 17 -55053
-15 8 -14 9 -66245
19 19 20 12 -62791
-13 3 -12 6 -61301
15 24 16 23 -52501
18 7 14 2 -64221
0 14 1 12 -58575
-11 15 -7 14 -64123
-7 7 -7 6 -58215
16 -17 14 -17 -53947
-14 -1 -16 -3 -65495
-18 -24 -17 -24 -55587
15 22 16 24 -64131
-24 -8 -24 3 -67449
-7 -14 -7 -13 -55015
11 -15 9 -15 -56173
4 24 3 23 -54731
-17 19 -14 17 -63753
10 16 7 14 -52927
14 8 14 6 -52779
-21 -12 -21 -13 -55319
-23 13 -23 11 -58389
2 -20 1 -23 -70085
-24 -3 -24 -1 -59671
