-13 8 -12 5 -66225
4 -2 2 -3 -60769
-16 -23 -19 -24 -60967
24 0 24 1 -52319
-8 10 -7 10 -67577
6 -23 5 -24 -58317
0 8 23 8 -99001
13 -15 12 -12 -42369
20 22 20 24 -57545
-23 11 -24 11 -57253
-14 6 -14 4 -67917
10 -24 13 -24 -51859
-2 17 -2 18 -53739
7 10 8 11 -63223
16 3 15 3 -69381
-19 -9 -17 -11 -60919
10 1 8 0 -57431
-23 -22 -24 -22 -56899
-12 -4 -11 -3 -68945
4 -9 2 -8 -57539
-24 18 -24 21 -67061
17 7 21 8 -88747
-9 13 -11 15 -51973
7 -3 9 -2 -60561
10 8 6 0 -70407
-2 -17 -3 -19 -49945
22 10 24 10 -81303
-21 20 -18 22 -59587
-9 -15 -11 -14 -59965
10 -14 12 -16 -46389
-14 18 -6 18 -70325
-1 -14 -2 -8 -57913
-15 -2 -15 0 -53273
-16 -15 -18 -17 -60179
7 -5 8 -4 -61395
-23 23 -24 24 -50461
-14 -8 -16 -7 -57709
-7 2 -8 0 -50895
-15 13 -18 13 -49907
-15 -24 -13 -23 -54217
5 15 6 13 -56579
1 -3 0 -3 -55467
-6 23 -6 24 -51787
-18 24 -17 23 -51591
-22 17 -24 16 -60445
24 15 23 12 -71715
-1 22 -22 24 -65011
14 8 19 8 -80053
24 5 23 16 -65547
-23 10 -24 9 -60989
23 -2 24 0 -53115
-3 6 24 7 -89845
10 22 11 24 -57413
13 11 13 12 -61253
-10 -24 -13 -24 -51149
19 23 23 20 -68487
8 -16 8 -15 -48631
-21 0 -20 0 -54283
24 4 23 4 -69691
-22 -19 -19 -17 -65723
-18 -18 -21 -21 -65481
-7 -24 -9 -24 -61595
-10 17 -11 15 -68907
4 3 8 -1 -65859
3 -12 2 -16 -53611
-9 7 -7 7 -65611
-22 22 -24 -18 -66561
-24 11 -24 10 -55709
-18 -23 -18 -24 -53993
-19 20 -18 18 -63075
-16 24 -16 23 -50625
-1 3 0 -20 -67863
23 -24 0 -24 -48835
0 20 1 19 -57439
23 24 13 -8 -83153
21 -3 19 -3 -65873
6 24 9 23 -49963
-24 21 -21 17 -68195
-7 23 -7 22 -60095
-20 -17 -18 -20 -57403
-13 16 -14 18 -65825
6 -8 7 -7 -59683
-3 13 -3 10 -52661
17 0 23 -1 -78739
-20 -23 -19 -24 -56625
19 -21 15 -24 -43997
-24 -21 -23 -22 -56047
-8 15 -9 14 -68625
20 0 18 0 -68407
12 9 13 7 -70089
-12 9 -10 6 -63983
20 -22 21 -24 -56181
-18 -7 -19 -8 -61459
-12 4 -12 5 -61265
20 -13 21 -13 -66995
-23 -9 -24 -8 -57385
0 9 1 9 -43313
-23 21 -24 20 -61017
4 -20 6 -20 -54331
14 3 15 1 -57843
-6 -8 -6 -10 -56539
-3 24 -2 22 -56363
0 -24 -2 -24 -50627
-3 20 -2 20 -64827
-9 4 -5 7 -67563
23 -13 24 -13 -60365
-17 -15 -22 -11 -69953
22 8 21 9 -68213
-24 -9 -22 -11 -56507
8 -6 8 -7 -58483
-23 5 -24 6 -63891
23 -22 24 -21 -48027
23 -4 22 -5 -52463
0 15 0 14 -55323
16 24 16 23 -61233
-10 -12 -7 -13 -57915
9 14 8 12 -62073
-4 18 -3 18 -57517
-24 -22 -24 -23 -52863
-23 -22 24 -21 -53093
8 -9 8 -7 -58081
24 24 19 24 -69773
-1 -21 1 -20 -64737
-14 -23 -15 -24 -53005
-23 7 -24 6 -50953
-21 23 -20 24 -52979
-23 -3 -6 -6 -66663
2 -17 1 -15 -52013
20 8 20 4 -57673
6 -15 2 -19 -59975
-16 2 -9 22 -81873
24 -3 24 -1 -45121
-2 -11 -5 -12 -56963
17 21 19 20 -65829
2 23 1 24 -48001
-18 -12 -17 -11 -53789
21 -21 20 -24 -54105
6 11 7 10 -66511
6 -10 10 -10 -54481
24 1 23 3 -63265
12 23 13 24 -57175
-8 -18 -9 -19 -54555
-10 23 -9 20 -69337
-14 -22 -15 -21 -57305
0 -22 -1 -24 -51335
-1 3 -1 2 -64421
-11 -14 -10 -14 -60983
14 0 13 23 -88489
24 -3 23 -3 -60593
-21 24 -21 23 -49549
-23 22 -23 23 -48603
9 22 10 21 -54191
9 18 10 19 -56279
6 -19 7 -21 -58457
-8 -17 -8 -18 -38283
-4 13 -6 13 -55395
23 -24 22 -23 -42267
-13 -20 -13 -21 -52795
-10 -24 -10 -23 -43355
4 -19 4 -16 -60719
24 19 23 18 -53055
-5 -24 -7 -23 -59083
-19 16 -18 15 -59153
22 -24 21 -20 -64139
-15 22 -15 21 -59105
3 -12 3 -14 -48467
-15 -19 18 -24 -63409
-24 -14 -23 -5 -60829
11 14 13 15 -62893
-4 10 -4 8 -54267
8 23 7 21 -60457
-12 -23 -11 -24 -52749
-20 9 -20 10 -69349
-4 0 -4 -1 -61999
23 -18 22 -19 -53619
16 8 24 8 -94415
-3 0 0 7 -78229
17 -16 18 -19 -45493
-24 20 -24 19 -65731
22 3 21 9 -59963
-3 -20 -5 -20 -54009
-23 -22 -23 -24 -56685
-9 -15 -8 -14 -49825
1 19 0 17 -58529
12 -7 9 -7 -44375
24 8 22 8 -80573
-10 -24 -4 -24 -62859
-23 21 -24 22 -62241
13 6 13 5 -59229
-12 0 -11 -1 -51713
10 -15 8 -15 -45195
22 -16 22 -15 -40727
-5 1 -4 4 -62651
0 0 0 -1 -63975
-24 -19 -24 -17 -51303
7 16 4 14 -74973
23 -8 21 -9 -65357
-24 9 -23 16 -70077
-24 14 -24 15 -55223
18 21 22 -1 -86247
13 -3 13 -4 -59673
11 3 13 5 -68933
21 13 18 14 -64995
10 0 2 7 -86945
-14 -6 -14 -5 -60471
23 22 23 20 -56949
-19 4 -17 3 -60047
24 17 22 18 -69169
16 -10 16 -9 -44019
-23 -12 -23 -15 -63653
12 -24 15 -24 -41879
-13 10 -14 11 -55215
23 1 24 4 -66653
23 21 -24 19 -54429
-16 -4 -16 -3 -60463
-8 11 -8 8 -54877
13 -2 14 1 -65801
-23 -2 -24 -3 -56931
23 -22 23 -23 -50091
13 20 16 20 -72393
-24 19 -24 17 -60385
3 24 5 22 -53443
-20 -24 -22 -24 -57665
14 -22 -24 -23 -56661
12 -23 13 -22 -47953
24 13 23 13 -68119
0 8 -3 7 -54803
24 -8 24 -21 -51437
-22 17 -22 16 -60935
-10 -9 -10 -10 -49415
24 0 23 1 -70087
-16 -18 -16 -17 -47869
18 -7 17 -8 -54775
-21 5 17 3 -72611
-16 11 -16 9 -68151
-1 24 -2 24 -53095
11 21 16 22 -67235
13 8 12 6 -65989
19 -20 20 -20 -52069
7 24 4 23 -53933
-10 24 -13 24 -53763
24 22 24 19 -53475
6 -24 13 -4 -70005
6 -6 5 -12 -62947
-22 -15 -21 -17 -66071
-24 20 -22 21 -65985
-10 21 -10 22 -62627
4 10 6 12 -67583
-13 24 -15 24 -52161
-14 23 -13 24 -53393
-3 0 -5 -1 -43523
1 15 3 13 -53059
-14 2 -15 1 -57495
0 7 6 10 -65847
20 22 21 24 -60233
23 22 23 24 -47575
16 -12 16 21 -89293
21 -9 22 -10 -57809
15 -5 15 -7 -52925
18 -15 15 -13 -43641
-6 -21 -6 -24 -54071
6 24 9 0 -87417
11 6 11 -7 -77571
0 -4 0 -5 -43135
22 -11 19 -11 -68923
-24 -8 -24 -9 -52293
-10 -23 -9 -20 -55773
1 -24 0 -22 -57773
21 18 21 19 -52335
0 21 -2 22 -60431
1 5 23 4 -88927
18 -1 18 0 -54829
3 0 14 23 -88821
-21 -6 -19 17 -74867
23 -6 24 -7 -54367
0 -9 0 -11 -55567
-4 -21 -2 -23 -61385
5 -23 7 -24 -47633
8 -23 8 -24 -47325
11 2 12 3 -66371
-19 23 -21 24 -54167
8 11 9 8 -74497
0 -24 -2 -22 -61357
24 0 23 0 -66635
18 22 16 22 -57173
-23 -16 -24 -16 -48107
2 24 0 23 -52815
0 23 15 -11 -90837
24 15 23 13 -68629
-13 -11 -13 -12 -45409
-18 -4 -19 -7 -67595
1 11 1 9 -49495
6 20 6 21 -57959
-18 3 -19 5 -63851
10 23 10 24 -49965
4 -21 1 -21 -64215
-24 4 -24 5 -48497
7 -4 7 0 -48239
23 10 23 14 -62159
-20 -8 -20 -7 -68161
-24 -12 -23 -16 -63427
7 20 3 18 -68885
4 -18 3 -21 -61273
-22 24 -24 24 -52717
-7 22 -10 24 -62449
22 -15 23 -16 -52045
20 24 19 24 -56683
7 24 -22 23 -60247
-23 13 -24 13 -57361
16 24 16 23 -61233
19 -23 18 -23 -44545
-14 24 -13 22 -53741
9 12 17 12 -83843
16 -21 17 -22 -41811
19 -24 10 24 -79375
18 8 10 13 -89947
-1 -4 -17 -5 -72175
13 -12 14 3 -86705
-17 -24 -21 -24 -64027
-16 -6 -17 -7 -58929
-13 -11 -12 -16 -46473
12 -22 12 -23 -42877
8 10 8 10 -237419
12 -24 10 -24 -48569
-8 -5 -7 -7 -55273
24 -15 23 -15 -60953
-21 14 -22 16 -61305
17 21 0 19 -78565
-5 2 -3 0 -58829
7 -23 4 -24 -58223
5 -24 4 -22 -55029
24 5 23 1 -66241
-17 11 -17 10 -69011
-24 0 -24 2 -59841
24 -11 22 -13 -62361
-22 -24 -23 -24 -54593
23 5 24 6 -70541
0 8 -22 4 -71969
24 -20 23 -18 -46587
24 16 23 17 -65761
17 -24 24 -24 -49671
-5 -1 -5 -3 -53189
24 10 23 8 -61999
15 3 17 3 -71289
22 -14 22 -12 -50063
-19 -22 -19 -24 -60539
-23 -10 -22 -9 -48523
-15 -1 -14 -3 -57755
-24 1 -23 2 -47777
24 -6 24 -11 -58337
11 15 11 14 -53007
-14 13 -14 12 -51877
-11 19 -10 12 -67339
6 20 7 17 -58823
6 -23 6 -24 -53567
11 5 5 20 -93817
21 -23 20 -24 -46953
24 -3 23 -2 -62981
-3 24 -4 23 -51095
0 -1 -1 -2 -48363
23 18 23 16 -55819
23 -19 22 -21 -52329
12 10 12 9 -64153
-19 1 -18 1 -54165
-13 18 -11 18 -64041
24 -22 23 -20 -53523
19 6 20 7 -75495
22 20 23 20 -68715
-1 -12 0 -11 -49655
-18 -17 -11 -18 -66637
-11 -15 -12 -17 -50237
-24 -4 -22 -5 -52911
-8 9 -6 8 -67625
15 -9 16 -8 -49981
-19 -5 -20 -4 -56585
10 7 15 7 -76559
-17 24 -18 23 -56121
-23 -21 -22 -23 -60799
18 17 18 16 -52065
23 -6 22 -2 -51749
-24 -24 -23 -11 -62803
-24 4 -23 3 -62809
-18 6 -16 8 -61643
-9 18 -9 17 -61229
13 -22 13 -19 -49571
-15 24 -20 24 -54501
-12 -4 -10 -1 -69573
18 11 4 11 -93569
-5 -24 -11 -21 -69131
9 -18 9 -20 -59707
-24 -2 -23 -4 -60869
-13 -10 -15 -10 -52331
21 19 16 17 -63881
0 17 -2 15 -55829
24 -5 24 -7 -41487
-2 -5 -3 -4 -54043
24 -10 24 -11 -49787
11 24 12 24 -47215
0 3 0 6 -57747
3 -23 2 -24 -59831
-21 10 -20 8 -62701
5 15 4 14 -73015
5 6 5 7 -56209
-18 17 15 15 -71337
-23 7 -23 8 -50675
-14 -17 -12 -17 -63245
-21 -13 -20 -12 -55123
22 -18 24 -18 -59103
-11 -21 -11 -19 -54523
-23 -3 -24 -5 -58845
21 22 23 23 -67505
-9 22 -11 22 -58615
-8 -4 -9 -5 -60349
0 -22 1 -22 -67539
-9 14 -9 13 -54039
-21 -8 -21 -6 -68151
-2 -4 0 -7 -59635
11 0 24 -21 -68963
-5 -11 -6 -11 -48833
24 13 24 16 -62587
16 12 17 14 -67273
-24 -20 -23 -20 -58459
24 -10 24 -8 -55479
22 17 1 15 -84169
-6 12 -7 11 -62663
21 -12 20 -15 -53011
-23 14 -22 17 -64601
3 20 3 19 -59219
14 -1 14 -2 -64019
-4 8 -2 9 -57649
-1 -8 1 -9 -58015
-11 9 -10 10 -53393
-1 -19 -4 -19 -59595
-24 -20 -23 -17 -56487
23 8 24 9 -70943
9 4 10 1 -53603
2 -24 1 -24 -58731
-8 -23 -11 -24 -56651
23 13 24 12 -68241
-14 15 -13 16 -57035
3 -21 1 -18 -63101
1 22 2 24 -58743
12 -16 11 -17 -46525
-2 -8 -6 -10 -59781
-15 19 -15 18 -62109
14 17 17 17 -74361
-13 -17 -16 -19 -65251
11 -17 11 -20 -55837
11 -1 12 -2 -53133
1 6 6 5 -65313
-8 -5 -10 -3 -58337
-16 19 -17 18 -58163
-23 -14 -24 -16 -54789
7 -10 3 -8 -57185
-14 -9 -14 -6 -57865
-5 24 -8 22 -45153
-5 -23 -5 -24 -46519
-24 0 -24 2 -59841
0 -1 3 -1 -62783
4 22 4 24 -55217
-6 0 -4 -2 -61285
-2 24 0 -1 -72803
5 -9 4 -11 -49107
-24 21 -23 21 -62187
-23 -24 -22 -22 -51571
11 2 12 -13 -81729
-10 19 -10 18 -61493
-13 -24 -14 -23 -51657
-17 3 -16 4 -59587
-21 4 -21 5 -57729
13 7 8 7 -74259
-24 6 -23 6 -56005
0 0 0 1 -69219
-6 23 -7 24 -58205
-21 5 -23 6 -63439
18 12 19 13 -69221
1 -19 0 -16 -56143
0 7 0 -11 -79547
0 -7 2 -9 -66451
0 2 1 1 -60989
-24 -14 -21 -18 -68359
-5 24 -2 24 -55373
1 10 3 3 -67907
18 -3 18 24 -84913
-9 -6 -9 -4 -59045
7 10 9 8 -77003
19 4 22 2 -73091
2 15 1 19 -64063
-9 -10 -10 -12 -48203
-15 8 -14 9 -55021
22 24 23 24 -60137
-22 0 -21 -2 -63017
15 24 16 23 -53945
22 10 13 8 -90219
12 16 16 12 -77723
-9 -3 -13 -3 -60951
-7 7 -7 6 -50049
16 6 -11 -12 -79439
-14 -1 -16 -3 -60011
-18 -24 -17 -24 -58531
-24 -1 -24 -4 -64051
12 -11 11 -13 -38743
-14 6 -14 0 -61869
3 4 -4 0 -67225
4 24 3 23 -59191
-17 19 -14 17 -64087
-5 -6 -5 -9 -58129
14 8 14 6 -63137
-21 -12 -21 -13 -58981
-23 13 -23 11 -60691
2 -20 1 -23 -62983
-24 -3 -24 -1 -62183
