-16 0 -15 1 -53200
19 -6 19 7 -90212
-3 -23 -3 -24 -53136
11 -10 1 -11 -70348
15 18 14 19 -57496
-13 7 -13 6 -61304
-2 22 2 21 -65346
22 11 22 9 -68980
-23 9 -21 10 -60200
-9 0 -12 0 -43500
9 5 11 9 -74838
0 7 3 10 -80576
9 -8 10 -11 -55798
-23 1 -22 -2 -59356
-8 -3 -9 -22 -68100
-10 3 -9 6 -61710
18 22 13 24 -61176
-13 17 -14 20 -71518
22 -10 22 -12 -48636
0 -3 1 -3 -66258
-5 -14 -6 -16 -51950
3 -8 -9 -1 -91664
2 -24 3 -23 -60582
-22 -13 -24 -11 -61142
5 10 7 10 -65684
-9 -2 -9 -3 -63474
-21 -12 -22 -10 -69684
20 -22 19 -23 -48674
-21 11 -22 12 -67502
-13 24 -7 21 -66610
-15 -23 -14 -20 -65500
16 -7 15 -7 -50072
-11 -5 -11 -8 -49370
-12 18 -15 21 -73308
11 24 8 22 -60046
6 -2 7 0 -68042
-10 0 -11 5 -61888
-4 -7 -3 -4 -60456
-8 20 -9 23 -67352
10 10 -1 -14 -100200
-16 -7 -11 -7 -59472
0 11 -1 8 -72230
22 13 20 11 -75172
22 3 24 7 -69398
17 -22 14 -21 -57454
-15 11 -17 9 -64416
6 -23 3 -22 -59166
-17 13 -15 13 -58644
-5 8 -7 8 -62698
-16 -7 -17 -5 -58824
-4 2 -4 3 -72010
-22 2 -24 1 -61452
-14 8 -12 7 -49816
21 6 21 7 -60184
-16 11 -16 12 -55462
9 24 10 24 -50262
-11 6 -12 1 -62766
21 2 22 2 -74364
21 12 24 10 -64264
23 -16 3 -16 -73104
-9 -21 -11 -22 -65324
4 7 4 8 -73832
-24 -15 -24 -11 -56728
-23 4 -24 4 -57324
8 8 6 7 -67586
-6 20 -6 23 -71360
22 -11 21 -10 -57176
-22 22 -23 24 -50970
11 13 11 14 -53394
8 -21 6 -16 -53688
8 17 8 16 -44046
22 -10 24 -7 -58236
19 0 18 3 -74538
24 14 21 12 -67428
-12 -4 -11 -2 -62308
23 2 24 1 -63986
-21 20 -24 24 -63152
-21 0 -20 0 -58890
15 -24 12 -23 -66928
11 14 10 17 -54104
4 -24 5 -24 -55528
5 -3 5 -2 -59572
20 20 24 23 -66140
19 24 19 23 -45632
0 -17 -22 -2 -85848
15 2 15 3 -63214
-1 5 0 4 -77886
-11 -23 -5 -24 -55364
2 22 3 21 -69952
-18 10 -21 11 -57500
-23 12 -24 17 -59248
0 19 15 17 -88614
18 -22 17 -23 -50004
-1 24 -3 22 -62944
-5 24 -4 22 -65538
24 -16 21 -20 -46190
-24 13 -23 22 -65894
-8 14 -8 13 -54570
12 20 13 21 -58992
-12 7 -12 8 -56686
-17 24 -19 19 -64246
17 -3 16 -4 -57516
-13 -7 -12 -7 -53858
7 1 7 0 -57318
-23 -18 -22 -24 -50780
-3 15 -5 15 -55320
-16 -8 -17 -11 -59772
-2 24 -3 24 -52434
-19 -7 -20 -9 -66256
23 1 23 2 -61462
15 -1 13 -1 -61160
-5 9 -6 7 -61680
-21 19 -22 14 -63284
0 3 2 4 -67844
-3 -23 -4 -24 -59518
-23 11 -23 10 -54282
16 2 16 0 -69390
9 24 9 24 -239412
-16 15 -19 17 -69054
20 -22 20 -23 -46830
4 -14 22 22 -84604
12 -8 15 8 -87764
22 5 21 3 -70260
10 -19 11 -16 -45320
-10 -14 -8 -15 -56700
-13 10 -5 12 -64718
24 9 24 7 -60854
24 9 23 7 -64552
10 -24 8 -22 -50828
-15 24 -16 24 -57100
11 -8 11 -9 -59658
24 15 0 0 -81326
4 5 7 16 -94278
0 -19 1 -17 -56742
-24 -22 -17 -24 -60116
-17 23 -22 24 -61114
-10 -19 -12 -20 -63726
14 0 -24 0 -72164
14 -19 14 -18 -40640
14 13 18 16 -63972
24 -3 24 -6 -62124
23 23 21 24 -57640
-3 -12 -7 -12 -54490
21 16 23 17 -64050
-7 -16 -6 -19 -63688
17 23 20 23 -53530
13 13 9 11 -75496
-15 7 -16 8 -51848
9 3 10 2 -58748
12 -19 10 -16 -46994
2 24 1 20 -73980
17 -21 17 -22 -50940
24 -16 19 -18 -57722
-23 17 -20 18 -63496
-3 -2 -4 0 -77874
-22 13 -23 12 -57262
14 -24 15 -21 -53368
8 3 10 20 -86486
10 -4 11 0 -61726
18 -11 19 -8 -49264
10 -24 8 -24 -44888
-23 0 -24 2 -57658
-22 16 21 17 -71370
1 -6 3 -5 -66364
18 10 20 11 -61948
-20 -15 -20 -17 -56236
23 15 23 13 -42458
-2 7 8 5 -93610
-6 22 -8 23 -59490
-23 23 24 19 -62202
0 13 3 13 -74074
-7 -20 -6 -24 -66410
-2 4 -3 5 -71592
-16 -13 -16 -12 -61632
-14 -23 -15 -24 -52734
-14 -14 -14 -19 -66338
-12 20 -13 24 -60042
6 -10 0 6 -92494
-18 -12 -21 -12 -57696
23 16 22 17 -51674
-24 11 -24 15 -56088
19 16 21 16 -64650
4 -24 5 -23 -58480
13 -24 12 -23 -54660
6 22 5 24 -53488
10 0 9 -14 -77054
0 17 -1 15 -70986
12 15 13 15 -68374
-11 16 -10 17 -52730
-4 22 -3 19 -72846
14 -2 13 9 -71190
24 7 24 17 -61758
-7 12 -7 11 -58660
-15 16 -14 15 -60938
-19 16 -22 18 -69262
23 -21 24 -21 -40694
24 -14 24 -24 -37886
-15 -22 1 -24 -70348
-9 4 -10 6 -57868
2 -9 2 -7 -61034
2 1 0 2 -80058
2 3 2 1 -68134
18 -7 19 -7 -45820
-10 -10 -10 -13 -58664
-23 -8 0 -10 -78346
15 10 14 7 -72072
22 11 23 8 -68222
23 -21 -19 -19 -65822
3 -2 -10 -4 -91508
-16 21 -16 22 -60290
7 -9 6 -8 -57664
24 -4 23 0 -63842
8 24 6 23 -51834
17 8 14 12 -60960
-11 -14 -11 -13 -60124
17 14 17 13 -49832
-17 -3 -18 -2 -57010
-17 20 -18 21 -69476
-3 -2 -5 0 -81166
5 24 3 22 -66356
-23 -3 -22 -6 -58372
-16 -22 -17 -21 -59416
-6 19 -7 19 -60582
-1 17 11 5 -100944
-2 4 0 5 -60538
3 -10 4 -9 -58158
-22 3 -23 5 -59692
13 -12 10 -16 -48480
-20 -19 -23 -17 -53338
-4 -3 -1 1 -69842
16 4 14 2 -65654
-4 11 -4 10 -66136
-8 24 17 24 -62828
-23 19 -21 22 -74098
11 10 11 11 -68596
-20 -11 -20 -10 -62874
12 19 11 22 -60106
4 17 7 17 -65196
-24 -8 -23 -10 -57548
13 -5 13 -3 -57026
-24 4 -23 6 -57266
5 4 6 2 -67584
-24 -21 -21 -17 -48152
9 4 8 4 -60298
-23 13 -24 -2 -66756
4 -18 4 -21 -58032
3 -23 4 -18 -68080
-8 -1 -1 -1 -79508
21 2 21 -2 -79130
-16 -24 -15 -21 -61008
-14 24 -15 24 -51296
24 24 24 21 -53142
-21 -3 -19 -1 -64314
-20 11 -24 11 -63432
12 9 11 11 -69954
2 -24 -6 -24 -64402
22 -6 24 -7 -56382
-22 0 -22 -4 -57460
23 9 24 12 -67610
5 -8 3 -4 -70204
-2 0 -2 1 -72212
16 -23 13 -24 -61860
-3 10 -3 12 -67734
22 24 22 23 -48468
-18 -13 -18 -14 -61094
-1 20 -2 18 -64506
11 -4 13 -4 -57288
24 -22 22 -18 -44224
-12 17 -12 19 -56180
-15 4 6 4 -83394
-14 -15 -13 -15 -52390
6 -18 8 -18 -50294
0 21 24 18 -78502
4 -11 4 -13 -44990
21 -7 20 -6 -56348
-22 24 -23 16 -71938
-11 -3 -11 -2 -64466
15 -21 12 -19 -64432
-19 -24 -20 -24 -52238
-13 23 -9 22 -58342
-16 -2 -14 -4 -61788
-21 14 -24 18 -66162
-5 -12 -20 -10 -76530
-8 -9 -7 -10 -62466
-5 15 -6 14 -61328
4 22 4 20 -71054
-21 3 -21 -1 -57618
10 -23 10 -21 -57992
24 1 15 1 -71984
20 24 23 23 -61218
-24 -2 -21 -5 -62274
17 -3 17 -5 -62528
-6 -8 -7 -6 -62596
-12 -18 -13 -16 -62226
3 -20 0 -19 -66130
0 13 1 15 -76644
3 0 5 -14 -84706
-7 -19 -6 -21 -65368
8 -21 7 -22 -54674
0 -17 -2 -15 -53054
-19 -4 -19 -3 -56954
-2 -18 17 1 -88038
1 22 0 24 -66210
5 -24 4 -22 -54274
-9 -22 -11 -21 -58050
-24 -15 -23 -22 -54994
-3 23 -6 19 -67946
13 10 12 10 -67252
-24 7 -24 22 -64550
6 24 18 24 -57844
-12 -11 -11 -12 -62084
-3 -17 -3 -19 -54758
-23 19 -22 21 -71992
-22 5 -21 9 -58684
21 -16 20 -15 -57070
24 23 24 20 -54010
-19 -7 -19 -8 -60908
-24 -19 -24 -12 -58094
-10 -15 -9 -19 -66716
13 -23 11 -24 -56724
-4 0 -4 3 -75988
0 20 0 21 -70122
22 0 22 -1 -70146
-18 24 -20 23 -54718
14 19 12 7 -76136
-23 -8 -24 -9 -43942
10 -1 11 -2 -58526
-7 16 -13 17 -60304
14 -2 17 -2 -60962
21 20 23 20 -66496
-18 12 -18 13 -58926
23 -5 22 -4 -61736
-9 23 -8 24 -49572
-6 -24 -4 -24 -50338
-20 -22 -21 -21 -65404
8 4 -4 24 -92048
23 2 22 3 -73790
-9 0 -10 1 -51302
-3 21 1 24 -68090
10 -24 11 -23 -50238
-16 2 -17 2 -50226
17 19 17 24 -50412
21 5 20 6 -67982
-10 13 -10 12 -54666
-14 13 -13 14 -53340
-15 17 -19 13 -64082
24 -19 22 -14 -49198
-19 -13 -20 -14 -64088
24 -23 24 -2 -54756
24 24 23 18 -53498
22 -13 23 -8 -56324
3 -16 1 -15 -60266
-23 -3 -24 -5 -53036
-24 -17 -23 -5 -65742
1 5 3 3 -89928
14 -14 10 7 -81402
-20 -24 -21 -23 -57532
2 -17 0 -17 -68716
16 8 14 7 -65842
24 -2 22 -5 -71732
-2 -22 0 -24 -58852
15 23 20 23 -55368
-18 20 -19 23 -69042
-24 20 -22 20 -51046
3 22 4 23 -70096
0 10 1 8 -69288
16 -6 16 -5 -55962
7 -17 22 -12 -67124
10 8 12 9 -77882
-13 -24 -12 -24 -47438
-5 -21 -3 -18 -63760
-7 15 -6 14 -55924
8 -1 3 11 -94574
1 2 1 10 -80412
4 23 0 24 -61646
4 4 3 5 -83372
10 -14 9 -14 -57292
16 -13 18 -15 -45872
10 -24 10 -22 -54026
4 14 5 15 -66148
0 -23 22 -21 -69276
23 2 22 2 -70654
13 24 11 18 -61954
-22 22 -24 24 -49738
23 -22 17 -24 -45588
2 14 0 13 -81382
-23 13 -24 -10 -65608
-10 -20 -10 -19 -64360
-1 -4 -2 0 -59288
-3 -5 -8 -1 -85454
9 9 10 7 -67108
20 -8 -13 -8 -75116
21 -9 24 -4 -70066
-8 -21 -8 -23 -64414
-10 -10 -9 19 -74776
16 11 17 11 -51476
-3 -24 -24 -24 -58634
3 7 -1 6 -79014
9 10 10 11 -75606
-2 8 -11 9 -72468
0 -10 1 -11 -59338
-15 4 -15 5 -56674
-18 24 -24 23 -59286
-2 22 -2 23 -69622
-4 -12 -4 -14 -46000
3 17 -1 18 -68940
12 -5 5 -3 -65072
6 -3 4 -6 -68392
11 12 -16 -24 -83858
-14 -15 -17 -17 -59858
17 -20 22 -24 -43860
-8 -7 0 -8 -73848
-12 -21 -12 -20 -63318
-1 22 -5 24 -65084
23 10 21 10 -66408
5 9 5 10 -72704
0 -5 7 -6 -72552
-1 -24 -4 -24 -58886
15 -24 13 -24 -64628
5 14 5 11 -65674
24 -15 22 -11 -64798
0 -23 -1 -24 -56352
17 3 22 1 -73720
14 -8 12 -8 -51718
1 -24 1 -22 -65804
0 14 1 17 -70166
1 -24 1 -23 -60738
5 1 6 0 -61878
-21 -24 -19 -21 -43560
-13 -10 -13 -11 -54118
13 4 10 4 -65376
2 -7 -1 -7 -61628
-18 19 -16 20 -61668
-22 -20 -16 -14 -72136
22 -24 22 -21 -38180
6 20 6 21 -62906
2 -13 1 15 -93592
-2 9 3 10 -77216
-8 20 -9 19 -57308
-15 24 -18 24 -59478
15 23 17 21 -66690
1 -5 3 18 -95266
-21 21 -21 20 -68440
-6 0 -4 4 -73544
24 6 24 4 -54440
21 20 8 17 -75148
-24 17 -24 -22 -64254
-6 -4 -6 -6 -58004
17 6 18 8 -64060
23 -21 24 5 -63942
-23 -7 -21 -7 -59510
0 -17 2 -16 -63544
11 -9 11 -7 -61978
-21 -5 -19 -5 -62206
-23 -16 -24 -14 -53626
2 -11 2 -10 -53990
-4 5 -3 6 -63648
-5 -5 2 -3 -79902
23 2 24 3 -58202
-14 -22 -13 -24 -45766
-17 -23 -15 -23 -53298
-10 -17 -9 -13 -59366
15 12 -14 10 -82254
-15 8 -16 7 -60270
-10 16 -11 18 -55124
22 -24 -8 -23 -64482
-16 -21 -18 -22 -60420
9 21 8 19 -63838
-15 -4 -14 -3 -57558
5 1 7 4 -72362
-19 -17 -22 -17 -56938
9 -11 10 -11 -56592
-23 -7 -20 -4 -67038
-22 1 -24 2 -62000
-2 0 -1 1 -68854
23 -16 24 -16 -62030
24 -7 24 -6 -49186
0 -12 -21 -19 -73434
-23 5 -24 6 -53900
24 -16 22 -11 -63502
13 17 -1 -14 -102662
22 12 21 14 -58946
-17 -16 -16 -18 -61340
-10 3 -11 -10 -75236
24 -14 22 -14 -66456
0 -23 3 -23 -59478
-11 21 -9 24 -56094
-2 -22 -3 -20 -60372
-22 1 -23 -1 -60996
-5 -20 -7 -24 -67578
24 -1 24 -5 -66268
22 -11 23 -11 -62222
24 18 22 19 -53414
0 -18 0 -7 -57356
-20 -20 -19 -24 -58966
-18 9 -18 11 -55882
-21 -16 -22 -22 -62172
-22 6 -23 5 -62572
-23 9 -24 11 -58306
5 22 4 22 -58506
24 -18 22 -18 -62258
1 10 4 6 -89056
-20 6 -20 4 -57912
13 -23 -20 -24 -60756
9 20 10 19 -61018
-23 -6 -22 -10 -64104
5 -2 4 -4 -69000
23 22 21 20 -65172
-15 23 3 16 -80392
11 16 8 16 -67764
24 -2 22 -3 -64238
-10 -23 -11 -24 -52542
