7 6 5 4 -70106
21 -8 21 -9 -67180
-16 0 -15 1 -63580
-14 4 -6 9 -63368
15 18 14 19 -56418
3 -22 3 -24 -71524
5 -1 4 -2 -63202
10 8 8 6 -48614
-1 18 -1 19 -53616
-24 1 -23 2 -63048
24 -6 17 -3 -80360
17 5 15 5 -64964
-8 -12 -11 -12 -47492
-23 -12 -19 -12 -67376
11 -9 10 -10 -52014
0 2 -1 1 -62310
-2 24 -1 22 -59852
-18 19 -16 18 -69968
5 -5 20 -10 -99408
10 9 11 8 -56476
14 -17 14 -17 -238408
23 6 24 12 -58076
2 -24 3 -23 -57350
-11 17 -10 16 -61524
0 -24 -2 -23 -60280
20 18 20 17 -36752
0 -11 2 -10 -54770
-8 10 -10 11 -62748
-21 -13 -22 -8 -60510
19 -1 4 -16 -93458
-24 6 -24 3 -51510
22 -7 24 -6 -73750
16 5 9 3 -63906
-11 -8 -14 -6 -60712
-17 10 -13 8 -62432
-18 24 -20 21 -59578
3 0 2 0 -55614
24 21 24 18 -48404
3 8 1 7 -65130
-18 2 -18 1 -60634
3 -9 1 -9 -52508
-24 -12 -21 -14 -60916
-20 -2 -19 -1 -57572
24 11 23 13 -50918
-2 -7 -2 -9 -54312
-23 -22 -23 -24 -46640
1 5 0 7 -75534
4 -2 4 -1 -57604
20 24 22 23 -64134
-24 -3 -24 0 -47310
-8 11 -6 9 -65320
3 -6 4 -10 -63308
-8 -16 -9 -21 -55524
-22 -16 -23 -16 -58778
0 14 -4 12 -60974
9 24 10 24 -37746
2 -13 -11 -11 -68194
6 -19 6 -14 -59224
15 -4 14 -1 -67858
24 15 23 11 -53446
0 4 -1 6 -71732
-23 -11 -24 -7 -59378
-24 -15 -24 -11 -43276
-23 4 -24 4 -61650
-11 13 -12 12 -52718
3 -10 4 -7 -50886
12 -14 12 -15 -41578
-22 22 -23 24 -57726
17 1 18 1 -65912
9 2 10 4 -65168
-13 -5 -15 -6 -61042
0 -4 0 -5 -57480
13 21 13 20 -53078
-16 -5 -16 -7 -45826
-16 0 -16 2 -62230
9 12 14 12 -55094
-12 19 -13 13 -56360
13 20 15 24 -58724
-5 3 -6 1 -52680
-13 15 -8 14 -66476
16 15 17 15 -62192
21 -3 20 -3 -72506
-17 -13 -16 -13 -62462
19 24 19 23 -48494
24 -3 23 -3 -60804
-8 -8 -9 -9 -56350
-14 8 -13 7 -54382
0 16 1 14 -51262
-5 -19 -5 -20 -57050
19 7 18 5 -54084
23 -24 23 -21 -46376
-20 -22 -21 -23 -57598
18 -22 17 -23 -54218
-1 6 -2 6 -57952
-5 24 -4 22 -60168
4 22 4 24 -64068
-1 22 -2 20 -54576
-16 -23 -17 -23 -53868
16 2 16 4 -49070
10 2 10 4 -65044
20 -15 19 -16 -68206
22 2 24 0 -64066
-1 11 -2 10 -63608
-6 20 -6 19 -52570
-21 -19 -21 -17 -67568
23 -18 24 -17 -56796
-7 -5 -7 -6 -53314
-2 24 -3 24 -48986
18 -21 19 -24 -50188
-7 -16 -5 -15 -56048
12 -21 13 -17 -59078
13 21 12 14 -51308
-11 -17 -10 -17 -51950
1 -20 0 -22 -63238
-3 -23 -4 -24 -57076
17 -6 20 -3 -86878
-24 -9 -24 -8 -50998
6 -21 7 -19 -69858
18 2 22 3 -62760
-5 8 -5 6 -53620
7 -7 7 -5 -59550
7 -23 10 -24 -62030
0 10 0 7 -59962
-2 0 -2 -1 -51226
-5 -19 -5 -16 -58872
11 -5 12 -4 -59704
-17 -5 -17 -3 -53846
-7 -21 -10 -20 -62290
4 5 4 4 -73226
-15 24 -16 24 -61584
14 -3 13 -3 -67196
0 -23 1 -23 -65310
-18 -24 -17 -22 -48986
1 -3 0 -1 -61478
-3 11 -9 9 -62672
-5 12 -5 11 -50368
20 10 24 8 -52650
16 24 19 23 -51796
23 15 23 14 -49712
-13 18 -12 19 -62952
10 -17 14 -14 -63854
23 23 21 24 -61216
-18 16 -20 16 -62524
0 23 0 24 -58308
24 -3 1 -1 -95532
17 23 20 23 -53454
-24 -24 -23 -24 -43548
23 4 24 6 -69030
9 12 9 13 -58456
-23 -24 -20 -24 -55162
11 -24 10 -22 -66084
-15 17 -16 17 -67684
17 -21 14 -16 -76822
-23 17 -20 18 -62900
24 -8 24 -2 -80844
-22 24 -22 20 -47262
-4 20 -2 20 -55336
8 23 8 24 -58720
10 15 6 14 -52078
16 -9 16 -10 -59848
11 6 12 0 -63216
17 -1 7 -22 -89710
9 1 6 4 -72006
24 3 24 4 -57712
-23 8 -22 8 -63118
9 -12 8 -10 -57332
23 -5 23 -6 -82420
-24 -19 -23 -19 -48992
-16 1 -18 0 -64786
16 19 19 20 -53436
15 -1 15 0 -62076
18 -19 17 -20 -65726
-24 14 -22 12 -60046
-6 20 -8 18 -61154
-2 21 2 21 -47770
10 5 8 6 -62350
24 -12 24 -16 -61678
22 7 22 12 -59454
7 -23 8 -21 -70980
12 -5 13 -7 -63194
-1 10 -2 8 -64420
-23 15 -23 13 -53312
-19 1 -24 1 -67046
13 -24 12 -23 -62262
6 22 5 24 -53778
-6 13 -2 10 -63142
19 -12 0 -3 -109686
-9 22 -9 23 -60626
11 -24 13 -23 -42992
10 10 -24 10 -59842
-4 1 20 -9 -99224
-17 -16 -14 -19 -57826
-3 14 -8 13 -62130
-23 -23 -24 -24 -49446
1 -14 2 -13 -53290
23 -21 24 -21 -47198
9 -21 9 -18 -61758
-19 11 -23 9 -61730
-20 24 -19 24 -60080
10 -12 9 -10 -58120
24 -8 0 -7 -95188
-13 -13 -14 -12 -56998
0 -6 10 -21 -83676
17 -7 20 -4 -85446
23 -23 21 -24 -54796
-24 -8 -21 -8 -64668
15 -18 16 -19 -70004
-23 6 -23 7 -52846
-13 -20 -12 -8 -58950
-16 21 -16 22 -57720
22 -11 21 -11 -62458
-16 19 -16 18 -54992
8 24 6 23 -52858
-13 -20 -12 -22 -63812
5 24 3 24 -38012
-13 5 -14 4 -55548
6 -4 8 0 -69098
7 18 7 20 -46092
24 -18 0 -16 -81640
-21 -4 -21 -3 -47596
-7 15 -8 13 -55600
24 8 22 7 -64452
-24 19 -22 15 -61386
15 0 14 0 -69004
-6 7 -7 9 -60072
14 24 14 23 -42272
-6 -12 -5 -14 -46924
-12 -24 -12 -22 -56084
1 24 3 24 -37662
-10 -7 -11 -4 -56934
-12 2 -13 3 -65196
9 24 9 22 -60482
17 -11 19 -9 -75116
21 -13 19 -3 -86214
24 -14 23 -10 -57888
15 -23 14 -18 -71714
-5 -23 -6 -24 -57048
-5 -4 -3 -3 -62132
0 0 0 -5 -65856
-16 5 -19 5 -58538
-15 -10 -15 -13 -48942
-24 -9 -24 -13 -50992
8 -3 8 -7 -64302
24 22 24 20 -57084
-21 -19 -21 -14 -64268
-2 -24 0 -23 -58310
24 13 24 15 -51724
14 -8 15 -6 -65552
19 10 19 8 -55166
-17 -3 -18 -1 -53978
-14 24 -15 24 -62378
24 24 24 21 -53704
-15 -15 -13 -14 -65170
-24 16 -22 15 -60590
0 2 0 1 -61612
-4 22 -3 20 -62058
-4 -23 -8 -23 -68752
8 23 9 24 -59188
-22 -12 -19 -11 -65456
16 -17 19 -16 -70214
-23 -3 -1 -1 -69152
2 6 1 7 -65340
-22 -24 -22 -21 -53094
22 24 22 23 -48980
-4 -13 19 -7 -90862
-22 -17 -23 -18 -55470
21 -24 20 -24 -53178
24 -22 22 -18 -57400
23 23 22 22 -47638
19 -11 15 -10 -73546
18 17 16 18 -65148
19 8 14 7 -65482
17 -6 23 -2 -91742
8 10 8 11 -49044
-16 14 -15 10 -59728
4 -22 -2 -22 -73838
16 0 17 1 -65204
20 -19 19 -16 -69426
-19 -24 -20 -24 -54454
23 -17 24 -18 -63764
-9 -5 -9 -3 -54318
-6 -18 -9 -16 -60578
-18 11 -17 9 -58508
-9 -24 -5 -24 -62242
1 -6 1 24 -69494
5 -12 2 -11 -57540
23 24 0 24 -43466
-20 -20 13 -20 -65914
-16 -20 -17 -22 -57746
-13 -24 -10 -24 -53684
-15 -18 -14 -17 -54882
-22 6 -24 5 -63448
-24 -15 -23 -17 -48976
6 -14 14 -14 -67076
14 10 14 9 -48784
24 -12 23 -13 -63300
5 -22 4 -22 -58014
5 20 4 19 -50722
24 -15 24 -22 -53346
-1 0 -3 0 -54196
3 -11 9 -9 -53930
-17 -24 -19 -24 -53938
-1 -18 -3 -18 -61078
22 13 24 13 -55552
-24 -4 -22 -5 -62772
-14 0 -16 1 -63538
-13 4 -13 5 -51054
19 22 19 21 -57296
-12 -11 -12 -10 -50766
-11 -13 -11 -15 -47182
8 -1 8 -23 -69718
-20 22 -3 22 -68502
10 -24 10 -23 -59400
-19 14 -18 15 -61860
6 4 6 0 -71536
0 -17 0 -20 -61182
-24 10 -24 8 -41848
-24 -22 -24 -20 -49722
11 -24 8 -24 -58186
6 -22 1 -21 -65482
-12 -5 -12 -3 -53876
22 10 20 8 -65756
6 19 7 22 -58106
-15 9 -13 11 -54064
19 -19 19 -18 -63342
-23 -8 -24 -9 -50388
1 13 5 14 -48814
-13 -11 -12 -8 -53488
-4 17 -4 16 -51876
24 15 22 14 -51794
-18 12 -18 13 -57100
-22 -3 -24 -4 -61118
-9 23 -8 24 -51330
4 -16 -2 -15 -67118
-6 -23 -5 -24 -61354
24 -2 23 -3 -59454
24 -16 23 -14 -74710
23 0 24 0 -59248
17 0 17 1 -62486
-5 -10 -6 -13 -55508
11 17 12 17 -53432
-17 22 -15 24 -65714
4 0 5 5 -83230
20 -14 21 -13 -77042
23 -24 20 -24 -55404
-6 -24 -3 -24 -60430
-22 13 -22 11 -58258
10 11 11 13 -56630
-1 -4 -3 -1 -55756
-20 3 -19 2 -55024
24 -2 20 -21 -81220
21 -8 21 -3 -89512
-12 18 -11 15 -56986
-9 1 -9 2 -49488
24 -24 24 -21 -41112
-1 -6 -2 -7 -63242
-20 -18 -20 -17 -66152
13 17 12 19 -51808
7 4 6 8 -68344
-21 19 -21 17 -52814
8 20 7 20 -48164
-14 21 -13 20 -72144
6 13 6 14 -55954
-24 20 -22 20 -55812
-19 6 -22 6 -65458
-10 24 -9 24 -56022
-11 23 -11 24 -56992
-14 23 -13 24 -60950
-19 0 24 -2 -73936
18 1 19 -4 -69824
-19 17 -18 15 -60194
-13 24 -13 22 -61474
17 -6 15 -3 -72320
2 -3 14 -3 -84070
-21 -19 -19 -22 -63426
6 10 8 10 -48294
-19 -21 -20 -20 -60672
-4 -20 -1 -22 -64638
-11 -24 -14 -21 -69092
-21 7 -21 5 -57734
21 1 21 2 -57714
12 -3 12 -1 -58240
18 15 17 11 -48970
-22 22 -24 24 -57194
-2 1 2 6 -77454
2 6 0 5 -73090
-4 -9 -5 -10 -67880
-8 19 -10 18 -64760
0 14 2 14 -49468
24 0 23 4 -62182
-20 -8 -21 -9 -56340
-24 -24 -22 -23 -57404
-12 0 -12 -1 -47484
-24 20 -24 14 -49660
-24 1 -23 4 -61238
-21 22 -22 22 -62054
-2 -15 -3 -16 -58226
19 -21 18 -21 -58706
24 -5 23 2 -62708
-23 14 -24 11 -55706
5 3 7 1 -66406
18 -13 19 -12 -77134
-11 5 -12 2 -55474
-15 -8 -17 -9 -55682
24 21 23 19 -51672
-18 -20 -16 -19 -59930
-5 -22 -5 -24 -52792
-11 4 -9 3 -66126
-15 18 -13 18 -71582
-14 22 -13 19 -68276
-17 24 -21 22 -65994
1 10 0 12 -54474
-24 -12 -24 22 -54716
-6 -17 -6 -15 -52028
-4 16 -3 12 -57550
1 0 24 -16 -95854
19 13 21 12 -61606
4 14 4 10 -59272
0 -24 0 -18 -67476
-7 -6 -8 -6 -53858
-5 -6 -3 7 -67766
7 18 17 19 -62384
-11 13 -10 12 -59682
23 -15 24 -14 -66550
-19 14 -15 18 -66672
24 7 23 6 -68582
1 -24 1 -23 -59864
-21 23 -22 24 -61672
0 14 1 16 -54136
-12 -4 -13 -4 -55310
-17 -3 -14 -3 -65096
-9 24 -7 21 -61256
8 -3 8 -1 -58428
16 11 15 10 -57554
-18 8 -19 6 -54806
-5 24 -4 24 -44460
-24 -18 -24 -20 -49158
8 6 7 8 -64432
-8 24 -9 24 -55290
-6 -18 0 -2 -82878
5 -23 5 -24 -71152
-14 -14 -13 -14 -64464
-24 -5 -23 -7 -48184
2 -11 -6 -9 -58352
24 6 24 4 -53608
15 -24 13 -22 -61644
7 -23 7 -19 -74574
1 -3 18 -20 -96500
-10 4 -8 3 -67392
-23 21 -23 20 -43258
-13 -23 -12 -23 -57734
12 -14 15 -14 -66296
-22 15 -24 14 -56912
6 -19 3 -20 -64282
18 14 20 11 -61104
-24 -3 -23 -3 -60654
-23 -18 24 -20 -61432
23 20 24 20 -49158
23 2 24 3 -59514
8 24 -24 24 -48978
3 -20 2 -12 -64720
17 23 -13 21 -52412
-2 22 0 24 -50000
14 15 21 14 -69030
19 -22 19 -21 -58952
-11 22 -13 23 -63144
24 -14 22 -13 -66304
-5 3 -3 5 -55236
11 17 11 13 -47430
23 22 24 21 -55298
19 -8 23 -15 -72136
-24 4 -23 0 -55170
-8 -21 -8 -22 -58558
-24 -1 -24 0 -49560
17 -11 14 -11 -72610
23 -16 24 -16 -62416
24 -7 24 -6 -72384
-4 6 4 4 -68110
-23 5 -24 6 -54474
-5 -8 -6 -10 -67418
-15 -22 -14 -23 -60964
23 -16 22 -14 -76742
-11 -22 -11 -24 -58140
-8 -23 -7 -24 -59226
19 -19 18 -3 -83034
-8 1 -7 0 -59016
2 23 2 24 -61346
8 -22 10 -22 -62574
10 20 14 24 -63086
-19 24 -16 23 -56972
24 -1 24 -5 -60572
18 -7 17 -6 -72596
24 18 22 19 -54564
16 -15 13 -9 -62552
20 22 22 22 -58314
0 -19 23 -14 -88516
24 -1 -17 -22 -76090
1 -23 2 -24 -58612
-23 9 -24 11 -51372
3 -16 3 -17 -57326
-16 -11 -19 -10 -58502
10 0 14 -1 -65718
23 -7 22 -8 -78574
1 17 1 18 -51472
7 -24 7 -23 -70304
-8 -2 -6 -2 -64304
-20 12 -20 -5 -68734
16 -23 17 -23 -46234
6 -22 8 -24 -57794
-20 -14 -21 -16 -52804
-22 0 -21 -24 -57598
-10 -23 -11 -24 -44450
