-15 3 -16 5 -53151
21 -8 21 -9 -45513
18 2 19 2 -53267
-23 -3 -4 0 -78639
18 18 16 16 -61249
23 2 24 1 -47769
18 24 21 22 -61429
0 -16 0 -19 -52135
-22 -16 -21 -18 -62763
-24 1 -23 2 -57049
-4 -16 23 -14 -73175
-13 9 -13 18 -61171
-23 -21 -19 -23 -65361
-24 -20 -23 -16 -63811
-11 -6 -10 -4 -53781
4 -4 3 -3 -58219
14 24 16 24 -40423
-15 -5 -14 -4 -59541
1 11 24 -15 -81065
10 9 11 8 -66413
4 -20 1 -21 -59233
23 6 24 12 -52937
2 -24 3 -23 -45407
7 -7 9 -7 -59619
0 -24 -2 -23 -49327
20 18 20 17 -52415
14 5 15 5 -51999
-22 21 -24 -15 -64051
-10 -2 -9 -1 -68045
2 -12 0 -12 -65995
-24 6 -24 3 -50153
22 -7 24 -8 -49453
17 -2 17 1 -42009
-19 -10 -18 -18 -73765
-18 17 -17 15 -50027
-18 24 -20 21 -58441
-15 8 -15 9 -46267
24 21 24 18 -53645
-12 9 -11 10 -68655
2 -14 0 -14 -66475
-18 -10 -16 -15 -73623
-24 -12 -21 -14 -61805
-20 -2 -19 -1 -62413
24 11 23 13 -50945
-12 -5 -14 -1 -57743
-23 -22 -23 -24 -50295
-2 -9 1 -10 -67391
16 11 12 11 -57799
-18 -20 -20 -19 -63121
-24 -3 -24 0 -50971
6 -16 4 -13 -62093
-3 4 -1 5 -58831
-7 8 -3 11 -68733
-22 -16 -23 -16 -69765
0 -24 -6 -22 -63145
9 24 10 24 -44769
-13 -15 -13 -12 -78733
-18 22 -18 14 -60907
2 9 0 11 -57605
24 15 23 11 -56095
-4 -22 -4 -18 -53011
-23 -11 -24 -7 -51759
-24 -15 -24 -11 -56083
-23 4 -24 4 -58153
-11 13 -12 12 -65367
17 4 18 4 -53645
12 -14 12 -15 -55821
-22 22 -23 24 -61807
21 0 21 2 -49427
9 24 9 19 -64803
7 -21 7 -20 -51429
-22 0 -22 -3 -58991
-20 21 -21 20 -57621
24 23 23 22 -57867
-1 -6 -2 -5 -56827
-13 -22 -14 -23 -59691
9 3 -17 6 -89655
9 19 9 18 -61281
10 21 6 23 -60879
-8 -23 -10 -24 -58941
16 15 17 15 -59895
13 -16 16 -18 -57067
-17 -13 -16 -13 -59451
19 24 19 23 -54667
24 -3 23 -3 -51143
24 5 -20 2 -79989
24 -3 13 0 -60277
4 6 3 4 -62861
-10 -19 -10 -20 -60189
4 -18 6 -18 -56707
23 -24 23 -21 -64705
-20 -22 -21 -23 -66523
18 -22 17 -23 -58141
9 -19 7 -18 -57827
-5 24 -4 22 -53811
-10 -8 -10 -5 -44223
-1 22 -2 20 -58041
-16 -23 -17 -23 -50563
-18 17 -15 19 -66811
5 -17 5 -13 -65827
7 2 8 5 -59739
15 -18 7 -3 -72655
-12 -19 -11 -14 -81233
23 4 24 -3 -47497
1 14 0 17 -70507
23 -18 24 -17 -49145
-17 4 -18 3 -52913
-2 24 -3 24 -43979
18 -21 19 -24 -60813
13 -1 14 7 -60545
4 -15 5 -12 -66917
18 -8 -23 -5 -92285
-11 -17 -10 -17 -66363
-8 -17 -10 -19 -78149
-3 -23 -4 -24 -51809
6 -23 4 -22 -64837
-24 -9 -24 -8 -48281
-24 -23 18 -22 -65821
18 8 22 9 -51877
7 -22 6 -20 -65229
8 15 13 13 -63455
7 -23 10 -24 -57659
20 -22 19 6 -61855
0 -14 0 7 -81285
24 16 23 16 -49735
11 -5 12 -4 -52341
-1 -12 -2 -8 -51183
5 8 6 10 -49771
14 -19 12 -20 -66125
-15 24 -16 24 -53985
11 8 11 5 -57461
16 -22 15 -19 -65151
-18 -24 -17 -22 -58435
4 14 4 13 -61949
10 -4 10 -5 -40979
0 1 -1 2 -61543
-17 4 -12 -19 -81405
16 24 19 23 -55561
3 -18 2 -17 -56363
-13 18 -12 19 -61739
-19 0 -17 0 -56353
-12 -14 24 -10 -80675
6 5 5 -21 -78677
-7 -23 13 -23 -66515
11 6 10 6 -56725
17 23 20 23 -54431
-24 -24 -23 -24 -49143
-8 -1 -8 -3 -75275
9 -1 9 0 -46051
-23 -24 -20 -24 -64141
11 -24 10 -22 -58039
-15 17 -16 17 -60645
-24 -15 -24 -13 -53053
-23 17 -20 18 -60803
-20 -1 -21 1 -55415
-22 24 -22 20 -58635
-4 20 -2 20 -56215
8 23 8 24 -57841
-24 16 -23 -8 -65609
16 -9 16 -10 -52513
13 9 13 6 -58645
-7 21 -4 21 -66157
14 -18 14 -21 -63811
24 3 24 4 -45803
-23 8 -22 8 -54743
-10 0 -8 0 -64479
6 15 6 21 -70735
-24 -19 -23 -19 -57629
0 -7 0 -5 -54179
-6 0 -6 2 -56395
2 23 2 24 -64549
21 22 23 24 -61863
-24 14 -22 12 -57977
-23 -18 0 -13 -74797
18 5 18 3 -51739
-10 1 -6 4 -80119
17 -23 17 -19 -71481
-6 -8 -5 -11 -47575
20 17 21 16 -57393
-4 0 -3 0 -56011
1 -8 11 -5 -72839
-1 23 -23 24 -58573
-12 10 -11 10 -62473
13 -24 12 -23 -52697
6 22 5 24 -59069
-19 -11 -20 -11 -63605
14 -19 10 -24 -68739
0 21 24 20 -59527
-3 -1 -3 2 -62883
0 14 -6 16 -63215
-19 -10 -19 -9 -49465
21 3 20 2 -57377
17 -12 22 -12 -52885
-23 -23 -24 -24 -50341
-19 -10 -1 1 -89363
23 -21 24 -21 -39563
7 -15 -15 -12 -89233
-16 1 -17 0 -57869
-20 24 -19 24 -49245
11 23 14 24 -45417
-17 6 22 7 -85963
5 -23 7 -23 -60933
0 2 2 1 -62291
-6 19 -3 21 -64023
23 -23 21 -24 -44533
0 -19 -2 -19 -63269
-16 -24 -13 -24 -52157
-23 6 -23 7 -47303
-9 -24 -12 -24 -55399
-16 21 -16 22 -55837
-8 -4 -7 -2 -70373
-11 -19 -9 -17 -81977
8 24 6 23 -57901
-13 -20 -12 -22 -63745
5 24 3 24 -52475
-13 5 -14 4 -53645
-13 -22 4 -19 -86389
0 -2 0 -1 -56601
6 2 6 6 -62999
23 24 21 24 -50859
-2 11 0 10 -64921
20 17 19 17 -55877
3 -13 -2 -18 -66397
-7 21 -6 21 -64037
24 -14 24 18 -54711
14 24 14 23 -60425
-6 -1 -4 -2 -58127
-12 -24 -12 -22 -60623
1 24 3 24 -51793
18 9 -22 -9 -90279
0 6 19 -6 -90817
23 0 -23 -24 -71697
-17 -7 -19 -8 -63957
6 -21 8 -24 -67773
24 -14 23 -10 -40917
18 5 17 8 -55347
-5 -23 -6 -24 -55311
-12 -17 -24 -22 -75973
-8 -13 -9 -13 -61209
-1 -19 0 -17 -54629
-15 -10 -15 -13 -67895
1 1 0 4 -62389
13 -15 16 -14 -61529
24 22 24 20 -58971
-15 14 -14 14 -57357
-24 17 -23 17 -58095
24 13 24 15 -46605
1 -13 0 -11 -62219
14 -12 13 -10 -55841
-17 -3 -18 -1 -50377
-14 24 -15 24 -52567
24 24 24 21 -57237
-3 7 -3 9 -49451
-24 16 -22 15 -57623
16 -10 19 -13 -65111
0 4 1 5 -55141
8 11 10 9 -65043
8 23 9 24 -58971
3 -5 2 1 -66743
-8 17 -8 18 -54127
-15 -7 -16 -9 -54173
2 -3 1 -4 -49279
-22 -24 -22 -21 -59517
22 24 22 23 -54733
-20 -9 -22 -9 -61803
-22 -17 -23 -18 -67321
21 -24 20 -24 -44769
5 8 4 8 -56349
-24 -21 -24 -18 -66079
19 -3 21 -3 -54021
-1 -20 -5 -17 -69455
22 24 23 23 -55891
23 -7 19 -7 -55571
14 -18 14 -12 -59333
20 7 18 11 -58233
11 -12 9 -14 -63253
-19 -22 -19 -21 -60281
20 -19 19 -16 -52895
-19 -24 -20 -24 -57225
23 -17 24 -18 -47615
2 -4 1 -3 -60031
-7 -20 -4 -20 -67691
-18 8 -17 9 -48333
-9 -24 -5 -24 -61195
-8 -16 -5 -12 -66059
1 -9 -2 -12 -59675
16 -7 18 -6 -46157
5 1 5 0 -55809
-16 -20 -17 -22 -67661
11 0 13 -1 -60777
-15 -18 -14 -17 -62513
-22 6 -24 5 -56769
-24 -15 -23 -17 -54701
10 0 8 -1 -58307
-14 -16 -12 -12 -83643
24 -12 23 -13 -49771
12 19 11 -10 -78117
16 2 2 4 -80365
2 0 2 1 -60657
17 21 18 22 -55639
6 -4 5 -5 -53507
20 -24 20 -6 -64429
22 -6 21 -9 -41423
10 16 10 13 -60941
-24 -4 -22 -5 -60391
0 22 2 21 -59009
-9 -7 -8 -7 -55953
11 -4 12 -5 -51375
-12 -11 -12 -10 -60053
-11 -13 -11 -15 -71509
15 22 15 23 -64169
-19 13 -16 13 -52381
10 -24 10 -23 -43159
0 12 -3 15 -74255
-13 -12 -11 -12 -66199
7 15 7 16 -62775
-24 10 -24 8 -47539
-24 -22 -24 -20 -58889
11 -24 8 -24 -46833
2 8 3 7 -59783
-11 4 -9 9 -61701
24 7 20 9 -56493
-18 11 -16 10 -55597
3 16 1 16 -56525
14 11 14 13 -52825
-23 -8 -24 -9 -53443
16 -12 12 -10 -57097
-19 -14 6 -6 -91071
15 -1 5 12 -90791
-6 21 -6 24 -52609
-18 12 -18 13 -60061
24 12 23 8 -54329
-9 23 -8 24 -53719
-12 3 -11 2 -54715
-6 -23 -5 -24 -57909
24 -2 23 -3 -39853
-2 13 0 12 -71497
23 0 24 0 -52565
23 17 24 18 -51233
3 6 4 5 -62309
11 17 12 17 -57207
-17 22 -15 24 -61673
21 10 21 13 -57495
13 -9 13 -7 -41961
23 -24 20 -24 -45441
-18 -15 -20 -18 -63005
-22 13 -22 11 -62819
10 11 11 13 -59989
1 21 2 18 -63703
-6 15 14 20 -77417
-9 4 -8 5 -70445
-13 -19 -12 -12 -87099
-21 -1 11 -1 -89165
3 -8 4 -7 -49069
24 -24 24 -21 -62645
-18 -9 -17 -9 -65995
-10 22 -11 18 -55197
-13 2 -13 5 -50451
-9 15 -7 15 -53783
-21 19 -21 17 -56087
8 20 7 20 -60767
6 -13 4 -8 -66629
8 -18 10 -16 -69761
-24 20 -22 20 -59129
0 7 0 8 -52397
-10 24 -9 24 -51201
-11 23 -11 24 -46451
-14 23 -13 24 -54623
-14 6 -1 11 -93303
-24 -13 -23 -12 -62771
-13 17 -13 19 -52511
-13 24 -13 22 -52537
-13 12 -8 16 -68799
-4 -7 -3 -7 -60111
1 14 1 11 -55207
24 -24 23 -20 -57817
0 18 0 16 -64867
0 -14 -3 -12 -68943
0 6 -23 -3 -88427
17 -7 -17 -10 -99063
-12 -14 -13 -14 -66899
22 5 24 7 -47401
8 19 7 16 -72033
-22 22 -24 24 -58743
-23 -14 -21 -13 -70617
1 -14 1 -12 -59061
15 17 15 15 -55041
21 7 24 6 -53407
-11 -24 -13 -23 -54265
19 -9 19 -15 -62419
4 24 3 23 -55595
-24 -24 -22 -23 -61013
-24 -12 -23 -9 -60119
-24 20 -24 14 -47371
-24 0 -24 6 -53039
-21 22 -22 22 -58385
10 -10 12 -9 -57059
19 -21 18 -21 -52889
24 -18 23 -13 -46835
-23 14 -24 11 -55873
11 -20 10 -22 -61195
16 21 17 16 -56199
-10 -16 0 -10 -83813
-10 5 -13 7 -53899
24 21 23 19 -60287
16 -9 -12 3 -90577
-5 -22 -5 -24 -46479
-24 13 -24 14 -47235
19 -3 -24 -12 -90201
-7 -1 -7 0 -64977
3 -21 3 -23 -51939
21 15 21 16 -50063
-9 18 -11 19 -57831
-6 -17 -6 -15 -50259
-12 2 -12 -2 -56761
16 -16 17 -16 -58527
-2 19 -2 17 -61219
-24 9 -21 4 -67313
17 -24 16 -23 -57375
-19 2 -20 5 -51671
10 -18 11 -17 -71435
-10 9 9 16 -78527
17 13 15 12 -60517
23 -15 24 -14 -55395
23 -20 24 -14 -47557
0 -7 -1 -7 -62697
1 -24 1 -23 -41689
-21 23 -22 24 -63245
-8 4 -9 4 -67911
-12 -4 -13 -4 -51287
-17 -6 -14 -5 -65445
-4 -12 -8 -13 -67199
9 11 6 16 -64871
8 -1 7 -2 -60625
2 19 3 20 -57777
5 -12 4 -8 -61111
-24 -18 -24 -20 -63465
15 9 -3 9 -81189
-8 24 -9 24 -54071
10 0 1 -21 -85669
-3 -4 -4 -5 -61429
8 -17 8 -15 -57373
-24 -5 -23 -7 -45005
-15 10 -15 12 -55399
24 6 24 4 -39317
18 13 17 12 -60797
15 -24 16 -20 -69903
-20 12 -20 8 -63797
12 23 12 24 -60499
-23 21 -23 20 -54411
15 7 14 5 -58121
11 17 12 18 -69501
-22 15 -24 14 -55957
-23 21 -23 16 -58101
0 15 0 13 -61493
-24 -3 -23 -3 -63373
-11 15 -10 14 -54543
23 20 24 20 -58601
23 2 24 3 -52069
8 24 -24 24 -53363
-2 21 -3 24 -58885
7 -19 18 -14 -83331
-2 22 0 24 -48515
-8 7 7 7 -76149
12 23 14 20 -58227
-11 22 -13 23 -46303
24 -14 22 -13 -49157
4 -24 6 -23 -54371
-8 -16 -7 -23 -66003
23 22 24 21 -57213
10 -11 12 15 -79887
-18 0 -24 0 -66175
-6 8 -4 9 -68395
-24 -1 -24 0 -52737
-15 -15 -15 -23 -68275
23 -16 24 -16 -53705
0 -14 9 12 -85673
19 -16 17 -12 -63755
-23 5 -24 6 -58695
13 9 12 11 -60815
-15 -22 -14 -23 -58077
2 24 3 23 -60791
-11 -22 -11 -24 -61411
-8 -23 -7 -24 -57677
-9 18 -8 16 -61183
8 10 9 11 -57181
2 23 2 24 -64549
9 16 11 18 -73127
16 -12 17 -11 -51323
-19 24 -16 23 -50337
-10 -10 -10 -9 -51131
14 19 16 21 -57433
24 18 22 19 -60319
-8 -3 -8 -1 -75409
18 -24 16 -23 -58831
-24 -2 -23 -2 -63569
-14 -17 -13 -18 -59783
1 -23 2 -24 -48313
-23 9 -24 11 -59309
-11 1 -11 21 -64619
13 0 14 1 -46071
5 13 7 14 -60073
-5 13 -4 23 -66649
1 -24 0 0 -68069
11 1 12 0 -60283
24 -22 24 -23 -60053
21 -7 20 -4 -36485
16 -23 17 -23 -54843
-14 1 -14 -19 -81389
-6 2 -3 5 -64629
-18 24 -18 22 -53943
-10 -23 -11 -24 -58157
