-8 15 -7 18 -53385
21 -8 21 -9 -54211
18 2 19 2 -46715
12 3 11 3 -46181
-24 -10 -24 -11 -68773
23 2 24 1 -50217
22 -19 20 -22 -58943
-9 -7 -20 -6 -87261
2 0 0 0 -53527
-24 1 -23 2 -51341
-6 -15 -8 -22 -79237
-17 4 -17 3 -52741
-9 -3 -9 -5 -70879
-24 -20 -23 -16 -64235
5 2 5 4 -52329
-18 -20 -17 -21 -73873
14 24 16 24 -49209
0 -3 2 -4 -57551
-3 -9 -16 -21 -104359
-10 4 -10 3 -53413
-8 23 -8 5 -66861
7 24 9 23 -63347
2 -24 3 -23 -55261
16 -8 15 -7 -62033
0 -24 -2 -23 -67609
20 18 20 17 -63613
17 -18 22 -17 -62013
-15 12 -20 14 -57589
9 -18 8 -17 -57873
0 -23 -2 -24 -79967
-24 6 -24 3 -37337
22 -7 24 -8 -56557
-11 -23 -12 -24 -66833
20 5 21 6 -59215
5 6 2 6 -44019
-18 24 -20 21 -53373
-4 17 -4 19 -49309
24 21 24 18 -57505
-16 9 -13 4 -57527
11 -16 12 -17 -59747
0 -1 -1 0 -61661
8 17 5 20 -63545
5 -5 6 -5 -56113
24 11 23 13 -48687
17 12 16 6 -59377
-23 -22 -23 -24 -61515
24 -13 24 -10 -51789
-23 -8 -23 -7 -57039
-16 -18 -12 0 -90663
-18 0 -18 -2 -68797
23 8 23 6 -52443
3 19 1 19 -49725
22 -10 16 -12 -64745
0 -14 0 -17 -68871
4 -16 3 -18 -64123
9 24 10 24 -44811
-9 -8 -10 -10 -74617
-23 -3 -24 -3 -55195
0 -7 -1 -9 -70999
24 15 23 11 -64177
21 7 20 9 -58871
-17 -17 -15 -17 -82667
-24 -15 -24 -11 -77249
-23 4 -24 4 -45975
-9 -17 -17 -16 -96119
-23 0 1 -1 -64793
12 -14 12 -15 -48937
10 -10 8 -11 -58005
-15 24 -12 24 -54647
9 -19 8 -19 -70245
-21 -11 -21 -9 -75135
0 -1 -2 -3 -81787
-20 21 -21 20 -51099
-20 15 -20 17 -44115
-1 11 -1 12 -45173
15 -6 15 -9 -62137
8 24 9 23 -59885
9 19 9 18 -60343
-13 -18 -13 -17 -62355
-8 -23 -10 -24 -66415
16 15 17 15 -52943
13 -16 16 -18 -58429
-12 -20 -12 -19 -72145
19 24 19 23 -45527
24 -3 23 -3 -58247
-6 -2 -5 -3 -72859
-16 -7 -20 -10 -76469
-20 -11 -23 -12 -75231
13 5 14 4 -57995
-23 -18 -2 -14 -84891
23 -24 23 -21 -66795
-9 19 5 21 -65837
-9 24 -8 22 -50017
-18 -24 -11 -23 -80881
-5 24 -4 22 -46931
21 14 23 13 -63971
-2 -3 -5 -3 -55481
-16 -23 -17 -23 -63655
-17 20 -14 19 -53829
-23 9 -21 11 -56087
-13 0 -14 5 -65515
-18 6 -20 6 -64431
-19 -11 -22 -13 -87865
23 4 24 -3 -54897
16 -13 17 -13 -57843
23 -18 24 -17 -54795
-13 0 -12 -2 -70397
14 -13 12 -13 -53157
18 -21 19 -24 -59845
0 13 -1 14 -46649
-23 -21 -24 -21 -58743
7 -24 6 -22 -51587
-1 -14 -3 -15 -70947
-24 13 -24 8 -59795
22 -1 21 -1 -63051
-2 -23 -5 -24 -73773
16 2 17 -2 -43791
-24 -23 18 -22 -59517
0 -11 -3 -12 -64313
8 -3 8 -5 -41103
-2 -7 -6 -16 -86307
-5 -7 -9 2 -104261
9 -18 10 -18 -70403
-17 5 -19 4 -65471
24 16 23 16 -60205
2 2 2 -5 -71907
13 12 13 11 -49315
-11 -18 -17 -7 -107291
-3 2 -3 0 -50741
-15 24 -16 24 -60859
15 12 17 10 -57097
-16 -16 -17 -17 -76121
-18 -24 -17 -22 -62021
-19 2 -21 1 -59035
-24 19 -24 18 -47447
-8 -13 -10 -15 -84381
-19 0 -17 -2 -73463
16 24 19 23 -54033
-6 8 -7 4 -53127
0 -18 -1 -18 -69419
1 -9 0 -9 -63457
8 13 8 6 -62929
-9 -9 -9 -8 -61591
18 20 18 19 -62211
16 18 18 20 -62807
17 23 20 23 -54631
7 4 9 -13 -63867
23 -8 22 -3 -54105
13 4 13 5 -54325
15 -22 15 -20 -66975
11 -24 10 -22 -61235
-2 -7 -2 -1 -100631
-3 -20 -5 -17 -61173
-18 -4 -19 -3 -70389
-10 10 -9 11 -62061
-22 24 -22 20 -49493
-6 22 -6 24 -49689
8 23 8 24 -47605
-4 -12 -9 -14 -80575
16 -9 16 -10 -52613
-8 -4 -9 -4 -57597
-19 -24 -23 -24 -54287
14 -18 14 -21 -59693
24 3 24 4 -49665
-21 -19 -21 -21 -68905
24 0 24 24 -57419
-10 14 -12 12 -63271
-24 -19 -23 -19 -56459
-24 -8 -23 -10 -65255
4 23 4 24 -40541
-13 -12 -11 -14 -81539
15 9 13 5 -56021
-24 14 -22 12 -51829
-11 22 -12 21 -66909
18 5 18 3 -50755
24 7 23 6 -57895
17 -23 17 -19 -67469
19 -23 12 -22 -66205
20 17 21 16 -64649
0 24 1 22 -43721
5 3 4 4 -53975
-13 12 -14 12 -63957
-13 -1 -13 0 -69877
13 -24 12 -23 -56773
0 -15 -1 -14 -74503
0 21 -2 21 -51861
22 -4 22 -2 -48511
-12 -23 -14 -24 -71779
24 11 22 -12 -62327
-11 19 -11 18 -51613
-23 -5 -21 -5 -67149
-5 -4 -5 -3 -92355
-20 10 -19 11 -54511
-23 -23 -24 -24 -40097
22 22 21 22 -61059
23 -21 24 -21 -44093
5 10 5 14 -54757
12 8 10 8 -42821
-20 24 -19 24 -48759
11 23 14 24 -45737
18 19 17 20 -62999
-6 15 -5 12 -53353
-8 -21 -11 -20 -66547
-24 -7 -24 10 -57531
23 -23 21 -24 -51321
-11 -17 -17 -23 -91729
-24 17 -24 16 -41531
-17 14 -16 16 -48455
-19 -6 -20 -6 -66699
-16 21 -16 22 -49061
-14 -14 -14 -15 -81619
12 -12 11 -10 -53327
8 24 6 23 -53115
-19 -8 -8 -7 -92779
5 24 3 24 -47995
-7 -7 -9 -10 -72713
2 23 4 21 -54351
2 7 3 20 -60823
0 -5 0 -3 -79307
23 24 21 24 -51131
12 18 11 17 -57255
20 17 19 17 -66209
8 -23 9 -24 -60951
15 24 13 24 -47901
-22 15 -24 17 -55265
14 24 14 23 -53695
-4 -13 -6 -15 -85511
-5 -12 -5 -9 -60883
5 21 6 19 -57917
-7 -24 -8 -24 -51099
7 -23 6 -24 -51093
23 0 -23 -24 -60891
0 10 3 7 -44627
-8 -23 -9 -24 -65351
24 -14 23 -10 -59225
-8 -10 -10 -13 -88077
-5 -23 -6 -24 -65345
-23 20 -20 20 -62765
-18 -23 -18 -24 -67411
-2 7 0 7 -50127
-15 -15 -14 -15 -82333
-7 -23 -7 -22 -64117
6 19 6 17 -55343
24 22 24 20 -56893
-2 -23 -3 -24 -78227
-24 17 -23 17 -53341
24 13 24 15 -55583
22 0 22 -1 -53747
16 8 15 8 -47677
8 15 9 16 -56103
-9 -17 -8 -16 -72063
24 24 24 21 -48509
0 -24 -3 -23 -70707
23 13 24 15 -65051
11 10 12 7 -57021
-22 -5 -24 -8 -65101
3 -18 3 -17 -55787
-24 -1 -24 -5 -55967
15 -7 17 -6 -55661
3 -2 4 0 -49217
-13 17 -13 18 -47153
7 8 6 6 -55139
19 -4 17 -6 -51323
22 24 22 23 -42515
17 16 17 17 -58811
-20 -14 -22 -12 -73575
21 -24 20 -24 -50587
11 5 11 0 -59559
-6 -16 -5 -14 -78833
19 -3 21 -3 -60349
-10 24 0 21 -56205
14 -15 14 -16 -49247
23 -7 19 -7 -59679
3 -7 1 -8 -67257
-13 -12 -11 -11 -76397
13 -8 12 -7 -58361
-2 0 -3 -2 -87295
20 -19 19 -16 -54173
-19 -24 -20 -24 -52245
23 -17 24 -18 -49179
-16 -13 -15 -9 -79611
22 -14 22 -13 -56775
-11 11 -12 8 -54541
-2 -8 -6 -8 -55637
-6 4 -6 3 -50369
22 1 21 -3 -58969
-23 22 -24 23 -53515
0 20 -1 19 -48985
-13 17 -12 18 -62431
12 20 13 22 -57901
-2 -13 6 -24 -72155
6 9 6 7 -54447
-24 -15 -23 -17 -73249
-8 -2 -7 -4 -89565
-9 -18 -22 -24 -90907
24 -12 23 -13 -56575
22 0 22 -23 -58797
-3 0 -4 -3 -96083
-19 -15 -17 -19 -84409
-13 2 -15 -2 -72367
22 9 23 10 -60007
-16 14 -18 -17 -80441
22 -6 21 -9 -55387
10 16 10 13 -48753
-24 -4 -22 -5 -63487
15 0 13 2 -54923
4 -10 2 -11 -55509
-22 -24 -24 -23 -56261
-9 -2 -6 -7 -90855
-19 -1 -19 -5 -68493
15 22 15 23 -56783
-17 -10 -15 -12 -74703
10 -24 10 -23 -48839
4 -18 2 -19 -56215
-8 0 -9 4 -66077
-2 -23 -1 -21 -73691
-24 10 -24 8 -58275
-24 -22 -24 -20 -59659
11 -24 8 -24 -54787
0 -6 -1 -10 -70545
-24 5 -23 6 -47227
21 16 19 15 -66579
-18 11 -16 10 -59313
-9 11 -7 9 -55557
-11 -2 -9 -1 -57069
-23 -8 -24 -9 -63771
16 -12 12 -10 -62919
8 18 7 17 -59787
-12 3 -11 3 -51281
0 -11 -1 -9 -54175
-3 -6 -4 -5 -64969
24 12 23 8 -53279
-9 23 -8 24 -49599
-2 -19 -7 -19 -70445
-8 -16 -11 4 -91563
24 -2 23 -3 -53141
13 -4 12 -7 -47831
23 0 24 0 -58171
23 17 24 18 -55611
10 -10 8 -9 -56269
-10 12 -9 10 -60137
-17 22 -15 24 -64599
16 18 14 21 -58265
0 5 -3 3 -54519
23 -24 20 -24 -52239
14 -21 13 -24 -60383
-21 -6 -20 -4 -61825
10 11 11 13 -57143
0 -13 0 -15 -70653
2 -9 1 -8 -58941
-9 -20 -18 -8 -110477
0 -22 -22 -24 -73145
-16 -6 -3 -9 -89325
-18 -8 -17 -9 -59285
24 -24 24 -21 -65673
-12 20 -10 20 -59177
-20 0 -19 -1 -70079
-18 -15 -8 -7 -103515
0 -24 -1 -21 -55797
-16 24 -17 24 -60099
-5 10 -6 8 -57477
-11 18 -11 -14 -77089
-10 14 -10 13 -51943
-24 20 -22 20 -61081
21 9 23 9 -61293
-10 24 -9 24 -47351
-11 23 -11 24 -46049
-14 23 -13 24 -62421
-12 -10 -12 -12 -71765
-24 -13 -23 -12 -68151
19 12 20 6 -62331
-2 17 -2 19 -47327
-19 -23 -19 -24 -66717
8 19 -1 18 -62399
-9 22 -10 19 -59475
24 -24 23 -20 -57457
22 -14 -9 -24 -68841
21 21 -21 21 -47055
15 -22 14 -23 -53889
-12 -20 -13 -19 -76793
-24 -23 -24 -8 -81375
0 -23 -2 1 -71419
-14 -12 -14 -17 -89125
-22 22 -24 24 -54359
9 8 10 5 -55829
1 -12 1 -13 -56825
-22 18 -22 19 -52685
21 7 24 6 -55077
-11 -24 -13 -23 -67377
-16 15 -7 14 -70399
4 24 3 23 -42379
-24 2 -22 -1 -57127
-1 11 -3 11 -47505
-13 -16 -12 -17 -76833
-3 9 -2 11 -52767
-21 -16 -22 -13 -95057
-20 -12 -21 -13 -87497
19 -21 18 -21 -57207
24 -18 23 -13 -53173
-23 14 -22 9 -58017
-24 -15 -24 -16 -75627
5 -23 -11 -24 -75405
11 -7 11 -9 -54729
-11 -23 -10 -24 -56243
24 21 23 19 -55227
10 7 6 6 -43947
-5 -22 -5 -24 -59171
-24 13 -24 14 -40081
-13 -4 -13 -3 -58151
-7 -1 -7 -3 -82521
-19 8 -21 9 -54925
21 15 21 16 -57345
-19 -14 -18 -17 -89225
15 18 13 15 -61205
-7 -19 -7 -21 -71819
-16 -12 -17 -15 -87731
-22 -2 -22 -6 -65543
-13 -21 -13 -20 -69623
17 -24 16 -23 -55433
5 2 4 5 -57941
2 20 23 24 -50851
22 -24 24 18 -64227
-14 -9 -17 -11 -77157
23 -15 24 -14 -60633
23 -20 24 -14 -52067
7 -9 8 -6 -55031
1 -24 1 -23 -51969
-11 2 -10 1 -67155
3 -21 1 -21 -55645
13 3 14 4 -50885
-6 23 -5 24 -45469
-21 -20 -20 -21 -72697
24 -10 23 -9 -53545
9 -18 8 -20 -62747
-9 -21 -9 -20 -75573
-1 5 -1 3 -43929
-24 -18 -24 -20 -59993
11 -22 10 -23 -54417
4 -6 5 -5 -60259
-23 -22 -24 -21 -63955
6 -24 7 -24 -50399
7 -17 9 -15 -68251
-23 -15 -24 -16 -62697
-2 20 -8 17 -58297
24 6 24 4 -51229
-24 -24 -24 -23 -51591
0 -22 -1 -23 -78563
-10 11 -7 11 -56069
12 23 12 24 -54343
-23 21 -23 20 -48187
18 -24 10 -22 -65353
-4 -6 -4 -7 -69231
-22 15 -24 14 -48321
-7 -7 11 -6 -71263
-23 -2 -24 -17 -79247
-1 0 -1 -4 -97383
-11 15 -10 14 -54255
23 20 24 20 -60075
23 2 24 3 -55903
8 24 -24 24 -46129
-23 24 -22 24 -48123
-9 22 2 17 -65273
-2 22 0 24 -44717
11 3 10 1 -49839
7 -13 7 -12 -42383
0 -4 -1 -5 -79987
24 -14 22 -13 -58265
4 -24 6 -23 -52953
5 14 6 12 -50205
23 22 24 21 -59265
2 -2 9 -3 -60791
-4 12 -7 12 -46505
-3 -2 -3 -1 -94793
-24 -1 -24 0 -52189
-22 2 -22 0 -54797
23 -16 24 -16 -57025
0 -13 2 -15 -73549
8 0 8 1 -44493
-23 5 -24 6 -40361
-20 -13 -21 -17 -94687
-15 -22 -14 -23 -72369
-16 3 -15 4 -60793
-23 -11 -24 -9 -69249
1 11 0 10 -45311
-2 -22 24 -23 -57399
8 10 9 11 -53831
19 -4 16 -3 -54681
-15 -24 -15 -23 -56765
16 -12 17 -11 -54265
-19 24 -16 23 -52313
8 -10 9 -10 -59915
7 -16 7 -20 -56951
24 18 22 19 -69109
-13 10 -15 10 -64083
-17 7 -17 4 -48087
11 -14 9 -16 -62941
18 -12 20 -14 -56643
1 -23 2 -24 -49205
-12 7 -15 6 -57309
19 9 18 9 -50185
-21 -15 -21 -14 -95929
-3 8 -4 6 -55511
-11 24 -9 23 -49769
6 24 7 24 -56609
11 1 12 0 -54203
24 -22 24 -23 -62821
21 -7 20 -4 -57681
16 -23 17 -23 -55053
12 17 12 19 -61151
-24 7 -24 11 -60591
-18 24 -18 22 -46183
-13 13 -13 9 -53793
