-1 -2 -1 7 -142954
8 -14 3 15 -153726
-2 1 2 11 -149064
-7 0 -15 -2 -141140
4 -8 22 -7 -143958
4 -2 2 -4 -136768
8 -2 4 2 -141012
8 -11 5 -15 -110616
-23 -6 -9 8 -137390
6 -12 8 -10 -107330
-9 -23 -5 -24 -41840
6 3 6 5 -109034
-6 -7 -5 5 -143854
-2 22 -8 -11 -143976
7 14 5 8 -117134
7 7 24 6 -117538
9 15 6 2 -151740
-3 7 6 22 -136800
6 -6 -5 -8 -141328
-19 0 -1 -23 -139374
-7 -3 -18 -10 -141114
-15 -6 -8 0 -138984
3 23 2 11 -89358
-14 20 9 20 -104404
12 0 19 -3 -103556
15 0 7 -11 -141694
-1 14 8 7 -145928
-23 7 5 -5 -147520
10 0 17 -10 -127452
1 -8 23 -14 -130046
1 -12 2 -12 -98634
8 0 22 3 -134376
-21 20 13 3 -116514
17 -16 10 6 -140070
5 15 6 10 -104096
24 2 20 19 -60758
-10 -8 -2 -9 -137792
-13 -18 14 -7 -139042
-11 10 -11 5 -91742
-7 11 1 7 -138072
12 6 3 21 -140158
2 -3 1 -14 -146500
0 5 2 -5 -145888
-17 13 16 -6 -145830
-3 -13 -12 -13 -109448
16 -14 10 -4 -118976
11 15 5 17 -89550
4 10 -7 4 -148010
0 22 -18 7 -136158
24 -6 4 11 -136968
22 -4 3 -5 -152534
-7 1 -3 2 -139350
-20 19 -2 17 -73074
-10 3 24 -8 -141736
10 24 3 17 -63632
13 22 -15 12 -119168
-24 2 -19 0 -48458
13 20 5 3 -142556
-12 23 0 5 -127148
-9 -22 -22 -9 -110916
-11 6 -22 -3 -123910
4 15 1 10 -114006
2 -15 8 -10 -129458
10 5 24 0 -110144
6 3 -2 22 -147490
14 -13 15 3 -118308
8 -13 -22 -18 -108410
-8 2 -22 -12 -132076
5 -19 12 3 -146780
10 8 -2 13 -146428
-1 -6 -5 -6 -127094
-7 19 -9 -3 -144906
22 4 3 0 -145780
-5 -6 -1 -12 -145306
17 1 18 14 -89930
10 -7 6 -11 -121024
7 20 1 17 -85622
5 -18 5 -4 -143188
0 -4 -14 -20 -138670
-11 7 12 18 -149464
17 -20 7 -18 -66538
-5 2 -11 8 -148922
6 -18 3 -7 -135694
1 -20 13 -12 -120658
1 -4 5 -11 -145470
-20 6 -14 0 -107970
11 2 8 3 -115648
12 -10 12 10 -138432
4 -2 6 -1 -136942
7 -2 8 6 -129526
-1 -8 -9 -7 -143682
-9 8 0 15 -142128
22 0 -15 -4 -146124
-1 9 3 0 -148362
5 13 9 17 -101448
5 7 -1 5 -145472
-21 3 10 -9 -151160
13 -5 11 -8 -96134
10 5 9 -7 -135620
-11 5 -6 -9 -146836
-6 2 -20 3 -137718
17 14 9 -4 -145366
-6 1 1 0 -144338
-3 -6 1 2 -147484
-2 4 -17 8 -151336
-12 7 -3 14 -137962
-7 0 -1 -1 -146778
11 16 8 8 -107420
11 22 -3 0 -156048
0 19 -17 5 -151578
-14 -23 -19 -13 -56990
10 -8 -2 -11 -148082
6 -11 13 -10 -118664
-1 1 2 -3 -141194
1 -12 -5 -5 -150972
0 -6 -1 0 -137588
-1 5 -7 18 -144192
-4 22 -11 5 -133548
-6 3 -18 10 -131296
8 -7 10 -13 -110026
-7 -18 -21 -4 -141570
-24 -4 -14 14 -103630
9 -2 4 -10 -149402
-2 -23 14 -1 -147130
-5 3 -5 1 -116026
-2 -18 3 22 -145550
14 2 7 8 -128188
9 3 2 8 -145084
1 -9 0 -18 -113900
0 -2 4 -2 -149578
1 -10 23 2 -147978
19 -13 -24 20 -108414
5 1 10 10 -145446
-6 -3 -5 -16 -139668
-3 7 23 -1 -146384
10 -23 2 1 -134230
-1 -2 -3 4 -142664
-1 -4 -5 -13 -149368
-17 -10 -4 -6 -149928
20 19 2 -9 -148268
-8 4 -9 0 -107612
10 -14 19 15 -143012
-12 -14 -3 -10 -119210
-3 -23 -2 17 -139522
-11 -3 -14 6 -119732
17 -2 2 -4 -160228
-2 7 -9 17 -128968
-8 -19 -19 -1 -141620
4 17 -11 17 -117736
-2 -7 23 1 -150902
13 8 -16 1 -149550
19 -5 -22 -12 -132394
6 -15 -14 -8 -148842
-9 -5 -10 -2 -94762
0 -9 -2 -7 -124736
0 5 2 5 -124568
15 11 -17 -14 -144620
-15 10 -17 -2 -117856
-1 4 2 6 -133150
-23 8 -17 -2 -93856
-24 -6 12 -19 -137406
8 -8 9 -9 -110394
-5 2 -13 3 -139322
10 -4 4 -9 -146606
12 6 5 2 -134308
-8 -7 14 21 -149118
1 -13 2 -7 -123136
-10 -1 -18 7 -128858
6 -1 6 -9 -127382
-1 -23 2 6 -140658
-3 -5 2 3 -146240
4 -19 17 -4 -139892
8 15 -22 0 -146406
-8 -20 3 -13 -114006
-12 -19 -11 5 -136430
4 6 17 3 -149456
-22 -10 14 8 -148410
9 0 13 4 -111694
-14 -4 -4 -12 -145580
10 3 4 7 -137454
21 13 6 -11 -149724
24 -12 -4 -7 -130396
3 -15 4 -2 -149128
7 -5 6 0 -118020
-4 0 -5 7 -143172
-9 -17 -7 13 -152068
-6 22 5 -11 -145098
-8 2 -11 23 -109722
-10 23 8 15 -102564
-10 1 -13 6 -116152
1 -13 0 -6 -129604
-21 -7 -14 6 -118024
19 18 -6 -4 -148982
10 21 -9 -14 -150306
-22 -1 -3 -13 -148334
6 -10 -2 -11 -129720
3 0 7 7 -150476
20 6 17 -5 -87890
5 -22 9 -6 -119024
-19 11 -18 -1 -101436
-2 8 -23 -18 -121214
-5 0 -9 -2 -136858
-11 -4 -8 2 -131150
24 10 11 -3 -108864
0 -16 6 -8 -137990
4 -9 -9 -15 -150072
11 -1 11 3 -97990
10 -13 -6 -21 -125558
4 -2 20 13 -151342
-3 -5 -23 5 -148700
-8 13 -11 -15 -149412
-9 -22 -15 -19 -52744
-1 14 16 23 -96550
12 6 24 -16 -101478
0 -10 9 -17 -135368
9 -11 9 -19 -73238
8 -21 -12 -7 -136296
7 -14 19 -18 -87474
3 0 9 -5 -149674
1 21 7 8 -135852
18 7 17 -5 -93586
12 -24 1 -20 -61802
-7 11 -6 -21 -146312
0 19 3 9 -118144
-7 1 -11 -5 -136470
8 0 14 -2 -119926
-22 13 0 -17 -139916
12 17 5 4 -151570
4 14 1 22 -73590
-9 -10 -7 -14 -92010
-10 -15 -14 -15 -67378
1 6 2 17 -131064
5 13 24 15 -85618
1 0 6 -1 -150984
-21 -23 0 -18 -70298
5 -10 6 -15 -109692
-3 4 5 -1 -150860
19 -4 -4 -23 -136012
-2 -17 -19 13 -146558
-12 19 1 5 -144880
-6 -11 10 -20 -127814
5 4 20 3 -147592
-20 11 -19 0 -84944
-7 -3 -14 -5 -138114
15 18 -4 11 -133204
16 12 7 8 -110910
19 -14 9 -3 -126668
-4 13 4 2 -157842
16 -5 9 -3 -117380
-16 2 -24 -6 -74982
12 9 -23 -7 -149332
6 -18 -4 -8 -136308
6 -9 -7 -12 -146300
-2 -1 2 -7 -148574
9 9 15 7 -104320
-10 -21 4 -6 -144526
12 16 19 0 -116674
3 4 0 6 -128562
-3 -23 11 14 -148152
1 8 1 3 -128788
-1 -12 0 -11 -106350
-6 -9 -1 -9 -127756
-5 -8 21 -5 -151550
-1 -1 3 -1 -143552
7 12 6 -6 -149882
-15 -2 -14 -17 -106364
22 3 10 1 -120728
-14 24 -10 -2 -102790
-3 -3 -6 -18 -146114
2 -4 -1 1 -146632
-7 2 -6 9 -132088
-4 2 -13 6 -150998
3 -3 10 -20 -146698
-20 -23 12 0 -117036
5 -10 16 -6 -143008
20 0 -9 -18 -147400
0 -19 -5 -23 -52420
-7 -5 -6 -3 -125688
-22 -6 14 -20 -139636
-11 12 -16 -8 -142654
15 -21 6 -12 -86226
-8 -17 -2 -8 -127774
-3 3 7 21 -158530
-23 -10 -5 5 -140538
-4 3 -2 -2 -139070
-17 1 -22 0 -65896
-11 -24 -23 -12 -81324
3 2 7 11 -152006
-4 -7 -6 -9 -126188
21 19 12 -6 -119786
-7 3 -5 -10 -145894
-20 -3 -10 -9 -119754
8 0 1 5 -152348
10 16 15 -14 -139202
-5 -7 -2 -11 -135036
9 -15 17 8 -142662
2 14 21 -9 -148818
-11 -6 -3 -10 -137522
7 3 6 16 -139442
-9 15 22 0 -144582
-5 -5 -5 -4 -111064
-7 5 -5 7 -116508
6 10 9 8 -112148
7 -9 18 -18 -108420
3 -6 4 5 -140252
-10 -7 -18 -7 -110088
2 -11 0 -16 -106338
-21 7 -13 -5 -124826
-4 11 -1 5 -132292
-7 2 -3 8 -137230
0 -3 -1 4 -136336
17 6 17 9 -59396
8 -8 24 18 -122648
1 -6 8 -6 -144446
9 -13 -5 -14 -139702
2 3 16 12 -152296
-6 13 -6 0 -148796
20 14 -11 -2 -148202
5 8 -2 10 -132012
10 13 6 11 -104784
-19 2 -7 -9 -145392
-2 -14 16 -11 -144028
-22 11 -11 -24 -111298
4 13 -22 -9 -148414
-12 -16 -11 4 -138980
6 -13 7 -14 -95516
-5 -11 -6 -8 -111322
-6 7 3 6 -143704
0 -4 5 0 -152808
16 9 13 10 -78140
10 -17 8 2 -144178
13 0 5 3 -142430
8 -14 2 -5 -152636
10 -11 4 -6 -139572
-7 1 -1 2 -147240
-8 -2 -18 -7 -140384
5 -8 24 -9 -122434
-8 2 -9 8 -121548
22 -1 4 17 -144674
20 -2 -19 -1 -148630
-8 -7 -2 -14 -138690
1 -8 4 -3 -131126
-21 9 2 10 -132004
-14 -14 -22 -11 -66436
3 24 -2 2 -133294
17 -8 -10 -14 -147270
-16 2 -21 6 -87514
-11 11 -1 17 -136230
6 14 5 0 -153768
9 -12 4 -8 -133214
-24 3 19 8 -128588
-12 15 -15 4 -104638
10 5 21 4 -118948
24 6 1 -23 -117688
-2 -3 4 -1 -144114
1 -22 0 -6 -118420
-8 7 -18 -20 -126394
0 -1 0 -10 -143734
-1 -13 2 -16 -87782
-9 13 0 16 -119618
8 15 -4 13 -126388
22 -13 -9 -22 -111362
0 4 -6 2 -136142
22 6 -23 -3 -130834
-7 -2 0 -6 -144248
3 -2 11 -2 -149852
7 6 12 -10 -150124
7 -6 11 -2 -125046
-22 0 -17 -2 -72526
-11 3 24 -11 -140556
6 -9 12 -7 -128440
-5 12 -13 7 -123742
11 -20 4 8 -148492
8 0 23 -3 -128742
-21 6 -17 -6 -101940
-10 -21 8 10 -152706
9 -15 21 12 -142206
-2 7 -18 -20 -136020
-10 -21 -11 12 -140002
-11 -5 -11 8 -135656
-19 22 20 -4 -118312
-9 8 -1 7 -137382
-23 11 -5 21 -90158
-5 4 -7 18 -129224
8 -6 12 8 -145836
-8 3 -11 -4 -131518
-20 6 20 -12 -140784
24 -6 3 -4 -137498
5 4 11 13 -144116
-7 -6 -13 -8 -123212
-6 10 4 10 -133820
15 0 20 -15 -92368
-16 -15 14 -21 -113730
-14 4 -11 16 -112018
3 -13 10 23 -143846
2 -2 5 2 -138108
-6 -23 13 6 -147060
-13 19 15 -11 -143522
5 16 -14 19 -113354
-4 11 -6 0 -148856
-3 -8 -7 -1 -137046
-15 -11 -17 -7 -73888
-12 19 -6 1 -132806
-10 -13 -12 7 -144148
-13 0 -6 23 -140502
0 2 -22 14 -127790
3 20 -10 -23 -140832
4 13 -6 14 -115712
-12 11 10 -23 -140724
-8 9 -5 10 -109800
-1 7 7 5 -145294
-10 9 0 19 -143770
12 19 13 18 -46946
-6 -11 -12 0 -140900
19 7 11 15 -99348
1 20 7 0 -158908
8 14 -1 3 -166990
-18 -4 -18 8 -109918
-16 -2 -6 7 -144640
-6 -3 -4 -1 -131522
-16 0 -5 24 -133562
13 -4 12 -20 -98748
20 -21 -10 7 -136672
8 6 9 -3 -125314
-11 -16 -10 -15 -51544
-20 -24 -12 -2 -74956
15 24 -1 -8 -138184
-9 15 -15 -3 -145448
-5 17 -10 11 -107530
13 -3 4 21 -151136
-1 -2 -23 4 -148808
3 -16 -14 -7 -150188
-5 -3 -9 -10 -143546
3 -5 -1 -2 -144622
4 -1 8 1 -138968
9 12 -14 9 -146288
4 -11 20 24 -124156
-14 -1 -13 -16 -117062
-6 2 -17 0 -143400
-5 -6 19 -17 -139978
-9 -12 -5 -4 -142182
0 12 4 24 -85056
-2 8 4 14 -128980
16 9 12 -7 -130618
8 -10 -4 -23 -122898
18 -2 17 -5 -61810
-2 8 -2 16 -105718
-7 3 -6 1 -126968
-22 -5 -2 -5 -150514
17 12 -10 14 -132760
6 -5 13 0 -135478
-1 -4 0 -1 -125262
-21 -7 -19 12 -100466
8 -8 8 24 -129172
-6 12 20 13 -130298
-11 -5 -4 -22 -122644
5 -3 4 -4 -132894
24 -16 -9 7 -135652
23 -10 18 -9 -27334
12 1 21 17 -108068
-6 24 -11 -3 -134430
-8 2 -3 -1 -148038
-8 21 12 2 -148592
6 14 3 16 -93608
9 -6 13 -9 -111758
-12 14 -14 -7 -137446
2 5 -3 6 -130026
0 7 1 -23 -138928
-8 22 14 4 -140646
2 6 0 4 -134546
-6 -15 15 -15 -137484
-2 4 -3 -7 -147708
-20 8 6 19 -138934
-23 -9 12 -16 -139842
-18 -11 -3 -6 -150140
22 -20 1 -14 -93858
0 5 -1 6 -124910
13 -10 13 -3 -94224
1 -9 7 -4 -144938
4 12 10 6 -134308
-11 -10 -11 -1 -107370
10 4 13 -14 -144718
15 0 7 24 -124070
8 2 24 12 -113196
3 -1 2 -1 -141692
-14 9 3 -23 -144472
4 14 9 18 -101242
-14 0 -4 -1 -149716
-6 -10 -5 -7 -120124
-23 3 15 4 -140656
0 -8 -8 -14 -144472
-6 -11 -18 -4 -145160
0 9 -4 22 -105410
-1 -5 4 -9 -143662
2 -20 6 1 -150236
-6 1 -18 -14 -145184
11 3 13 -4 -105684
4 19 11 4 -149414
-4 -5 -13 -13 -142602
-7 16 -12 3 -135750
9 11 1 8 -129530
22 9 15 -15 -110156
-7 -7 -23 1 -134658
15 -5 2 -23 -133288
-5 3 -11 11 -142780
-18 3 -5 14 -137282
7 -20 -23 -10 -127452
-5 -2 0 6 -142586
14 -18 5 11 -149080
5 -2 2 14 -154174
-16 -12 6 15 -151618
-9 -2 -23 -1 -118198
