-1 -2 -1 7 -133672
8 -14 -7 -22 -117790
-2 1 2 11 -133728
-7 0 -15 -2 -134182
4 -5 2 5 -137644
4 -2 2 -4 -121688
8 -2 4 2 -125066
8 -11 5 -15 -109074
-23 -6 -9 8 -138564
6 -12 8 -10 -104106
-9 -23 -5 -24 -42450
6 3 6 5 -96954
-6 -7 -5 5 -134296
-2 22 -8 -11 -136502
7 14 5 8 -114246
7 7 24 6 -116958
9 15 14 2 -124680
-3 7 6 22 -130542
6 -6 -5 -8 -137658
-19 0 -1 -23 -133098
-7 -3 -18 -10 -129662
2 -10 11 -15 -140962
3 23 2 11 -87664
-14 20 9 20 -107004
12 0 19 -3 -113962
5 17 3 6 -134124
-17 -20 8 -12 -127636
-23 7 5 -5 -141638
10 0 17 -10 -127620
1 -8 23 -14 -131772
1 -12 2 -12 -96480
8 0 22 3 -133684
-21 20 13 3 -116672
17 -16 10 6 -138986
5 15 6 10 -98562
24 2 20 19 -64916
-10 -8 -2 -9 -129486
-13 -18 14 -7 -134982
-11 10 -11 5 -95122
-7 11 1 7 -139120
12 6 3 21 -130024
0 5 -4 11 -134140
-23 -6 2 -4 -138066
-17 -13 19 -18 -123646
-3 -13 -12 -13 -121032
16 -14 10 -4 -121648
11 15 5 17 -80074
9 -6 2 -13 -137564
0 22 -18 7 -135066
24 -6 4 11 -131888
12 22 -6 19 -94402
-7 1 -3 2 -124250
-20 19 -2 17 -79958
14 11 24 2 -89084
10 24 3 17 -60102
13 22 -15 12 -116374
-24 2 -19 0 -48708
13 20 5 3 -131772
-12 23 0 5 -128252
-9 -22 -22 -9 -113454
-11 6 -22 -3 -127246
4 15 1 10 -113650
2 -15 8 -10 -129654
10 5 24 0 -119746
6 3 -2 22 -136904
14 -13 15 3 -118768
8 -13 -22 -18 -117420
-8 2 -22 -12 -132020
1 6 19 16 -134902
23 0 12 -23 -94328
-1 -6 -5 -6 -119472
-13 20 -19 5 -93042
22 4 14 7 -87106
-10 -17 -22 -10 -109936
17 1 18 14 -92544
10 -7 6 -11 -113742
7 20 1 17 -80656
5 -18 5 -4 -134676
0 -10 -14 -16 -140126
9 -16 17 0 -131592
17 -20 7 -18 -69844
-10 8 -11 8 -92560
6 -18 3 -7 -132544
1 -20 13 -12 -120104
-15 0 5 -8 -153358
-20 6 -14 0 -113542
11 2 8 3 -104522
12 -10 12 10 -132602
4 -2 6 -1 -121918
7 -2 8 6 -120510
-11 0 -18 -19 -117206
-9 8 0 15 -137486
22 0 -15 -4 -136332
-1 9 3 0 -135970
5 13 9 17 -95396
5 7 -1 5 -134976
-17 21 -21 -9 -103566
13 -5 11 -8 -94578
10 5 9 -7 -129990
-10 5 -6 8 -120270
-6 2 -20 3 -136272
17 14 9 -4 -140764
-6 1 1 0 -130750
-2 -6 -4 2 -131274
9 -9 4 -2 -134450
-12 7 -3 14 -136994
-7 0 -1 -1 -131652
11 16 8 8 -101888
-11 8 -14 8 -88308
6 19 -20 -22 -124854
-14 -23 -19 -13 -58672
-12 18 -11 11 -60122
6 -11 13 -10 -113872
-1 1 2 -3 -134036
-5 -16 -5 -4 -127504
0 -6 -1 0 -128210
1 -7 19 -7 -147460
-4 22 -11 5 -135568
-6 3 -18 10 -137176
8 -7 10 -13 -110092
-7 -18 -21 -4 -137336
-24 -4 -14 14 -111202
23 -2 4 -1 -138504
-2 4 14 22 -136208
-5 3 -5 1 -110802
-4 -1 0 -7 -136478
14 2 7 8 -119358
9 3 2 8 -130928
1 -9 0 -18 -114350
0 -2 4 -2 -133882
1 -10 23 2 -140066
19 -13 -24 20 -108142
5 1 10 10 -131230
-2 -14 -10 -16 -107462
16 -3 23 -1 -60142
10 -23 2 1 -128066
-1 -2 -3 4 -135130
-1 -6 -1 -13 -131988
12 5 23 -7 -114634
-17 13 2 15 -129652
-8 4 -9 0 -105644
10 -14 19 15 -138448
-12 -14 -3 -10 -126926
-3 -23 -2 17 -131240
-11 -3 -14 6 -119474
-13 -2 -7 -4 -123286
-2 7 -9 17 -131838
-8 -19 -19 -1 -137824
4 17 -11 17 -119512
-4 2 23 11 -129152
19 2 -16 -15 -138234
19 -5 -22 -12 -129194
6 -15 -14 -8 -139530
-9 -5 -10 -2 -98588
0 -9 -2 -7 -118208
0 5 2 5 -117050
15 11 -17 -14 -138192
-15 10 -17 -2 -124396
-1 4 2 6 -123178
-23 8 -17 -2 -95168
-24 -6 12 -19 -136160
8 -8 9 -9 -109968
-5 2 -13 3 -134934
10 -4 4 -9 -132766
12 6 5 2 -123326
24 -7 4 -14 -115096
1 -13 2 -7 -123712
-10 -1 -18 7 -131618
6 -1 6 -9 -120220
-1 -23 2 6 -133990
-3 -5 2 3 -133376
4 -19 17 -4 -135860
8 15 -22 0 -137934
-8 -20 3 -13 -112146
-12 -19 -11 5 -137854
4 -2 0 -10 -135366
-22 -10 14 8 -139280
9 0 13 4 -104492
-13 -12 -4 -12 -117710
10 3 4 7 -125194
6 -9 5 -6 -108506
24 -12 -4 -7 -127614
9 1 4 -2 -134540
7 -5 6 0 -112558
-4 0 -5 7 -137722
-9 7 1 23 -129618
-6 22 5 -11 -141660
-8 2 -11 23 -114952
-10 23 8 15 -101234
-10 1 -13 6 -115332
1 -13 0 -6 -130500
-21 -7 -14 6 -127450
19 18 -6 -4 -138652
10 21 8 -14 -135526
-23 5 -11 3 -103674
6 -10 -2 -11 -125886
20 -14 8 -8 -117204
20 6 17 -5 -89638
5 -22 9 -6 -117566
-19 11 -18 -1 -109424
-2 8 -23 -18 -121642
-5 0 -9 -2 -132062
-11 -4 -8 2 -128136
24 10 11 -3 -110306
0 -16 6 -8 -138186
4 -24 4 -2 -113958
11 -1 11 3 -93370
10 -13 -6 -21 -127906
0 -24 9 12 -133786
-3 -5 -23 5 -139726
-8 13 -11 -15 -139798
-9 -22 -15 -19 -56746
-1 14 16 23 -93612
12 6 24 -16 -106862
0 -10 9 -17 -140220
9 -11 9 -19 -80348
8 -21 -12 -7 -132098
7 -14 19 -18 -94654
-9 0 -11 -5 -113544
1 21 7 8 -126944
18 7 17 -5 -94516
12 -24 1 -20 -67018
-7 11 -6 -21 -138066
0 19 3 9 -115614
-7 1 -11 -5 -133014
8 0 14 -2 -111280
-22 13 0 -17 -134380
12 17 15 4 -106748
4 14 1 22 -71460
-9 -10 -7 -14 -89614
-10 -15 -14 -15 -71768
1 6 2 17 -128906
5 13 24 15 -83552
1 0 -22 -13 -131702
-21 -23 0 -18 -78028
5 -10 6 -15 -108760
-13 2 -8 7 -119964
19 -4 -4 -23 -129054
17 10 23 -5 -89240
-12 19 1 8 -135526
-6 -11 10 -20 -127616
5 11 1 8 -118266
-20 11 -19 0 -92334
-7 -3 -14 -5 -128404
15 18 -4 11 -129976
16 12 7 8 -107522
19 -14 9 -3 -131620
-4 13 -5 12 -95690
16 -5 9 -3 -115428
-16 2 -24 -6 -82392
-7 15 -23 1 -123844
6 -18 -4 -8 -132602
6 -9 -7 -12 -137582
-12 16 -6 3 -137214
9 9 15 7 -98276
22 13 22 -6 -82798
12 16 19 0 -120372
3 4 0 6 -118410
1 -11 13 -19 -138966
1 8 1 3 -116950
-1 -12 0 -11 -101112
-6 -9 -1 -9 -117800
-5 -8 -4 -5 -116758
-1 -1 3 -1 -131634
-9 7 6 5 -152082
-15 -2 -14 -17 -114044
22 3 10 1 -123774
-14 24 -10 -2 -109436
-3 4 24 -12 -134490
2 -4 -1 1 -138804
-7 2 -6 9 -125604
-4 2 -13 6 -142916
7 -3 -21 -20 -125790
-20 -23 12 0 -120030
5 -10 16 -6 -136392
20 5 -15 19 -128202
0 -19 -5 -23 -51866
-7 -5 -6 -3 -118756
-22 -6 14 -20 -138440
-18 -18 -16 -8 -57336
15 -21 6 -12 -99436
-8 -17 -2 -8 -120278
-18 23 -17 -7 -93922
-23 -10 -5 5 -139214
-4 3 -2 -2 -130692
-17 1 -22 0 -70360
-11 -24 -23 -12 -83626
3 2 7 11 -135732
-4 -7 -6 -9 -116098
21 19 12 -6 -118144
-7 -5 -4 -10 -123470
-20 -3 -10 -9 -117992
0 22 -13 8 -141618
10 16 15 -14 -136094
-5 -7 -2 -11 -132044
-14 0 -9 -8 -123066
-5 19 19 4 -137626
-11 -6 -3 -10 -131338
7 3 6 16 -127958
-9 15 -10 0 -137424
-5 -5 -5 -4 -106846
-7 5 -5 7 -116114
6 10 9 8 -102254
7 -9 18 -18 -117996
3 -6 4 5 -134664
-10 -7 -18 -7 -107368
2 -11 0 -16 -106838
-21 7 -13 -5 -125832
-4 11 -1 5 -129896
-7 2 -3 8 -131350
0 -3 -1 4 -128970
17 6 17 9 -61418
8 -8 24 18 -117782
1 -6 8 -6 -130822
9 -13 -5 -14 -135260
1 -17 -1 -7 -126308
-6 13 -6 0 -140022
-20 17 -11 2 -100780
5 8 -2 10 -124300
10 13 6 11 -97718
-19 2 -7 -9 -142938
-14 -13 -15 -11 -69774
-22 11 -11 -24 -110398
-17 16 -5 -9 -136506
-12 -16 -11 4 -139648
6 -13 7 -14 -101844
-5 -11 -6 -8 -110876
-6 7 3 6 -142092
-17 8 -19 0 -103814
16 9 13 10 -77190
10 -17 8 2 -138110
13 0 5 3 -127584
18 -8 -1 -19 -134366
10 -11 4 -6 -136602
5 -7 -8 17 -155868
-8 -2 -18 -7 -130654
5 -8 24 -9 -122474
-8 2 -9 8 -118276
22 -1 4 17 -136348
-16 7 -22 -10 -116500
-8 -7 -2 -14 -134590
1 -8 4 -3 -124620
-21 9 2 10 -131642
-14 -14 -22 -11 -74296
3 24 -2 2 -124136
-14 5 -8 -14 -144224
-16 2 -21 6 -92640
-11 11 -1 17 -136510
6 -13 0 -17 -110386
9 -12 4 -8 -132158
-24 3 19 8 -121318
-12 15 -15 4 -111328
10 5 21 4 -121184
24 6 1 -23 -116826
-2 -3 4 -1 -133482
1 -22 0 -6 -119362
-8 7 -18 -20 -132804
0 -1 0 -10 -135212
-1 -13 2 -16 -86048
-9 13 0 16 -120310
8 15 -4 13 -122306
22 -13 -9 -22 -110076
0 4 -6 2 -125100
22 6 -23 -3 -125866
-5 -5 1 -2 -126030
3 -3 1 3 -132802
-18 6 -20 -4 -105800
7 -6 11 -2 -116744
-22 0 -17 -2 -73222
-13 -14 24 -11 -118838
6 -9 12 -7 -121524
-5 12 -13 7 -127928
17 -7 18 -10 -58954
8 0 23 -3 -133026
-21 6 -17 -6 -102952
10 -17 8 10 -139092
9 -15 21 12 -135948
-2 7 -18 13 -130836
-10 -21 -11 12 -135200
-11 -5 -11 8 -130754
-19 22 20 -4 -117804
-9 8 -1 7 -133580
-23 11 -5 21 -92940
-5 4 -7 18 -127902
8 -6 12 8 -138620
-8 3 -11 -4 -128410
-20 6 20 -12 -133986
24 -6 3 -4 -131834
5 4 11 13 -130326
-7 -6 -13 -8 -112200
-6 10 4 10 -135084
15 0 20 -15 -99984
-16 -15 14 -21 -119836
-14 4 -11 16 -118438
3 -13 10 23 -136590
2 -2 5 2 -125878
-6 -23 13 6 -135696
-13 19 15 -11 -142066
5 16 -14 19 -118536
12 -3 17 16 -129354
-3 -8 -7 -1 -132712
-15 -11 -17 -7 -75702
-12 19 -6 1 -141284
-10 -13 -12 7 -141062
-13 0 -6 23 -139252
0 2 -22 14 -126096
3 20 -10 -23 -132066
4 13 -6 14 -118612
-12 11 10 -23 -139450
-8 9 -5 10 -107370
-1 7 7 5 -132648
-10 16 -5 19 -83270
12 19 13 18 -43982
-6 -11 -12 0 -139016
19 7 11 15 -101258
1 -13 11 -22 -109140
0 -10 0 -9 -109924
-18 -4 -18 8 -120610
17 0 9 -12 -129710
-6 -3 -4 -1 -123634
-16 0 -5 24 -132228
13 -4 12 -20 -102592
20 -21 -10 7 -133360
8 6 9 -3 -117012
-11 -16 -10 -15 -58620
-20 -24 -12 -2 -86100
15 24 -1 -8 -129808
5 11 -5 13 -125818
-5 17 -10 11 -110860
-18 0 -7 9 -138598
11 0 19 -4 -119906
-4 -4 -10 -2 -135622
-5 -3 -9 -2 -131312
3 -5 -1 -2 -132370
4 -1 8 1 -130660
9 12 -14 9 -141150
4 -11 20 24 -116880
-14 -1 -13 -16 -122796
-6 2 -17 0 -138868
-5 -6 19 -17 -139350
-9 -12 -5 -4 -129504
0 12 4 24 -81958
-2 8 4 14 -125956
16 9 12 -7 -126638
8 -10 -4 -23 -123594
18 -2 17 -5 -62498
-2 8 -2 16 -106452
-7 3 -6 1 -118786
-3 -5 3 -5 -122772
17 12 -10 14 -127806
6 -5 13 0 -127682
-1 -4 0 -1 -114042
-21 -7 -19 12 -112390
8 -8 8 24 -123770
-6 12 20 13 -126942
-11 -5 -4 -22 -117686
5 -3 4 -4 -117598
24 -16 -9 7 -130904
23 -10 18 -9 -31150
12 1 21 17 -108744
-6 24 -11 -3 -130590
17 -23 17 -1 -77510
-1 9 -5 16 -114552
6 14 3 16 -84898
9 -6 13 -9 -109616
-12 14 -14 -7 -131840
2 5 -3 6 -126070
0 7 1 -23 -134176
-8 22 14 4 -133840
2 6 0 4 -122784
-6 -15 15 -15 -131724
-2 -10 -4 -7 -128504
-20 8 6 19 -135396
-23 -9 12 -16 -139536
7 -12 11 -19 -94032
22 -20 1 -14 -98548
0 5 -1 6 -118402
13 -10 13 -3 -94314
0 12 -15 -23 -129214
4 12 10 6 -121858
-11 -10 -11 -1 -106682
10 4 13 -14 -140158
15 0 7 24 -116772
8 2 24 12 -112004
3 -1 2 -1 -122840
-14 9 3 -23 -142270
4 14 9 18 -94868
-14 -21 -7 -1 -122706
-6 -10 -5 -7 -112252
-23 3 15 4 -131848
0 -8 -8 -14 -132596
-6 -11 -18 -4 -137296
0 9 -4 22 -106466
-1 -5 4 -9 -133486
2 -20 2 -19 -32836
5 8 18 17 -119672
11 3 13 -4 -102434
4 19 11 4 -138244
-4 -5 -13 -13 -135084
-7 16 -12 3 -137266
9 11 1 8 -123656
22 9 15 -15 -111516
-7 -7 -23 1 -130302
15 -5 2 -23 -129184
-5 3 -11 11 -139294
-18 3 -5 14 -138744
7 -20 -23 -10 -127082
-5 -2 0 6 -133452
23 6 5 -1 -133468
5 3 6 14 -128910
-16 -18 -4 -16 -98528
-9 -2 -23 -1 -118040
