4 -7 1 -3 -95975
4 10 6 9 -84959
21 -16 8 -16 -92409
-4 0 -21 -23 -96903
-4 -22 -6 -7 -103967
4 -2 2 -4 -102275
-21 -13 -18 -20 -59897
8 -11 5 -15 -99407
18 24 22 -9 -89313
6 -12 8 -10 -96901
-9 -23 -5 -24 -64711
6 3 6 5 -96101
-1 -8 -5 -12 -103871
-19 -19 -10 -10 -86915
7 14 5 8 -89025
7 7 24 6 -95873
4 14 -3 22 -97581
-16 7 -17 0 -103841
-16 -16 -18 -13 -70931
-19 13 23 18 -101199
0 -19 1 -15 -82945
-18 -1 -11 -3 -104117
3 23 2 11 -103121
-24 22 -8 13 -78803
12 0 19 -3 -95725
18 19 13 4 -98647
14 -8 8 -12 -97263
12 -17 15 -20 -53987
0 -15 -4 -14 -93913
9 -18 12 -9 -104441
1 -12 2 -12 -88217
24 -16 -2 -23 -89985
16 -11 14 -2 -99633
-8 -20 -10 -15 -68399
5 15 6 10 -77261
24 2 20 19 -75395
-3 -3 -2 0 -103395
-22 -22 -17 6 -93041
-11 10 -11 5 -98139
-23 -15 -10 -19 -96795
11 -23 12 -3 -101151
-16 0 -16 -17 -96787
16 10 12 17 -81579
-7 2 2 13 -122675
-11 -18 -6 -23 -79623
-15 4 -11 -4 -110421
11 15 5 17 -81749
-10 8 -21 11 -102511
-19 -12 -14 -11 -82439
-12 -23 -1 -13 -97679
12 22 -6 19 -98167
-7 1 -3 2 -101957
-20 19 -2 17 -103259
14 11 24 2 -100579
10 24 3 17 -70437
13 22 23 5 -93273
-24 2 -19 0 -58471
-15 -23 -21 -21 -45885
23 -21 12 -18 -47239
-8 -7 -4 7 -118499
-10 0 -14 0 -94361
4 15 1 10 -94139
10 10 11 4 -95949
-18 5 24 14 -103091
0 5 0 1 -95553
-12 20 -8 11 -100133
5 5 5 3 -97635
12 -11 18 -12 -79587
7 23 19 24 -52851
23 0 12 -23 -97725
-1 -6 -5 -6 -103563
-13 20 -19 5 -100519
22 4 14 7 -84203
-6 -18 5 -19 -102703
17 1 18 14 -100173
10 -7 6 -11 -100813
7 20 1 17 -98349
18 12 24 5 -70585
-5 4 24 24 -94765
-4 -21 -2 -21 -80145
17 -20 7 -18 -82051
-10 8 -11 8 -93737
-7 4 -3 3 -105379
-7 14 -10 10 -93157
13 -4 8 0 -102219
-20 6 -10 10 -100489
11 2 8 3 -83433
11 3 12 10 -100681
4 -2 6 -1 -95069
7 -2 8 6 -98027
-20 0 -18 0 -84085
16 -15 12 -21 -59249
23 16 19 -23 -86009
14 18 3 23 -80123
5 13 9 17 -102033
8 18 5 10 -101279
-17 2 -14 8 -98579
13 -5 11 -8 -83245
10 -17 -7 -23 -101079
-10 5 -6 8 -105021
17 2 19 3 -67729
-3 4 3 4 -106099
-6 1 1 0 -107771
-19 -3 -14 -1 -80951
-15 0 -13 -2 -93473
1 -9 2 -18 -98959
2 -19 -3 -14 -95927
11 16 8 8 -91949
-11 8 -14 8 -93129
-5 19 -5 15 -76075
-14 -23 -19 -13 -67967
-12 18 -11 11 -82347
23 -5 18 0 -57715
1 -24 16 -15 -101003
15 -1 15 4 -84661
0 -6 -1 0 -101411
9 -21 22 -13 -82565
13 22 13 -10 -105137
9 -9 8 -6 -90915
8 -7 10 -13 -102347
0 -6 -2 -6 -95447
-20 15 -17 20 -57035
6 4 6 10 -103971
0 9 -3 23 -104443
-5 3 -5 1 -95115
15 15 17 19 -44647
-11 -13 -5 -20 -95025
7 18 15 12 -88795
17 10 17 1 -97837
-4 0 -3 -4 -102107
1 -18 0 -19 -84501
19 -13 -24 20 -100965
23 13 8 15 -90217
-1 21 -5 16 -84741
16 -3 23 -1 -65117
-2 21 -4 18 -67849
11 10 10 23 -75145
16 21 16 7 -80177
-12 11 -6 12 -97657
-5 -6 -10 -6 -95295
-8 4 -9 0 -95283
10 23 -18 15 -98007
6 17 -1 17 -97487
9 -13 14 -7 -99693
17 -8 20 -4 -77529
-13 -2 -7 -4 -101141
-12 10 -12 5 -95139
22 21 -5 14 -101163
16 -20 -20 -19 -100371
15 2 23 11 -76235
-5 -3 1 -6 -107675
19 -10 -22 -16 -102395
24 6 12 15 -93465
-9 -5 -10 -2 -87101
0 -9 -2 -7 -96161
0 5 2 5 -97337
0 11 7 10 -101011
7 -23 -7 -16 -94029
-1 4 2 6 -102067
-23 8 -17 -2 -93981
-24 -6 12 -19 -100789
8 -8 9 -9 -92767
-2 8 -3 6 -91039
-10 -1 -11 2 -87511
-8 -19 -1 -20 -101169
24 -7 4 -14 -99901
1 -13 2 -7 -98531
12 8 8 11 -89517
6 -1 6 -9 -94231
0 10 3 13 -95305
11 0 14 -5 -94453
-12 15 -24 17 -63997
-16 21 -23 13 -64165
-8 -17 -1 -13 -102997
2 -16 0 -21 -89549
-18 3 -10 0 -106853
-7 0 -5 -5 -104535
9 0 13 4 -95499
-13 -12 -4 -12 -101417
10 3 4 7 -96091
6 -9 5 -6 -88017
-22 -13 -18 2 -99423
-21 -24 4 -16 -92741
7 -5 6 0 -83821
22 23 -15 10 -101153
-24 -13 -15 -14 -80441
-6 17 -22 17 -95609
-8 2 -11 23 -104465
-10 23 8 15 -101635
-10 1 -13 6 -101481
1 -13 0 -6 -102359
16 -7 21 5 -99267
-20 -14 -17 -14 -79541
10 4 8 2 -87109
-23 5 -11 3 -102127
24 20 -2 6 -100113
-1 -8 -12 -18 -120277
20 6 17 -5 -95121
0 1 0 24 -103423
9 16 0 21 -100087
14 -12 11 -7 -102609
-8 13 -8 17 -78665
-11 -4 -8 2 -102365
14 -2 19 -9 -93089
-15 10 -11 14 -82223
4 -24 4 -2 -92967
11 -1 11 3 -85243
-19 -10 -24 -24 -31293
17 -1 -7 -6 -118631
3 9 3 7 -90871
11 10 14 17 -75355
-9 -22 -15 -19 -62183
-1 14 16 23 -104027
12 6 24 -16 -99957
-10 11 -9 4 -100753
9 -11 9 -19 -93153
20 -3 16 -19 -95109
7 -14 19 -18 -103509
-9 0 -11 -5 -98143
-4 0 18 -18 -120641
18 -10 17 -19 -63457
12 -24 1 -20 -78323
18 -2 14 -8 -91101
0 19 3 9 -102023
-13 -11 -7 -12 -87137
8 0 14 -2 -101713
-3 22 4 24 -54873
3 24 7 13 -89575
4 14 1 22 -95991
-9 -10 -7 -14 -79551
-10 -15 -14 -15 -66573
18 -18 14 -9 -87799
5 13 24 15 -93953
-18 0 -22 -13 -93829
-21 -23 0 -18 -88637
5 -10 6 -15 -92233
-13 2 -8 7 -107759
-18 24 9 12 -100965
17 10 23 -5 -99781
0 -24 0 -16 -61567
-6 -11 -6 -8 -90093
5 11 1 8 -98211
-20 11 -19 0 -94181
5 19 13 21 -68643
-16 22 -19 3 -98515
16 12 7 8 -96279
-7 2 -6 8 -106001
-4 13 -5 12 -90359
16 -5 9 -3 -102511
-16 2 -24 -6 -87765
-1 -17 -2 -9 -93771
21 -2 13 0 -89117
11 14 15 5 -99975
1 0 0 -3 -95631
9 9 15 7 -89721
22 13 22 -6 -83723
6 14 19 15 -98617
3 4 0 6 -99897
-7 -3 -10 -9 -98729
-22 14 -16 3 -93365
-1 -12 0 -11 -86175
-6 -9 -1 -9 -103465
-5 -8 -4 -5 -96155
-1 -1 3 -1 -105241
6 7 6 5 -96353
-15 -2 -14 -17 -94365
-11 10 -7 16 -98249
-19 7 -18 -9 -101919
-16 -23 21 8 -104719
8 2 16 6 -100039
-7 -14 -8 -7 -90537
24 9 -15 22 -97615
9 -3 -19 -1 -116671
-20 -23 12 0 -103963
-8 22 -2 16 -86097
10 -20 7 -13 -85259
0 -19 -5 -23 -75201
-7 -5 -6 -3 -98949
24 -15 24 -20 -14003
-18 -18 -16 -8 -65533
14 -18 2 -15 -105187
12 -12 11 -9 -92857
-18 23 -17 -7 -95625
-7 -10 -9 -19 -77863
7 -17 8 -9 -103391
-17 1 -22 0 -85349
-11 -24 -23 -12 -90263
-14 4 -14 2 -85241
-4 -7 -6 -9 -100145
21 -5 19 5 -80973
-7 -5 -4 -10 -96539
0 21 0 11 -102897
12 -7 13 -19 -105437
-7 18 -3 16 -84331
-20 15 -9 9 -105989
-15 9 -12 7 -90493
18 19 17 4 -89249
-14 3 -15 1 -83149
-6 3 -13 1 -101265
-14 -9 -23 3 -104243
-5 -5 -5 -4 -86731
-7 5 -5 7 -99307
6 10 9 8 -85883
1 -12 -23 -24 -89575
10 -19 12 -10 -98311
-10 -7 -18 -7 -93119
2 -11 0 -16 -88127
-9 7 -11 15 -88895
-4 11 -1 5 -99451
-22 4 -23 15 -57895
0 -3 -1 4 -99117
17 6 17 9 -74061
7 -8 24 18 -104639
10 -6 17 -4 -94403
-23 -14 -16 -16 -80807
-11 -15 -1 -23 -107547
-16 -10 -6 -7 -102595
-14 -4 -12 -7 -84385
5 8 -2 10 -103959
10 13 6 11 -88437
-12 -3 -11 0 -84827
-14 -13 -15 -11 -60333
-22 11 -11 -24 -100719
17 3 19 -22 -95697
-4 -23 -13 -18 -95623
6 -13 7 -14 -83525
-5 -11 -6 -8 -95037
6 -4 23 -21 -102399
-17 8 -19 0 -104387
16 9 13 10 -71437
-10 -13 -5 -10 -95615
-9 -4 5 3 -122351
18 -12 24 0 -78739
-24 1 -21 13 -72429
-8 -5 -17 -1 -115759
-8 -20 -9 -20 -69461
9 -8 5 -9 -95297
-8 2 -9 8 -100177
-12 15 -14 20 -64257
-18 14 -9 18 -85567
0 16 -9 23 -90681
1 -8 4 -3 -104461
-4 -2 -4 1 -92221
-14 -14 -22 -11 -95115
15 7 14 2 -91965
0 -6 3 -3 -99855
-16 2 -21 6 -95625
-23 0 -15 10 -104535
6 -13 0 -17 -92245
9 -12 4 -8 -100373
-24 3 19 8 -102469
-12 15 -15 4 -98807
23 2 21 4 -43473
24 6 1 -23 -104327
0 1 2 0 -97763
-23 21 -17 24 -29771
10 -20 8 24 -104695
-2 -1 0 -4 -98957
-1 -13 2 -16 -90109
-20 3 -18 17 -87335
0 13 -4 11 -97547
22 -13 -9 -22 -101897
0 4 -6 2 -103165
-14 0 -21 24 -93283
1 11 1 5 -101971
3 -3 1 3 -92713
-18 6 -20 -4 -92319
7 -6 11 -2 -88965
-22 0 -17 -2 -82661
-13 -14 24 -11 -101999
-24 -9 -24 24 -64763
24 -13 10 -7 -92151
17 -7 18 -10 -75811
11 3 6 24 -102441
-21 6 -17 -6 -99943
0 17 8 18 -106883
0 0 -2 5 -104209
-12 7 -9 8 -99995
-11 14 -4 10 -95183
11 -18 0 -24 -93801
-19 1 -15 -6 -92621
-9 8 -1 7 -100117
-23 11 -5 21 -94765
-10 22 -7 8 -103041
2 -20 13 -22 -90773
-7 -1 -5 -3 -101557
4 -5 2 -5 -96239
24 -6 3 -4 -98955
0 18 -11 18 -93917
-7 -6 -13 -8 -96247
18 -14 16 -6 -88439
17 -10 24 -17 -47257
-16 -15 14 -21 -103991
-8 -14 -1 -14 -100927
-2 13 0 24 -89245
2 -2 5 2 -96637
-21 6 -16 6 -80121
-13 19 13 23 -97151
-15 -19 -14 -13 -52509
-1 -9 -24 -10 -103797
-20 -5 -22 -11 -54431
-15 -11 -17 -7 -65615
-24 -3 -16 9 -101477
12 3 15 9 -99007
-13 24 -6 23 -56291
3 -11 5 -6 -98673
-3 23 -2 -23 -103235
4 13 -6 14 -100413
-24 0 -23 -17 -56879
-8 9 -5 10 -91605
-1 4 -1 5 -93039
-10 16 -5 19 -82005
12 19 13 18 -52921
10 -1 6 0 -93733
9 -23 4 -22 -66143
-8 11 -9 3 -106459
0 -10 0 -9 -86509
-18 10 -18 -21 -98491
5 22 -14 23 -88079
-6 -3 -4 -1 -102791
-9 15 -19 20 -86711
0 -21 7 -19 -85431
20 23 -10 21 -91079
8 6 9 -3 -96301
-11 -16 -10 -15 -66095
-20 -24 -12 -2 -86099
-2 7 -2 14 -91889
5 -21 13 -14 -90715
-5 17 -10 11 -102517
-7 3 -7 2 -92913
-15 22 -7 19 -73775
1 -23 -9 -23 -83303
-5 -3 -9 -2 -101871
1 -21 -7 -19 -100409
4 -1 8 1 -96259
4 -13 9 -12 -93505
19 18 20 -13 -102837
-21 -5 -18 -1 -74595
5 -19 -3 -24 -85225
4 -14 -3 -14 -101265
-11 -8 -24 -4 -94399
0 12 4 24 -100261
-5 14 -2 17 -90051
16 -1 11 -3 -88919
-3 14 6 16 -103021
18 -2 17 -5 -74143
-2 8 -2 16 -95025
-7 3 -6 1 -101645
-3 -5 3 -5 -102887
-7 12 1 14 -104733
20 2 19 -13 -94279
-1 -4 0 -1 -101645
-21 -7 -19 12 -102455
8 -8 8 24 -104503
-7 22 -24 -8 -99461
0 24 15 11 -103403
5 -3 4 -4 -95339
-24 16 -16 -5 -98063
23 -10 18 -9 -41023
-11 15 -5 23 -75119
4 15 6 20 -87567
17 -23 17 -1 -92645
-1 9 -5 16 -91643
6 14 3 16 -86189
9 -6 13 -9 -98717
16 19 19 17 -47473
2 5 -3 6 -102811
-3 -12 1 -23 -93079
23 8 -24 0 -98509
2 6 0 4 -102321
-22 -13 -8 -6 -106455
-2 -10 -4 -7 -100589
8 -22 11 -17 -53341
17 1 12 9 -102749
7 -12 11 -19 -96447
22 -20 1 -14 -101621
0 5 -1 6 -98493
13 -10 13 -3 -90851
18 9 21 -10 -104785
-3 -15 -24 20 -104525
-11 -10 -11 -1 -87363
10 -11 13 -14 -89609
-1 -12 4 -11 -98163
8 2 24 12 -98051
3 -1 2 -1 -96637
-24 6 -17 9 -64595
4 14 9 18 -105543
-15 19 -15 3 -102993
-6 -10 -5 -7 -97193
13 3 16 -3 -94879
22 -24 -7 -4 -97169
12 2 11 14 -109133
3 -18 -4 -24 -86641
23 -20 6 -11 -101161
2 -20 2 -19 -58237
14 8 18 -23 -100941
11 3 13 -4 -95755
-19 22 20 17 -96701
16 11 21 0 -105623
-10 -20 -24 -17 -84717
8 18 22 22 -66241
23 -2 11 -12 -102111
7 -9 -1 -10 -102053
-3 -8 -4 -22 -99137
0 15 -20 22 -101929
-16 -11 -16 7 -105613
17 -6 14 -12 -83807
-7 10 -15 14 -100823
12 6 13 -1 -95841
0 7 1 10 -93685
-16 -18 -4 -16 -94227
-15 4 -16 6 -85811
