4 -7 1 -3 -90025
4 10 6 9 -81699
21 -16 8 -16 -89317
10 0 -21 -23 -95689
18 12 22 21 -53903
4 -2 2 -4 -89519
-21 -13 -18 -20 -72469
-6 -5 -6 -7 -83197
18 24 22 -9 -88279
6 -12 8 -10 -91173
-9 -23 -5 -24 -60921
6 3 6 5 -83991
-23 22 -15 -10 -94821
-23 6 -22 6 -38795
8 -13 15 -21 -92155
12 -6 12 -9 -84507
4 14 -3 22 -90203
-16 7 -17 0 -91159
-16 -16 -18 -13 -83545
-19 13 23 18 -99513
0 -19 1 -15 -85005
-18 -1 -11 -3 -92019
3 17 2 14 -75107
-24 22 -8 13 -81165
12 0 19 -3 -96693
9 -7 10 -5 -80705
14 -8 8 -12 -92159
12 -17 15 -20 -57089
0 -15 -4 -14 -96631
23 11 24 12 -21377
1 -12 2 -12 -82993
24 -16 -2 -23 -84751
-13 -9 -21 -11 -99741
-8 -20 -10 -15 -73175
5 15 6 10 -80699
24 2 20 19 -76053
9 -1 11 -24 -92017
-22 -22 -17 6 -91399
-11 10 -11 5 -87613
-7 -19 -4 -24 -58311
-16 -3 -23 -7 -87543
-4 -11 -1 -15 -90641
16 10 12 17 -82929
-13 -11 -7 -14 -97147
-11 -18 -6 -23 -78339
-18 11 -20 8 -66173
11 15 5 17 -83371
-3 0 -2 -1 -85097
-19 -12 -14 -11 -92659
3 9 -4 13 -91379
12 22 -6 19 -93985
-7 1 -3 2 -82741
5 -8 7 -8 -86555
10 -1 8 0 -85465
10 24 3 17 -71745
13 22 23 5 -93845
-24 2 -19 0 -65665
-15 -23 -21 -21 -57991
23 -21 12 -18 -48921
2 1 -1 0 -84755
-10 0 -14 0 -85579
4 15 1 10 -88581
10 10 11 4 -79187
19 5 24 -7 -87959
0 5 0 1 -80349
-12 20 -8 11 -97347
5 5 5 3 -85465
12 -11 18 -12 -93061
7 23 19 24 -63571
23 0 12 -23 -93411
0 -6 -4 -6 -94399
-13 20 -19 5 -100939
22 4 14 7 -97839
-21 -14 -18 -15 -88571
11 -18 7 -17 -82943
10 -10 15 -9 -87039
7 20 1 17 -82767
18 12 24 5 -64655
-5 4 24 24 -91503
-4 -21 -2 -21 -74749
17 -20 7 -18 -78937
-10 8 -11 8 -85093
3 15 2 22 -81885
-7 14 -10 10 -95005
-23 12 11 22 -97183
-12 6 -15 1 -94849
11 2 8 3 -85889
11 3 12 10 -82565
4 -2 6 -1 -82467
7 -2 8 6 -90429
-19 -10 -16 -1 -97175
16 -15 12 -21 -61697
23 16 19 -23 -82487
14 18 3 23 -86853
5 13 9 17 -83483
-9 -24 12 -11 -97211
-21 -12 -13 -16 -104879
13 -5 11 -8 -86567
24 6 22 -10 -75085
-10 5 -6 8 -94025
17 2 19 3 -83645
-23 -16 5 -22 -91939
14 1 14 0 -82287
-19 -3 -14 -1 -92111
-15 0 -13 -2 -81209
-17 -9 -17 -18 -82851
3 -11 0 -8 -94347
11 16 8 8 -80319
-11 8 -14 8 -81799
-5 19 -5 15 -75965
-14 -23 -19 -13 -81139
-12 18 -11 11 -84113
23 -5 18 0 -73111
15 3 18 13 -90251
15 -1 15 4 -88675
0 -6 -1 0 -88471
9 -21 22 -13 -82829
1 19 13 21 -94967
9 -9 8 -6 -87731
16 9 16 20 -82153
0 -6 -2 -6 -89279
-20 15 -17 20 -61331
1 3 0 -3 -88155
0 9 -3 23 -93403
-5 3 -5 1 -80269
15 15 17 19 -59399
-11 -13 -5 -20 -93597
7 18 15 12 -91107
17 10 17 1 -83747
-4 0 -3 -4 -91475
1 -18 0 -19 -85551
19 -13 -24 20 -94835
1 -9 -2 -17 -97269
-1 21 -5 16 -89425
16 -3 23 -1 -82585
-2 21 -4 18 -74763
11 10 10 23 -80509
-2 10 -5 8 -87949
-12 11 -6 12 -92625
-5 -6 -10 -6 -95547
-8 4 -9 0 -86531
10 23 -18 15 -96203
6 17 -1 17 -82635
15 -13 14 -7 -89305
17 -8 20 -4 -75303
-13 -2 -7 -4 -92495
-12 10 -12 5 -85555
6 12 3 18 -91097
17 -12 -12 -4 -109901
15 2 23 11 -82835
17 -4 19 -17 -97533
-17 -12 -23 -1 -80149
-17 16 -13 15 -76653
-9 -5 -10 -2 -83323
0 -9 -2 -7 -94007
0 5 2 5 -82307
17 1 16 0 -84635
7 -23 -7 -16 -93181
-1 4 2 6 -83395
-23 8 -17 -2 -96167
-24 -6 12 -19 -94301
8 -8 9 -9 -85317
-2 8 -3 6 -82037
-10 -1 -11 2 -79047
-5 -19 -6 -24 -38771
17 4 20 3 -84135
1 -13 2 -7 -92133
12 8 8 11 -89645
17 -9 23 -21 -70193
0 10 3 13 -84405
11 0 14 -5 -87581
-12 15 -24 17 -77903
-16 21 -23 13 -73099
16 24 17 5 -87027
2 -16 0 -21 -90827
-18 3 -10 0 -93917
-15 -9 -11 -6 -81643
9 0 13 4 -94971
23 4 4 0 -101713
-15 15 -20 14 -74205
6 -9 5 -6 -88883
-14 -14 -8 -15 -94471
-21 -24 4 -16 -90603
7 -5 6 0 -77443
22 23 -15 10 -102555
-24 -13 -15 -14 -90643
-6 17 -22 17 -91297
21 0 24 21 -70625
8 23 8 15 -61149
-10 1 -13 6 -89713
5 -15 8 -13 -89405
-1 -14 2 -18 -84251
-20 -14 -17 -14 -89775
10 4 8 2 -86083
4 24 17 22 -78543
24 20 -2 6 -96205
8 8 3 7 -85207
-22 0 -22 -6 -64819
0 1 0 24 -92333
9 16 0 21 -93085
-20 -6 -23 6 -87153
-8 13 -8 17 -77727
-16 16 -10 11 -87299
14 -2 19 -9 -93183
-15 10 -11 14 -83861
4 -24 4 -2 -92183
11 -1 11 3 -84745
-19 -10 -24 -24 -44451
-3 -19 -1 -14 -85941
3 9 3 7 -74825
11 10 14 17 -75509
-9 -22 -15 -19 -71485
8 14 16 23 -86135
10 -16 4 -15 -90509
-10 11 -9 4 -89919
9 -11 9 -19 -85325
-14 -4 -20 -24 -88555
11 -14 19 -8 -90481
-15 -13 -9 -16 -90831
-24 -22 -8 -8 -87039
18 -10 17 -19 -70417
12 -24 1 -20 -78275
18 -2 14 -8 -87409
0 -23 20 -21 -85483
-4 -15 -9 -19 -89697
-18 3 -21 0 -81769
-3 22 4 24 -49745
3 24 7 13 -89233
-12 -23 -7 -10 -93493
-9 -10 -7 -14 -84715
-10 -15 -14 -15 -82177
18 -18 14 -9 -95931
5 13 24 15 -85739
-18 0 -22 -13 -99923
-21 -23 0 -18 -86517
5 -10 6 -15 -84051
-11 24 -5 2 -95527
8 -10 7 -13 -85275
17 10 23 -5 -93413
0 -24 0 -16 -64861
-6 -11 -6 -8 -87131
-19 23 -20 0 -87495
-20 11 -19 0 -85473
5 19 13 21 -79399
17 5 11 3 -91293
-14 14 -17 18 -73875
5 11 4 9 -77721
-4 13 -5 12 -86193
16 -5 9 -3 -97231
19 -12 13 -11 -89417
-1 -17 -2 -9 -89827
21 -2 13 0 -94847
11 14 15 5 -90741
1 0 0 -3 -86431
9 9 15 7 -89787
22 13 22 -6 -78257
5 8 8 14 -84863
3 4 0 6 -85847
15 4 13 1 -90423
-18 9 21 17 -107067
-1 -12 0 -11 -84015
-6 -9 -1 -9 -94101
-5 -8 -4 -5 -94263
24 -6 18 3 -84565
6 7 6 5 -77037
-15 -24 -18 -4 -87365
-5 14 -10 16 -86163
-16 21 -1 9 -111985
-13 19 -22 6 -103193
18 5 16 6 -83025
-7 -14 -8 -7 -91427
24 9 -15 22 -93173
13 9 24 7 -81747
-20 -2 -14 0 -94205
-8 22 -2 16 -82941
10 -20 7 -13 -83601
0 -19 -5 -23 -78783
-7 -5 -6 -3 -92489
24 -15 24 -20 -18209
-18 -18 -16 -8 -88081
-12 8 -10 22 -91121
12 -12 11 -9 -81311
-18 23 -17 -7 -95995
-7 -10 -9 -19 -83455
-8 -11 -11 -5 -94973
-17 1 -22 0 -86757
-11 -24 -23 -12 -97031
-14 4 -14 2 -80017
-4 -7 -6 -9 -93261
21 -5 19 5 -86705
0 0 -24 -10 -96791
8 12 16 21 -95187
-19 -9 -24 -13 -51431
-7 18 -3 16 -83257
20 23 23 15 -36161
-15 9 -12 7 -79381
18 19 17 4 -91875
-14 3 -15 1 -82959
-6 3 -13 1 -95637
20 -20 20 5 -91351
-5 -5 -5 -4 -83021
-7 5 -5 7 -87379
6 10 9 8 -86159
1 -12 -23 -24 -86703
10 -19 12 -10 -90509
-10 -7 -18 -7 -94221
2 -11 0 -16 -86611
-9 7 -11 15 -87501
-4 11 -1 5 -91423
-22 4 -23 15 -56307
0 -3 -1 4 -94817
17 6 17 9 -67093
-22 -23 -15 -23 -47321
10 -6 17 -4 -92445
-23 -14 -16 -16 -93589
24 5 18 -8 -86783
-8 14 -10 11 -89383
-14 -4 -12 -7 -85299
3 13 7 11 -87287
10 13 6 11 -78837
-12 -3 -11 0 -84321
-14 -13 -15 -11 -73601
-9 14 -2 10 -94253
-16 0 -15 -12 -94119
-4 -23 -13 -18 -90807
6 -13 7 -14 -77789
-5 -11 -6 -8 -89915
6 -4 23 -21 -98947
-17 -20 -7 -24 -74063
16 9 13 10 -73937
-10 -13 -5 -10 -86209
-24 6 -12 5 -97385
18 -12 24 0 -83761
-24 1 -21 13 -69457
0 -14 -2 -14 -91507
-8 -20 -9 -20 -67303
9 -8 5 -9 -92073
-8 2 -9 8 -83541
-12 15 -14 20 -71027
-18 14 -9 18 -85127
0 16 -9 23 -85201
23 -3 19 -6 -63841
-4 -2 -4 1 -82039
-16 -17 -13 -11 -85241
15 7 14 2 -86183
0 -6 3 -3 -83271
-16 2 -21 6 -95387
-23 8 -15 13 -85145
6 -13 0 -17 -88655
-13 -12 -16 -5 -93023
-24 3 19 8 -97963
-12 15 -15 4 -95013
23 2 21 4 -49587
-22 -7 -19 -1 -87417
0 1 2 0 -85663
-23 21 -17 24 -32235
-5 9 -5 7 -75597
-2 -1 0 -4 -87855
-1 -13 2 -16 -87511
-20 3 -18 17 -86021
0 13 -4 11 -88265
22 -13 -9 -22 -97377
0 4 -6 2 -87683
-14 0 -21 24 -91721
1 21 1 18 -65397
3 -3 1 3 -87329
-18 6 -20 -4 -91661
7 -6 11 -2 -86563
-22 0 -17 -2 -82057
-13 -14 24 -11 -95165
-24 -9 -24 24 -68711
24 -13 10 -7 -96995
17 -7 18 -10 -79391
-8 -19 -3 -16 -88409
-17 -14 -19 -7 -77087
8 -15 7 -8 -89971
-17 5 -23 10 -74473
-12 7 -9 8 -89709
3 -9 2 -6 -93121
11 -18 0 -24 -84923
-19 1 -15 -6 -84713
4 -22 -5 -18 -86777
-23 11 -5 21 -95033
-6 16 -8 9 -93973
2 -20 13 -22 -89609
-7 -1 -5 -3 -88061
4 -5 2 -5 -85947
24 -6 3 -4 -94085
11 -18 7 -15 -88947
-7 -6 -13 -8 -90561
18 -14 16 -6 -97449
17 -10 24 -17 -61293
6 4 14 3 -96271
-8 -14 -1 -14 -92875
-2 13 0 24 -85449
-13 -22 -11 -15 -63891
-21 6 -16 6 -89117
-13 19 13 23 -96729
-15 -19 -14 -13 -72909
19 -16 23 0 -84571
-20 -5 -22 -11 -66791
-15 -11 -17 -7 -83807
-24 -3 -16 9 -96417
21 -13 16 -8 -86913
-13 24 -6 23 -54805
3 -11 5 -6 -89751
-3 19 -5 11 -96861
4 13 -6 14 -93417
-24 0 -23 -17 -60791
-8 9 -5 10 -90471
-1 4 -1 5 -76325
-10 16 -5 19 -81431
12 19 13 18 -58533
-6 7 -7 7 -82153
9 -23 4 -22 -65969
-1 8 0 8 -80829
0 -10 0 -9 -82233
-18 10 -18 -21 -92049
5 22 -14 23 -84085
-6 -3 -4 -1 -88141
-9 15 -19 20 -93977
0 -21 7 -19 -77705
20 23 -10 21 -91685
8 6 9 -3 -88285
-11 -16 -10 -15 -76613
16 14 12 20 -76783
-2 7 -2 14 -82427
5 -21 13 -14 -87647
3 22 -12 18 -93149
-7 3 -7 2 -79079
-15 22 -7 19 -72247
1 -23 -9 -23 -77797
-10 -3 -9 -2 -84557
1 -21 -7 -19 -93635
4 -1 8 1 -85725
4 -13 9 -12 -94585
15 -2 22 23 -95679
-21 -5 -18 -1 -89793
5 -19 -3 -24 -82455
-1 2 0 1 -83097
-20 -8 -24 5 -85201
4 16 4 8 -85935
-5 14 -2 17 -87959
16 -1 11 -3 -88295
-3 14 6 16 -91007
18 -2 17 -5 -74157
-16 0 -17 -3 -79269
-8 -6 -4 -6 -94771
-3 -5 3 -5 -92293
7 23 24 18 -72725
21 13 13 12 -68347
-1 -4 0 -1 -86701
-10 -7 -9 -8 -84559
18 15 0 24 -94985
-7 22 -24 -8 -99585
23 3 15 0 -92525
5 -3 4 -4 -84479
-23 16 -19 13 -39301
23 -10 18 -9 -52093
-11 15 -5 23 -80323
4 15 6 20 -78583
17 -23 17 -1 -88179
-1 9 -5 16 -88485
6 14 3 16 -86411
9 -6 13 -9 -91379
16 19 19 17 -53663
2 5 -3 6 -93751
11 7 6 9 -92875
23 8 -24 0 -92035
-12 0 -9 4 -94693
22 15 14 4 -91379
-2 -10 -4 -7 -92807
8 -22 11 -17 -53981
-22 13 -22 -3 -82535
11 -23 13 -9 -88639
-12 -5 -11 -2 -83073
0 5 -1 6 -86947
13 -10 13 -3 -89051
-21 -13 -20 9 -94233
-5 -10 -12 -11 -92989
-11 -10 -11 -1 -90837
10 -11 13 -14 -83609
-1 -12 4 -11 -91041
6 -2 9 -4 -92499
3 -1 2 -1 -80319
-24 6 -17 9 -76727
20 -19 -19 -19 -88965
15 5 15 6 -73657
-6 -10 -5 -7 -92981
13 3 16 -3 -93149
22 -24 -7 -4 -90733
1 -21 -3 -16 -85373
3 -18 -4 -24 -87819
23 -20 6 -11 -97967
2 -20 2 -19 -59969
14 8 18 -23 -94661
11 3 13 -4 -91277
-19 22 20 17 -94093
-10 -11 -16 -24 -83449
-10 -20 -24 -17 -84195
8 18 22 22 -71881
14 -18 17 -12 -72467
12 5 15 4 -80983
-3 -8 -4 -22 -94123
0 15 -20 22 -93735
-10 0 -10 -1 -74619
17 -6 14 -12 -83479
3 0 5 -21 -102717
-6 21 -7 19 -60587
0 7 1 10 -80197
-16 -13 -12 -8 -81715
-15 4 -16 6 -76655
