4 -7 1 -3 -89486
4 10 6 9 -81530
21 -16 8 -16 -90478
10 0 -21 -23 -98368
18 12 22 21 -52474
4 -2 2 -4 -89384
-21 -13 -18 -20 -69398
-6 -5 -6 -7 -84990
18 24 22 -9 -89134
6 -12 8 -10 -91958
-9 -23 -5 -24 -61990
6 3 6 5 -85342
-23 22 -15 -10 -96916
-23 6 -22 6 -38250
8 -13 15 -21 -92802
12 -6 12 -9 -83940
4 14 -3 22 -90518
-16 7 -17 0 -90178
-16 -16 -18 -13 -79002
-19 13 23 18 -87904
0 -19 1 -15 -86088
-18 -1 -11 -3 -92562
3 17 2 14 -74890
-24 22 -8 13 -82382
12 0 19 -3 -94882
9 -7 10 -5 -81686
14 -8 8 -12 -92474
12 -17 15 -20 -57900
0 -15 -4 -14 -97424
23 11 24 12 -21130
1 -12 2 -12 -82282
24 -16 -2 -23 -86042
-13 -9 -21 -11 -96650
-8 -20 -10 -15 -73790
5 15 6 10 -81592
24 2 20 19 -74156
9 -1 11 -24 -91752
-22 -22 -17 6 -92306
-11 10 -11 5 -87316
-7 -19 -4 -24 -59062
-16 -3 -23 -7 -85864
-4 -11 -1 -15 -89408
16 10 12 17 -86360
-13 -11 -7 -14 -103762
-11 -18 -6 -23 -78470
-18 11 -20 8 -62814
11 15 5 17 -83882
-3 0 -2 -1 -84340
-19 -12 -14 -11 -89024
3 9 -4 13 -92860
12 22 -6 19 -93648
-7 1 -3 2 -82530
5 -8 7 -8 -86192
10 -1 8 0 -88296
10 24 3 17 -72130
13 22 23 5 -93224
-24 2 -19 0 -65886
-15 -23 -21 -21 -57794
23 -21 12 -18 -49232
2 1 -1 0 -85244
-10 0 -14 0 -88288
4 15 1 10 -88490
10 10 11 4 -81680
19 5 24 -7 -88434
0 5 0 1 -81880
-12 20 -8 11 -96794
5 5 5 3 -86780
12 -11 18 -12 -93616
7 23 19 24 -62064
23 0 12 -23 -90832
0 -6 -4 -6 -92048
20 -12 -5 21 -111832
12 19 14 1 -104040
-21 -14 -18 -15 -83588
11 -18 7 -17 -82960
10 -10 15 -9 -87400
7 20 1 17 -83584
18 12 24 5 -60502
-5 4 24 24 -87040
-4 -21 -2 -21 -75940
17 -20 7 -18 -79508
-10 8 -11 8 -83482
3 15 2 22 -81802
-7 14 -10 10 -94906
-23 12 11 22 -94356
-12 6 -15 1 -94908
11 2 8 3 -93974
11 3 12 10 -83964
4 -2 6 -1 -82784
7 -2 8 6 -92284
-19 -10 -16 -1 -94470
16 -15 12 -21 -61830
23 16 19 -23 -81772
14 18 3 23 -87080
5 13 9 17 -84938
-9 -24 12 -11 -98200
-9 -13 -13 -21 -91574
13 -5 11 -8 -87456
24 6 22 -10 -74684
-10 5 -6 8 -92858
17 2 19 3 -80034
-23 -16 5 -22 -91438
14 1 14 0 -81744
-19 -3 -14 -1 -93610
-15 0 -13 -2 -80864
-17 -9 -17 -18 -84278
3 -11 0 -8 -94276
11 16 8 8 -82682
-11 8 -14 8 -80426
-5 19 -5 15 -76430
-14 -23 -19 -13 -79996
-12 18 -11 11 -83326
23 -5 18 0 -73984
15 3 18 13 -91222
15 -1 15 4 -88144
0 -6 -1 0 -88268
9 -21 22 -13 -82968
1 19 13 21 -95598
9 -9 8 -6 -86750
16 9 16 20 -84340
0 -6 -2 -6 -87864
-20 15 -17 20 -57692
1 3 0 -3 -88360
0 9 -3 23 -94296
-5 3 -5 1 -80244
15 15 17 19 -58672
-11 -13 -5 -20 -94476
7 18 15 12 -91520
17 10 17 1 -85618
-4 0 -3 -4 -90732
1 -18 0 -19 -85636
19 -13 -24 20 -97168
10 4 9 4 -90136
-1 21 -5 16 -89312
16 -3 23 -1 -80630
-2 21 -4 18 -74460
11 10 10 23 -82000
-2 10 -5 8 -87778
-12 11 -6 12 -90828
-5 -6 -10 -6 -100854
-8 4 -9 0 -86624
10 23 -18 15 -93850
6 17 -1 17 -82850
15 -13 14 -7 -89528
17 -8 20 -4 -73984
-13 -2 -7 -4 -98074
-12 10 -12 5 -85298
6 12 3 18 -91880
2 2 2 0 -75360
15 2 23 11 -82134
17 -4 19 -17 -98824
-17 -12 -23 -1 -79740
-17 16 -13 15 -79046
-9 -5 -10 -2 -84020
0 -9 -2 -7 -95016
0 5 2 5 -82560
17 1 16 0 -83268
7 -23 -7 -16 -94088
-1 4 2 6 -84516
-23 8 -17 -2 -95396
-24 -6 12 -19 -93868
8 -8 9 -9 -84926
-2 8 -3 6 -82362
-10 -1 -11 2 -80132
-5 -19 -6 -24 -39282
17 4 20 3 -76580
1 -13 2 -7 -89738
12 8 8 11 -91798
17 -9 23 -21 -70290
0 10 3 13 -83810
11 0 14 -5 -87034
-12 15 -24 17 -77888
-16 21 -23 13 -68320
16 24 17 5 -90090
2 -16 0 -21 -91990
-18 3 -10 0 -93188
-15 -9 -11 -6 -86618
9 0 13 4 -95894
-7 -1 -13 0 -95624
-15 15 -20 14 -70304
6 -9 5 -6 -87834
-14 -14 -8 -15 -97890
-21 -24 4 -16 -92794
7 -5 6 0 -77714
-10 -7 1 -11 -113756
-24 -13 -15 -14 -86840
-6 17 -22 17 -92014
21 0 24 21 -70294
8 23 8 15 -61104
-10 1 -13 6 -90196
5 -15 8 -13 -89672
-1 -14 2 -18 -86588
-20 -14 -17 -14 -84806
10 4 8 2 -88046
4 24 17 22 -77810
24 20 -2 6 -91606
8 8 3 7 -85122
-22 0 -22 -6 -62976
0 1 0 24 -93062
9 16 0 21 -93852
-20 -6 -23 6 -86794
-8 13 -8 17 -77606
-16 16 -10 11 -89380
14 -2 19 -9 -92932
-15 10 -11 14 -79414
4 -24 4 -2 -88342
11 -1 11 3 -84166
-19 -10 -24 -24 -46944
-3 -19 -1 -14 -87272
3 9 3 7 -75264
11 10 14 17 -76594
-9 -22 -15 -19 -72618
8 14 16 23 -84976
10 -16 4 -15 -90876
-10 11 -9 4 -89928
9 -11 9 -19 -87226
-14 -4 -20 -24 -92336
11 -14 19 -8 -89524
-15 -13 -9 -16 -93436
-24 -22 -8 -8 -88916
18 -10 17 -19 -70508
12 -24 1 -20 -78230
18 -2 14 -8 -86734
0 -23 20 -21 -85660
-4 -15 -9 -19 -92094
-18 3 -21 0 -81438
-3 22 4 24 -50034
3 24 7 13 -89678
-13 -8 -5 -10 -109342
-9 -10 -7 -14 -86714
-10 -15 -14 -15 -84584
18 -18 14 -9 -96270
5 13 24 15 -82986
-6 7 -22 -24 -96514
-21 -23 0 -18 -88234
5 -10 6 -15 -85014
-11 24 -5 2 -93424
8 -10 7 -13 -85078
17 10 23 -5 -92868
0 -24 0 -16 -66796
-6 -11 -6 -8 -89578
-19 23 -20 0 -87076
-20 11 -19 0 -85842
5 19 13 21 -79312
17 5 11 3 -89378
-14 14 -17 18 -80192
5 11 4 9 -78308
-4 13 -5 12 -85940
16 -5 9 -3 -96322
19 -12 13 -11 -90120
-1 -17 -2 -9 -87368
21 -2 13 0 -92592
11 14 15 5 -95806
1 0 0 -3 -86204
9 9 15 7 -91806
22 13 22 -6 -78234
5 8 8 14 -86642
3 4 0 6 -85118
15 4 13 1 -90210
22 -17 -15 -8 -105728
-1 -12 0 -11 -81974
-6 -15 -1 -9 -97300
-5 -8 -4 -5 -95358
24 -6 18 3 -85676
6 7 6 5 -77532
-15 -24 -18 -4 -88612
-5 14 -10 16 -83086
-12 -5 -13 -8 -81018
-22 19 -22 6 -59766
18 5 16 6 -73788
-7 -14 -8 -7 -93276
24 9 -15 22 -89120
13 9 24 7 -72804
-20 -2 -14 0 -95110
-8 22 -2 16 -81414
10 -20 7 -13 -85598
0 -19 -5 -23 -80476
-7 -5 -6 -3 -93072
24 -15 24 -20 -17838
-18 -18 -16 -8 -90236
-12 8 -10 22 -88616
12 -12 11 -9 -81138
-18 23 -17 -7 -96632
-7 -10 -9 -19 -82700
-8 -11 -11 -5 -99164
-17 1 -22 0 -86694
-11 -24 -23 -12 -93672
-14 4 -14 2 -79960
-4 -7 -6 -9 -94840
21 -5 19 5 -87120
0 0 -24 -10 -96174
8 12 16 21 -94322
-19 -9 -24 -13 -50828
-7 18 -3 16 -81044
20 23 23 15 -35356
-15 9 -12 7 -78884
18 19 17 4 -94624
-14 3 -15 1 -82944
-12 15 -14 19 -87016
20 -20 20 5 -92214
-5 -5 -5 -4 -83664
-7 5 -5 7 -86874
6 10 9 8 -86880
1 -12 -23 -24 -89900
10 -19 12 -10 -90908
-10 -7 -18 -7 -95084
2 -11 0 -16 -81878
-9 7 -11 15 -85310
-4 11 -1 5 -92226
-22 4 -23 15 -60922
-11 -23 -1 4 -105054
17 6 17 9 -68540
-22 -23 -15 -23 -48202
10 -6 17 -4 -92210
-23 -14 -16 -16 -88270
24 5 18 -8 -84926
-8 14 -10 11 -88812
-14 -4 -12 -7 -86454
3 13 7 11 -87144
10 13 6 11 -79894
-12 -3 -11 0 -86108
-14 -13 -15 -11 -72998
-9 14 -2 10 -92154
-16 0 -15 -12 -94268
-4 -23 -13 -18 -91610
6 -13 7 -14 -79834
-5 -11 -6 -8 -91840
6 -4 23 -21 -100082
-17 -20 -7 -24 -75492
16 9 13 10 -73010
-10 -13 -5 -10 -91126
-24 6 -12 5 -96590
18 -12 24 0 -82096
-24 1 -21 13 -70278
0 -14 -2 -14 -92192
-8 -20 -9 -20 -67732
9 -8 5 -9 -92534
-8 2 -9 8 -84390
-12 15 -14 20 -83334
-18 14 -9 18 -82748
0 16 -9 23 -83346
23 -3 19 -6 -62888
-4 -2 -4 1 -80768
-16 -17 -13 -11 -88534
15 7 14 2 -86730
0 -6 3 -3 -83494
-16 2 -21 6 -93996
-23 8 -15 13 -80056
6 -13 0 -17 -86830
-13 -12 -16 -5 -93376
-24 3 19 8 -94884
-12 15 -15 4 -89464
23 2 21 4 -49692
-22 -7 -19 -1 -83018
0 1 2 0 -85764
-23 21 -17 24 -32584
-5 9 -5 7 -76104
-2 -1 0 -4 -87988
-1 -13 2 -16 -88102
-20 3 -18 17 -83416
0 13 -4 11 -87798
22 -13 -9 -22 -99490
0 4 -6 2 -87994
-14 0 -21 24 -92788
1 21 1 18 -64736
3 -3 1 3 -88134
-18 6 -20 -4 -91372
7 -6 11 -2 -88178
-22 0 -17 -2 -81584
-13 -14 24 -11 -97632
-24 -9 -24 24 -69632
24 -13 10 -7 -97620
17 -7 18 -10 -80424
-8 -19 -3 -16 -90252
-17 -14 -19 -7 -76364
8 -15 7 -8 -89906
-17 5 -23 10 -74856
-12 7 -9 8 -87238
3 -9 2 -6 -91800
11 -18 0 -24 -85014
-19 1 -15 -6 -83856
4 -22 -5 -18 -87832
-23 11 -5 21 -92298
-6 16 -8 9 -94306
2 -20 13 -22 -90136
-7 -1 -5 -3 -88918
4 -5 2 -5 -86566
24 -6 3 -4 -91952
11 -18 7 -15 -89650
-7 -6 -13 -8 -98046
18 -14 16 -6 -98208
17 -10 24 -17 -62226
6 4 14 3 -103314
-8 -14 -1 -14 -94888
-2 13 0 24 -85376
-13 -22 -11 -15 -69040
-21 6 -16 6 -87676
-13 19 13 23 -94220
-15 -19 -14 -13 -77304
19 -16 23 0 -83898
-20 -5 -22 -11 -59984
-15 -11 -17 -7 -83122
-24 -3 -16 9 -95170
21 -13 16 -8 -87624
-13 24 -6 23 -54874
3 -11 5 -6 -89834
-3 19 -5 11 -97398
4 13 -6 14 -93464
-24 0 -23 -17 -59418
-8 9 -5 10 -89390
-1 4 -1 5 -77290
-10 16 -5 19 -80386
12 19 13 18 -58072
-6 7 -7 7 -81490
9 -23 4 -22 -66108
-1 8 0 8 -81492
0 -10 0 -9 -81158
-18 10 -18 -21 -93560
5 22 -14 23 -82220
-6 -3 -4 -1 -87568
-9 15 -19 20 -97522
0 -21 7 -19 -77228
20 23 -10 21 -86992
8 6 9 -3 -89782
-11 -16 -10 -15 -79954
16 14 12 20 -78140
-2 7 -2 14 -83286
5 -21 13 -14 -87224
3 22 -12 18 -90768
-7 3 -7 2 -79338
-15 22 -7 19 -73306
1 -23 -9 -23 -79564
-10 -3 -9 -2 -86568
1 -21 -7 -19 -94990
4 -1 8 1 -86394
4 -13 9 -12 -94452
15 -2 22 23 -95246
-21 -5 -18 -1 -87846
5 -19 -3 -24 -82664
-1 2 0 1 -82246
-20 -8 -24 5 -84926
4 16 4 8 -86982
-5 14 -2 17 -88064
16 -1 11 -3 -88324
-3 14 6 16 -90916
18 -2 17 -5 -73226
-16 0 -17 -3 -79876
-8 -6 -4 -6 -97554
-3 -5 3 -5 -91968
7 23 24 18 -71592
21 13 13 12 -65458
-1 -4 0 -1 -86268
-10 -7 -9 -8 -89108
18 15 0 24 -94528
-7 22 -24 -8 -98572
23 3 15 0 -87756
5 -3 4 -4 -84492
-23 16 -19 13 -40422
23 -10 18 -9 -52208
-11 15 -5 23 -80170
4 15 6 20 -79048
17 -23 17 -1 -88852
-1 9 -5 16 -88048
6 14 3 16 -86566
9 -6 13 -9 -91214
16 19 19 17 -53452
2 5 -3 6 -93672
11 7 6 9 -96354
23 8 -24 0 -87808
-12 0 -9 4 -93894
22 15 14 4 -90246
-2 -10 -4 -7 -94010
8 -22 11 -17 -54446
-22 13 -22 -3 -83532
11 -23 13 -9 -89098
-12 -5 -11 -2 -86830
0 5 -1 6 -86598
13 -10 13 -3 -88498
-21 -13 -20 9 -91868
-5 -10 -12 -11 -101298
-11 -10 -11 -1 -96166
10 -11 13 -14 -83874
-1 -12 4 -11 -90306
6 -2 9 -4 -92304
3 -1 2 -1 -81326
-24 6 -17 9 -75500
20 -19 -19 -19 -92000
15 5 15 6 -74930
-6 -10 -5 -7 -96434
13 3 16 -3 -92726
22 -24 -7 -4 -91896
1 -21 -3 -16 -87412
3 -18 -4 -24 -88586
23 -20 6 -11 -99066
2 -20 2 -19 -62414
14 8 18 -23 -94618
11 3 13 -4 -90722
-19 22 20 17 -89146
-10 -11 -16 -24 -87542
-10 -20 -24 -17 -81488
8 18 22 22 -69544
14 -18 17 -12 -72572
12 5 15 4 -80466
-3 -8 -4 -22 -93540
0 15 -20 22 -92658
-10 0 -10 -1 -75402
17 -6 14 -12 -82708
3 -11 5 -21 -87678
-6 21 -7 19 -60898
0 7 1 10 -80000
-16 -13 -12 -8 -82474
-15 4 -16 6 -76220
