3 -9 1 -10 -75003
4 10 6 9 -68969
0 23 -5 19 -73843
-3 13 1 12 -79407
18 12 22 21 -70175
4 -6 5 -6 -73521
0 -24 2 -20 -62395
-6 -5 -6 -7 -70459
-23 23 -21 2 -77557
6 -12 8 -10 -75327
-9 -23 -5 -24 -68453
20 4 19 8 -81449
22 -3 16 -1 -82787
-23 6 -22 6 -46795
-13 -16 -16 -15 -71781
12 -6 12 -9 -72267
0 21 1 18 -72445
14 -14 14 -10 -67991
-16 -16 -18 -13 -75841
-12 0 -8 -3 -89149
0 -19 1 -15 -77945
14 4 11 4 -79955
3 17 2 14 -71053
-24 22 -8 13 -84219
15 11 21 14 -72693
9 -7 10 -5 -75621
20 -23 7 -19 -74189
12 -17 15 -20 -62387
0 15 2 13 -80557
23 11 24 12 -32595
1 -12 2 -12 -74561
24 -16 -2 -23 -80275
24 -8 24 -14 -48527
-8 -20 -10 -15 -74443
23 6 -23 16 -83719
24 2 20 19 -75589
10 -12 -18 -24 -85431
-19 -22 -22 -11 -76925
12 4 14 3 -79135
-7 -19 -4 -24 -66155
-16 -1 -14 -4 -76943
9 0 11 0 -78981
16 10 12 17 -86537
0 24 1 24 -50081
-11 -18 -6 -23 -82277
-18 11 -20 8 -69509
-19 -13 -23 -22 -67181
-3 0 -2 -1 -73739
0 -7 1 -6 -80439
-24 -16 -23 -11 -56337
21 -5 22 5 -69475
-19 -23 -20 -16 -49213
5 -8 7 -8 -73485
10 -1 8 0 -77035
-5 -17 -6 -13 -74045
21 9 18 12 -75593
-24 2 -19 0 -59869
-15 -23 -21 -21 -73379
23 -21 12 -18 -59457
-21 -10 -22 -2 -65997
-10 0 -14 0 -80507
-19 8 -15 12 -76377
-7 23 11 24 -71537
3 -14 1 -11 -73957
-15 -20 4 -2 -99661
23 -10 22 -18 -54461
0 -18 -4 -17 -77019
12 -11 18 -12 -76709
7 23 19 24 -68167
23 -13 23 -5 -59615
9 17 13 20 -72635
8 -9 7 -4 -81703
22 8 20 4 -71231
-21 -14 -18 -15 -68007
11 -18 7 -17 -64291
10 -10 15 -9 -71005
7 18 1 17 -82369
18 12 24 5 -83653
-5 4 24 24 -77573
-4 -21 -2 -21 -72769
17 -20 7 -18 -79991
-10 8 -11 8 -75629
-15 12 -14 8 -67303
20 5 24 3 -62573
-24 14 -23 16 -45767
-24 14 -21 15 -40957
-15 -18 -24 -20 -66017
11 3 12 10 -71869
4 -2 6 -1 -72361
12 13 14 6 -76833
17 -17 14 -15 -72059
16 -15 12 -21 -65377
23 16 19 -23 -80025
24 -8 22 8 -77739
5 13 9 17 -85797
16 14 13 7 -76545
-23 -17 20 -16 -83831
-23 3 -23 -8 -78569
24 6 22 -10 -80643
-12 3 -13 -1 -85981
17 2 19 3 -77269
16 1 15 0 -78311
14 1 14 0 -62625
-18 -4 -14 -7 -77061
16 -6 11 -8 -76653
0 23 -1 19 -62467
20 8 18 4 -80605
11 16 8 8 -85169
-11 8 -14 8 -74921
-5 19 -5 15 -68487
-4 -23 22 -24 -72649
-12 18 -11 11 -75947
23 -5 18 0 -79021
9 -3 12 -5 -77253
5 -21 4 -19 -63463
0 -6 -1 -6 -74373
-9 10 -7 11 -81167
22 -4 15 -24 -77737
9 -9 8 -6 -79295
16 9 16 20 -85733
24 -24 -12 -24 -67857
-20 15 -17 20 -86253
20 -5 18 -3 -77119
14 18 16 13 -82485
-5 3 -5 1 -74833
15 15 17 19 -70415
-20 8 -17 5 -71091
-17 -12 -22 -14 -68283
22 -8 21 -5 -54687
6 -22 -7 -24 -81341
1 -18 0 -19 -77469
-19 0 -24 -3 -63749
10 4 9 4 -74801
-12 20 -18 19 -71211
16 -3 23 -1 -77433
-2 21 -4 18 -72343
11 10 10 23 -81851
-2 10 -5 8 -78195
0 11 -6 12 -79381
-5 -6 -7 -6 -72431
14 -13 21 -12 -75353
10 -4 13 -1 -78573
-13 -24 -1 -20 -85785
15 -13 14 -7 -78057
17 -8 20 -4 -75937
-6 -22 -6 -19 -63839
-12 10 -12 5 -75029
4 -22 5 -21 -59865
2 2 2 0 -78547
16 12 4 12 -96405
0 17 -1 17 -68841
-3 0 -7 0 -73633
-17 16 -13 15 -76685
-9 -5 -10 -2 -78237
0 -9 -2 -7 -74479
-11 22 -10 13 -73373
17 1 16 0 -78717
-8 0 -12 0 -81205
-1 4 2 6 -77763
-5 15 -6 16 -67689
4 13 0 11 -75181
8 -8 9 -9 -75367
-2 8 -3 6 -78943
-10 -1 -11 2 -83455
-5 -19 -6 -24 -59135
17 4 20 3 -81009
1 -13 2 -7 -84379
6 -7 8 -5 -78123
17 -9 23 -21 -68639
-20 -23 -15 -19 -55777
11 0 14 -5 -79197
22 0 19 5 -77731
16 18 -23 23 -79307
16 24 17 5 -82193
-8 10 -7 8 -70703
-8 22 -1 18 -67465
-15 -9 -11 -6 -78999
9 19 4 23 -67341
6 6 5 9 -73067
-15 15 -20 14 -81001
-17 23 -3 21 -80701
-7 5 -6 9 -81383
-7 6 -9 4 -77253
7 -5 6 0 -79189
18 7 15 6 -81913
-24 -13 -22 -14 -31215
18 -19 8 -20 -75585
21 0 24 21 -67327
8 23 8 15 -68629
15 -5 14 0 -73499
5 -15 8 -13 -77343
-1 -14 2 -18 -75283
-20 -14 -17 -14 -71349
10 4 8 2 -69929
10 24 19 22 -63361
-20 -15 -22 -10 -70109
22 -19 -24 -6 -84519
-22 0 -22 -6 -78707
8 17 5 20 -72835
-18 -12 -15 -11 -65077
-20 -6 -23 6 -78533
-8 13 -8 17 -66731
12 -19 13 -18 -57145
9 -15 8 -14 -69703
-14 15 -17 22 -76837
4 -24 4 -2 -80921
11 -1 11 3 -66169
-19 -10 -24 -24 -69965
-1 -6 -1 -19 -95861
-19 1 -13 1 -79945
11 10 14 17 -76143
-9 -22 -15 -19 -75867
13 17 16 22 -60831
3 -16 4 -21 -73863
7 3 7 4 -67249
9 -11 9 -19 -71977
-8 -23 -5 -20 -67787
18 0 19 -3 -69507
-15 -13 -9 -16 -81601
-22 1 -21 -5 -82085
18 -10 17 -19 -71477
8 22 13 22 -61485
16 -5 14 -9 -75379
3 -6 -16 -3 -98793
-7 -15 -9 -15 -72837
-18 3 -21 0 -74967
-3 22 4 24 -65415
-22 0 -19 2 -73017
7 13 11 10 -79317
-9 -10 -7 -14 -76733
-10 -15 -14 -15 -75479
-2 -16 -21 -24 -85685
-21 21 -16 16 -67245
1 -5 0 2 -85021
0 23 5 17 -79901
5 -10 6 -15 -76457
20 24 0 23 -72009
8 -10 7 -13 -70873
-1 2 -4 0 -76353
0 -24 0 -16 -78689
-6 -11 -6 -8 -80879
-12 -10 -13 -6 -74773
-20 11 -19 0 -75959
5 19 13 21 -78387
-12 13 -12 10 -63171
-15 11 -19 15 -83999
5 11 4 9 -71561
-4 13 -5 12 -72363
3 3 4 1 -78861
-1 -11 1 -11 -79713
-5 -22 0 -23 -72753
5 11 1 12 -78021
23 -12 24 1 -70449
1 0 0 -3 -77331
17 9 15 7 -80187
24 -23 18 16 -75255
-3 -13 -5 -12 -69649
-24 19 -14 21 -75277
11 -7 14 -11 -82227
8 5 7 13 -76043
-1 -12 0 -11 -78519
15 3 16 4 -74859
-22 -12 -24 17 -79461
20 -10 21 -12 -58699
6 7 6 5 -69991
-14 -19 -17 -15 -75271
-5 14 -10 16 -73603
-12 -5 -13 -8 -69659
-22 19 -22 6 -80175
-7 -1 -6 -4 -80015
-7 1 -8 2 -79893
-18 19 -6 23 -71533
2 13 3 10 -79945
-15 -2 -15 0 -82417
-23 -4 -21 -3 -50033
7 12 9 14 -83277
0 -19 -5 -23 -78855
13 -24 7 6 -82889
24 -15 24 -20 -23341
-22 -18 -21 -8 -79613
24 5 4 5 -87977
12 -12 11 -9 -76615
-3 11 -2 16 -74085
-7 -10 -9 -19 -83427
24 16 20 15 -39185
-1 13 -3 17 -71255
-14 3 -14 6 -73537
-14 4 -14 2 -72503
19 -24 9 -16 -70139
-1 15 1 16 -74511
-12 12 -15 15 -74553
-8 16 -8 21 -62105
-19 -9 -24 -13 -54357
2 18 2 10 -84663
20 23 23 15 -49241
-15 9 -12 7 -74637
22 -11 19 -14 -55339
-14 3 -15 1 -76679
-14 -14 -14 -13 -62427
0 -1 0 1 -79031
-5 -5 -5 -4 -72793
-7 5 -5 7 -85003
-23 20 -23 16 -44167
1 -12 -23 -24 -82299
10 -24 -6 -23 -80427
11 -24 2 -22 -67589
-18 14 -15 20 -85939
-6 -8 -5 -14 -88437
-20 -21 -18 -12 -79847
-22 4 -23 15 -71599
-7 10 -9 -24 -85739
17 6 17 9 -72019
-22 -23 -15 -23 -61859
8 -5 11 -4 -76949
21 7 19 8 -78327
-21 0 -23 -21 -81269
-8 14 -10 11 -71177
-14 -4 -12 -7 -77267
-12 -21 -10 -20 -61635
10 13 6 11 -84747
1 -15 24 -14 -83861
-14 -13 -15 -11 -69149
18 24 24 23 -26899
14 -21 14 -12 -69013
19 -16 16 -20 -53993
6 -13 7 -14 -78253
-5 -11 -6 -8 -82155
24 18 16 11 -73923
-17 -20 -7 -24 -80865
16 9 13 10 -71641
0 -24 -2 -22 -50349
2 8 2 10 -65447
1 16 22 -14 -101129
-24 1 -21 13 -70125
0 -14 -2 -14 -76667
-8 -20 -9 -20 -72405
-2 -8 -3 -16 -88885
-11 -11 -11 -5 -77929
6 2 3 3 -72443
-1 -14 2 -12 -82621
3 -18 9 -17 -81031
23 -3 19 -6 -60789
-4 -2 -4 1 -78531
-8 -7 -18 -5 -94323
19 13 21 11 -64877
0 -6 3 -3 -79917
-9 24 -21 13 -82999
6 -1 7 -3 -76135
3 -5 3 -7 -75617
17 14 16 21 -79203
-1 1 1 1 -74475
16 5 17 2 -71187
23 2 21 4 -64689
-22 -7 -19 -1 -74231
0 1 2 0 -77029
-23 21 -17 24 -52535
-5 9 -5 7 -75041
-2 -1 0 -4 -75025
16 -6 16 -4 -66569
4 24 2 19 -71287
-9 -13 -10 -19 -77849
-6 -16 -3 -17 -73287
-5 19 -10 23 -60627
0 4 -1 3 -73833
1 21 1 18 -72829
4 10 5 13 -75543
-15 -1 -15 0 -81541
7 -6 8 -2 -75559
-15 -20 -19 -19 -75425
23 -12 24 8 -81647
-24 -9 -24 24 -69743
24 11 16 10 -69923
17 -7 18 -10 -68185
-16 9 -18 3 -78415
-17 -14 -19 -7 -78565
3 8 1 8 -67715
0 15 24 12 -89389
-12 7 -9 8 -80677
3 -9 2 -6 -76859
0 -2 -1 -7 -78797
-20 19 -21 7 -83363
-2 5 -24 6 -81167
-24 12 -19 6 -66527
-15 4 -11 2 -77599
24 20 -13 20 -75775
-18 19 -23 14 -77597
0 1 0 2 -77179
-21 -13 -23 -6 -59603
-4 3 -6 0 -80795
-7 -6 -13 -8 -87179
-1 -17 8 -24 -80577
17 -10 24 -17 -63161
-24 -1 -22 -5 -64609
-15 14 -17 18 -81455
-19 -18 23 24 -82951
-13 -22 -11 -15 -71273
-21 6 -16 6 -76717
-22 -23 -3 -24 -77397
-15 -19 -14 -13 -73095
-9 0 -9 -4 -82209
-20 -5 -22 -11 -60589
-15 -11 -17 -7 -76335
9 12 14 10 -84843
20 -9 17 -12 -67691
-13 24 -6 23 -59333
-6 -24 -10 -17 -79775
-11 6 -12 9 -74687
0 21 -5 19 -72995
-24 0 -23 -17 -72979
-8 9 -5 10 -84251
-1 4 -1 5 -65419
-10 16 -5 19 -70267
12 19 13 18 -58961
-6 7 -7 7 -78161
9 -23 4 -22 -64111
-1 8 0 8 -67787
0 -10 0 -9 -71339
-19 -2 -15 -2 -72799
5 22 -14 23 -77387
-6 -3 -4 -1 -81383
20 0 17 -19 -86025
-2 24 7 17 -81533
20 14 19 21 -67163
8 9 14 11 -88219
-11 -16 -10 -15 -74891
0 19 9 22 -83565
-2 7 -2 14 -79129
-19 -24 -21 -21 -35837
-24 3 -20 6 -61993
-7 3 -7 2 -71747
-15 22 -7 19 -76745
1 -15 1 -13 -73673
-10 -3 -9 -2 -74575
12 23 -19 23 -79491
17 -13 -24 -10 -85775
4 -17 2 -24 -75491
3 -13 7 -15 -78409
-7 -10 -9 -11 -73043
5 -18 -3 -24 -86937
-1 2 0 1 -74315
-14 11 -16 -24 -83697
-14 11 -17 24 -85389
-5 14 -2 17 -76057
16 -1 11 -3 -80135
-22 -20 -24 -11 -64483
18 -2 17 -5 -74541
-16 0 -17 -3 -79271
13 5 10 8 -78687
2 15 3 12 -84145
7 23 24 18 -77467
9 0 7 5 -75739
6 19 8 24 -56275
-10 -7 -9 -8 -75691
-15 21 -20 18 -79263
22 -7 14 -6 -79685
23 3 22 10 -69339
5 -3 4 -4 -76763
-23 16 -19 13 -58579
23 -10 18 -9 -55205
3 18 5 24 -77105
4 15 6 20 -80535
6 -24 -3 -21 -73197
17 8 18 8 -75609
6 14 3 16 -80443
-7 2 -9 8 -79759
16 19 19 17 -67785
-4 -19 -3 -16 -70913
-9 -23 -2 -24 -74135
23 8 -24 0 -80985
-12 0 -9 4 -81335
-9 -10 -12 -13 -76353
-10 -6 -6 -7 -82881
8 -22 11 -17 -54199
-22 13 -22 -3 -75489
11 -23 13 -9 -78661
-11 16 -13 16 -60555
-12 -24 -17 -22 -57675
8 19 10 13 -74071
-13 -2 -17 -4 -76911
3 4 3 6 -73023
-17 13 -22 14 -73923
10 -11 13 -14 -74713
-1 -18 -1 -12 -81133
-17 12 -14 17 -80065
3 -1 2 -1 -66803
-24 6 -17 9 -74467
-22 24 -13 23 -53277
15 5 15 6 -67763
-3 11 -2 8 -74647
21 3 23 12 -70535
4 17 12 24 -81967
0 -5 -4 -6 -82139
-10 -7 -6 -5 -80701
-8 -7 -8 -10 -76311
2 -20 2 -19 -72723
12 -16 21 -16 -79071
8 3 6 -4 -75363
-19 22 20 17 -86785
-10 -11 -16 -24 -83107
19 17 14 18 -67931
8 18 22 22 -76079
14 -18 17 -12 -70349
4 -19 8 -16 -75829
-15 9 -12 14 -75303
-20 24 -22 14 -63285
-10 0 -10 -1 -80029
-20 0 -17 -3 -73393
13 2 16 0 -74165
-6 21 -7 19 -56123
-22 6 -18 24 -86631
-16 -13 -12 -8 -73875
-15 4 -16 6 -66837
