3 -9 1 -10 -68634
4 10 6 9 -64996
20 -5 -5 24 -91958
-1 -4 -2 -3 -74214
18 12 22 21 -69684
4 -6 5 -6 -74414
0 -24 2 -20 -61640
-6 -5 -6 -7 -68420
-23 23 -21 2 -73814
6 -12 8 -10 -70162
-9 -23 -5 -24 -62546
20 4 19 8 -73520
8 -12 7 -10 -79304
-23 6 -22 6 -53100
-13 -16 -16 -15 -68882
12 -6 12 -9 -65520
0 21 1 18 -75770
14 -14 14 -10 -79822
5 -6 5 1 -86092
-10 3 -10 4 -69632
0 -19 1 -15 -80516
14 4 11 4 -62810
3 17 2 14 -68190
8 8 7 9 -70030
15 11 21 14 -76360
9 -7 10 -5 -66920
20 -23 7 -19 -74962
12 -17 15 -20 -64544
0 15 2 13 -67118
23 11 24 12 -36892
1 -12 2 -12 -70176
24 -16 -2 -23 -77326
24 -8 24 -14 -54428
-8 -20 -10 -15 -76836
3 5 10 -7 -107538
24 2 20 19 -78536
-20 -14 -19 -14 -70020
-19 -22 -22 -11 -72096
21 17 -23 6 -81936
-7 -19 -4 -24 -67868
-16 -1 -14 -4 -73728
15 -13 19 -13 -71324
16 10 12 17 -77620
0 24 1 24 -59126
-11 -18 -6 -23 -73542
-18 11 -20 8 -74122
-19 -13 -23 -22 -65070
-3 0 -2 -1 -71782
0 -7 1 -6 -68600
-24 -16 -23 -11 -60708
21 -5 22 5 -67242
-19 -23 -20 -16 -45048
5 -8 7 -8 -69892
10 -1 8 0 -71788
-5 -17 -6 -13 -72316
21 9 18 12 -73194
-24 2 -19 0 -69828
-15 -23 -21 -21 -73480
-20 15 -24 8 -67168
-8 -10 -5 -8 -75536
-12 16 -8 15 -74672
-19 8 -15 12 -78438
-7 23 11 24 -72994
3 -14 1 -11 -76418
24 -13 18 -10 -67548
23 -10 22 -18 -66222
0 -18 -4 -17 -77660
12 -11 18 -12 -76026
7 23 19 24 -67162
23 -13 23 -5 -61128
9 17 13 20 -63412
8 -9 7 -4 -79572
22 8 20 4 -69108
-21 -14 -18 -15 -69930
11 -18 7 -17 -72116
10 -10 15 -9 -72248
-22 20 -22 17 -59988
6 -2 6 0 -72622
-5 4 24 24 -73540
-4 -21 -2 -21 -69060
6 1 4 14 -91662
-10 8 -11 8 -65730
-15 12 -14 8 -68134
20 5 24 3 -78616
-24 14 -23 16 -49014
-24 14 -21 15 -49294
-15 -18 -24 -20 -66856
11 3 12 10 -71278
4 -2 6 -1 -66524
-2 -21 -1 -18 -80850
17 -17 14 -15 -72290
16 -15 12 -21 -77426
23 16 19 -23 -79044
24 -8 22 8 -67412
21 -23 -20 -22 -74798
16 -7 10 -5 -76962
24 3 19 4 -80242
-23 3 -23 -8 -69954
24 7 22 17 -55538
-22 -9 -23 -3 -62370
17 2 19 3 -69718
-18 5 -20 0 -75518
14 1 14 0 -72644
-18 -4 -14 -7 -78498
16 -19 22 -21 -55168
0 23 -1 19 -63518
-8 8 -8 7 -77686
11 16 8 8 -72724
0 18 -6 18 -78748
-5 19 -5 15 -74572
-4 -23 22 -24 -74424
-12 18 -11 11 -74870
24 21 22 0 -64890
9 -3 12 -5 -77798
5 -21 4 -19 -64150
0 -6 -1 -6 -74710
24 14 21 14 -48576
22 -10 -24 -7 -74706
9 -9 8 -6 -78452
-15 0 -18 2 -80178
24 -24 -12 -24 -69516
-20 15 -17 20 -74118
22 -19 24 -4 -76018
14 18 16 13 -76066
-5 3 -5 1 -74372
15 15 17 19 -77300
-20 8 -17 5 -66496
-23 0 -17 -2 -88332
22 -8 21 -5 -61456
6 -22 -20 -24 -68338
1 -18 0 -19 -77572
-19 0 -24 -3 -73240
10 4 9 4 -62470
-12 20 -18 19 -76424
9 -10 11 -11 -76740
-2 21 -4 18 -70408
-8 -1 -8 0 -75890
-2 10 -5 8 -75936
0 11 -6 12 -78608
-5 -6 -7 -6 -73134
20 -21 -6 8 -96260
10 -4 13 -1 -72438
1 21 -2 19 -74502
-14 -16 -14 -20 -62418
17 -8 20 -4 -72296
-6 -22 -6 -19 -70898
-12 10 -12 5 -78076
4 -22 5 -21 -68992
23 -1 17 -2 -76338
9 19 0 23 -71990
0 17 -1 17 -75108
-3 0 -7 0 -75800
-17 16 -13 15 -74062
-9 -5 -10 -2 -69308
0 -9 -2 -7 -77044
-11 22 -10 13 -74194
17 1 16 0 -68286
-8 0 -12 0 -70748
-1 4 2 6 -74862
-5 15 -6 16 -72960
4 13 0 11 -68886
8 -8 9 -9 -80162
-2 8 -3 6 -77364
-10 -1 -11 2 -77500
-5 -19 -6 -24 -63436
17 4 20 3 -77668
-23 -7 -15 -7 -87024
24 -6 21 -24 -68312
4 17 5 13 -68510
-20 -23 -15 -19 -55872
11 0 14 -5 -80982
22 0 19 -2 -73426
16 18 -23 23 -75518
16 24 17 7 -75710
-8 10 -7 8 -75100
-4 -16 -3 -17 -77920
-13 -10 -11 -6 -77684
9 19 4 23 -65836
6 6 5 9 -74236
-5 20 -24 20 -78670
-3 17 -3 15 -69398
-7 5 -6 9 -80846
-7 6 -9 4 -68626
-21 -16 -20 -13 -71578
4 -20 8 -22 -72844
-24 -13 -22 -14 -38188
7 9 6 8 -70778
22 -4 24 2 -55730
8 23 8 15 -67176
15 -5 14 0 -76080
5 -15 8 -13 -73600
-1 -14 2 -18 -73520
11 -17 20 -23 -75676
10 4 8 2 -68880
10 24 19 22 -63928
-20 -15 -22 -10 -75652
-7 24 1 19 -75252
-15 -14 -16 -11 -74724
8 17 5 20 -68842
-18 -12 -15 -11 -78152
-20 -6 -23 6 -76272
-8 13 -8 17 -67462
12 -19 13 -18 -65906
9 -15 8 -14 -77298
-14 15 -17 22 -72366
4 3 4 -2 -78568
11 -1 11 3 -71380
-19 -10 -24 -24 -68042
-21 11 -16 12 -79584
-4 24 -5 22 -36348
11 10 14 17 -68866
-9 -22 -15 -19 -63886
13 17 16 22 -64560
3 -16 4 -21 -75588
7 3 7 4 -67300
9 -11 9 -19 -75076
-8 -23 -5 -20 -61008
18 0 19 -3 -69248
4 -24 8 -21 -67446
13 -11 13 -10 -68976
18 -10 17 -19 -81916
8 22 13 22 -59028
16 -5 14 -9 -72268
-9 15 -5 13 -75682
-7 -15 -9 -15 -72192
-1 -1 -1 -2 -76156
-3 22 4 24 -70034
-22 0 -19 2 -75350
7 13 11 10 -73526
-9 -10 -7 -14 -70538
-10 -15 -14 -15 -66718
23 -19 11 -21 -70330
-21 21 -16 16 -80960
2 -9 3 -11 -74732
0 23 5 17 -77928
5 -10 6 -15 -78296
20 24 0 23 -65636
8 -10 7 -13 -69664
-1 2 -4 0 -73320
0 -24 0 -16 -83448
-6 -11 -6 -8 -73126
-12 -10 -13 -6 -75740
-20 11 -19 0 -77770
5 19 13 21 -64276
-12 13 -12 10 -64880
-18 2 -18 0 -69388
5 11 4 9 -75380
-4 13 -5 12 -65568
3 3 4 1 -79706
-12 8 -14 8 -71196
-5 -22 0 -23 -68242
5 11 1 12 -61566
23 -12 24 1 -64784
1 0 0 -3 -77840
17 9 15 7 -68132
24 -23 18 16 -75976
-3 -13 -5 -12 -71338
-24 19 -14 21 -77010
0 21 -4 24 -60934
-19 -3 -16 -2 -73272
-1 -12 0 -11 -74938
15 3 16 4 -65988
-22 -12 -24 17 -76152
20 -10 21 -12 -68804
6 7 6 5 -70980
-14 -19 -17 -15 -72610
-21 11 -21 16 -56650
-12 -5 -13 -8 -70996
-19 8 -20 5 -67696
-7 -1 -6 -4 -74330
-7 1 -8 2 -76844
-18 19 -6 23 -75002
2 13 3 10 -68840
-11 -1 -15 -1 -78406
-23 -4 -21 -3 -63808
7 12 9 14 -66746
0 -19 -5 -23 -73080
7 0 6 3 -77388
24 -15 24 -20 -37124
-22 -18 -21 -8 -82878
11 -23 13 -20 -49506
14 -12 17 -9 -74888
0 4 -19 6 -91934
-7 -10 -9 -19 -75998
24 16 20 15 -49782
-1 13 -3 17 -74724
-14 3 -14 6 -75626
-14 4 -14 2 -75896
19 -24 9 -16 -76486
-1 15 1 16 -73590
-12 12 -15 15 -78336
-8 16 -8 21 -69258
-19 -9 -24 -13 -57326
1 -20 5 -19 -70980
20 23 23 15 -49918
20 -3 22 -8 -68344
22 -11 19 -14 -62194
-14 3 -15 1 -72206
-14 -14 -14 -13 -64360
0 -1 0 1 -77270
-5 -5 -5 -4 -69778
-20 22 -17 17 -67610
-23 20 -23 16 -59264
1 -12 -23 -24 -74030
10 -24 -6 -23 -74392
11 -24 2 -22 -74084
-2 -15 -1 -9 -74802
-13 -7 -8 -4 -75596
-20 -2 -22 -6 -72614
-22 4 -23 15 -66180
-23 -8 -19 -11 -68146
17 6 17 9 -65550
-22 -23 -15 -23 -62488
8 -5 11 -4 -69116
21 7 19 8 -78778
-21 0 -23 -21 -79554
-8 14 -10 11 -64194
-14 -4 -12 -7 -72600
-12 -21 -10 -20 -53014
10 13 6 11 -70540
8 -6 0 -3 -93028
-14 -13 -15 -11 -73578
18 24 24 23 -27178
14 -21 14 -12 -77550
19 -16 16 -20 -64940
6 -13 7 -14 -75680
-5 -11 -6 -8 -73252
16 20 13 19 -63106
-8 20 -7 18 -69056
16 9 13 10 -69950
0 -24 -2 -22 -46760
2 8 2 10 -67756
-11 -4 -15 -4 -75502
-24 1 -21 13 -74120
0 -14 -2 -14 -75392
-8 -20 -9 -20 -64010
-7 0 -6 0 -78450
-11 7 -14 5 -72966
6 2 3 3 -74764
-1 -14 2 -12 -77870
-11 12 15 -15 -98670
23 -3 19 -6 -69788
-4 -2 -4 1 -76296
15 -9 17 -13 -81234
19 13 21 11 -65140
0 -6 3 -3 -69354
-2 15 -3 15 -72946
6 -1 7 -3 -84398
3 -5 3 -7 -72194
17 14 16 21 -77022
-1 1 1 1 -70290
16 5 17 2 -69992
23 2 21 4 -70386
24 12 -20 8 -76698
-24 -2 -16 -5 -88584
-23 21 -17 24 -50548
-5 9 -5 7 -77914
22 17 15 16 -69644
16 -6 16 -4 -62666
4 24 2 19 -66480
-9 -13 -10 -19 -75836
-6 -16 -3 -17 -78374
-5 19 -10 23 -63904
0 4 -1 3 -71958
1 21 1 18 -73992
4 10 5 13 -73392
-15 -1 -15 0 -70912
7 -6 8 -2 -69218
-15 -20 -19 -19 -77440
-13 -14 -18 -18 -83108
-24 -9 -24 24 -68842
24 11 16 10 -77162
17 -7 18 -10 -67336
-12 15 -13 16 -77918
-17 -14 -19 -7 -78286
3 0 6 -24 -79906
12 -22 15 -14 -79028
-1 -2 0 -5 -75398
3 -9 2 -6 -78966
-11 24 -5 24 -55564
22 -1 21 0 -69624
17 -24 22 -13 -64402
-24 12 -19 6 -69496
-15 4 -11 2 -79500
24 20 -13 20 -73098
-18 19 -23 14 -76616
0 1 0 2 -70098
-21 -13 -23 -6 -67738
-4 3 -6 0 -75170
24 -23 19 -22 -25182
-18 20 -12 22 -70436
17 -10 24 -17 -76002
-24 -1 -22 -5 -61066
-15 14 -17 18 -73978
-19 -18 23 24 -77400
-13 -22 -11 -15 -72440
6 22 -6 24 -80362
-22 -23 -3 -24 -68998
-15 -19 -14 -13 -74268
-19 -7 -18 -5 -71900
-20 -5 -22 -11 -68652
15 -21 6 -21 -69538
9 12 14 10 -70840
20 -9 17 -12 -70340
-13 24 -6 23 -60646
-19 -10 -16 -10 -81396
-11 6 -12 9 -78868
20 -15 22 -20 -48990
-24 0 -23 -17 -74234
-8 9 -5 10 -72128
-1 4 -1 5 -65310
-10 16 -5 19 -68746
12 19 13 18 -57164
-6 7 -7 7 -70416
9 -23 4 -22 -73390
-1 8 0 8 -59666
0 -10 0 -9 -62152
-2 -8 0 -8 -78310
-20 10 -21 23 -74728
23 7 22 7 -55152
18 19 16 12 -79150
20 0 24 -3 -66106
20 14 19 21 -65640
15 1 15 -1 -73798
-11 -16 -10 -15 -70286
13 6 12 10 -65698
-2 7 -2 14 -76398
-19 -24 -21 -21 -34802
-24 3 -20 6 -68956
-7 3 -7 2 -72840
-15 22 -7 19 -74346
1 -15 1 -13 -70856
-10 -3 -9 -2 -70150
12 23 -19 23 -72234
-12 -1 -13 -3 -71978
4 -17 2 -24 -80654
-23 4 -3 2 -86034
-7 -10 -9 -11 -71260
-7 -18 -7 -24 -67218
-1 2 0 1 -68840
-14 11 -16 -24 -78428
-6 -17 -12 -14 -80702
16 10 14 10 -68850
16 -1 11 -3 -71832
-22 -20 -24 -11 -65758
18 -2 17 -5 -72466
-19 -11 -17 -5 -78458
11 5 12 3 -67140
4 5 6 6 -72088
7 23 24 18 -75530
24 -21 16 -23 -46828
6 19 8 24 -48862
-10 -7 -9 -8 -76372
-15 21 -20 18 -73700
22 -7 14 -6 -73400
23 3 22 10 -64902
15 14 13 8 -64640
-23 16 -19 13 -64518
23 -10 18 -9 -67428
3 18 5 24 -71768
4 15 6 20 -71896
6 -24 -3 -21 -67076
17 8 18 8 -71218
-10 -10 -11 -8 -77334
-17 -2 -15 0 -69724
16 19 19 17 -65922
-4 -19 -3 -16 -72498
-9 -23 -2 -24 -68906
9 -14 11 -17 -75644
-12 13 -9 9 -75522
-9 -10 -12 -13 -69992
-10 -6 -6 -7 -80858
8 -22 11 -17 -70774
-22 13 -22 -3 -75884
13 -18 7 -22 -75056
-11 16 -13 16 -68180
-12 -24 -17 -22 -52440
8 19 10 13 -72588
9 24 13 14 -74492
3 4 3 6 -72270
-17 13 -22 14 -78676
10 -11 13 -14 -80236
-1 -18 -1 -12 -78238
-17 12 -14 17 -70794
3 -1 2 -1 -70278
-24 6 -17 9 -80246
-22 24 -13 23 -60326
15 5 15 6 -65010
-3 11 -2 8 -74512
21 3 23 12 -68250
4 22 -24 24 -67766
-24 11 -18 9 -73118
0 0 2 -1 -76752
-8 -7 -8 -10 -75794
2 -20 2 -19 -77390
21 4 22 5 -61976
16 -16 15 -10 -84110
-20 -1 -20 -3 -64658
-15 -15 -18 -16 -80906
19 17 14 18 -69856
3 -10 -13 -6 -94836
14 -18 17 -12 -77898
4 -19 8 -16 -75834
-15 9 -12 14 -73708
-20 24 -22 14 -65248
-10 0 -10 -1 -75340
-20 0 -17 -3 -83884
13 2 16 0 -69182
-6 21 -7 19 -59736
0 15 0 11 -67616
-16 -13 -12 -8 -74828
-15 4 -16 6 -70164
