3 -9 1 -10 -67862
4 10 6 9 -68618
3 16 20 14 -91016
-1 -4 -2 -3 -70664
18 12 22 21 -71106
4 -6 5 -6 -67016
0 -24 2 -20 -58004
-6 -5 -6 -7 -67716
-23 23 -21 2 -73600
6 -12 8 -10 -70526
-9 -23 -5 -24 -62144
20 4 19 8 -75012
8 -12 7 -10 -79512
-23 6 -22 6 -51520
-13 -16 -16 -15 -72648
12 -6 12 -9 -65608
0 21 1 18 -75050
14 -14 14 -10 -73434
9 10 -15 14 -87540
-10 3 -10 4 -65226
0 -19 1 -15 -76728
14 4 11 4 -63714
3 17 2 14 -68232
8 8 7 9 -70010
15 11 21 14 -81528
9 -7 10 -5 -69126
20 -23 7 -19 -74840
12 -17 15 -20 -63634
0 15 2 13 -67456
23 11 24 12 -39232
1 -12 2 -12 -69528
24 -16 -2 -23 -77562
24 -8 24 -14 -53238
-8 -20 -10 -15 -76602
-22 1 -22 2 -54788
24 2 20 19 -78024
-20 -14 -19 -14 -69252
-19 -22 -22 -11 -73192
21 17 -23 6 -83650
-7 -19 -4 -24 -66686
-16 -1 -14 -4 -73126
15 -13 19 -13 -71462
16 10 12 17 -80184
0 24 1 24 -57898
-11 -18 -6 -23 -72560
-18 11 -20 8 -73988
-19 -13 -23 -22 -65176
-3 0 -2 -1 -69062
0 -7 1 -6 -69196
-24 -16 -23 -11 -61004
21 -5 22 5 -67364
-19 -23 -20 -16 -45770
5 -8 7 -8 -67128
10 -1 8 0 -67428
-5 -17 -6 -13 -72734
21 9 18 12 -75186
-24 2 -19 0 -61716
-15 -23 -21 -21 -73570
-20 15 -24 8 -67250
-8 -10 -5 -8 -74242
-12 16 -8 15 -75946
-19 8 -15 12 -78244
-7 23 11 24 -72112
3 -14 1 -11 -75540
24 -13 18 -10 -67158
23 -10 22 -18 -63670
0 -18 -4 -17 -77638
12 -11 18 -12 -74700
7 23 19 24 -69340
23 -13 23 -5 -60060
9 17 13 20 -66184
8 -9 7 -4 -77656
22 8 20 4 -72180
-21 -14 -18 -15 -70454
11 -18 7 -17 -71208
10 -10 15 -9 -74662
-22 20 -22 17 -61760
6 -2 6 0 -65154
-5 4 24 24 -73982
-4 -21 -2 -21 -68772
24 10 17 9 -87404
-10 8 -11 8 -64504
-15 12 -14 8 -68594
20 5 24 3 -79782
-24 14 -23 16 -49000
-24 14 -21 15 -49354
-15 -18 -24 -20 -66790
11 3 12 10 -77248
4 -2 6 -1 -66750
-2 -21 -1 -18 -74490
17 -17 14 -15 -69262
16 -15 12 -21 -82294
23 16 19 -23 -76780
24 -8 22 8 -67160
21 -23 -20 -22 -72436
16 -7 10 -5 -76712
24 3 19 4 -82108
-23 3 -23 -8 -71260
24 7 22 17 -56038
-22 -9 -23 -3 -59184
17 2 19 3 -71586
-18 5 -20 0 -78574
14 1 14 0 -72764
-18 -4 -14 -7 -80716
16 -19 22 -21 -55590
0 23 -1 19 -63514
-8 8 -8 7 -77208
11 16 8 8 -73366
0 18 -6 18 -78618
-5 19 -5 15 -73246
-4 -23 22 -24 -74692
-12 18 -11 11 -75002
24 21 22 0 -62622
9 -3 12 -5 -76930
5 -21 4 -19 -61486
0 -6 -1 -6 -72400
24 14 21 14 -53102
22 -10 -24 -7 -73582
9 -9 8 -6 -77398
-15 0 -18 2 -76126
24 -24 -12 -24 -68322
-20 15 -17 20 -79020
22 -19 24 -4 -73632
14 18 16 13 -77898
12 2 12 7 -77610
15 15 17 19 -77314
-20 8 -17 5 -66132
19 11 3 12 -90694
22 -8 21 -5 -60920
6 -22 -20 -24 -67938
1 -18 0 -19 -76068
-19 0 -24 -3 -70108
10 4 9 4 -63044
-12 20 -18 19 -81450
9 -10 11 -11 -77590
-2 21 -4 18 -68916
-8 -1 -8 0 -73046
-2 10 -5 8 -76328
0 11 -6 12 -78530
-5 -6 -7 -6 -69736
-23 -7 -11 -7 -94216
10 -4 13 -1 -73254
1 21 -2 19 -71322
-14 -16 -14 -20 -62980
17 -8 20 -4 -73648
-6 -22 -6 -19 -69002
-12 10 -12 5 -77310
4 -22 5 -21 -67988
23 -1 17 -2 -76972
9 19 0 23 -72950
0 17 -1 17 -69142
-3 0 -7 0 -72956
-17 16 -13 15 -77376
-9 -5 -10 -2 -68668
0 -9 -2 -7 -72258
-11 22 -10 13 -75416
17 1 16 0 -68874
-8 0 -12 0 -68912
-1 4 2 6 -73812
-5 15 -6 16 -74214
4 13 0 11 -69964
8 -8 9 -9 -79866
-2 8 -3 6 -77646
-10 -1 -11 2 -74986
-5 -19 -6 -24 -61514
17 4 20 3 -79146
-23 -7 -15 -7 -86500
24 -6 21 -24 -66508
4 17 5 13 -69488
-20 -23 -15 -19 -55406
11 0 14 -5 -80482
22 0 19 -2 -73940
16 18 -23 23 -78024
16 24 17 7 -75656
-8 10 -7 8 -74816
-4 -16 -3 -17 -77830
-13 -10 -11 -6 -79110
9 19 4 23 -67194
6 6 5 9 -69276
-5 20 -24 20 -83110
-3 17 -3 15 -67782
-7 5 -6 9 -79200
-7 6 -9 4 -66416
-21 -16 -20 -13 -71626
4 -20 8 -22 -73200
-24 -13 -22 -14 -37068
7 9 6 8 -72918
22 -4 24 2 -55432
8 23 8 15 -67448
15 -5 14 0 -76060
5 -15 8 -13 -74618
-1 -14 2 -18 -72622
11 -17 20 -23 -75080
10 4 8 2 -70310
10 24 19 22 -65608
-20 -15 -22 -10 -76674
-7 24 1 19 -75606
-15 -14 -16 -11 -76046
8 17 5 20 -71636
-18 -12 -15 -11 -79828
-20 -6 -23 6 -78656
-8 13 -8 17 -66918
12 -19 13 -18 -68786
9 -15 8 -14 -75768
-14 15 -17 22 -77114
4 3 4 -2 -74020
11 -1 11 3 -70438
-19 -10 -24 -24 -67540
-21 11 -16 12 -80216
-4 24 -5 22 -36584
11 10 14 17 -71188
-9 -22 -15 -19 -64474
13 17 16 22 -64632
3 -16 4 -21 -70530
7 3 7 4 -67872
9 -11 9 -19 -75012
-8 -23 -5 -20 -60830
18 0 19 -3 -68402
4 -24 8 -21 -67174
13 -11 13 -10 -65798
18 -10 17 -19 -78594
8 22 13 22 -61044
16 -5 14 -9 -72296
-9 15 -5 13 -76908
-7 -15 -9 -15 -71278
-1 -1 -1 -2 -73228
-3 22 4 24 -68612
-22 0 -19 2 -72412
7 13 11 10 -75550
-9 -10 -7 -14 -73164
-10 -15 -14 -15 -71504
23 -19 11 -21 -71122
-21 21 -16 16 -82430
2 -9 3 -11 -73412
0 23 5 17 -76832
5 -10 6 -15 -78528
20 24 0 23 -67076
8 -10 7 -13 -70006
-1 2 -4 0 -70492
14 -12 11 -16 -75266
-6 -11 -6 -8 -74188
-12 -10 -13 -6 -74862
-20 11 -19 0 -79750
5 19 13 21 -68406
-12 13 -12 10 -64570
-18 2 -18 0 -72804
5 11 4 9 -74394
-4 13 -5 12 -65800
3 3 4 1 -75406
-12 8 -14 8 -70694
-5 -22 0 -23 -67260
5 11 1 12 -68106
23 -12 24 1 -63842
1 0 0 -3 -74394
17 9 15 7 -70548
24 -23 18 16 -74830
-3 -13 -5 -12 -69152
-24 19 -14 21 -83874
0 21 -4 24 -59988
-19 -3 -16 -2 -73134
-1 -12 0 -11 -75362
15 3 16 4 -68376
-22 -12 -24 17 -77638
20 -10 21 -12 -66822
6 7 6 5 -68430
-14 -19 -17 -15 -76202
-21 11 -21 16 -56802
-12 -5 -13 -8 -71680
-19 8 -20 5 -68048
-7 -1 -6 -4 -73546
-7 1 -8 2 -71612
-18 19 -6 23 -79438
2 13 3 10 -68430
-11 -1 -15 -1 -79150
-23 -4 -21 -3 -60822
7 12 9 14 -69758
0 -19 -5 -23 -72016
7 0 6 3 -72488
24 -15 24 -20 -36078
-22 -18 -21 -8 -83606
11 -23 13 -20 -48848
14 -12 17 -9 -74746
-22 19 -16 24 -73822
-7 -10 -9 -19 -76930
24 16 20 15 -52386
-1 13 -3 17 -74390
-14 3 -14 6 -74722
-14 4 -14 2 -74366
19 -24 9 -16 -75694
8 -1 6 -5 -75924
-12 12 -15 15 -79742
-8 16 -8 21 -69120
-19 -9 -24 -13 -55956
1 -20 5 -19 -71500
20 23 23 15 -52536
20 -3 22 -8 -67584
22 -11 19 -14 -60818
-14 3 -15 1 -72346
-14 -14 -14 -13 -65814
0 -1 0 1 -73894
-5 -5 -5 -4 -68248
-20 22 -17 17 -69278
-23 20 -23 16 -60554
1 -12 -23 -24 -71840
10 -24 -6 -23 -74890
11 -24 2 -22 -74798
-2 -15 -1 -9 -76234
-13 -7 -8 -4 -75196
-20 -2 -22 -6 -73536
-22 4 -23 15 -66998
-23 -8 -19 -11 -67538
17 6 17 9 -67272
-22 -23 -15 -23 -62120
8 -5 11 -4 -72394
21 7 19 8 -83114
-21 0 -23 -21 -78358
-8 14 -10 11 -64196
-14 -4 -12 -7 -73166
-12 -21 -10 -20 -54786
10 13 6 11 -74562
2 19 -20 13 -87536
-14 -13 -15 -11 -75190
18 24 24 23 -28464
14 -21 14 -12 -77158
19 -16 16 -20 -67390
6 -13 7 -14 -75104
-5 -11 -6 -8 -73212
16 20 13 19 -64852
-8 20 -7 18 -69728
16 9 13 10 -73974
0 -24 -2 -22 -45512
2 8 2 10 -64268
-11 -4 -15 -4 -77012
-24 1 -21 13 -73904
0 -14 -2 -14 -74704
-8 -20 -9 -20 -64354
-7 0 -6 0 -75030
-11 7 -14 5 -70692
6 2 3 3 -72142
-1 -14 2 -12 -78712
-11 -15 -13 -13 -73836
23 -3 19 -6 -69940
-4 -2 -4 1 -72462
15 -9 17 -13 -73688
19 13 21 11 -67650
0 -6 3 -3 -68880
-2 15 -3 15 -71612
6 -1 7 -3 -70966
3 -5 3 -7 -67424
17 14 16 21 -77908
-1 1 1 1 -69056
16 5 17 2 -72738
23 2 21 4 -71344
24 12 -20 8 -79846
-14 23 -11 20 -59138
-23 21 -17 24 -62980
-5 9 -5 7 -76534
22 17 15 16 -71954
16 -6 16 -4 -63392
4 24 2 19 -67740
-9 -13 -10 -19 -76860
-6 -16 -3 -17 -77256
-5 19 -10 23 -67826
0 4 -1 3 -70702
1 21 1 18 -74354
4 10 5 13 -72860
-15 -1 -15 0 -70028
7 -6 8 -2 -72644
-15 -20 -19 -19 -79118
-13 -14 -18 -18 -83494
-24 -9 -24 24 -70228
24 11 16 10 -90364
17 -7 18 -10 -65474
-12 15 -13 16 -79300
-17 -14 -19 -7 -78454
3 0 6 -24 -76918
12 -22 15 -14 -82992
-1 -2 0 -5 -70438
3 -9 2 -6 -73758
-11 24 -5 24 -58490
22 -1 21 0 -69134
17 -24 22 -13 -64734
-24 12 -19 6 -70176
-15 4 -11 2 -79292
24 20 -13 20 -74398
-18 19 -23 14 -78174
0 1 0 2 -65280
-21 -13 -23 -6 -66636
-4 3 -6 0 -71330
24 -23 19 -22 -24950
-18 20 -12 22 -74732
17 -10 24 -17 -75260
-24 -1 -22 -5 -56020
-15 14 -17 18 -75430
-19 -18 23 24 -78616
-13 -22 -11 -15 -72792
6 22 -6 24 -79446
-22 -23 -3 -24 -69056
-15 -19 -14 -13 -75512
-19 -7 -18 -5 -71726
-20 -5 -22 -11 -68352
15 -21 6 -21 -68580
9 12 14 10 -76246
20 -9 17 -12 -69742
-13 24 -6 23 -65090
-19 -10 -16 -10 -84396
-11 6 -12 9 -79388
20 -15 22 -20 -49690
-24 0 -23 -17 -71826
-8 9 -5 10 -72402
-1 4 -1 5 -61010
-10 16 -5 19 -69782
12 19 13 18 -59268
-6 7 -7 7 -68636
9 -23 4 -22 -74026
-1 8 0 8 -57084
0 -10 0 -9 -61866
-2 -8 0 -8 -75936
-20 10 -21 23 -76150
23 7 22 7 -60006
18 19 16 12 -80360
20 0 24 -3 -65886
20 14 19 21 -67248
15 1 15 -1 -72934
-11 -16 -10 -15 -70388
13 6 12 10 -67480
-2 7 -2 14 -75750
-19 -24 -21 -21 -35580
-24 3 -20 6 -65352
-7 3 -7 2 -61872
-15 22 -7 19 -82656
1 -15 1 -13 -70618
-10 -3 -9 -2 -67656
12 23 -19 23 -75656
-12 -1 -13 -3 -71148
4 -17 2 -24 -75556
-23 4 -3 2 -79730
-7 -10 -9 -11 -71300
-7 -18 -7 -24 -66186
-1 2 0 1 -64202
-14 11 -16 -24 -77656
-6 -17 -12 -14 -82558
16 10 14 10 -73644
16 -1 11 -3 -71188
-22 -20 -24 -11 -66292
18 -2 17 -5 -72456
-19 -11 -17 -5 -78002
11 5 12 3 -72346
4 5 6 6 -73620
7 23 24 18 -78844
24 -21 16 -23 -47122
6 19 8 24 -49070
-10 -7 -9 -8 -75352
-15 21 -20 18 -82752
22 -7 14 -6 -72584
23 3 22 10 -65050
15 14 13 8 -65378
-23 16 -19 13 -66372
23 -10 18 -9 -67584
3 18 5 24 -73122
4 15 6 20 -72992
6 -24 -3 -21 -67438
17 8 18 8 -74910
-10 -10 -11 -8 -77886
-17 -2 -15 0 -71784
16 19 19 17 -68576
-4 -19 -3 -16 -69292
-9 -23 -2 -24 -67992
9 -14 11 -17 -73528
-12 13 -9 9 -76030
-9 -10 -12 -13 -71554
-10 -6 -6 -7 -77388
8 -22 11 -17 -70498
-22 13 -22 -3 -79458
13 -18 7 -22 -75050
-11 16 -13 16 -72010
-12 -24 -17 -22 -52978
8 19 10 13 -74110
9 24 13 14 -75948
3 4 3 6 -69242
-17 13 -22 14 -79932
10 -11 13 -14 -76870
-1 -18 -1 -12 -77504
-17 12 -14 17 -72646
3 -1 2 -1 -65154
-24 6 -17 9 -77798
-22 24 -13 23 -62704
15 5 15 6 -70288
-3 11 -2 8 -72274
21 3 23 12 -69956
4 22 -24 24 -71220
-24 11 -18 9 -72920
0 0 2 -1 -72208
-8 -7 -8 -10 -75992
2 -20 2 -19 -69300
21 4 22 5 -64446
-4 -16 15 -10 -91688
-20 -1 -20 -3 -65026
-15 -15 -18 -16 -80974
19 17 14 18 -72840
6 14 2 13 -72530
14 -18 17 -12 -81894
4 -19 8 -16 -75582
-15 9 -12 14 -74446
-20 24 -22 14 -69296
-10 0 -10 -1 -72710
-20 0 -17 -3 -73732
13 2 16 0 -69178
-6 21 -7 19 -59404
0 15 0 11 -66478
-16 -13 -12 -8 -76562
-15 4 -16 6 -70602
