3 -9 1 -10 -72388
4 10 6 9 -73788
-2 -7 -3 -8 -77884
-1 -4 -2 -3 -70748
18 12 22 21 -71276
4 -6 5 -6 -77342
0 -24 2 -20 -58710
-6 -5 -6 -7 -63494
-23 23 -21 2 -72514
6 -12 8 -10 -80606
-9 -23 -5 -24 -65150
20 4 19 8 -78432
8 -12 7 -10 -78116
-23 6 -22 6 -49338
-13 -16 -16 -15 -70518
12 -6 12 -9 -64854
0 21 1 18 -74804
14 -14 14 -10 -72064
-4 -19 -6 -20 -68078
-10 3 -10 4 -69804
0 -19 1 -15 -74864
14 4 11 4 -61800
3 17 2 14 -69692
8 8 7 9 -73806
15 11 21 14 -75906
9 -7 10 -5 -69876
20 -23 7 -19 -77460
12 -17 15 -20 -62584
0 15 2 13 -72546
23 11 24 12 -47172
1 -12 2 -12 -70522
24 -16 -2 -23 -87408
24 -8 24 -14 -58512
-8 -20 -10 -15 -72762
-22 1 -22 2 -42436
-13 6 -5 3 -87978
-20 -14 -19 -14 -64080
-19 -22 -22 -11 -71476
21 11 24 16 -62044
-7 -19 -4 -24 -66074
-16 -1 -14 -4 -66316
15 -13 19 -13 -74604
16 10 12 17 -81238
0 24 1 24 -58146
-11 -18 -6 -23 -73812
-18 11 -20 8 -66792
-19 -13 -23 -22 -66550
-3 0 -2 -1 -73900
0 -7 1 -6 -76064
-24 -16 -23 -11 -53094
21 -5 22 5 -72334
-19 -23 -20 -16 -46050
5 -8 7 -8 -75984
10 -1 8 0 -69092
-5 -17 -6 -13 -68696
21 9 18 12 -77886
-24 2 -19 0 -54934
-15 -23 -21 -21 -75026
-20 15 -24 8 -67366
-8 -10 -5 -8 -73854
-12 16 -8 15 -71608
-1 15 -1 -16 -89080
-7 23 11 24 -74418
3 -14 1 -11 -76712
24 -13 18 -10 -69254
23 -10 22 -18 -64818
0 -18 -4 -17 -80344
9 21 3 21 -62842
7 23 19 24 -70178
23 -13 23 -5 -71474
9 17 13 20 -63752
-3 15 -3 16 -68390
22 8 20 4 -74148
-21 -14 -18 -15 -66134
11 -18 7 -17 -72168
10 -10 15 -9 -73742
-22 20 -22 17 -60704
6 -2 6 0 -65338
-5 4 24 24 -74320
-4 -21 -2 -21 -75104
24 10 17 9 -71150
-10 8 -11 8 -70870
-15 12 -14 8 -62602
19 5 18 3 -73396
-24 14 -23 16 -49280
-24 14 -21 15 -45868
-15 -18 -24 -20 -66986
11 3 12 10 -72556
4 -2 6 -1 -76118
-2 -21 -1 -18 -75608
17 -17 14 -15 -68872
16 -15 12 -21 -77904
23 16 19 -23 -79662
24 -8 22 8 -73694
21 -23 -20 -22 -73142
16 -7 10 -5 -77178
-1 1 -4 0 -71476
-23 3 -23 -8 -75054
24 7 22 17 -57930
-22 -9 -23 -3 -59436
17 2 19 3 -78632
-6 5 -20 0 -92008
14 1 14 0 -69058
3 12 -3 9 -81830
16 -19 22 -21 -56190
0 23 -1 19 -64656
-8 8 -8 7 -64864
3 18 8 4 -104728
-5 20 -6 18 -75560
-21 6 -4 4 -88512
-4 -23 22 -24 -74976
-12 18 -11 11 -79050
24 21 22 0 -66532
9 -3 12 -5 -71608
5 -21 4 -19 -63752
0 -6 -1 -6 -75996
24 14 21 14 -49896
22 -10 -24 -7 -72120
0 8 1 7 -69808
-15 0 -18 2 -71334
24 -24 -12 -24 -68014
-20 15 -17 20 -73214
22 -19 24 -4 -78176
14 18 16 13 -77726
23 18 24 -9 -74416
15 15 17 19 -69114
-20 8 -17 5 -57328
-22 0 -23 -4 -73026
22 -8 21 -5 -68030
6 -22 -20 -24 -69330
1 -18 0 -19 -79608
-19 0 -24 -3 -67808
10 4 9 4 -61090
-12 20 -18 19 -71950
9 -10 11 -11 -74510
-2 21 -4 18 -73178
-8 -1 -8 0 -73660
-2 10 -5 8 -76544
0 11 -6 12 -75988
-5 -6 -7 -6 -69306
0 20 -11 19 -75466
10 -4 13 -1 -72190
1 21 -2 19 -73204
-14 -16 -14 -20 -60308
17 -8 20 -4 -77240
-6 -22 -6 -19 -68022
-5 20 8 6 -103698
4 -22 5 -21 -68578
23 -1 17 -2 -77364
9 19 0 23 -78696
0 17 -1 17 -69034
2 1 1 0 -74452
-17 16 -13 15 -72324
-9 -5 -10 -2 -65174
0 -9 -2 -7 -74528
-11 22 -10 13 -74928
17 1 16 0 -71836
-8 0 -12 0 -74972
-1 4 2 6 -80992
-5 15 -6 16 -76112
4 13 0 11 -78114
8 -8 9 -9 -74680
-2 8 -3 6 -77918
-10 -1 -11 2 -74708
-5 -19 -6 -24 -60710
17 4 20 3 -75614
20 13 20 11 -54332
24 -6 21 -24 -68730
4 17 5 13 -76500
-20 -23 -15 -19 -59958
8 22 14 24 -62584
22 0 19 -2 -72496
16 18 -23 23 -73060
16 24 17 7 -76892
-8 10 -7 8 -69718
-4 -16 -3 -17 -70022
-13 -10 -11 -6 -75452
9 19 4 23 -68798
6 6 5 9 -78244
-5 20 -24 20 -74074
1 -22 0 -22 -63350
-12 3 -9 23 -80826
-7 6 -9 4 -69232
-21 -16 -20 -13 -63632
4 -20 8 -22 -73278
-24 -13 -22 -14 -36720
7 9 6 8 -71850
22 -4 24 2 -56878
8 23 8 15 -67722
15 -5 14 0 -74796
5 -15 8 -13 -80152
-1 -14 2 -18 -73500
11 -17 20 -23 -75640
10 4 8 2 -69178
10 24 19 22 -61908
-20 -15 -22 -10 -69542
-11 23 -12 23 -54014
-15 -14 -16 -11 -71822
10 -9 3 -5 -89770
-18 -12 -15 -11 -64580
-14 -6 1 -2 -92816
-8 13 -8 17 -75444
12 -19 13 -18 -68010
9 -15 8 -14 -74136
-1 -21 -2 -21 -74776
4 3 4 -2 -76792
11 -1 11 3 -67244
-19 -10 -24 -24 -68692
-21 11 -16 12 -72110
-4 24 -5 22 -38754
11 10 14 17 -66376
-9 -22 -15 -19 -69748
13 17 16 22 -64318
3 -16 4 -21 -73016
7 3 7 4 -66104
9 -11 9 -19 -73348
-8 -23 -5 -20 -61596
18 0 19 -3 -72082
4 -24 8 -21 -67672
13 -11 13 -10 -68202
18 -10 17 -19 -73926
8 22 13 22 -66722
16 -5 14 -9 -72914
-9 15 -5 13 -77534
-7 -15 -9 -15 -67702
-1 -1 -1 -2 -73416
-3 22 4 24 -70134
-22 0 -19 2 -67594
7 13 11 10 -77736
-9 -10 -7 -14 -66906
-10 -15 -14 -15 -69632
23 -19 11 -21 -74360
-21 21 -16 16 -77244
2 -9 3 -11 -78562
0 23 5 17 -80138
5 -10 6 -15 -79136
20 24 0 23 -67288
8 -10 7 -13 -77610
14 -23 18 -16 -66852
14 -12 11 -16 -75924
-6 -11 -6 -8 -65854
-12 -10 -13 -6 -59938
23 -15 0 -22 -92524
8 6 6 20 -96780
-12 13 -12 10 -65966
-18 2 -18 0 -62688
5 11 4 9 -83748
-4 13 -5 12 -69024
3 3 4 1 -75044
-12 8 -14 8 -74596
-5 -22 0 -23 -75726
5 11 1 12 -74242
23 -12 24 1 -73410
1 0 0 -3 -77138
17 9 15 7 -74482
24 -23 18 16 -76374
-3 -13 -5 -12 -68204
-24 -23 -23 -3 -71832
0 21 -4 24 -50074
-19 -3 -16 -2 -62038
-1 -12 0 -11 -78124
15 3 16 4 -72046
-22 -12 -24 17 -71322
20 -10 21 -12 -69432
6 7 6 5 -72938
-14 -19 -17 -15 -77020
-21 11 -21 16 -57264
-12 -5 -13 -8 -67798
-19 8 -20 5 -58174
-7 -1 -6 -4 -70780
-7 1 -8 2 -74382
2 4 5 13 -97544
2 13 3 10 -80878
-2 -3 -5 -3 -75502
-23 -4 -21 -3 -57176
2 -17 9 19 -96756
-23 6 -22 13 -63960
7 0 6 3 -70606
24 -15 24 -20 -36780
-4 -14 -5 -15 -65794
11 -23 13 -20 -47998
10 -12 12 -8 -74382
-22 19 -16 24 -57830
-7 -10 -9 -19 -77700
24 16 20 15 -53424
-1 13 -3 17 -76692
-14 3 -14 6 -66988
-14 4 -14 2 -70390
19 -24 9 -16 -75526
8 -1 6 -5 -78928
-12 12 -15 15 -78510
-8 16 -8 21 -69742
-19 -9 -24 -13 -49714
1 -20 5 -19 -73776
20 23 23 15 -52620
20 -3 22 -8 -76234
22 -11 19 -14 -67556
-14 3 -15 1 -66858
-14 -14 -14 -13 -62476
0 -1 0 1 -77124
-5 -5 -5 -4 -67750
-20 22 -17 17 -67072
-23 20 -23 16 -60288
1 -12 -23 -24 -74648
15 -2 20 -2 -74628
11 -24 2 -22 -73526
-2 -15 -1 -9 -76982
-13 -7 -8 -4 -79446
0 -9 0 -10 -80556
-22 4 -23 15 -68976
-23 -8 -19 -11 -62962
17 6 17 9 -73814
-22 -23 -15 -23 -64748
8 -5 11 -4 -75742
21 7 19 8 -75528
23 16 14 24 -72158
-8 14 -10 11 -66108
-14 -4 -12 -7 -64710
-12 -21 -10 -20 -58052
-7 18 -6 13 -80906
11 -13 8 -16 -78566
-14 -13 -15 -11 -69632
18 24 24 23 -31154
14 -21 14 -12 -71094
19 -16 16 -20 -68502
6 -13 7 -14 -78476
-5 -11 -6 -8 -68080
16 20 13 19 -62788
-8 20 -7 18 -67214
16 9 13 10 -72900
0 -24 -2 -22 -50980
2 8 2 10 -75504
-11 -4 -15 -4 -71244
-24 1 -21 13 -65446
0 -14 -2 -14 -75986
-8 -20 -9 -20 -67670
-7 0 -6 0 -74866
-11 7 -14 5 -77656
6 2 3 3 -74058
-1 -14 2 -12 -79456
-11 -15 -13 -13 -70414
23 -3 19 -6 -69696
-4 -2 -4 1 -74450
15 -9 17 -13 -73154
19 13 21 11 -69438
0 -6 3 -3 -76038
-2 15 -3 15 -66562
6 -1 7 -3 -70814
3 -5 3 -7 -69460
17 14 16 21 -76932
-1 1 1 1 -74856
16 5 17 2 -70852
23 2 21 4 -56548
24 12 -20 8 -74606
-14 23 -11 20 -57020
-23 21 -17 24 -50080
-5 9 -5 7 -72290
22 17 15 16 -71634
16 -6 16 -4 -72742
4 24 2 19 -67592
-9 -13 -10 -19 -74756
5 -16 6 -17 -75132
-5 19 -10 23 -62950
0 4 -1 3 -74074
1 21 1 18 -74314
4 10 5 13 -81852
-15 -1 -15 0 -67942
7 -6 8 -2 -71486
-15 -20 -19 -19 -80690
-13 -21 -18 -22 -68652
-24 -9 -24 24 -67068
7 20 10 18 -68068
17 -7 18 -10 -69212
-12 15 -13 16 -76714
-17 -14 -19 -7 -72126
-13 -21 -8 -22 -69410
-13 -8 -10 -7 -75332
-1 -2 0 -5 -70496
3 -9 2 -6 -77250
-11 24 -5 24 -57488
22 -1 21 0 -66832
17 -24 22 -13 -67080
-24 12 -19 6 -68016
-15 4 -11 2 -80488
24 20 -13 20 -71378
-18 19 -23 14 -73872
0 1 0 2 -71474
-21 -13 -23 -6 -63318
-4 3 -6 0 -71334
24 -23 19 -22 -24894
-18 20 -12 22 -64648
17 -10 24 -17 -75258
-24 -1 -22 -5 -55934
-15 14 -17 18 -70262
-19 -18 23 24 -78450
-13 -22 -11 -15 -68068
6 22 -6 24 -78272
-22 -23 -3 -24 -72486
-15 -19 -14 -13 -70512
-19 -7 -18 -5 -66060
-20 -5 -22 -11 -63280
15 -21 6 -21 -70790
9 12 14 10 -72564
20 -9 17 -12 -76432
-13 24 -6 23 -62794
-16 22 -14 17 -62508
16 -11 15 -12 -73474
20 -15 22 -20 -48124
-24 0 -23 -17 -72560
-8 9 -5 10 -72076
-1 4 -1 5 -65222
-10 16 -5 19 -71194
12 19 13 18 -61480
-6 7 -7 7 -71330
9 -23 4 -22 -72512
-1 8 0 8 -66926
0 -10 0 -9 -81062
-2 -8 0 -8 -79146
-20 10 -21 23 -75894
23 7 22 7 -45682
14 -10 16 -10 -67710
20 0 24 -3 -64634
20 14 19 21 -66232
15 1 15 -1 -69552
-11 -16 -10 -15 -70136
13 6 12 10 -68988
-2 7 -2 14 -82172
-19 -24 -21 -21 -33526
-24 3 -20 6 -61170
-7 3 -7 2 -66848
6 14 6 11 -73560
1 -15 1 -13 -65382
-10 -3 -9 -2 -69078
12 23 -19 23 -72948
-12 -1 -13 -3 -69218
4 -17 2 -24 -75012
-24 -6 -22 0 -72552
-7 -10 -9 -11 -69340
-7 -18 -7 -24 -64724
-1 2 0 1 -72486
-14 11 -16 -24 -75128
-18 13 -15 15 -72386
16 10 14 10 -71698
16 -1 11 -3 -71698
-22 -20 -24 -11 -63778
18 -2 17 -5 -76122
-19 -11 -17 -5 -72618
11 5 12 3 -68182
4 5 6 6 -78182
7 16 11 16 -62596
24 -21 16 -23 -48682
6 19 8 24 -49472
14 -4 15 -6 -75740
-8 8 -9 2 -74970
3 -7 4 -6 -73112
23 3 22 10 -65914
15 14 13 8 -66346
-23 16 -19 13 -61800
23 -10 18 -9 -70744
3 18 5 24 -72408
4 15 6 20 -71454
6 -24 -3 -21 -70220
17 8 18 8 -72930
-10 3 -14 2 -82582
-17 -2 -15 0 -65846
16 19 19 17 -71046
-4 -19 -3 -16 -72380
-9 -23 -2 -24 -70998
9 -14 11 -17 -68072
-12 13 -9 9 -73946
-9 -10 -12 -13 -73866
20 6 19 11 -75034
8 -22 11 -17 -70120
-22 13 21 7 -77564
13 -18 7 -22 -76052
-11 16 -13 16 -66394
-12 -24 -17 -22 -57754
8 19 10 13 -79928
9 24 13 14 -76248
3 4 3 6 -73738
-17 13 -22 14 -72936
24 -3 23 -13 -73540
22 -10 17 -12 -77292
-17 12 -14 17 -75734
3 -1 2 -1 -71300
-24 6 -17 9 -73414
-22 24 -13 23 -52944
15 5 15 6 -69690
-3 11 -2 8 -76448
21 3 23 12 -75664
4 22 -24 24 -66432
-24 11 -18 9 -69682
0 0 2 -1 -74276
-20 -8 -16 -9 -66566
2 -20 2 -19 -70232
21 4 22 5 -63498
19 -6 17 -3 -79944
-20 -1 -20 -3 -69416
-15 -15 -18 -16 -69720
19 17 14 18 -71262
6 14 2 13 -71812
-23 0 -23 -24 -74602
4 -19 8 -16 -76710
-15 9 -12 14 -76562
-20 24 -22 14 -66542
-10 0 -10 -1 -71750
-20 0 -17 -3 -69820
13 2 16 0 -67426
-6 21 -7 19 -68598
0 15 0 11 -73622
-16 -13 -12 -8 -71490
-15 4 -16 6 -60020
