3 -9 1 -10 -71764
4 10 6 9 -68754
-2 -7 -3 -8 -71542
-1 -4 -2 -3 -57292
18 12 22 21 -74516
4 -6 5 -6 -71110
0 -24 2 -20 -51340
-6 -5 -6 -7 -62874
-23 23 -21 2 -74696
-15 9 -12 6 -75716
-9 -23 -5 -24 -61620
20 4 19 8 -72674
8 -12 7 -10 -72364
-23 6 -22 6 -49672
-13 -16 -16 -15 -65592
12 -6 12 -9 -70818
0 21 1 18 -69274
14 -14 14 -10 -74412
-4 -19 -6 -20 -66648
-10 3 -10 4 -68432
0 -19 1 -15 -72872
14 4 11 4 -72294
3 17 2 14 -70022
8 8 7 9 -66946
16 -1 16 6 -82692
9 -7 10 -5 -74308
20 -23 7 -19 -71554
12 -17 15 -20 -64470
0 15 2 13 -65618
23 11 24 12 -49738
1 -12 2 -12 -71894
8 -14 0 -12 -80038
24 -8 24 -14 -57044
-8 -20 -10 -15 -72898
-22 1 -22 2 -45534
-9 -20 -18 -23 -73942
-20 -14 -19 -14 -70916
-19 -22 -22 -11 -76588
21 11 24 16 -65558
-7 -19 -4 -24 -62614
-16 -1 -14 -4 -70886
15 -13 19 -13 -74424
24 21 3 22 -75198
0 24 1 24 -53990
-5 -15 -4 -13 -74002
-18 11 -20 8 -71754
-19 -13 -23 -22 -68198
-3 0 -2 -1 -66728
0 -7 1 -6 -67596
-24 -16 -23 -11 -56350
21 -5 22 5 -71112
-19 -23 -20 -16 -47608
5 -8 7 -8 -67252
10 -1 8 0 -69410
-5 -17 -6 -13 -72428
18 9 18 12 -69404
-24 2 -19 0 -60146
-16 -2 -19 0 -74150
-20 15 -24 8 -72718
-8 -10 -5 -8 -73530
-22 5 -20 9 -75126
4 17 6 16 -71046
-7 23 11 24 -73934
3 -14 1 -11 -67964
24 -13 18 -10 -65338
23 -10 22 -18 -70226
-6 -18 -8 -17 -67686
9 21 3 21 -70224
7 23 19 24 -74894
23 -13 23 -5 -68916
9 17 13 20 -68342
-3 15 -3 16 -68102
22 8 20 4 -69484
-21 -14 -18 -15 -73516
11 -18 7 -17 -70456
10 -10 15 -9 -72372
-22 20 -22 17 -70138
6 -2 6 0 -67872
-5 4 24 24 -77140
-4 -21 -2 -21 -73486
24 10 17 9 -71490
-10 8 -11 8 -70444
16 -11 13 -8 -74922
19 5 18 3 -71876
-24 14 -23 16 -50226
-24 14 -21 15 -53376
-15 -18 -24 -20 -74088
11 3 12 10 -71482
4 -2 6 -1 -74000
-2 -21 -1 -18 -70392
17 -17 14 -15 -70460
21 12 19 13 -73216
-4 6 -5 23 -84834
24 -8 22 8 -72010
-21 -11 -20 -8 -68412
0 -21 24 -22 -78992
-1 1 -4 0 -64728
-23 3 -23 -8 -74358
24 7 22 17 -70414
-22 -9 -23 -3 -59536
9 -23 8 -19 -51638
-12 -6 -12 -12 -72004
14 1 14 0 -75694
18 -6 -22 -10 -82308
16 -19 22 -21 -55328
0 23 -1 19 -71722
-8 8 -8 7 -69316
2 -5 2 -4 -55040
-16 22 -13 19 -74808
-24 20 -8 23 -73092
-4 -23 22 -24 -74414
23 8 22 14 -68668
24 21 22 0 -65676
9 -3 12 -5 -66268
5 -21 4 -19 -62728
0 -6 -1 -6 -67628
24 14 21 14 -53894
-15 -10 -13 -9 -67056
0 8 1 7 -64422
15 -2 12 -2 -69162
24 -24 -12 -24 -65850
-20 15 -17 20 -74472
21 13 20 9 -74814
14 18 16 13 -70946
23 18 24 -9 -73986
15 15 17 19 -76456
-20 8 -17 5 -63744
-22 0 -23 -4 -73940
22 -8 21 -5 -68328
6 -22 -20 -24 -76890
1 -18 0 -19 -74314
-19 0 -24 -3 -75940
10 4 9 4 -65414
-12 20 -18 19 -75766
9 -10 11 -11 -69358
-2 21 -4 18 -64508
-8 -1 -8 0 -69686
-2 10 -5 8 -75382
-21 -4 -18 -3 -76604
-5 -6 -7 -6 -66962
10 -18 8 -23 -56878
20 13 19 -22 -80642
1 21 -2 19 -72108
-14 -16 -14 -20 -56264
17 -8 20 -4 -72376
-6 -22 -6 -19 -65440
15 19 -24 12 -79542
4 -22 5 -21 -66232
11 -13 -19 -7 -88746
19 0 23 0 -65108
0 17 -1 17 -66326
2 1 1 0 -68652
-17 16 -13 15 -73546
-9 -5 -10 -2 -74958
0 -9 -2 -7 -67852
-11 22 -10 10 -82676
17 1 16 0 -70310
-8 0 -12 0 -67800
-5 5 -6 6 -76988
-5 15 -6 16 -75340
4 13 0 11 -67630
8 -8 9 -9 -68886
-2 8 -3 6 -72808
-23 7 -20 0 -56590
-5 -19 -6 -24 -59686
17 4 20 3 -71218
20 13 20 11 -70076
24 -6 21 -24 -65546
4 17 5 13 -69176
-20 -23 -15 -19 -62006
8 22 14 24 -63480
22 0 19 -2 -67092
16 18 -23 23 -79368
-16 3 -14 4 -65998
-8 10 -7 8 -70742
-4 -16 -3 -17 -67578
24 16 19 22 -67960
9 19 4 23 -64826
6 6 5 9 -66724
20 4 -24 -5 -78066
1 -22 0 -22 -64112
-12 20 -7 23 -60912
-7 6 -9 4 -68476
-21 -16 -20 -13 -66848
4 -20 8 -22 -76494
-24 -13 -22 -14 -40790
7 9 6 8 -63074
22 -4 24 2 -54436
8 23 8 15 -65716
-21 24 -19 14 -78070
16 24 19 23 -51338
-1 -14 2 -18 -72830
11 -17 20 -23 -70582
10 4 8 2 -68914
10 24 19 22 -69302
-20 -15 -22 -10 -73682
-11 23 -12 23 -60006
-15 -14 -16 -11 -75520
7 -1 7 -3 -67600
-18 -12 -15 -11 -69816
-10 20 -9 23 -43732
-8 13 -8 17 -83718
12 -19 13 -18 -57532
9 -15 8 -14 -71666
-1 -21 -2 -21 -74602
7 4 6 4 -64928
11 -1 11 3 -75704
-19 -10 -24 -24 -71056
-17 11 -16 7 -66912
-4 24 -5 22 -39876
11 10 14 17 -73568
-9 -22 -15 -19 -72720
13 17 16 22 -73462
-8 12 -9 18 -87484
7 3 7 4 -62396
9 -11 9 -19 -75534
-8 -23 -5 -20 -61858
18 0 19 -3 -65896
4 -24 8 -21 -65644
13 -11 13 -10 -73228
-13 11 -10 12 -74852
8 22 13 22 -68604
16 -5 14 -9 -74290
-9 15 -5 13 -73694
16 17 16 11 -68008
-1 -1 -1 -2 -55692
-3 22 4 24 -68044
-22 0 -19 2 -72316
7 13 11 10 -68666
-9 -10 -7 -14 -70488
-10 -15 -14 -15 -69582
23 -19 11 -21 -71530
-11 -4 -11 -5 -66220
8 24 1 20 -69940
-3 14 -14 7 -89338
7 -12 10 -8 -79288
20 24 0 23 -72694
8 -10 7 -13 -76494
14 -23 18 -16 -62132
14 -12 11 -16 -72778
-6 -11 -6 -8 -65514
-12 -10 -13 -6 -71918
-11 -10 -13 -10 -68636
8 -22 6 -17 -70212
-12 13 -12 10 -65630
-18 2 -18 0 -61146
-12 -15 -11 -8 -76070
-4 13 -5 12 -67704
3 3 4 1 -64128
8 -9 8 -6 -67130
-5 -22 0 -23 -76176
5 11 1 12 -69840
23 -12 24 1 -69868
10 -4 11 0 -71320
17 9 15 7 -75634
24 -23 18 16 -78880
-3 -13 -5 -12 -65664
-24 -23 -23 -3 -75012
0 21 -4 24 -52406
-19 -3 -16 -2 -69344
-1 -12 0 -11 -74392
15 3 16 4 -71620
-19 -21 11 -19 -87628
20 -10 21 -12 -67728
6 7 6 5 -61850
-9 5 -12 4 -71710
-21 11 -21 16 -55074
-12 -5 -13 -8 -62922
-19 8 -20 5 -71060
-7 -1 -6 -4 -70712
-7 1 -8 2 -69386
15 -23 -24 -22 -75690
24 -11 23 -16 -58466
-2 -3 -5 -3 -66780
-23 -4 -21 -3 -65150
-21 23 -22 15 -73766
-23 6 -22 13 -71962
7 0 6 3 -72386
24 -15 24 -20 -39354
-4 -14 -5 -15 -73408
11 -23 13 -20 -43114
8 9 13 13 -70808
-22 19 -16 24 -60372
-6 -10 -7 -10 -68132
24 16 20 15 -57318
-1 13 -3 17 -76676
10 20 -15 23 -82100
-14 4 -14 2 -67362
-12 6 -11 4 -70372
0 20 -2 21 -66670
-12 12 -15 15 -78514
-8 16 -8 21 -64342
-19 -9 -24 -13 -59586
1 -20 5 -19 -73998
20 23 23 15 -62624
20 -3 22 -8 -74306
22 -11 19 -14 -61054
-14 3 -15 1 -69474
-14 -14 -14 -13 -64578
0 -1 0 1 -65740
-5 -5 -5 -4 -63110
-20 22 -17 17 -79856
-23 20 -23 16 -65928
1 0 -23 -24 -72554
15 -2 20 -2 -67334
11 -24 2 -22 -76844
-2 -15 -1 -9 -73836
0 -20 -1 -19 -70056
0 -9 0 -10 -72524
-22 4 -23 15 -73630
-23 -8 -19 -11 -66332
17 6 17 9 -70164
-22 -23 -15 -23 -61314
8 -5 11 -4 -75470
21 7 19 8 -73552
23 16 14 24 -79552
-8 14 -10 11 -67146
-14 -4 -12 -7 -79742
-12 -21 -10 -20 -62442
12 -13 17 -14 -76338
11 -13 8 -16 -76672
-14 -13 -15 -11 -74664
18 24 24 23 -36848
14 -21 14 -12 -68758
19 -16 16 -20 -65474
7 -24 -5 -24 -68420
-5 -11 -6 -8 -67812
16 20 13 19 -67956
-8 20 -7 18 -63620
16 9 13 10 -72386
0 -24 -2 -22 -51204
2 8 2 10 -60748
-11 -4 -15 -4 -73032
-24 1 -21 13 -74450
0 -14 -2 -14 -70448
-8 -20 -9 -20 -64044
10 -15 13 -5 -92198
-15 8 -13 8 -69178
24 -14 0 -20 -81034
-1 -14 2 -12 -79270
7 -12 7 -13 -68456
23 -3 19 -6 -63788
-4 -2 -4 1 -67336
15 -9 17 -13 -78214
19 13 21 11 -75962
-11 -5 -14 -2 -81098
-2 15 -3 15 -63726
18 11 15 10 -74966
3 -5 3 -7 -65466
-4 6 -3 6 -69666
-1 1 1 1 -67478
16 5 17 2 -76350
23 2 21 4 -59130
10 -14 8 -17 -74102
-14 23 -11 20 -67684
-23 21 -17 24 -52562
-5 9 -5 7 -75532
22 17 15 16 -76270
16 -6 16 -4 -64576
4 24 2 19 -75250
-9 -13 -10 -19 -73760
5 -16 6 -17 -68864
-5 19 -10 23 -60732
0 4 -1 3 -63916
1 21 1 18 -74070
19 -21 20 -11 -70620
-15 -1 -15 0 -64840
7 -6 8 -2 -70322
-22 -20 -24 -16 -47798
-13 -21 -18 -22 -72684
-24 -9 -24 24 -65290
7 20 10 18 -67946
17 -7 18 -10 -72458
-12 15 -13 16 -74910
-17 -14 -19 -7 -78668
-13 -21 -8 -22 -69266
2 13 -2 11 -68406
18 21 15 17 -74700
3 -9 2 -6 -69756
-11 24 -5 24 -54960
22 -1 21 0 -65768
17 -24 22 -13 -66264
-24 12 -19 6 -72632
-15 4 -11 2 -74982
24 20 -13 20 -73840
-18 19 -23 14 -76876
0 1 0 2 -61404
-21 -13 -23 -6 -67824
-4 3 -6 0 -64972
24 -23 19 -22 -24600
-18 20 -12 22 -68982
17 -10 24 -17 -73230
-24 -1 -22 -5 -56558
-15 14 -17 18 -68548
-19 -18 23 24 -81344
-13 -22 -11 -15 -69178
-6 13 -6 16 -79992
-22 -23 -3 -24 -75170
-15 -19 -14 -13 -68086
-19 -7 -18 -5 -70892
-20 -5 -22 -11 -75064
15 -21 6 -21 -64952
0 23 0 20 -63324
20 -9 17 -12 -68230
-13 24 -6 23 -65756
-16 22 -14 17 -72544
16 -11 15 -12 -72502
20 -15 22 -20 -48894
-24 0 -23 -17 -73106
-5 11 -2 6 -90220
-1 4 -1 5 -57752
-10 16 -5 19 -64498
12 19 13 18 -60340
-6 7 -7 7 -65050
9 -23 4 -22 -76684
-1 8 0 8 -61904
0 -10 0 -9 -73144
-22 13 -19 14 -72168
10 5 13 5 -70510
23 7 22 7 -48092
14 -10 16 -10 -71964
20 0 24 -3 -62914
20 14 19 21 -68738
15 1 15 -1 -73598
-11 -16 -10 -15 -68958
13 6 12 10 -65296
-2 7 -2 14 -74722
-19 -24 -21 -21 -36866
-24 3 -20 6 -62906
-7 3 -7 2 -64858
6 14 6 11 -67726
1 -15 1 -13 -63808
-10 -3 -9 -2 -64858
12 23 -19 23 -81444
-12 -1 -13 -3 -68794
-13 24 -15 0 -80094
-24 -6 -22 0 -73534
-7 -10 -9 -11 -66916
-7 -18 -7 -24 -62300
11 19 11 17 -61232
6 17 6 8 -78940
-18 13 -15 15 -71056
16 10 14 10 -74090
16 -1 11 -3 -76548
-22 -20 -24 -11 -70706
18 -2 17 -5 -69268
-19 -11 -17 -5 -78778
11 5 12 3 -71508
4 15 6 19 -72540
7 16 11 16 -68610
24 -21 16 -23 -49002
6 19 8 24 -55328
14 -4 15 -6 -66600
-8 8 -9 2 -79212
3 -7 4 -6 -67648
23 3 22 10 -59568
15 14 13 8 -75036
-23 16 -19 13 -62094
23 -10 18 -9 -64308
3 18 5 24 -78718
-15 -23 -19 -20 -66054
2 -4 0 -4 -67382
17 8 18 8 -71570
5 -2 6 -1 -77600
-17 -2 -15 0 -67226
16 19 19 17 -75026
-4 -19 -3 -16 -71470
-9 -23 -2 -24 -69906
9 -14 11 -17 -70830
-12 13 -9 9 -76670
-9 -10 -12 -13 -72656
6 -14 3 -19 -78772
-12 -6 -9 -6 -69058
8 -2 9 -1 -73628
9 0 8 3 -75158
-11 16 -13 16 -68438
-12 -24 -17 -22 -64898
4 11 5 16 -74606
-19 11 -19 10 -63186
3 4 3 6 -62896
-17 13 -22 14 -70666
24 -3 23 -13 -69626
-9 -17 -10 -12 -73582
-17 12 -14 17 -76750
4 16 8 17 -75256
-24 -18 -17 -17 -66158
-22 24 -13 23 -55852
15 5 15 6 -69032
-3 11 -2 8 -79012
-20 21 -18 17 -80008
4 22 -24 24 -64778
-24 11 -18 9 -69756
1 0 2 0 -64682
-20 -8 -16 -9 -73668
2 -20 2 -19 -61326
21 4 22 5 -62228
16 14 14 23 -71914
-20 -1 -20 -3 -68918
-15 -15 -18 -16 -71742
19 17 14 18 -75058
6 14 2 13 -72580
-23 0 -23 -24 -75876
4 -19 8 -16 -77606
-15 9 -12 14 -79070
-17 -24 -18 -23 -48014
-10 0 -10 -1 -67680
-20 0 -17 -3 -76440
13 2 16 0 -70422
-14 1 -11 9 -81982
17 11 -9 7 -87904
-3 10 -7 13 -76328
-15 4 -16 6 -65602
