3 -9 1 -10 -67587
4 10 6 9 -68183
-2 -7 -3 -8 -72991
-1 -4 -2 -3 -58041
18 12 22 21 -72777
4 -6 5 -6 -67151
0 -24 2 -20 -53957
-6 -5 -6 -7 -62047
-23 23 -21 2 -74637
8 -2 15 -1 -81317
-9 -23 -5 -24 -65173
20 4 19 8 -68429
8 -12 7 -10 -73183
-23 6 -22 6 -53447
-13 -16 -16 -15 -66265
12 -6 12 -9 -68537
0 21 1 18 -70807
14 -14 14 -10 -68461
-4 -19 -6 -20 -72821
-10 3 -10 4 -61365
-12 9 -14 3 -71741
14 4 11 4 -75339
3 17 2 14 -73187
8 8 7 9 -69821
-3 -16 -7 -16 -80049
9 -7 10 -5 -66979
20 -23 7 -19 -69299
12 -17 15 -20 -65249
0 15 2 13 -67269
23 11 24 12 -49925
1 -12 2 -12 -65011
13 21 15 16 -67539
24 -8 24 -14 -57029
-8 -20 -10 -15 -70969
-22 1 -22 2 -58413
-9 -20 -18 -23 -73755
-20 -14 -19 -14 -72581
-19 -22 -22 -11 -79503
21 11 24 16 -64913
-7 -19 -4 -24 -66267
-16 -1 -14 -4 -61971
-22 2 -15 6 -85023
24 21 3 22 -71433
0 24 1 24 -53717
-5 -15 -4 -13 -75317
-18 11 -20 8 -73875
-19 -13 -23 -22 -68841
-3 0 -2 -1 -70731
0 -7 1 -6 -67955
-24 -16 -23 -11 -55871
21 -5 22 5 -68799
-19 -23 -20 -16 -55503
5 -8 7 -8 -65265
10 -1 8 0 -67677
-5 -17 -6 -13 -71155
18 9 18 12 -69815
-24 2 -19 0 -62539
6 -15 4 -15 -65365
-20 15 -24 8 -73163
-8 -10 -5 -8 -80547
-21 5 -22 -1 -70751
4 17 6 16 -75643
-7 23 11 24 -69951
3 -14 1 -11 -68447
24 -13 18 -10 -67451
23 -10 22 -18 -71495
-6 -18 -8 -17 -72531
15 18 3 -3 -96431
-9 -4 -4 -3 -80989
23 -13 23 -5 -67707
9 17 13 20 -70019
-3 15 -3 16 -61881
22 8 20 4 -69717
-21 -14 -18 -15 -74531
11 -18 7 -17 -67991
10 -10 15 -9 -66905
-22 20 -22 17 -70483
6 -2 6 0 -63551
-5 4 24 24 -72521
-4 -21 -2 -21 -76811
24 10 17 9 -77413
-10 8 -11 8 -69883
-13 9 -20 10 -78239
19 5 18 3 -68325
-24 14 -23 16 -51765
-24 14 -21 15 -58763
-15 -15 18 -6 -89197
1 18 5 17 -72749
-19 6 -13 3 -77487
-2 -21 -1 -18 -73735
17 -17 14 -15 -65881
21 12 19 13 -78189
12 4 -23 5 -82451
24 -8 22 8 -69583
-21 -11 -20 -8 -80849
0 -21 24 -22 -73547
-1 1 -4 0 -65693
-23 3 -23 -8 -79623
24 7 22 17 -70281
-22 -9 -23 -3 -63461
9 -23 8 -19 -53091
-12 -6 -12 -12 -70063
14 1 14 0 -70613
10 21 -20 22 -79473
16 -19 22 -21 -56157
0 23 -1 19 -75373
-8 8 -8 7 -65377
2 -5 2 -4 -56763
-16 22 -13 19 -72223
-24 20 -8 23 -68311
-4 -23 22 -24 -72805
23 8 22 14 -68411
24 21 22 0 -65065
9 -3 12 -5 -72267
5 -21 4 -19 -66257
0 -6 -1 -6 -65959
24 14 21 14 -55497
-15 -10 -13 -9 -65765
0 8 1 7 -62557
15 -2 12 -2 -74913
24 -24 -12 -24 -71189
-20 15 -17 20 -76085
21 13 20 9 -74079
14 18 16 13 -68609
23 18 24 -9 -71705
15 15 17 19 -76581
-20 8 -17 5 -74491
-22 0 -23 -4 -78055
22 -8 21 -5 -65313
6 -22 -20 -24 -75521
1 -18 0 -19 -70595
-19 0 -24 -3 -80421
10 4 9 4 -68453
8 12 13 9 -75981
9 -10 11 -11 -67195
-2 21 -4 18 -69269
-8 -1 -8 0 -68691
-2 10 -5 8 -73259
-21 -4 -18 -3 -77647
-5 -6 -7 -6 -76069
10 -18 8 -23 -56815
11 22 15 23 -65611
1 21 -2 19 -73237
-14 -16 -14 -20 -57647
17 -8 20 -4 -74133
-6 -22 -6 -19 -66065
15 19 -24 12 -81469
4 -22 5 -21 -65235
0 5 0 23 -78027
19 0 23 0 -65327
0 17 -1 17 -66763
2 1 1 0 -69567
-17 16 -13 15 -72417
-9 -5 -10 -2 -69309
0 -9 -2 -7 -67327
-11 22 -10 10 -67407
17 1 16 0 -67255
-8 0 -12 0 -70851
-5 5 -6 6 -72553
-5 15 -6 16 -64493
-21 -6 -22 -15 -80001
8 -8 9 -9 -73845
-2 8 -3 6 -71891
-23 7 -20 0 -69439
-5 -19 -6 -24 -60135
17 4 20 3 -72415
20 13 20 11 -71265
24 -6 21 -24 -66449
4 17 5 13 -70019
-20 -23 -15 -19 -65151
8 22 14 24 -65015
22 0 19 -2 -66381
12 -7 11 -3 -72389
-16 3 -14 4 -71123
-8 10 -7 8 -72859
-4 -16 -3 -17 -70293
24 16 19 22 -64015
9 19 4 23 -68045
6 6 5 9 -67975
20 4 -24 -5 -81885
1 -22 0 -22 -63193
-12 20 -7 23 -61469
-7 6 -9 4 -68339
-21 -16 -20 -13 -68079
4 -20 8 -22 -75613
-24 -13 -22 -14 -41275
7 9 6 8 -62443
22 -4 24 2 -54047
8 23 8 15 -71617
-21 24 -19 14 -77305
16 24 19 23 -46049
-1 -14 2 -18 -73725
11 -17 20 -23 -68709
10 4 8 2 -70425
10 24 19 22 -67423
-20 -15 -22 -10 -71845
-11 23 -12 23 -56701
-15 -14 -16 -11 -74781
7 -1 7 -3 -62459
-18 -12 -15 -11 -69419
-10 20 -9 23 -46775
-8 13 0 17 -79081
12 -19 13 -18 -56349
9 -15 8 -14 -68553
-1 -21 -2 -21 -75859
7 4 6 4 -62761
11 -1 11 3 -72575
-19 -10 -24 -24 -69271
-17 11 -16 7 -67033
-4 24 -5 22 -44935
11 10 14 17 -73201
-9 -22 -15 -19 -72997
13 17 16 22 -75443
-19 -9 -19 -2 -74889
7 3 7 4 -67977
9 -11 9 -19 -73427
-8 -23 -5 -20 -63127
18 0 19 -3 -65403
4 -24 8 -21 -64739
13 -11 13 -10 -64851
-13 11 -10 12 -73651
8 22 13 22 -67747
16 -5 14 -9 -73459
-9 15 -5 13 -67219
16 17 16 11 -67721
-1 -1 -1 -2 -56095
-3 22 4 24 -66577
-22 0 -19 2 -80377
7 13 11 10 -74017
-9 -10 -7 -14 -70403
-10 -15 -14 -15 -68935
23 -19 11 -21 -67821
-11 -4 -11 -5 -62283
8 24 1 20 -69763
-16 -21 -24 -19 -63989
7 -12 10 -8 -73473
20 24 0 23 -69993
8 -10 7 -13 -72795
14 -23 18 -16 -60599
14 -12 11 -16 -74283
-6 -11 -6 -8 -66715
-12 -10 -13 -6 -64881
-11 -10 -13 -10 -70627
8 -22 6 -17 -73271
-12 13 -12 10 -59867
-18 2 -18 0 -66741
-12 -15 -11 -8 -77235
-4 13 -5 12 -65395
3 3 4 1 -68179
8 -9 8 -6 -69385
-5 -22 0 -23 -79147
5 11 1 12 -69827
23 -12 24 1 -67173
10 -4 11 0 -66579
17 9 15 7 -74257
24 -23 18 16 -73133
-3 -13 -5 -12 -70459
-17 -23 -23 10 -79801
0 21 -4 24 -53551
-19 -3 -16 -2 -72919
-1 -12 0 -11 -65125
15 3 16 4 -66513
-19 -21 23 -8 -81155
20 -10 21 -12 -66893
6 7 6 5 -66315
-9 5 -12 4 -72365
-21 11 -21 16 -54783
-12 -5 -13 -8 -65913
-19 8 -20 5 -71837
-7 -1 -6 -4 -70033
-7 1 -8 2 -72017
15 -23 -24 -22 -75449
24 -11 23 -16 -59481
-2 -3 -5 -3 -70873
-23 -4 -21 -3 -66687
-21 23 -22 15 -74727
-23 6 -22 13 -72291
7 0 6 3 -74299
24 -15 24 -20 -38485
-4 -14 -5 -15 -78147
11 -23 13 -20 -42295
8 9 13 13 -70145
-22 19 -16 24 -60295
-6 -10 -7 -10 -73539
24 16 20 15 -58007
-1 13 -3 17 -71967
20 -14 17 -14 -63653
-14 4 -14 2 -66657
-12 6 -11 4 -67721
0 20 -2 21 -64617
-12 12 -15 15 -73481
-8 16 -8 21 -60909
-19 -9 -24 -13 -64067
1 -20 5 -19 -70185
20 23 23 15 -57901
20 -3 22 -8 -71989
22 -11 19 -14 -62549
-14 3 -15 1 -71841
-14 -14 -14 -13 -65623
0 -1 0 1 -67995
-5 -5 -5 -4 -62395
-20 22 -17 17 -79971
-23 20 -23 16 -66241
1 0 -23 -24 -75307
15 -2 20 -2 -65799
11 -24 2 -22 -76193
-2 -15 -1 -9 -71371
0 -20 -1 -19 -72837
0 -9 0 -10 -75045
-22 4 -23 15 -77127
-23 -8 -19 -11 -65899
17 6 17 9 -67167
-22 -23 -15 -23 -61599
-15 1 -20 -8 -94501
21 7 19 8 -75093
-15 -2 7 -6 -88583
-8 14 -10 11 -62651
5 2 1 0 -68147
-12 -21 -10 -20 -62991
18 10 19 10 -79813
-23 9 -23 6 -64539
-14 -13 -15 -11 -73707
18 24 24 23 -34291
14 -21 14 -12 -78385
19 -16 16 -20 -65161
7 -24 -5 -24 -68935
-5 -11 -6 -8 -67961
16 20 13 19 -72127
-8 20 -7 18 -61015
16 9 13 10 -74935
0 -24 -2 -22 -52011
2 8 2 10 -58643
-11 -4 -15 -4 -70057
-19 9 -23 5 -79977
0 -14 -2 -14 -66965
-8 -20 -9 -20 -65377
10 3 9 7 -72587
-15 8 -13 8 -70257
-10 8 -8 9 -71075
16 -22 14 -12 -78681
7 -12 7 -13 -66327
23 -3 19 -6 -64351
-4 -2 -4 1 -67335
15 -9 17 -13 -67589
19 13 21 11 -80009
0 -20 -1 -16 -74809
-2 15 -3 15 -64551
18 11 15 10 -78213
3 -5 3 -7 -67559
-4 6 -3 6 -66583
-1 1 1 1 -68529
16 5 17 2 -70183
23 2 21 4 -57085
10 -14 8 -17 -66701
-14 23 -11 20 -64937
-23 21 -17 24 -54081
-5 9 -5 7 -70937
22 17 15 16 -75727
16 -6 16 -4 -68185
4 24 2 19 -66523
-24 8 -23 3 -58153
5 -16 6 -17 -70913
-5 19 -10 23 -60317
0 4 -1 3 -66107
1 21 1 18 -75287
19 -21 20 -11 -74057
-15 -1 -15 0 -66323
7 -6 8 -2 -65657
-22 -20 -24 -16 -50559
-13 -21 -18 -22 -72023
-24 -9 -24 24 -67085
7 20 10 18 -70677
17 -7 18 -10 -63565
-12 15 -13 16 -70483
23 10 -24 -12 -80171
-13 -21 -8 -22 -69831
2 13 -2 11 -65069
18 21 15 17 -75103
3 -9 2 -6 -71955
-11 24 -5 24 -54967
22 -1 21 0 -65803
17 -24 22 -13 -67835
-24 12 -19 6 -80239
-15 4 -11 2 -72203
24 20 -13 20 -69421
-18 19 -23 14 -82849
0 1 0 2 -71409
-21 -13 -23 -6 -70623
-4 3 -6 0 -64131
24 -23 19 -22 -26405
-18 20 -12 22 -56693
17 -10 24 -17 -76073
-24 -1 -22 -5 -57267
-15 14 -17 18 -67341
10 -15 13 -13 -71187
-13 -22 -11 -15 -69053
-6 13 -6 16 -59593
-22 -23 -3 -24 -74159
-15 -19 -14 -13 -68459
-19 -7 -18 -5 -75195
-20 -5 -22 -11 -82181
15 -21 6 -21 -63485
0 23 0 20 -66769
20 -9 17 -12 -69569
-13 24 -6 23 -64057
-16 22 -14 17 -72449
16 -11 15 -12 -66997
20 -15 22 -20 -50189
-24 0 -23 -17 -74301
-1 3 0 0 -73341
-1 4 -1 5 -61361
-10 16 -5 19 -66993
12 19 13 18 -63661
-6 7 -7 7 -65835
9 -23 4 -22 -75109
-1 8 0 8 -59947
0 -10 0 -9 -75557
-22 13 -19 14 -78289
10 5 13 5 -74267
23 7 22 7 -48431
14 -10 16 -10 -58885
20 0 24 -3 -63327
20 14 19 21 -64283
15 1 15 -1 -68953
-11 -16 -10 -15 -68373
13 6 12 10 -64767
-2 7 -2 14 -70945
-19 -24 -21 -21 -42077
-24 3 -20 6 -69773
-7 3 -7 2 -60917
6 14 6 11 -61431
1 -15 1 -13 -58823
-10 -3 -9 -2 -69157
2 23 8 23 -61373
-12 -1 -13 -3 -73019
-13 24 -15 0 -75081
-24 -6 -22 0 -78067
-7 -10 -9 -11 -74063
-7 -18 -7 -24 -62669
11 19 11 17 -64255
7 -11 5 -8 -75157
-18 13 -15 15 -73889
16 10 14 10 -75895
16 -1 11 -3 -80975
-22 -20 -24 -11 -69447
18 -2 17 -5 -71133
-19 -8 -20 -11 -79457
11 5 12 3 -73957
4 15 6 19 -73239
7 16 11 16 -67861
24 -21 16 -23 -49997
6 19 8 24 -51913
14 -4 15 -6 -69911
-8 -13 -9 -16 -72149
3 -7 4 -6 -67089
23 3 22 10 -57383
15 14 13 8 -74317
-23 16 -19 13 -64601
23 -10 18 -9 -65359
-9 11 -8 8 -70177
-15 -23 -19 -20 -68553
2 -4 0 -4 -67285
17 8 18 8 -79517
5 -14 3 -23 -76579
-17 -2 -15 0 -76189
16 19 19 17 -68719
-4 -19 -3 -16 -72445
-9 -23 -2 -24 -74227
9 -14 11 -17 -68665
-18 18 13 19 -83183
-9 -10 -12 -13 -76909
-4 19 -4 24 -61161
-12 -6 -9 -6 -78021
-18 -22 -17 -19 -50363
9 0 8 3 -75773
-11 16 -13 16 -64793
-12 -24 -17 -22 -63577
4 11 5 16 -74073
-19 11 -19 10 -62849
3 4 3 6 -68239
-17 13 -22 14 -76571
24 -3 23 -13 -67801
-9 -17 -10 -12 -72705
-17 12 -14 17 -74057
4 16 8 17 -75771
-24 -18 -17 -17 -64945
-22 24 -13 23 -52937
15 5 15 6 -63297
-3 11 -2 8 -70515
-20 21 -18 17 -79561
4 22 -24 24 -63063
-24 11 -18 9 -76881
1 0 2 0 -67037
-20 -8 -16 -9 -69527
2 -20 2 -19 -66713
21 4 22 5 -64035
-12 -7 -9 -6 -78745
-20 -1 -20 -3 -71703
-15 -15 -18 -16 -72657
19 17 14 18 -73237
6 14 2 13 -75567
-23 0 -23 -24 -69905
4 -19 8 -16 -71491
-15 9 -12 14 -77009
-17 -24 -18 -23 -49217
-10 0 -10 -1 -67019
15 -24 -13 -23 -77753
13 2 16 0 -71537
4 15 2 12 -72923
7 22 8 17 -70577
-21 19 -23 19 -43637
-15 4 -16 6 -66671
