3 -9 1 -10 -69969
4 10 6 9 -68415
-2 -7 -3 -8 -79907
-1 -4 -2 -3 -67779
18 12 22 21 -73791
4 -6 5 -6 -67779
0 -24 2 -20 -52233
-6 -5 -6 -7 -66441
-23 23 -21 2 -73105
18 -23 22 -22 -55061
-9 -23 -5 -24 -63663
23 14 19 16 -67381
8 -12 7 -10 -68969
-23 6 -22 6 -52883
-13 -16 -16 -15 -69999
23 -20 24 -9 -71177
0 21 1 18 -75233
14 -14 14 -10 -64639
-4 -19 -6 -20 -69509
-10 3 -10 4 -64291
-12 9 -14 3 -73221
14 4 11 4 -75631
3 17 2 14 -70231
8 8 7 9 -69881
-9 -19 -13 -22 -76031
9 -7 10 -5 -70753
20 -23 7 -19 -69683
12 -17 15 -20 -63015
0 15 2 13 -70495
23 11 24 12 -48617
1 -12 2 -12 -66079
13 21 15 16 -68851
24 -8 24 -14 -63093
-8 -20 -10 -15 -66641
-22 1 -22 2 -55975
9 -3 7 -2 -76079
-20 -14 -19 -14 -74133
-8 -6 -10 -11 -69993
21 11 24 16 -63455
-7 -19 -4 -24 -63269
-16 -1 -14 -4 -77403
8 5 9 4 -73415
24 21 3 22 -72591
0 24 1 24 -58369
-5 -15 -4 -13 -72043
-18 11 -20 8 -73537
-19 -13 -23 -22 -73061
-3 0 -2 -1 -71337
0 -7 1 -6 -71083
-24 -16 -23 -11 -54221
-7 6 14 0 -91819
-19 -23 -20 -16 -53937
5 -8 7 -8 -67459
10 -1 8 0 -75083
-1 -6 0 -23 -73733
18 9 18 12 -64827
-24 2 -19 0 -61923
6 -15 4 -15 -67855
-20 15 -24 8 -77625
18 -6 17 -5 -66283
-21 5 -22 -1 -68803
4 17 6 16 -72073
-7 23 11 24 -74617
3 -2 1 -3 -63717
24 -13 18 -10 -59525
3 -24 7 -24 -65953
-6 -18 -8 -17 -64145
-16 -1 -20 1 -68947
-2 -1 -5 -2 -69389
23 -13 23 -5 -73085
9 17 13 20 -71703
-3 15 -3 16 -61495
22 8 20 4 -70323
-21 -14 -18 -15 -75185
11 -18 7 -17 -70095
10 -10 15 -9 -69575
-22 20 -22 17 -63893
6 -2 6 0 -65057
-5 4 24 24 -73909
-4 -21 -2 -21 -76335
24 10 17 9 -68009
-10 8 -11 8 -72971
-13 9 -20 10 -75241
19 5 18 3 -68159
-24 14 -23 16 -52101
-24 14 -21 15 -54031
-2 20 -9 17 -74883
1 18 5 17 -72597
-19 -18 -24 -20 -56305
-2 -21 -1 -18 -68711
17 -17 14 -15 -62375
21 12 19 13 -68057
-1 -10 0 -9 -77451
24 -8 22 8 -63915
-21 -11 -20 -8 -73825
-4 4 -3 1 -73823
-1 1 -4 0 -70615
9 -6 12 -2 -78429
24 7 22 17 -63455
-22 -9 -23 -3 -60531
9 -23 8 -19 -46031
1 11 2 10 -71319
14 1 14 0 -67435
10 21 -20 22 -74845
16 -19 22 -21 -55851
0 24 9 23 -75377
-8 8 -8 7 -59117
2 -5 2 -4 -64469
-16 22 -13 19 -66481
-24 20 -8 23 -67829
-4 -23 22 -24 -72737
23 8 22 14 -60497
24 21 22 0 -66921
9 -3 12 -5 -70217
5 -21 4 -19 -63329
0 -6 -1 -6 -66425
24 14 21 14 -57905
-15 -10 -13 -9 -61287
0 8 1 7 -70993
15 -2 12 -2 -70023
24 -24 -12 -24 -72059
-20 15 -17 20 -69501
19 -8 16 -10 -74453
14 18 16 13 -66967
-23 5 -2 1 -83719
0 2 11 7 -88481
-20 8 -17 5 -69947
-22 0 -23 -4 -70529
22 -8 21 -5 -58419
6 -22 -20 -24 -74025
1 -18 0 -19 -67513
-19 0 -24 -3 -76693
10 4 9 4 -71337
-3 -10 -2 -9 -78137
9 -10 11 -11 -69003
-2 21 -4 18 -68787
-8 -1 -8 0 -67349
-2 10 -5 8 -71073
-21 -4 -18 -3 -74119
-5 -6 -7 -6 -64331
10 -18 8 -23 -54919
11 22 15 23 -63833
1 21 -2 19 -67625
-14 -16 -14 -20 -58065
17 -8 20 -4 -76117
-6 -22 -6 -19 -65885
15 19 -24 12 -75475
4 -22 5 -21 -65801
-14 -18 -12 -18 -73543
19 0 23 0 -67541
0 17 -1 17 -67231
9 24 8 23 -46117
-17 16 -13 15 -72207
-9 -5 -10 -2 -72945
0 -9 -2 -7 -65883
0 2 9 2 -79163
17 1 16 0 -65447
-8 0 -12 0 -73727
-5 5 -6 6 -75569
-5 15 -6 16 -68133
-21 -6 -22 -15 -76613
8 -8 9 -9 -67151
-2 8 -3 6 -65801
-23 7 -20 0 -66177
-5 -19 -6 -24 -60667
17 4 20 3 -64385
20 13 20 11 -59287
24 -6 21 -24 -70107
4 17 5 13 -73063
-20 -23 -15 -19 -69017
8 22 14 24 -68705
22 0 19 -2 -63621
12 -7 11 -3 -71315
-16 3 -14 4 -67415
-8 10 -7 8 -70235
-4 -16 -3 -17 -65481
24 16 19 22 -64449
9 19 4 23 -67721
6 6 5 9 -69173
22 8 22 -1 -62041
1 -22 0 -22 -64751
-12 20 -7 23 -70669
-7 6 -9 4 -69885
-21 -16 -20 -13 -66185
4 -20 8 -22 -76625
-24 -13 -22 -14 -43299
7 9 6 8 -62277
22 -4 24 2 -47767
8 23 8 15 -74985
-21 24 -19 14 -67705
16 24 19 23 -47879
-1 -14 2 -18 -68033
11 -17 20 -23 -66723
10 4 8 2 -68881
10 24 19 22 -68015
-20 -15 -22 -10 -70243
-11 23 -12 23 -58977
-15 -14 -16 -11 -70175
7 -1 7 -3 -68467
-18 -12 -15 -11 -68229
-10 20 -9 23 -53663
0 8 3 10 -68047
12 -19 13 -18 -61361
9 -15 8 -14 -70011
-1 -21 -2 -21 -75513
7 4 6 4 -72699
11 -1 11 3 -66247
-19 -10 -24 -24 -72545
-17 11 -16 7 -64919
-4 24 -5 22 -41963
-7 19 -6 13 -69161
-9 -22 -15 -19 -74667
13 17 16 22 -66347
-19 -9 -19 -2 -71897
7 3 7 4 -62919
9 -11 9 -19 -67989
-8 -23 -5 -20 -64831
18 0 19 -3 -65379
4 -24 8 -21 -66967
13 -11 13 -10 -62057
-13 11 -10 12 -73355
8 22 13 22 -69771
16 -5 14 -9 -74459
-9 15 -5 13 -70735
16 17 16 11 -61193
-1 -1 -1 -2 -62921
-3 22 4 24 -68917
-22 0 -19 2 -76961
7 13 11 10 -70021
-9 -10 -7 -14 -66773
-10 -15 -14 -15 -78595
18 -19 5 -21 -78083
-11 -4 -11 -5 -63137
8 24 1 20 -73681
-16 -21 -24 -19 -71977
21 -8 21 -13 -74887
20 24 0 23 -72343
8 -10 7 -13 -69029
14 -23 18 -16 -68189
1 1 -1 2 -76627
-6 -11 -6 -8 -66203
-12 -10 -13 -6 -69135
-11 -10 -13 -10 -72569
22 -22 21 19 -72745
-12 13 -12 10 -52273
-18 2 -18 0 -64367
10 -15 16 -13 -74227
-4 13 -5 12 -63821
3 3 4 1 -67193
8 -9 8 -6 -61901
-5 -22 0 -23 -78551
5 11 1 12 -71779
23 -12 24 1 -64743
10 -4 11 0 -71475
17 9 15 7 -74837
20 -8 23 24 -70425
-3 -13 -5 -12 -63515
-17 -24 -20 -24 -67639
0 21 -4 24 -56873
-19 -3 -16 -2 -68577
-8 -1 -9 -1 -69977
15 3 16 4 -68693
-23 -21 -24 -16 -51827
20 -10 21 -12 -65731
6 7 6 5 -65305
-9 5 -12 4 -76685
-21 11 -21 16 -58171
-12 -5 -13 -8 -62265
-19 8 -20 5 -70631
-7 -1 -6 -4 -70573
-7 1 -8 2 -75991
5 -18 6 -19 -76915
24 -11 23 -16 -59511
14 -15 14 -21 -62997
-23 -4 -21 -3 -62601
-21 23 -22 15 -66913
-23 6 -22 13 -72671
7 0 6 3 -66159
24 -15 24 -20 -40515
-4 -14 -5 -15 -72865
11 -23 13 -20 -47443
8 9 13 13 -75401
-22 19 -16 24 -56645
-6 -10 -7 -10 -64319
24 16 20 15 -61529
8 13 11 17 -71313
-13 -5 -9 -10 -81731
-14 4 -14 2 -65459
-12 6 -11 4 -67013
0 20 -2 21 -73491
-12 12 -15 15 -73083
-8 16 -8 21 -66557
-19 -9 -24 -13 -63915
1 -20 5 -19 -73257
20 23 23 15 -58403
-22 -20 22 -24 -75467
22 -11 19 -14 -67295
-14 3 -15 1 -68359
-14 -14 -14 -13 -58283
0 -1 0 1 -66107
-5 -5 -5 -4 -67273
-14 -10 -17 -5 -77649
-23 20 -23 16 -61253
1 0 -23 -24 -76777
15 -2 20 -2 -69061
24 -3 22 -2 -47301
-2 -15 -1 -9 -73355
0 -20 -1 -19 -69803
-3 2 -4 -3 -72993
-14 8 -12 9 -76749
-23 -8 -19 -11 -68125
17 6 17 9 -68653
-22 -23 -15 -23 -76301
9 4 -4 20 -97367
21 7 19 8 -65435
20 19 18 16 -65695
-8 14 -10 11 -59689
-8 21 -10 18 -73519
-12 -21 -10 -20 -75161
9 10 10 15 -67259
-23 9 -23 6 -59437
-14 -13 -15 -11 -70163
18 24 24 23 -35785
-17 4 21 -15 -91231
19 -16 16 -20 -66881
7 -24 -5 -24 -73653
-5 -11 -6 -8 -67913
16 20 13 19 -68201
-8 20 -7 18 -62683
16 9 13 10 -70889
0 -24 -2 -22 -52729
2 8 2 10 -61317
-11 -4 -15 -4 -70253
-19 9 -23 5 -77019
0 -14 -2 -14 -68073
-8 -20 -9 -20 -65793
-19 15 -20 19 -67779
-15 8 -13 8 -73349
-10 8 -8 9 -72203
-24 9 -23 14 -60841
7 -12 7 -13 -64039
23 -3 19 -6 -63729
-24 -2 12 -13 -86989
15 -9 17 -13 -70357
19 -21 15 -24 -46579
17 -13 18 -22 -67351
-2 15 -3 15 -62391
18 11 15 10 -68825
3 -5 3 -7 -71425
-4 6 -3 6 -69713
-1 1 1 1 -72131
16 5 17 2 -64841
23 2 21 4 -59933
10 -14 8 -17 -63499
-14 23 -11 20 -61963
-23 21 -17 24 -50843
-15 11 2 -3 -101675
22 17 15 16 -72073
16 -6 16 -4 -68771
4 24 2 19 -60469
-24 8 -23 3 -55419
5 -16 6 -17 -73905
-5 19 -10 23 -60137
0 4 -1 3 -60623
1 19 1 18 -65491
19 -21 20 -11 -73581
-15 -1 -15 0 -64953
7 -6 8 -2 -74659
-22 -20 -24 -16 -53901
-13 -21 -18 -22 -70515
-24 -9 -24 24 -65709
7 20 10 18 -69939
17 -7 18 -10 -66235
-12 15 -13 16 -69293
23 10 -24 -12 -76349
-13 -21 -8 -22 -70893
2 13 -2 11 -70259
20 10 20 7 -63123
3 -9 2 -6 -68841
-11 24 -5 24 -58263
22 -1 21 0 -69669
17 -24 22 -13 -69839
-24 12 -19 6 -74667
-15 4 -11 2 -75993
24 20 -13 20 -69803
-24 19 -23 -16 -71927
0 1 0 2 -62889
-21 -13 -23 -6 -70519
21 6 -22 -1 -81163
24 -23 19 -22 -32407
-18 20 -12 22 -57847
-4 -13 -22 3 -98685
-24 -1 -22 -5 -52965
-15 14 -17 18 -65985
10 -15 13 -13 -68887
-13 -22 -11 -15 -71637
-6 13 -6 16 -61655
-4 -4 -1 -6 -74075
-15 -19 -14 -13 -66717
-19 -7 -18 -5 -66097
-16 -2 -15 -4 -74317
15 -21 6 -21 -69803
0 23 0 20 -55459
20 -9 17 -12 -77123
-13 24 -6 23 -66667
-16 22 -14 17 -65075
16 -11 15 -12 -66243
20 -15 22 -20 -54111
-24 0 -23 -17 -73935
-4 3 -5 1 -65295
-1 4 -1 5 -62027
-10 16 -5 19 -76255
12 19 13 18 -65157
-6 7 -7 7 -66621
9 -23 4 -22 -72181
-1 8 0 8 -66683
2 -10 1 -13 -69273
-22 13 -19 14 -71543
10 5 13 5 -75731
23 7 22 7 -48023
14 -10 16 -10 -63147
20 0 24 -3 -71023
20 14 19 21 -63617
15 1 15 -1 -66507
-11 -16 -10 -15 -68797
13 6 12 10 -62781
-2 7 -2 14 -67981
-19 -24 -21 -21 -43879
-24 3 -20 6 -66811
-7 3 -7 2 -67033
6 14 6 11 -66201
1 -15 1 -13 -61453
0 18 -2 21 -80111
2 23 8 23 -71383
-12 -1 -13 -3 -66027
-13 24 -15 0 -72677
-24 -6 -22 0 -69321
-7 -10 -9 -11 -65931
-7 -18 -7 -24 -63667
11 19 11 17 -63863
23 -18 -21 -11 -80439
-18 13 -15 15 -69213
16 10 14 10 -72035
16 -1 11 -3 -76021
-22 -20 -24 -11 -65637
18 -2 17 -5 -68515
-19 -8 -20 -11 -71943
11 5 12 3 -69729
4 15 6 19 -71731
7 16 11 16 -66973
24 -21 16 -23 -58959
6 19 8 24 -59971
14 -4 15 -6 -71157
-8 -13 -9 -16 -65295
3 -7 4 -6 -69533
23 3 22 10 -57755
15 14 13 8 -72443
-23 16 -19 13 -59913
23 -10 18 -9 -60489
-9 11 -8 8 -67135
-15 -23 -19 -20 -73831
0 -9 3 -13 -67935
21 -15 23 -15 -38259
5 0 3 -5 -75657
-17 -2 -15 0 -69171
16 19 19 17 -67737
-4 -19 -3 -16 -67201
-9 -23 -2 -24 -72407
9 -14 11 -17 -67561
11 6 13 8 -67805
-9 -10 -12 -13 -68607
-4 19 -4 24 -56609
-12 -6 -9 -6 -71089
-18 -22 -17 -19 -50631
-17 17 -3 -15 -95751
-11 16 -13 16 -65273
-12 -24 -17 -22 -62733
4 11 5 16 -74695
-19 11 -19 10 -63121
3 4 3 6 -68837
10 13 17 16 -76101
24 -3 23 -13 -70563
-9 -17 -10 -12 -66317
-17 12 -14 17 -67269
12 -19 -7 -22 -90503
-24 -18 -17 -17 -74585
-22 24 -13 23 -47827
15 5 15 6 -61413
-3 11 -2 8 -69089
-20 13 -18 13 -67325
4 22 -24 24 -60911
-24 11 -18 9 -71457
1 -16 2 -14 -64677
-20 -8 -16 -9 -71635
2 -20 2 -19 -58287
21 4 22 5 -63213
11 21 11 23 -38125
-20 -1 -20 -3 -66891
-15 -15 -18 -16 -72795
19 17 14 18 -70431
7 -11 9 -8 -67541
-23 0 -23 -24 -70943
4 -19 8 -16 -71547
0 -23 -24 -24 -68629
-17 -24 -18 -23 -53275
-10 0 -10 -1 -65093
15 -24 -13 -23 -77823
13 2 16 0 -69843
4 15 2 12 -69203
7 22 8 17 -71067
-21 19 -23 19 -37725
-15 4 -16 6 -62749
