3 -9 1 -10 -72692
4 10 6 9 -65066
-2 -7 -3 -8 -80498
-1 -4 -2 -3 -66464
18 12 22 21 -74986
4 -6 5 -6 -68856
0 -24 2 -20 -52280
-6 -5 -6 -7 -63616
-23 23 -21 2 -71726
18 -23 22 -22 -54396
-9 -23 -5 -24 -63828
23 14 19 16 -68116
8 -12 7 -10 -70634
-23 6 -22 6 -52304
-13 -16 -16 -15 -68512
23 -20 24 -9 -71194
0 21 1 18 -76620
14 -14 14 -10 -65178
-4 -19 -6 -20 -68712
-10 3 -10 4 -63568
-12 9 -14 3 -72284
14 4 11 4 -78232
3 17 2 14 -73418
8 8 7 9 -70612
-9 -19 -13 -22 -74964
9 -7 10 -5 -74468
20 -23 7 -19 -72718
12 -17 15 -20 -64958
0 15 2 13 -68786
23 11 24 12 -53314
1 -12 2 -12 -68010
13 21 15 16 -70102
24 -8 24 -14 -61742
-8 -20 -10 -15 -67368
-22 1 -22 2 -54700
9 -3 7 -2 -76886
-20 -14 -19 -14 -74568
-8 -6 -10 -11 -70100
21 11 24 16 -67178
-7 -19 -4 -24 -64450
-16 -1 -14 -4 -74892
8 5 9 4 -75180
24 21 3 22 -74286
0 24 1 24 -59522
-5 -15 -4 -13 -74324
-18 11 -20 8 -70912
-19 -13 -23 -22 -74092
-3 0 -2 -1 -70564
0 -7 1 -6 -72664
-24 -16 -23 -11 -54300
22 -24 -10 -6 -83088
-19 -23 -20 -16 -54350
5 -8 7 -8 -69620
10 -1 8 0 -76720
-1 -6 0 -23 -79262
18 9 18 12 -71652
-24 2 -19 0 -60444
6 -15 4 -15 -70712
-20 15 -24 8 -75586
18 -6 17 -5 -66058
-21 5 -22 -1 -66804
4 17 6 16 -70736
-7 23 11 24 -74300
3 -2 1 -3 -63782
24 -13 18 -10 -59700
3 -24 7 -24 -66332
-6 -18 -8 -17 -65270
-16 -1 -20 1 -65044
-2 -1 -5 -2 -69898
23 -13 23 -5 -72920
9 17 13 20 -72928
-3 15 -3 16 -61630
22 8 20 4 -73364
-21 -14 -18 -15 -75164
11 -18 7 -17 -71362
10 -10 15 -9 -79940
-22 20 -22 17 -64164
6 -2 6 0 -65452
-5 4 24 24 -74676
-4 -21 -2 -21 -76206
24 10 17 9 -69274
-10 8 -11 8 -70864
-13 9 -20 10 -73506
19 5 18 3 -68540
-24 14 -23 16 -51332
-24 14 -21 15 -53450
-2 20 -9 17 -76658
1 18 5 17 -70800
-19 -18 -24 -20 -56934
-2 -21 -1 -18 -71800
17 -17 14 -15 -63646
21 12 19 13 -68924
-1 -10 0 -9 -77692
24 -8 22 8 -63898
-21 -11 -20 -8 -73032
-4 4 -3 1 -73148
-1 1 -4 0 -71674
9 -6 12 -2 -81592
24 7 22 17 -66874
-22 -9 -23 -3 -58536
9 -23 8 -19 -47000
1 11 2 10 -69960
14 1 14 0 -67874
10 21 -20 22 -72516
16 -19 22 -21 -54878
0 24 9 23 -74640
-8 8 -8 7 -58786
2 -5 2 -4 -64080
-16 22 -13 19 -66930
-24 20 -8 23 -67376
-4 -23 22 -24 -74044
23 8 22 14 -65800
24 21 22 0 -70532
9 -3 12 -5 -72908
5 -21 4 -19 -64738
0 -6 -1 -6 -68396
24 14 21 14 -58316
-15 -10 -13 -9 -63116
0 8 1 7 -70032
15 -2 12 -2 -75152
24 -24 -12 -24 -74050
-20 15 -17 20 -68714
-4 19 0 23 -78472
14 18 16 13 -68306
21 5 0 1 -80992
20 -2 -10 14 -89878
-20 8 -17 5 -68884
-22 0 -23 -4 -68488
22 -8 21 -5 -59316
6 -22 -20 -24 -73592
1 -18 0 -19 -69248
-19 0 -24 -3 -76600
10 4 9 4 -72704
-3 -10 -2 -9 -77646
9 -10 11 -11 -72434
-2 21 -4 18 -76470
-8 -1 -8 0 -66624
-2 10 -5 8 -70328
-21 -4 -18 -3 -73330
-5 -6 -7 -6 -64560
10 -18 8 -23 -56316
11 22 15 23 -65284
1 21 -2 19 -77816
-14 -16 -14 -20 -58474
17 -8 20 -4 -73462
-6 -22 -6 -19 -66856
15 19 -24 12 -71226
4 -22 5 -21 -66622
-14 -18 -12 -18 -72088
19 0 23 0 -68084
0 17 -1 17 -70296
9 24 8 23 -46914
-17 16 -13 15 -71662
-9 -5 -10 -2 -70464
0 -9 -2 -7 -67550
0 2 9 2 -73498
17 1 16 0 -66456
-8 0 -12 0 -69720
-5 5 -6 6 -73244
-5 15 -6 16 -68110
-21 -6 -22 -15 -75324
8 -8 9 -9 -67922
-2 8 -3 6 -65876
-23 7 -20 0 -66188
-5 -19 -6 -24 -61190
17 4 20 3 -65084
20 13 20 11 -65584
24 -6 21 -24 -70734
4 17 5 13 -73766
-20 -23 -15 -19 -69134
8 22 14 24 -69730
22 0 19 -2 -64300
12 -7 11 -3 -72180
-16 3 -14 4 -64698
-8 10 -7 8 -68978
-4 -16 -3 -17 -69052
24 16 19 22 -65416
9 19 4 23 -68686
6 6 5 9 -71014
22 8 22 -1 -63228
1 -22 0 -22 -62906
-12 20 -7 23 -70328
-7 6 -9 4 -69616
-21 -16 -20 -13 -66588
4 -20 8 -22 -77794
-24 -13 -22 -14 -43306
7 9 6 8 -63012
22 -4 24 2 -47866
8 23 8 15 -75750
-21 24 -19 14 -67506
16 24 19 23 -49342
-1 -14 2 -18 -74168
11 -17 20 -23 -68414
10 4 8 2 -67846
10 24 19 22 -68964
-20 -15 -22 -10 -69128
-11 23 -12 23 -58770
-15 -14 -16 -11 -68368
7 -1 7 -3 -69208
-18 -12 -15 -11 -68538
-10 20 -9 23 -54370
0 8 3 10 -67608
12 -19 13 -18 -63076
9 -15 8 -14 -71054
-1 -21 -2 -21 -75550
7 4 6 4 -68912
11 -1 11 3 -66052
-19 -10 -24 -24 -72630
-17 11 -16 7 -63924
-4 24 -5 22 -47252
-7 19 -6 13 -68538
-9 -22 -15 -19 -73730
13 17 16 22 -67606
-19 -9 -19 -2 -70052
7 3 7 4 -63788
9 -11 9 -19 -70718
-8 -23 -5 -20 -64544
18 0 19 -3 -65560
4 -24 8 -21 -67278
13 -11 13 -10 -62370
-13 11 -10 12 -71098
8 22 13 22 -70608
16 -5 14 -9 -78432
-9 15 -5 13 -69142
16 17 16 11 -63484
-1 -1 -1 -2 -61594
-3 22 4 24 -71264
-22 0 -19 2 -75880
7 13 11 10 -70440
-9 -10 -7 -14 -66256
-10 -15 -14 -15 -76264
18 -19 5 -21 -81176
-11 -4 -11 -5 -62076
8 24 1 20 -73146
-16 -21 -24 -19 -72082
21 -8 21 -13 -72816
20 24 0 23 -72784
8 -10 7 -13 -76064
14 -23 18 -16 -69684
1 1 -1 2 -73722
-6 -11 -6 -8 -65282
-12 -10 -13 -6 -60988
-11 -10 -13 -10 -68732
22 -22 21 19 -74712
-12 13 -12 10 -52586
-18 2 -18 0 -63576
10 -15 16 -13 -78860
-4 13 -5 12 -63320
3 3 4 1 -66680
8 -9 8 -6 -65842
-5 -22 0 -23 -78374
5 11 1 12 -70070
23 -12 24 1 -64810
10 -4 11 0 -71674
17 9 15 7 -75808
20 -8 23 24 -73244
-3 -13 -5 -12 -64072
-17 -24 -20 -24 -67638
0 21 -4 24 -58246
-19 -3 -16 -2 -67102
-8 -1 -9 -1 -67094
15 3 16 4 -69462
-23 -21 -24 -16 -52454
20 -10 21 -12 -66916
6 7 6 5 -68622
-9 5 -12 4 -73430
-21 11 -21 16 -57326
-12 -5 -13 -8 -62498
-19 8 -20 5 -68426
-7 -1 -6 -4 -68272
-7 1 -8 2 -73216
5 -18 6 -19 -78044
24 -11 23 -16 -58420
14 -15 14 -21 -64070
-23 -4 -21 -3 -63048
-21 23 -22 15 -66968
-23 6 -22 13 -70856
7 0 6 3 -66490
24 -15 24 -20 -41666
-4 -14 -5 -15 -74660
11 -23 13 -20 -47696
8 9 13 13 -76958
-22 19 -16 24 -56366
-6 -10 -7 -10 -64680
24 16 20 15 -62284
8 13 11 17 -72324
6 -8 18 -7 -90992
-14 4 -14 2 -64500
-12 6 -11 4 -65198
0 20 -2 21 -74420
-12 12 -15 15 -71784
-8 16 -8 21 -66594
-19 -9 -24 -13 -63790
1 -20 5 -19 -72560
20 23 23 15 -59486
-22 -20 22 -24 -76232
22 -11 19 -14 -58456
-14 3 -15 1 -67058
-14 -14 -14 -13 -58266
0 -1 0 1 -65870
-5 -5 -5 -4 -65348
-14 -10 -17 -5 -72794
-23 20 -23 16 -61360
1 0 -23 -24 -77768
15 -2 20 -2 -68992
24 -3 22 -2 -48124
-2 -15 -1 -9 -74730
0 -20 -1 -19 -71580
-3 2 -4 -3 -73574
-14 8 -12 9 -74716
-23 -8 -19 -11 -67710
17 6 17 9 -72538
-22 -23 -15 -23 -76308
17 -6 14 -9 -77470
21 7 19 8 -65928
20 19 18 16 -65792
-8 14 -10 11 -58858
-8 21 -10 18 -73478
-12 -21 -10 -20 -74008
9 10 10 15 -69276
-23 9 -23 6 -58192
-14 -13 -15 -11 -67284
18 24 24 23 -36246
-17 -14 1 -3 -90148
19 -16 16 -20 -66566
7 -24 -5 -24 -70166
-5 -11 -6 -8 -67274
16 20 13 19 -69718
-8 20 -7 18 -62404
16 9 13 10 -73574
0 -24 -2 -22 -52430
2 8 2 10 -63274
-11 -4 -15 -4 -68130
-19 9 -23 5 -74684
0 -14 -2 -14 -68338
-8 -20 -9 -20 -65560
-19 15 -20 19 -67688
-15 8 -13 8 -70832
-10 8 -8 9 -70620
-24 9 -23 14 -59850
7 -12 7 -13 -66948
23 -3 19 -6 -64258
5 -13 9 -6 -90502
15 -9 17 -13 -71188
19 -21 15 -24 -46952
17 -13 18 -22 -69216
-2 15 -3 15 -64678
18 11 15 10 -69856
3 -5 3 -7 -72984
-4 6 -3 6 -68170
-1 1 1 1 -70502
16 5 17 2 -66254
23 2 21 4 -60732
10 -14 8 -17 -67438
-14 23 -11 20 -62238
-23 21 -17 24 -50332
5 20 3 0 -87198
22 17 15 16 -73194
16 -6 16 -4 -69368
4 24 2 19 -62934
-24 8 -23 3 -54532
5 -16 6 -17 -76056
-5 19 -10 23 -59324
0 4 -1 3 -59714
1 19 1 18 -67924
19 -21 20 -11 -74748
-15 -1 -15 0 -63870
7 -6 8 -2 -76096
-22 -20 -24 -16 -54304
-13 -21 -18 -22 -70102
-24 -9 -24 24 -65492
7 20 10 18 -70818
17 -7 18 -10 -66836
-12 15 -13 16 -68380
23 10 -24 -12 -73716
-13 -21 -8 -22 -70108
2 13 -2 11 -70744
20 10 20 7 -68702
3 -9 2 -6 -70288
-11 24 -5 24 -58028
22 -1 21 0 -69838
17 -24 22 -13 -69914
-24 12 -19 6 -74038
-15 4 -11 2 -71168
24 20 -13 20 -69222
-24 19 -23 -16 -71340
0 1 0 2 -63506
-21 -13 -23 -6 -69404
22 13 20 8 -77108
24 -23 19 -22 -31540
-18 20 -12 22 -57452
10 13 12 3 -79712
-24 -1 -22 -5 -51820
-15 14 -17 18 -65770
10 -15 13 -13 -73444
-13 -22 -11 -15 -72226
-6 13 -6 16 -61134
-4 -4 -1 -6 -73778
-15 -19 -14 -13 -67352
-19 -7 -18 -5 -65898
-16 -2 -15 -4 -72244
15 -21 6 -21 -72088
0 23 0 20 -58450
-5 -9 17 -12 -90674
-13 24 -6 23 -65936
-16 22 -14 17 -65846
16 -11 15 -12 -66000
20 -15 22 -20 -55904
-24 0 -23 -17 -70568
-4 3 -5 1 -66118
-1 4 -1 5 -61430
-10 16 -5 19 -75028
12 19 13 18 -66678
-6 7 -7 7 -64022
9 -23 4 -22 -73716
-1 8 0 8 -65470
2 -10 1 -13 -71472
-22 13 -19 14 -70012
10 5 13 5 -78460
23 7 22 7 -49312
14 -10 16 -10 -67520
20 0 24 -3 -71368
20 14 19 21 -64876
15 1 15 -1 -67020
-11 -16 -10 -15 -68410
13 6 12 10 -72240
-2 7 -2 14 -68188
-19 -24 -21 -21 -44308
-24 3 -20 6 -64870
-7 3 -7 2 -66774
6 14 6 11 -68874
1 -15 1 -13 -67574
0 18 -2 21 -80424
2 23 8 23 -70734
-12 -1 -13 -3 -65196
-13 24 -15 0 -70994
-24 -6 -22 0 -67524
-7 -10 -9 -11 -67504
-7 -18 -7 -24 -64590
11 19 11 17 -63812
23 -18 -21 -11 -78352
-18 13 -15 15 -68716
16 10 14 10 -73836
16 -1 11 -3 -80296
-22 -20 -24 -11 -65582
18 -2 17 -5 -69138
-19 -8 -20 -11 -71382
11 5 12 3 -71764
4 15 6 19 -73480
7 16 11 16 -67668
24 -21 16 -23 -58092
6 19 8 24 -60712
14 -4 15 -6 -72964
-8 -13 -9 -16 -66200
3 -7 4 -6 -73462
23 3 22 10 -59834
15 14 13 8 -74894
-23 16 -19 13 -59572
23 -10 18 -9 -59226
-9 11 -8 8 -65804
-15 -23 -19 -20 -73430
0 -9 3 -13 -70274
21 -15 23 -15 -36586
5 0 3 -5 -75748
-17 -2 -15 0 -67640
16 19 19 17 -69942
-4 -19 -3 -16 -71606
-9 -23 -2 -24 -72476
9 -14 11 -17 -69630
11 6 13 8 -69544
-9 -10 -12 -13 -70448
-4 19 -4 24 -60010
-12 -6 -9 -6 -67038
-18 -22 -17 -19 -50960
4 -17 6 -15 -77476
-11 16 -13 16 -63422
-12 -24 -17 -22 -62614
4 11 5 16 -78250
-19 11 -19 10 -61426
3 4 3 6 -69462
10 13 17 16 -78162
24 -3 23 -13 -70946
-9 -17 -10 -12 -67316
-17 12 -14 17 -67264
0 -19 0 -15 -72142
-24 -18 -17 -17 -74516
-22 24 -13 23 -47544
15 5 15 6 -63544
-3 11 -2 8 -68596
-20 13 -18 13 -65642
4 22 -24 24 -60826
-24 11 -18 9 -70282
1 -16 2 -14 -71656
-20 -8 -16 -9 -70434
2 -20 2 -19 -62942
21 4 22 5 -64456
11 21 11 23 -38306
-20 -1 -20 -3 -65790
-15 -15 -18 -16 -72908
19 17 14 18 -71996
7 -11 9 -8 -78348
-23 0 -23 -24 -66582
4 -19 8 -16 -81266
0 -23 -24 -24 -68248
-17 -24 -18 -23 -53204
-10 0 -10 -1 -64618
15 -24 -13 -23 -75882
13 2 16 0 -72484
4 15 2 12 -71306
7 22 8 17 -72112
-21 19 -23 19 -37246
-15 4 -16 6 -61382
