3 -9 1 -10 -74013
-3 13 11 8 -79129
-7 7 -7 13 -64857
-1 -4 -2 -3 -74681
5 -9 4 -9 -67025
6 -20 5 -19 -73823
0 -24 2 -20 -55001
-6 -5 -6 -7 -67735
0 0 -2 -1 -74993
18 -23 22 -22 -61619
-9 -23 -5 -24 -60273
23 14 19 16 -67411
8 -12 7 -10 -72299
-23 6 -22 6 -60793
-13 -16 -16 -15 -66923
23 -20 24 -9 -71575
22 -4 22 0 -62725
14 -14 14 -10 -66603
-4 -19 -6 -20 -65253
-10 3 -10 4 -60017
17 -24 18 -21 -43219
14 4 11 4 -70041
3 17 2 14 -66493
8 8 7 9 -64521
7 -22 24 -22 -67785
0 -10 -1 -13 -71205
6 3 6 1 -64551
12 -17 15 -20 -61473
0 15 2 13 -66195
23 11 24 12 -53401
1 -12 2 -12 -69931
13 21 15 16 -71511
24 -8 24 -14 -57943
-8 -20 -10 -15 -74471
-22 1 -22 2 -55283
-24 7 -22 7 -54923
-19 0 -22 -3 -71755
17 -17 16 -17 -64865
21 11 24 16 -65955
4 16 4 21 -69667
-2 21 -5 24 -61201
8 5 9 4 -67599
20 10 17 9 -74673
0 24 1 24 -53627
0 6 0 14 -74187
-18 11 -20 8 -73943
-22 11 -23 8 -70873
-3 0 -2 -1 -61601
0 -7 1 -6 -73825
-24 -16 -23 -11 -52091
-1 -4 0 -1 -76235
-19 -23 -20 -16 -60017
5 -8 7 -8 -67145
-3 -14 -2 -10 -67599
15 -7 16 -8 -64965
18 9 18 12 -63219
-24 2 -19 0 -64247
6 -15 4 -15 -71703
-13 -13 -13 -9 -65393
18 -6 17 -5 -69109
-21 5 -22 -1 -66947
4 17 6 16 -63359
-7 23 11 24 -70307
3 -2 1 -3 -64625
24 -13 18 -10 -69673
3 -24 7 -24 -70571
-6 -18 -8 -17 -68781
-16 -1 -20 1 -77413
-17 2 -19 3 -72595
-4 14 -5 15 -67121
9 17 13 20 -67513
-3 15 -3 16 -64617
-11 -9 -12 -2 -88147
2 -3 -1 -2 -74699
11 -18 7 -17 -62759
10 -10 15 -9 -65883
-22 20 -22 17 -67509
6 -2 6 0 -64365
-5 4 24 24 -69251
-4 -5 -8 -3 -76997
23 -18 21 -19 -48045
14 -4 12 -2 -62469
-13 9 -20 10 -74089
19 5 18 3 -66203
-24 14 -23 16 -49571
-24 14 -21 15 -53297
19 -16 18 -24 -72249
-23 -10 -22 -6 -69577
-19 -18 -24 -20 -50755
-2 -21 -1 -18 -68529
17 -17 14 -15 -67189
21 12 19 13 -69281
-1 -10 0 -9 -71027
24 -8 22 8 -72343
-21 -11 -20 -8 -76953
21 -20 19 -19 -61735
17 21 20 23 -42863
-12 11 -8 11 -68619
24 7 22 17 -65319
-22 -9 -23 -3 -67177
9 -23 8 -19 -44905
1 11 2 10 -61029
14 -7 15 -5 -66523
-1 11 1 13 -70659
16 3 16 0 -63227
1 -24 5 -20 -68413
-8 8 -8 7 -54713
-24 0 -17 3 -75751
-16 22 -13 19 -70267
-12 -20 -11 -14 -72625
-4 -23 22 -24 -66921
23 8 22 14 -65771
24 21 22 0 -64537
3 -15 1 -15 -70817
5 -21 4 -19 -67521
0 -6 -1 -6 -79137
24 14 21 14 -59185
-15 -10 -13 -9 -64173
0 -1 -6 -4 -81347
15 -2 12 -2 -59907
24 -24 -12 -24 -64829
-20 15 -17 20 -73797
-2 -5 -2 -3 -73165
14 18 16 13 -62985
21 5 24 -22 -71051
11 19 14 23 -66523
-20 8 -17 5 -75673
23 19 18 19 -62225
22 -8 21 -5 -65201
6 -22 -20 -24 -65973
-13 -14 -11 -17 -71321
2 -7 3 -9 -66373
10 4 9 4 -67063
-20 -11 -24 -10 -61203
8 -4 11 -2 -70707
10 7 13 7 -74311
-8 -1 -8 0 -62679
0 10 -3 8 -69095
4 0 6 0 -69487
0 -19 -5 -18 -72447
10 -18 8 -23 -55525
11 22 15 23 -55881
1 21 -2 19 -66965
-14 -16 -14 -20 -58059
17 -8 20 -4 -68003
-6 -22 -6 -19 -68415
15 19 -24 12 -72631
4 -22 5 -21 -70211
-14 -18 -12 -18 -60549
19 0 23 0 -71407
0 17 -1 17 -70015
9 24 8 23 -46319
-17 16 -13 15 -68937
-9 -5 -10 -2 -80175
0 -9 -2 -7 -78637
2 3 0 3 -61623
17 1 16 0 -68995
-8 0 -12 0 -70481
-5 5 -6 6 -65005
-5 15 -1 16 -73931
21 -8 22 -10 -67431
8 -8 9 -9 -65903
-12 1 -17 2 -71119
-23 7 -20 0 -70375
-5 -19 -6 -24 -65225
-4 -7 7 20 -90977
20 13 20 11 -60675
24 -6 21 -24 -70307
-23 19 -24 20 -30161
-20 -23 -15 -19 -66795
8 22 14 24 -60255
22 0 19 -2 -71277
12 -7 11 -3 -63037
-1 -6 0 -8 -75075
-1 23 -8 20 -63103
-4 -16 -3 -17 -66727
24 16 19 22 -68143
9 19 4 23 -69143
6 6 5 9 -70051
21 -17 22 -15 -58201
1 -22 0 -22 -59101
-12 20 -7 23 -63469
-7 6 -9 4 -68739
-21 -16 -20 -13 -67321
-23 11 -22 0 -77201
-24 -13 -22 -14 -46931
7 9 6 8 -66283
22 -4 24 2 -59043
-5 -4 -8 -5 -73029
-21 24 -19 14 -70837
16 24 19 23 -47845
-16 16 -12 22 -70513
2 -17 -2 -12 -73381
10 4 8 2 -68067
10 24 19 22 -54757
-20 -15 -22 -10 -65503
-11 23 -12 23 -62845
-15 -14 -16 -11 -74181
7 -1 7 -3 -65121
-18 -12 -15 -11 -67173
-10 20 -9 23 -56971
-9 -18 -11 -23 -63707
12 -19 13 -18 -70467
9 -15 8 -14 -65107
-1 -21 -2 -21 -63033
15 16 -22 22 -71997
11 -1 11 3 -64093
-19 -10 -24 -24 -66547
-17 11 -16 7 -75595
-4 24 -5 22 -45717
-7 19 -6 13 -70237
-7 -20 -5 -24 -58999
13 17 16 22 -66117
-19 -9 -19 -2 -74469
7 3 7 4 -69145
24 -23 19 -15 -64647
-8 -23 -5 -20 -66389
18 0 19 -3 -67583
4 -24 8 -21 -69857
13 -11 13 -10 -63191
-7 -23 -7 -24 -31987
-5 -5 -23 -10 -78451
8 19 6 19 -66883
-9 15 -5 13 -64603
16 23 17 17 -60601
-1 -1 -1 -2 -66837
-3 22 4 24 -63441
0 -5 -5 -3 -84453
22 5 24 5 -54439
5 0 7 -2 -71317
18 -23 19 -16 -73571
1 7 6 7 -61939
-11 -4 -11 -5 -73325
-22 -16 -20 -14 -68225
12 -10 11 -14 -70129
21 -8 21 -13 -69941
20 24 0 23 -61425
17 -22 10 -20 -61955
-18 -2 -20 -2 -68483
7 -13 10 -12 -67807
-6 -11 -6 -8 -62033
-10 -5 -13 -6 -70243
-11 -10 -13 -10 -68153
0 -5 24 -7 -71825
-12 13 -12 10 -67395
-18 2 -18 0 -63781
-10 24 -7 24 -57681
-4 13 -5 12 -60621
0 -3 -2 -3 -83249
8 -9 8 -6 -59609
0 13 2 13 -65505
5 8 7 12 -70675
23 -12 24 1 -67383
6 -7 4 -11 -76311
17 5 15 7 -69143
20 -8 23 24 -67173
-3 -13 -5 -12 -69261
-17 -24 -20 -24 -63795
0 21 -4 24 -68269
13 -19 11 -20 -66319
-8 -1 -9 -1 -70007
15 3 16 4 -73413
-23 -21 -24 -16 -58101
20 -10 21 -12 -71759
6 7 6 5 -72243
-9 5 -12 4 -67659
-21 11 -21 16 -56007
-12 -5 -13 -8 -72953
-19 8 -20 5 -73127
-7 -1 -6 -4 -71875
11 -14 15 -14 -65693
10 7 10 3 -67023
24 -11 23 -16 -59191
14 -15 14 -21 -59969
-23 -4 -21 -3 -57513
-21 23 -22 15 -69713
-23 6 -22 13 -76245
24 4 24 1 -45877
24 -15 24 -20 -51351
-4 -14 -5 -15 -63043
11 -23 13 -20 -54357
-21 -24 -23 -14 -65547
-22 19 -16 24 -57799
-6 -10 -7 -10 -68443
24 16 20 15 -64383
8 13 11 17 -65343
6 -13 5 -10 -72303
-14 4 -14 2 -67817
4 10 6 0 -84859
0 20 -2 21 -69805
24 14 24 3 -60925
-8 16 -8 21 -68457
-19 -9 -24 -13 -66073
-17 15 -16 8 -74721
20 23 23 15 -60947
-22 -20 22 -24 -65033
22 -11 19 -14 -64449
-14 3 -15 1 -63981
-14 -14 -14 -13 -63629
19 -21 15 -19 -63165
-5 -5 -5 -4 -73765
9 8 11 9 -72451
-23 20 -23 16 -64299
1 -19 4 -21 -70891
15 -2 20 -2 -67879
24 -3 22 -2 -58579
-13 -18 -10 -24 -60437
0 -20 -1 -19 -70423
-3 2 -4 -3 -74893
-14 8 -12 9 -68761
-23 -8 -19 -11 -70405
17 6 17 9 -64105
-22 -23 -15 -23 -72003
21 -18 21 -24 -44805
21 7 19 8 -70935
20 19 18 16 -61445
-8 14 -10 11 -66937
-8 21 -10 18 -66327
-12 -21 -10 -20 -59375
9 10 10 15 -59795
-23 9 -23 6 -64201
-14 -13 -15 -11 -74657
18 24 24 23 -41671
-16 -5 -14 -5 -62327
19 -16 16 -20 -69765
7 -24 -5 -24 -65029
-8 19 -10 24 -62145
13 11 7 12 -78129
-8 20 -7 18 -66419
-20 -18 -18 -19 -64437
0 -24 -2 -22 -50735
2 8 2 10 -63287
23 -5 21 -4 -68329
5 1 4 0 -66175
0 -14 -2 -14 -67141
-8 -20 -9 -20 -68545
-19 15 -20 19 -69267
-15 8 -13 8 -68077
-10 8 -8 9 -70231
-24 9 -23 14 -57847
7 -12 7 -13 -64511
23 -3 19 -6 -65821
-13 -9 -13 -6 -70403
18 4 19 4 -69541
19 -21 15 -24 -56201
17 -13 18 -16 -60073
-2 15 -3 15 -71839
18 11 15 10 -68821
3 -5 3 -7 -65833
-4 6 -3 6 -60303
14 13 10 14 -71265
16 5 17 2 -65895
23 2 21 4 -65207
10 -14 8 -17 -65151
-14 23 -11 20 -71067
-23 21 -17 24 -49353
5 20 3 20 -62791
-12 17 -11 10 -70317
16 -6 16 -4 -62283
4 24 2 19 -60813
-24 8 -23 3 -61873
5 -16 6 -17 -72569
11 7 -2 -17 -93381
0 4 -1 3 -62049
1 19 1 18 -61285
10 -1 9 -1 -64291
-15 -1 -15 0 -63103
7 -6 8 -2 -63783
-22 -20 -24 -16 -58669
-13 -21 -18 -22 -66191
-24 -9 -24 24 -63619
16 10 14 10 -63771
17 -7 18 -10 -67375
-12 15 -13 16 -65239
23 10 -24 -12 -70079
-13 -21 -8 -22 -62687
-15 -10 -16 -8 -68251
20 10 20 7 -64027
-11 24 -14 11 -74671
-11 24 -5 24 -59971
-13 10 -11 13 -74725
-12 -5 -11 -7 -79411
5 -6 2 -18 -86683
-15 4 -11 2 -71589
24 20 -13 20 -62397
-24 19 -23 -16 -68139
0 1 0 2 -52847
-21 -13 -23 -6 -69707
9 0 10 -3 -65233
24 -23 19 -22 -43109
-18 20 -12 22 -60715
3 1 5 0 -68337
-24 -1 -22 -5 -52619
-15 14 -17 18 -67731
-22 1 5 1 -78105
15 4 18 4 -72043
-6 13 -6 16 -65099
22 -1 21 3 -66707
-8 -17 -10 -17 -69939
-19 -7 -18 -5 -70343
-16 -2 -15 -4 -62487
11 -17 13 -14 -67693
0 23 0 20 -59083
-5 -9 -4 -9 -67737
2 24 3 20 -54059
-16 22 -14 17 -69543
16 -11 15 -12 -67431
20 -15 22 -20 -67781
-24 0 -23 -17 -71705
-4 3 -5 1 -62237
-1 4 -1 5 -55757
0 17 0 15 -64259
12 19 13 18 -61771
-6 7 -7 7 -61457
9 -23 4 -22 -68537
-1 8 0 8 -62613
-16 9 -18 4 -74651
-22 13 -19 14 -68943
-8 -21 -8 -16 -71497
23 7 22 7 -56681
14 -10 16 -10 -64281
20 0 24 -3 -75647
20 14 19 21 -61357
-10 9 -8 7 -62649
-11 -16 -10 -15 -67833
13 6 12 10 -58673
-8 22 -7 21 -59955
-19 -24 -21 -21 -45899
-24 3 -20 6 -66717
-7 3 -7 2 -56633
6 14 6 11 -59903
1 -15 1 -13 -62781
-13 6 -14 11 -70493
2 23 8 23 -64481
-12 -1 -13 -3 -65571
12 -4 13 3 -70703
-24 -6 -22 0 -64053
-7 -10 -9 -11 -64575
21 15 20 12 -62627
11 19 11 17 -58305
-1 -11 -2 -8 -69583
-18 13 -15 15 -70701
-11 -11 -9 -14 -70629
14 -11 17 -7 -70165
-22 -20 -24 -11 -67437
18 -2 17 -5 -66873
-19 -8 -20 -11 -75685
-23 -7 -22 -4 -68085
4 15 6 19 -68715
7 16 11 16 -66957
24 -21 16 -23 -66807
6 19 8 24 -58443
-14 23 -10 22 -70329
-8 -13 -9 -16 -65455
18 10 20 11 -72099
23 3 22 10 -57663
15 14 13 8 -62245
-23 16 -19 13 -58625
23 -10 18 -9 -69145
11 -4 7 -6 -71177
-15 -23 -19 -20 -74369
0 13 0 12 -61009
21 -15 23 -15 -49293
-24 16 2 14 -74919
-17 -2 -15 0 -67861
16 19 19 17 -70685
-4 -19 -3 -16 -65175
-9 -23 -2 -24 -62259
9 -14 11 -17 -60817
11 6 15 8 -76563
-9 -10 -12 -13 -68667
-4 19 -4 24 -61437
-8 -7 -6 -11 -69951
-18 -22 -17 -19 -50695
4 -17 6 -15 -68481
-11 16 -13 16 -64255
-12 -24 -17 -22 -58635
7 -24 5 -24 -66551
-19 11 -19 10 -67859
3 4 3 6 -68085
10 23 4 24 -62847
24 -3 23 -13 -63745
-9 -17 -10 -12 -73211
-17 12 -14 17 -74717
0 -19 0 -15 -62623
-24 -18 -17 -17 -65545
-22 24 -13 23 -46063
15 5 15 6 -61795
-3 11 -2 8 -63737
-20 13 -18 13 -65601
4 22 -24 24 -57953
-24 11 -18 9 -69299
1 -16 2 -14 -66531
-20 -8 -16 -9 -67571
2 -20 2 -19 -61031
21 4 22 5 -58821
11 21 11 23 -40675
-20 -1 -20 -3 -60291
-15 -15 -18 -16 -68139
19 17 14 18 -66733
7 -11 9 -8 -72289
-23 0 -23 -24 -66469
-8 -5 -11 -5 -73871
0 -23 -24 -24 -62001
-17 -24 -18 -23 -54519
-10 0 -10 -1 -61015
-14 5 -14 4 -66749
5 -24 15 -22 -59007
4 15 2 12 -68305
7 22 8 17 -62055
-21 19 -23 19 -39697
-15 4 -16 6 -70735
