-24 13 -22 16 -74314
15 -3 15 -2 -63850
-14 3 -13 1 -70664
15 0 14 2 -55604
5 -9 4 -9 -66252
-16 0 -15 -2 -68556
0 -24 2 -20 -60466
-6 -5 -6 -7 -64906
0 0 -2 -1 -70552
18 -23 22 -22 -63942
-9 -23 -5 -24 -60416
23 14 19 16 -68752
8 -12 7 -10 -71672
-23 6 -22 6 -63232
-13 -16 -16 -15 -63016
1 0 -1 -2 -73736
22 -4 22 0 -62894
14 -14 14 -10 -71412
-4 -19 -6 -20 -59454
-10 3 -10 4 -63934
17 -24 18 -21 -48364
14 4 11 4 -66080
-21 -12 -21 -14 -56518
8 8 7 9 -68874
7 -22 24 -22 -64824
0 -10 -1 -13 -68758
-2 0 -1 -2 -73376
12 -17 15 -20 -62626
12 10 11 10 -69328
23 11 24 12 -50602
1 -12 2 -12 -64974
21 -22 21 15 -73486
24 -8 24 -14 -54044
-21 0 -20 4 -74434
-22 1 -22 2 -59010
-24 7 -22 7 -58914
-19 0 -22 -3 -66418
17 -17 16 -17 -58928
21 11 24 16 -63892
4 16 4 21 -68492
-2 21 -5 24 -62072
10 -10 12 -11 -67902
23 24 23 0 -62966
0 24 1 24 -55258
18 21 17 23 -53658
5 -24 4 -24 -58074
-22 11 -23 8 -60682
-3 0 -2 -1 -71260
0 -7 1 -6 -66956
-24 -16 -23 -11 -55670
-11 -2 15 -4 -81738
-19 -23 -20 -16 -61812
5 -8 7 -8 -65546
-3 -14 -2 -10 -66296
15 -7 16 -8 -66372
18 9 18 12 -68884
-24 2 -19 0 -59074
6 -15 4 -15 -65554
-13 -13 -13 -9 -59222
18 -6 17 -5 -69668
-21 5 -22 -1 -72376
4 17 6 16 -63368
-16 24 -17 6 -76324
3 -2 1 -3 -71318
24 -13 18 -10 -70296
12 -1 8 -19 -89408
-6 -18 -8 -17 -67686
-3 14 -9 12 -71518
-24 -22 -3 3 -73314
-4 14 -5 15 -66558
0 -18 0 -20 -70344
-3 15 -3 16 -64256
14 23 14 19 -65988
2 -3 -1 -2 -68374
-10 16 -8 15 -68132
18 18 7 -8 -89390
-22 20 -22 17 -64266
6 -2 6 0 -58420
-5 4 24 24 -70416
-4 -5 -8 -3 -71028
23 -18 21 -19 -52880
14 -4 12 -2 -66234
8 11 9 6 -72690
19 5 18 3 -59248
-24 14 -23 16 -68784
-24 14 -21 15 -69740
19 -16 18 -24 -65312
-23 -10 -22 -6 -61776
-19 -18 -24 -20 -51686
6 4 8 2 -67082
23 -18 24 -13 -64226
21 12 19 13 -68850
-1 -10 0 -9 -66308
24 -8 22 8 -68384
5 9 3 10 -65054
21 -20 19 -19 -57806
17 21 20 23 -50320
-4 -2 -1 -3 -73390
24 7 22 17 -68648
-22 -9 -23 -3 -61630
9 -23 8 -19 -60156
1 11 2 10 -61074
14 -7 15 -5 -66930
-1 11 1 13 -70792
-1 -10 -23 -1 -83526
1 -24 5 -20 -66890
-8 8 -8 7 -61738
-11 14 -9 14 -66218
-16 22 -13 19 -71542
-12 -20 -11 -14 -67126
-4 -23 22 -24 -64304
23 8 22 14 -69992
0 9 4 10 -66788
3 -15 1 -15 -66644
5 -21 4 -19 -70408
0 -6 -1 -6 -69718
24 14 21 14 -58208
-15 -10 -13 -9 -63586
-19 -7 -20 -10 -62620
15 -2 12 -2 -57752
24 -24 -12 -24 -60498
-20 15 -17 20 -73666
-10 0 -9 2 -69354
14 18 16 13 -61976
21 4 24 1 -57906
11 19 14 23 -73272
9 22 7 21 -66654
23 19 18 19 -63614
22 -8 21 -5 -67290
6 -22 -20 -24 -67892
-16 -11 -18 -12 -60640
2 -7 3 -9 -63240
10 4 9 4 -64240
-20 -11 -24 -10 -58160
8 -4 11 -2 -69222
10 7 13 7 -70958
-8 -1 -8 0 -64672
-4 10 -5 8 -75388
7 -19 10 -20 -65356
-15 11 -20 8 -68662
10 -18 8 -23 -64136
11 22 15 23 -54750
1 21 -2 19 -68202
-14 -16 -14 -20 -57806
0 -5 -4 -6 -74534
20 -16 18 -18 -67040
15 19 -24 12 -69292
5 -24 5 -21 -46954
-14 -18 -12 -18 -59754
19 0 23 0 -67866
-24 3 -23 2 -49508
9 24 8 23 -52762
-17 16 -13 15 -65558
-9 -8 -10 -9 -68800
-1 -16 -1 -18 -68516
2 3 0 3 -63206
17 1 16 0 -59198
-8 0 -12 0 -71734
-5 5 -6 6 -66250
0 6 1 8 -74106
21 -8 22 -10 -69814
8 -8 9 -9 -63572
0 4 0 3 -65326
18 23 17 21 -47600
10 -10 12 -8 -70882
-13 20 -13 24 -47704
20 13 20 11 -64306
24 -6 21 -24 -66060
-23 19 -24 20 -31406
-20 -23 -15 -19 -70564
8 22 14 24 -60380
22 0 19 -2 -69540
12 -7 11 -3 -69894
-1 -6 0 -8 -67082
-1 23 -8 20 -61860
-4 -16 -3 -17 -68610
24 16 19 22 -69826
9 19 4 23 -66530
6 6 5 9 -75982
21 -17 22 -15 -67506
1 -22 0 -22 -59236
-12 20 -7 23 -66812
-7 6 -9 4 -69566
-21 -16 -20 -13 -70290
-24 15 -20 15 -70734
-24 -13 -22 -14 -43712
7 9 6 8 -64402
22 -4 24 2 -58678
6 9 6 12 -66878
5 -12 5 -9 -64426
16 24 19 23 -51624
-16 16 -12 22 -65862
0 22 -1 22 -67748
10 4 8 2 -61166
10 24 19 22 -52810
-15 -18 -16 -24 -52780
-11 23 -12 23 -63722
-15 -14 -16 -11 -61836
7 -1 7 -3 -63916
15 4 14 8 -74356
-10 20 -9 23 -62806
-9 -18 -11 -23 -57146
13 -18 11 -17 -70422
9 -15 8 -14 -72750
-1 -21 -2 -21 -56674
22 14 -22 21 -64322
11 -1 11 3 -52150
-19 -10 -24 -24 -70366
-17 11 -16 7 -69326
-4 24 -5 22 -59352
-7 19 -6 13 -70604
-7 -20 -5 -24 -52556
13 17 16 22 -71698
16 -22 19 -19 -68546
7 3 7 4 -60962
24 -23 19 -15 -64832
-8 -23 -5 -20 -57476
18 0 19 -3 -66594
4 -24 8 -21 -63248
13 -11 13 -10 -66742
-7 -23 -7 -24 -25764
5 -3 2 -5 -72226
-1 10 -2 7 -78670
1 -4 7 -6 -75788
16 23 17 17 -71456
-1 -1 -1 -2 -62650
-3 22 4 24 -64048
-4 -15 -3 -19 -73514
22 5 24 5 -50922
-12 -20 -10 -24 -47472
-1 -15 0 -16 -67694
20 -2 19 -7 -75802
-11 -4 -11 -5 -53882
-22 -16 -20 -14 -70066
12 -10 11 -14 -75776
21 -8 21 -13 -68574
-18 -1 -8 -6 -89210
17 -22 10 -20 -59974
-18 -2 -20 -2 -57692
7 -13 10 -12 -68624
-6 -11 -6 -8 -59792
-10 -5 -13 -6 -77560
-11 -10 -13 -10 -74966
1 -23 -2 -20 -69984
-12 13 -12 10 -61620
-18 2 -18 0 -66118
-10 24 -7 24 -59672
-4 13 -5 12 -68986
10 17 12 18 -63200
8 -9 8 -6 -61242
0 13 2 13 -59718
21 -14 22 -21 -73876
23 -12 24 1 -69560
-23 15 -22 8 -65704
17 5 15 7 -70344
20 -8 23 24 -70836
-3 -13 -5 -12 -63654
-17 -24 -20 -24 -59838
0 21 -4 24 -68042
13 -19 11 -20 -68206
-8 -1 -9 -1 -65080
-18 0 -13 -2 -74930
-23 -21 -24 -16 -57778
20 -10 21 -12 -73122
6 7 6 5 -67592
-1 -13 -2 -13 -61464
-21 11 -21 16 -68592
-12 -5 -13 -8 -64960
-19 8 -20 5 -66928
-7 -1 -6 -4 -64854
11 -14 15 -14 -71440
10 7 10 3 -64768
24 -11 23 -16 -57490
14 -15 14 -21 -60294
-23 -4 -21 -3 -54682
-21 23 -22 15 -66116
-23 -1 23 1 -69644
24 4 24 1 -41880
24 -15 24 -20 -58348
-4 -14 -5 -15 -62418
11 -23 13 -20 -57694
-21 -24 -23 -14 -65464
-22 19 -16 24 -59756
-6 -10 -7 -10 -64774
24 16 20 15 -62612
8 13 11 17 -67260
2 16 -3 4 -91386
-14 4 -14 2 -72556
-12 -4 -11 -4 -75184
0 20 -2 21 -70426
24 14 24 3 -63486
-8 16 -8 21 -67894
-19 -9 -24 -13 -61548
1 4 3 -1 -78090
20 23 23 15 -64238
12 -16 9 -16 -73826
22 -11 19 -14 -64934
-14 3 -15 1 -70802
-14 -14 -14 -13 -57438
-3 24 -4 22 -59606
-5 -5 -5 -4 -70776
9 8 11 9 -67152
-23 20 -23 16 -64154
1 -19 4 -21 -70094
15 -2 20 -2 -62718
24 -3 22 -2 -50408
1 -18 0 -24 -70238
0 2 -5 5 -72394
-23 -21 18 -24 -65822
-14 8 -12 9 -64866
-23 -8 -19 -11 -65854
17 6 17 9 -70234
-22 -23 -15 -23 -68162
21 -18 21 -24 -47984
21 7 19 8 -67936
20 19 18 16 -61722
-8 14 -10 11 -72640
-8 21 -10 18 -67912
-12 -21 -10 -20 -58102
9 10 10 15 -66500
-23 9 -23 6 -53990
-18 4 -16 4 -57130
18 24 24 23 -43742
-16 -5 -14 -5 -67442
-7 11 -6 9 -63344
7 -24 -5 -24 -64426
-8 19 -10 24 -67764
-12 -20 -14 -17 -63932
-8 20 -7 18 -68864
-20 -18 -18 -19 -61152
0 -24 -2 -22 -57970
2 8 2 10 -69234
23 -5 21 -4 -62256
8 -21 8 -19 -63924
-19 7 -20 9 -69086
-8 -20 -9 -20 -67174
-19 15 -20 19 -66348
-15 8 -13 8 -62508
-10 8 -8 9 -69928
-24 9 -23 14 -61862
7 -12 7 -13 -73364
23 -3 19 -6 -66650
-13 -9 -13 -6 -59012
18 4 19 4 -64918
19 -21 15 -24 -58800
17 -13 18 -16 -60642
-2 15 -3 15 -59754
18 11 15 10 -62722
3 -5 3 -7 -64880
-4 6 -3 6 -63128
14 13 10 14 -69400
10 13 3 12 -74420
0 -5 0 -3 -60682
10 -14 8 -17 -72080
-14 23 -11 20 -74074
-23 21 -17 24 -53596
5 20 3 20 -57854
-12 17 -11 10 -68512
16 -6 16 -4 -69098
4 24 2 19 -63914
-24 8 -23 3 -53778
5 -16 6 -17 -73178
-13 -10 -11 -11 -71714
0 4 -1 3 -63588
1 19 1 18 -60892
10 -1 9 -1 -62146
7 -7 9 -3 -77516
7 -6 8 -2 -75176
-22 -20 -24 -16 -57574
-13 -21 -18 -22 -65834
-24 -9 -24 24 -61766
16 10 14 10 -60074
17 -7 18 -10 -70904
-12 15 -13 16 -65954
23 10 -24 -12 -69790
-13 -21 -8 -22 -61986
-15 -10 -16 -8 -60422
20 10 20 7 -67262
7 15 5 15 -69136
-11 24 -5 24 -61266
2 12 4 16 -64562
13 10 13 16 -62998
5 5 4 5 -63542
6 -14 7 -17 -74926
24 20 -13 20 -62528
-24 19 -23 -16 -67990
0 1 0 2 -61598
-21 -13 -23 -6 -63188
9 0 10 -3 -62062
24 -23 19 -22 -43706
-18 20 -12 22 -58800
3 1 5 0 -63544
-24 -1 -22 -5 -49188
-15 14 -17 18 -67408
-7 -20 14 0 -86032
15 4 18 4 -65754
-6 13 -6 16 -66580
22 -1 21 3 -59194
-8 -17 -10 -17 -69036
-19 -7 -18 -5 -60948
-16 -2 -15 -4 -65934
11 -17 13 -14 -70800
0 23 0 20 -64510
-5 -9 -4 -9 -63268
2 24 3 20 -56242
-16 22 -14 17 -71598
16 -11 15 -12 -67624
20 -15 22 -20 -72308
-24 0 -23 -17 -68534
-4 3 -5 1 -63662
-1 4 -1 5 -63178
0 17 0 15 -60520
12 19 13 18 -56332
-6 7 -7 7 -63686
9 -23 4 -22 -65810
-1 8 0 8 -59586
-16 9 -18 4 -73958
-8 10 -7 12 -72872
-8 -21 -8 -16 -61346
23 7 22 7 -53226
14 -10 16 -10 -66364
18 -12 15 -11 -68564
20 14 19 21 -61544
-10 9 -8 7 -62908
-11 -16 -10 -15 -67524
13 6 12 10 -67910
-8 22 -7 21 -63718
-19 -24 -21 -21 -43046
-24 3 -20 6 -61550
-7 3 -7 2 -62078
6 14 6 11 -61544
1 -15 1 -13 -67846
-13 6 -14 11 -67590
2 23 8 23 -58290
-12 -1 -13 -3 -63544
9 -12 8 -15 -76740
-24 -6 -22 0 -59974
-7 -10 -9 -11 -67456
21 15 20 12 -63068
11 19 11 17 -55510
-1 -11 -2 -8 -61284
-18 13 -15 15 -68804
-11 -11 -9 -14 -63896
14 -11 17 -7 -69438
-22 -20 -24 -11 -66076
18 -2 17 -5 -73504
22 -23 22 -24 -19878
-23 -7 -22 -4 -62800
4 15 6 19 -67564
7 16 11 16 -68480
24 -21 16 -23 -68014
6 19 8 24 -62832
-14 23 -10 22 -70028
-8 -13 -9 -16 -65278
18 10 20 11 -62530
23 3 22 10 -58212
15 14 13 8 -70492
-23 16 -19 13 -65340
23 -10 18 -9 -69170
-24 19 -24 11 -62986
-12 0 -10 1 -71496
0 13 0 12 -59690
21 -15 23 -15 -50578
4 -15 4 -11 -75122
-17 -2 -15 0 -64690
16 19 19 17 -71026
-4 -19 -3 -16 -66668
-9 -23 -2 -24 -62438
9 -14 11 -17 -72748
-20 6 -19 5 -62256
-9 -10 -12 -13 -72308
-4 19 -4 24 -67882
-8 -7 -6 -11 -66030
-18 -22 -17 -19 -59518
4 -17 6 -15 -67260
-11 16 -13 16 -65050
-12 -24 -17 -22 -54768
7 -24 5 -24 -60280
-19 11 -19 10 -62780
-4 -1 -5 -8 -82096
10 23 4 24 -59084
24 -3 23 -13 -63996
-9 -17 -10 -12 -65160
-17 12 -14 17 -71014
-24 16 -19 17 -73420
-24 -18 -17 -17 -65790
-22 24 -13 23 -44950
15 5 15 6 -63974
-3 11 -2 8 -67328
-20 13 -18 13 -63710
4 22 -24 24 -53724
-24 11 -18 9 -70438
1 -16 2 -14 -68138
-20 -8 -16 -9 -65226
2 -20 2 -19 -70162
21 4 22 5 -55550
11 21 11 23 -52198
-20 -1 -20 -3 -57224
-15 -15 -18 -16 -64696
19 17 14 18 -67018
-9 6 -8 8 -71316
-23 0 -23 -24 -67994
-3 17 0 13 -71526
0 -23 -24 -24 -62918
-17 -24 -18 -23 -47108
-10 0 -10 -1 -63796
-14 5 -14 4 -67402
5 -24 15 -22 -63624
4 0 2 4 -78234
7 22 8 17 -62296
-21 19 -23 19 -53458
-15 4 -16 6 -64694
