-24 13 -22 16 -74924
15 -3 15 -2 -70468
-14 3 -13 1 -70468
15 0 14 2 -65162
5 -9 4 -9 -67070
-16 0 -15 -2 -68618
0 -24 2 -20 -60386
-6 -5 -6 -7 -59100
0 0 -2 -1 -67820
18 -23 22 -22 -63634
-9 -23 -5 -24 -62232
23 14 19 16 -67460
8 -12 7 -10 -70076
-23 6 -22 6 -63142
-13 -16 -16 -15 -61688
1 0 -1 -2 -72582
22 -4 22 0 -62368
14 -14 14 -10 -68460
-4 -19 -6 -20 -60404
-10 3 -10 4 -66748
17 -24 18 -21 -48364
14 4 11 4 -71178
-21 -12 -21 -14 -56646
8 8 7 9 -66944
7 -22 24 -22 -63992
0 -10 -1 -13 -67472
-2 0 -1 -2 -73796
12 -17 15 -20 -64624
12 10 11 10 -70726
23 11 24 12 -51386
1 -12 2 -12 -63938
21 -22 21 15 -74382
24 -8 24 -14 -53798
-21 0 -20 4 -75670
-22 1 -22 2 -59460
-24 7 -22 7 -58342
-19 0 -22 -3 -69856
17 -17 16 -17 -58588
21 11 24 16 -64364
4 16 4 21 -69834
-2 21 -5 24 -63080
10 -10 12 -11 -64006
23 24 23 0 -63704
0 24 1 24 -55646
18 21 17 23 -54102
5 -24 4 -24 -58878
-22 11 -23 8 -61104
-3 0 -2 -1 -71138
0 -7 1 -6 -62522
-24 -16 -23 -11 -54640
-6 -2 -7 22 -81510
-19 -23 -20 -16 -61818
5 -8 7 -8 -67288
-3 -14 -2 -10 -64332
15 -7 16 -8 -64604
18 9 18 12 -67804
-24 2 -19 0 -59414
6 -15 4 -15 -70610
-13 -13 -13 -9 -58510
18 -6 17 -5 -66708
-21 5 -22 -1 -73632
4 17 6 16 -62570
-15 13 -6 10 -84032
3 -2 1 -3 -71132
24 -13 18 -10 -69306
6 7 4 8 -70640
-6 -18 -8 -17 -68202
-3 14 -9 12 -75458
-24 -22 -3 3 -75266
-4 14 -5 15 -64276
0 -18 0 -20 -69352
-3 15 -3 16 -64284
14 23 14 19 -66458
2 -3 -1 -2 -66304
-10 16 -8 15 -73558
18 21 7 22 -71470
-22 20 -22 17 -64096
6 -2 6 0 -60292
-5 4 24 24 -69210
-4 -5 -8 -3 -68916
23 -18 21 -19 -52664
14 -4 12 -2 -72062
8 11 9 6 -67582
19 5 18 3 -59294
-24 14 -23 16 -68986
-24 14 -21 15 -71064
19 -16 18 -24 -65814
-23 -10 -22 -6 -60656
-19 -18 -24 -20 -52486
6 4 8 2 -62702
23 -18 24 -13 -63586
21 12 19 13 -67594
-1 -10 0 -9 -64070
24 -8 22 8 -69418
5 9 3 10 -67614
21 -20 19 -19 -57350
17 21 20 23 -50080
-4 -2 -1 -3 -70720
24 7 22 17 -68154
-22 -9 -23 -3 -62040
9 -23 8 -19 -60370
1 11 2 10 -60596
14 -7 15 -5 -66632
-1 11 1 13 -76456
-2 3 -1 -1 -77202
1 -24 5 -20 -67270
-8 8 -8 7 -63190
-11 14 -9 14 -73978
-16 22 -13 19 -71284
-12 -20 -11 -14 -67024
-4 -23 22 -24 -62922
23 8 22 14 -69932
0 9 4 10 -67990
3 -15 1 -15 -66748
5 -21 4 -19 -70102
0 -6 -1 -6 -67156
24 14 21 14 -57930
-15 -10 -13 -9 -61654
-19 -7 -20 -10 -62506
15 -2 12 -2 -61006
24 -24 -12 -24 -61874
-20 15 -17 20 -72574
-10 0 -9 2 -72460
14 18 16 13 -63366
21 4 24 1 -58122
11 19 14 23 -75154
9 22 7 21 -67670
23 19 18 19 -63050
22 -8 21 -5 -63694
6 -22 -20 -24 -70962
-16 -11 -18 -12 -60412
2 -7 3 -9 -62398
10 4 9 4 -68318
-20 -11 -24 -10 -58824
8 -4 11 -2 -68048
10 7 13 7 -74438
-8 -1 -8 0 -65612
-4 10 -5 8 -68222
7 -19 10 -20 -64018
-15 11 -20 8 -69472
10 -18 8 -23 -63538
11 22 15 23 -62068
1 21 -2 19 -69920
-14 -16 -14 -20 -58130
0 -5 -4 -6 -71660
20 -16 18 -18 -66134
15 19 -24 12 -69424
5 -24 5 -21 -46648
-14 -18 -12 -18 -59324
-13 -21 7 -20 -82118
-24 3 -23 2 -50174
9 24 8 23 -54762
-17 16 -13 15 -67686
-9 -8 -10 -9 -66636
-1 -16 -1 -18 -67466
2 3 0 3 -62344
17 1 16 0 -61122
-8 0 -12 0 -68734
-5 5 -6 6 -64562
0 6 1 8 -64640
21 -8 22 -10 -69336
8 -8 9 -9 -64928
0 4 0 3 -65274
18 23 17 21 -46680
10 -10 12 -8 -68250
-13 20 -13 24 -48420
20 13 20 11 -64784
24 -6 21 -24 -66298
-23 19 -24 20 -32052
-20 -23 -15 -19 -70270
8 22 14 24 -66454
22 0 19 -2 -65190
12 -7 11 -3 -76046
-1 -6 0 -8 -64458
-1 23 -8 20 -68874
-4 -16 -3 -17 -68126
24 16 19 22 -69920
9 19 4 23 -67392
10 1 12 0 -70428
21 -17 22 -15 -67016
1 -22 0 -22 -59514
-12 20 -7 23 -73150
-7 6 -9 4 -73198
-21 -16 -20 -13 -69912
-24 15 -20 15 -72148
-24 -13 -22 -14 -44338
7 9 6 8 -60304
22 -4 24 2 -59466
6 9 6 12 -65288
5 -12 5 -9 -63618
16 24 19 23 -53186
-16 16 -12 22 -68424
0 22 -1 22 -68428
10 4 8 2 -67720
10 24 19 22 -62002
-15 -18 -16 -24 -53362
-11 23 -12 23 -64678
-15 -14 -16 -11 -60946
7 -1 7 -3 -67570
11 0 11 -8 -81756
-10 20 -9 23 -65946
-9 -18 -11 -23 -57748
13 -18 11 -17 -70890
3 22 1 0 -78618
-1 -21 -2 -21 -56616
22 14 -22 21 -63958
11 -1 11 3 -61156
-19 -10 -24 -24 -70204
-17 11 -16 7 -75664
-4 24 -5 22 -60476
-7 19 -6 13 -72004
-7 -20 -5 -24 -53140
13 17 16 22 -72122
16 -22 19 -19 -67908
7 3 7 4 -58236
24 -23 19 -15 -63574
-8 -23 -5 -20 -58494
18 0 19 -3 -72086
4 -24 8 -21 -63516
13 -11 13 -10 -64436
-7 -23 -7 -24 -26146
5 -3 2 -5 -71828
17 -23 11 24 -78848
1 -4 7 -6 -75714
16 23 17 17 -72058
-1 -1 -1 -2 -60142
-3 22 4 24 -65014
-4 -15 -3 -19 -72486
22 5 24 5 -50352
-12 -20 -10 -24 -47540
-1 -15 0 -16 -67134
17 3 17 7 -60482
-11 -4 -11 -5 -53262
-22 -16 -20 -14 -70124
12 -10 11 -14 -72620
21 -8 21 -13 -68442
-8 16 -14 -2 -91738
17 -22 10 -20 -60032
-18 -2 -20 -2 -57112
7 -13 10 -12 -67906
-6 -11 -6 -8 -58116
-16 7 -17 8 -72038
-11 -10 -13 -10 -68678
1 -23 -2 -20 -69718
-12 13 -12 10 -63688
-18 2 -18 0 -67456
-10 24 -7 24 -61820
-4 13 -5 12 -70990
10 17 12 18 -64820
8 -9 8 -6 -61172
0 13 2 13 -59962
21 -14 22 -21 -73400
23 -12 24 1 -66158
-23 15 -22 8 -64628
17 5 15 7 -66402
20 -8 23 24 -71442
-3 -13 -5 -12 -63126
-17 -24 -20 -24 -59990
0 21 -4 24 -68354
13 -19 11 -20 -67268
-8 -1 -9 -1 -64090
-18 0 -13 -2 -69402
-23 -21 -24 -16 -57996
20 -10 21 -12 -73038
6 7 6 5 -60934
-1 -13 -2 -13 -60390
-21 11 -21 16 -67214
-12 -5 -13 -8 -65466
-19 8 -20 5 -68128
-7 -1 -6 -4 -62514
11 -14 15 -14 -70892
10 7 10 3 -56424
24 -11 23 -16 -57384
14 -15 14 -21 -60620
-23 -4 -21 -3 -55168
-21 23 -22 15 -64724
-23 -1 23 1 -65658
24 4 24 1 -43050
24 -15 24 -20 -58256
-4 -14 -5 -15 -61296
11 -23 13 -20 -57466
-21 -24 -23 -14 -65366
-22 19 -16 24 -59906
-6 -10 -7 -10 -64392
24 16 20 15 -62566
8 13 11 17 -65860
-3 4 -14 -11 -90768
-14 4 -14 2 -74334
-12 -4 -11 -4 -62212
0 20 -2 21 -69400
24 14 24 3 -65408
-8 16 -8 21 -69684
-19 -9 -24 -13 -61616
1 4 3 -1 -72326
20 23 23 15 -65208
12 -16 9 -16 -72172
22 -11 19 -14 -64154
-14 3 -15 1 -71196
-14 -14 -14 -13 -57588
-3 24 -4 22 -60244
-5 -5 -5 -4 -60940
9 8 11 9 -66262
-23 20 -23 16 -63942
1 -19 4 -21 -70628
15 -2 20 -2 -60310
24 -3 22 -2 -46538
1 -18 0 -24 -69398
10 0 12 2 -69228
-23 -21 18 -24 -66122
-14 8 -12 9 -66374
-23 -8 -19 -11 -65304
17 6 17 9 -65200
-22 -23 -15 -23 -68200
21 -18 21 -24 -48388
21 7 19 8 -71528
20 19 18 16 -62088
-8 14 -10 11 -73950
-8 21 -10 18 -73976
-12 -21 -10 -20 -58412
9 10 10 15 -66422
-23 9 -23 6 -54640
-18 4 -16 4 -59020
18 24 24 23 -43398
-16 -5 -14 -5 -61326
-7 11 -6 9 -63848
7 -24 -5 -24 -64836
-8 19 -10 24 -67578
-12 -20 -14 -17 -63618
-8 20 -7 18 -69662
-20 -18 -18 -19 -60096
0 -24 -2 -22 -57378
2 8 2 10 -61100
23 -5 21 -4 -58310
8 -21 8 -19 -63810
-19 7 -20 9 -72906
-8 -20 -9 -20 -68842
-19 15 -20 19 -65642
-15 8 -13 8 -65470
-10 8 -8 9 -73000
-24 9 -23 14 -61280
7 -12 7 -13 -69976
23 -3 19 -6 -60810
-13 -9 -13 -6 -59160
18 4 19 4 -64444
19 -21 15 -24 -58580
17 -13 18 -16 -60322
-2 15 -3 15 -60458
18 11 15 10 -63484
3 -5 3 -7 -61466
-4 6 -3 6 -57842
14 13 10 14 -71276
-1 13 -2 12 -76280
0 -5 0 -3 -54526
10 -14 8 -17 -70210
-14 23 -11 20 -74236
-23 21 -17 24 -53710
5 20 3 20 -57110
-12 17 -11 10 -69094
16 -6 16 -4 -65468
4 24 2 19 -63842
-24 8 -23 3 -55314
5 -16 6 -17 -71898
-13 -10 -11 -11 -66534
0 4 -1 3 -60876
1 19 1 18 -61456
10 -1 9 -1 -66254
7 -7 9 -3 -74616
7 -6 8 -2 -75086
-22 -20 -24 -16 -58220
-13 -21 -18 -22 -64326
-24 -9 -24 24 -62770
16 10 14 10 -60434
17 -7 18 -10 -69308
-12 15 -13 16 -68054
23 10 -24 -12 -69004
-13 -21 -8 -22 -62872
-15 -10 -16 -8 -58218
20 10 20 7 -66372
7 15 5 15 -62376
-11 24 -5 24 -65122
2 12 4 16 -64644
13 10 13 16 -63722
5 5 4 5 -65800
5 -15 7 -16 -73828
24 20 -13 20 -63248
-24 19 -23 -16 -69368
0 1 0 2 -67570
-21 -13 -23 -6 -61770
9 0 10 -3 -70526
24 -23 19 -22 -43230
-18 20 -12 22 -60824
3 1 5 0 -60988
-24 -1 -22 -5 -50744
-15 14 -17 18 -66390
16 1 16 -2 -70700
15 4 18 4 -66558
-6 13 -6 16 -67970
22 -1 21 3 -62780
-8 -17 -10 -17 -69808
-19 -7 -18 -5 -64956
-16 -2 -15 -4 -65378
11 -17 13 -14 -68668
0 23 0 20 -64994
-5 -9 -4 -9 -62816
2 24 3 20 -55672
-16 22 -14 17 -70942
16 -11 15 -12 -67460
20 -15 22 -20 -71582
-24 0 -23 -17 -67604
-4 3 -5 1 -66514
-1 4 -1 5 -62796
0 17 0 15 -59146
12 19 13 18 -60956
-6 7 -7 7 -65220
9 -23 4 -22 -65988
-1 8 0 8 -58856
-16 9 -18 4 -75618
-8 10 -7 12 -72182
-8 -21 -8 -16 -60900
23 7 22 7 -54762
14 -10 16 -10 -65796
18 -12 15 -11 -68736
20 14 19 21 -62830
-10 9 -8 7 -66474
-11 -16 -10 -15 -67070
13 6 12 10 -60902
-8 22 -7 21 -64234
-19 -24 -21 -21 -43882
-24 3 -20 6 -61504
-7 3 -7 2 -65164
6 14 6 11 -62316
1 -15 1 -13 -64900
-13 6 -14 11 -73896
2 23 8 23 -58836
-12 -1 -13 -3 -64306
9 -12 8 -15 -73270
-24 -6 -22 0 -63658
-7 -10 -9 -11 -66852
21 15 20 12 -63094
11 19 11 17 -56112
-1 -11 -2 -8 -60204
-18 13 -15 15 -69534
-11 -11 -9 -14 -62696
14 -11 17 -7 -69924
-22 -20 -24 -11 -65760
18 -2 17 -5 -69202
22 -23 22 -24 -19468
-23 -7 -22 -4 -63528
4 15 6 19 -66246
7 16 11 16 -66336
24 -21 16 -23 -67344
6 19 8 24 -64074
-14 23 -10 22 -70894
-8 -13 -9 -16 -63732
18 10 20 11 -62420
23 3 22 10 -62376
15 14 13 8 -69774
-23 16 -19 13 -66140
23 -10 18 -9 -68110
-24 19 -24 11 -62766
-12 0 -10 1 -70066
0 13 0 12 -60206
21 -15 23 -15 -49462
4 -15 4 -11 -71832
-17 -2 -15 0 -66088
16 19 19 17 -71648
-4 -19 -3 -16 -66008
-9 -23 -2 -24 -64940
9 -14 11 -17 -62498
-20 6 -19 5 -67718
-9 -10 -12 -13 -70566
-4 19 -4 24 -68110
-8 -7 -6 -11 -64198
-18 -22 -17 -19 -59962
4 -17 6 -15 -66588
-11 16 -13 16 -70018
-12 -24 -17 -22 -54098
7 -24 5 -24 -60474
-19 11 -19 10 -62658
-12 15 -1 22 -85712
10 23 4 24 -60604
24 -3 23 -13 -61146
-9 -17 -10 -12 -63616
-17 12 -14 17 -69950
-24 16 -19 17 -74532
-24 -18 -17 -17 -65734
-22 24 -13 23 -45938
21 5 20 6 -66978
-3 11 -2 8 -62556
-20 13 -18 13 -65258
4 22 -24 24 -55700
-24 11 -18 9 -70928
1 -16 2 -14 -63904
-20 -8 -16 -9 -63112
2 -20 2 -19 -68666
21 4 22 5 -54066
11 21 11 23 -52858
-20 -1 -20 -3 -64754
-15 -15 -18 -16 -64668
19 17 14 18 -68482
-9 6 -8 8 -74780
-23 0 -23 -24 -66352
14 -4 0 13 -91636
0 -23 -24 -24 -62702
-17 -24 -18 -23 -47598
-10 0 -10 -1 -64992
-14 5 -14 4 -69846
5 -24 15 -22 -62894
-18 0 -19 -6 -73472
7 22 8 17 -64240
-21 19 -23 19 -53984
-15 4 -16 6 -70490
