8 -20 7 -23 -73211
15 -3 15 -2 -58553
17 20 16 20 -57457
15 0 14 2 -59069
5 -9 4 -9 -62497
-16 0 -15 -2 -62771
0 -24 2 -20 -62043
-6 -5 -6 -7 -54855
-16 -17 -17 -24 -71411
18 -23 22 -22 -63279
-9 -23 -5 -24 -58077
13 24 8 24 -58333
-18 -1 -20 -3 -63637
-23 6 -22 6 -62993
-8 -20 -7 -22 -60975
13 18 15 15 -61877
22 -4 22 0 -54633
-23 4 -24 5 -56019
-4 -19 -6 -20 -56327
-10 3 -10 4 -68725
17 -24 18 -21 -51665
-11 -5 -12 -6 -70641
-21 -12 -21 -14 -57213
8 8 7 9 -61409
18 -6 14 -9 -63911
-19 -10 -18 -13 -65819
20 -19 19 -20 -64847
24 4 24 7 -45743
12 10 11 10 -62041
23 11 24 12 -51835
1 -12 2 -12 -60053
24 12 22 17 -62565
24 -8 24 -14 -56903
-18 21 -18 20 -55341
-22 1 -22 2 -54835
-24 7 -22 7 -57029
3 6 3 4 -66461
17 -17 16 -17 -60985
4 -21 5 -22 -67233
9 -14 8 -12 -77201
7 -10 10 -14 -85025
10 -10 12 -11 -69831
23 24 23 0 -56787
0 24 1 24 -56997
18 21 17 23 -54375
5 -24 4 -24 -66373
-22 11 -23 8 -57813
23 -2 23 -24 -66491
0 -7 1 -6 -63077
-24 -16 -23 -11 -50085
-6 15 -3 19 -68837
-9 -24 -10 -24 -53735
19 10 24 9 -68635
16 -18 20 -20 -63421
15 -7 16 -8 -65353
23 18 24 17 -52349
-24 2 -19 0 -64661
12 19 13 19 -61357
-13 -13 -13 -9 -63625
18 -6 17 -5 -65807
-21 -9 -24 -8 -56713
4 17 6 16 -68843
-13 -8 -12 -5 -68723
3 -2 1 -3 -60453
24 -13 18 -10 -66705
-10 -6 -9 -7 -60809
24 -9 23 -7 -49035
-24 -16 -24 -20 -53969
4 -14 6 -12 -72191
-4 14 -5 15 -59189
-24 24 -22 21 -37681
-3 15 -3 16 -63665
14 23 14 19 -68811
16 4 15 5 -62441
-10 16 -8 15 -59657
-19 -9 -19 -10 -56813
0 23 4 22 -66987
6 -2 6 0 -63199
-6 1 -6 -1 -63661
-3 16 -4 21 -65819
23 -18 21 -19 -56845
-12 -8 -14 -5 -67433
24 22 3 24 -57987
19 5 18 3 -56233
-24 14 -23 16 -57941
-24 14 -21 15 -58341
19 -16 18 -24 -67693
-23 -10 -22 -6 -50573
-19 -18 -24 -20 -59013
-12 10 -13 11 -59687
23 -18 24 -13 -62377
-5 16 -8 15 -61527
-1 -10 0 -9 -67055
14 5 13 5 -63849
14 9 13 10 -62185
21 -20 19 -19 -58351
17 21 20 23 -57909
6 3 0 17 -89039
4 15 0 13 -67193
-22 -9 -23 -3 -52897
1 1 -1 -1 -72551
-12 15 -11 17 -68561
14 12 19 9 -62707
-19 11 -16 10 -63329
17 -20 13 -16 -68353
1 -24 5 -20 -68523
-8 8 -8 7 -63129
0 5 2 4 -65629
-23 0 -23 -2 -47203
-2 11 0 12 -61921
-4 -23 22 -24 -66579
23 8 22 14 -59327
8 -8 5 -12 -73699
-1 -22 -3 -19 -66273
11 -22 10 -20 -70049
0 -6 -1 -6 -64763
24 14 21 14 -61701
-15 -10 -13 -9 -59027
20 -6 20 -5 -70093
-3 -24 -2 -19 -64713
24 -24 -12 -24 -59917
-20 18 -17 23 -64753
13 -10 14 -13 -71671
8 -18 9 -19 -68651
13 -17 11 -14 -72707
-14 17 -17 19 -59209
9 22 7 21 -71717
23 19 18 19 -56099
22 -8 21 -5 -68093
6 -22 -20 -24 -63843
-16 -11 -18 -12 -56189
2 -7 3 -9 -65733
10 19 11 15 -63069
-20 -11 -24 -10 -64553
-1 7 -2 8 -69813
-1 -12 -1 -10 -71531
-21 13 -20 14 -70783
-4 10 -5 8 -68535
-12 24 21 24 -57361
24 -3 23 -7 -57219
-17 17 -15 19 -66191
0 -6 -24 -15 -72971
-9 -14 -9 -16 -59177
-14 -16 -14 -20 -68337
1 0 1 -1 -69797
6 -15 5 -18 -59197
2 -4 2 -3 -56211
5 -24 5 -21 -51871
-14 -18 -12 -18 -57105
8 -16 6 -16 -77525
-24 3 -23 2 -55715
9 24 8 23 -57689
-6 21 2 24 -67541
3 -3 5 -24 -69187
-1 -16 -1 -18 -61565
2 3 0 3 -59629
17 1 16 0 -55469
-18 1 -18 0 -63335
0 5 1 2 -67619
-14 -24 -8 -22 -61269
-11 10 -13 7 -59947
8 -8 9 -9 -66899
-21 17 -22 19 -68445
18 23 17 21 -54175
-7 17 -7 20 -61415
-13 20 -13 24 -59211
20 13 20 11 -61055
24 -6 21 -24 -74931
-23 19 -24 20 -50103
15 -13 13 -15 -65505
8 22 14 24 -66505
22 0 19 -2 -56639
12 -7 11 -3 -61035
21 19 22 17 -60767
0 6 0 9 -68877
-4 -16 -3 -17 -68213
-13 -21 -11 -22 -57545
1 23 2 24 -53139
-13 21 -13 24 -52895
21 -17 22 -15 -64425
1 -22 0 -22 -58131
-11 7 -11 6 -63729
4 -6 2 -9 -69801
-10 -3 -10 -4 -63599
3 13 2 14 -65137
-24 -13 -22 -14 -50287
1 -5 -2 -2 -65453
22 -4 24 2 -52805
6 9 6 12 -61901
-22 -18 -23 14 -65701
16 24 19 23 -53413
6 15 9 16 -65941
0 22 -1 22 -61951
-23 1 24 -12 -70825
-6 -11 -5 -14 -73963
-15 -18 -16 -24 -68135
-11 23 -12 23 -50831
-15 -14 -16 -11 -68325
7 -1 7 -3 -57531
7 -5 10 -5 -59597
-10 20 -9 23 -56763
-9 -18 -11 -23 -71331
-3 -3 0 -4 -69179
-11 2 -11 0 -65837
-1 -21 -2 -21 -55439
23 -5 22 -9 -67215
-15 2 -14 2 -59297
23 -12 0 -15 -77403
-20 -8 -18 -8 -60989
-4 24 -5 22 -57215
24 -6 21 -9 -58487
-24 4 0 5 -74609
10 11 7 12 -64961
8 -18 3 -19 -82411
7 3 7 4 -62285
24 -23 19 -15 -57047
-8 -23 -5 -20 -67113
18 0 19 -3 -65503
-7 -4 -7 -3 -57605
13 -11 13 -10 -64183
-7 -23 -7 -24 -39709
23 -18 22 -22 -56873
-15 13 -14 14 -64147
11 -21 13 -22 -64533
16 23 17 17 -67891
-1 -1 -1 -2 -64313
-3 22 -5 24 -52997
22 7 24 7 -61155
22 5 24 5 -61311
-12 -20 -10 -24 -57493
-1 -15 0 -16 -61751
17 3 17 7 -58837
-8 22 -10 21 -57495
-22 -16 -20 -14 -63601
3 9 0 11 -71905
21 -8 21 -13 -60683
-6 0 -4 0 -59245
17 -22 10 -20 -64761
-18 -2 -20 -2 -67369
-7 8 -5 -23 -79111
-6 -11 -6 -8 -60423
-16 7 -17 8 -63541
-20 10 -18 13 -69905
-4 2 -2 3 -64107
-12 13 -12 10 -58681
-4 -13 -4 -12 -68807
-10 24 -7 24 -60053
-4 13 -5 12 -65323
10 17 12 18 -65159
8 -9 8 -6 -59999
0 13 2 13 -63307
-3 -23 -3 -24 -42047
-10 -1 -10 0 -61473
-15 -1 -22 0 -75833
9 0 7 0 -58595
0 23 -2 21 -66279
13 23 -18 21 -66141
-17 -24 -20 -24 -58367
0 21 -4 24 -60605
13 -19 11 -20 -59139
7 6 9 5 -62873
-14 19 -13 19 -62037
-23 -21 -24 -16 -64613
-18 -18 -18 -13 -61279
6 7 6 5 -63553
-1 -13 -2 -13 -61459
-21 11 -21 16 -62035
1 24 7 23 -72525
-19 8 -20 5 -61023
-4 -2 -2 0 -65311
11 -14 15 -14 -66047
10 7 10 3 -61585
24 -11 23 -16 -61667
14 -15 14 -21 -61187
-23 -4 -21 -3 -51053
-21 23 -22 15 -71553
-23 13 -21 10 -54365
24 4 24 1 -40193
24 -15 24 -20 -51999
-4 -14 -5 -15 -61931
11 -23 13 -20 -65301
-21 -24 -23 -14 -67203
4 -2 5 -1 -59125
-6 -10 -7 -10 -62865
24 16 20 15 -60579
-11 6 -10 3 -70693
13 -17 13 -10 -69549
-17 0 -16 2 -71367
-12 -4 -11 -4 -66071
14 -6 11 -3 -67045
24 14 24 3 -58813
23 9 22 7 -60201
-19 -9 -24 -13 -60621
10 -9 12 -5 -61633
20 23 23 15 -64027
-8 -21 -9 -22 -66939
22 -11 19 -14 -67015
5 -7 4 -12 -75763
-14 -14 -14 -13 -60369
-3 24 -4 22 -59653
9 19 10 19 -66693
9 8 11 9 -61993
-23 20 -23 16 -66955
1 -19 4 -21 -65991
3 21 3 23 -66959
24 -3 22 -2 -48671
14 6 12 5 -64211
10 0 12 2 -63053
-23 -21 18 -24 -63411
-13 -13 -5 -10 -75069
6 9 7 11 -61525
17 6 17 9 -57507
-22 -23 -15 -23 -65711
21 -18 21 -24 -53925
10 -10 10 -11 -65837
20 19 18 16 -59691
-22 11 19 12 -69925
14 19 16 19 -56613
-12 -21 -10 -20 -66125
-11 -10 -15 -10 -65071
-23 9 -23 6 -50541
-18 4 -16 4 -63369
18 24 24 23 -39707
-16 -5 -14 -5 -61299
-7 11 -6 9 -58721
7 -24 -5 -24 -66955
-8 19 -10 24 -64999
9 5 10 -2 -66837
-24 -19 -21 -17 -51443
-20 -18 -18 -19 -60831
0 -24 -2 -22 -54841
2 8 2 10 -62063
23 -5 21 -4 -58995
8 -21 8 -19 -64085
-6 -3 -11 -5 -72105
12 -24 6 -20 -74001
-19 15 -20 19 -62831
21 3 23 0 -56995
-10 8 -8 9 -59639
-24 9 -23 14 -58073
7 24 7 21 -56697
-24 14 23 20 -61839
-13 -9 -13 -6 -62557
18 4 19 4 -57413
19 -21 15 -24 -55395
17 -13 18 -16 -59045
-2 15 -3 15 -55881
-20 22 -19 21 -58369
-1 -7 -24 0 -83095
-4 6 -3 6 -62781
4 -12 4 -13 -64449
21 -6 16 -7 -62627
17 2 18 1 -61905
-4 7 -4 10 -68155
-14 23 -11 20 -62851
-23 21 -17 24 -55863
5 20 3 20 -69111
-12 17 -11 10 -67321
16 -6 16 -4 -65581
-5 -15 -5 -18 -64665
-24 8 -23 3 -56297
5 -16 6 -17 -70035
-19 -7 -19 -4 -53101
0 4 -1 3 -58843
1 19 1 18 -59701
12 -24 12 -21 -62487
-12 19 -12 17 -55251
-2 1 -2 0 -69125
-22 -20 -24 -16 -62805
-13 -21 -18 -22 -55569
-24 -9 -24 24 -59597
16 10 14 10 -57119
7 1 6 2 -61547
-12 15 -13 16 -61789
-18 -18 -15 -21 -69201
-20 4 -21 0 -67007
-15 -10 -16 -8 -66855
20 10 20 7 -59029
7 15 5 15 -66085
-11 24 -5 24 -62353
2 12 4 16 -62699
24 9 22 -15 -62041
5 5 4 5 -52769
5 -24 7 -23 -68895
-9 17 -10 14 -69909
18 -6 19 -4 -69459
0 1 0 2 -63837
-21 -13 -23 -6 -62339
10 -2 11 -1 -63083
24 -23 19 -22 -43727
-18 20 -12 22 -60837
0 12 0 11 -57943
-24 -1 -22 -5 -50387
-5 -17 -4 -19 -69657
16 1 16 -2 -60965
-15 5 -14 7 -63753
-6 13 -6 16 -63729
10 -6 13 -5 -62331
-15 1 -15 3 -66011
-8 -15 -7 -17 -67109
-16 -2 -15 -4 -63475
11 -17 13 -14 -59681
0 23 0 20 -67019
-5 -9 -4 -9 -61983
2 24 3 20 -68479
11 -22 11 -23 -62827
16 -11 15 -12 -63979
7 0 7 3 -65175
-4 -8 -2 -10 -68995
-4 3 -5 1 -67409
-1 4 -1 5 -61551
0 17 0 15 -58571
12 19 13 18 -64831
-6 7 -7 7 -57957
9 -23 4 -22 -80065
-1 8 0 8 -62647
9 7 8 5 -61855
-8 10 -7 12 -65947
17 23 18 24 -45493
22 11 23 15 -61761
14 -10 16 -10 -63751
-2 -13 -3 -14 -67521
20 14 19 21 -61275
-10 9 -8 7 -62581
-9 0 -11 0 -60353
8 21 9 19 -63511
-8 22 -7 21 -64467
-19 -24 -21 -21 -47319
-24 3 -20 6 -61767
-7 3 -7 2 -65603
21 15 23 13 -67851
1 -15 1 -13 -62145
-11 13 -10 14 -66681
2 23 8 23 -74071
-12 -1 -13 -3 -69091
-14 -24 -15 -22 -46367
-24 -6 -22 0 -51157
-7 -10 -9 -11 -66343
21 15 20 12 -64783
11 19 11 17 -61235
-1 -11 -2 -8 -70551
-18 13 -15 15 -68041
-11 -11 -9 -14 -71637
5 14 5 11 -58797
-22 -20 -24 -11 -67875
14 24 13 20 -62675
22 -23 22 -24 -22933
-13 -3 -13 -5 -65081
4 15 6 19 -61365
-22 20 -24 17 -55367
24 -21 16 -23 -68027
6 19 8 24 -68465
-24 22 -17 22 -59845
-12 2 -10 3 -60617
18 10 20 11 -60617
-15 -15 -14 -17 -64369
18 11 17 10 -56715
-23 16 -19 13 -60167
23 -10 18 -9 -65189
-24 19 -24 11 -58281
0 -5 1 -7 -60749
4 -9 1 -8 -65623
21 -15 23 -15 -52957
0 -18 2 -17 -64215
-17 -2 -15 0 -72213
8 -23 10 -21 -67415
-1 -12 0 -10 -73687
-9 -23 -2 -24 -59017
9 -14 11 -17 -74633
-20 6 -19 5 -65097
15 12 15 16 -49793
-8 -2 -7 -2 -63863
12 2 11 3 -61703
-18 -22 -17 -19 -63173
-13 -12 -10 -14 -71957
-11 16 -13 16 -63589
14 4 -24 -1 -75517
7 -24 5 -24 -72069
-19 11 -19 10 -55645
14 -2 -6 -23 -81781
10 23 4 24 -67209
-24 24 -23 18 -50551
-1 -3 -3 0 -71233
12 10 12 7 -51279
4 21 5 17 -67147
-24 -18 -17 -17 -66617
-22 24 -13 23 -54691
21 5 20 6 -62597
-10 -10 -11 -13 -63127
-20 13 -18 13 -61373
4 22 -24 24 -56659
6 -13 -3 8 -86939
9 -12 5 -12 -71161
22 -10 24 -15 -55335
2 -20 2 -19 -58587
21 4 22 5 -62581
11 21 11 23 -59089
24 4 19 3 -67921
-15 -15 -18 -16 -59757
-24 -5 -23 14 -66619
-12 -19 -12 -18 -63395
-23 0 -23 -24 -61057
17 -1 14 -1 -58445
0 -23 -24 -24 -60261
-17 -24 -18 -23 -52775
13 15 11 13 -57037
-14 5 -14 4 -67537
5 -24 15 -22 -69413
-7 20 -6 19 -63627
-6 -23 -5 -17 -69367
-21 19 -23 19 -53081
-15 4 -16 6 -65871
