-1 -2 -1 7 -176915
-1 -14 3 -3 -184749
-2 1 2 11 -186887
-6 -3 -7 -10 -150483
2 13 0 -1 -192025
5 -14 -3 5 -202445
8 -2 4 2 -163071
8 -11 5 -15 -106075
-23 -6 -9 8 -127253
6 -12 8 -10 -114709
-1 -3 1 8 -189765
6 3 6 5 -125081
-6 -7 -5 5 -185739
-2 22 -8 -11 -163903
7 14 5 8 -103763
14 -1 -14 -5 -194511
9 -14 0 2 -197929
-3 7 6 22 -128631
6 -6 -5 -8 -176877
-3 -5 -1 -1 -163449
-7 -3 -18 -10 -120271
-5 -22 6 -3 -153831
3 2 10 9 -185121
3 -10 9 4 -199881
12 0 19 -3 -90963
15 1 -5 -11 -190895
-1 14 8 7 -172401
-23 7 5 -5 -153841
-6 0 17 -10 -186269
-4 13 -4 -3 -201707
1 -12 2 -12 -112587
8 0 22 3 -107931
13 -13 -1 3 -198455
17 -16 10 6 -126279
15 7 0 -5 -204987
-12 2 -2 19 -174989
-6 3 -15 -4 -160359
3 8 14 0 -181261
-8 -24 -13 0 -112897
-7 11 1 7 -176513
12 6 3 21 -142145
2 -3 1 14 -194031
-8 1 -1 -5 -194249
-17 3 2 -6 -197317
8 6 -10 5 -203229
-2 -14 4 0 -200527
-22 -13 -10 -4 -77069
4 10 -7 4 -185837
0 22 -18 7 -140729
-3 -1 18 0 -193745
22 -4 3 -5 -141539
-7 1 -3 2 -164559
-20 19 -2 17 -70687
-10 3 24 -8 -146149
-9 -5 13 -14 -178623
12 -2 -15 -4 -195681
12 4 -19 0 -183785
13 20 5 3 -125767
0 -8 5 -22 -116393
6 -5 -11 -7 -200779
-11 6 -22 -3 -113165
4 15 1 10 -108175
-4 -7 -6 15 -198449
10 5 24 0 -93267
6 3 -2 22 -161205
14 -13 -4 4 -194819
8 -13 -22 -18 -102147
-1 -1 3 -7 -184153
-12 -19 3 4 -171657
10 8 -2 13 -177197
-1 -6 -5 -6 -152835
-21 2 2 -3 -174389
-7 4 16 0 -197007
-5 -6 -1 -12 -160105
-1 1 18 9 -173141
10 -7 6 -11 -135183
3 4 -7 19 -169741
5 -18 5 -4 -152031
0 4 4 -20 -176255
-11 7 12 18 -156579
17 -20 7 -18 -48501
15 2 -11 19 -160227
6 -18 3 -7 -138647
1 -4 13 -14 -176897
3 17 -8 2 -183515
2 -7 6 1 -177607
-9 17 8 -2 -186797
-6 -8 12 -1 -201865
4 -2 6 -1 -158113
7 -2 8 6 -145155
-1 -8 -9 -7 -165015
-9 8 0 15 -162445
22 0 -15 -4 -151919
-1 -14 -2 3 -197135
-4 -7 -7 17 -186509
-2 -8 -4 9 -203669
-7 5 7 7 -197813
13 -5 11 -8 -96521
-4 11 8 9 -178165
-11 5 -6 -9 -190251
-6 2 -20 3 -138407
2 -6 10 6 -207115
-6 -6 7 -15 -178299
-3 -6 1 2 -187847
0 11 2 -3 -194421
-12 7 5 14 -181929
-7 0 -1 -1 -172733
0 -16 8 6 -192493
11 22 -3 0 -153677
0 19 -17 5 -163833
-14 -23 -19 -13 -34469
10 -8 -2 -11 -165495
6 -11 13 -10 -122831
-7 1 0 14 -188707
1 -12 -5 -5 -175487
7 4 -1 8 -185585
-5 -1 2 15 -195773
0 2 10 -2 -198323
-6 3 -18 10 -134711
-13 -7 10 -13 -179271
-1 1 -10 13 -199879
14 -19 -14 8 -161993
-13 -4 1 7 -198111
-2 1 -7 12 -197573
-5 3 -5 1 -138299
-2 14 -10 -9 -194863
14 2 7 8 -140469
9 3 2 8 -174515
1 -9 0 -18 -117783
6 9 6 5 -118455
9 0 -10 -14 -193513
-1 -13 6 -2 -188845
5 1 10 10 -169349
-6 -3 -5 -16 -156675
6 11 0 -5 -202447
10 -23 2 1 -140385
-5 13 9 -3 -202659
-1 -4 -5 -13 -179733
13 10 8 -11 -165849
20 19 2 -9 -140069
-8 4 -9 0 -129999
10 -14 19 15 -126173
-12 -14 -3 -10 -124009
-3 -23 -2 17 -149013
-11 -3 -14 6 -137931
-2 19 2 -4 -185773
5 -5 -13 3 -202299
-2 2 4 -5 -193371
4 17 -11 17 -107913
-2 -7 23 1 -148671
13 8 -16 1 -184753
-5 -13 -17 1 -171213
-7 5 -4 -8 -200207
-9 -5 -10 -2 -114681
0 -9 -2 -7 -146091
0 5 2 5 -147067
-16 -4 3 6 -194297
-15 2 12 -2 -195187
-1 4 2 6 -153825
1 1 -8 -2 -189003
12 -2 -2 -5 -204461
8 -8 9 -9 -102249
-10 2 1 3 -196307
10 -4 4 -9 -164573
12 6 5 2 -162139
-8 -3 5 0 -196857
1 -13 2 -7 -143845
-10 -1 -18 7 -129605
8 -1 -10 -9 -200347
-1 -23 2 6 -153699
-3 -5 2 3 -188417
11 0 -7 -4 -202683
2 15 -3 -10 -187069
-8 -20 3 -13 -111937
-12 -19 -11 5 -132999
-13 -17 2 -3 -181871
4 7 0 -12 -197391
-1 5 -6 -14 -199021
2 -4 -4 6 -198039
-4 3 -3 6 -147029
21 13 6 -11 -136555
24 -12 -4 -7 -119313
16 4 -14 3 -185149
5 -3 -12 -15 -191633
-4 0 -5 7 -173163
-9 -17 -7 13 -170069
-6 22 5 -11 -165643
-8 2 -11 23 -102189
20 -6 -13 -1 -165713
-10 -3 3 -21 -164045
1 -13 0 -6 -151709
-21 -7 -14 6 -107339
19 18 -6 -4 -148155
-16 3 5 2 -194679
21 -1 -5 1 -172977
6 -10 -2 -11 -147883
-3 18 7 -1 -189771
-9 -3 10 -5 -195511
14 -13 -3 17 -173923
-19 11 -18 -1 -77195
-2 8 -23 -18 -119543
-5 0 -9 -2 -161791
-11 -4 -8 2 -145575
6 14 -6 -3 -195273
0 -3 0 -15 -178403
4 -9 -9 -15 -170767
11 -1 11 3 -98123
-16 -10 7 -7 -175293
-10 -2 -2 -10 -184711
-3 -5 -23 5 -150305
-8 13 -11 -15 -167809
11 -15 -6 6 -193853
-3 -16 2 -2 -190075
12 6 24 -16 -89891
0 -5 11 8 -216303
7 -7 -7 -19 -159407
16 5 -3 9 -183839
7 9 -16 -7 -187421
2 3 9 -10 -193739
1 21 7 8 -138129
0 7 17 1 -190435
12 -8 6 9 -165263
-7 11 -6 -8 -195227
0 19 3 9 -120261
-7 1 -11 -5 -153111
8 0 14 -2 -123533
-2 12 -6 -15 -186277
12 4 -21 0 -172153
-4 17 -7 -6 -187339
-9 -10 -7 -14 -98505
-10 -15 -14 -15 -56177
-5 -7 -12 5 -192033
0 -4 -4 15 -205401
2 5 -23 -6 -150769
-21 -4 4 -6 -167703
5 -10 6 -15 -108379
-3 4 5 -1 -186351
19 -4 -4 -23 -123231
17 -4 -11 13 -181621
12 1 -14 4 -200789
-6 -11 10 -20 -135923
5 4 20 3 -138345
-20 -8 1 3 -168827
9 -19 -3 9 -179005
15 18 -4 11 -124669
16 12 7 8 -98345
-8 -14 9 -3 -193399
0 -6 -4 2 -185041
-10 1 2 -1 -199849
-7 8 18 -6 -190365
12 9 -23 -7 -145911
-6 8 2 5 -186773
6 -9 -7 -12 -175711
-2 -1 2 -7 -181113
9 9 15 7 -103953
2 6 6 -6 -182635
12 16 19 0 -99859
3 4 0 6 -152485
-1 -2 17 2 -197085
1 8 1 3 -157621
-1 -12 0 -11 -122385
2 0 6 10 -189137
3 -1 4 -19 -169015
-15 -1 19 -14 -149699
-10 1 -4 -10 -187515
3 -2 11 6 -198701
11 -20 -8 -9 -145959
-14 24 -10 -2 -102759
-3 -3 -6 -18 -159033
-10 -13 -1 -7 -167687
-7 2 -6 9 -156179
-4 2 -13 6 -171169
-4 4 3 -2 -188323
2 -4 13 9 -207219
5 -11 -11 -6 -196045
-2 4 -9 11 -188429
0 -19 -5 -23 -50671
-7 -5 -6 -3 -145205
-4 -6 14 12 -187537
-11 12 -16 -8 -150071
15 -21 6 -12 -66409
-1 -2 16 -8 -192797
-1 6 -2 -8 -200877
-1 7 -6 -9 -204131
-4 3 -2 -2 -166629
0 5 -9 12 -191527
-11 11 2 -12 -201635
3 2 7 11 -175889
-4 -7 -6 -9 -145481
-7 3 0 -5 -203619
-7 3 -5 -10 -187623
-16 -5 -10 20 -135551
8 0 1 5 -185939
0 9 16 1 -193083
4 8 -3 -11 -198559
9 -15 17 8 -143545
2 0 17 -9 -177197
-11 -6 -3 -10 -160039
1 1 -8 15 -199059
-13 -12 4 -2 -197101
4 -6 -10 -6 -199471
-7 5 -5 7 -141965
6 10 9 8 -127531
7 -5 -3 -18 -172013
3 -6 4 5 -173697
-13 -10 -3 -5 -167691
2 -11 0 -16 -112135
-21 7 -13 -5 -109385
-14 -14 -4 -4 -152667
9 4 -3 7 -200765
-10 5 15 23 -133437
17 6 17 9 -52973
8 -10 -11 0 -197921
-16 -6 8 -6 -186779
5 -13 -5 10 -202773
2 3 16 12 -163423
-8 13 -6 0 -175199
0 10 -11 4 -190601
5 8 -2 10 -163025
-7 11 3 -13 -204659
4 2 -3 -7 -195735
-2 -14 16 -11 -147581
-6 11 6 7 -189181
15 -3 -10 8 -198527
8 -3 -12 12 -196211
6 -13 7 -14 -91517
-5 -11 -6 -8 -123771
-6 7 3 6 -183003
-15 7 -7 5 -127447
16 9 13 10 -67699
10 -17 8 2 -145523
1 -5 -4 4 -195053
8 -14 2 -5 -163687
-9 4 -3 -6 -201327
-3 3 0 -10 -200551
-8 -2 4 -10 -201669
5 -8 24 -9 -98175
-8 2 -9 8 -140617
17 -4 2 -5 -180499
0 14 9 -9 -185781
15 11 5 -6 -173489
1 -8 4 -3 -155757
-21 9 2 10 -137053
-1 2 11 4 -203007
3 24 -2 2 -135923
17 -8 -10 -14 -156137
5 6 7 -13 -180177
10 11 -1 0 -203395
6 4 6 -10 -175905
-12 -12 6 -10 -176073
-1 3 -15 8 -185181
-1 -8 11 14 -189001
11 1 0 5 -199293
-12 6 1 10 -191411
-2 -3 4 -1 -168531
7 -2 13 17 -140597
-8 7 -18 -20 -121827
0 2 2 -9 -192209
-1 -13 2 -16 -98539
-1 3 -17 -5 -186877
8 15 -14 3 -178345
-12 -13 15 6 -172539
-8 2 6 2 -200871
22 6 -23 -3 -113817
-7 -2 0 -6 -180311
-10 13 6 -6 -200625
7 6 12 -10 -161463
7 -6 11 -2 -138609
-22 0 -17 -2 -47277
-1 -4 -14 -11 -182061
-8 -2 12 7 -197317
-5 12 -13 7 -145105
-2 -11 7 2 -202157
8 0 23 -3 -109677
12 6 -11 13 -183745
-10 -21 8 10 -157071
0 -3 15 7 -205885
-6 7 -12 -5 -178491
-10 -21 -11 12 -141799
-11 -5 -11 8 -159873
8 5 -24 17 -113151
-9 8 -1 7 -174801
-23 11 -5 21 -85337
-5 0 6 -8 -200729
8 -6 12 8 -161999
5 -7 1 3 -192831
-20 -5 9 -12 -161043
12 -6 3 -11 -166209
5 4 11 13 -142313
12 2 -12 13 -189335
-19 17 7 -20 -131073
15 0 -16 -3 -189535
2 -3 14 -2 -188823
-14 4 -11 16 -107065
3 -13 10 23 -144969
-19 9 5 2 -170739
3 5 -7 14 -194069
-13 19 15 -11 -149863
0 14 -5 -2 -199279
-4 11 -6 0 -182729
0 -2 21 0 -169789
-15 -11 -17 -7 -65177
0 20 2 -10 -176557
-10 -13 -12 7 -162835
-13 0 -6 23 -146813
-17 2 -3 -7 -186835
3 23 5 4 -127157
4 13 -6 14 -130281
-2 -19 5 -1 -179487
-8 9 -5 10 -136829
-1 7 7 5 -182553
-10 9 0 19 -152963
-18 7 1 -4 -190473
1 -11 -11 -1 -202507
1 -22 11 -4 -142275
7 -1 -2 2 -193739
-20 1 -6 -9 -157659
-18 -4 -18 8 -98363
-2 -16 -6 7 -190605
-6 -3 -4 -1 -160461
-16 0 -5 24 -140261
-2 -4 9 -1 -200969
2 -8 15 -6 -175571
4 11 -3 0 -199303
6 7 -10 2 -203515
-9 -7 -6 12 -191949
15 24 -1 -8 -141999
-9 15 -15 -3 -156653
-5 17 -10 11 -114885
13 -2 4 -15 -170349
-1 -2 -23 4 -153447
3 -16 -14 -7 -168827
-5 -3 -9 -10 -166023
3 -5 -1 -2 -170451
4 -1 8 1 -169609
9 12 -14 9 -170145
17 -9 0 -3 -184277
4 5 -6 13 -194473
-8 -1 10 19 -168291
-5 8 2 -15 -200171
-9 -12 -5 -4 -162227
0 12 4 24 -69157
-2 8 4 14 -136211
-4 8 16 -7 -195323
-1 5 -4 -8 -203115
18 -2 17 -5 -56113
-2 8 -2 -9 -201363
-7 3 -6 1 -151001
-22 -5 -2 -5 -147465
-10 -8 1 14 -195251
-6 -9 -9 7 -196035
-1 -4 0 -1 -154703
-21 -7 -19 12 -85641
8 -8 8 24 -124965
-11 9 0 9 -176723
-11 -5 -4 -22 -127183
5 -3 4 -4 -144777
24 -16 -9 7 -135445
23 -10 18 -9 -20121
12 1 21 17 -83639
-6 24 -11 -3 -144129
17 -7 -6 1 -191729
4 4 -7 2 -193705
6 14 3 -12 -176805
0 -6 13 -16 -164675
5 -10 12 7 -192565
2 5 -3 6 -162761
0 7 1 -23 -154385
-5 15 14 1 -191601
-1 -3 6 6 -198441
-9 6 12 -9 -198915
-2 4 7 -4 -200019
-5 -4 4 4 -194209
3 -13 14 4 -188927
-12 2 -3 -6 -191115
0 16 3 -3 -191129
-14 5 11 6 -198285
11 5 -13 0 -201153
5 7 -5 -1 -197875
4 12 10 6 -150919
-13 4 -11 1 -120071
10 4 5 -14 -185275
-14 11 0 -13 -185251
8 2 24 12 -88267
3 -1 2 -1 -153825
-14 9 3 -23 -158169
-6 -8 9 0 -204231
14 -15 -10 10 -184661
-6 -10 -5 -7 -139607
5 11 -15 -3 -192207
0 1 8 1 -189921
-6 -11 -18 -4 -144863
0 9 -4 22 -105095
-1 -5 4 -9 -169157
2 -20 6 1 -168053
17 1 8 -10 -141247
15 5 -6 4 -190349
4 19 11 4 -148841
-4 17 -1 -8 -195021
-12 -8 -3 7 -191865
9 11 1 8 -146643
22 9 15 -15 -90191
-7 -7 -23 1 -127893
13 -5 2 -8 -179279
-5 3 -11 11 -163037
-18 3 -5 14 -152827
7 -20 -23 -10 -109497
-5 -2 0 6 -180235
-13 -17 2 -3 -181871
-1 -6 -2 14 -201285
-16 -12 6 15 -160717
-2 -12 -19 3 -178717
