-18 -2 -12 15 -120202
-4 -4 0 0 -131328
-18 -23 2 11 -127138
-6 -3 -7 -10 -119498
-5 -1 1 0 -129594
-17 -14 -15 20 -110862
8 -2 4 2 -132454
8 -11 5 -15 -98542
-23 -6 -9 8 -132280
6 -12 8 -10 -101896
-3 0 1 0 -116984
6 3 6 5 -94828
-7 -7 -5 -1 -130838
-9 22 -8 -11 -129090
7 14 5 8 -110478
-2 24 -10 3 -132090
19 19 -12 2 -135002
-3 7 6 22 -133282
13 -10 7 2 -133344
-3 -5 -1 -1 -127220
-7 -3 -18 -10 -119572
21 11 8 19 -94350
8 2 14 -6 -128398
3 -1 9 4 -137896
12 0 19 -3 -106300
4 -12 -6 -13 -123764
3 8 8 11 -116020
-23 19 19 21 -84064
-19 12 -20 1 -79542
-7 24 -1 -3 -132578
1 -12 2 -12 -100498
8 0 22 3 -121564
-14 -7 -23 12 -113106
15 -8 24 -17 -58070
-5 11 -23 -19 -128938
12 5 3 -24 -136858
-6 3 -15 -4 -129358
-13 -19 -8 0 -125068
-8 -24 -13 0 -116234
-7 11 1 7 -126248
12 6 3 21 -134668
0 -8 0 12 -133130
-7 -19 -1 -13 -116682
6 -3 2 -12 -131020
-1 -4 -24 19 -118478
4 4 14 0 -135320
-22 -13 -10 -4 -98558
8 -1 11 19 -130760
0 22 -18 -24 -118516
7 6 24 -23 -105918
22 -4 3 -5 -133068
-7 1 -3 2 -132528
-20 19 -2 17 -97624
-10 3 24 -8 -134752
-17 -5 -21 1 -79678
12 -3 11 10 -114244
-21 11 20 -18 -130334
13 20 5 3 -134614
0 -8 5 -22 -131812
1 -5 4 -7 -123400
-11 6 -22 -3 -122306
4 15 1 10 -108734
-4 -4 -4 5 -122430
10 5 24 0 -113918
-3 -18 -7 22 -132890
1 -23 12 -18 -87034
8 -13 -22 -18 -112972
-8 -10 10 -22 -134658
-12 -19 -12 -2 -113582
-1 -20 -2 -3 -132880
-1 -6 -5 -6 -117006
0 2 2 1 -114966
-20 -21 -20 -7 -47732
-5 -6 -1 -12 -123738
2 -14 16 -18 -117304
10 -7 6 -11 -114938
-15 13 1 19 -122942
-17 7 8 -1 -149490
22 4 4 -16 -132048
-21 7 12 18 -130742
17 -20 7 -18 -74408
15 2 -11 19 -139698
6 -18 3 -7 -131328
1 -17 -11 -18 -119176
1 -6 -3 -4 -114582
0 9 8 23 -119324
-14 3 24 19 -110874
-7 19 -13 24 -39292
4 -2 6 -1 -120592
7 -2 8 6 -112434
-1 9 -9 15 -118206
-2 18 2 21 -62304
22 0 -15 -4 -132892
-24 -14 -3 -7 -103512
-19 3 -9 -2 -127060
-2 -8 4 -11 -118396
19 7 7 7 -128038
13 -5 11 -8 -85418
-11 -17 21 15 -134408
-13 -22 -19 -9 -85014
-6 2 -20 3 -130404
-5 9 -24 -20 -124140
18 -3 10 -17 -110628
-15 -8 -17 -5 -69936
0 -23 9 -18 -81088
-12 -12 6 -24 -119744
-7 0 -1 -1 -129706
1 1 0 1 -114362
-17 0 -6 8 -126016
0 5 0 7 -119536
-14 -23 -19 -13 -60126
10 -8 -2 -11 -133526
6 -11 13 -10 -108864
-16 -3 -21 1 -84174
-20 19 0 21 -96248
7 -7 19 -6 -119650
8 -1 6 -6 -115190
-12 19 -10 -18 -130846
-6 3 -18 10 -136588
-9 -19 0 -12 -132788
6 6 10 17 -124894
14 -19 -14 -5 -133844
8 -4 15 4 -126196
11 -8 18 9 -132340
-5 3 -5 1 -106920
-12 10 -10 22 -82170
14 2 7 8 -119390
9 3 2 8 -133568
1 -9 0 -18 -119344
6 9 6 5 -100368
24 -14 -14 -23 -98630
-1 21 6 24 -55838
5 1 10 10 -130988
-6 -3 -5 -16 -130906
7 11 -23 6 -130960
10 -23 2 1 -126976
6 -9 -3 -15 -131272
-1 -11 -9 -9 -131094
14 11 -15 14 -128248
20 19 2 -9 -137550
-8 4 -9 0 -103920
10 -14 19 15 -134910
-12 -14 -3 -10 -123672
-3 -23 -2 17 -130608
-11 -3 -14 6 -124562
16 19 3 -21 -135866
15 15 12 -14 -132310
2 10 -3 3 -133864
4 17 -11 17 -114372
-11 18 6 18 -112128
-7 11 -4 11 -101344
8 4 6 -23 -134638
-7 18 -23 4 -119392
-9 -5 -10 -2 -96952
0 -9 -2 -7 -109544
0 5 2 5 -111374
-18 -13 9 -19 -132220
7 -7 6 -1 -112900
-1 4 2 6 -118648
1 1 -17 20 -132980
-21 0 -16 16 -93838
8 -8 9 -9 -84358
0 0 0 5 -112886
10 -4 4 -9 -127428
12 6 5 2 -124984
-8 -22 -17 -17 -71024
1 -13 2 -7 -113272
-10 -1 -18 7 -131994
0 -17 -1 -12 -97996
-1 -23 2 6 -133214
-3 2 -7 1 -132426
16 -5 11 13 -127232
18 -21 11 6 -120182
-8 -20 3 -13 -130368
5 23 17 17 -77586
5 -24 -13 -23 -87516
-13 7 -17 -17 -129572
9 2 1 -2 -147236
3 -4 1 -4 -117840
-4 3 -3 6 -107926
-5 -5 -8 -23 -113752
24 -12 -4 -7 -127224
-16 -13 -14 -16 -65564
1 -7 0 -2 -121890
23 1 -5 -17 -127834
-11 -17 21 -15 -126470
-16 12 -15 -9 -127196
-8 2 -11 23 -116054
15 -6 8 -1 -122294
-16 11 -11 4 -104352
1 -13 0 -6 -116008
-21 -7 -14 6 -113808
-10 24 0 11 -102348
5 -8 -23 24 -112086
-4 6 -1 2 -126968
6 -10 -2 -11 -123194
-23 18 7 -2 -129498
-2 23 -7 13 -81394
-9 6 -24 -20 -113988
-19 11 -18 -1 -93124
-2 8 -23 14 -120984
-5 0 -9 -2 -126878
-11 -4 -8 2 -119262
6 7 16 11 -130482
14 1 17 16 -103144
2 -20 -1 -20 -76152
11 -1 11 3 -88334
-16 16 7 13 -127952
6 -17 -2 -16 -109964
-3 20 -10 22 -64930
15 -2 24 -13 -84204
-8 -10 -12 0 -116844
7 -3 17 -2 -123840
12 6 24 -16 -114358
-22 9 -2 9 -135956
12 10 -1 20 -131394
5 4 5 -6 -125978
10 0 18 23 -108956
23 11 -17 0 -122518
1 21 7 8 -134520
-8 7 21 10 -131918
12 1 6 -21 -137150
-12 -5 -6 -7 -108126
0 19 3 9 -121498
-7 1 -11 -5 -124152
8 0 14 -2 -111910
8 -13 22 -15 -87758
-5 -24 -9 0 -125914
-1 -12 8 -20 -125200
-9 -10 -7 -14 -98224
-10 -15 -14 -15 -64948
24 -7 2 5 -132872
19 -2 12 -5 -101612
7 8 10 14 -107970
1 12 3 4 -121810
5 -10 6 -15 -102714
-6 -6 -10 3 -131816
19 -4 -4 -23 -123018
16 7 11 6 -103504
12 -16 0 -16 -112436
-13 -12 -7 -20 -90350
13 -8 20 -22 -64190
3 8 -3 15 -123508
21 -10 23 10 -73766
15 18 -4 11 -123448
16 12 7 8 -121052
-8 7 -6 21 -114224
-24 -6 -5 13 -126894
11 -13 16 -1 -111156
-7 0 -13 22 -123480
12 9 -23 -7 -134018
-9 8 -6 14 -109724
0 13 0 10 -100370
-8 -11 11 -22 -130652
9 9 15 7 -105260
8 16 10 19 -50456
12 16 19 0 -121474
3 4 0 6 -115234
-1 23 -21 2 -130744
1 8 1 3 -126750
-1 -12 0 -11 -99940
-24 7 21 24 -93172
3 23 11 -10 -135914
-14 22 11 -16 -130936
4 7 9 21 -123366
-8 -18 12 -17 -128668
-14 -15 -3 -9 -127028
-14 24 -10 -2 -112076
-9 -10 -6 -6 -119150
-10 -13 -1 -12 -125762
-7 2 -6 9 -112460
-4 2 -13 6 -129198
15 2 3 -2 -138392
1 -23 -10 -8 -128626
-11 0 -11 11 -117072
1 18 5 14 -97496
0 -19 -5 -23 -63350
-7 -5 -6 -3 -120702
6 -16 15 -9 -114008
-15 8 -6 -8 -147796
15 -21 6 -12 -94306
-1 -8 2 -7 -109408
7 -23 -7 -22 -92104
-18 7 -6 20 -130562
-14 -18 -14 6 -130776
24 -8 20 -5 -39896
4 11 2 5 -126216
3 -15 5 -3 -132516
-4 -7 -6 -9 -120980
-1 1 0 -5 -118822
-17 0 -17 -7 -64662
-16 -5 -10 6 -131622
8 1 1 5 -135750
21 9 15 11 -61920
4 -4 -1 -9 -125842
10 -2 9 -20 -119444
6 -24 15 -23 -53950
-11 -6 -3 -10 -129734
-21 0 -10 -7 -120106
0 16 6 7 -133460
-4 -6 -10 -2 -120874
-7 5 -5 7 -108162
6 10 9 8 -106234
7 -5 -23 -18 -119138
3 -6 4 5 -128646
20 -11 -18 -2 -132868
2 -11 0 -16 -106320
-21 7 -13 -5 -123488
23 -14 2 -5 -128616
-10 9 -3 16 -127186
-10 5 15 23 -126570
17 6 17 9 -59506
-7 5 0 12 -127302
1 0 3 -6 -131898
7 -16 -5 -14 -131222
-19 3 16 -12 -137064
10 13 8 20 -68842
16 -6 11 0 -109526
5 8 -2 10 -117564
20 -15 1 0 -137032
15 12 -4 10 -136194
-2 -14 16 -11 -133408
-6 12 6 11 -127702
2 13 -2 16 -100400
13 11 1 16 -121520
6 -13 7 -14 -90998
-5 -11 -6 -8 -102560
2 14 21 6 -129332
-15 7 -7 5 -111904
16 9 13 10 -81788
10 -17 8 2 -132312
-7 0 -5 4 -112586
8 -14 2 -5 -130558
-9 4 -22 -14 -127200
11 3 16 -18 -121126
2 -20 -12 -17 -117368
5 -8 24 -9 -115122
-8 2 -9 8 -110968
17 -14 2 -11 -128768
17 1 21 -9 -86698
12 11 23 -6 -121324
1 -8 4 -3 -120070
-21 -11 2 -23 -114994
-23 -4 15 11 -133982
3 24 -2 2 -128832
-4 -8 -10 -9 -122120
5 -10 -23 -8 -127150
17 5 -17 -22 -124656
-18 -24 6 1 -118840
6 -12 15 -20 -99162
2 -23 -1 -10 -109114
-21 -17 -19 8 -99124
-7 -20 9 -13 -126926
12 6 23 4 -92822
-2 -3 4 -1 -128750
24 -3 13 7 -105210
-17 7 -11 -20 -133470
7 -3 4 23 -132800
-1 -13 2 -16 -102686
-20 -7 -7 -5 -119884
4 -19 19 -15 -101702
-14 9 -9 16 -100664
-4 -22 5 -6 -129322
22 6 -23 -3 -119194
-23 10 0 14 -123944
20 -13 -8 -10 -136178
4 9 12 5 -127648
7 -6 11 -2 -109896
-22 0 -17 -2 -60710
-22 12 -8 -11 -136624
7 3 20 15 -130104
-5 12 -13 7 -117398
-2 0 -4 4 -124808
8 0 23 -3 -125458
-10 0 -8 -5 -110748
18 0 15 10 -96700
-23 -3 -7 0 -118100
3 0 6 -3 -129204
-10 -21 -11 12 -131344
-11 -5 -11 8 -134508
8 5 -24 17 -120164
-9 8 -1 7 -128118
-23 11 -5 21 -109196
3 12 -6 12 -119224
8 -6 12 8 -136946
2 11 1 7 -110546
10 -5 9 0 -102734
12 -6 3 -11 -133942
5 4 11 -3 -132796
-13 -15 -12 6 -133290
1 -10 7 -20 -129234
-12 -13 -22 13 -124650
2 21 4 15 -77284
-14 4 -11 16 -98050
3 -13 10 23 -135142
-18 -20 18 -5 -119628
-3 -10 -7 -8 -120344
7 -14 12 -6 -115190
-6 -8 -5 -21 -108502
10 11 8 10 -95828
-6 -5 21 -24 -111990
-15 -11 -17 -7 -64866
0 -5 -5 -10 -130264
0 9 -14 15 -130088
4 20 -6 23 -72528
17 -1 21 -7 -77298
3 23 5 4 -127694
4 13 -6 14 -118540
-22 -19 0 7 -130724
-8 9 -5 10 -109180
-1 7 7 5 -130214
19 -4 -16 4 -136636
-21 7 -5 9 -130022
1 10 -1 4 -129050
1 -22 11 -4 -133466
17 0 14 -7 -99032
4 1 15 12 -146738
-18 -4 -18 8 -103880
-16 -10 -6 -15 -106026
-6 -3 -4 -1 -128118
-16 0 -5 24 -129648
22 23 -2 12 -86680
5 2 6 0 -107170
4 4 -3 0 -132794
18 7 23 1 -60672
-9 5 -6 12 -110352
15 24 -1 -8 -131204
-9 15 20 -21 -134148
-5 17 -10 11 -109864
-12 -9 -17 -15 -72908
-1 -2 -23 4 -132462
3 -16 0 -7 -128734
-5 -3 -9 -10 -137534
3 -5 -1 -2 -129246
4 -1 8 1 -131460
-8 12 -19 16 -83322
20 0 24 -3 -44100
-10 -14 -11 -10 -84356
18 3 9 19 -125436
21 0 14 -1 -80774
-9 -12 -5 -4 -135438
0 12 4 24 -86570
-2 8 4 14 -122540
-19 -14 15 -18 -122250
-1 -7 -4 -18 -127478
18 -2 17 -5 -71656
-20 -4 -22 -5 -27030
-7 3 -6 1 -117836
-22 -5 -2 -5 -132144
-22 12 10 14 -127402
12 -6 14 7 -122820
-1 -4 0 -1 -117978
-21 -7 -19 12 -105232
8 -8 8 24 -125376
-11 20 12 3 -139624
-11 -5 -4 -22 -132260
5 -3 4 -4 -110914
24 -16 -9 7 -135834
23 -10 18 -9 -43106
12 1 21 17 -104336
-6 24 -11 -3 -131352
17 12 13 -24 -107558
-12 4 -18 -2 -109838
-12 -4 10 23 -133392
0 -20 24 7 -118664
5 21 21 2 -132586
2 5 -3 6 -115192
-10 -11 1 -7 -144250
17 2 12 17 -116162
13 2 6 15 -130734
-9 19 -15 9 -107362
10 -10 7 12 -132308
3 -23 4 7 -134540
-1 -15 -8 -20 -106816
-14 -18 -2 -8 -131976
-12 11 -23 10 -69530
14 -10 15 7 -120332
0 18 21 17 -96234
-9 11 21 -22 -134130
4 12 10 6 -124924
-13 4 -11 1 -106540
5 -7 2 -14 -120880
-7 7 2 21 -132828
8 2 24 12 -106598
3 -1 2 -1 -119110
-10 4 -10 -5 -121446
10 -8 20 0 -122386
5 -16 -12 -17 -134624
-6 -10 -5 -7 -113804
-2 2 0 -3 -112928
1 8 2 15 -117148
-6 -11 -18 -4 -121260
0 9 -4 22 -112180
20 16 15 -13 -113988
-11 11 -9 1 -120224
-5 23 1 14 -84172
2 -14 1 -21 -72358
-1 9 0 14 -108486
-3 -2 -4 1 -108016
5 -10 17 24 -126350
9 11 1 8 -124880
22 9 15 -15 -102462
-7 -7 -23 1 -126076
19 8 6 3 -135756
-5 3 -11 11 -125770
-18 -2 -9 24 -120234
7 -20 -23 -10 -122110
-5 -2 0 6 -130170
-19 -9 -15 12 -124428
-18 14 -10 6 -100864
-5 -15 -11 -4 -130034
0 18 24 -5 -131038
