-18 -2 -12 -6 -104172
13 -1 20 7 -102320
-12 -23 -14 -16 -46186
-6 -3 -7 -10 -113772
1 21 12 14 -108674
-17 -14 -15 20 -112056
6 -22 -3 -18 -99288
8 -11 5 -15 -95504
-11 5 -11 12 -93704
6 -12 8 -10 -96464
-3 0 1 0 -110720
6 3 6 5 -91272
-7 -7 -5 -1 -125664
-9 22 -8 -11 -122452
7 14 5 8 -108944
-20 22 -14 -7 -103264
-18 -4 -10 2 -120618
-13 9 -12 0 -111958
15 8 6 22 -113626
-3 -5 -1 -1 -119332
-7 -3 -18 -10 -124922
21 11 8 19 -98914
-21 -2 -16 -1 -81000
1 23 5 22 -61112
12 0 19 -3 -109606
4 -12 -6 -13 -112982
3 8 8 11 -109656
-23 19 19 21 -87344
-19 12 -20 1 -92820
16 -23 -3 -8 -118988
1 -12 2 -12 -97850
-20 -9 -19 -18 -57168
-14 -7 -23 12 -113856
15 -8 24 -17 -60370
-5 11 -23 -19 -121242
-2 5 -13 -24 -122452
13 -17 -16 -23 -106190
-11 -8 -8 -3 -112096
-8 -24 -13 0 -113106
-7 11 1 7 -122498
-11 16 -18 17 -63972
10 -13 -1 -17 -114472
-7 -19 -1 -13 -107064
18 -8 20 -16 -50784
-1 -4 -24 19 -115252
4 -11 0 -18 -109414
-22 -13 -10 -4 -102348
8 -1 11 19 -122726
0 22 -18 -24 -113878
7 6 24 -23 -99744
5 -12 14 -13 -109572
-7 1 -3 2 -125058
-20 19 -2 17 -100398
-10 -6 -10 -8 -81926
-17 -5 -21 1 -88712
12 -3 11 10 -112144
-21 11 20 -18 -122382
6 2 5 -5 -116400
-10 -14 -21 -8 -101966
1 -5 4 -7 -114880
1 -1 -23 10 -125984
4 15 1 10 -108130
-4 -4 -4 5 -115670
10 5 24 0 -116104
-3 -12 -19 -23 -85408
1 -23 12 -18 -91928
8 -13 -22 -18 -112814
6 1 14 -1 -119618
-12 -19 -12 -2 -108758
-13 23 -22 -3 -114002
-1 -6 -5 -6 -107830
0 2 2 1 -109716
-20 -21 -20 -7 -58704
-5 -6 -1 -12 -117066
2 -14 16 -18 -116680
10 -7 6 -11 -106208
-15 13 1 19 -118812
23 4 13 -1 -91050
-1 8 2 23 -116170
-21 7 12 18 -120494
17 -20 7 -18 -76088
15 -16 -19 19 -125130
17 -10 6 -5 -121548
1 -17 -11 -18 -108282
1 -6 -3 -4 -105794
0 9 8 23 -113378
-14 3 24 19 -107094
-7 19 -13 24 -43356
4 -2 6 -1 -108760
7 -2 8 6 -108982
-1 9 -9 15 -116464
-2 18 2 21 -65166
-14 0 -15 10 -108256
-24 -14 -3 -7 -102534
-19 3 -9 -2 -119720
-2 -8 4 -11 -115414
16 7 19 7 -80734
13 -5 11 -8 -82174
5 14 5 4 -123032
-13 -22 -19 -9 -99584
3 15 -3 24 -94488
-5 9 -24 -20 -115360
18 -3 10 -17 -106870
-15 -8 -17 -5 -77426
0 -23 9 -18 -83814
-12 -12 6 -24 -112100
-7 0 -1 -1 -119402
1 1 0 1 -109724
9 1 6 -1 -108484
0 5 0 7 -112822
-14 -23 -19 -13 -76962
-23 0 -18 -14 -78064
6 -11 13 -10 -107694
-16 -3 -21 1 -93324
-20 19 0 21 -95982
7 -7 19 -6 -118928
8 -1 6 -6 -109980
-12 19 -10 -18 -122912
-1 -8 -7 15 -135594
-9 -19 0 -12 -120574
6 6 10 17 -119520
3 -14 5 -5 -119250
8 -4 15 4 -123756
15 7 9 7 -112806
-5 3 -5 1 -102150
-12 10 -10 22 -85558
14 2 7 8 -114952
9 3 2 8 -120856
1 -9 0 -18 -113906
6 9 6 5 -102814
24 -14 -14 -23 -98514
-1 21 6 24 -56962
10 8 4 6 -113952
-15 16 -5 8 -111082
2 11 1 10 -101910
10 -23 2 1 -121298
6 -20 -7 -23 -103496
-1 -11 -9 -9 -121158
14 11 -15 14 -125738
-12 19 -20 1 -120104
-8 4 -9 0 -98678
-13 -22 -23 -13 -78900
-12 -14 -3 -10 -115038
-3 -23 -2 17 -121058
-11 -3 -14 6 -114654
9 -9 2 -10 -111382
15 15 12 -14 -122172
18 -6 5 -23 -113114
4 17 -11 17 -122094
-11 18 6 18 -119102
-7 11 -4 11 -96916
2 18 3 -7 -133836
-7 18 -23 4 -119238
-9 -5 -10 -2 -99632
0 -9 -2 -7 -103530
0 5 2 5 -107734
-18 1 -7 9 -118144
7 -7 6 -1 -105706
-1 4 2 6 -113912
18 -18 2 -24 -93982
-21 0 -16 16 -109616
8 -8 9 -9 -87234
0 0 0 5 -108380
10 -4 4 -9 -117194
12 6 5 2 -118420
-8 -22 -17 -17 -76214
1 -13 2 -7 -113242
13 6 20 7 -100760
0 -17 -1 -12 -92818
-10 8 17 24 -114904
-3 2 -7 1 -124868
-21 -2 -14 0 -94574
18 -21 11 6 -118060
24 17 3 -2 -111794
5 23 17 17 -87646
5 -24 -13 -23 -89756
-13 7 -17 -17 -118400
18 18 2 15 -110964
3 -4 1 -4 -110794
-4 3 -3 6 -106304
-5 -5 -8 -23 -109588
24 -12 -4 -7 -116906
-16 -13 -14 -16 -71118
1 -7 0 -2 -110546
7 17 12 13 -92170
-11 -17 21 -15 -118196
-3 17 -2 22 -53740
-8 2 -11 23 -114012
17 0 14 -1 -96070
-16 11 -11 4 -106370
1 -13 0 -6 -113546
-21 -7 -14 6 -109122
-10 24 0 11 -107710
5 -8 -23 24 -109280
-4 6 -1 2 -121248
6 -10 -2 -11 -118280
13 -20 7 -2 -118272
-2 23 -7 13 -87958
-9 6 -24 -20 -105532
-19 11 -18 -1 -99458
-2 8 -23 14 -116416
-5 0 -9 -2 -120436
-11 -4 -8 2 -117630
-4 -16 6 -23 -102066
14 1 17 16 -106086
2 -20 -1 -20 -81232
11 -1 11 3 -87900
-16 16 7 13 -127026
6 -17 -2 -16 -107598
-3 20 -10 22 -66682
15 -2 24 -13 -83648
-8 -10 -12 0 -117104
7 -3 17 -2 -125970
12 6 24 -16 -109616
-7 9 -15 9 -103510
-15 -8 22 -3 -124200
5 4 5 -6 -122994
10 0 18 23 -107206
23 11 -17 0 -115962
7 -4 16 -13 -117378
-12 -12 4 0 -144394
11 9 6 4 -117872
-12 -5 -6 -7 -106422
0 19 3 9 -118860
-7 1 -11 -5 -122414
8 0 14 -2 -117284
8 -13 22 -15 -82350
-5 -24 -9 0 -117438
-1 -12 8 -20 -122082
-9 -10 -7 -14 -90396
-10 -15 -14 -15 -68440
24 -7 -15 6 -120780
19 -2 12 -5 -104868
7 8 10 14 -105874
1 12 3 4 -116828
5 -10 6 -15 -93028
0 -10 6 -6 -121898
3 -4 -4 -23 -123894
16 7 11 6 -107192
12 -16 0 -16 -114026
-13 -12 -7 -20 -89462
13 -8 20 -22 -67308
3 8 -3 15 -118942
21 -10 23 10 -76628
15 18 -4 11 -124354
16 12 7 8 -125846
-8 7 -6 21 -112326
23 7 -6 -11 -123136
11 -13 16 -1 -107794
-3 -14 0 -7 -116634
8 -24 20 17 -111178
-9 8 -6 14 -106454
0 13 0 10 -99526
-8 -11 11 -22 -118240
9 9 15 7 -108266
8 16 10 19 -50910
12 16 19 0 -128274
3 4 0 6 -110380
-4 19 -23 -3 -130084
1 8 1 3 -119042
-1 -12 0 -11 -97468
-24 7 21 24 -90090
-23 -5 18 -10 -115414
6 22 11 -6 -124198
4 7 9 21 -116938
-8 -18 12 -17 -123236
-14 -15 -3 -9 -118862
-14 24 -10 -2 -114240
-9 -10 -6 -6 -110778
-10 -13 -1 -12 -114900
-7 2 -6 9 -111760
-4 2 -13 6 -122638
10 2 11 -6 -106640
-5 8 12 16 -134558
-19 -6 -23 -2 -63462
1 18 5 14 -95994
0 -19 -5 -23 -64388
-7 -5 -6 -3 -116476
6 -16 15 -9 -110576
-11 -9 -16 -8 -92550
15 -21 6 -12 -97222
-1 -8 2 -7 -108812
7 -23 -7 -22 -100522
-3 1 1 6 -118028
-14 -18 -14 6 -117068
24 -8 20 -5 -39782
-16 17 -16 4 -87158
15 -4 8 -2 -119280
-4 -7 -6 -9 -111038
-1 1 0 -5 -110238
-17 0 -17 -7 -68282
-16 -5 -10 0 -113100
21 -7 1 -23 -111456
21 9 15 11 -75472
4 -4 -1 -9 -125158
10 -2 9 -20 -111864
6 -24 15 -23 -60396
-11 -6 -3 -10 -123500
-21 0 -10 -7 -124468
9 7 16 11 -117122
-4 -6 -10 -2 -118002
-7 5 -5 7 -109624
6 10 9 8 -102992
7 -5 -23 -18 -116184
3 -6 4 5 -123550
11 14 18 3 -126402
2 -11 0 -16 -107312
-21 7 -13 -5 -117640
23 1 -10 13 -123152
22 15 -13 16 -110568
-10 5 15 23 -122182
17 6 17 9 -73874
-7 5 0 12 -122678
-7 14 -6 21 -70696
7 11 6 2 -119568
0 3 -3 -4 -119470
10 13 8 20 -73074
16 -6 11 0 -106426
5 8 -2 10 -110070
23 -15 1 0 -120528
-20 9 -14 -24 -111294
5 11 17 12 -126086
-6 12 6 11 -125234
2 13 -2 16 -103162
13 11 1 16 -119862
6 -13 7 -14 -87600
-5 -11 -6 -8 -95348
2 14 21 16 -117404
-15 7 -7 5 -106168
16 9 13 10 -88210
11 4 8 -4 -116554
-7 0 -5 4 -108202
8 -14 2 -5 -124312
-24 -3 -8 -5 -112702
11 3 16 -18 -120178
2 -20 -12 -17 -107660
5 -8 24 -9 -107974
-8 2 -9 8 -106710
17 6 18 11 -70034
17 1 21 -9 -87688
12 11 23 -6 -122684
1 -8 4 -3 -114638
-21 -11 2 -23 -111800
-23 4 -8 6 -106518
3 24 -2 2 -121254
-4 -8 -10 -9 -114484
-21 14 -15 -19 -116534
17 5 -17 -22 -119610
-18 -24 6 1 -117458
6 -12 15 -20 -101812
2 -23 -1 -10 -101672
-21 -17 -19 8 -96348
-7 -20 9 -13 -121862
12 6 23 4 -104154
6 -1 4 1 -113496
24 -3 13 7 -107806
-17 7 -24 0 -76916
-22 -18 -13 -22 -58148
-1 -13 2 -16 -98440
-20 -7 -7 -5 -124120
4 -19 19 -15 -102882
-14 9 -9 16 -103400
-6 24 9 17 -101426
22 6 -23 -3 -114466
-23 10 0 14 -115074
-10 -2 -9 1 -101422
4 9 12 5 -120224
7 -6 11 -2 -106296
-22 0 -17 -2 -76254
-18 12 -24 -2 -97630
-16 3 -5 -1 -120770
-5 12 -13 7 -117340
-2 0 -4 4 -119194
8 0 23 -3 -123766
-10 0 -8 -5 -108094
18 0 15 10 -109786
-8 2 -2 9 -130488
3 0 6 -3 -118058
-19 11 -24 5 -57610
-11 -5 -12 -7 -89834
8 5 -24 17 -116774
-9 8 -1 7 -120828
-23 11 -5 21 -105296
3 12 -6 12 -120734
4 11 20 14 -124384
2 11 1 7 -105820
10 -5 9 0 -100768
-3 -3 -1 -19 -124324
20 4 11 12 -121548
0 -11 1 -12 -96390
1 -10 7 -20 -119980
-12 -13 -22 13 -122900
2 21 4 15 -82852
-14 4 -11 16 -111450
3 8 -1 23 -123618
-18 -20 18 -5 -118346
-3 -10 -7 -8 -113198
7 -14 12 -6 -107094
-6 -8 -5 -21 -98806
10 11 8 10 -98516
-6 -5 21 -24 -104912
-15 -11 -17 -7 -71612
0 -5 -5 -10 -125662
5 -8 -3 -23 -119406
4 20 -6 23 -88208
17 -1 21 -7 -78846
3 23 5 4 -120802
4 13 -6 14 -122294
-15 6 -7 23 -118684
-8 9 -5 10 -104626
-1 7 7 5 -120544
0 17 -3 18 -86684
-21 7 -5 9 -120166
1 10 -1 4 -119156
5 -22 11 -4 -119058
17 0 14 -7 -101980
4 22 15 12 -114608
-18 -4 -18 8 -101206
-16 -10 -6 -15 -108400
-6 -3 -4 -1 -121492
17 10 17 -6 -108398
22 23 -2 12 -92690
5 2 6 0 -98068
-15 23 -13 0 -106920
18 7 23 1 -62478
-9 5 -6 12 -112846
15 24 -1 -8 -121480
-3 -2 2 0 -115484
-5 17 -10 11 -105576
-12 -9 -17 -15 -74542
6 6 19 24 -98994
3 -16 0 -7 -121008
15 -24 13 -1 -85840
-5 0 -24 -12 -111268
4 -1 8 1 -115776
-8 12 -19 16 -92292
20 0 24 -3 -44444
-10 -14 -11 -10 -77548
18 3 9 19 -125600
21 0 14 -1 -90474
-10 10 -3 16 -116450
0 12 4 24 -88868
16 -2 9 2 -121904
-19 -14 15 -18 -118812
24 -7 -4 6 -125540
18 -2 17 -5 -78016
-20 -4 -22 -5 -31394
-7 3 -6 1 -110802
-10 -3 -9 -4 -95170
-22 12 10 14 -122118
12 -6 14 7 -117856
-1 -4 0 -1 -112084
-21 -7 -19 12 -109202
8 -8 8 24 -115558
-3 -24 21 -17 -98822
-17 -5 -4 -22 -121316
5 -3 4 -4 -103180
2 16 -5 8 -122816
23 -10 18 -9 -42178
12 1 21 17 -107434
5 0 0 1 -121510
17 12 13 -24 -106286
-12 4 -18 -2 -106038
6 -22 -15 23 -121986
0 -20 24 7 -112990
19 -2 16 11 -111334
2 5 -3 6 -111596
-10 21 3 18 -107532
17 2 12 17 -119806
-14 2 -9 15 -122234
-9 19 -15 9 -108908
17 -10 19 1 -91300
3 -23 4 7 -119552
-1 -15 -8 -20 -100286
-14 -18 -8 -3 -116222
-12 11 -23 10 -69676
14 -10 15 7 -116274
0 18 21 17 -106866
0 -11 1 -3 -118428
4 12 10 6 -118510
-13 4 -11 1 -101120
5 -7 2 -14 -119564
-24 18 14 7 -108712
8 2 24 12 -108030
3 -1 2 -1 -111848
-10 4 -10 -5 -110878
10 -8 20 0 -121948
5 -16 -21 -17 -114746
-6 -10 -5 -7 -105396
-2 2 0 -3 -107124
1 8 2 15 -117180
-6 -11 -18 -4 -123746
0 9 -4 22 -120220
20 16 15 -13 -110262
-11 11 -9 1 -118948
-5 23 1 14 -102572
2 -14 1 -21 -71118
-1 9 0 14 -109110
-3 -2 -4 1 -101858
5 -10 17 24 -117334
12 4 12 8 -82234
22 9 15 -15 -104084
-7 24 0 1 -126152
-1 2 2 4 -114746
-5 3 -11 11 -121728
-18 -2 -9 24 -120476
7 -20 -23 -10 -117354
10 -10 3 -6 -113894
-19 -9 -15 12 -120362
-18 14 -10 6 -105304
-5 -15 -11 -4 -122264
0 18 24 -5 -124938
