-18 -2 -12 -6 -99718
13 -1 20 7 -104634
-12 -23 -14 -16 -66680
-6 -3 -7 -10 -110316
1 21 12 14 -100874
-17 -14 -15 20 -105986
6 -22 -3 -18 -93444
8 -11 5 -15 -94224
-11 5 -11 12 -94706
6 -12 8 -10 -90388
-3 0 1 0 -106566
6 3 6 5 -84854
-3 17 -23 7 -112732
24 -6 24 -5 -36198
7 14 5 8 -99040
-20 22 -14 -7 -102160
17 15 17 0 -108000
-13 9 -12 0 -106718
15 8 6 22 -109766
-3 -5 -1 -1 -105554
-7 12 -2 16 -95772
21 11 8 19 -102258
-21 -2 -16 -1 -91416
1 23 5 22 -59774
12 0 19 -3 -107530
4 -12 -6 -13 -108688
3 8 8 11 -104110
-23 19 19 21 -86274
-19 12 -20 1 -91144
-6 -19 -22 -12 -111478
1 -12 2 -12 -94592
-20 -9 -19 -18 -79378
-14 -7 -23 12 -102760
15 -8 24 -17 -69884
-7 0 -3 -4 -108690
-9 -5 -14 -24 -102842
13 -17 -16 -23 -101960
-11 -8 -8 -3 -106022
-13 14 -22 16 -69386
-7 11 1 7 -112108
-11 16 -18 17 -73542
-10 -10 -13 -4 -99188
-7 -19 -1 -13 -100492
18 -8 20 -16 -58210
-1 -4 -24 19 -109484
4 -11 0 -18 -108258
-22 -13 -10 -4 -103280
16 14 13 2 -107970
0 22 -18 -24 -107608
7 6 24 -23 -102412
5 -12 14 -13 -103030
-22 -19 13 -14 -100414
-20 19 -2 17 -100740
-10 -6 -10 -8 -87346
-17 -5 -21 1 -89958
12 -3 11 10 -106026
0 9 -2 -20 -121984
6 2 5 -5 -106742
-10 -14 -21 -8 -112400
1 -5 4 -7 -110020
10 -1 5 0 -108180
4 15 1 10 -108630
-4 -4 -4 5 -110546
10 5 24 0 -110480
-3 -12 -19 -23 -90084
1 -23 12 -18 -93310
-5 -13 -10 -18 -92986
-7 2 -13 1 -89882
-12 -19 -12 -2 -115172
-13 23 -22 -3 -112834
-1 -6 -5 -6 -99590
0 2 2 1 -104304
-20 -21 -20 -7 -84216
-5 -6 -1 -12 -110752
-4 17 12 -20 -125758
10 -7 6 -11 -96126
11 14 14 -14 -113946
23 4 13 -1 -93382
-1 8 2 23 -113388
-21 7 12 18 -111198
17 -20 7 -18 -77536
24 10 -6 15 -107556
19 16 19 -5 -106906
1 -17 -11 -18 -108306
1 -6 -3 -4 -98118
0 9 8 23 -113040
-14 3 24 19 -104556
-7 19 -13 24 -46812
4 -2 6 -1 -100710
7 -2 8 6 -104578
-1 9 -9 15 -109212
-2 18 2 21 -78254
-14 0 -15 10 -103992
-24 -14 -3 -7 -98874
-10 17 -15 11 -98886
-2 -8 4 -11 -112494
16 7 19 7 -82776
13 -5 11 -8 -82688
-3 -23 3 -10 -108926
-13 -13 -19 -24 -56954
3 15 -3 24 -92054
-5 9 -24 -20 -102692
18 -3 10 -17 -110888
-15 -8 -17 -5 -80466
0 -23 9 -18 -86382
-12 -12 6 -24 -109814
-7 0 -1 -1 -108656
1 1 0 1 -102260
9 1 6 -1 -108540
0 5 0 7 -98394
-14 -23 -19 -13 -95318
-23 0 -18 -14 -82186
6 -11 13 -10 -98376
-16 -3 -21 1 -94560
-20 19 0 21 -91622
7 -7 19 -6 -111326
8 -1 6 -6 -106290
-7 23 -6 16 -57696
9 0 14 -24 -105238
13 19 11 2 -102288
7 -6 24 -5 -104400
-21 -22 -21 -18 -25666
-15 -7 -10 -16 -110778
15 7 9 7 -111934
-5 3 -5 1 -95972
-12 10 -10 22 -91702
14 2 7 8 -113592
-13 22 -16 5 -104980
1 -9 0 -18 -112760
6 9 6 5 -85724
24 -14 -14 -23 -99674
-1 21 6 24 -62050
10 8 4 6 -106874
-15 16 -5 8 -106816
2 11 1 10 -95650
4 7 11 -24 -112902
6 -20 -7 -23 -98872
17 -14 6 -9 -110150
-16 4 -12 -24 -113120
3 14 -20 19 -110754
-8 4 -9 0 -91234
-13 -22 -23 -13 -94686
-12 -14 -3 -10 -109268
4 -17 -2 -22 -81738
-11 -3 -14 6 -106958
9 -9 2 -10 -104426
15 15 20 11 -66244
-4 -6 -6 -7 -105514
-17 -21 -19 -5 -103858
-11 18 6 18 -108706
-7 11 -4 11 -92118
-8 -19 -7 -23 -42456
-16 -13 -16 -16 -70106
-9 -5 -10 -2 -93912
0 -9 -2 -7 -99002
0 5 2 5 -98336
11 -10 12 10 -117946
7 -7 6 -1 -100862
-1 4 2 6 -102434
18 -18 2 -24 -97386
-21 0 -16 16 -112198
8 -8 9 -9 -81234
-11 19 -18 4 -120128
0 0 -2 2 -104078
12 6 5 2 -111964
-8 -22 -17 -17 -84836
1 -13 2 -7 -101262
13 6 20 7 -103018
0 -17 -1 -12 -96648
-10 8 17 24 -105404
-3 2 -7 1 -102446
-21 -2 -14 0 -105508
-13 -6 -18 -19 -98544
24 17 3 -2 -109982
5 23 17 17 -86716
5 -24 -13 -23 -88928
-13 7 -17 -17 -112420
18 18 2 15 -108734
3 -4 1 -4 -100668
-4 3 -3 6 -95474
-5 -5 -8 -23 -111606
24 -12 -4 -7 -111948
-16 -13 -14 -16 -88282
1 -7 0 -2 -97160
7 17 12 13 -87182
23 21 21 24 -8042
-3 17 -2 22 -59788
-8 2 -11 23 -114272
17 0 14 -1 -94058
-16 11 -11 4 -105298
1 -13 0 -6 -102988
-21 -7 -14 6 -106470
-10 24 0 11 -108010
5 -8 -23 24 -104570
20 -2 20 -14 -76312
6 -10 -2 -11 -113182
-22 -13 2 -18 -107718
-2 23 -7 13 -89084
-9 6 -24 -20 -100382
-19 11 -18 -1 -93712
-2 8 -23 14 -110896
-5 0 -9 -2 -104872
-15 -4 -8 -4 -99978
-4 -16 6 -23 -97014
19 0 12 1 -109948
2 -20 -1 -20 -77800
11 -1 11 3 -80846
-19 -10 -15 -22 -106790
6 -17 -2 -16 -100426
-3 20 -10 22 -65774
15 -2 24 -13 -92686
-12 -10 -13 0 -100524
-9 -16 -4 -23 -80160
12 6 24 -16 -108262
-7 9 -15 9 -101836
15 -6 22 18 -103588
5 21 5 16 -67214
10 0 18 23 -107046
23 11 -17 0 -113502
7 -4 16 -13 -111292
24 -20 4 -19 -78478
11 9 6 4 -108594
-12 -5 -6 -7 -94932
0 19 3 9 -108432
18 -8 16 0 -92780
8 0 14 -2 -104190
8 -13 22 -15 -87146
-5 -24 -9 0 -115102
-1 -12 8 -20 -113998
-9 -10 -7 -14 -89222
-10 -15 -14 -15 -72494
24 -7 -15 6 -110758
19 -2 12 -5 -98942
7 8 10 14 -93242
1 12 3 4 -104812
5 -10 6 -15 -86038
0 -10 6 -6 -110274
8 1 7 2 -99360
16 7 11 6 -105864
12 -16 0 -16 -104552
-13 -12 -7 -20 -97066
13 -8 20 -22 -80022
3 8 -3 15 -112970
21 -10 23 10 -85056
7 18 19 -24 -109644
-21 -23 -21 -9 -68440
-8 7 -6 21 -114302
-2 8 -7 7 -101346
11 -13 16 -1 -112110
-3 -14 0 -7 -110152
8 -24 20 17 -110752
-9 8 -6 14 -104778
0 13 0 10 -93982
-24 -10 -1 -22 -104288
9 9 15 7 -103312
8 16 10 19 -54140
-1 -22 18 -22 -98268
3 4 0 6 -103878
-19 21 -23 18 -24108
1 8 1 3 -105198
-1 -12 0 -11 -93428
-24 7 21 24 -86320
-23 -5 18 -10 -108944
6 -8 2 -6 -107568
-17 -11 -9 -15 -107928
-12 -4 -10 -13 -103294
11 -15 10 -5 -87350
-14 24 -10 -2 -114490
-9 -10 -6 -6 -111034
-10 -13 -1 -12 -107540
-7 2 -6 9 -102160
-24 -9 -13 -16 -85478
10 2 11 -6 -102030
-15 0 -18 0 -96526
-19 -6 -23 -2 -65962
1 18 5 14 -93578
0 -19 -5 -23 -66778
-7 -5 -6 -3 -97040
14 -1 12 -6 -99356
-11 -9 -16 -8 -92030
15 -21 6 -12 -95208
-1 -8 2 -7 -99642
7 -23 -7 -22 -95152
-3 1 1 6 -108096
-21 -13 22 -8 -105652
24 -8 20 -5 -44030
-16 17 -16 4 -96322
15 -4 8 -2 -104978
-4 -7 -6 -9 -108608
-1 1 0 -5 -98334
-17 0 -17 -7 -73666
-16 -5 -10 0 -104184
21 -7 1 -23 -105514
21 9 15 11 -77674
-12 12 -18 22 -64938
10 -2 9 -20 -111724
6 -24 15 -23 -60822
-1 12 -3 -10 -119168
10 3 7 -2 -105776
9 7 16 11 -107150
-15 -19 23 -21 -98340
-7 5 -5 7 -96950
6 10 9 8 -93010
12 20 13 23 -20180
3 -6 4 5 -115392
11 -17 18 -2 -112612
2 -11 0 -16 -105114
22 -3 21 14 -85690
-24 5 -10 13 -106874
22 15 -13 16 -107308
-12 -18 15 -23 -101978
17 6 17 9 -74362
-12 0 -16 2 -96170
-7 14 -6 21 -75876
-13 -21 -13 -24 -19998
0 3 -3 -4 -113898
10 13 8 20 -72478
16 -6 11 0 -102698
5 8 -2 10 -100404
23 -15 1 0 -115186
-20 9 -14 -24 -111422
-24 7 -14 12 -81578
12 0 10 -2 -93092
2 13 -2 16 -99596
13 12 11 16 -64206
6 -13 7 -14 -82168
-5 -11 -6 -8 -92924
3 14 21 16 -111002
-15 7 -7 5 -102400
16 9 13 10 -85168
22 -18 9 -7 -102978
-7 0 -5 4 -98520
-1 15 5 15 -93164
-24 -3 -8 -5 -108086
14 23 6 3 -106540
2 -20 -12 -17 -109324
5 -8 24 -9 -107148
-8 2 -9 8 -99582
17 6 18 11 -71608
17 1 21 -9 -95764
-3 -9 3 7 -127858
1 -8 4 -3 -100958
-21 2 -13 14 -115278
-23 4 -8 6 -109468
3 20 -2 11 -110654
-4 -8 -10 -9 -106422
-21 14 -15 -19 -111996
24 15 10 9 -82906
-1 5 0 12 -100170
6 -12 15 -20 -98902
2 -23 -1 -10 -103158
-21 -17 -19 8 -91612
-7 9 -19 10 -110856
12 6 23 4 -102518
6 -1 4 1 -101438
24 -3 13 7 -99252
-17 7 -24 0 -78942
-22 -18 -13 -22 -65958
-1 -13 2 -16 -98158
-2 -22 -7 -13 -96456
4 -19 19 -15 -101338
-14 9 -9 16 -107444
-6 24 9 17 -97194
22 6 -23 -3 -107250
-15 10 -15 8 -69754
-10 -2 -9 1 -82850
4 9 12 5 -113920
7 -6 11 -2 -104296
-22 0 -17 -2 -79880
-18 12 -24 -2 -96328
10 -23 12 2 -111024
-5 12 -13 7 -110460
-2 0 -4 4 -109372
18 -12 20 -23 -34332
-10 0 -8 -5 -100178
18 0 15 10 -104390
-15 -18 -17 1 -110218
3 -1 -19 -24 -104430
-19 11 -24 5 -63162
-11 -5 -12 -7 -88024
8 5 -24 17 -111550
12 -14 1 -21 -103302
-23 11 -5 21 -100096
3 12 -6 12 -108908
23 11 4 20 -109416
2 11 1 7 -95234
10 -5 9 0 -95944
-22 16 -16 10 -58096
20 4 11 12 -109306
0 -11 1 -12 -95514
1 -10 7 -20 -112464
-12 -10 -22 -15 -79662
2 21 4 15 -84188
-14 4 -11 16 -113496
21 7 15 -10 -112120
-6 19 -8 10 -103546
-3 -10 -7 -8 -98616
7 -14 12 -6 -99186
-6 -8 -5 -21 -108028
10 11 8 10 -88944
-6 -5 21 -24 -104078
-15 -11 -17 -7 -78300
9 6 15 7 -112644
-5 -3 -5 -13 -114216
4 20 -6 23 -87538
17 -1 21 -7 -84722
3 23 5 4 -109630
4 13 -6 14 -112284
6 22 -2 15 -99026
-8 9 -5 10 -98376
-8 7 -17 5 -103872
0 17 -3 18 -82426
5 13 16 18 -98408
-3 -8 -2 -20 -113232
4 -14 6 -12 -91568
17 0 14 -7 -104478
4 22 15 12 -110134
-18 -4 -18 8 -92462
-16 -10 -6 -15 -110944
-6 -3 -4 -1 -105078
17 10 17 -6 -107754
22 23 -2 12 -93204
5 2 6 0 -95342
-15 23 -13 0 -110420
18 7 23 1 -59178
-9 5 -6 12 -105322
-19 -3 -15 -2 -98096
-3 -2 2 0 -109062
-5 17 -10 11 -107248
-12 -9 -17 -15 -84448
6 6 19 24 -98212
-8 21 3 23 -83100
15 -24 13 -1 -95982
-5 0 -24 -12 -104688
4 -1 8 1 -110292
-8 12 -19 16 -97920
20 0 24 -3 -43398
-10 -14 -11 -10 -84818
-8 3 -12 16 -114318
21 0 14 -1 -90424
-10 10 -3 16 -115410
0 12 4 24 -97330
16 -2 9 2 -111252
13 21 -2 15 -97106
-19 -7 -20 0 -71176
18 -2 17 -5 -82464
-20 -4 -22 -5 -37014
-7 3 -6 1 -104210
-10 -3 -9 -4 -89676
-22 12 10 14 -111266
-11 -19 23 -7 -111582
-1 -4 0 -1 -101542
-21 -7 -19 12 -100790
8 -8 8 24 -105592
-3 -24 21 -17 -102320
21 -22 18 -2 -81912
5 -3 4 -4 -94160
16 -3 -12 23 -118074
23 -10 18 -9 -43876
14 1 2 7 -128252
-19 -20 11 -23 -95524
17 12 13 -24 -106474
-12 4 -18 -2 -100604
6 -22 -15 23 -116608
0 -20 24 7 -110982
19 -2 16 11 -107644
2 5 -3 6 -104582
-10 21 3 18 -102984
17 2 12 17 -104010
-6 2 -9 5 -100366
-9 19 -15 9 -114082
17 -10 19 1 -99278
7 15 2 9 -111986
-1 -15 -8 -20 -98500
-4 -11 1 -15 -102074
-12 11 -23 10 -83780
5 -3 5 7 -111730
0 18 21 17 -105426
0 -11 1 -3 -106406
4 12 10 6 -106318
-13 4 -11 1 -97216
5 -7 2 -14 -106832
-24 18 14 7 -103952
8 2 24 12 -108520
3 -1 2 -1 -95470
-10 4 -10 -5 -98674
-15 14 16 12 -113288
0 4 2 2 -104866
-6 -10 -5 -7 -105568
-2 2 0 -3 -104108
1 8 2 15 -108156
4 -24 2 0 -105074
0 9 -4 22 -113322
20 16 15 -13 -114146
-11 11 -9 1 -113434
-5 23 1 14 -101164
2 -14 1 -21 -74968
-1 9 0 14 -102698
-3 -2 -4 1 -99656
5 -10 17 24 -111830
12 4 12 8 -80690
22 9 15 -15 -109072
-4 -9 -10 -12 -108372
-1 2 2 4 -103722
-13 -21 -15 -19 -63396
-18 -2 -9 24 -114740
-9 -23 -11 -10 -96158
10 -10 3 -6 -106520
-9 0 -17 -2 -107000
-18 14 -10 6 -106932
-5 -15 -11 -20 -82842
6 -12 8 -2 -104390
