-18 -2 -12 -6 -93511
6 8 6 10 -83589
-12 -23 -14 -16 -67009
-24 -8 -14 -10 -89323
11 14 15 11 -87989
12 24 8 9 -89139
6 -22 -3 -18 -86571
20 -4 16 1 -93841
-11 5 -11 12 -84911
6 -12 8 -10 -85643
-21 -1 -21 -15 -83065
6 3 6 5 -73651
-23 17 -21 9 -52509
24 -6 24 -5 -48781
7 14 5 8 -89713
-2 -24 -5 -13 -87591
17 -12 17 -10 -60969
-14 9 -12 4 -79085
23 -7 21 -2 -67973
-2 4 -3 5 -86709
-7 12 -2 16 -90653
-18 2 -18 20 -95835
-21 -2 -16 -1 -77423
1 23 5 22 -62319
14 -10 22 -7 -78473
4 -3 6 -4 -93063
3 8 8 11 -94769
-23 19 19 21 -82869
-19 12 -20 1 -90581
21 -3 14 -11 -90791
1 -12 2 -12 -78859
-20 -9 -19 -18 -81445
-10 -7 -12 -12 -81257
15 -8 24 -17 -77979
-18 23 -19 21 -23489
-9 -5 -14 -24 -92169
13 -17 -16 -23 -89147
-11 18 -11 12 -71287
-13 14 -22 16 -74663
-7 -20 -4 -18 -74471
-11 16 -18 17 -81219
18 0 20 6 -77875
-7 -24 -1 -13 -92309
18 -8 20 -16 -78435
-5 -4 -4 -9 -90259
4 -11 0 -18 -97389
-2 -16 9 -23 -89219
-18 23 -23 0 -91169
-13 -3 -23 -23 -90175
7 6 24 -23 -96475
5 -12 14 -13 -90505
19 8 12 19 -95773
-11 -15 -15 -9 -92065
-10 -6 -10 -8 -78401
-17 -5 -21 1 -90295
-3 0 0 1 -92187
7 16 7 15 -78009
6 2 5 -5 -90633
6 13 8 12 -92033
-13 0 -11 7 -86687
16 13 24 0 -89495
1 15 -17 -5 -111691
-4 2 -5 -3 -82307
-9 9 -18 7 -98701
8 0 11 -7 -90367
1 -23 12 -18 -86705
-5 -13 -10 -18 -87329
-12 8 -10 17 -92855
14 6 13 5 -79559
15 3 17 0 -85215
-9 12 -13 10 -98941
0 2 2 1 -91123
-20 -21 -20 -7 -85605
-3 0 -1 -1 -89423
-20 -8 -17 -12 -86867
10 -7 6 -11 -96849
8 -10 9 -6 -77837
23 4 13 -1 -93391
-1 -14 1 -18 -90609
1 -7 1 -13 -81735
17 -20 7 -18 -87841
24 10 -6 15 -91993
6 -6 9 -5 -90087
1 5 -3 4 -88845
1 -6 -3 -4 -87761
11 5 9 8 -89499
-14 3 24 19 -96487
-7 19 -13 24 -52969
4 -2 6 -1 -88737
7 -2 8 6 -86187
14 17 5 15 -90821
-2 18 2 21 -81007
24 8 18 -13 -89117
-24 -14 -3 -7 -90671
4 17 5 11 -87027
19 -21 23 -23 -13875
16 7 19 7 -79245
13 -5 11 -8 -74473
-22 -23 3 -10 -87369
-13 -13 -19 -24 -68409
3 15 -3 24 -87343
17 -2 14 -1 -88915
18 1 24 15 -81371
-15 -8 -17 -5 -85827
6 5 9 4 -93561
8 6 7 11 -92581
9 -20 9 -6 -91843
1 1 0 1 -91953
9 1 6 -1 -93963
0 5 0 7 -80079
-14 -23 -19 -13 -83399
-23 3 -18 8 -82603
9 -1 8 -7 -88399
9 1 7 1 -91043
-20 19 0 21 -93107
11 -17 17 -23 -65541
20 15 18 9 -77557
-7 23 -6 16 -67515
-23 1 -22 24 -70415
13 -4 11 -4 -75403
7 -6 24 -5 -93917
-21 -22 -21 -18 -26103
13 9 10 13 -90515
-3 16 -1 23 -86657
-5 3 -5 1 -79643
-12 10 -10 22 -91043
-6 -1 -5 -7 -92181
-4 18 1 19 -84489
1 -23 6 -16 -91363
6 9 6 5 -86547
24 -14 -14 -23 -87159
-1 21 6 24 -64023
-22 -14 -20 9 -85987
-10 17 -17 16 -89883
2 11 1 10 -79267
4 12 9 14 -99849
6 -20 4 -23 -65481
0 -10 -4 -12 -89421
12 14 9 18 -88771
-17 16 -6 22 -98113
-8 4 -9 0 -79803
-13 -22 -23 -13 -88143
-11 18 -5 18 -71029
4 -17 -2 -22 -91841
-11 15 -14 14 -90499
0 -9 2 -12 -90977
15 15 20 11 -71599
23 22 22 -18 -89625
8 -20 -24 -23 -73845
-5 18 13 19 -98611
-7 11 -4 11 -90045
-8 -19 -7 -23 -49697
-16 -13 -16 -16 -74017
-9 -5 -10 -2 -92023
0 -9 -2 -7 -88471
0 5 2 5 -87131
22 16 23 1 -76725
7 -7 6 -1 -89255
-1 4 2 6 -86639
18 -18 2 -24 -89383
-20 -7 -16 -15 -95051
8 -8 9 -9 -72999
7 13 6 13 -90653
-17 -4 -22 -8 -80305
17 -4 12 -2 -88077
-8 -22 -17 -17 -82689
7 -11 11 -13 -82201
4 6 20 -16 -115051
0 -17 -1 -12 -89787
17 12 18 -21 -97285
11 17 7 19 -75959
-22 12 -19 17 -59359
-12 8 -20 11 -87151
-16 3 -16 1 -67635
5 23 17 17 -78053
5 -24 -13 -23 -78897
11 22 11 21 -31421
-13 22 23 21 -79877
3 -4 1 -4 -86375
-4 3 -3 6 -85645
1 19 9 19 -84163
-1 -19 -4 -19 -77635
-16 -13 -14 -16 -78199
1 -7 0 -2 -89979
7 17 12 13 -96657
23 21 21 24 -9931
-3 17 -2 22 -82691
-5 -8 -10 -8 -81289
17 0 14 -1 -81557
5 -7 2 -11 -87255
-15 -1 -22 -20 -98529
21 -7 22 3 -73767
-10 24 0 13 -93243
5 -8 -23 24 -96817
20 -2 20 -14 -91609
18 -9 22 0 -86855
-22 7 -14 21 -92749
-2 23 -7 13 -96823
23 -7 22 -20 -65087
-19 11 -18 -1 -91513
3 19 1 13 -87803
1 0 2 4 -86413
-11 -4 -8 0 -91951
-10 11 -11 7 -86213
1 4 0 -4 -93119
2 -20 -1 -20 -75645
11 -1 11 3 -73109
2 -21 9 -22 -69737
6 -17 -2 -16 -92199
-3 20 -10 22 -65483
15 -2 24 -13 -94173
-12 -10 -13 0 -91261
-9 -16 -4 -23 -82641
-11 1 -8 0 -88969
-9 12 -14 12 -96033
-16 0 -22 21 -91273
5 21 5 16 -75701
10 12 10 23 -84195
23 -11 10 -13 -83585
-14 5 -12 6 -79885
24 -20 4 -19 -84813
17 19 15 17 -51825
-9 -8 -10 -5 -84601
17 6 23 -2 -93831
18 -8 16 0 -88233
8 0 14 -2 -85065
-2 -21 -9 -15 -90983
-17 5 -20 1 -81167
7 -3 9 -1 -92889
-9 -10 -7 -14 -83077
-10 -15 -14 -15 -82613
-15 -6 -19 -10 -81885
-15 13 -6 22 -107451
21 0 20 1 -70773
-2 9 -1 12 -81707
5 -10 6 -15 -84383
-12 -12 -14 -16 -83907
8 1 7 2 -92229
16 7 11 6 -83103
4 0 -23 24 -90785
-13 -12 -7 -20 -89157
-13 0 -16 -2 -76817
17 -24 19 -16 -31777
21 -10 23 10 -86157
-20 19 -19 9 -68341
-21 -23 -21 -9 -67265
-11 16 -8 6 -83479
-2 8 -7 7 -98933
2 3 3 0 -82523
19 -14 22 -21 -43821
13 3 14 20 -96571
-9 8 -6 14 -97171
0 13 0 10 -82565
-24 -10 -1 -22 -90129
-15 -20 -15 -16 -59723
8 16 10 19 -67739
-1 0 0 0 -89825
3 4 0 6 -88647
-19 21 -23 18 -32623
1 3 1 4 -78801
-1 -12 0 -11 -80707
-24 7 21 24 -80783
-4 -8 -6 -20 -90617
6 -8 2 -6 -88305
-9 -11 -9 -15 -79035
12 7 14 3 -88017
11 -15 10 -5 -83445
-2 1 -2 2 -80565
-8 11 -3 10 -94357
-10 -13 -1 -12 -91027
-7 2 -6 9 -94041
-24 -9 -13 -16 -93083
-22 10 -22 3 -62919
-15 0 -18 9 -91091
-19 -6 -23 -2 -70277
1 18 5 14 -90397
0 -19 -5 -23 -72947
-7 -5 -6 -3 -87307
14 -1 12 -6 -86421
-11 -9 -16 -8 -84141
15 -21 6 -12 -95025
-1 -8 2 -7 -81793
7 -23 -7 -22 -87441
6 3 24 1 -94071
-9 4 -1 4 -111717
24 -8 20 -5 -51253
-16 17 -16 4 -90469
-16 23 -4 11 -93097
-4 -7 -6 -9 -87655
-1 1 0 -5 -94833
-17 0 -17 -7 -73393
-16 -5 -10 0 -91425
13 -10 17 -18 -87071
21 9 15 11 -75055
-12 12 -18 22 -71135
-3 -24 -6 -20 -52669
6 -24 15 -23 -59103
-8 6 -6 10 -95419
0 18 0 21 -71989
6 23 -13 24 -82325
-15 -19 23 -21 -93651
-7 5 -5 7 -95339
6 10 9 8 -92011
12 20 13 23 -34239
20 -9 23 20 -90853
9 -10 11 -8 -84673
2 -11 0 -16 -88775
22 -3 21 14 -86819
4 -2 3 -5 -85801
4 6 2 10 -90165
-12 -18 15 -23 -95433
17 6 17 9 -67293
-12 0 -16 2 -81533
-7 14 -6 21 -83499
-13 -21 -13 -24 -21455
-3 3 -5 1 -88013
10 13 8 20 -93239
-2 0 -4 0 -89445
5 8 -2 10 -96163
9 -17 24 -22 -74157
-18 12 -20 11 -72463
-24 7 -14 12 -93347
12 0 10 -2 -82563
2 13 -2 16 -86895
13 12 11 16 -84897
6 -13 7 -14 -78025
-5 -11 -6 -8 -83411
0 -16 21 -24 -91375
22 -14 9 -17 -83301
16 9 13 10 -77741
9 7 9 8 -80949
-6 4 -5 4 -98885
-1 15 5 15 -87427
20 16 17 10 -84365
-15 -7 -7 -7 -90659
-19 -16 -9 -15 -95761
8 -19 1 -17 -82435
-8 2 -9 8 -83389
17 6 18 11 -73807
-1 -5 -3 0 -93881
-12 -19 0 -18 -91825
-4 18 -3 5 -98225
-19 -13 -20 -1 -87109
6 22 -10 20 -98205
-5 24 -4 12 -90779
9 -24 8 -9 -73187
23 7 15 4 -86753
24 15 10 9 -87309
-11 -13 -9 -9 -80723
-13 0 -7 12 -113785
2 -23 -3 -23 -65295
-21 -17 -19 8 -91501
14 -14 17 -16 -73077
21 -22 17 4 -98087
6 -1 4 1 -94505
-19 11 -14 19 -77007
-17 7 -24 0 -81877
-22 -18 -13 -22 -69223
-1 -13 2 -16 -93405
0 23 -18 17 -95777
4 -19 19 -15 -94605
9 18 8 10 -91441
-6 24 9 17 -93807
22 6 -23 -3 -90353
-15 10 -15 8 -65303
-10 -2 -9 1 -81555
-6 -6 -6 -11 -88945
2 5 7 7 -89999
-22 0 -17 -2 -79595
9 -13 14 -9 -80945
-2 3 -23 11 -93731
-8 -16 -16 -17 -89187
0 -20 24 -4 -97007
18 -12 20 -23 -55351
-10 0 -8 -5 -95241
-2 -9 0 -12 -89813
15 9 18 11 -81591
-12 8 -9 9 -95123
-19 11 -24 5 -73977
-11 -5 -12 -7 -77373
-16 13 -24 7 -89145
-14 14 -7 23 -94869
-4 0 -8 0 -94725
3 12 -6 12 -91963
10 11 8 9 -86443
-9 -12 -8 -22 -82055
10 -5 9 0 -83655
-22 16 -16 10 -68437
16 -17 21 -8 -72103
0 -11 1 -12 -89287
17 23 23 1 -83221
-12 -10 -22 -15 -93109
2 21 4 15 -83479
-14 4 -7 4 -97069
14 7 7 9 -95951
-6 19 -8 10 -95317
-3 -10 -7 -8 -88665
-19 -7 -20 -17 -83997
-14 -11 -16 -21 -86381
10 11 8 10 -88021
-7 -18 21 -24 -94433
-15 -11 -17 -7 -83831
9 -16 8 -10 -81681
10 -6 12 -8 -73583
4 20 -6 23 -85139
17 -1 21 -7 -89201
22 -7 -24 -9 -87169
-18 -24 -3 16 -98193
4 12 7 13 -93687
-8 9 -5 10 -94385
23 -13 13 -24 -55841
0 17 -3 18 -78513
5 13 16 18 -96993
13 5 15 -5 -91171
4 -14 6 -12 -79841
6 -24 5 -21 -27253
1 13 5 9 -96161
-18 -4 -18 8 -86389
-21 -5 -14 -7 -93293
17 5 17 -1 -80625
17 9 14 3 -90483
22 23 -2 12 -90769
5 2 6 0 -88341
19 14 15 10 -86675
18 7 23 1 -80079
-23 18 -6 12 -92841
-19 4 -15 4 -77217
-12 -1 -10 0 -87771
-22 -12 -15 -2 -96085
-12 -9 -17 -15 -94937
6 6 19 24 -93793
-8 21 3 23 -87689
15 -24 13 -1 -87951
-5 0 -24 -12 -95753
-6 20 -3 21 -66725
18 19 -16 19 -91349
20 0 24 -3 -56217
-10 -14 -11 -10 -83251
-24 -10 -21 -10 -29063
21 0 14 -1 -90773
-24 -8 -24 16 -66551
0 12 4 24 -93981
16 -2 11 24 -96307
3 -23 6 -18 -77455
-19 -7 -20 0 -74683
18 -2 17 -5 -75663
-20 -4 -22 -5 -55809
-9 -14 -18 -18 -95717
-10 -3 -9 -4 -87591
11 18 24 23 -46157
-17 10 -16 10 -74757
-1 -4 0 -1 -84547
-21 8 -19 12 -73863
-11 -24 -8 24 -91283
-3 -24 21 -17 -94447
21 -22 18 -2 -92807
5 -3 4 -4 -85515
16 -3 19 23 -95973
23 -10 18 -9 -54115
14 1 10 7 -96031
-19 -20 11 -23 -88653
23 -1 18 -6 -70745
5 -8 10 -8 -88217
13 16 16 11 -83595
-24 -20 -12 -18 -55707
19 18 16 11 -79691
13 13 11 11 -73401
11 -4 16 2 -90449
9 22 2 17 -80479
-6 2 -9 5 -89817
-12 6 -10 6 -87987
-17 -3 -20 3 -80929
0 10 1 9 -81751
21 -11 21 -5 -71603
-4 -11 1 -15 -96641
-12 11 -23 10 -92437
0 -11 4 -8 -89175
0 18 21 17 -92269
0 -11 1 -3 -89771
16 3 22 6 -86321
-13 4 -11 1 -81083
-18 -12 -23 -7 -76907
-24 18 14 7 -92733
10 -16 18 -20 -87627
3 -1 2 -1 -86477
-10 4 -10 -5 -87259
0 -13 0 -18 -90325
0 -15 -1 -20 -91949
-6 -10 -5 -7 -88103
-19 -3 -17 -6 -84439
1 8 2 15 -91023
4 -24 2 0 -86815
-5 -18 0 -15 -90905
-4 11 -5 14 -74713
-11 0 -9 0 -88931
-5 23 0 -7 -107211
2 -14 1 -21 -88681
6 -15 9 -12 -79473
-3 -2 -4 1 -84427
-3 -9 -5 -9 -82701
12 4 12 8 -82265
22 9 6 24 -90637
-13 15 -10 17 -88361
-1 16 -4 9 -94321
-13 -21 -15 -19 -63991
16 7 17 0 -87355
0 -17 -1 -21 -79419
10 -10 14 -21 -84815
20 -14 22 -7 -69435
16 -16 24 23 -90643
-5 -15 -11 -20 -83307
-12 -9 -10 -10 -80223
