24 14 24 -8 -87498
6 8 6 10 -77104
-12 -23 -14 -16 -70434
-24 -8 -14 -10 -80646
11 14 15 11 -87122
12 24 8 9 -83286
-6 -16 22 3 -103964
20 -4 16 1 -93496
-11 5 -11 12 -79276
6 -12 8 -10 -85954
-21 -1 -21 -15 -74840
6 3 6 5 -77944
-23 17 -21 9 -52892
24 -6 24 -5 -49906
7 14 5 8 -84856
-20 14 -14 24 -72820
17 -12 17 -10 -64176
-14 9 -12 4 -72028
23 -7 21 -2 -69864
-2 4 -3 5 -82820
-7 12 -2 16 -93478
-3 17 -7 19 -80288
-21 -2 -16 -1 -72156
1 23 5 22 -58210
14 -10 22 -7 -81268
4 -3 6 -4 -93860
3 8 8 11 -91570
-23 19 19 21 -86392
17 -15 15 -19 -59950
21 -3 14 -11 -95692
1 -12 2 -12 -77426
-20 -9 -19 -18 -85558
-10 -7 -12 -12 -80528
15 -8 24 -17 -83426
-18 23 -19 21 -34952
-9 -5 -14 -24 -92436
13 -17 -16 -23 -88368
-11 18 -11 12 -79498
-13 14 -22 16 -81926
-7 -20 -4 -18 -76700
-11 16 -18 17 -83722
18 0 20 6 -79876
-7 -24 -1 -13 -93256
18 -8 20 -16 -81434
-5 -4 -4 -9 -88318
-3 -15 -2 -18 -84316
-14 24 7 20 -91400
-18 23 -23 0 -88676
-13 -3 -23 -23 -90166
7 6 24 -23 -92656
5 -12 14 -13 -90516
-17 3 -17 -23 -82850
13 -16 15 -14 -72316
-10 -6 -10 -8 -75814
13 -15 23 -21 -78312
-3 0 0 1 -84730
7 16 7 15 -79498
6 2 5 -5 -88016
6 13 8 12 -90232
-13 0 -11 7 -79624
16 13 24 0 -92530
-10 15 -17 24 -68282
-4 2 -5 -3 -81612
-19 -16 -19 -10 -80588
8 0 11 -7 -89982
1 -23 12 -18 -93040
-5 -13 -10 -18 -91944
-12 8 -10 17 -92990
14 6 13 5 -78598
15 3 17 0 -85436
22 12 24 4 -64972
0 2 2 1 -84450
-20 -21 -20 -7 -89928
-3 0 -1 -1 -81772
-20 -8 -17 -12 -75444
-6 7 -3 11 -88622
8 -10 9 -6 -75076
22 -22 21 -22 -25038
-1 -14 1 -18 -85158
1 -7 1 -13 -86480
17 -20 7 -18 -84844
24 10 -6 15 -89930
6 -6 9 -5 -85676
1 5 -3 4 -86570
1 -6 -3 -4 -87398
11 5 9 8 -82904
10 -13 3 -18 -95598
-7 19 -13 24 -53966
4 -2 6 -1 -86414
7 -2 8 6 -91422
14 17 5 15 -90828
-2 18 2 21 -77160
24 8 18 -13 -93388
-24 -14 -3 -7 -89586
4 17 5 11 -88304
19 -21 23 -23 -26548
16 7 19 7 -86480
13 -5 11 -8 -80458
-22 -23 3 -10 -89818
-13 -13 -19 -24 -81794
3 15 -3 24 -84182
17 -2 14 -1 -91802
18 1 24 15 -89716
-15 -8 -17 -5 -76376
6 5 9 4 -87188
19 -7 7 -7 -99404
-3 3 -4 13 -89754
14 13 -20 19 -100682
7 -3 6 6 -93308
0 5 0 7 -85684
-14 -23 -19 -13 -85154
-23 3 -18 8 -77332
9 -1 8 -7 -86716
9 1 7 1 -83628
-20 19 0 21 -88008
11 -17 17 -23 -69944
20 15 18 9 -79182
-7 23 -6 16 -66790
-23 1 -22 24 -69270
13 -4 11 -4 -79088
-13 8 -15 19 -88896
-21 -22 -21 -18 -31154
13 9 10 13 -85802
-3 16 -1 23 -81758
-5 3 -5 1 -77748
-9 -21 11 24 -96658
-6 -1 -5 -7 -89956
-4 18 1 19 -80926
3 7 1 5 -97970
6 9 6 5 -83120
24 -14 -14 -23 -86346
-1 21 6 24 -60394
-22 -14 -20 9 -75976
-10 17 -17 16 -87520
2 11 1 10 -79346
23 -21 22 14 -92598
6 -20 4 -23 -66512
0 -10 -4 -12 -86256
12 14 9 18 -89194
-17 -9 -14 -8 -76170
-8 4 -9 0 -74262
-13 -22 -23 -13 -85920
-11 18 -5 18 -85012
4 -17 -2 -22 -87116
-11 15 -14 14 -80372
0 -9 2 -12 -88638
15 15 20 11 -69592
23 22 22 -18 -87782
8 -20 -24 -23 -77992
-20 -22 -16 -15 -68392
-7 11 -4 11 -88666
-8 -19 -7 -23 -47758
-16 -13 -16 -16 -76618
-9 -5 -10 -2 -86754
0 -9 -2 -7 -87652
0 5 2 5 -82466
22 16 23 1 -87970
7 -7 6 -1 -89532
-1 4 2 6 -92324
18 -18 2 -24 -90376
8 22 18 21 -67734
8 -8 9 -9 -75598
7 13 6 13 -85552
-17 -4 -22 -8 -71690
17 -4 12 -2 -92824
-8 -22 -17 -17 -80408
7 -11 11 -13 -81610
-15 -7 -15 -15 -82190
0 -17 -1 -12 -81920
13 12 8 13 -88202
11 17 7 19 -86260
-22 12 -19 17 -58072
-12 8 -20 11 -88768
-16 3 -16 1 -64432
5 23 17 17 -86158
5 -24 -13 -23 -78496
11 22 11 21 -31404
-13 22 23 21 -80834
3 -4 1 -4 -86224
-4 3 -3 6 -82384
1 19 9 19 -79738
-1 -19 -4 -19 -74644
-16 -13 -14 -16 -76612
1 -7 0 -2 -87628
-22 13 -4 1 -98826
23 21 21 24 -10218
-3 17 -2 22 -78348
-5 -8 -10 -8 -77250
17 0 14 -1 -89354
5 -7 2 -11 -91362
-3 15 -8 15 -88060
21 -7 22 3 -76836
0 18 0 14 -84124
-7 -13 -8 -16 -81960
20 -2 20 -14 -91714
18 -9 22 0 -89342
10 -12 13 -22 -75186
10 16 7 18 -91634
23 -7 22 -20 -70212
-19 1 -18 9 -78010
3 19 1 13 -95602
1 0 2 4 -86788
-11 -4 -8 0 -88760
-10 11 -11 7 -76078
-3 -17 5 -18 -92824
2 -20 -1 -20 -78408
11 -1 11 3 -73196
2 -21 9 -22 -72982
3 -22 10 -15 -93214
-3 20 -10 22 -74050
15 -2 24 -13 -93730
-12 -10 -13 0 -86612
-9 -16 -4 -23 -79572
-11 1 -8 0 -78994
-9 12 -14 12 -79802
-16 0 -22 21 -91306
5 21 5 16 -76704
10 12 10 23 -81850
23 -11 10 -13 -92640
-14 5 -12 6 -67378
24 -20 4 -19 -86120
17 19 15 17 -54082
-9 -8 -10 -5 -81070
17 6 23 -2 -92410
18 -8 16 0 -88886
8 0 14 -2 -81866
13 3 20 6 -99308
-17 5 -20 1 -78160
7 -3 9 -1 -85966
-9 -10 -7 -14 -83694
-10 -15 -14 -15 -76300
-15 -6 -19 -10 -77902
5 9 4 10 -83886
21 0 20 1 -69232
-2 9 -1 12 -80950
5 -10 6 -15 -81954
-12 -12 -14 -16 -82076
8 1 7 2 -88602
16 7 11 6 -84090
4 0 -23 24 -87160
-13 -12 -7 -20 -92146
-13 0 -16 -2 -72404
17 -24 19 -16 -39734
21 -10 23 10 -94574
-20 19 -19 9 -69306
-21 -23 -21 -9 -74220
-11 16 -8 6 -84064
-2 8 0 7 -79462
2 3 3 0 -81484
19 -14 22 -21 -56530
6 -24 14 -16 -74002
8 -24 5 -3 -88952
0 13 0 10 -79654
-24 -10 -1 -22 -86942
-15 -20 -15 -16 -66428
8 16 10 19 -65234
-1 0 0 0 -83542
3 4 0 6 -82218
-19 21 -23 18 -39498
1 3 1 4 -80534
-1 -12 0 -11 -79380
-24 7 21 24 -80190
2 -19 5 -20 -81332
6 -8 2 -6 -92202
-9 -11 -9 -15 -83566
12 7 14 3 -79482
11 -15 10 -5 -84504
-2 1 -2 2 -78862
-8 11 -3 10 -89844
-10 -13 -1 -12 -88606
24 8 13 11 -86436
-24 -23 -13 -15 -68060
-22 10 -22 3 -57832
-19 0 -17 -2 -80920
-19 -6 -23 -2 -67122
1 18 5 14 -91466
0 -19 -5 -23 -72876
-7 -5 -6 -3 -86078
14 -1 12 -6 -86988
-11 -9 -16 -8 -82384
1 -19 3 -24 -54748
-1 -8 2 -7 -82896
7 -23 -7 -22 -88312
4 17 14 22 -77718
-12 10 -24 22 -80842
24 -8 20 -5 -53626
-16 17 -16 4 -87880
-24 -24 -7 -10 -83692
-4 -7 -6 -9 -86800
-1 1 0 -5 -91644
-17 0 -17 -7 -69242
-16 -5 -10 0 -87894
13 -10 17 -18 -87694
21 9 15 11 -83730
-12 12 -18 22 -84082
-3 -24 -6 -20 -49312
6 -24 15 -23 -60188
-8 6 -6 10 -83942
0 18 0 21 -70340
6 23 -13 24 -86718
-15 -19 23 -21 -87750
-7 5 -5 7 -82202
6 10 9 8 -88126
12 20 13 23 -35598
20 -9 23 20 -92574
9 -10 11 -8 -83740
2 -11 0 -16 -82852
22 -3 21 14 -96758
4 -2 3 -5 -82536
4 6 2 10 -88350
1 11 -3 10 -79676
17 6 17 9 -71368
-12 0 -16 2 -72976
-7 14 -6 21 -80490
-13 -21 -13 -24 -23014
-3 3 -5 1 -77546
10 13 8 20 -94326
21 10 -23 8 -89752
-6 -16 -7 -14 -78788
9 -17 24 -22 -83954
-18 12 -20 11 -68962
-2 -8 -2 -15 -88262
12 0 10 -2 -81136
2 13 -2 16 -83998
13 12 11 16 -80108
6 -13 7 -14 -80508
-5 -11 -6 -8 -85570
0 -16 21 -24 -87110
22 -14 9 -17 -94808
16 9 13 10 -78424
9 7 9 8 -72820
13 0 17 2 -88766
-1 15 5 15 -81276
20 16 17 10 -84220
-15 -7 -7 -7 -86800
-19 -16 -9 -15 -89936
8 -19 1 -17 -94646
-8 2 -9 8 -76150
17 6 18 11 -81560
-1 -5 -3 0 -92292
-12 -19 0 -18 -89240
-4 -12 -4 -7 -89314
-19 -13 -20 -1 -79790
-6 18 -10 18 -79644
-5 24 -4 12 -85412
9 -24 8 -9 -79108
23 7 15 4 -91874
24 15 10 9 -92896
-11 -13 -9 -9 -81672
18 4 20 8 -84402
2 -23 -3 -23 -68608
18 -6 9 -15 -113074
14 -14 17 -16 -76434
16 -5 11 -15 -103734
6 -1 4 1 -93418
-19 11 -14 19 -76710
-17 7 -24 0 -76820
-22 -18 -13 -22 -69000
-12 22 -23 15 -79380
21 12 20 5 -79912
-10 19 -12 10 -95408
9 18 8 10 -86418
-6 24 9 17 -89568
12 6 -23 -11 -99068
-15 10 -15 8 -63528
-10 -2 -9 1 -78820
-8 10 -5 16 -95914
2 5 7 7 -93710
-22 0 -17 -2 -78922
9 -13 14 -9 -93146
0 3 -2 -2 -86930
-8 -16 -16 -17 -82344
-20 -20 24 2 -92432
18 -12 20 -23 -66026
-10 0 -8 -5 -90540
-2 -9 0 -12 -90716
15 9 18 11 -88782
-12 8 -9 9 -73694
-19 11 -24 5 -68228
-11 -5 -12 -7 -74888
-16 13 -24 7 -79918
-14 14 -7 23 -84186
-4 0 -8 0 -80518
-4 -19 -7 -16 -79188
10 11 8 9 -81226
-9 -12 -8 -22 -89244
10 -5 9 0 -83166
-22 16 -16 10 -75938
16 -17 21 -8 -79732
0 -11 1 -12 -83040
17 23 23 1 -77198
-12 -10 -22 -15 -93180
2 21 4 15 -86810
-24 7 -21 -2 -48528
-18 -6 -19 22 -90452
-6 19 -8 10 -97136
-3 -10 -7 -8 -88364
-19 -7 -20 -17 -85024
-14 -11 -16 -21 -90464
10 11 8 10 -83686
-15 21 -14 22 -46756
-15 -11 -17 -7 -77462
9 -16 8 -10 -81324
10 -6 12 -8 -76196
4 20 -6 23 -83002
17 -1 21 -7 -88838
22 -7 -24 -9 -86834
-14 0 -23 7 -84906
4 12 7 13 -84906
-8 9 -5 10 -86796
23 -13 13 -24 -66628
0 17 -3 18 -76030
-2 -5 -3 -5 -78632
13 5 15 -5 -91938
4 -14 6 -12 -88498
6 -24 5 -21 -32786
1 -10 7 -9 -95798
-18 -4 -18 8 -83160
20 -5 24 -23 -77634
17 5 17 -1 -78846
1 24 -14 16 -88750
22 23 -2 12 -87094
5 2 6 0 -88614
19 14 15 10 -92332
18 7 23 1 -81228
-23 18 -6 12 -93598
-19 4 -15 4 -74576
-12 -1 -10 0 -80650
18 -12 8 -18 -99096
15 16 11 16 -73186
6 6 19 24 -90200
-8 21 3 23 -85072
15 -24 13 -1 -84718
-5 0 -24 -12 -93438
-6 20 -3 21 -70104
18 19 -16 19 -93770
20 0 24 -3 -56162
-10 -14 -11 -10 -79784
-24 -10 -21 -10 -28196
21 0 14 -1 -89592
-24 -8 -24 16 -68200
0 -16 7 -22 -93206
3 19 2 14 -93568
3 -23 6 -18 -76576
-19 -7 -20 0 -71330
18 -2 17 -5 -77154
-20 -4 -22 -5 -50754
-12 -13 -20 -12 -87782
-10 -3 -9 -4 -81272
11 18 24 23 -47480
-17 10 -16 10 -73806
-1 -4 0 -1 -83022
-21 8 -19 12 -70414
-11 -24 -8 24 -88208
-3 -24 21 -17 -91074
21 -22 18 -2 -95202
5 -3 4 -4 -83398
-2 10 -1 17 -88538
23 -10 18 -9 -55518
5 8 2 4 -101212
-19 -20 11 -23 -85080
23 -1 18 -6 -70870
5 -8 10 -8 -88268
13 16 16 11 -73188
-24 -20 -12 -18 -63614
19 18 16 11 -76944
13 13 11 11 -71586
11 -4 16 2 -93794
9 22 2 17 -77204
-6 2 -9 5 -84108
-12 6 -10 6 -69340
-17 -3 -20 3 -80922
0 10 1 9 -75082
21 -11 21 -5 -72506
2 -20 0 -18 -76740
-12 11 -23 10 -90672
0 -11 4 -8 -93880
0 18 21 17 -94598
0 -11 1 -3 -89830
16 3 22 6 -90228
-13 4 -11 1 -74670
-18 -12 -23 -7 -67714
-24 18 14 7 -96886
10 -16 18 -20 -90330
3 -1 2 -1 -84906
-10 4 -10 -5 -85146
-18 13 -19 4 -79068
0 -15 -1 -20 -89424
-6 -10 -5 -7 -86524
-19 -3 -17 -6 -76138
1 8 2 15 -89026
4 -24 2 0 -91486
-5 -18 0 -15 -88722
-4 11 -5 14 -70432
-11 0 -9 0 -79500
-5 -16 -5 -17 -76884
2 -14 1 -21 -83176
6 -15 9 -12 -87438
-3 -2 -4 1 -81542
-3 -9 -5 -9 -82442
12 4 12 8 -75072
22 9 6 24 -89518
-13 15 -10 17 -79470
-11 13 -8 24 -79582
-13 -21 -15 -19 -63668
16 7 17 0 -85844
0 -17 -1 -21 -79130
10 -10 14 -19 -86344
20 -14 22 -7 -70166
16 -16 24 23 -87952
-5 -15 -11 -20 -85768
-12 -9 -10 -10 -75518
