24 14 24 -8 -76540
6 8 6 10 -83708
-12 -23 -14 -16 -70134
-24 -8 -14 -10 -79712
14 -4 20 -3 -79102
12 24 8 9 -84216
19 -5 21 -7 -74678
20 -4 16 1 -84206
-11 5 -11 12 -79572
6 -12 8 -10 -77708
-21 -1 -21 -15 -87656
6 3 6 5 -76726
-23 17 -21 9 -58134
24 -6 24 -5 -52714
7 14 5 8 -83914
-20 14 -14 24 -73438
17 -12 17 -10 -59062
-14 9 -12 4 -72024
23 -7 21 -2 -71440
-2 4 -3 5 -89512
24 -18 7 -20 -77220
-3 17 -7 19 -80346
-21 -2 -16 -1 -72848
1 23 5 22 -61622
14 -10 22 -7 -80462
-24 14 -21 20 -54810
12 -2 8 -3 -87248
-23 19 19 21 -79874
17 -15 15 -19 -71658
19 0 17 4 -79558
1 -12 2 -12 -76146
-20 -9 -19 -18 -81766
24 7 18 -7 -83428
15 -8 24 -17 -88838
-18 23 -19 21 -38776
-13 -1 -12 -2 -82206
13 -17 -16 -23 -86798
-11 18 -11 12 -65994
-13 14 -22 16 -79154
-7 -20 -4 -18 -74904
-11 16 -18 17 -78278
18 0 20 6 -77062
-1 4 -1 3 -87100
18 -8 20 -16 -80340
-5 -4 -4 -9 -78646
-3 -15 -2 -18 -81334
-14 24 7 20 -88968
-18 1 -23 -9 -84518
-8 0 -6 -8 -85210
-18 21 2 24 -82714
-13 -7 23 -24 -83146
-17 3 -17 -23 -87156
13 -16 15 -14 -66612
-10 -6 -10 -8 -80698
13 -15 23 -21 -84350
10 21 2 19 -84732
7 16 7 15 -73848
6 2 5 -5 -85024
6 13 8 12 -84832
-13 0 -11 7 -78742
-2 -10 -1 -7 -81774
-10 15 -17 24 -74956
-4 2 -5 -3 -74492
-19 -16 -19 -10 -78854
-5 -14 -5 -8 -83872
14 -23 17 -7 -89194
-12 -4 -13 0 -77262
-12 8 -10 17 -81216
14 6 13 5 -74626
-19 10 -18 5 -65172
22 12 24 4 -59722
0 2 2 1 -87312
-20 -17 -20 -18 -58874
0 19 0 20 -82154
-20 -8 -17 -12 -75262
-6 7 -3 11 -84228
8 -10 9 -6 -72024
22 -22 21 -22 -33554
-1 -14 1 -18 -77932
1 -7 1 -13 -83078
17 -20 7 -18 -80862
3 10 2 15 -87102
6 -6 9 -5 -82410
1 5 -3 4 -90468
1 -6 -3 -4 -79226
11 5 9 8 -77604
-4 23 -9 20 -68170
-7 19 -13 24 -59658
4 -2 6 -1 -82958
7 -2 8 6 -89918
-4 0 -3 0 -76984
-2 18 2 21 -85746
19 15 13 16 -71636
-24 -14 -3 -7 -85346
4 17 5 11 -88924
19 -21 23 -23 -32308
16 7 19 7 -75328
13 -5 11 -8 -74972
-22 22 -12 18 -62380
-13 -13 -19 -24 -82924
0 23 -5 0 -99894
-17 7 -22 6 -76762
-14 2 -16 0 -72570
-15 -8 -17 -5 -79592
6 5 9 4 -80932
5 -20 11 -22 -67138
-3 16 -4 11 -79100
-1 -24 -23 -18 -78042
7 -3 6 6 -91236
0 5 0 7 -84356
-14 -23 -19 -13 -86754
-23 3 -18 8 -81642
9 -1 8 -7 -83330
9 1 7 1 -82744
-21 -2 -23 21 -81150
11 -17 17 -23 -70694
20 15 18 9 -78848
-7 23 -6 16 -67794
-23 1 -22 24 -73442
13 -4 11 -4 -77700
-13 8 -15 19 -78344
-21 -22 -21 -18 -38268
-9 -12 -12 -14 -81322
4 17 6 16 -84686
-5 3 -5 1 -80776
-24 16 -24 21 -36190
-6 18 -5 12 -78172
-4 18 1 19 -78408
3 7 1 5 -87192
6 9 6 5 -83176
24 -14 -14 -23 -79084
-1 21 6 24 -64958
-22 -14 -20 9 -83168
-18 -23 -1 -17 -79546
2 11 1 10 -70786
23 -21 22 14 -84422
6 -20 4 -23 -62770
-9 -15 -6 -12 -81308
12 14 9 18 -85526
-17 -9 -14 -8 -78884
-8 4 -9 0 -73964
-13 -22 -23 -13 -86394
-11 18 -5 18 -86522
4 -17 -2 -22 -85764
-11 15 -14 14 -82114
0 -9 2 -12 -82480
15 15 20 11 -69264
23 22 22 -18 -82722
8 -20 -24 -23 -84496
-20 -22 -16 -15 -83604
-7 11 -4 11 -79710
-8 -19 -7 -23 -51112
-16 -13 -16 -16 -74146
-9 -5 -10 -2 -78688
0 -9 -2 -7 -77952
0 5 2 5 -83142
22 16 23 1 -79558
7 -7 6 -1 -84620
-1 4 2 6 -90054
-11 -7 -12 -10 -87820
8 22 18 21 -68418
8 -8 9 -9 -75774
7 13 6 13 -82270
-17 -4 -22 -8 -80878
4 1 1 3 -86832
-8 -22 -17 -17 -73566
7 -11 11 -13 -81524
-15 -7 -15 -15 -88558
0 -17 -1 -12 -75328
19 -17 -24 -13 -82822
11 17 7 19 -82806
-22 12 -19 17 -62456
-12 8 -20 11 -83774
-16 3 -16 1 -62262
5 23 17 17 -85156
5 -24 -13 -23 -79530
11 22 11 21 -32362
-13 22 23 21 -75914
3 -4 1 -4 -80722
-4 3 -3 6 -87040
1 19 9 19 -90884
-1 -19 -4 -19 -69068
-16 -13 -14 -16 -76240
-5 4 0 5 -90112
-17 -20 -19 -21 -56730
23 21 21 24 -11834
-3 17 -2 22 -80272
-5 -8 -10 -8 -70482
4 -8 3 -3 -82764
-18 23 -20 9 -76692
-3 15 -8 15 -83240
21 -7 22 3 -74170
0 18 0 14 -78900
-7 -13 -8 -16 -83548
21 -14 22 -14 -42246
-21 16 -22 19 -45860
10 -12 13 -22 -86532
10 16 7 18 -88200
23 -7 22 -20 -73254
-19 1 -18 9 -76106
9 -13 7 -19 -76878
-8 -13 -9 -20 -82868
-11 -4 -8 0 -83334
-10 11 -11 7 -78790
-21 -17 -20 -14 -71728
2 -20 -1 -20 -75976
11 -1 11 3 -68750
2 -21 9 -22 -72910
3 -22 10 -15 -84974
-3 20 -10 22 -76854
15 15 24 5 -77214
6 8 6 9 -84330
2 -14 10 -13 -85656
-11 1 -8 0 -90688
-9 12 -14 12 -86720
22 3 21 3 -44822
5 21 5 16 -77070
10 12 10 23 -78084
23 -11 10 -13 -84032
-14 5 -12 6 -73330
-2 21 0 23 -59012
17 19 15 17 -57472
-9 -8 -10 -5 -81596
17 -20 19 -15 -69620
18 -8 16 0 -84322
8 0 14 -2 -83098
-14 -9 -15 -11 -81712
-17 5 -20 1 -80308
24 2 3 -2 -85926
-9 -10 -7 -14 -79528
-10 -15 -14 -15 -65306
-15 -6 -19 -10 -87720
5 9 4 10 -82976
21 0 20 1 -65972
-2 9 -1 12 -75942
5 -10 6 -15 -80910
-12 -12 -14 -16 -80628
8 1 7 2 -82212
16 7 11 6 -77494
4 0 -23 24 -90376
-18 -12 -22 -20 -85234
-13 0 -16 -2 -70986
17 -24 19 -16 -50216
21 -10 23 10 -85050
-20 19 -19 9 -72972
-21 -23 -21 -9 -77550
-11 16 -8 6 -82754
-2 8 0 7 -84820
2 3 3 0 -82690
19 -14 22 -21 -73568
6 -24 14 -16 -65490
-4 -18 -5 -17 -80252
0 13 0 10 -78348
16 12 17 17 -71898
-15 -20 -15 -16 -66756
8 16 10 19 -65638
-1 0 0 0 -79526
3 4 0 6 -86116
-19 21 -23 18 -50298
1 3 1 4 -85628
-1 -12 0 -11 -77066
-24 7 21 24 -76188
2 -19 5 -20 -73176
-17 -11 -11 16 -94560
-9 -11 -9 -15 -86060
12 7 14 3 -79224
11 -15 10 -5 -78316
-2 1 -2 2 -80478
-17 24 -23 18 -57410
1 24 20 23 -74398
16 -1 14 2 -74788
-24 -23 -13 -15 -78888
-22 10 -22 3 -60768
-19 0 -17 -2 -83122
-19 -6 -23 -2 -72404
-23 0 -22 -10 -73546
0 -19 -5 -23 -67716
-7 -5 -6 -3 -80054
14 -1 12 -6 -84792
-11 -9 -16 -8 -80270
1 -19 3 -24 -49104
-1 -8 2 -7 -78702
7 -23 -7 -22 -86798
4 17 14 22 -80904
-12 10 -24 22 -88590
24 -8 20 -5 -58328
-2 -5 -3 -1 -66646
-24 -24 -7 -10 -85392
-4 -7 -6 -9 -83560
4 -11 5 -5 -76086
-17 0 -17 -7 -79772
-18 15 7 16 -97574
-10 9 -14 7 -87094
21 9 15 11 -74078
-12 12 -18 22 -85772
-3 -24 -6 -20 -50166
6 -24 15 -23 -54526
-8 6 -6 10 -84408
0 18 0 21 -85176
6 23 -13 24 -84256
11 -6 6 -6 -86700
-7 5 -5 7 -84202
12 13 9 15 -80840
12 20 13 23 -39078
-9 -21 -4 -22 -68716
9 -10 11 -8 -78712
-23 -24 6 -12 -87428
22 -2 21 -10 -78208
4 -2 3 -5 -73692
4 6 2 10 -90842
1 11 -3 10 -76558
17 6 17 9 -68546
-12 0 -16 2 -80626
-7 14 -6 21 -77780
-13 -21 -13 -24 -24008
-3 3 -5 1 -80034
18 -15 7 -16 -83676
12 -10 15 -17 -75874
-6 -16 -7 -14 -75380
9 -17 24 -22 -81962
-18 12 -20 11 -68322
-2 -8 -2 -15 -85268
12 0 10 -2 -80016
2 13 -2 16 -84896
13 12 11 16 -78794
6 -13 7 -14 -74306
-5 -11 -6 -8 -80174
0 -16 21 -24 -79368
22 -14 23 -17 -57654
16 9 13 10 -72024
9 7 9 8 -75016
13 0 17 2 -73746
-1 15 5 15 -80306
20 16 17 10 -84646
-15 -7 -7 -7 -85328
2 -1 3 2 -85690
12 -12 8 -9 -84378
-8 2 -9 8 -79936
17 6 18 11 -76942
3 -5 4 -6 -83774
20 -5 23 -17 -83290
-1 -24 9 -19 -83458
-19 -13 -20 -1 -94540
-6 18 -10 18 -81936
-5 24 -4 12 -84780
9 -24 8 -9 -87174
-7 7 -8 8 -74154
24 15 10 9 -85102
-11 -13 -11 -9 -86314
18 4 20 8 -77114
2 -23 -3 -23 -67008
4 -17 1 -17 -78270
14 -14 17 -16 -71528
8 18 2 23 -78528
3 -15 4 -12 -84198
-19 11 5 19 -100516
-17 7 -24 0 -80260
-22 -18 -13 -22 -72442
-12 -20 -9 -2 -103898
21 12 20 5 -75446
18 -15 21 -18 -73720
9 18 8 10 -85726
-7 -23 -10 -16 -74954
8 6 12 9 -85022
-15 10 -15 8 -60456
-10 -2 -9 1 -73904
-24 10 -20 -4 -72494
24 8 0 7 -84500
-22 0 -17 -2 -80534
9 -13 14 -9 -82222
6 -24 -2 -24 -68016
-11 16 -13 16 -77810
-20 -20 24 2 -87172
18 -12 20 -23 -76844
-10 -20 -3 -19 -79920
-2 -13 -6 -13 -72314
15 9 18 11 -75568
-12 8 -9 9 -84600
-19 11 -24 5 -69552
-11 -5 -12 -7 -78212
-16 13 -24 7 -81460
-14 14 -7 23 -82354
-4 0 -8 0 -81462
-1 1 -2 0 -79678
10 11 8 9 -83546
8 -12 9 -22 -82488
10 -5 9 0 -75932
-22 16 -16 10 -75304
16 -17 21 -8 -76542
0 -11 1 -12 -76596
17 23 23 1 -78286
-12 -10 -22 -15 -90410
2 21 4 15 -87336
-24 7 -21 -2 -57166
-4 9 -6 12 -78400
-9 19 -6 15 -77690
11 -2 14 -6 -78988
-19 -7 -20 -17 -83008
-1 21 -24 22 -75074
10 11 8 10 -82374
-15 21 -14 22 -43834
-15 -11 -17 -7 -80044
9 -16 8 -10 -81940
10 -6 12 -8 -77008
4 20 -6 23 -72958
17 -1 21 -7 -87174
22 -7 -24 -9 -83088
-14 0 -23 7 -87484
4 12 7 13 -80644
-8 9 -5 10 -82144
23 -13 13 -24 -74560
0 17 -3 18 -72984
-2 -5 -3 -5 -74122
15 7 16 0 -90526
4 -14 6 -12 -86858
6 -24 5 -21 -36600
-17 3 -24 24 -80584
-12 0 -10 -1 -91800
20 -5 24 -23 -78812
17 5 17 -1 -79786
14 -5 16 -2 -80510
22 23 -2 12 -86162
5 2 6 0 -80412
-6 8 -3 2 -99262
18 7 23 1 -73902
13 -24 5 -14 -83860
-19 4 -15 4 -76116
-12 -1 -10 0 -82686
-7 -17 -5 -20 -81222
15 16 11 16 -67056
6 15 18 24 -78908
-18 1 -22 -14 -96514
15 -24 13 -1 -83124
-5 21 -24 14 -83948
-6 20 -3 21 -72520
17 -1 20 0 -72214
20 0 24 -3 -57138
-10 -14 -11 -10 -84332
-24 -10 -21 -10 -31008
8 0 7 -1 -86358
-24 -8 -24 16 -69556
2 5 -24 -23 -86958
3 19 2 14 -85826
3 -23 6 -18 -73268
-19 -7 -20 0 -83502
18 -2 17 -5 -76414
-20 -4 -22 -5 -58144
-12 -13 -20 -12 -83418
-10 -3 -9 -4 -79116
11 18 24 23 -49336
-17 10 -16 10 -69126
-1 -4 0 -1 -68888
-21 8 -19 12 -65152
-11 -24 -8 24 -84354
0 -15 -3 -17 -71734
21 -5 10 -7 -88876
5 -3 4 -4 -77206
-2 14 0 11 -85042
23 -10 18 -9 -63248
18 4 14 4 -76980
-19 -20 11 -23 -87004
23 -1 18 -6 -74620
-7 -1 -6 -23 -92130
13 16 16 11 -74414
-24 -20 -12 -18 -72106
19 18 16 11 -82384
13 13 11 11 -65720
21 -21 16 -23 -49076
9 22 2 17 -86424
-6 2 -9 5 -89402
-12 6 -10 6 -80206
-17 -3 -20 3 -81508
0 10 1 9 -80312
21 -11 21 -5 -70306
2 -20 0 -18 -66874
1 -13 2 -12 -85284
0 -11 4 -8 -85920
0 18 2 21 -84714
24 17 20 4 -69574
16 3 22 6 -77338
-13 4 -11 1 -81836
-18 -12 -23 -7 -69600
-24 18 14 7 -88906
10 -16 18 -20 -86800
3 -1 2 -1 -82086
20 -10 23 -5 -66752
-4 21 23 15 -86874
0 0 10 8 -104504
-6 -10 -5 -7 -85350
-19 -3 -17 -6 -83020
24 11 4 22 -87284
15 7 13 20 -83412
-7 8 12 -2 -101012
-4 11 -5 14 -77950
-11 0 -9 0 -87350
-5 -16 -5 -17 -72788
2 -14 1 -21 -71560
6 -15 9 -12 -84408
-3 -2 -4 1 -75246
-3 -9 -5 -9 -70848
12 4 12 8 -76642
13 -12 15 24 -84894
-13 15 -10 17 -78944
-11 13 -8 24 -75074
-13 -21 -15 -19 -60720
16 7 17 0 -91074
0 -17 -1 -21 -66008
-13 -10 -12 -6 -88950
20 -14 22 -7 -68208
16 -16 24 23 -83648
-5 -15 -11 -20 -82710
-12 -9 -10 -10 -73140
