24 14 24 -8 -73620
6 8 6 10 -85508
-12 -23 -14 -16 -71522
-24 -8 -14 -10 -84600
14 -4 20 -3 -84904
12 24 8 9 -87816
19 -5 21 -7 -70232
20 -4 16 1 -86816
-11 5 -11 12 -83754
6 -12 8 -10 -75118
-21 -1 -21 -15 -67704
6 3 6 5 -70302
-23 17 -21 9 -60570
24 -6 24 -5 -53588
7 14 5 8 -91336
-20 14 -14 24 -75528
17 -12 17 -10 -65028
-14 9 -12 4 -72120
23 -7 21 -2 -68042
-2 4 -3 5 -81634
24 -18 7 -20 -73552
-3 17 -7 19 -80826
-21 -2 -16 -1 -71680
1 23 5 22 -59860
14 -10 22 -7 -80354
-24 14 -21 20 -55892
12 -2 8 -3 -79772
-23 19 19 21 -82562
17 -15 15 -19 -68698
19 0 17 4 -82008
1 -12 2 -12 -77922
-20 -9 -19 -18 -84292
-17 -22 -21 15 -86426
0 -10 -3 -11 -86258
-18 23 -19 21 -41404
-13 -1 -12 -2 -72444
-23 4 -22 14 -71118
-11 18 -11 12 -67338
-13 14 -22 16 -80476
-7 -20 -4 -18 -86510
-11 16 -18 17 -77490
18 0 20 6 -76438
-1 4 -1 3 -82458
18 -8 20 -16 -79644
-5 -4 -4 -9 -74446
4 21 9 7 -101572
-14 24 7 20 -89230
-18 1 -23 -9 -71738
13 -9 11 -8 -74918
-18 21 2 24 -78488
-13 -7 23 -24 -80984
18 -11 17 -17 -71196
13 -16 15 -14 -64824
-10 -6 -10 -8 -76296
13 -15 23 -21 -79844
10 21 2 19 -80508
7 16 7 15 -70476
6 2 5 -5 -78516
6 13 8 12 -82576
-13 0 -11 7 -77408
-2 -10 -1 -7 -78060
-10 15 -17 24 -78320
-4 2 -5 -3 -73394
-19 -16 -19 -10 -79926
-5 -14 -5 -8 -83582
1 18 4 22 -81076
-12 -4 -13 0 -70660
-12 8 -10 17 -81272
14 6 13 5 -76134
-19 10 -18 5 -70606
22 12 24 4 -70100
0 2 2 1 -85474
-20 -17 -20 -18 -59962
0 19 0 20 -81012
-20 -8 -17 -12 -76214
-6 12 15 19 -95888
8 -10 9 -6 -76718
22 -22 21 -22 -31996
-8 -14 -10 8 -90230
1 -7 1 -13 -81910
17 -20 7 -18 -78506
3 10 2 15 -80008
6 -6 9 -5 -82072
1 5 -3 4 -78048
1 -6 -3 -4 -82752
11 5 9 8 -78096
-4 23 -9 20 -67070
-7 19 -13 24 -63840
4 -2 6 -1 -78930
7 -2 8 6 -81296
-4 0 -3 0 -74434
-10 -5 -8 -9 -86946
19 15 13 16 -82790
-24 -14 -3 -7 -83822
4 -8 0 -5 -97048
19 -21 23 -23 -31360
16 7 19 7 -83970
13 -5 11 -8 -72386
-22 22 -12 18 -63396
-13 -13 -19 -24 -86122
13 7 11 1 -82398
-3 -19 -6 -20 -85824
-14 2 -16 0 -71282
-15 -8 -17 -5 -72522
6 5 9 4 -78732
5 -20 11 -22 -64516
-3 16 -4 11 -74996
-1 -24 -23 -18 -79182
9 5 14 4 -76704
0 5 0 7 -82442
-14 -23 -19 -13 -86550
6 -4 7 -10 -81272
10 20 17 23 -73060
9 1 7 1 -79310
-21 -2 -23 21 -83560
11 -17 17 -23 -65376
20 15 18 9 -75270
-7 23 -6 16 -71400
-23 1 -22 24 -76926
13 -4 11 -4 -72640
-13 8 -15 19 -83684
-21 -22 -21 -18 -36000
-9 -12 -12 -14 -81490
4 17 6 16 -78114
-5 3 -5 1 -77036
-24 16 -24 21 -36010
-6 18 -5 12 -79988
-4 18 1 19 -74300
3 7 1 5 -77994
6 9 6 5 -81692
24 -14 -14 -23 -77006
-1 21 6 24 -65960
-22 -14 -20 9 -75008
-18 -23 -1 -17 -83782
2 11 1 10 -69632
23 -21 22 14 -78702
6 -20 4 -23 -63226
-9 -15 -6 -12 -88784
12 14 9 18 -83686
-17 -9 -14 -8 -75836
-8 4 -9 0 -72690
-13 -22 -23 -13 -85094
13 -5 13 0 -70770
-17 22 0 -7 -104168
-11 15 -14 14 -75530
0 -9 2 -12 -87564
15 15 20 11 -84376
15 10 -13 12 -93198
8 -20 -24 -23 -82108
-20 -22 -16 -15 -86096
-7 11 -4 11 -80230
-8 -19 -7 -23 -53022
-16 -13 -16 -16 -81530
-9 -5 -10 -2 -74020
0 -9 -2 -7 -83446
0 5 2 5 -75782
22 -4 23 -12 -72268
-6 8 -4 10 -80058
16 12 17 13 -79254
-11 -7 -12 -10 -75536
8 22 18 21 -74646
8 -8 9 -9 -76460
7 13 6 13 -81810
-17 -4 -22 -8 -74942
4 1 1 3 -84526
-8 -22 -17 -17 -76462
7 -11 11 -13 -85770
13 24 10 20 -64978
0 -17 -1 -12 -73296
19 -17 -24 -13 -76634
11 17 7 19 -73802
-22 12 -19 17 -67674
-12 8 -20 11 -80928
-16 3 -16 1 -60102
5 23 17 17 -83938
5 -24 -13 -23 -80146
11 22 11 21 -47720
-13 22 23 21 -81530
3 -4 1 -4 -82070
-4 3 -3 6 -82332
-7 20 -12 20 -71396
-1 -19 -4 -19 -76560
-16 -13 -14 -16 -78348
-21 -9 -18 -10 -73352
-17 -20 -19 -21 -58394
23 21 21 24 -13276
-3 17 -2 22 -77298
-5 -8 -10 -8 -82056
4 -8 3 -3 -87062
-18 23 -20 9 -79984
-13 -20 -8 -20 -55972
21 -7 22 3 -70348
0 18 0 14 -75784
-7 -13 -8 -16 -86622
21 -14 22 -14 -43930
-21 16 -22 19 -44960
10 -12 13 -22 -73184
12 9 11 14 -78316
23 -7 22 -20 -71132
-19 1 -18 9 -78242
9 -13 7 -19 -64864
-8 -13 -9 -20 -84936
-11 -4 -8 0 -81908
-10 11 -11 7 -80138
-21 -17 -20 -14 -74410
2 -20 -1 -20 -74026
11 -1 11 3 -66720
2 -21 9 -22 -70048
3 -22 10 -15 -83770
-3 20 -10 22 -75570
15 15 24 5 -83982
6 8 6 9 -84352
2 -14 10 -13 -85184
-11 1 -8 0 -82000
-19 -12 -14 -13 -75294
22 3 21 3 -47866
5 21 5 16 -81946
10 12 10 23 -82284
23 -11 10 -13 -83466
-14 5 -12 6 -70954
-2 21 0 23 -54686
17 19 15 17 -66732
-9 -8 -10 -5 -83944
17 -20 19 -15 -68334
18 -8 16 0 -80784
8 15 14 15 -82610
-14 -9 -15 -11 -74120
-17 5 -20 1 -76670
24 6 23 10 -58538
-9 -10 -7 -14 -83188
-10 -15 -14 -15 -66588
-15 -6 -19 -10 -78820
5 9 4 10 -79354
21 0 20 1 -68678
-2 9 -1 12 -72988
5 -10 6 -15 -75850
-12 -12 -14 -16 -83504
8 1 7 2 -78426
16 7 11 6 -79516
16 3 23 6 -75968
-18 -12 -22 -20 -88100
-13 0 -16 -2 -69380
17 -24 19 -16 -47546
21 -10 23 10 -80322
-20 19 -19 9 -75736
-21 -23 -21 -9 -80194
13 17 14 23 -62348
-2 8 0 7 -79178
2 3 3 0 -77522
19 -14 22 -21 -71634
6 -24 14 -16 -64428
-4 -18 -5 -17 -80176
0 13 0 10 -76210
16 12 17 17 -70814
-15 -20 -15 -16 -69660
8 16 10 19 -69202
-1 0 0 0 -82296
3 4 0 6 -81378
-19 21 -23 18 -52422
1 3 1 4 -80772
-1 -12 0 -11 -81080
-24 7 21 24 -78236
2 -19 5 -20 -70184
-8 -12 -3 -10 -86952
-9 -11 -9 -15 -88924
12 7 14 3 -77102
11 -15 10 -5 -80980
-2 1 -2 2 -77468
-17 24 -23 18 -59762
1 24 20 23 -76738
16 -1 14 2 -73540
-24 -23 -13 -15 -80914
-22 10 -22 3 -68048
-19 0 -17 -2 -79800
-19 -6 -23 -2 -65886
-23 0 -22 -10 -61140
0 -19 -5 -23 -73816
-7 -5 -6 -3 -77262
3 2 24 8 -82650
-11 -9 -16 -8 -78208
1 -19 3 -24 -50496
-1 -8 2 -7 -77842
7 -23 -7 -22 -85714
4 17 14 22 -85650
-12 10 -24 22 -87414
24 -8 20 -5 -57350
-2 -5 -3 -1 -65854
-24 -24 -7 -10 -87378
20 0 20 3 -64334
4 -11 5 -5 -80974
-17 0 -17 -7 -66664
-1 -13 -1 -24 -81992
-10 9 -14 7 -81924
21 9 15 11 -85864
-12 12 -18 22 -88690
-3 -24 -6 -20 -55260
6 -24 15 -23 -55200
-8 6 -6 10 -84662
0 18 0 21 -84316
6 23 -13 24 -84372
11 -6 6 -6 -82844
-7 5 -5 7 -83026
12 13 9 15 -85412
12 20 13 23 -62180
-9 -21 -4 -22 -73466
9 -10 11 -8 -79782
-23 -24 6 -12 -88504
22 -2 21 -10 -80072
4 -2 3 -5 -75322
7 24 6 17 -63770
1 11 -3 10 -73222
17 6 17 9 -69742
-12 0 -16 2 -74504
-7 14 -6 21 -80216
-13 -21 -13 -24 -25110
-3 3 -5 1 -78640
-24 -23 1 2 -89460
12 -10 15 -17 -75358
-6 -16 -7 -14 -75944
9 -17 24 -22 -78390
-18 12 -20 11 -72560
-2 -8 -2 -15 -85236
12 0 10 -2 -76044
2 13 -2 16 -83310
13 12 11 16 -83178
6 -13 7 -14 -78236
-5 -11 -6 -8 -76952
0 -16 21 -24 -76882
22 -14 23 -17 -55862
16 9 13 10 -76872
9 7 9 8 -76422
13 0 17 2 -77286
-1 15 5 15 -80228
7 9 9 13 -91452
-15 -7 -7 -7 -84626
2 -1 3 2 -77732
-12 -24 -10 -2 -87978
-8 2 -9 8 -77730
17 6 18 11 -78842
3 -5 4 -6 -87556
17 -18 10 -17 -75332
-1 -24 9 -19 -80820
24 1 23 19 -71764
-6 18 -10 18 -74044
-5 24 -4 12 -87014
-6 -8 -8 -9 -79872
-7 7 -8 8 -74124
-13 15 -11 5 -86724
-11 -13 -11 -9 -87656
18 4 20 8 -77626
2 -23 -3 -23 -67244
4 -17 1 -17 -76226
14 -14 17 -16 -68772
8 18 2 23 -76178
3 -24 6 13 -88074
-4 14 -3 14 -70760
-17 7 -24 0 -73406
-22 -18 -13 -22 -71444
18 9 19 9 -77732
21 12 20 5 -77686
18 -15 21 -18 -71440
9 18 8 10 -87192
-7 -23 -10 -16 -76406
14 -2 19 -4 -81174
-15 10 -15 8 -67408
-10 -2 -9 1 -72358
-24 10 -20 -4 -71418
24 14 -5 19 -87252
-22 0 -17 -2 -78440
9 -13 14 -9 -82742
6 -24 -2 -24 -63756
-11 16 -13 16 -74360
-20 -20 24 2 -87174
18 -12 20 -23 -73568
-10 -20 -3 -19 -88012
-2 -13 -6 -13 -84216
15 9 18 11 -83496
-12 8 -9 9 -78804
-19 11 -24 5 -72452
-11 -5 -12 -7 -70958
-16 13 -24 7 -85078
-14 14 -7 23 -86734
-4 0 -8 0 -80626
-1 1 -2 0 -79112
10 11 8 9 -87650
-17 -18 -15 -12 -87932
10 -5 9 0 -70094
-22 16 -16 10 -75996
16 -17 21 -8 -80100
0 -11 1 -12 -83954
17 23 23 1 -81856
15 -6 16 -14 -75084
2 21 4 15 -86210
-24 7 -21 -2 -55070
-4 9 -6 12 -79754
-9 19 -6 15 -81000
2 -1 -2 -2 -87420
-19 -7 -20 -17 -80624
-1 21 -24 22 -71532
10 11 8 10 -84010
-15 21 -14 22 -47250
-15 -11 -17 -7 -75530
9 -16 8 -10 -75032
10 -6 12 -8 -76336
4 20 -6 23 -72592
-10 -22 -2 -3 -105210
-21 8 -14 16 -87376
1 -14 -1 -13 -80926
4 12 7 13 -82344
-8 9 -5 10 -82316
23 -13 13 -24 -70952
0 17 -3 18 -74522
-2 -5 -3 -5 -77860
15 7 16 0 -81964
4 -14 6 -12 -77650
6 -24 5 -21 -33860
-17 3 -24 24 -79162
-12 18 -10 23 -56892
20 -5 24 -23 -74300
17 5 17 -1 -78794
14 -5 16 -2 -75800
22 23 -2 12 -91536
5 2 6 0 -74412
2 -2 -1 -24 -85830
18 7 23 1 -77518
13 -24 5 -14 -77792
-19 4 -15 4 -75536
-12 -1 -10 0 -78518
-7 -17 -5 -20 -81744
15 16 11 16 -77212
-2 11 -2 4 -85124
2 18 1 17 -76508
15 -24 13 -1 -78094
-5 21 -24 14 -81970
-6 20 -3 21 -69548
17 -1 20 0 -72810
20 0 24 -3 -54642
-10 -14 -11 -10 -89482
-24 -10 -21 -10 -31524
8 0 7 -1 -80778
-24 -8 -24 16 -71084
-6 2 -24 -23 -90000
3 19 2 14 -84072
3 -23 6 -18 -73960
-19 -7 -20 0 -71612
18 -2 17 -5 -72468
-20 -4 -22 -5 -55488
14 -13 11 -12 -70418
-10 -3 -9 -4 -75604
11 18 24 23 -57786
-17 10 -16 10 -68690
-1 -4 0 -1 -69792
-21 8 -19 12 -75610
-11 -24 -8 24 -87248
0 -15 -3 -17 -84084
21 -5 10 -7 -88966
5 -3 4 -4 -77102
-2 14 0 11 -82618
23 -10 18 -9 -61932
18 4 14 4 -80010
-19 -20 11 -23 -82906
23 -1 18 -6 -71318
-20 5 -18 9 -84522
13 16 16 11 -81518
-24 -20 -12 -18 -72956
19 18 16 11 -80698
13 13 11 11 -70696
21 -21 16 -23 -46752
9 22 2 17 -88678
-6 2 -9 5 -84746
-12 6 -10 6 -73362
-17 -3 -20 3 -77754
0 10 1 9 -77064
21 -11 21 -5 -77420
2 -20 0 -18 -69378
1 -13 2 -12 -79722
17 15 20 15 -64870
0 18 23 21 -87806
24 17 20 4 -69226
8 -1 8 -7 -75434
-13 4 -11 1 -76398
-18 -12 -23 -7 -70122
-24 18 14 7 -90550
-18 4 -21 4 -67992
3 -1 2 -1 -79704
20 -10 23 -5 -69594
0 -12 -4 -17 -88922
-8 16 -5 14 -81358
7 -12 9 -13 -84558
24 -2 -17 24 -88312
19 -10 23 -15 -69338
24 10 -21 4 -81404
-13 -10 -13 -14 -86956
-4 11 -5 14 -77518
-11 0 -9 0 -79936
-5 -16 -5 -17 -70944
2 -14 1 -21 -78496
6 -15 9 -12 -78574
-3 -2 -4 1 -72704
-3 -9 -5 -9 -80006
12 4 12 8 -77878
13 -12 15 24 -82110
-13 15 -10 17 -76380
-11 13 -8 24 -81072
-13 -21 -15 -19 -61672
16 14 17 13 -74568
0 -17 -1 -21 -73708
0 -19 -1 -16 -73244
20 -14 22 -7 -70592
16 6 24 23 -71278
-5 -15 -11 -20 -89060
-12 -9 -10 -10 -75918
