24 14 24 -8 -73463
6 8 6 10 -75813
-12 -23 -14 -16 -73895
23 23 23 0 -67771
12 0 9 3 -79397
-12 20 -10 21 -67235
19 -5 21 -7 -69541
-22 -5 -18 -3 -74039
-11 5 -11 12 -82485
6 -12 8 -10 -81333
-21 -1 -21 -15 -74347
6 3 6 5 -64987
-23 17 -21 9 -61517
24 -6 24 -5 -53941
-16 17 -19 21 -66033
-20 14 -14 24 -81855
17 -12 17 -10 -67127
-14 9 -12 4 -76139
23 -7 21 -2 -68295
-2 4 -3 5 -74667
24 -18 7 -20 -77227
-3 17 -7 19 -86415
-21 -2 -16 -1 -79219
1 23 5 22 -56403
14 -10 22 -7 -84059
-24 14 -21 20 -59347
12 -2 8 -3 -76751
-23 19 19 21 -71725
17 -15 15 -19 -71349
19 0 17 4 -75963
1 -12 2 -12 -80365
-22 -8 -20 -23 -78169
7 18 13 21 -71525
-17 9 -15 1 -81103
-18 23 -19 21 -51707
-13 -1 -12 -2 -72671
-23 4 -22 14 -69703
-11 18 -11 12 -69183
-13 14 -22 16 -79167
-7 -20 -4 -18 -86241
15 -12 20 -6 -88069
-17 24 -11 24 -48025
-1 4 -1 3 -72359
18 -8 20 -16 -80643
-5 -4 -4 -9 -74491
9 -3 -14 23 -98767
-14 -4 -18 -4 -79705
-18 1 -23 -9 -75623
13 -9 11 -8 -69977
-18 21 2 24 -78355
-13 -7 23 -24 -79881
18 -11 17 -17 -71661
13 -16 15 -14 -68323
-10 -6 -10 -8 -79015
13 -15 23 -21 -80289
10 21 2 19 -72139
7 16 7 15 -63885
6 2 5 -5 -77183
6 13 8 12 -77793
-13 0 -11 7 -80041
-2 -10 -1 -7 -71249
-10 15 -17 24 -85927
-4 2 -5 -3 -81097
-19 -16 -19 -10 -68051
-5 -14 -5 -8 -75971
1 18 4 22 -75215
-12 -11 -13 -15 -82275
-12 21 -10 17 -74873
14 6 13 5 -68387
-19 10 -18 5 -73133
22 12 24 4 -67769
0 2 2 1 -76615
-20 -17 -20 -18 -67427
0 19 0 20 -74361
-20 -8 -17 -12 -79383
16 19 22 10 -66281
8 -10 9 -6 -75917
22 -22 21 -22 -32939
5 -23 6 -15 -66849
1 -7 1 -13 -74983
-19 -23 -20 -15 -74767
3 10 2 15 -72167
-13 23 -13 24 -23209
1 5 -3 4 -79241
1 -6 -3 -4 -78385
11 5 9 8 -78737
-4 23 -9 20 -76367
-7 19 -13 24 -71223
4 -2 6 -1 -74623
7 -2 8 6 -77677
-4 0 -3 0 -74329
-10 -5 -8 -9 -85879
19 15 13 16 -75983
-24 -14 -3 -7 -87847
-12 -6 -12 -1 -79131
19 -21 23 -23 -31939
16 7 19 7 -76055
13 -5 11 -8 -76781
-22 22 -12 18 -67163
-13 -13 -19 -24 -86027
-18 -17 -14 -24 -68941
-3 -19 -6 -20 -82305
-14 2 -16 0 -74503
-15 -8 -17 -5 -80279
6 5 9 4 -77185
5 -20 11 -22 -69957
-3 16 -4 11 -76653
-1 -24 -23 -18 -77617
9 5 14 4 -79347
0 -13 13 5 -103599
-14 15 -16 13 -68125
6 -4 7 -10 -79025
10 20 17 23 -68451
9 1 7 1 -77815
-9 -23 -8 -23 -57897
11 -17 17 -23 -62599
20 15 18 9 -77995
-7 23 -6 16 -81529
-23 1 -22 24 -75333
13 -4 11 -4 -69329
-24 -4 22 0 -79811
-21 -22 -21 -18 -50737
-9 -12 -12 -14 -86657
4 17 6 16 -78595
-5 3 -5 1 -77543
-24 16 -24 21 -38191
-6 18 -5 12 -78227
-4 18 1 19 -77839
3 7 1 5 -70143
6 9 6 5 -75417
24 -14 -14 -23 -77371
-1 21 6 24 -60325
-22 -14 -20 9 -77701
-9 4 -8 9 -78195
2 11 1 10 -69625
23 -21 22 14 -79973
6 -20 4 -23 -64727
-9 -15 -6 -12 -85457
12 14 9 18 -83109
-17 -9 -14 -8 -80665
-8 4 -9 0 -79045
-19 -3 -17 -8 -79275
13 -5 13 0 -73007
18 -4 17 -4 -69635
-11 15 -14 14 -76919
0 -9 2 -12 -85255
-19 -23 -19 -12 -89601
-7 16 -9 10 -73345
8 -20 -24 -23 -76715
-20 -22 -16 -15 -86989
-7 11 -4 11 -80201
-8 -19 -7 -23 -55731
-16 -13 -16 -16 -67735
-9 -5 -10 -2 -84279
0 -9 -2 -7 -75963
0 5 2 5 -72535
22 -4 23 -12 -74067
-6 8 -4 10 -79581
16 12 17 13 -75899
-11 -7 -12 -10 -73627
8 22 18 21 -71381
8 -8 9 -9 -74045
7 13 6 13 -76531
-20 22 -16 11 -85255
-12 13 -7 11 -79677
-5 22 -9 17 -81307
4 -8 8 -9 -81075
13 24 10 20 -63987
0 -17 -1 -12 -72605
19 -17 -24 -13 -78457
11 17 7 19 -78385
-22 12 -19 17 -73777
-12 -16 -7 -16 -81911
-16 3 -16 1 -61873
7 -1 9 -4 -73847
5 -24 -13 -23 -78047
11 22 11 21 -55607
-13 22 23 21 -75125
3 -4 1 -4 -76349
-4 3 -3 6 -77515
-7 20 -12 20 -76557
-1 -19 -4 -19 -72859
-16 -13 -14 -16 -67875
-21 -9 -18 -10 -75565
-17 -20 -19 -21 -57171
23 21 21 24 -12025
-3 17 -2 22 -83909
-5 -8 -10 -8 -76403
-1 -10 -2 -15 -76321
-18 23 -20 9 -88095
-13 -20 -8 -20 -68907
21 -7 22 3 -66453
0 18 0 14 -73675
-7 -13 -8 -16 -82213
21 -14 22 -14 -44157
-21 16 -22 19 -48469
10 -12 13 -22 -72041
12 9 11 14 -72637
23 -7 22 -20 -70803
-19 1 -18 9 -82647
9 -13 7 -19 -66809
-19 -20 -9 -20 -67695
-11 -4 -8 0 -86043
-10 11 -11 7 -77073
-21 -17 -20 -14 -67607
2 -20 -1 -20 -71553
11 -1 11 3 -66715
2 -21 9 -22 -74037
-21 0 -22 8 -71127
-3 20 -10 22 -80793
15 15 24 5 -77489
6 8 6 9 -77367
-15 7 -15 17 -87345
-11 1 -8 0 -76565
-19 -12 -14 -13 -74607
22 3 21 3 -45355
5 21 5 16 -87329
10 12 10 23 -85619
23 -11 10 -13 -84213
-14 5 -12 6 -71433
-2 21 0 23 -54451
17 19 15 17 -65557
-9 -8 -10 -5 -85887
17 -20 19 -15 -69427
18 -8 16 0 -80221
8 15 14 15 -80507
-14 -9 -15 -11 -73119
-17 5 -20 1 -78517
24 6 23 10 -56463
-9 -10 -7 -14 -74587
-10 -15 -14 -15 -72137
-15 -6 -19 -10 -82221
5 9 4 10 -72009
21 0 20 1 -62909
-2 9 -1 12 -76121
5 -10 6 -15 -72739
-12 -12 -14 -16 -83689
8 1 7 2 -81293
16 7 11 6 -75259
16 3 23 6 -69803
14 -16 12 23 -82155
-13 0 -16 -2 -73359
17 -24 19 -16 -50231
21 -10 23 10 -78629
-20 19 -19 9 -82135
9 -9 6 -10 -81295
13 17 14 23 -65281
-2 8 0 7 -74621
2 3 3 0 -73293
19 -14 22 -21 -71647
6 -24 14 -16 -70255
-4 -18 -5 -17 -78695
0 13 0 10 -72137
16 12 17 17 -71643
-15 -20 -15 -16 -70031
8 16 10 19 -72951
-1 0 0 0 -76277
3 4 0 6 -75531
-19 21 -23 18 -53219
1 3 1 4 -70639
-1 -12 0 -11 -72893
-24 7 21 24 -72687
2 -19 5 -20 -73813
-3 7 -1 11 -76177
-9 -11 -9 -15 -76395
12 7 14 3 -79389
-6 4 -2 5 -82801
-2 1 -2 2 -75407
-17 24 -23 18 -62425
1 24 20 23 -71507
16 -1 14 2 -70583
-24 -23 -13 -15 -80309
-22 10 -22 3 -70221
-19 0 -17 -2 -80259
-19 -6 -23 -2 -68829
-23 0 -22 -10 -63837
0 -19 -5 -23 -70861
-7 -5 -6 -3 -78631
3 2 24 8 -76681
-11 -9 -16 -8 -76221
1 -19 3 -24 -53667
-1 -8 2 -7 -74479
7 -16 9 -16 -74465
-13 17 -11 11 -79293
-24 -13 -24 -10 -39375
24 -8 20 -5 -57673
-2 -5 -3 -1 -70171
-24 -24 -7 -10 -87421
20 0 20 3 -55751
4 -11 5 -5 -77409
-17 0 -17 -7 -72123
8 -20 4 -15 -80215
-17 7 -17 15 -84987
14 15 15 11 -75483
-14 10 -23 12 -77553
-3 -24 -6 -20 -58991
6 -24 15 -23 -62201
-11 -21 -9 -14 -78105
6 -24 12 -22 -63769
6 23 -13 24 -76435
9 20 12 17 -79785
-7 5 -5 7 -82939
12 13 9 15 -81677
12 20 13 23 -64089
-9 -21 -4 -22 -75771
9 -10 11 -8 -78295
-3 20 -3 18 -78583
22 -2 21 -10 -82099
4 -2 3 -5 -70667
7 24 6 17 -73543
1 11 -3 10 -76169
17 6 17 9 -72199
-12 0 -16 2 -74691
-7 14 -6 21 -78533
-13 -21 -13 -24 -28837
-3 3 -5 1 -83957
-24 -23 1 2 -84395
-7 -7 -24 -14 -93613
-6 -16 -7 -14 -74231
9 -17 24 -22 -78413
-18 12 -20 11 -75289
-1 -5 -3 -2 -74359
12 0 10 -2 -74157
2 13 -2 16 -80371
13 12 11 16 -77423
6 -13 7 -14 -77095
-5 -11 -6 -8 -72751
0 -16 21 -24 -77405
22 -14 23 -17 -55737
16 9 13 10 -73437
9 7 9 8 -71687
13 0 17 2 -72241
-1 15 5 15 -77011
-2 -19 -11 -23 -84883
12 -16 12 -8 -73293
2 -1 3 2 -75665
-12 -24 -10 -2 -83821
-8 2 -9 8 -73781
17 -16 -6 -24 -82099
3 -5 4 -6 -76037
17 -18 10 -17 -71601
-1 -24 9 -19 -81865
24 1 23 19 -74123
-6 18 -10 18 -80613
16 5 16 11 -78331
-6 -8 -8 -9 -73119
-7 7 -8 8 -70047
-15 17 -12 16 -74863
-17 6 -14 8 -76807
18 4 20 8 -71171
2 -23 -3 -23 -61971
4 -17 1 -17 -77753
14 -14 17 -16 -67085
8 18 2 23 -82633
-20 -13 -24 -10 -56691
-4 14 -3 14 -74171
-17 7 -24 0 -75027
-22 -18 -13 -22 -69221
18 9 19 9 -67819
21 12 20 5 -77699
18 -15 21 -18 -71263
-8 -19 -5 -16 -86669
-7 -23 -10 -16 -76671
14 -2 19 -4 -75313
-15 10 -15 8 -70957
-10 -2 -9 1 -80923
-24 10 -20 -4 -76071
24 14 -5 19 -80079
-22 0 -17 -2 -80423
9 -13 14 -9 -83781
6 -24 -2 -24 -61057
-11 16 -13 16 -78477
12 -6 12 -4 -68277
18 -12 20 -23 -73925
9 16 9 20 -82237
-2 -13 -6 -13 -76441
15 9 18 11 -77321
-12 8 -9 9 -74857
-19 11 -24 5 -69599
-11 -5 -12 -7 -79627
-16 13 -24 7 -85865
-16 14 -18 11 -77657
-4 0 -8 0 -77507
-1 1 -2 0 -79665
10 11 8 9 -73047
1 -11 5 -12 -83211
10 -13 -1 4 -106333
-22 16 -16 10 -75467
16 -17 21 -8 -83777
0 -11 1 -12 -84081
-2 20 -5 20 -78141
15 -6 16 -14 -77237
2 21 4 15 -87555
-24 7 -21 -2 -61583
-4 9 -6 12 -80437
-9 19 -6 15 -86273
10 8 17 -17 -95995
-19 -7 -20 -17 -74933
-1 21 -24 22 -66679
10 11 8 10 -74593
-15 21 -14 22 -55857
-15 -11 -17 -7 -75603
9 -16 8 -10 -72389
10 -6 12 -8 -74243
4 20 -6 23 -70969
-10 -7 -9 -5 -80547
17 8 15 16 -81049
1 -14 -1 -13 -82175
4 12 7 13 -73811
-8 9 -5 10 -79953
23 -13 13 -24 -74643
18 -3 12 -7 -87941
-2 -5 -3 -5 -77057
15 7 16 0 -77219
4 -14 6 -12 -77129
6 -24 5 -21 -35427
-17 3 -24 24 -76743
-12 18 -10 23 -63181
20 -5 24 -23 -74379
17 5 17 -1 -71405
14 -5 16 -2 -82027
21 -15 5 -22 -83307
5 2 6 0 -74969
7 23 8 20 -60291
18 7 23 1 -71107
13 -24 5 -14 -81043
-19 4 -15 4 -76299
-12 -1 -10 0 -77831
-7 -17 -5 -20 -80725
15 16 11 16 -73443
-6 24 -4 16 -80033
2 18 1 17 -72933
15 -24 13 -1 -78539
-3 7 -24 -24 -87105
-6 20 -3 21 -81553
17 -1 20 0 -69435
20 0 24 -3 -53155
2 23 11 19 -80721
-24 -10 -21 -10 -35639
8 0 7 -1 -77173
-24 -8 -24 16 -69677
-11 0 -10 -3 -79717
3 19 2 14 -79039
3 -23 6 -18 -74913
-19 -7 -20 0 -75183
18 -2 17 -5 -74839
-20 -4 -22 -5 -61103
14 -13 11 -12 -67315
-10 -3 -9 -4 -79995
11 18 24 23 -54885
-17 10 -16 10 -69891
7 -11 24 13 -94935
-21 8 -19 12 -76171
-11 -24 -8 24 -83411
0 -15 -3 -17 -74759
-16 -8 -21 -12 -75735
5 -3 4 -4 -75863
-2 14 0 11 -80053
23 -10 18 -9 -61043
18 4 14 4 -75905
-19 -20 11 -23 -79949
23 -1 18 -6 -69887
10 -2 -6 -8 -96693
-18 18 -16 24 -61617
-24 -20 -12 -18 -70095
19 18 16 11 -80319
13 13 11 11 -64923
21 -21 16 -23 -49525
-7 -18 -12 -19 -81181
-21 20 -24 -20 -78947
-12 6 -10 6 -70597
-17 -3 -20 3 -77483
0 10 1 9 -70651
21 -11 21 -5 -80889
2 -20 0 -18 -72145
1 -13 2 -12 -74705
17 15 20 15 -60119
0 18 23 21 -78875
24 17 20 4 -72293
8 -1 8 -7 -74843
7 15 10 23 -85983
-18 -12 -23 -7 -80627
-8 4 -8 -4 -86267
-18 4 -21 4 -66823
3 -1 2 -1 -71071
20 -10 23 -5 -71353
-3 -21 -4 -19 -69329
-8 16 -5 14 -86085
7 -12 9 -13 -79491
-10 -2 -16 24 -97225
19 -10 23 -15 -68563
24 10 -21 4 -77463
0 0 -4 -5 -81299
-4 11 -5 14 -78499
-11 0 -9 0 -76725
-5 -16 -5 -17 -67109
2 -14 1 -21 -73891
6 -15 9 -12 -81557
-3 -2 -4 1 -76221
-3 -9 -5 -9 -74461
12 4 12 8 -73523
-5 14 2 17 -83077
-13 15 -10 17 -75685
-22 -12 -24 -22 -59619
-13 -21 -15 -19 -62971
16 14 17 13 -68643
0 -17 -1 -21 -69499
0 -19 -1 -16 -72991
20 -14 22 -7 -73979
16 6 24 23 -70761
-5 -17 -2 -11 -81423
-12 -9 -10 -10 -68899
