24 14 24 -8 -72755
6 8 6 10 -68579
-12 -23 -14 -16 -79241
23 23 23 0 -73893
12 0 9 3 -70793
-12 20 -10 21 -69533
19 -5 21 -7 -75589
-22 -5 -18 -3 -73573
6 4 6 -5 -72783
6 -12 8 -10 -75061
-1 -3 -1 0 -70103
6 3 6 5 -59093
-23 17 -21 9 -51001
24 -6 24 -5 -49291
-16 17 -19 21 -70205
10 0 9 -4 -75793
17 -12 17 -10 -66407
-14 9 -12 4 -73065
23 -7 21 -2 -67869
-2 4 -3 5 -73547
24 -18 7 -20 -75109
16 13 23 12 -73445
-24 -23 -1 -21 -73253
1 23 5 22 -62531
-24 1 -23 1 -27789
-24 14 -21 20 -61725
12 -2 8 -3 -78723
-23 19 19 21 -72979
17 -15 15 -19 -80499
-17 -22 -18 -23 -46391
1 -12 2 -12 -75503
-22 -8 -20 -23 -78311
7 18 13 21 -71233
-15 9 -14 7 -68729
-18 23 -19 21 -59813
-13 -1 -12 -2 -73165
-23 4 -22 14 -68177
-11 18 -11 12 -80359
5 24 17 23 -70193
-7 -20 -4 -18 -73591
-23 -22 -20 -13 -77565
-17 24 -11 24 -51861
-1 4 -1 3 -68313
-1 -18 -1 -12 -74847
-5 -4 -4 -9 -81107
-5 20 -8 21 -66985
-22 -13 -23 -13 -45509
-18 1 -23 -9 -73647
13 -9 11 -8 -69235
-18 21 2 24 -76619
-13 -7 23 -24 -79471
18 -11 17 -17 -77835
13 -16 15 -14 -72859
-10 -6 -10 -8 -74757
-20 -3 -17 -1 -69247
10 21 2 19 -67379
7 16 7 15 -66705
13 8 12 5 -79863
6 13 8 12 -68445
-11 15 -7 21 -84381
-2 -10 -1 -7 -77831
10 4 12 5 -68085
-4 2 -5 -3 -78311
-19 -16 -19 -10 -72959
-5 -14 -5 -8 -74759
1 18 4 22 -71887
1 -24 -1 -19 -64197
-12 21 -10 17 -75693
14 6 13 5 -78261
-19 10 -18 5 -77025
22 12 24 4 -69639
0 2 2 1 -76385
-20 -17 -20 -18 -63607
0 19 0 20 -70095
-20 -8 -17 -12 -79773
16 19 22 10 -75453
8 -10 9 -6 -75891
22 -22 21 -22 -36315
5 -23 6 -15 -76511
1 -7 1 -13 -75519
-19 -23 -20 -15 -69045
3 10 2 15 -72599
-13 23 -13 24 -29419
1 5 -3 4 -75943
-6 -22 -9 -22 -70699
11 5 9 8 -66093
-4 23 -9 20 -75393
-7 19 -13 24 -69643
4 -2 6 -1 -80019
2 -13 5 -7 -80345
-4 0 -3 0 -71907
19 -1 18 3 -73463
19 15 13 16 -78539
-24 -14 -3 -7 -76617
10 24 11 17 -71689
19 -21 23 -23 -38117
11 -10 13 -8 -78791
13 -5 11 -8 -79219
-22 22 -12 18 -80371
-13 -13 -19 -24 -78919
-18 -17 -14 -24 -75977
-3 -19 -6 -20 -75537
-14 2 -16 0 -76639
19 -8 23 -5 -73923
-8 -13 -9 -3 -90085
5 -20 11 -22 -72757
-3 16 -4 11 -71763
-21 -16 -23 -12 -62237
-9 7 -9 5 -70401
-13 -7 -12 -14 -77737
-14 15 -16 13 -67467
-7 -17 -11 -16 -73667
10 20 17 23 -71879
9 1 7 1 -74725
-9 -23 -8 -23 -61001
11 -17 17 -23 -61943
20 15 18 9 -76827
-7 23 -6 16 -78399
-23 1 -22 24 -74515
13 -4 11 -4 -73257
20 14 22 9 -58289
-21 -22 -21 -18 -49007
-9 -12 -12 -14 -72691
4 17 6 16 -69529
-5 3 -5 1 -71691
-24 16 -24 21 -41755
1 -3 -1 -7 -74213
-4 18 1 19 -73065
3 7 1 5 -71453
6 9 6 5 -65583
24 -14 -14 -23 -71701
-1 21 6 24 -61187
-22 8 10 9 -84803
-9 4 -8 9 -76031
2 11 1 10 -69907
-10 -7 -11 -3 -80627
6 -20 4 -23 -64515
-10 -2 -8 -1 -84765
21 19 17 20 -60453
-17 -9 -14 -8 -70375
-8 4 -9 0 -73971
-19 -3 -17 -8 -78707
13 -5 13 0 -73163
18 -4 17 -4 -75993
16 12 24 16 -69103
6 0 2 2 -78461
-19 10 -19 19 -67533
-1 16 1 24 -77583
8 -20 -24 -23 -74085
-4 10 -3 9 -73597
-7 11 -4 11 -73323
-8 -19 -7 -23 -58975
-16 -13 -16 -16 -65517
-9 -5 -10 -2 -76395
0 -9 -2 -7 -73551
0 5 2 5 -72817
22 -4 23 -12 -67499
-6 8 -4 10 -72191
16 12 17 13 -73755
-11 -7 -12 -10 -71683
8 22 18 21 -72393
8 -8 9 -9 -71817
23 19 15 23 -59461
-24 16 -3 8 -83269
-12 13 -7 11 -77859
-7 -2 -6 -1 -83165
4 -8 8 -9 -79361
13 24 10 20 -68785
0 -17 -1 -12 -73311
-24 -17 -22 0 -64529
11 17 7 19 -72239
-22 12 -19 17 -70761
12 6 13 0 -67991
-16 3 -16 1 -63633
7 -1 9 -4 -72105
5 -24 -13 -23 -74411
11 22 11 21 -61139
-13 22 23 21 -70671
21 -23 23 0 -73857
13 -24 22 -16 -77125
-7 20 -12 20 -75063
-1 -19 -4 -19 -71193
-16 -13 -14 -16 -69707
-21 -9 -18 -10 -74221
-17 -20 -19 -21 -65157
23 21 21 24 -23043
13 14 13 18 -65911
-5 -8 -10 -8 -85967
-1 -10 -2 -15 -76649
23 -7 22 6 -69113
-13 -20 -8 -20 -69203
21 -7 22 3 -67655
0 18 0 14 -70697
-7 -13 -8 -16 -68897
21 -14 22 -14 -49683
-21 16 -22 19 -50087
-1 -5 4 -7 -78989
12 9 11 14 -80657
23 -7 22 -20 -70987
-19 1 -18 -4 -69889
9 -13 7 -19 -74637
-19 -20 -9 -20 -77999
-19 6 -23 8 -58695
-10 11 -11 7 -66973
-21 -17 -20 -14 -71195
16 -13 17 -11 -71823
11 -1 11 3 -64395
2 -21 9 -22 -72697
-21 0 -22 8 -75531
5 20 4 22 -71171
6 -22 4 -16 -76947
5 -2 24 -2 -82829
-15 19 -19 18 -79047
-11 1 -8 0 -78851
-19 -12 -14 -13 -73015
22 3 21 3 -50531
-14 -1 -13 -5 -76305
-11 12 -10 16 -74125
23 7 20 0 -63823
-14 5 -12 6 -69925
-2 21 0 23 -56099
17 19 15 17 -66649
-24 -15 -15 -17 -66235
17 -20 19 -15 -76073
-1 18 -2 15 -73141
8 15 7 12 -75253
-14 -9 -15 -11 -76005
-17 5 -20 1 -76201
24 6 23 10 -57295
-9 -10 -7 -14 -79791
-10 -15 -14 -15 -70777
22 -5 19 -4 -74865
5 9 4 10 -70173
21 0 20 1 -70725
17 -13 17 -11 -71503
5 -10 6 -15 -65337
-12 -12 -14 -16 -71677
2 10 8 8 -76049
16 7 11 6 -75631
16 3 23 6 -72673
3 24 7 20 -74203
-13 0 -16 -2 -74615
17 -24 19 -16 -56553
-14 21 -13 20 -62485
-22 20 -17 20 -69099
9 -9 6 -10 -79773
13 17 14 23 -68967
-19 24 -22 13 -77485
23 -14 16 -16 -67485
19 -14 22 -21 -74553
13 -4 13 -8 -74225
-4 -18 -5 -17 -74059
-10 -7 -6 -10 -87465
16 12 17 17 -68939
-15 -20 -15 -16 -66577
8 16 10 19 -70699
-1 0 0 0 -72985
3 4 0 6 -73377
-19 21 -23 18 -63785
1 3 1 4 -68565
-1 -12 0 -11 -74087
-24 7 21 24 -73719
2 -19 5 -20 -71515
-3 7 -1 11 -71805
-9 -11 -9 -15 -71063
6 -6 6 -8 -69413
-6 4 -2 5 -77447
-2 1 -2 2 -71295
-17 24 -23 18 -75861
1 24 20 23 -71149
16 -1 14 2 -71369
-24 -23 -13 -15 -79907
-22 10 -22 3 -75759
-19 6 -17 -2 -77137
-19 -6 -23 -2 -69657
-23 0 -22 -10 -62343
0 -19 -5 -23 -67277
-7 -5 -6 -3 -80537
20 -23 17 -20 -44349
-11 -9 -16 -8 -72279
1 -19 3 -24 -66139
-1 -8 2 -7 -70983
7 -16 9 -16 -69931
-2 -21 -1 -22 -62233
-24 -13 -24 -10 -44009
24 -8 20 -5 -64525
-2 -5 -3 -1 -78243
11 -20 13 -15 -70875
20 0 20 3 -64691
0 -7 0 -8 -73401
-5 -15 -4 -24 -73757
-12 2 -13 3 -67569
2 4 3 0 -70345
14 15 15 11 -75511
-14 10 -23 12 -79629
-3 -24 -6 -20 -65365
6 -24 15 -23 -63007
-11 -21 -9 -14 -68491
6 -24 12 -22 -65043
6 23 -13 24 -73117
-10 -21 -12 -22 -52633
-13 11 -13 16 -71651
12 13 9 15 -75723
12 20 13 23 -68671
-9 -21 -4 -22 -75137
9 -10 11 -8 -79463
-3 20 -3 18 -71349
-15 -7 -17 -3 -80997
4 -2 3 -5 -72989
7 24 6 17 -66047
1 11 -3 10 -70475
17 6 17 9 -65375
4 6 10 7 -71863
-7 14 -6 21 -79495
-13 -21 -13 -24 -30871
-3 3 -5 1 -77559
17 -6 1 -3 -93447
-21 -22 -8 -23 -76013
-6 -16 -7 -14 -72847
9 -17 24 -22 -75249
-18 12 -20 11 -71575
-1 -5 -3 -2 -77635
12 0 10 -2 -73799
2 13 -2 16 -75633
13 12 11 16 -80491
6 -13 7 -14 -71177
-5 -11 -6 -8 -76125
0 -16 21 -24 -75791
22 -14 23 -17 -56021
16 9 13 10 -65467
-23 -5 -21 -13 -61509
13 0 17 2 -78579
-1 15 5 15 -75723
-19 8 -20 1 -79675
12 -16 12 -8 -72907
2 -1 3 2 -72471
9 2 -7 0 -91621
-8 2 -9 8 -76439
17 -16 -6 -24 -75117
3 -5 4 -6 -77659
17 -18 10 -17 -68649
15 -1 14 -1 -72783
24 1 23 19 -82063
24 -22 15 24 -79241
16 -19 13 -14 -71775
-6 -8 -8 -9 -75937
-7 7 -8 8 -73843
-15 17 -12 16 -69595
-17 6 -14 8 -74691
18 4 20 8 -75543
2 -23 -3 -23 -57785
4 -17 1 -17 -71087
14 -14 17 -16 -66939
-16 22 -21 21 -75569
-20 -13 -24 -10 -66537
-4 14 -3 14 -64123
0 6 -4 8 -78579
-22 -18 -13 -22 -74231
18 9 19 9 -69547
21 12 20 5 -76375
18 -15 21 -18 -73243
-17 0 -15 0 -71733
-7 -23 -10 -16 -76177
14 -2 19 -4 -80329
-15 10 -15 8 -63997
-10 -2 -9 1 -77427
-24 10 -20 -8 -79971
20 20 24 -3 -86309
-22 0 -17 -2 -78529
-16 1 -24 2 -77815
6 -24 -2 -24 -55173
-11 16 -13 16 -71351
12 -6 12 -4 -73795
18 -12 20 -23 -77975
9 16 9 20 -69919
-2 -13 -6 -13 -76771
15 9 18 11 -74941
-12 8 -9 9 -71419
-19 11 -24 5 -68271
-11 -5 -12 -7 -73529
12 -18 9 -22 -56323
-16 14 -18 11 -72235
6 -15 8 -19 -74173
-1 1 -2 0 -74051
10 11 8 9 -77271
1 -11 5 -12 -77725
19 -15 16 -16 -69413
-11 16 -11 17 -72351
-13 24 -14 19 -63865
0 -11 1 -12 -71809
-2 20 -5 20 -68167
12 -22 6 -21 -69225
2 -20 4 -18 -71371
-24 7 -21 -2 -65749
-2 10 -2 12 -71499
-9 19 -6 15 -78847
-8 15 -9 15 -72215
17 8 16 4 -75743
-1 21 -24 22 -69287
10 11 8 10 -74327
-15 21 -14 22 -63077
-15 -11 -17 -7 -74291
0 -8 -11 -4 -98393
10 -6 12 -8 -74431
4 20 -6 23 -71061
-8 -7 -9 -5 -80059
-20 -8 -21 -17 -76675
1 -14 -1 -13 -73225
9 19 12 17 -71741
-8 9 -5 10 -71829
-9 22 -7 23 -63229
16 -7 18 -7 -69549
-2 -5 -3 -5 -73821
-16 -12 -15 -9 -74419
4 -14 6 -12 -74791
6 -24 5 -21 -39171
-17 3 -24 24 -76457
-12 18 -10 23 -73003
20 -5 24 -23 -77157
17 5 17 -1 -72409
14 -5 16 -2 -75221
-18 23 -16 22 -55249
5 2 6 0 -66777
7 23 8 20 -67889
18 7 23 1 -73895
-19 0 -17 24 -87515
-19 4 -15 4 -77841
-12 -1 -10 0 -80879
-20 9 -21 5 -77839
15 16 11 16 -65931
-6 24 -4 16 -75055
2 18 1 17 -73709
15 -24 13 -1 -78329
18 -20 15 -22 -59501
-6 20 -3 21 -72673
17 -1 20 0 -73665
20 0 24 -3 -63281
2 23 11 19 -82147
-24 -10 -21 -10 -47269
8 0 7 -1 -79203
-24 -8 -24 16 -66817
-11 0 -10 -3 -76069
3 12 4 18 -76689
3 -23 6 -18 -77397
-19 -7 -20 0 -74785
18 -2 17 -5 -70237
-20 -4 -22 -5 -63129
14 -13 11 -12 -61955
-10 16 -9 9 -73095
11 18 24 23 -61555
-17 10 -16 10 -73083
8 12 7 7 -77453
-21 8 -19 12 -66911
-11 -7 -8 -5 -79097
0 -15 -3 -17 -75493
-16 -8 -21 -12 -71309
5 -3 4 -4 -80001
-2 14 0 11 -77983
23 -10 18 -9 -69087
18 4 14 4 -74535
-19 -20 11 -23 -78521
23 -1 18 -6 -75099
1 10 2 13 -73201
-18 18 -16 24 -69621
-24 -20 -12 -18 -77311
19 9 17 11 -68099
13 13 11 11 -67895
21 -21 16 -23 -61275
-24 -6 1 -2 -81201
-21 20 -24 -20 -72305
-12 6 -10 6 -71395
-15 3 -16 -3 -75537
-22 -21 20 0 -82177
21 -11 21 -5 -70295
-10 -7 -8 8 -90949
1 -13 2 -12 -76709
17 15 20 15 -75873
8 -22 9 -13 -78149
24 17 20 4 -77121
8 -1 8 -7 -76627
9 15 10 17 -72191
-18 15 -15 14 -72423
10 11 10 13 -75001
-18 4 -21 4 -73999
3 -1 2 -1 -73287
20 -10 23 -5 -70739
-3 -21 -4 -19 -71349
-1 20 3 19 -72301
7 -12 9 -13 -75341
7 -5 6 -6 -79885
19 -10 23 -15 -71445
24 10 -21 4 -73495
-14 21 -14 15 -73207
-4 11 -5 14 -69617
-11 0 -9 0 -80869
-5 -16 -5 -17 -63935
-5 -17 -2 -14 -77605
-3 6 -3 12 -74373
-3 -2 -4 1 -75225
-3 -9 -5 -9 -75623
12 4 12 8 -71595
-14 -21 -15 -19 -76113
-13 15 -10 17 -75619
-22 -12 -24 -22 -65185
-13 -21 -15 -19 -74509
16 14 17 13 -69409
0 -17 -1 -21 -66145
21 -19 23 18 -80705
20 -14 22 -7 -67079
16 6 24 23 -71853
11 -17 12 -11 -74679
-12 -9 -10 -10 -73343
