24 14 24 -8 -73859
6 8 6 10 -69037
-12 -23 -14 -16 -81227
23 23 23 0 -69859
12 0 9 3 -73245
-12 20 -10 21 -69809
19 -5 21 -7 -79279
-22 -5 -18 -3 -73285
6 4 6 -5 -78577
6 -12 8 -10 -68871
-1 -3 -1 0 -69879
6 3 6 5 -64391
-23 17 -21 9 -53405
24 -6 24 -5 -53575
-16 17 -19 21 -71621
10 0 9 -4 -77549
17 -12 17 -10 -67033
-14 9 -12 4 -73067
23 -7 21 -2 -73913
-2 4 -3 5 -66131
24 -18 7 -20 -74897
16 13 23 12 -73745
-24 -23 -1 -21 -75277
1 23 5 22 -60645
-24 1 -23 1 -27357
-24 14 -21 20 -62063
12 -2 8 -3 -73203
-23 19 19 21 -70905
17 -15 15 -19 -79653
-17 -22 -18 -23 -45289
1 -12 2 -12 -72805
-22 -8 -20 -23 -82667
7 18 13 21 -72449
-15 9 -14 7 -69745
-18 23 -19 21 -58721
-13 -1 -12 -2 -74379
-23 4 -22 14 -68809
-11 18 -11 12 -80337
5 24 17 23 -68029
-7 -20 -4 -18 -76781
-23 -22 -20 -13 -78267
-17 24 -11 24 -54179
-1 4 -1 3 -70089
-1 -18 -1 -12 -79455
-15 9 4 17 -93371
-5 20 -8 21 -73047
-22 -13 -23 -13 -46251
-18 1 -23 -9 -76063
13 -9 11 -8 -67873
-18 21 2 24 -82255
-13 -7 23 -24 -78617
18 -11 17 -17 -76861
13 -16 15 -14 -72547
-10 -6 -10 -8 -70033
-20 -3 -17 -1 -68519
10 21 2 19 -76259
7 16 7 15 -65381
2 -13 1 -14 -76673
6 13 8 12 -67939
-11 -19 -14 -22 -71115
-2 -10 -1 -7 -70595
10 4 12 5 -63851
-4 2 -5 -3 -74001
-19 -16 -19 -10 -78597
-5 -14 -5 -8 -77931
1 18 4 22 -73241
1 -24 -1 -19 -63783
-12 21 -10 17 -74749
14 6 13 5 -71155
-4 9 -4 10 -66661
22 12 24 4 -66739
17 2 13 6 -76889
-20 -17 -20 -18 -64909
0 19 0 20 -69169
-20 -8 -17 -12 -85053
16 19 22 10 -74243
8 -10 9 -6 -79265
22 -22 21 -22 -38175
5 -23 6 -15 -69809
1 -7 1 -13 -69979
-19 -23 -20 -15 -71765
3 10 2 15 -71443
-13 23 -13 24 -30179
1 5 -3 4 -67793
-6 -22 -9 -22 -73937
11 5 9 8 -63421
-4 23 -9 20 -82669
-7 19 -13 24 -72391
4 -2 6 -1 -75747
15 16 15 14 -66409
-4 0 -3 0 -70415
19 -1 18 3 -80385
19 15 13 16 -76215
-24 -14 -3 -7 -75579
10 24 11 17 -70473
19 -21 23 -23 -40423
11 -10 13 -8 -78893
13 -5 11 -8 -80191
-22 22 -12 18 -81851
9 -3 10 -9 -86229
-18 -17 -14 -24 -77715
-3 -19 -6 -20 -82331
-14 2 -16 0 -77513
19 -8 23 -5 -76761
-14 -23 -9 -18 -79085
5 -20 11 -22 -71843
-3 16 -4 11 -72237
-21 -16 -23 -12 -66537
-9 7 -9 5 -64285
-13 -7 -12 -14 -82429
-14 15 -16 13 -71345
-7 -17 -11 -16 -74999
10 20 17 23 -70305
9 1 7 1 -68681
-9 -23 -8 -23 -65031
11 -17 17 -23 -62329
20 15 18 9 -77125
-7 23 -6 16 -75959
-23 1 -22 24 -71519
13 -4 11 -4 -70211
20 14 22 9 -57593
-21 -22 -21 -18 -51025
-9 -12 -12 -14 -76425
4 17 6 16 -65245
-5 3 -5 1 -67935
-24 16 -24 21 -42497
1 -3 -1 -7 -73551
-4 18 1 19 -72081
3 7 1 5 -70651
6 9 6 5 -66439
24 -14 -14 -23 -72021
-1 21 6 24 -62781
2 4 4 2 -74585
-9 4 -8 9 -72211
2 11 1 10 -73419
-5 -2 -12 -3 -83151
6 -20 4 -23 -64163
-10 -2 -8 -1 -78017
21 19 17 20 -61119
-17 -9 -14 -8 -71967
-8 4 -9 0 -71127
-19 -3 -17 -8 -78561
13 -5 13 0 -74661
18 -4 17 -4 -73657
16 12 24 16 -70407
6 0 2 2 -75001
-19 10 -19 19 -71393
-1 16 1 24 -77023
8 -20 -24 -23 -73211
-4 10 -3 9 -67989
-7 11 -4 11 -72875
-8 -19 -7 -23 -61023
-16 -13 -16 -16 -68145
-9 -5 -10 -2 -65683
0 -9 -2 -7 -69719
0 5 2 5 -65795
22 -4 23 -12 -69235
-6 8 -4 10 -73839
16 12 17 13 -75649
-11 -7 -12 -10 -78749
8 22 18 21 -71093
8 -8 9 -9 -69021
23 19 15 23 -59335
-5 2 -3 8 -76525
-12 13 -7 11 -77469
-7 -2 -6 -1 -78057
4 -8 8 -9 -73785
13 24 10 20 -67131
0 -17 -1 -12 -81189
-24 -17 -22 0 -68647
11 17 7 19 -69877
-22 12 -19 17 -72537
12 6 13 0 -73037
-16 3 -16 1 -71601
7 -1 9 -4 -71453
5 -24 -13 -23 -76725
11 22 11 21 -59829
-13 22 23 21 -70937
21 -23 23 0 -76195
13 -24 22 -16 -75867
-7 20 -12 20 -79647
-1 -19 -4 -19 -81083
-16 -13 -14 -16 -73783
-21 -9 -18 -10 -73915
-17 -20 -19 -21 -65689
23 21 21 24 -23259
13 14 13 18 -68939
-5 20 -9 18 -83647
11 22 1 19 -79021
23 -7 22 6 -74191
-13 -20 -8 -20 -77485
21 -7 22 3 -76575
16 1 24 4 -79607
-7 -13 -8 -16 -69495
21 -14 22 -14 -58851
-21 16 -22 19 -50125
8 2 8 1 -68517
-6 -10 -7 -11 -76151
23 -7 22 -20 -71135
-19 1 -18 -4 -70765
-4 -1 0 0 -81447
-19 -20 -9 -20 -82311
-19 6 -23 8 -60605
-10 11 -11 7 -68909
-21 -17 -20 -14 -71079
16 -13 17 -11 -70857
11 -1 11 3 -71975
2 -21 9 -22 -71873
-21 0 -22 8 -74433
5 20 4 22 -67719
6 -22 4 -16 -71807
-16 -19 -22 -13 -81155
-15 19 -19 18 -79657
-11 1 -8 0 -71793
-19 -12 -14 -13 -76373
22 3 21 3 -55439
-14 -1 -13 -5 -72237
-11 12 -10 16 -76551
23 7 20 0 -66191
-14 5 -12 6 -62443
-2 21 0 23 -54235
17 19 15 17 -66967
-24 -15 -15 -17 -72569
17 -20 19 -15 -75811
-1 18 -2 15 -72777
8 15 7 12 -71819
-14 -9 -15 -11 -82959
-17 5 -20 1 -79055
24 6 23 10 -55045
-9 -10 -7 -14 -78771
-10 -15 -14 -15 -75141
22 -5 19 -4 -76849
5 9 4 10 -71371
21 0 20 1 -72243
17 -13 17 -11 -71283
5 -10 6 -15 -65027
-12 -12 -14 -16 -76109
2 10 8 8 -77155
0 15 0 18 -69655
16 3 23 6 -81071
3 24 7 20 -67197
-13 0 -16 -2 -73689
17 -24 19 -16 -56127
-14 21 -13 20 -64855
-22 20 -17 20 -67917
9 -9 6 -10 -73595
13 17 14 23 -68231
-19 24 -22 13 -76535
23 -14 16 -16 -69767
19 -14 22 -21 -77997
13 -4 13 -8 -79053
-4 -18 -5 -17 -77583
20 -6 20 -3 -71931
16 12 17 17 -73923
-15 -20 -15 -16 -68323
8 16 10 19 -73075
-1 0 0 0 -67085
11 11 11 9 -67447
-19 21 -23 18 -63045
1 3 1 4 -71295
-1 -12 0 -11 -71831
-24 7 21 24 -72519
2 -19 5 -20 -69137
-3 7 -1 11 -72217
-9 -11 -9 -15 -75217
6 -6 6 -8 -74913
-11 -8 -6 -4 -82851
-2 1 -2 2 -69103
-17 24 -23 18 -73835
1 24 20 23 -69657
16 -1 14 2 -77515
-24 -23 -13 -15 -78807
-22 10 -22 3 -73353
-19 6 -17 -2 -81143
-19 -6 -23 -2 -69691
-23 0 -22 -10 -64081
0 -19 -5 -23 -76969
2 -17 1 -13 -71889
20 -23 17 -20 -46365
-11 -9 -16 -8 -72925
1 -19 3 -24 -65189
-1 -8 2 -7 -63705
7 -16 9 -16 -62999
-2 -21 -1 -22 -62591
-24 -13 -24 -10 -46949
24 -8 20 -5 -67215
-2 -5 -3 -1 -74563
11 -20 13 -15 -62635
20 0 20 3 -69113
0 -7 0 -8 -68601
-5 -15 -4 -24 -75463
-12 2 -13 3 -74681
2 4 3 0 -75031
14 15 15 11 -69853
-14 10 -23 12 -79921
-3 -24 -6 -20 -67177
6 -24 15 -23 -61347
-11 -21 -9 -14 -71773
6 -24 12 -22 -64243
6 23 -13 24 -75185
-10 -21 -12 -22 -69975
-13 11 -13 16 -78425
12 13 9 15 -68415
12 20 13 23 -67333
-9 -21 -4 -22 -77867
9 -10 11 -8 -78497
-3 20 -3 18 -70071
-15 -7 -17 -3 -78055
4 -2 3 -5 -81387
7 24 6 17 -66957
1 11 -3 10 -67047
17 6 17 9 -59227
4 6 10 7 -68481
-7 14 -6 21 -74387
-13 -21 -13 -24 -34845
-3 3 -5 1 -76859
-3 -13 -9 -10 -84011
-21 -22 -8 -23 -77447
-6 -16 -7 -14 -74599
9 -17 24 -22 -77691
-18 12 -20 11 -70505
-1 -5 -3 -2 -72621
12 0 10 -2 -71953
2 13 -2 16 -70987
21 -14 24 -15 -52711
6 -13 7 -14 -65855
-5 -11 -6 -8 -75315
0 -16 21 -24 -75801
22 -14 23 -17 -59327
16 9 13 10 -63873
-23 -5 -21 -13 -68651
13 0 17 2 -75309
-23 -6 21 -3 -75287
-19 8 -20 1 -79809
12 -16 12 -8 -71307
2 -1 3 2 -73521
-12 6 -10 0 -79953
-13 5 -14 1 -71793
17 -16 -6 -24 -73969
3 -5 4 -6 -69701
17 -18 10 -17 -69159
15 -1 14 -1 -69411
24 1 23 19 -76627
-13 -14 -10 -8 -91965
16 -19 13 -14 -69757
-6 -8 -8 -9 -75319
-7 7 -8 8 -69457
-15 17 -12 16 -70821
-2 21 -19 24 -82061
18 4 20 8 -71479
2 -23 -3 -23 -61131
4 -17 1 -17 -71053
14 -14 17 -16 -66029
-16 22 -21 21 -74727
-20 -13 -24 -10 -69011
-4 14 -3 14 -64911
-19 -13 -19 -6 -76585
-22 -18 -13 -22 -76831
18 9 19 9 -71975
21 12 20 5 -74041
18 -15 21 -18 -76765
-17 0 -15 0 -71789
-7 -23 -10 -16 -78211
-15 16 -16 8 -82261
-15 10 -15 8 -66099
-10 -2 -9 1 -70051
-24 10 -20 -8 -79995
3 -12 2 -14 -74505
-22 0 -17 -2 -79849
-16 1 -24 2 -78973
6 -24 -2 -24 -55293
-11 16 -13 16 -72925
12 -6 12 -4 -78133
18 -12 20 -23 -78285
9 16 9 20 -71313
-2 -13 -6 -13 -81499
15 9 18 11 -76029
-12 8 -9 9 -72189
-19 11 -24 5 -67475
-11 -5 -12 -7 -70615
12 -18 9 -22 -49733
-16 14 -18 11 -76187
6 -15 8 -19 -66863
-1 1 -2 0 -76357
10 11 8 9 -76513
1 -11 5 -12 -75689
19 -15 16 -16 -69793
-11 16 -11 17 -68663
-13 24 -14 19 -63351
0 -11 1 -12 -70445
-2 20 -5 20 -70667
12 -22 6 -21 -68881
2 -20 4 -18 -71481
-24 7 -21 -2 -65641
-2 10 -2 12 -71579
-9 19 -6 15 -80057
-8 15 -9 15 -73403
1 7 3 5 -70089
-1 21 -24 22 -75357
10 11 8 10 -73021
-15 21 -14 22 -62741
-15 -11 -17 -7 -79271
-17 7 -19 13 -76493
10 -6 12 -8 -75457
4 20 -6 23 -69589
-8 -7 -9 -5 -67373
-20 -8 -21 -17 -81423
1 -14 -1 -13 -74171
9 19 12 17 -68177
-8 9 -5 10 -74369
-9 22 -7 23 -68249
16 -7 18 -7 -67485
-2 -5 -3 -5 -71965
-16 -12 -15 -9 -81319
4 -14 6 -12 -69639
6 -24 5 -21 -39935
-17 3 -24 24 -75457
-12 18 -10 23 -70217
20 -5 24 -23 -78101
17 5 17 -1 -75745
7 -1 24 -24 -79549
-18 23 -16 22 -57693
5 2 6 0 -70395
7 23 8 20 -63909
18 7 23 1 -73819
-3 -12 -4 -13 -78043
-19 4 -15 4 -78363
-12 -1 -10 0 -73647
-20 9 -21 5 -73851
15 16 11 16 -62765
-6 24 -4 16 -73209
2 18 1 17 -71083
15 -24 13 -1 -78629
18 -20 15 -22 -58741
-6 20 -3 21 -76861
17 -1 20 0 -75597
20 0 24 -3 -64433
-16 4 -2 -19 -98697
-24 -10 -21 -10 -46815
8 0 7 -1 -76205
-24 -8 -24 16 -68805
-11 0 -10 -3 -72351
3 12 4 18 -75503
3 -23 6 -18 -76551
-19 -7 -20 0 -75297
18 -2 17 -5 -71571
-20 -4 -22 -5 -63277
14 -13 11 -12 -62093
-10 16 -9 9 -75557
11 18 24 23 -61295
-17 10 -16 10 -70889
8 12 7 7 -76963
-21 8 -19 12 -68239
2 -9 4 1 -91581
0 -15 -3 -17 -74787
-16 -8 -21 -12 -73453
5 -3 4 -4 -81227
-2 14 0 11 -73689
23 -10 18 -9 -72131
18 4 14 4 -75301
-19 -20 11 -23 -76903
23 -1 18 -6 -79585
1 10 2 13 -74065
-18 18 -16 24 -69027
-24 -20 -12 -18 -79771
19 9 17 11 -68539
-23 -24 -21 14 -77047
21 -21 16 -23 -61575
15 9 12 6 -74099
-21 20 -24 -20 -78285
-12 6 -10 6 -69889
-15 3 -16 -3 -79069
-1 -20 -4 -21 -81657
21 -11 21 -5 -73091
-8 -7 -8 -10 -72957
-6 -3 -5 -5 -67535
17 15 20 15 -76211
0 9 4 10 -71573
24 17 20 4 -76759
8 -1 8 -7 -83167
9 15 10 17 -72861
-18 15 -15 14 -73011
10 11 10 13 -69141
-18 4 -21 4 -75903
3 -1 2 -1 -65717
20 -10 23 -5 -74023
-3 -21 -4 -19 -74329
-1 20 3 19 -67223
12 11 13 12 -66257
7 -5 6 -6 -80541
19 -10 23 -15 -74219
24 10 -21 4 -70605
-14 21 -14 15 -71559
-4 11 -5 14 -69285
11 -5 23 -5 -85983
-5 -16 -5 -17 -62953
20 -15 24 23 -77893
-12 3 -21 8 -89097
17 2 18 -3 -78649
-3 -9 -5 -9 -74665
12 4 12 8 -64131
-14 -21 -15 -19 -77745
-13 15 -10 17 -75549
-22 -12 -24 -22 -66771
-13 -21 -15 -19 -76337
16 14 17 13 -66693
0 -17 -1 -21 -65187
21 -19 23 18 -84379
20 -14 22 -7 -67511
16 6 24 23 -73959
11 -17 12 -11 -69463
-12 -9 -10 -10 -67617
