24 14 24 -8 -73272
6 8 6 10 -66716
0 14 0 15 -66526
23 23 23 0 -66880
12 0 9 3 -74184
-12 20 -10 21 -68326
0 -11 0 -14 -68404
-22 -5 -18 -3 -72866
6 4 6 -5 -74534
6 -12 8 -10 -67076
-1 -3 -1 0 -64044
6 3 6 5 -68964
-23 17 -21 9 -58502
24 -6 24 -5 -50510
-16 17 -19 21 -75114
10 0 9 -4 -74118
17 -12 17 -10 -70658
-14 9 -12 4 -74602
23 -7 21 -2 -69746
-2 4 -3 5 -70180
24 -18 7 -20 -68040
16 13 23 12 -75038
-24 -23 -1 -21 -72236
1 23 5 22 -59586
-24 1 -23 1 -32096
-24 14 -21 20 -64138
-8 -4 -13 -6 -75426
-23 19 19 21 -70906
17 -15 15 -19 -74306
-17 -22 -18 -23 -58130
1 -12 2 -12 -74518
13 24 15 23 -43726
7 18 13 21 -69974
-15 9 -14 7 -69196
-18 23 -19 21 -59388
-13 -1 -12 -2 -71540
5 -21 10 -23 -65734
-24 -14 -2 -3 -83246
5 24 17 23 -65328
-7 -20 -4 -18 -64764
-23 -22 -20 -13 -73112
-17 24 -11 24 -58912
-1 4 -1 3 -75456
-1 13 9 -9 -93148
14 4 15 4 -65094
-5 20 -8 21 -66108
-22 -13 -23 -13 -46316
11 -24 8 -14 -72432
13 -9 11 -8 -74932
23 15 0 5 -85048
-10 3 -7 4 -71192
18 -11 17 -17 -77046
13 -16 15 -14 -70620
-10 -6 -10 -8 -69632
-20 -3 -17 -1 -64322
10 21 2 19 -69438
7 16 7 15 -66944
2 -13 1 -14 -77894
0 -2 4 -2 -77266
-11 -19 -14 -22 -69214
-2 -10 -1 -7 -63990
10 4 12 5 -71388
-18 3 -17 11 -83534
18 4 20 1 -72348
7 15 9 12 -66488
1 18 4 22 -73728
1 -24 -1 -19 -62012
-12 21 -10 17 -78232
14 6 13 5 -70948
-4 9 -4 10 -72942
22 12 24 4 -67002
-11 -4 -12 -6 -77850
-20 -17 -20 -18 -62522
0 19 0 20 -68654
-16 19 -15 20 -73526
16 19 22 10 -79720
8 -10 9 -6 -72204
22 -22 21 -22 -41532
5 -23 6 -15 -68216
1 -7 1 -13 -67304
-19 -23 -20 -15 -67148
15 13 12 11 -73900
-13 23 -13 24 -29888
1 5 -3 4 -70564
-6 -22 -9 -22 -70510
11 5 9 8 -68748
-4 23 -9 20 -70866
-7 19 -13 24 -71116
4 -2 6 -1 -74290
15 16 15 14 -69026
-4 0 -3 0 -70458
11 -12 11 -13 -69674
-1 -7 2 -9 -77572
-24 -14 -3 -7 -82346
10 24 11 17 -77198
19 -21 23 -23 -50094
11 -10 13 -8 -73400
13 -5 11 -8 -81360
-9 14 3 9 -88616
9 24 10 22 -55000
-18 -17 -14 -24 -69748
15 9 14 12 -79028
1 4 0 1 -78406
19 -8 23 -5 -71966
-14 -23 -9 -18 -78030
-17 -3 -13 -5 -75842
-3 16 -4 11 -72940
-21 -16 -23 -12 -55724
-9 7 -9 5 -64084
-13 -7 -12 -14 -68636
-14 15 -16 13 -66804
-7 -17 -11 -16 -70194
10 20 17 23 -69206
9 1 7 1 -73388
-9 -23 -8 -23 -63504
-9 -17 -11 -12 -79550
20 15 18 9 -74940
-15 11 -16 8 -75472
-23 1 -22 24 -66090
13 -4 11 -4 -72760
20 14 22 9 -59622
-21 -22 -21 -18 -49336
-9 -12 -12 -14 -70064
4 17 6 16 -67796
-5 3 -5 1 -63732
-24 16 -24 21 -41486
1 -3 -1 -7 -68598
-3 2 -5 1 -68596
0 7 1 5 -68744
6 9 6 5 -73242
24 -14 -14 -23 -73534
-1 21 6 24 -60968
2 4 4 2 -69686
-9 4 -9 9 -72404
2 11 1 10 -73818
4 5 7 9 -81482
6 -20 4 -23 -53832
-10 -2 -8 -1 -73136
21 19 17 20 -71344
-17 -9 -14 -8 -66956
-8 4 -9 0 -63772
-19 -3 -17 -8 -70088
13 -5 13 0 -69164
15 2 19 4 -70860
16 12 24 16 -72582
-19 20 -23 21 -57518
-19 10 -19 19 -74060
-1 16 1 24 -76886
8 -20 -24 -23 -75184
-4 10 -3 9 -71386
-7 11 -4 11 -71942
-8 -19 -7 -23 -60244
-16 -13 -16 -16 -61422
-9 -5 -10 -2 -70302
0 -9 -2 -7 -71788
0 5 2 5 -65432
22 -12 23 -11 -55044
-6 8 -4 10 -73718
16 12 17 13 -69642
-11 -7 -12 -10 -70192
-4 17 22 12 -79222
8 -8 9 -9 -66868
23 19 15 23 -69914
24 2 22 -13 -71328
-12 13 -7 11 -74600
-7 -2 -6 -1 -72976
9 -8 12 -3 -86266
13 24 10 20 -67458
-18 -14 -19 -17 -68592
-24 -17 -22 0 -70662
11 17 7 19 -69512
-22 12 -19 17 -75462
15 -19 13 -17 -74124
-16 3 -16 1 -64258
7 -1 9 -4 -73504
5 -24 -13 -23 -74766
11 22 11 21 -66418
4 15 8 16 -70006
21 -23 23 0 -74250
-8 22 -6 17 -79772
-7 20 -12 20 -72910
-1 -19 -4 -19 -76804
17 7 17 10 -69816
-21 -9 -18 -10 -72438
-17 -20 -19 -21 -67474
23 21 21 24 -24970
13 14 13 18 -70212
9 10 9 11 -73254
-19 -10 -16 -11 -73028
23 -7 22 6 -73216
-13 -20 -8 -20 -74778
21 -7 22 3 -72672
16 1 24 4 -68184
-7 -13 -8 -16 -68992
21 -14 22 -14 -62876
-21 16 -22 19 -57282
8 2 8 1 -64588
-6 -10 -7 -11 -70150
23 -7 22 -20 -69460
-19 1 -18 -4 -64304
7 -16 12 -15 -65196
3 -8 4 -4 -72336
-19 6 -23 8 -68062
-10 11 -11 7 -69282
-21 -17 -20 -14 -68558
16 -13 17 -11 -73504
11 -1 11 3 -65326
-16 13 -17 19 -74860
-21 0 -22 8 -69104
5 20 4 22 -70268
6 -22 4 -16 -73254
-16 -19 -22 -13 -81192
11 -17 16 -19 -75676
-11 1 -8 0 -70076
12 -4 14 -11 -79926
22 3 21 3 -49732
-14 -1 -13 -5 -71266
-11 12 -10 16 -66418
23 7 20 0 -60918
-14 5 -12 6 -65286
-2 21 0 23 -55080
17 19 15 17 -69332
-24 -15 -15 -17 -73914
17 -20 19 -15 -69968
-1 18 -2 15 -67592
8 15 7 12 -75622
-9 -14 -8 -18 -79986
-17 5 -20 1 -76492
24 6 23 10 -55320
-9 -10 -7 -14 -71640
-10 -15 -14 -15 -71490
22 -5 19 -4 -70134
5 9 4 10 -63306
21 0 20 1 -65746
17 -13 17 -11 -76516
5 -10 6 -15 -69490
-12 -12 -14 -16 -72298
-20 6 -21 6 -72390
-22 15 -20 13 -62066
-20 3 -24 -18 -76206
3 24 7 20 -71668
-13 0 -16 -2 -72802
17 -24 19 -16 -54148
-14 21 -13 20 -66304
-22 20 -17 20 -75082
9 -9 6 -10 -65294
13 17 14 23 -72742
-19 24 -22 13 -76642
23 -14 16 -16 -69470
19 -14 22 -21 -70778
13 -4 13 -8 -77936
-4 -18 -5 -17 -71256
20 -6 20 -3 -66376
16 12 17 17 -72978
-15 -20 -15 -16 -63792
8 16 10 19 -73734
-1 0 0 0 -65116
11 11 11 9 -73854
-19 21 -23 18 -69564
1 3 1 4 -76640
-1 -12 0 -11 -73124
-24 7 21 24 -69696
2 -19 5 -20 -66936
-3 7 -1 11 -83822
-9 -11 -9 -15 -72116
6 -6 6 -8 -67764
12 16 16 15 -71220
-2 1 -2 2 -68366
-17 24 -23 18 -76744
1 24 20 23 -66580
13 -23 10 -17 -67918
3 14 1 13 -70448
-22 10 -22 3 -67788
-19 6 -17 -2 -72636
-19 -6 -23 -2 -64114
-23 0 -22 -10 -58764
0 -19 -5 -23 -71964
2 -17 1 -13 -58376
20 -23 17 -20 -52410
-11 -9 -16 -8 -70002
1 -19 3 -24 -63718
-1 -8 2 -7 -67426
-7 0 -7 -4 -69156
-2 -21 -1 -22 -62342
-24 -13 -24 -10 -37628
24 -8 20 -5 -69340
-2 -5 -3 -1 -73508
11 -20 13 -15 -62298
20 0 20 3 -61102
-7 -24 15 -23 -76168
-5 -15 -4 -24 -74010
-12 2 -13 3 -67940
-3 22 -21 24 -75516
14 15 15 11 -79616
18 -4 17 -4 -71224
-3 -24 -6 -20 -64560
6 -24 15 -23 -65020
-11 -21 -9 -14 -73206
6 -24 12 -22 -64182
6 23 -13 24 -70626
-10 -21 -12 -22 -68668
-13 11 -13 16 -68924
16 -9 13 16 -91018
12 20 13 23 -70714
-9 -21 -4 -22 -72110
16 -21 13 -19 -66310
-3 20 -3 18 -73672
10 20 -22 24 -73718
4 -2 3 -5 -71132
7 24 6 17 -69190
1 11 -3 10 -69970
17 6 17 9 -67424
4 6 10 7 -73224
-7 -24 -6 1 -77270
-13 -21 -13 -24 -32402
-3 -3 -7 1 -77308
5 6 7 3 -72028
-21 -22 -8 -23 -72986
-6 -16 -7 -14 -77022
9 -12 9 -13 -69178
-18 12 -20 11 -75976
-1 -5 -3 -2 -71866
12 0 10 -2 -72062
2 13 -2 16 -70752
21 -14 24 -15 -54790
6 -13 7 -14 -66554
-5 -11 -6 -8 -63580
0 -16 21 -24 -74936
22 -14 23 -17 -53166
16 9 13 10 -69162
-23 -5 -21 -13 -60234
17 -24 14 -20 -47530
-23 -6 21 -3 -76630
-19 8 -20 1 -80006
23 20 16 16 -70622
2 -1 3 2 -73644
-7 17 -7 20 -76508
-13 5 -14 1 -65734
17 -16 -6 -24 -81790
3 -5 4 -6 -75046
-4 22 -1 22 -60892
15 -1 14 -1 -67292
24 1 23 19 -72536
24 -9 23 -8 -46680
-22 -22 18 -3 -85582
-6 -8 -8 -9 -69440
-7 7 -8 8 -72212
-15 17 -12 16 -74846
12 -1 13 -2 -69712
18 4 20 8 -66796
2 -23 -3 -23 -61972
4 -17 1 -17 -69776
14 -14 17 -16 -68058
-16 22 -21 21 -73564
-20 -13 -24 -10 -63372
-4 14 -3 14 -65108
-19 -13 -19 -6 -61638
-22 -18 -13 -22 -75484
18 9 19 9 -64524
21 12 20 5 -72602
18 -15 21 -18 -69908
-17 0 -15 0 -79892
-7 -23 -10 -16 -76854
19 16 17 22 -53214
-15 10 -15 8 -70806
-10 -2 -9 1 -69150
-24 -4 -20 -3 -60684
3 -12 2 -14 -76700
-17 1 -15 1 -79824
19 10 23 20 -62252
6 -24 -2 -24 -55676
-11 16 -13 16 -73994
12 -6 12 -4 -73796
-16 -22 -18 -24 -54520
9 16 9 20 -71820
-2 -13 -6 -13 -73684
15 -11 16 -14 -72472
-12 8 -9 9 -70528
-19 11 -24 5 -74348
-11 -5 -12 -7 -77972
12 -18 9 -22 -51600
-16 14 -18 11 -73724
6 -15 8 -19 -69108
-1 1 -2 0 -65632
-17 0 -24 3 -71866
1 -11 5 -12 -72392
19 -15 16 -16 -65138
-11 16 -11 17 -64946
-13 24 -14 19 -65442
0 -11 1 -12 -71178
-2 20 -5 20 -68588
12 -22 6 -21 -71802
2 -20 4 -18 -64212
-24 7 -21 -2 -59512
-2 10 -2 12 -75774
-13 -16 -16 -17 -65106
-8 15 -9 15 -67876
-20 -13 -16 -16 -78276
-1 21 -24 22 -74464
10 11 8 10 -67174
-15 21 -14 22 -68176
-15 -11 -17 -7 -67532
22 23 15 23 -54572
10 -6 12 -8 -77974
4 20 -6 23 -70186
-8 -7 -9 -5 -67358
-18 6 -23 13 -70202
1 -14 -1 -13 -71760
9 19 12 17 -67818
-8 9 -5 10 -69614
-9 22 -7 23 -58306
16 -7 18 -7 -70852
-2 -5 -3 -5 -66466
-16 -12 -15 -9 -62142
4 -14 6 -12 -71238
6 -24 5 -21 -42122
-12 21 -19 24 -69812
-12 18 -10 23 -71034
20 -5 24 -23 -73312
17 5 17 -1 -67956
7 -1 24 -24 -78472
-18 23 -16 22 -59802
5 2 6 0 -67638
7 23 8 20 -74154
18 7 23 1 -75658
-3 -12 -4 -13 -73654
-19 4 -15 4 -75338
-12 -1 -10 0 -73500
-20 9 -21 5 -75590
15 16 11 16 -69188
-6 24 -4 16 -75554
2 18 1 17 -72048
-20 -24 13 8 -86560
18 -20 15 -22 -52686
-6 20 -3 21 -70730
17 -1 20 0 -69380
20 0 24 -3 -60488
-13 13 -15 16 -72092
-24 -10 -21 -10 -48178
8 0 7 -1 -73104
-24 -8 -24 16 -62680
-11 0 -10 -3 -71658
3 12 4 18 -75174
4 -4 24 -10 -86894
-19 -7 -20 0 -67132
18 -2 17 -5 -65944
-20 -4 -22 -5 -68796
14 -13 11 -12 -67804
-10 16 -9 9 -67992
11 18 24 23 -71674
-17 10 -16 10 -63758
24 -24 19 -19 -45514
-21 8 -19 12 -74146
2 8 0 5 -80578
0 -15 -3 -17 -72684
-16 -8 -21 -12 -70922
5 -3 4 -4 -73156
24 -11 20 -7 -69056
23 -10 18 -9 -74848
18 -5 14 -6 -72108
-19 -20 11 -23 -79516
3 -19 9 -19 -72310
20 10 22 -21 -81068
-18 18 -16 24 -71948
-24 -20 -12 -18 -75994
19 9 17 11 -72560
-23 -24 -21 14 -74430
21 -21 16 -23 -54206
1 9 0 12 -71080
-21 20 -24 -20 -78042
-12 6 -10 6 -70782
-15 3 -16 -3 -71318
-1 -20 -4 -21 -75820
15 6 2 3 -91292
-8 -7 -8 -10 -68438
-6 -3 -5 -5 -70676
17 15 20 15 -78604
0 9 4 10 -74546
-3 5 1 12 -91748
0 12 0 14 -70066
9 15 10 17 -75418
-18 15 -15 14 -67626
10 11 10 13 -74838
-18 4 -21 4 -76808
3 -1 2 -1 -74126
20 -10 23 -5 -69918
-3 -21 -4 -19 -70320
-1 20 3 19 -66466
12 11 13 12 -73080
-5 17 -5 19 -73908
8 1 11 -1 -73720
24 10 -21 4 -72940
-14 21 -14 15 -77056
-4 11 -5 14 -70112
11 1 14 5 -76824
-5 -16 -5 -17 -62502
20 -15 24 23 -75158
24 -8 6 -7 -87056
-24 17 -19 15 -62744
-3 -9 -5 -9 -68146
12 4 12 8 -64306
-14 -21 -15 -19 -67458
-13 15 -10 17 -75756
-22 -12 -24 -22 -60148
-13 -21 -15 -19 -67388
16 14 17 13 -72546
0 -17 -1 -21 -60560
-24 10 -19 13 -69048
20 -14 22 -7 -70914
16 -24 14 12 -83198
11 -17 12 -11 -74944
-12 -9 -10 -10 -64452
