24 14 24 -8 -66643
6 8 6 10 -67561
0 14 0 15 -70371
23 23 23 0 -64595
-24 2 0 2 -76273
-12 20 -10 21 -72651
0 -11 0 -14 -73173
-22 -5 -18 -3 -80885
6 4 6 -5 -75095
6 -12 8 -10 -64939
-1 -3 -1 0 -64645
6 3 6 5 -74993
-23 17 -21 9 -57369
24 -6 24 -5 -48553
-16 17 -19 21 -74145
10 0 9 -4 -71775
17 -12 17 -10 -70341
-14 9 -12 4 -75477
23 -7 21 -2 -66709
-2 4 -3 5 -71155
24 -18 7 -20 -67603
16 13 23 12 -72457
-24 -23 -1 -21 -65555
1 23 5 22 -61653
-24 1 -23 1 -34317
-24 14 -21 20 -62939
-10 15 -11 18 -75345
-23 19 19 21 -76791
17 -15 15 -19 -74039
-17 -22 -18 -23 -56967
1 -12 2 -12 -73245
13 24 15 23 -42557
7 18 13 21 -70725
-15 9 -14 7 -66903
-18 23 -19 21 -59795
-13 -1 -12 -2 -71021
5 -21 10 -23 -63227
-24 -5 -24 24 -67785
5 24 17 23 -67107
-7 -20 -4 -18 -67557
-23 -22 -20 -13 -72809
-17 24 -11 24 -61193
-1 4 -1 3 -67121
-1 -5 0 -9 -73367
14 4 15 4 -68623
-5 20 -8 21 -62855
-22 -13 -23 -13 -53427
11 -24 8 -14 -73737
13 -9 11 -8 -69755
-14 -4 -12 -7 -72803
0 22 24 22 -69395
18 -11 17 -17 -78955
13 -16 15 -14 -71689
-10 -6 -10 -8 -72725
-20 -3 -17 -1 -63291
10 21 2 19 -70361
7 16 7 15 -68409
2 -13 1 -14 -77937
-24 -15 -21 -17 -53637
-11 -19 -14 -22 -58225
-2 -10 -1 -7 -76023
10 4 12 5 -71857
13 19 13 22 -70173
18 4 20 1 -66799
7 15 9 12 -70679
1 18 4 22 -72055
1 -24 -1 -19 -69209
-12 4 -9 -3 -81837
14 6 13 5 -67393
-4 9 -4 10 -74733
22 12 24 4 -64127
-11 -4 -12 -6 -66299
-20 -17 -20 -18 -62747
0 19 0 20 -67505
-16 19 -15 20 -74385
16 19 22 10 -77789
8 -10 9 -6 -68745
22 -22 21 -22 -44237
5 -23 6 -15 -73365
1 -7 1 -13 -78647
-19 -23 -20 -15 -67311
15 13 12 11 -74829
-13 23 -13 24 -28985
1 5 -3 4 -71599
-6 -22 -9 -22 -78335
11 5 9 8 -81211
-24 -1 -14 -20 -89451
-7 19 -13 24 -68833
4 -2 6 -1 -70165
15 16 15 14 -68999
-4 0 -3 0 -80765
11 -12 11 -13 -71449
-4 23 -15 22 -79365
13 -22 14 -22 -56573
3 1 5 -2 -73735
19 -21 23 -23 -57355
11 -10 13 -8 -67003
13 -5 11 -8 -65687
0 6 -2 2 -70791
9 24 10 22 -52245
-18 -17 -14 -24 -69805
20 3 17 1 -68755
-24 -9 20 3 -75867
19 -8 23 -5 -69869
-8 -3 -11 -3 -68403
12 4 8 3 -75293
-23 16 17 11 -79537
-21 -16 -23 -12 -61905
-9 7 -9 5 -70683
-13 -7 -12 -14 -72685
-14 15 -16 13 -62695
-7 -17 -11 -16 -69853
10 20 17 23 -69707
9 1 7 1 -70657
-9 -23 -8 -23 -71607
-9 -17 -11 -12 -71247
20 15 18 9 -72625
-15 11 -16 8 -69997
-23 1 -22 24 -71223
13 -4 11 -4 -69797
20 14 22 9 -57737
-21 -22 -21 -18 -48321
-9 -12 -12 -14 -71145
4 17 6 16 -67447
-5 3 -5 1 -68649
-24 16 -24 21 -42727
-18 -5 -15 -24 -80741
-3 2 -5 1 -86137
0 7 1 5 -68327
6 9 6 5 -74807
24 -14 -14 -23 -65513
-1 21 6 24 -62435
2 4 4 2 -67435
-9 4 -9 9 -77841
2 11 1 10 -73449
16 0 17 1 -65949
6 -20 4 -23 -62847
-5 -3 -11 -23 -88161
21 19 17 20 -70697
-17 -9 -14 -8 -64619
-8 4 -9 0 -74965
-19 -3 -17 -8 -68435
13 -5 13 0 -65653
2 -23 0 -15 -80021
16 12 24 16 -71713
-19 20 -23 21 -60143
-19 10 -19 19 -66799
-1 16 1 24 -74053
8 -20 -24 -23 -65523
-4 10 -3 9 -69467
-7 11 -4 11 -69413
-8 -19 -7 -23 -55909
-16 -13 -16 -16 -61489
14 -13 15 -17 -74747
0 -9 -2 -7 -72443
0 5 2 5 -62599
22 -12 23 -11 -53095
-6 8 -4 10 -72905
16 12 17 13 -68331
-11 -7 -12 -10 -71737
11 6 10 7 -77585
8 -8 9 -9 -68755
23 19 15 23 -69859
24 2 22 -13 -69075
-12 13 -7 11 -75677
-7 -2 -6 -1 -76119
-22 2 -20 1 -67901
13 24 10 20 -69475
-18 -14 -19 -17 -67733
-24 -17 -22 0 -69831
11 17 7 19 -68351
-22 12 -19 17 -71611
15 -19 13 -17 -76887
-16 3 -16 1 -71275
7 -1 9 -4 -70447
5 -24 -13 -23 -73743
11 22 11 21 -65403
4 15 8 16 -69133
21 -23 23 0 -70029
-3 16 -3 13 -70435
-7 20 -12 20 -78165
-1 -19 -4 -19 -75357
17 7 17 10 -68095
-21 -9 -18 -10 -73795
-17 -20 -19 -21 -64667
23 21 21 24 -24613
13 14 13 18 -71059
9 10 9 11 -72303
-19 -10 -16 -11 -68425
23 -7 22 6 -69531
-13 -20 -8 -20 -73547
21 -7 22 3 -72281
16 1 24 4 -66985
-7 -13 -8 -16 -68909
21 -14 22 -14 -62443
-21 16 -22 19 -56515
8 2 8 1 -67651
-6 -10 -7 -11 -68201
23 -7 22 -20 -66589
-19 1 -18 -4 -64921
7 -16 12 -15 -63149
3 -8 4 -4 -73311
-19 6 -23 8 -68295
-10 11 -11 7 -71355
-21 -17 -20 -14 -67871
16 -13 17 -11 -72347
11 -1 11 3 -64017
2 1 4 4 -75255
-21 0 -22 8 -72233
5 20 4 22 -68677
6 -22 4 -16 -76963
1 13 0 8 -79625
11 -17 16 -19 -80115
-11 1 -8 0 -68949
12 -4 14 -11 -69589
22 3 21 3 -50411
-14 -1 -13 -5 -64561
-11 12 -10 16 -75375
23 7 20 0 -59393
-14 5 -12 6 -62355
-2 21 0 23 -53613
17 19 15 17 -69557
-24 -15 -15 -17 -73957
17 -20 19 -15 -69565
-1 18 -2 15 -69879
8 15 7 12 -75689
-12 3 12 3 -80815
-17 5 -20 1 -72029
24 6 23 10 -53315
-9 -10 -7 -14 -71221
-10 -15 -14 -15 -70651
22 -5 19 -4 -65553
5 9 4 10 -72069
21 0 20 1 -64041
17 -13 17 -11 -77969
5 -10 6 -15 -74465
-12 -12 -14 -16 -70797
-20 6 -21 6 -67851
-22 15 -20 13 -65005
-20 3 -24 -18 -74997
3 24 7 20 -71193
-13 0 -16 -2 -60889
17 -24 19 -16 -56179
-14 21 -13 20 -62875
-22 20 -17 20 -79929
9 -9 6 -10 -63083
13 17 14 23 -78179
-19 24 -22 13 -75219
23 -14 16 -16 -67535
19 -14 22 -21 -72585
7 -12 4 -7 -77955
-4 -18 -5 -17 -73681
20 -6 20 -3 -64695
16 12 17 17 -73381
-15 -20 -15 -16 -63819
8 16 10 19 -74215
-1 0 0 0 -77763
11 11 11 9 -69633
-19 21 -23 18 -72077
-23 3 -21 0 -64653
-1 -12 0 -11 -78859
-24 7 21 24 -71793
2 -19 5 -20 -67679
-3 7 -1 11 -75951
-9 -11 -9 -15 -69633
6 -6 6 -8 -67539
12 16 16 15 -70757
-2 1 -2 2 -64481
-17 24 -23 18 -79435
1 24 20 23 -71817
13 -23 10 -17 -69647
3 14 1 13 -68553
-22 10 -22 3 -64945
-19 6 -17 -2 -77977
-19 -6 -23 -2 -65679
-23 0 -22 -10 -59157
0 -19 -5 -23 -71679
2 -17 1 -13 -64295
20 -23 17 -20 -57361
-11 -9 -16 -8 -72765
1 -19 3 -24 -69165
-1 -8 2 -7 -72909
-7 0 -7 -4 -66745
-2 -21 -1 -22 -64939
-24 -13 -24 -10 -39051
24 -8 20 -5 -65539
-6 -5 -6 -9 -78217
11 -20 13 -15 -66193
20 0 20 3 -59997
-7 -24 15 -23 -68207
6 10 5 11 -73329
-12 2 -13 3 -76637
-3 22 -21 24 -80509
14 15 15 11 -74455
18 -4 17 -4 -65367
-3 -24 -6 -20 -64395
6 -24 15 -23 -66339
-11 -21 -9 -14 -70561
6 -24 12 -22 -63733
6 23 -13 24 -77959
-10 -21 -12 -22 -60717
-13 11 -13 16 -70293
6 6 6 5 -75749
12 20 13 23 -73899
-9 -21 -4 -22 -78039
16 -21 13 -19 -71137
-3 20 -3 18 -70117
10 20 -22 24 -79855
4 -2 3 -5 -70827
7 24 6 17 -66577
1 11 -3 10 -65939
17 6 17 9 -65719
4 6 10 7 -67297
-7 -24 -6 1 -81111
-13 -21 -13 -24 -30097
-8 12 -8 9 -70973
-19 15 -20 15 -75727
-9 -21 -8 -21 -79839
-3 -16 -5 -14 -73421
9 -12 9 -13 -69689
-18 12 -20 11 -75653
-1 -5 -3 -2 -70347
12 0 10 -2 -78321
2 13 -2 16 -68683
21 -14 24 -15 -55503
6 -13 7 -14 -67509
-5 -11 -6 -8 -71091
0 -16 21 -24 -72501
22 -14 23 -17 -52989
16 9 13 10 -76493
-23 -5 -21 -13 -63249
17 -24 14 -20 -50541
-2 -7 0 -7 -76583
-19 8 -20 1 -77233
23 20 16 16 -70485
2 -1 3 2 -70249
-7 17 -7 20 -71851
-13 5 -14 1 -74133
-23 -16 -18 -19 -63531
3 -5 4 -6 -71317
-4 22 -1 22 -61581
15 -1 14 -1 -65511
24 1 23 19 -70099
24 -9 23 -8 -47077
-9 -1 -1 4 -97935
-6 -8 -8 -9 -66463
-7 7 -8 0 -79817
-15 17 -12 16 -72649
12 -1 13 -2 -63679
18 4 20 8 -65345
2 -23 -3 -23 -61443
4 -17 1 -17 -71783
14 -14 17 -16 -70707
-16 22 -21 21 -76493
-20 -13 -24 -10 -70145
-4 14 -3 14 -60875
-19 -13 -19 -6 -66001
-22 -18 -13 -22 -72577
18 9 19 9 -63503
21 12 20 5 -70547
18 -15 21 -18 -71157
4 -21 2 -24 -52685
-7 -23 -10 -16 -70781
19 16 17 22 -53811
-15 10 -15 8 -68155
-10 -2 -9 1 -67259
-24 -4 -20 -3 -65135
3 -12 2 -14 -76465
0 -2 -1 -2 -78441
19 10 23 20 -63333
6 -24 -2 -24 -55567
-11 16 -13 16 -74411
12 -6 12 -4 -58409
-16 -22 -18 -24 -52601
9 16 9 20 -69865
-21 -7 -16 -4 -79267
15 -11 16 -14 -76449
-12 8 -9 9 -69583
-19 11 -24 5 -72071
-7 -5 -7 -2 -68877
12 -18 9 -22 -57157
-7 2 -3 2 -84197
6 -15 8 -19 -70521
-1 1 -2 0 -78355
12 9 -19 -9 -87485
1 -11 5 -12 -71449
19 -15 16 -16 -63697
-11 16 -11 17 -75425
-13 24 -14 19 -63927
0 -11 1 -12 -71889
-2 20 -5 20 -67541
12 -22 6 -21 -70127
2 -20 4 -18 -68687
-24 7 -21 -2 -69761
-2 10 -2 12 -78917
-13 -16 -16 -17 -60437
-8 15 -9 15 -67219
1 -9 0 -12 -78267
-1 21 -24 22 -79347
10 11 8 10 -63455
-15 21 -14 22 -69077
-15 -11 -17 -7 -70877
22 23 15 23 -56551
10 -6 12 -8 -73831
4 20 -6 23 -72669
-8 -7 -9 -5 -72269
-18 6 -23 13 -72173
1 -14 -1 -13 -74931
9 19 12 17 -67457
-8 9 -5 10 -69679
-9 22 -7 23 -55355
16 -7 18 -7 -66483
-2 -5 -3 -5 -77717
-16 -12 -15 -9 -63659
-4 -13 -4 -21 -77039
6 -24 5 -21 -45243
-12 21 -19 24 -70421
-12 18 -10 23 -69825
20 -5 24 -23 -71551
17 5 17 -1 -62591
7 -1 24 -24 -73757
-18 23 -16 22 -60829
5 2 6 0 -72247
7 23 8 20 -70383
18 7 23 1 -71177
-3 -12 -4 -13 -70467
-19 4 -15 4 -59067
-12 -1 -10 0 -69725
-20 9 -21 5 -69625
15 16 11 16 -70223
-6 24 -4 16 -67237
2 18 1 17 -70135
-20 -23 -9 -23 -59911
18 -20 15 -22 -53489
-6 20 -3 21 -65681
0 -2 -1 -5 -72675
20 0 24 -3 -59819
-13 13 -15 16 -71769
-24 -10 -21 -10 -53699
8 0 7 -1 -72783
-24 -8 -24 16 -69099
16 7 12 8 -78323
3 12 4 18 -75499
20 -18 24 -24 -54083
-19 -7 -20 0 -68139
18 -2 17 -5 -68183
-20 -4 -22 -5 -75739
14 -13 11 -12 -65995
-10 16 -9 9 -75041
11 18 24 23 -72065
-17 10 -16 10 -60549
24 -24 19 -19 -59399
-21 8 -19 12 -71113
-11 2 -12 5 -78915
0 -15 -3 -17 -71551
-16 -8 -21 -12 -68825
5 -3 4 -4 -69325
24 -11 20 -7 -67167
23 -10 18 -9 -71005
18 -5 14 -6 -69469
14 -20 13 -23 -44145
3 -19 9 -19 -68483
14 0 12 -2 -77743
-18 18 -16 24 -71923
-24 -20 -12 -18 -71447
19 9 17 11 -70525
-23 -24 -21 14 -74863
21 -21 16 -23 -52965
1 9 0 12 -74135
-21 20 -24 -20 -78055
-12 6 -10 6 -69001
-15 3 -16 -3 -72693
-1 -20 -4 -21 -74711
-12 -5 -3 -8 -78211
-8 -7 -8 -10 -76861
-6 -3 -5 -5 -71053
17 15 20 15 -76081
0 9 4 10 -72039
10 22 -12 24 -78315
0 12 0 14 -72817
9 15 10 17 -76149
-18 15 -15 14 -67109
10 11 10 13 -74157
7 6 8 2 -76619
3 -1 2 -1 -64973
20 -10 23 -5 -67667
-3 -21 -4 -19 -71473
-1 20 3 19 -68527
12 11 13 12 -73055
-5 17 -5 19 -71965
8 1 11 -1 -67155
24 10 -21 4 -71455
-14 21 -14 15 -74025
-4 11 -5 14 -72335
-10 19 -12 13 -86327
-5 -16 -5 -17 -65149
20 -15 24 23 -70585
-15 -9 -10 -7 -74557
-24 17 -19 15 -67445
-3 -9 -5 -9 -67151
12 4 12 8 -65387
-14 -21 -15 -19 -67479
-13 15 -10 17 -81641
-22 -12 -24 -22 -60673
-13 -21 -15 -19 -66153
16 14 17 13 -69519
0 -17 -1 -21 -67679
-24 10 -19 13 -68873
20 -14 22 -7 -68441
-9 11 -6 7 -78807
11 -17 12 -11 -77353
-12 -9 -10 -10 -68695
