24 14 24 -8 -67681
6 8 6 10 -60171
0 14 0 15 -65319
23 23 23 0 -69609
-24 2 0 2 -73335
-12 20 -10 21 -66109
0 -11 0 -14 -63673
-23 -17 -18 -20 -63973
0 4 2 6 -74617
6 -12 8 -10 -65627
-1 -3 -1 0 -77069
6 3 6 5 -63421
-23 17 -21 9 -66609
24 -6 24 -5 -49935
-16 17 -19 21 -72087
10 0 9 -4 -74219
17 -12 17 -10 -66543
-14 9 -12 4 -68869
-1 13 0 13 -67597
-2 4 -3 5 -76077
24 -18 7 -20 -76111
16 13 23 12 -61507
-24 -23 -1 -21 -65031
1 23 5 22 -58771
-24 1 -23 1 -42151
-24 14 -21 20 -60087
-10 15 -11 18 -74141
2 3 -3 4 -77991
-23 14 -22 8 -56771
-17 -22 -18 -23 -58273
1 -12 2 -12 -71987
13 24 15 23 -43493
7 18 13 21 -70677
-15 9 -14 7 -65473
-18 23 -19 21 -58005
-13 -1 -12 -2 -72235
5 -21 10 -23 -65539
-24 -5 -24 24 -65589
5 24 17 23 -68069
-7 -20 -4 -18 -67171
-23 -22 -20 -13 -73573
-17 24 -11 24 -55783
-1 4 -1 3 -66569
-15 -13 -14 -19 -75785
14 4 15 4 -67329
-5 20 -8 21 -67895
-22 -13 -23 -13 -54395
-4 13 -6 18 -69735
13 -9 11 -8 -75029
0 -4 2 -9 -84851
0 22 24 22 -68319
-4 24 3 23 -54627
13 -16 15 -14 -71527
-10 -6 -10 -8 -67951
0 -4 -1 0 -82261
10 21 2 19 -69315
7 16 7 15 -61665
9 11 6 7 -73685
-24 -15 -21 -17 -51211
-11 -19 -14 -22 -58261
-2 -10 -1 -7 -63633
10 4 12 5 -68145
13 19 13 22 -68237
18 4 20 1 -69515
7 15 9 12 -68953
-15 -23 -21 -19 -63457
1 -24 -1 -19 -66547
-24 6 -22 9 -52521
14 6 13 5 -72061
-4 9 -4 10 -65217
22 12 24 4 -68909
-11 -4 -12 -6 -62477
-20 -17 -20 -18 -64413
0 19 0 20 -60417
-16 19 -15 20 -71891
12 -15 12 -13 -69813
8 -10 9 -6 -76173
22 -22 21 -22 -48695
5 -23 6 -15 -76303
-24 10 -20 14 -69983
-19 -23 -20 -15 -69007
15 13 12 11 -75645
-13 23 -13 24 -28741
1 5 -3 4 -72861
-18 9 -17 3 -68709
-23 3 -24 0 -46797
11 8 10 8 -66321
-7 19 -13 24 -63111
4 -2 6 -1 -71861
15 16 15 14 -66287
-4 0 -3 0 -63121
11 -12 11 -13 -70269
-4 23 -15 22 -70059
13 -22 14 -22 -59221
-7 -22 -11 -23 -64313
19 -21 23 -23 -60487
11 -10 13 -8 -70925
-3 -11 -4 -13 -72717
0 6 -2 2 -69703
9 24 10 22 -51479
-18 -17 -14 -24 -70413
20 3 17 1 -71757
-24 -9 20 3 -76961
19 -8 23 -5 -69961
-8 -3 -11 -3 -62853
16 6 17 -1 -75101
22 -6 21 -3 -68423
-21 -16 -23 -12 -60959
-9 7 -9 5 -53095
-13 -7 -12 -14 -69871
-14 15 -16 13 -59717
-7 -17 -11 -16 -70127
10 20 17 23 -69563
9 1 7 1 -69123
-9 -23 -8 -23 -59927
-9 -17 -11 -12 -73357
2 9 3 9 -72393
-15 11 -16 8 -66951
-23 1 -22 24 -70041
13 -4 11 -4 -66797
20 14 22 9 -77249
-21 -22 -21 -18 -50315
-9 -12 -12 -14 -69411
4 17 6 16 -68425
-5 3 -5 1 -68617
-24 16 -24 21 -42145
0 -2 -1 3 -73351
13 -1 12 1 -66801
0 7 1 5 -68219
21 -4 20 0 -68165
24 -14 -14 -23 -73329
-1 21 6 24 -59389
2 4 4 2 -68179
8 -22 10 -11 -79101
2 11 1 10 -68191
16 0 17 1 -67315
6 -20 4 -23 -70843
14 0 -11 -6 -82745
21 19 17 20 -64811
-17 -9 -14 -8 -64659
-8 4 -9 0 -67211
8 -3 8 -9 -78419
13 -5 13 0 -66191
-7 -16 -8 -16 -65911
16 12 24 16 -61751
-19 20 -23 21 -50603
-19 10 -19 19 -69251
7 -15 11 -18 -79363
8 -20 -24 -23 -71867
-4 10 -3 9 -66571
-7 11 -4 11 -68339
-8 -19 -7 -23 -53253
-16 -13 -16 -16 -66287
14 -13 15 -17 -67793
0 -9 -2 -7 -72169
0 5 2 5 -72321
22 -12 23 -11 -53599
-6 8 -4 10 -69577
16 12 17 13 -66955
-11 -7 -12 -10 -68253
11 6 10 7 -62291
8 -8 9 -9 -66567
23 19 15 23 -70921
24 2 22 -13 -70915
-8 0 -7 -1 -68231
-7 -2 -6 -1 -71109
11 21 11 -23 -78461
13 24 10 20 -66963
-18 -14 -19 -17 -72969
-24 -17 -22 0 -69011
11 17 7 19 -69037
-22 -15 -19 -13 -64941
15 -19 13 -17 -73275
-16 3 -16 1 -67167
7 -1 9 -4 -73501
5 -24 -13 -23 -76353
11 22 11 21 -63111
4 15 8 16 -67813
21 -23 23 0 -69863
-3 16 -3 13 -68939
-7 20 -12 20 -71421
-1 -19 -4 -19 -75701
17 7 17 10 -71451
-21 -9 -18 -10 -72581
-17 -20 -19 -21 -64553
23 21 21 24 -28855
13 14 13 18 -69329
9 10 9 11 -65929
-19 -10 -16 -11 -69785
23 -7 22 6 -70707
-16 24 16 23 -66323
17 -13 19 -10 -73511
16 1 24 4 -69707
-7 -13 -8 -16 -65733
21 -14 22 -14 -64741
-21 16 -22 19 -56249
8 2 8 1 -68257
-6 -10 -7 -11 -66155
23 -7 22 -20 -63279
9 -9 11 -6 -75055
7 -16 12 -15 -73881
3 -8 4 -4 -77181
-19 6 -23 8 -64899
-10 11 -11 7 -62683
-21 -17 -20 -14 -71479
16 -13 17 -11 -74021
11 -1 11 3 -69889
-24 -1 -21 -4 -59705
-11 -21 -22 -24 -66201
5 20 4 22 -67421
-24 4 -21 2 -64269
-18 13 -16 13 -70339
23 10 24 16 -51629
-11 1 -8 0 -68455
12 -4 14 -11 -73245
22 3 21 3 -50747
-14 -1 -13 -5 -66949
-11 12 -10 16 -62967
23 7 20 0 -60517
-14 5 -12 6 -62567
-2 21 0 23 -51717
17 19 15 17 -64825
-17 3 -16 -5 -69795
17 -20 19 -15 -71839
-1 18 -2 15 -68507
9 -17 4 -17 -72851
18 5 21 4 -66763
-23 19 -24 -22 -67545
24 6 23 10 -56079
-9 -10 -7 -14 -71769
-10 -15 -14 -15 -68361
22 -5 19 -4 -68901
5 9 4 10 -74875
21 0 20 1 -65957
17 -13 17 -11 -69831
5 -10 6 -15 -69473
-12 -12 -14 -16 -73891
-20 6 -21 6 -65833
-22 15 -20 13 -64741
-20 3 -24 -18 -74167
3 24 7 20 -69131
-13 0 -16 -2 -63723
17 -24 19 -16 -67267
-14 21 -13 20 -59291
0 -2 5 -7 -92467
9 -9 6 -10 -66983
6 15 6 12 -63867
-19 24 -21 13 -72293
23 -14 16 -16 -75823
19 -14 22 -21 -74573
-14 -7 -17 -5 -73001
-4 -18 -5 -17 -71585
20 -6 20 -3 -66099
16 12 17 17 -70465
-15 -20 -15 -16 -69499
8 16 10 19 -72433
21 13 22 10 -72565
11 11 11 9 -65713
-19 21 -23 18 -65121
-23 3 -21 0 -72611
-19 1 -18 5 -69045
-24 7 21 24 -70533
2 -19 5 -20 -73603
-3 7 -1 11 -70003
-9 -11 -9 -15 -69955
6 -6 6 -8 -72301
12 16 16 15 -69989
-2 1 -2 2 -67159
-19 24 -23 18 -63785
1 24 20 23 -73067
13 -23 10 -17 -71345
3 14 1 13 -69789
-22 10 -22 3 -61953
-19 -4 -16 -3 -62513
-19 -6 -23 -2 -66023
-23 0 -22 -10 -55993
0 -19 -5 -23 -71245
2 -17 1 -13 -59847
20 -23 17 -20 -63165
-11 -9 -16 -8 -68557
1 -19 3 -24 -68795
-1 -8 2 -7 -69253
-7 0 -7 -4 -71583
-2 -21 -1 -22 -64401
-24 -13 -24 -10 -44731
24 -8 20 -5 -67097
-6 -5 -6 -9 -70313
11 -20 13 -15 -73495
20 0 20 3 -63131
-7 -24 15 -23 -75241
6 10 5 11 -73311
-12 2 -13 3 -75361
-23 -13 -24 -11 -50175
14 15 15 11 -68351
18 -4 17 -4 -72177
-3 -24 -6 -20 -62247
6 -24 15 -23 -73169
-11 -21 -9 -14 -72135
6 -24 12 -22 -70463
2 8 7 10 -77253
-10 -21 -12 -22 -59525
-13 11 -13 16 -63027
6 -4 6 0 -73729
12 20 13 23 -70357
-21 -7 -20 -2 -54053
16 -21 13 -19 -70287
-3 20 -3 18 -68491
10 20 -22 24 -65961
4 -2 3 -5 -77595
7 24 6 17 -64591
1 11 -3 10 -71813
17 6 17 9 -68195
4 6 10 7 -71225
0 -24 3 -24 -62021
-13 -21 -13 -24 -29537
-8 12 -8 9 -57761
-19 15 -20 15 -66279
-17 21 -19 21 -70903
-3 -16 -5 -14 -73019
9 -12 9 -13 -69063
8 -14 -20 -3 -89693
-1 -5 -3 -2 -77641
12 0 10 -2 -70801
2 13 -2 16 -71613
21 -14 24 -15 -56903
6 -13 7 -14 -70161
-10 -19 -3 -21 -76057
0 -16 21 -24 -77621
22 -14 23 -17 -51775
16 9 13 10 -66227
-23 -5 -21 -13 -64061
17 -24 14 -20 -54217
-2 -7 0 -7 -74005
23 24 14 24 -62817
18 24 17 16 -61931
-23 0 -22 7 -63683
-7 17 -7 20 -73451
-13 5 -14 1 -68775
-23 -16 -18 -19 -66605
3 -5 4 -6 -81929
-4 22 -1 22 -60569
15 -1 14 -1 -65207
24 1 23 19 -75101
24 -9 23 -8 -47735
-8 -1 -10 4 -76863
-6 -8 -8 -9 -63693
-13 -3 -13 0 -66403
-15 17 -12 16 -70131
-7 -9 -3 -14 -77639
18 4 20 8 -65379
2 -23 -3 -23 -66863
4 -17 1 -17 -77107
14 -14 17 -16 -72339
-16 22 -21 21 -71933
18 -18 16 -19 -74841
-4 14 -3 14 -67405
-19 -13 -19 -6 -71753
12 -21 9 -21 -72455
18 9 19 9 -61225
21 12 20 5 -73255
18 -15 21 -18 -71887
4 -21 2 -24 -60823
-7 -23 -10 -16 -68739
19 16 17 22 -61737
-15 10 -15 8 -63885
-10 -2 -9 1 -68827
-24 -4 -20 -3 -65065
3 -12 2 -14 -72043
0 -2 -1 -2 -66911
19 10 23 20 -64933
6 -24 -2 -24 -70371
-11 16 -13 16 -64137
12 -6 12 -4 -60505
-16 -22 -18 -24 -54775
9 16 9 20 -67873
24 -9 -3 -13 -82251
17 -8 13 -6 -76953
-12 8 -9 9 -60983
3 -18 3 -22 -70335
-7 -5 -7 -2 -70701
12 -18 9 -22 -77041
-5 7 -3 5 -75849
6 -15 8 -19 -73035
-21 2 -19 0 -73643
13 21 22 24 -63141
1 -11 5 -12 -71335
19 -15 16 -16 -76311
-11 16 -11 17 -70375
-13 24 -14 19 -63011
-20 15 -21 12 -63079
-13 1 -21 2 -77885
13 9 12 8 -74089
2 -20 4 -18 -76099
-24 7 -21 -2 -72195
-2 10 -2 12 -65815
-13 -16 -16 -17 -59711
-8 15 -9 15 -58391
1 -9 0 -12 -62429
10 -22 12 -18 -75387
10 11 8 10 -69565
-15 21 -14 22 -65499
-15 -11 -17 -7 -75211
22 23 15 23 -67981
10 -6 12 -8 -74419
16 -13 13 -12 -76287
-8 -7 -9 -5 -67037
24 -6 -23 17 -76537
1 -14 -1 -13 -68575
9 19 12 17 -68143
-8 9 -5 10 -65117
-9 22 -7 23 -53017
16 -7 18 -7 -75843
-2 -5 -3 -5 -69513
-16 -12 -15 -9 -67195
-13 7 21 2 -84651
6 -24 5 -21 -46651
-12 21 -19 24 -67157
-12 18 -10 23 -67135
20 -5 24 -23 -69529
17 5 17 -1 -74555
-3 20 -6 21 -70483
-18 23 -16 22 -60825
5 2 6 0 -69713
7 23 8 20 -68727
9 -21 10 -22 -62967
-3 -12 -4 -13 -74531
-19 4 -15 4 -69749
-12 -1 -10 0 -64491
-20 9 -21 5 -66533
15 16 11 16 -69795
-6 24 -4 16 -67265
2 18 1 17 -62697
-20 -23 -9 -23 -61189
18 -20 15 -22 -68337
-6 20 -3 21 -65763
0 -2 -1 -5 -74647
20 0 24 -3 -62755
-13 13 -15 16 -71855
-24 -10 -21 -10 -57145
8 0 7 -1 -72595
-24 -8 -24 16 -66673
16 -23 21 -22 -71055
4 -4 21 6 -89047
20 -18 24 -24 -58653
-19 4 -10 -1 -85867
18 -2 17 -5 -66175
-20 -4 -22 -5 -67363
14 -13 11 -12 -76217
-19 -7 -17 -13 -77545
0 19 2 23 -58655
-17 10 -16 10 -66367
24 -24 19 -19 -61887
-21 8 -19 12 -71947
-11 2 -12 5 -71523
0 -15 -3 -17 -72305
-16 -8 -21 -12 -71283
5 -3 4 -4 -71281
24 -11 20 -7 -68003
23 -10 18 -9 -72437
18 -5 14 -6 -75863
14 -20 13 -23 -55669
-15 -5 -16 -8 -58417
19 11 19 12 -68995
-18 18 -16 24 -71085
-7 17 -8 15 -68427
19 9 17 11 -71927
-2 -1 -1 1 -65715
21 -21 16 -23 -73097
1 9 0 12 -67373
-19 -20 14 -23 -76441
-12 6 -10 6 -63451
-1 22 -10 23 -72141
-1 -20 -4 -21 -73975
24 -5 23 -13 -55311
-8 -7 -8 -10 -67935
-6 -3 -5 -5 -68611
5 5 2 4 -80397
-10 -18 -9 -17 -67631
3 -22 5 -21 -71051
0 12 0 14 -64517
9 15 10 17 -72011
-18 15 -15 14 -72605
-18 -7 -24 -9 -73601
7 6 8 2 -65331
3 -1 2 -1 -68755
20 -10 23 -5 -69213
-3 -21 -4 -19 -67289
-1 20 3 19 -67277
12 11 13 12 -75279
-5 17 -5 19 -74701
8 1 11 -1 -68155
24 10 -21 4 -72029
-14 21 -14 15 -69737
20 -22 20 -18 -51487
-1 15 -5 16 -70897
-5 -16 -5 -17 -54595
20 -15 24 23 -73485
17 -21 -4 -8 -90717
-24 17 -19 15 -62315
-3 -9 -5 -9 -67287
12 4 12 8 -59305
-14 -21 -15 -19 -68635
18 22 18 19 -51727
-22 -12 -24 -22 -60173
-13 -21 -15 -19 -65943
16 14 17 13 -61073
0 -17 -1 -21 -63819
-24 10 -19 13 -71255
4 -13 1 -17 -77411
-19 0 -18 1 -62773
5 -2 5 3 -72197
-12 -9 -10 -10 -62273
