24 -4 24 1 -45645
6 8 6 10 -60427
0 14 0 15 -66375
23 23 23 0 -65833
23 9 24 -11 -65087
-12 20 -10 21 -67953
0 -11 0 -14 -69805
-23 -17 -18 -20 -64531
0 4 2 6 -66401
6 -12 8 -10 -64003
-1 -3 -1 0 -65131
6 3 6 5 -63225
-3 -12 -17 -12 -86521
24 -6 24 -5 -45859
-16 17 -19 21 -73701
10 0 9 -4 -70015
5 -17 0 -14 -80107
-14 9 -12 4 -76625
-20 12 -20 6 -71751
-8 -15 -8 -21 -65319
0 14 0 14 -243835
16 13 23 12 -64023
-24 -23 -1 -21 -63359
1 23 5 22 -58149
-24 1 -23 1 -43037
-24 14 -21 20 -64923
-10 15 -11 18 -72511
2 10 1 -17 -78905
-23 14 -22 8 -56703
-17 -22 -18 -23 -56259
1 -12 2 -12 -74365
13 24 15 23 -39847
7 18 13 21 -65707
-15 9 -14 7 -69245
-18 23 -19 21 -60741
-13 -1 -12 -2 -74949
5 -21 10 -23 -60799
-24 -5 -24 24 -69373
5 24 17 23 -60787
-7 -20 -4 -18 -65175
-11 5 -8 3 -74013
-17 24 -11 24 -59195
-1 4 -1 3 -60853
-15 -13 -14 -19 -73057
14 4 15 4 -65471
-5 20 -8 21 -75597
-22 -13 -23 -13 -55183
-4 13 -6 18 -69943
13 -9 11 -8 -68857
0 -4 2 -6 -69497
0 22 24 22 -64847
-4 24 3 23 -55701
13 -16 15 -14 -68487
-10 -6 -10 -8 -67633
3 -2 3 -4 -67753
10 21 2 19 -67745
7 16 7 15 -63031
9 11 6 7 -69275
-24 -15 -21 -17 -52911
-11 -19 -14 -22 -57993
-2 -10 -1 -7 -62955
10 4 12 5 -66297
13 19 13 22 -68165
18 4 20 1 -67607
7 15 9 12 -69659
-15 -23 -21 -19 -65051
1 -24 -1 -19 -71379
-24 6 -22 9 -59229
14 6 13 5 -73907
-4 9 -4 10 -63119
22 12 24 4 -61589
-11 -4 -12 -6 -68471
-20 -17 -20 -18 -58951
0 19 0 20 -58463
-16 19 -15 20 -74359
12 -15 12 -13 -65219
8 -10 9 -6 -70027
22 -22 21 -22 -47183
5 -23 6 -15 -84709
-24 10 -20 14 -70939
-19 -23 -20 -15 -64153
15 13 12 11 -70991
-13 23 -13 24 -31225
1 5 -3 4 -71847
-18 9 -17 3 -77923
-23 3 -24 0 -47235
11 8 10 8 -60349
16 16 -7 14 -75403
4 -2 6 -1 -64533
15 16 15 14 -65547
-4 0 -3 0 -58617
11 -12 11 -13 -66063
-4 23 -15 22 -75803
13 -22 14 -22 -55799
-7 -22 -11 -23 -62665
19 -21 23 -23 -58643
11 -10 13 -8 -69181
-3 -11 -4 -13 -74137
0 6 -2 2 -68383
9 24 10 22 -51957
-18 -17 -14 -24 -71003
20 3 17 1 -75137
-24 -9 20 3 -72319
19 -8 23 -5 -71199
-8 -3 -11 -3 -66643
16 6 17 -1 -75161
0 -14 1 -14 -73945
-21 -16 -23 -12 -62429
-9 7 -9 5 -62211
-13 -7 -12 -14 -67167
-14 15 -16 13 -66831
-7 -17 -11 -16 -74357
10 20 17 23 -63933
9 1 7 1 -66187
-9 -23 -8 -23 -56883
-9 -17 -11 -12 -69501
2 9 3 9 -65385
-15 11 -16 8 -73863
-23 1 -22 24 -75533
13 -4 11 -4 -67243
20 14 22 9 -72939
-21 -22 -21 -18 -45647
-9 -12 -12 -14 -74113
4 17 6 16 -69393
-5 3 -5 1 -63117
-24 16 -24 21 -42539
0 -2 -1 3 -72875
13 -1 12 1 -67335
0 7 1 5 -60097
21 -4 20 0 -62035
24 -14 -14 -23 -68027
-1 21 6 24 -59283
2 4 4 2 -67457
21 -13 21 -10 -68333
2 11 1 10 -64239
16 0 17 1 -65419
6 -20 4 -23 -76411
-11 -6 -16 -7 -76187
21 19 17 20 -66309
-17 -9 -14 -8 -69713
-8 4 -9 0 -65673
14 -1 8 0 -72911
13 -5 13 0 -65035
-7 -16 -8 -16 -66389
16 12 24 16 -63751
-19 20 -23 21 -56271
-19 10 -19 19 -68219
5 8 4 7 -64647
8 -20 -24 -23 -68891
-4 10 -3 9 -61479
-7 11 -4 11 -67625
-8 -19 -7 -23 -59107
-16 -13 -16 -16 -64691
14 -13 15 -17 -69547
0 -9 -2 -7 -66141
0 5 2 5 -67675
22 -12 23 -11 -58283
-6 8 -4 10 -68043
16 12 17 13 -64369
-11 -7 -12 -10 -68509
11 6 10 7 -60417
8 -8 9 -9 -66723
23 19 15 23 -71183
24 2 22 -13 -73099
-8 0 -7 -1 -64035
-7 -2 -6 -1 -66959
23 -24 24 15 -67795
13 24 10 20 -64985
-18 -14 -19 -17 -70419
-24 -17 -22 0 -70967
11 17 7 19 -67907
-22 -15 -19 -13 -64019
15 -19 13 -17 -76095
-16 3 -16 1 -69727
7 -1 9 -4 -71299
5 -24 -13 -23 -72765
11 22 11 21 -63771
4 15 8 16 -64557
21 -23 23 0 -74745
-3 16 -3 13 -69737
-7 20 -12 20 -75701
-1 -19 -4 -19 -73105
17 -11 17 -10 -64467
-21 -9 -18 -10 -74345
-17 -20 -19 -21 -62559
23 21 21 24 -29773
13 14 13 18 -69003
9 10 9 11 -65085
-19 -10 -16 -11 -71459
0 22 9 3 -95861
-16 24 16 23 -67717
17 -13 19 -10 -77473
16 1 24 4 -75703
-7 -13 -8 -16 -67481
21 -14 22 -14 -63755
-21 16 -22 19 -54631
8 2 8 1 -65203
-6 -10 -7 -11 -68659
23 -7 22 -20 -79953
9 -9 11 -6 -70023
7 -16 12 -15 -67161
3 -8 4 -4 -67251
-19 6 -23 8 -69737
-10 18 -10 7 -80667
-21 -17 -20 -14 -65919
16 -13 17 -11 -73759
11 -1 11 3 -67187
-24 -1 -21 -4 -61309
-11 -21 -22 -24 -65855
5 20 4 22 -68695
-24 4 -21 2 -66855
-18 13 -16 13 -76727
23 10 24 16 -50273
-11 1 -8 0 -71829
12 -4 14 -11 -71093
22 3 21 3 -56151
-14 -1 -13 -5 -73043
-11 12 -10 16 -72411
23 7 20 0 -67217
-14 5 -12 6 -67145
-2 21 0 23 -54171
17 19 15 17 -61619
-17 3 -16 -5 -73671
17 -20 19 -15 -70315
-1 18 -2 15 -63817
9 -17 4 -17 -69213
18 5 21 4 -67335
-23 19 -24 -22 -70413
24 6 23 10 -50323
-3 2 3 1 -77881
-10 -15 -14 -15 -73691
-2 -18 -4 -22 -69981
5 9 4 10 -72867
21 0 20 1 -62033
3 -13 4 -10 -71289
16 -12 17 -2 -75971
-12 -12 -14 -16 -71937
-20 6 -21 6 -68817
-22 15 -20 13 -68655
-20 3 -24 -18 -75595
3 24 7 20 -70285
-13 0 -16 -2 -69975
17 -24 19 -16 -65861
-14 21 -13 20 -62195
-3 1 -21 0 -79559
9 -9 6 -10 -64707
6 15 6 12 -64127
-19 24 -21 13 -73775
23 -14 16 -16 -72681
-11 4 -11 7 -68641
-14 -7 -17 -5 -77317
-4 -18 -5 -17 -65513
20 -6 20 -3 -59381
16 12 17 17 -68859
-15 -20 -15 -16 -66011
8 16 10 19 -70385
21 13 22 10 -68339
11 11 11 9 -63065
-19 21 -23 18 -72599
-23 3 -21 0 -73063
-19 1 -18 5 -77981
-24 7 21 24 -69617
2 -19 5 -20 -70101
15 4 17 7 -73261
-9 -11 -9 -15 -63807
6 -6 6 -8 -62951
12 16 16 15 -60005
-2 1 -2 2 -66307
-19 24 -23 18 -67929
-21 3 -20 7 -81125
13 -23 10 -17 -73107
3 14 1 13 -65043
-22 10 -22 3 -76853
-19 -4 -16 -3 -67245
-19 -6 -23 -2 -69963
-23 0 -22 -10 -59703
-5 21 -10 -19 -87145
2 -17 1 -13 -67389
20 -23 17 -20 -60777
-11 -9 -16 -8 -76141
1 -19 3 -24 -71375
-1 -8 2 -7 -69501
-7 0 -7 -4 -63431
-2 -21 -1 -22 -66201
-24 -13 -24 -10 -46759
24 -8 20 -5 -63491
-6 -5 -6 -9 -66719
11 -20 13 -15 -68425
20 0 20 3 -61757
-7 -24 15 -23 -71097
6 10 5 11 -73031
-12 2 -13 3 -77545
-23 -13 -24 -11 -53037
14 15 15 11 -66899
18 -4 17 -4 -67601
-3 -24 -6 -20 -68769
6 -24 15 -23 -69483
17 -19 16 -17 -70741
6 -24 12 -22 -68309
-4 18 0 16 -69553
-10 -21 -12 -22 -60119
-13 11 -13 16 -72391
6 -4 6 0 -68639
12 20 13 23 -69709
-21 -7 -20 -2 -58199
16 -21 13 -19 -71925
-3 20 -3 18 -58151
10 20 -22 24 -69295
6 -17 4 -13 -74335
7 24 6 17 -63965
1 11 -3 10 -61029
17 6 17 9 -55503
4 6 10 7 -65223
0 -24 3 -24 -61919
-13 -21 -13 -24 -29395
-8 12 -8 9 -62329
-19 15 -20 15 -76619
-17 21 -19 21 -74167
6 -10 4 -9 -67577
9 -12 9 -13 -65985
-5 -24 -7 -19 -66991
-1 -5 -3 -2 -71441
12 0 10 -2 -68751
2 13 -2 16 -69795
21 -14 24 -15 -56413
6 -13 7 -14 -71773
-6 -10 -7 -7 -63971
0 24 -22 20 -72681
22 -14 23 -17 -53175
16 9 13 10 -63919
-23 -5 -21 -13 -66657
17 -24 14 -20 -54921
-2 -7 0 -7 -71887
23 24 14 24 -62201
18 24 17 16 -61201
-23 0 -22 7 -71689
-12 9 -11 11 -65755
-13 5 -14 1 -74409
-23 -16 -18 -19 -67271
3 -5 4 -6 -70005
-4 22 -1 22 -63903
15 -1 14 -1 -62921
24 1 23 19 -70655
24 -9 23 -8 -50125
-10 -8 -3 -10 -75743
-6 -8 -8 -9 -68557
-13 -3 -13 0 -70817
-15 17 -12 16 -72275
22 -9 21 -19 -79305
18 4 20 8 -68641
2 -23 -3 -23 -65967
18 -13 18 -15 -65803
14 -14 17 -16 -73355
-16 22 -21 21 -76131
18 -18 16 -19 -71421
-4 14 -3 14 -59789
-19 -13 -19 -6 -72093
12 -21 9 -21 -66853
18 9 19 9 -62699
3 2 3 0 -65995
18 -15 21 -18 -72881
4 -21 2 -24 -63299
5 -24 6 -16 -86185
19 16 17 22 -60773
-15 10 -15 8 -70217
-10 -2 -9 1 -67611
-24 -4 -20 -3 -65811
3 -12 2 -14 -74257
0 -2 -1 -2 -69289
19 10 23 20 -64353
6 -24 -2 -24 -69313
-11 16 -13 16 -67387
12 -6 12 -4 -58223
-16 -22 -18 -24 -53471
9 16 9 20 -68635
-22 0 -14 18 -97935
-24 14 -18 16 -78471
-12 8 -9 9 -64587
3 -18 3 -22 -78699
-7 -5 3 22 -91893
12 -18 9 -22 -74531
21 5 23 7 -48085
6 -15 8 -19 -67879
-21 2 -19 0 -73269
13 21 22 24 -62103
-15 -4 -18 -1 -76595
19 -15 16 -16 -72711
-11 16 -11 17 -70005
-13 24 -14 19 -63997
-20 15 -21 12 -62605
-13 1 -21 2 -81571
13 9 12 8 -71069
2 -20 4 -18 -77629
-24 7 -21 -2 -75553
-2 10 -2 12 -66153
-13 -16 -16 -17 -61711
-8 15 -9 15 -61645
1 -9 0 -12 -68315
10 -22 12 -18 -73307
-12 24 -9 21 -53209
-15 21 -14 22 -67957
-15 -11 -17 -7 -73627
22 23 15 23 -68107
10 -6 12 -8 -72209
16 -13 13 -12 -69283
-8 -7 -9 -5 -67755
24 -6 -23 17 -74937
1 -14 -1 -13 -74437
9 19 12 17 -65829
-8 9 -5 10 -67001
-9 22 -7 23 -56537
16 -7 18 -7 -69275
-2 -5 -3 -5 -68409
-16 -12 -15 -9 -67081
-3 -17 -2 -16 -69301
6 -24 5 -21 -48529
-12 21 -19 24 -71047
-12 18 -10 23 -65409
20 -5 24 -23 -74383
17 5 17 -1 -74843
-3 20 -6 21 -74777
-18 23 -16 22 -64057
5 2 6 0 -66491
7 23 8 20 -69201
9 -21 10 -22 -60115
-3 -12 -4 -13 -76349
-19 4 -15 4 -75747
-12 -1 -10 0 -68843
-20 9 -21 5 -80379
-11 -17 -7 -20 -72269
-6 24 -4 16 -62619
2 18 1 17 -62113
-20 -23 -9 -23 -63111
18 -20 15 -22 -65387
-6 20 -3 21 -67833
0 -2 -1 -5 -64087
20 0 24 -3 -59847
-13 13 -15 16 -73733
-24 -10 -21 -10 -57923
8 0 7 -1 -67957
-24 -8 -24 16 -71585
16 -23 21 -22 -68061
-3 -12 -2 -14 -66797
20 -18 24 -24 -56371
21 -3 23 -3 -55027
18 -2 17 -5 -64203
-20 -4 -22 -5 -68653
14 -13 11 -12 -68345
-15 6 -17 5 -71651
0 19 2 23 -59573
-17 10 -16 10 -71187
24 -24 19 -19 -60095
24 -18 0 -21 -67785
-11 2 -12 5 -76833
4 -13 1 -10 -77293
-16 -8 -21 -12 -72375
5 -3 4 -4 -65795
24 -11 20 -7 -70131
23 -10 18 -9 -69373
18 -5 14 -6 -70775
14 -20 13 -23 -53799
-15 -5 -16 -8 -62727
19 11 19 12 -62461
-18 18 -16 24 -73233
-7 17 -8 15 -68521
19 9 17 11 -67257
-2 -1 -1 1 -65109
21 -21 16 -23 -70461
1 9 0 12 -66217
-19 -20 14 -23 -73543
-12 6 -10 6 -66941
-1 22 -10 23 -78263
-1 -20 -4 -21 -70009
24 -5 23 -13 -62415
-22 12 -21 11 -60949
-6 -3 -5 -5 -66687
-20 -9 -19 -13 -70757
-10 -18 -9 -17 -65479
3 -22 5 -21 -71653
0 12 0 14 -66447
9 15 10 17 -71481
-18 15 -15 14 -76363
-18 -7 -24 -9 -74715
7 6 8 2 -66227
3 -1 2 -1 -61359
20 -10 23 -5 -71607
-3 -21 -4 -19 -72947
-1 20 3 19 -67671
12 11 13 12 -71575
-8 22 -5 18 -71533
8 1 11 -1 -71375
24 10 -21 4 -72327
-14 21 -14 15 -68763
20 -22 20 -18 -49959
-15 18 24 17 -74141
-5 -16 -5 -17 -60147
20 -15 24 23 -74591
2 3 -6 2 -77079
-24 17 -19 15 -68995
-3 -9 -5 -9 -67873
12 4 12 8 -60255
-14 -21 -15 -19 -68543
18 22 18 19 -51039
-22 -12 -24 -22 -49641
-13 -21 -15 -19 -68235
16 14 17 13 -60551
0 -17 -1 -21 -72273
-24 10 -19 13 -74783
4 -13 1 -17 -75407
-19 0 -18 1 -67033
-12 -9 -12 0 -77231
-12 -9 -10 -10 -67033
