24 -4 24 1 -51330
6 8 6 10 -67100
0 14 0 15 -53880
23 -1 23 0 -55598
23 9 24 -11 -69386
-12 20 -10 21 -63596
0 -11 0 -14 -67188
15 -8 15 -10 -61286
-23 -6 -23 -4 -55046
6 -12 8 -10 -63370
-1 -3 -1 0 -64414
-16 0 -9 15 -85906
21 18 22 14 -57012
24 -6 24 -5 -42728
-16 -10 -17 -10 -62276
17 -21 23 -19 -61678
6 10 2 9 -73490
12 -1 11 -6 -70076
-20 12 -20 6 -70612
-23 -7 -20 -7 -59888
9 1 11 -2 -70626
24 13 23 -5 -71778
-24 -23 -1 -21 -66484
1 23 5 22 -48168
-24 1 -23 1 -39832
-24 14 -21 20 -54344
-5 -9 -5 -7 -65878
11 22 7 22 -63100
-23 14 -22 8 -59966
-17 -22 -18 -23 -60400
1 -12 2 -12 -59610
13 24 15 23 -44268
-16 -4 -17 -3 -67234
-15 9 -14 7 -65120
-18 23 -19 21 -54116
-16 -11 -11 -11 -71408
22 20 19 24 -65326
-24 -5 -24 24 -65940
5 24 17 23 -64140
-7 -20 -4 -18 -64966
9 -24 15 -20 -64538
-17 24 -11 24 -59250
-1 4 -1 3 -62770
-24 -4 -20 0 -63474
14 4 15 4 -74030
-5 20 -8 21 -59850
-22 -13 -23 -13 -51454
23 8 22 1 -63466
13 -9 11 -8 -74362
24 16 -16 19 -68722
0 22 24 22 -62450
-4 24 3 23 -51252
13 -16 15 -14 -66524
-10 -6 -10 -8 -64512
-3 6 -4 7 -61818
9 -11 10 -12 -72750
7 16 7 15 -62036
-24 -3 -24 7 -58262
-24 -15 -21 -17 -48592
-11 -19 -14 -22 -66074
10 14 9 12 -68488
10 4 12 5 -67128
13 19 13 22 -68248
18 4 20 1 -69188
-3 -15 -3 -16 -65528
-15 -23 -21 -19 -68512
1 -24 -1 -19 -66544
-24 6 -22 9 -58854
0 5 0 4 -60538
-4 9 -4 10 -64624
22 12 24 4 -69594
-11 -4 -12 -6 -61860
-20 -17 -20 -18 -64760
0 19 0 20 -62418
12 -5 11 -10 -69088
12 -15 12 -13 -65342
2 -6 2 -5 -66122
22 -22 21 -22 -47482
-20 -1 -21 0 -60684
-24 10 -20 14 -66600
-19 -23 -20 -15 -72774
15 13 12 11 -67028
-13 23 -13 24 -37430
-8 -16 -10 -24 -63318
-22 -22 -19 -23 -47026
-23 3 -24 0 -50282
11 8 10 8 -66540
-9 24 -11 19 -64134
-15 0 6 -7 -82006
15 16 15 14 -61666
-8 -23 -11 -23 -63632
-10 12 -8 13 -67310
-17 16 -14 16 -68790
13 -22 14 -22 -56464
-24 4 -21 10 -68448
19 -21 23 -23 -59588
13 11 11 10 -74136
-3 -11 -4 -13 -62348
24 -16 9 -23 -74660
9 24 10 22 -53146
-18 -17 -14 -24 -73764
12 13 10 14 -67268
-14 -11 -15 -9 -67708
19 -8 23 -5 -70594
-8 -3 -11 -3 -60252
-14 16 -14 22 -69504
11 -1 9 0 -71380
-21 -16 -23 -12 -67336
-9 7 -9 5 -62622
6 -7 7 -10 -62518
-14 15 -16 13 -66084
-7 20 -5 24 -55624
5 -12 3 -11 -64106
-24 -19 -23 1 -66642
-9 -23 -8 -23 -58166
10 5 5 4 -63936
-1 -23 3 -23 -68004
-15 11 -16 8 -73090
22 6 24 6 -46232
13 -4 11 -4 -75610
-23 22 -17 21 -72946
-21 -22 -21 -18 -57134
3 13 2 13 -63416
4 17 6 16 -65662
-5 3 -5 1 -64220
-24 16 -24 21 -42478
-19 -2 -16 -2 -68874
-7 -8 -9 -8 -68588
15 1 15 5 -64286
-19 -19 -21 -18 -56056
24 -14 -14 -23 -71900
-1 21 6 24 -55228
-3 -6 -2 -2 -65746
21 -13 21 -10 -57292
2 11 1 10 -63720
16 0 17 1 -67614
6 -20 4 -23 -70558
-9 -24 20 -24 -63442
21 19 17 20 -73120
-13 16 -14 16 -68024
-8 4 -9 0 -64086
-13 -3 -13 -5 -55992
5 8 9 -22 -81554
-7 -16 -8 -16 -63866
20 4 19 6 -66774
-19 20 -23 21 -63964
-19 10 -19 19 -66516
5 8 7 7 -64882
8 -20 -24 -23 -67170
5 -7 5 -6 -63564
-9 -15 -11 -15 -68336
-8 -19 -7 -23 -59384
-16 -13 -16 -16 -61632
14 -13 15 -17 -66074
0 -9 -2 -7 -66484
0 5 2 5 -55430
22 -12 23 -11 -51988
-6 8 -4 10 -67172
16 12 17 13 -54906
19 -4 14 -8 -76210
11 6 10 7 -67994
16 -12 10 -11 -83252
21 23 19 23 -54738
7 21 9 23 -63450
-8 0 -7 -1 -63780
12 -21 9 -21 -67148
23 -24 24 15 -67260
13 24 10 20 -62028
-18 -14 -19 -17 -73368
-18 -6 -20 -1 -71450
23 13 22 13 -39858
-22 -15 -19 -13 -62236
-24 6 -24 22 -62620
-16 3 -16 1 -51072
18 0 18 1 -68402
-4 0 -3 -3 -69706
11 22 11 21 -66436
4 15 8 16 -69738
21 -23 23 0 -70120
-3 16 -3 13 -56914
-7 20 -12 20 -65586
-3 1 0 0 -65858
17 -11 17 -10 -61586
-21 -9 -18 -10 -65386
-17 -20 -19 -21 -66074
23 21 21 24 -50496
13 14 13 18 -65934
9 10 9 11 -66076
-10 -10 -10 -11 -56298
1 6 1 9 -63048
14 -24 13 -19 -59990
4 -12 4 -7 -65348
5 23 -19 24 -63748
20 3 19 0 -73336
21 -14 22 -14 -61402
-21 16 -22 19 -55414
8 2 8 1 -59974
-6 -10 -7 -11 -69146
-2 -10 -1 -9 -62258
-18 15 -17 8 -70866
7 -16 12 -15 -73914
6 -20 4 -17 -68496
-19 6 -23 8 -63990
-18 5 -18 7 -59128
-21 -17 -20 -14 -73386
16 -13 17 -11 -63240
3 -24 9 -23 -69964
-24 -1 -21 -4 -55894
-11 -21 -22 -24 -66536
5 20 4 22 -58018
-24 4 -21 2 -58458
-18 13 -16 13 -66870
23 10 24 16 -59146
2 10 2 9 -67738
16 6 15 3 -69538
22 3 21 3 -65572
-20 -11 -20 -14 -65650
-11 12 -10 16 -66432
10 18 11 20 -71874
-14 5 -12 6 -64334
-2 21 0 23 -56030
17 15 21 13 -67670
-16 0 -13 -1 -67082
-7 2 -9 4 -62306
-1 18 -2 15 -58502
-21 -9 -19 -5 -66202
10 -22 9 -7 -80194
-23 19 -24 -22 -70150
24 6 23 10 -58890
-19 -2 -19 0 -57480
1 -19 1 -17 -61374
-2 -18 -4 -22 -64074
-2 4 0 5 -56134
21 0 20 1 -68958
6 24 9 24 -57706
10 -5 11 -7 -66170
-12 -12 -14 -16 -64230
-20 6 -21 6 -61746
-22 15 -20 13 -64744
23 7 24 23 -59882
-22 -5 -21 -10 -58984
-13 0 -16 -2 -63446
9 -24 3 -22 -65748
-14 21 -13 20 -57990
20 -16 21 -18 -63004
7 -6 0 -7 -70344
6 15 6 12 -60030
-19 24 -21 13 -66154
23 0 3 0 -76884
-11 4 -11 7 -63588
17 -10 15 -7 -67178
-4 -18 -5 -17 -68912
20 -6 20 -3 -56818
2 -20 6 -21 -69822
-15 -20 -15 -16 -69320
-18 23 -18 22 -44032
21 13 22 10 -61536
11 11 11 9 -63364
-22 -18 19 -24 -67582
-23 3 -21 0 -60960
7 3 7 5 -56082
-24 7 21 24 -66426
-4 -11 -3 -12 -70672
21 21 23 20 -54342
-9 -11 -9 -15 -53570
-8 6 -7 6 -60298
-14 -9 -14 -8 -59934
-2 1 -2 2 -63736
-19 24 -23 18 -54312
-4 2 0 3 -67766
13 -23 10 -17 -69000
10 -21 7 -20 -68536
-22 10 -22 3 -64500
-19 -4 -16 -3 -65458
19 17 19 14 -61582
-10 -24 -13 -23 -53652
3 10 4 8 -71744
2 -17 1 -13 -72726
20 -23 17 -20 -63616
-11 -9 -16 -8 -71098
1 -19 3 -24 -67564
-1 -8 2 -7 -63540
-7 0 -7 -4 -65710
-2 -21 -1 -22 -59424
-24 -13 -24 -10 -50442
24 -8 20 -5 -63606
-1 -2 2 -4 -61448
11 -20 13 -15 -68850
20 0 20 3 -73420
-3 -24 -5 -23 -47948
22 10 24 14 -56736
-12 2 -13 3 -64900
-23 -13 -24 -11 -55036
18 5 19 7 -65578
18 -4 17 -4 -64550
13 -11 10 -13 -70234
-20 -23 -24 -24 -26390
17 -19 16 -17 -66234
6 -24 12 -22 -67886
-4 -8 -5 -7 -71550
-10 -21 -12 -22 -63242
-13 11 -13 16 -65994
6 -4 6 0 -71898
5 23 7 22 -59866
-21 -7 -20 -2 -71004
16 -21 13 -19 -67946
-3 20 -3 18 -60876
-14 6 -13 4 -64060
-8 15 -7 12 -60910
7 24 6 17 -70480
1 11 -3 10 -54768
17 6 17 9 -61370
-20 23 -18 22 -65994
0 -24 3 -24 -61508
-13 -21 -13 -24 -34778
-8 12 -8 9 -62268
-19 15 -20 15 -66496
15 16 16 16 -58358
9 -15 6 -20 -74040
9 -12 9 -13 -66134
-5 -24 -7 -19 -62870
22 7 20 10 -68272
17 -12 20 -11 -64944
15 -1 12 0 -76222
21 -14 24 -15 -55972
4 -12 4 -14 -71852
-6 -10 -7 -7 -70954
-8 -14 -8 -17 -62006
22 -14 23 -17 -50820
16 9 13 10 -68356
-13 14 -9 11 -68998
17 -24 14 -20 -60602
-9 -1 -9 0 -65068
23 24 14 24 -58312
18 24 17 16 -66512
-23 0 -22 7 -60688
-12 9 -11 11 -63692
19 4 11 3 -83230
12 5 11 9 -67634
1 20 -23 17 -74410
-4 22 -1 22 -55834
15 -1 14 -1 -71090
24 -1 23 19 -69322
24 -9 23 -8 -49270
6 -6 8 -3 -72220
-6 -8 -8 -9 -71270
-13 -3 -13 0 -60466
18 -9 16 -9 -65432
22 -9 21 -19 -61510
-23 -13 -22 -5 -60812
2 -23 -3 -23 -59216
18 -13 18 -15 -58282
14 -14 17 -16 -67400
-16 22 -21 21 -73598
-24 -20 -24 -12 -61034
-4 14 -3 14 -50912
22 22 22 18 -45254
-9 -17 -10 -17 -69796
18 9 19 9 -56566
3 2 3 0 -64024
7 -15 7 -18 -64606
4 -21 2 -24 -62508
-10 -15 -9 -19 -65484
19 16 17 22 -73138
-15 10 -15 8 -68840
-10 -2 -9 1 -69006
1 -16 -1 -13 -74476
8 -14 4 -14 -66952
0 -2 -1 -2 -63140
8 1 7 3 -68718
10 -4 4 -4 -68786
-11 16 -13 16 -68414
12 -6 12 -4 -64174
-16 -22 -18 -24 -56662
-2 23 -1 21 -51476
-17 -13 22 -12 -76398
1 13 0 13 -55508
2 6 4 2 -67962
3 -18 3 -22 -68220
16 0 16 -3 -59402
-15 -8 -15 -6 -58370
21 5 23 7 -56778
4 12 6 11 -70358
-23 -1 -24 -6 -60050
13 21 22 24 -58878
6 16 6 19 -67890
19 -15 16 -16 -62512
-11 16 -11 17 -58706
-13 24 -14 19 -65610
-20 15 -21 12 -61144
7 -15 7 -13 -71958
13 9 12 8 -71668
9 22 5 19 -71096
-24 24 -1 24 -62090
-2 10 -2 12 -65246
-13 -16 -16 -17 -65194
-8 15 -9 15 -65828
1 -9 0 -12 -65042
12 12 11 14 -65750
-12 24 -9 21 -49300
-15 21 -14 22 -64954
20 18 21 18 -61736
-7 23 -7 17 -65694
-11 9 -9 6 -67058
6 12 4 9 -71064
-8 -7 -9 -5 -67472
-4 -8 -2 -12 -73618
1 -14 -1 -13 -64658
9 19 12 17 -61814
-8 9 -5 10 -65558
-9 22 -7 23 -52704
-6 3 -5 7 -66270
-2 -5 -3 -5 -63672
-16 -12 -15 -9 -62334
-3 -17 -2 -16 -59646
6 -24 5 -21 -46932
-12 21 -19 24 -73232
-3 24 -3 20 -56466
6 6 2 6 -70576
17 -23 17 -17 -63200
9 20 9 17 -72348
-18 23 -16 22 -69032
5 2 6 0 -68844
-5 0 -3 1 -60588
9 -21 10 -22 -61270
-6 -12 -3 -13 -70020
-19 4 -15 4 -65194
-12 -1 -10 0 -62300
7 -12 10 -13 -72386
-4 -7 -7 -7 -70212
-24 -19 -1 -7 -72756
2 18 1 17 -63322
11 -8 12 -7 -72406
18 -20 15 -22 -55368
11 -3 9 -4 -73782
-16 -23 -14 -16 -73698
20 0 24 -3 -65300
-5 13 -3 11 -59426
-24 -10 -21 -10 -54108
8 0 7 -1 -65298
-24 -8 -24 16 -70288
16 -23 21 -22 -56082
3 -20 -1 -24 -65738
20 -18 24 -24 -58740
21 -3 23 -3 -59556
18 -2 17 -5 -65112
3 -5 4 -4 -63108
14 -13 11 -12 -78716
-15 6 -17 5 -64278
0 19 2 23 -66868
-17 10 -16 10 -63096
24 -24 19 -19 -61900
24 -18 0 -21 -72954
8 -20 7 -21 -66208
-8 -20 -3 -20 -64080
-16 -8 -21 -12 -68970
-10 17 -9 15 -62908
24 -11 20 -7 -69094
20 -12 1 5 -89930
24 -15 14 -9 -78640
14 -20 13 -23 -54916
6 17 5 16 -70674
19 11 19 12 -56808
5 0 4 -3 -70650
-7 17 -8 15 -57886
19 9 17 11 -66872
-2 -1 -1 1 -66608
21 -2 19 -2 -66754
1 9 0 12 -69542
17 21 14 20 -56104
-12 6 -10 6 -59824
-24 -23 -22 -18 -38954
-24 21 24 23 -57538
24 -5 23 -13 -57086
-22 12 -21 11 -57630
-6 -3 -5 -5 -67986
-20 -9 -19 -13 -67560
-10 -18 -9 -17 -65998
3 -22 5 -21 -71998
0 21 -7 22 -61666
9 15 10 17 -71368
22 18 20 14 -60942
0 -5 0 -6 -65660
10 24 11 20 -65796
3 -1 2 -1 -54690
20 -10 23 -5 -71474
-3 -21 -4 -19 -67912
13 20 12 20 -52978
-18 23 -15 24 -60912
-8 22 -5 18 -68790
-13 -23 -14 -23 -52272
24 10 -21 4 -69822
-14 21 -14 15 -67480
20 -22 20 -18 -50974
8 -6 8 0 -74732
-5 -16 -5 -17 -65354
20 3 24 4 -62412
-17 -12 -14 -14 -66540
-24 17 -19 15 -65132
20 0 24 -24 -69768
12 4 12 8 -64118
-14 -21 -15 -19 -70874
18 22 18 19 -60880
-22 -12 -24 -22 -66890
-13 -21 -15 -19 -68208
16 14 17 13 -66424
10 -2 13 0 -71838
-24 10 -19 13 -68334
4 -13 1 -17 -65968
-19 0 -18 1 -60336
-1 6 -9 -14 -90726
-12 -9 -10 -10 -67008
