24 -4 24 1 -55474
6 8 6 10 -69526
0 14 0 15 -62776
23 -1 23 0 -58006
24 4 24 -11 -65762
-12 20 -10 21 -64060
0 -11 0 -14 -64418
15 -8 15 -10 -69422
-23 -6 -23 -4 -54252
6 -12 8 -10 -61976
-1 -3 -1 0 -60680
23 4 22 9 -65648
21 18 22 14 -58096
24 -6 24 -5 -45396
-16 -10 -17 -10 -63912
17 -21 23 -19 -64612
20 -21 -24 0 -79150
2 11 24 -18 -86386
2 6 0 5 -72098
-23 -7 -20 -7 -63336
9 24 5 20 -80246
24 13 23 -5 -71854
-24 -23 -1 -21 -63210
1 23 5 22 -54352
-24 1 -23 1 -38718
-24 14 -21 20 -55842
-5 -9 -5 -7 -68022
11 22 7 22 -65446
-23 14 -22 8 -53392
-17 -22 -18 -23 -56750
1 -12 2 -12 -62666
13 24 15 23 -45538
-6 4 16 -2 -90278
-15 9 -14 7 -62416
-18 23 -19 21 -49712
-16 -11 -11 -11 -67102
22 20 19 24 -63590
-24 -5 -24 24 -65772
5 24 17 23 -65362
-7 -20 -4 -18 -62382
9 -24 15 -20 -67254
-17 24 -11 24 -55944
-1 4 -1 3 -67672
-24 -4 -20 0 -61324
14 4 15 4 -61798
-5 20 -8 21 -60936
-22 -13 -23 -13 -52118
23 8 22 1 -65432
13 -9 11 -8 -68204
24 16 -16 19 -70140
0 22 24 22 -64924
-4 24 3 23 -52206
13 -8 15 -14 -75250
-10 -6 -10 -8 -66412
-3 6 -4 7 -67284
9 -11 10 -12 -70894
7 16 7 15 -66838
-24 -3 -24 7 -60634
-24 -15 -21 -17 -49610
-11 -19 -14 -22 -65714
10 14 9 12 -66554
10 4 12 5 -65694
13 19 13 22 -70590
18 4 20 1 -70642
-3 -15 -3 -16 -62358
-15 -23 -21 -19 -61256
1 -24 -1 -19 -67846
-24 6 -22 9 -56402
0 5 0 4 -67378
-4 9 -4 10 -66456
19 -4 20 -5 -64828
-11 -4 -12 -6 -65622
-20 -17 -20 -18 -54364
0 19 0 20 -63802
12 -5 11 -10 -71282
12 -15 12 -13 -60566
2 -6 2 -5 -62716
22 -22 21 -22 -47984
-20 -1 -21 0 -69310
-24 10 -20 14 -64220
-19 -23 -20 -15 -64330
16 -4 -2 15 -97510
-13 23 -13 24 -38182
-8 -16 -10 -24 -69922
-22 -22 -19 -23 -43788
-23 3 -24 0 -52758
11 8 10 8 -63988
-9 24 -11 19 -65600
2 2 0 3 -74956
15 16 15 14 -57564
-8 -23 -11 -23 -65888
-10 12 -8 13 -68542
-17 16 -14 16 -61432
13 -22 14 -22 -55102
-24 4 -21 10 -65622
19 -21 23 -23 -59334
13 11 11 10 -67772
-3 -11 -4 -13 -62620
24 -16 9 -23 -75160
9 24 10 22 -52652
-13 0 -13 2 -62438
15 -6 13 -9 -71026
-14 -11 -15 -9 -71978
19 -8 23 -5 -65488
-8 -3 -11 -3 -59300
-14 16 -14 22 -70300
11 -1 9 0 -64398
-21 -16 -23 -12 -65252
-9 7 -9 5 -52656
6 -7 7 -10 -62040
-14 15 -16 13 -63954
-7 20 -5 24 -57116
5 -12 3 -11 -62810
-24 -19 -23 1 -66182
-9 -23 -8 -23 -61260
13 -2 13 -1 -65416
-1 -23 3 -23 -65894
-15 11 -16 8 -63398
22 6 24 6 -46764
13 -4 11 -4 -70060
-23 22 -17 21 -65922
-21 -22 -21 -18 -51934
3 13 2 13 -64466
4 17 6 16 -69102
-5 3 -5 1 -66382
-24 16 -24 21 -42404
-19 -2 -16 -2 -58696
-7 -8 -9 -8 -68782
15 1 15 5 -70580
-19 -19 -21 -18 -56048
24 -14 -14 -23 -69968
-1 21 6 24 -62052
12 0 13 -3 -69060
21 -13 21 -10 -59132
2 11 1 10 -69108
16 0 17 1 -66302
6 -20 4 -23 -70260
-9 -24 20 -24 -67504
-24 -4 17 -7 -76772
-13 16 -14 16 -64998
16 13 24 14 -68802
-13 -3 -13 -5 -53264
16 17 -23 -16 -80368
-7 -16 -8 -16 -63730
20 4 19 6 -68126
-19 20 -23 21 -60610
-19 10 -19 19 -72130
5 8 7 7 -66980
8 -20 -24 -23 -63554
5 -7 5 -6 -60154
-9 -15 -11 -15 -69166
-8 -19 -7 -23 -69674
-16 -13 -16 -16 -57756
14 -13 15 -17 -64094
0 -9 -2 -7 -58754
0 5 2 5 -70496
22 -12 23 -11 -51026
0 21 0 23 -58758
16 12 17 13 -58120
-19 -9 -16 -10 -66406
11 6 10 7 -68280
-22 -10 -19 -9 -68916
21 23 19 23 -50182
7 21 9 23 -75832
-8 0 -7 -1 -65564
12 -21 9 -21 -69858
23 -24 24 15 -70050
13 24 10 20 -64106
17 -19 18 -15 -63372
-18 -6 -20 -1 -67906
23 13 22 13 -43624
-22 -15 -19 -13 -55702
-24 6 -24 22 -60606
-16 3 -16 1 -59200
18 0 18 1 -74358
-4 0 -3 -3 -67432
11 22 11 21 -68836
4 15 8 16 -73602
21 -23 23 0 -71660
-3 16 -3 13 -66706
-7 20 -12 20 -65538
-3 1 0 0 -68136
17 -11 17 -10 -67986
-13 -16 -12 -15 -68776
-17 -20 -19 -21 -58722
23 21 21 24 -50360
13 14 13 18 -62592
9 10 9 11 -64622
-10 -10 -10 -11 -59602
1 6 1 9 -73226
14 -24 13 -19 -59170
4 -12 4 -7 -65992
-19 13 -17 12 -58774
20 3 19 0 -74450
21 -14 22 -14 -56856
-21 16 -22 19 -55596
8 2 8 1 -64016
-6 -10 -7 -11 -68046
-2 -10 -1 -9 -67832
1 -16 3 -17 -65868
7 -16 12 -15 -74018
6 -20 4 -17 -62046
-19 6 -23 8 -60868
-18 5 -18 7 -52064
-14 -13 -11 -17 -64424
16 -13 17 -11 -68014
3 -24 22 -23 -73684
-24 -1 -21 -4 -59242
11 -8 7 -8 -72824
5 20 4 22 -60346
-24 4 -21 2 -57610
-12 -5 -10 -4 -66286
23 10 24 16 -64386
2 10 2 9 -72344
16 6 15 3 -69874
22 3 21 3 -64872
-20 -11 -20 -14 -63188
-11 12 -10 16 -69200
10 18 11 20 -73694
-14 5 -12 6 -56148
-2 21 0 23 -55030
17 15 21 13 -71108
-16 0 -13 -1 -64312
-7 2 -9 4 -66658
-1 18 -2 15 -62748
-21 -9 -19 -5 -69784
10 -22 9 -19 -61666
-23 19 -24 -22 -68864
24 6 23 10 -57372
-19 -2 -19 0 -62260
1 -19 1 -17 -59818
-2 -18 -4 -22 -63612
-2 4 0 5 -63588
21 0 20 1 -67990
6 24 9 24 -61790
10 -5 11 -7 -64534
-12 -12 -14 -16 -68088
-20 6 -21 6 -62068
-22 15 -20 13 -66474
23 7 24 23 -61816
-22 -5 -21 -10 -58842
-13 0 -16 -2 -65174
9 -24 3 -22 -63146
-14 21 -13 20 -55442
-5 9 -14 15 -87116
-3 14 -4 12 -72276
6 15 6 12 -69034
-19 24 -21 13 -65796
4 13 4 15 -67478
-8 -18 -6 -20 -73830
17 -10 15 -7 -69548
-4 -18 -5 -17 -69682
20 -6 20 -3 -60708
16 -20 18 -18 -67838
-15 -20 -15 -16 -59150
-18 23 -18 22 -43298
21 13 22 10 -70388
11 11 11 9 -63508
-22 -18 19 -24 -71434
-23 3 -21 0 -65588
7 3 7 5 -58482
-24 7 21 24 -69016
-20 3 -18 -1 -73546
21 21 23 20 -52278
-9 -11 -9 -15 -54310
-8 6 -7 6 -59782
-14 -9 -14 -8 -72118
-2 1 -2 2 -65900
-19 24 -23 18 -49700
3 3 2 4 -70566
15 10 17 10 -67364
10 -21 7 -20 -71278
-22 10 -22 3 -57318
-15 -10 -15 -8 -74144
19 17 19 14 -61714
-10 -24 -13 -23 -58848
3 10 4 8 -76550
24 0 3 0 -70882
20 -23 17 -20 -62440
-11 -5 -16 -5 -64086
1 -19 3 -24 -66944
-1 -8 2 -7 -66630
-7 0 -7 -4 -58828
-2 -21 -1 -22 -61424
-24 -13 -24 -10 -49186
24 -8 20 -5 -64914
-1 -2 2 -4 -67430
11 -20 13 -15 -67176
20 0 20 3 -75290
-3 -24 -5 -23 -48128
22 10 24 14 -63108
-12 2 -13 3 -67356
-23 -13 -24 -11 -54992
18 5 19 7 -67154
18 -4 17 -4 -56470
13 -11 10 -13 -67150
-20 -23 -24 -24 -25904
17 -19 16 -17 -64566
6 -24 12 -22 -72882
-4 -8 -5 -7 -67724
-10 -21 -12 -22 -64166
-13 11 -13 16 -69672
6 -4 6 0 -60076
5 23 7 22 -62864
-21 -7 -20 -2 -68438
16 -21 13 -19 -65112
-3 20 -3 18 -62154
-14 6 -13 4 -60422
-8 15 -7 12 -67220
7 24 6 17 -74182
1 11 -3 10 -71598
17 6 17 9 -64540
-20 23 -18 22 -61038
0 -24 3 -24 -59354
-13 -21 -13 -24 -40318
-8 12 -8 9 -62178
-19 15 -20 15 -62960
15 16 16 16 -62580
9 -15 6 -20 -73898
9 -12 9 -13 -62588
-5 -24 -7 -19 -69400
22 7 20 10 -68194
17 -12 20 -11 -61242
15 -11 12 -11 -61554
21 -14 24 -15 -50790
4 -12 4 -14 -67548
-6 -10 -7 -7 -73064
-8 -14 -8 -17 -60708
22 -14 23 -17 -45302
16 9 13 10 -71722
-13 14 -9 11 -77044
17 -24 14 -20 -58150
-9 -1 -9 0 -60552
23 24 14 24 -54248
18 24 17 16 -68502
-23 0 -22 7 -62422
-12 9 -11 11 -58620
-4 6 -2 8 -67816
12 5 11 9 -70376
-9 1 -9 2 -59938
-4 22 -1 22 -55538
15 -1 14 -1 -56774
24 -1 23 19 -71510
24 -9 23 -8 -47774
6 -6 8 -3 -67380
-6 -8 -8 -9 -70146
-13 -3 -13 0 -60398
18 -9 16 -9 -59262
22 -9 21 -19 -62596
-23 -13 -22 -5 -62042
2 -23 -3 -23 -58580
18 -13 18 -15 -59616
14 -14 17 -16 -63232
-3 -10 -3 -11 -63266
-24 -20 -24 -12 -54068
-4 14 -3 14 -58132
22 22 22 18 -47750
-9 -17 -10 -17 -70174
18 9 19 9 -60654
3 2 3 0 -63414
7 -15 7 -18 -58386
4 -21 2 -24 -62126
-10 -15 -9 -19 -65718
-2 7 -2 6 -72882
-15 10 -15 8 -60246
12 2 12 0 -64676
1 -16 -1 -13 -68204
8 -14 4 -14 -65606
0 -2 -1 -2 -63938
8 1 7 3 -70522
10 -4 4 -4 -74190
-11 16 -13 16 -67218
12 -6 12 -4 -56208
-16 -22 -18 -24 -53242
-2 23 -1 21 -59298
-8 -18 -10 -21 -69362
1 13 0 13 -61660
19 18 18 22 -69006
3 -18 3 -22 -68796
16 0 16 -3 -70874
-15 -8 -15 -6 -62314
21 5 23 7 -59606
4 12 6 11 -69838
-23 -1 -24 -6 -59648
13 21 22 24 -56206
6 16 6 19 -70640
19 -15 16 -16 -63416
-11 16 -11 17 -61678
-13 24 -14 19 -65630
-20 15 -21 12 -62372
7 -15 7 -13 -64716
13 9 12 8 -67628
9 22 5 19 -82924
-24 24 -1 24 -53124
-2 10 -2 12 -71844
-13 -16 -16 -17 -65642
-8 15 -9 15 -68176
1 -9 0 -12 -72380
21 9 21 14 -75050
-12 24 -9 21 -47874
-15 21 -14 22 -62614
20 18 21 18 -59692
-7 23 -7 17 -66752
-11 9 -9 6 -65544
6 12 4 8 -73750
-8 -7 -9 -5 -65718
-4 11 0 12 -71006
1 -14 -1 -13 -63914
9 19 12 17 -60134
-8 9 -5 10 -62282
-9 22 -7 23 -52506
-6 3 -5 7 -65560
-2 -5 -3 -5 -61162
-16 -12 -15 -9 -68310
-3 -17 -2 -16 -56186
6 -24 5 -21 -48076
-12 21 -19 24 -68982
-3 24 -3 20 -62454
6 6 2 6 -72172
17 -23 17 -17 -66520
9 20 9 17 -73914
-18 23 -16 22 -64162
5 2 6 0 -70556
-5 0 -3 1 -59224
9 -21 10 -22 -64652
10 5 7 4 -61690
-19 4 -15 4 -65096
10 -24 4 -24 -66780
7 -12 10 -13 -72572
-4 -7 -7 -7 -66824
-24 -19 -1 20 -77310
2 18 1 17 -66106
11 -8 12 -7 -73408
18 -20 15 -22 -61442
14 15 13 15 -61462
-16 -24 -14 -24 -50020
20 0 24 -3 -65980
-5 13 -3 11 -60754
-24 -10 -21 -10 -55916
8 0 7 -1 -66530
-24 -8 -24 16 -68972
16 -23 21 -22 -59806
3 -20 -1 -24 -65656
20 -18 24 -24 -57452
21 -3 23 -3 -56032
18 -2 17 -5 -64132
3 -5 4 -4 -58512
5 3 8 3 -71794
-15 6 -17 5 -60150
-5 -2 -7 -2 -67334
-17 10 -16 10 -57248
24 -24 19 -19 -61274
24 -18 0 -21 -77566
8 -20 7 -21 -67818
-8 -20 -3 -20 -62748
-16 -8 -21 -12 -74004
-10 17 -9 15 -66804
24 -11 20 -7 -67258
-17 12 -17 16 -67832
-12 -20 -11 -24 -53802
14 -20 13 -23 -56530
6 17 5 16 -73284
19 11 19 12 -66558
5 0 4 -3 -63952
-7 17 -8 15 -62982
19 9 17 11 -71972
-2 -1 -1 1 -59856
0 -16 -10 21 -85636
1 9 0 12 -74456
17 21 14 20 -57414
-12 6 -10 6 -57264
-24 -23 -22 -18 -36254
-24 21 24 23 -56590
24 -5 23 -13 -56080
-22 12 -21 11 -57342
-6 -3 -5 -5 -65886
-20 -9 -19 -13 -69736
5 20 -1 18 -72000
3 -22 5 -21 -65078
0 21 -7 22 -62016
9 15 10 17 -71544
22 18 20 14 -61222
0 -5 0 -6 -61234
10 24 11 20 -66724
3 -1 2 -1 -63506
20 -10 23 -5 -67508
-3 -21 -4 -19 -71308
13 20 12 20 -54192
-18 23 -15 24 -54160
-8 22 -5 18 -70286
-13 -23 -14 -23 -56510
24 10 -21 4 -72130
-14 21 -14 15 -69180
20 -22 20 -18 -54316
2 -8 0 -10 -72126
-5 -16 -5 -17 -64670
20 3 24 4 -62920
-17 -12 -14 -14 -66096
-24 17 -19 15 -64714
20 0 24 -24 -70340
12 4 12 8 -65868
-14 -21 -15 -19 -65032
18 22 18 19 -65124
-22 -12 -24 -22 -57740
-13 -21 -15 -19 -67160
16 14 17 13 -66618
10 -2 13 0 -69006
-24 10 -19 13 -66914
4 -13 1 -17 -63866
-19 0 -18 1 -58380
6 -4 2 -1 -70734
-12 -9 -10 -10 -67378
