24 -4 24 1 -56609
6 8 6 10 -66115
0 14 0 15 -67875
23 -1 23 0 -57635
24 4 24 -11 -66355
-12 20 -10 21 -66325
0 -11 0 -14 -62051
15 -8 15 -10 -63665
-23 -6 -23 -4 -53995
6 -12 8 -10 -66863
-1 -3 -1 0 -65879
23 4 22 9 -65831
21 18 22 14 -58371
24 -6 24 -5 -45939
-16 -10 -17 -10 -63145
17 -21 23 -19 -65073
-7 -14 -6 -9 -72389
14 12 16 14 -71895
2 6 0 5 -73099
-23 -7 -20 -7 -70435
20 7 21 11 -66633
24 13 23 -5 -72593
-24 -23 -1 -21 -59451
1 23 5 22 -61307
-24 1 -23 1 -41403
-24 14 -21 20 -56441
-5 -9 -5 -7 -71913
11 -2 5 -4 -73407
-23 14 -22 8 -53585
-17 -22 -18 -23 -56553
1 -12 2 -12 -65013
13 24 15 23 -45601
-19 -10 -22 -12 -60651
-15 9 -14 7 -62595
-18 23 -19 21 -50791
-16 -11 -11 -11 -64343
22 20 19 24 -65897
-24 -5 -24 24 -67225
5 24 17 23 -64213
0 20 -4 21 -62893
9 -24 15 -20 -62247
-17 24 -11 24 -56967
-1 4 -1 3 -70647
-24 -4 -20 0 -66859
14 4 15 4 -63707
-5 20 -8 21 -65705
-22 -13 -23 -13 -52505
23 8 22 1 -62899
13 -9 11 -8 -62653
24 16 -16 19 -70063
0 22 24 22 -65629
-4 24 3 23 -54967
6 -4 9 -6 -70187
-10 -6 -10 -8 -73633
-3 6 -4 7 -72161
9 -11 10 -12 -63581
7 16 7 15 -65743
-24 -3 -24 7 -63959
-24 -15 -21 -17 -48805
-11 -19 -14 -22 -63871
10 14 9 12 -66623
10 4 12 5 -64665
13 19 13 22 -66295
18 4 20 1 -63575
-3 -15 -3 -16 -59295
-15 -23 -21 -19 -60261
1 -24 -1 -19 -66893
-24 6 -22 9 -57283
0 5 0 4 -71367
-4 9 -4 10 -63087
19 -4 20 -5 -67737
-11 -4 -12 -6 -65045
-20 -17 -20 -18 -55331
0 19 0 20 -65801
-22 -5 -21 -5 -69345
12 -15 12 -13 -68501
2 -14 4 -15 -67137
22 -22 21 -22 -48857
-20 -1 -21 0 -69337
-24 10 -20 14 -65211
-19 -23 -20 -15 -64579
-20 18 -10 -7 -89039
-13 23 -13 24 -38555
-8 -16 -10 -24 -68049
-22 -22 -19 -23 -43661
-23 3 -24 0 -55357
11 8 10 8 -61995
-9 24 -11 19 -68515
10 -9 8 -9 -65449
15 16 15 14 -60281
-8 -23 -11 -23 -63469
-10 12 -8 13 -67101
-17 16 -14 16 -67381
13 -22 14 -22 -54499
-24 4 -21 10 -66315
19 -21 23 -23 -59967
13 11 11 10 -70895
-3 -11 -4 -13 -70623
24 -16 9 -23 -73073
9 24 10 22 -52747
-13 0 -13 2 -62851
-13 -8 -9 -9 -64537
-14 -11 -15 -9 -65715
19 -8 23 -5 -69825
-8 -3 -11 -3 -65499
-14 16 -14 22 -71679
11 -1 9 0 -62143
-21 -16 -23 -12 -64819
-9 7 -9 5 -57901
6 -7 7 -10 -62019
-14 15 -16 13 -70019
-7 20 -5 24 -64951
5 -12 3 -11 -65883
-24 -19 -23 1 -68439
-9 -23 -8 -23 -57171
13 -2 13 -1 -66751
-1 -23 3 -23 -65439
-15 11 -16 8 -66387
22 6 24 6 -49593
13 12 14 12 -70011
-23 22 -17 21 -65681
-21 -22 -21 -18 -52423
3 13 2 13 -63849
4 17 6 16 -67497
-5 3 -5 1 -68151
-24 16 -24 21 -42657
-19 -2 -16 -2 -60951
15 19 17 18 -68653
15 1 15 5 -58203
-19 -19 -21 -18 -55389
24 -14 -14 -23 -68495
-1 21 6 24 -59897
12 0 13 -3 -71371
21 -13 21 -10 -62561
2 11 1 10 -67841
16 0 17 1 -64725
6 -20 4 -23 -68043
-9 -24 20 -24 -66137
24 11 22 15 -52383
-13 16 -14 16 -69435
16 13 24 14 -71599
-13 -3 -13 -5 -53183
21 -9 20 -8 -71799
-7 -16 -8 -16 -62293
-16 11 -13 12 -71139
-19 20 -23 21 -59611
-19 10 -19 19 -73741
5 8 7 7 -60631
8 -20 -24 -23 -63771
5 -7 5 -6 -55515
-9 -15 -11 -15 -67877
-8 -19 -7 -23 -65489
-16 -13 -16 -16 -55859
14 -13 15 -17 -73209
0 -9 -2 -7 -55693
0 5 2 5 -68139
22 -12 23 -11 -52829
0 21 0 23 -57305
16 12 17 13 -67819
-19 -9 -16 -10 -64889
11 6 10 7 -64663
0 20 5 20 -67605
21 23 19 23 -52977
7 21 9 23 -58445
-8 0 -11 -1 -65157
12 -21 9 -21 -60689
23 -24 24 15 -69951
13 24 10 20 -62365
17 -19 18 -15 -67907
-2 11 0 12 -65431
23 13 22 13 -46117
-22 -15 -19 -13 -56407
-24 6 -24 22 -62075
-16 3 -16 1 -57129
18 0 18 1 -67987
-4 0 -3 -3 -66043
11 22 11 21 -66001
4 15 8 16 -61735
21 -23 23 0 -70979
-3 16 -3 13 -70267
-7 20 -12 20 -70355
-3 1 0 2 -63999
17 -11 17 -10 -68601
5 3 6 3 -71323
-17 -20 -19 -21 -59105
23 21 21 24 -51577
13 14 13 18 -64861
9 10 9 11 -63565
-10 -10 -10 -11 -61913
1 6 1 9 -77477
14 -24 13 -19 -58273
4 -12 4 -7 -66909
-19 13 -17 12 -60435
-1 -2 -2 14 -98915
21 -14 22 -14 -60885
-21 16 -22 19 -56153
8 2 8 1 -58011
-6 -10 -7 -11 -71609
-2 -10 -1 -9 -70263
-9 12 -8 16 -72029
7 -16 12 -15 -65283
6 -20 4 -17 -60559
-19 6 -23 8 -63099
-18 5 -18 7 -53385
-14 -13 -11 -17 -64333
16 -13 17 -11 -67963
3 -24 22 -23 -65777
-24 -1 -21 -4 -63355
-23 -3 -24 1 -60203
5 20 4 22 -64387
-24 4 -21 2 -60803
-12 -5 -10 -4 -65147
23 10 24 16 -57779
2 10 2 9 -68197
18 -6 -4 11 -85677
22 -1 21 -2 -64987
-20 -11 -20 -14 -62467
0 -2 -1 -3 -61477
18 16 16 18 -73433
-14 5 -12 6 -62597
-2 21 0 23 -54857
17 15 21 13 -74391
-16 0 -13 -1 -63439
-7 2 -9 4 -69409
-1 18 -2 15 -68547
-21 -9 -19 -5 -66061
10 -22 9 -19 -60019
-23 19 -24 -22 -70875
24 6 23 10 -60925
-19 -2 -19 0 -60095
1 -19 1 -17 -59301
-2 -18 -4 -22 -62807
-2 4 0 5 -63287
21 0 20 1 -67551
6 24 9 24 -57477
10 -5 11 -7 -62815
-12 -12 -14 -16 -61091
-20 6 -21 6 -62155
-22 15 -20 13 -65881
23 7 24 23 -58311
-22 -5 -21 -10 -56507
7 0 22 10 -84323
9 -24 3 -22 -54087
-14 21 -13 20 -59199
-18 -5 -21 -3 -65723
-3 14 -4 12 -69929
6 15 6 12 -68809
-19 24 -21 13 -66539
4 13 4 15 -68415
-17 -8 -15 -6 -63587
17 -10 15 -7 -71867
-4 -18 -5 -17 -60783
20 -6 20 -3 -59241
16 -20 18 -18 -68969
-15 -20 -15 -16 -58849
-18 23 -18 22 -44125
13 -15 13 -17 -68615
11 11 11 9 -61773
-22 -18 19 -24 -68735
-23 3 -21 0 -66499
7 3 7 5 -55885
-24 7 21 24 -65769
18 -7 14 -11 -72335
21 21 23 20 -54979
-9 -11 -9 -15 -59179
-8 6 -7 6 -67689
-14 -9 -14 -8 -64065
-2 1 -2 2 -65871
-19 24 -23 18 -51219
3 3 2 4 -65157
15 10 17 10 -68753
-23 -21 -20 6 -74059
-22 10 -22 3 -57901
16 -9 17 -11 -75659
19 17 19 14 -59651
-10 -24 -13 -23 -56731
-1 -20 -3 -21 -57655
-7 -4 -5 -4 -70925
20 -23 17 -20 -62629
9 -10 8 -13 -71615
1 -19 3 -24 -65165
-1 -8 2 -7 -66697
-7 0 -7 -4 -60205
-2 -21 -1 -22 -62607
-24 -13 -24 -10 -49863
24 -8 20 -5 -67915
11 -13 2 -12 -71369
11 -20 13 -15 -70767
20 0 20 3 -64183
-3 -24 -5 -23 -48263
22 10 24 14 -55777
17 20 18 22 -57219
-23 -13 -24 -11 -55611
18 5 19 7 -66215
18 -4 17 -4 -60573
13 -11 10 -13 -68241
-20 -23 -24 -24 -26621
17 -19 16 -17 -67815
6 -24 12 -22 -63335
-4 -8 -5 -7 -66325
-10 -21 -12 -22 -63415
-13 11 -13 16 -68483
6 -4 6 0 -61045
5 23 7 22 -63511
-21 -7 -20 -2 -69207
16 -21 13 -19 -66073
-3 20 -3 18 -66727
-14 6 -13 4 -58909
-8 15 -7 12 -67347
7 24 6 17 -66627
-10 20 -10 -1 -81483
17 6 17 9 -63277
-20 23 -18 22 -61475
0 -24 3 -24 -57055
-13 -21 -13 -24 -39379
-8 12 -8 9 -62473
-19 15 -20 15 -63243
4 -2 6 -3 -72935
5 -12 -9 -11 -73555
9 -12 9 -13 -68969
-5 -24 -7 -19 -65949
22 7 20 10 -67459
17 -12 20 -11 -70901
15 -11 12 -11 -58775
21 -14 24 -15 -54359
4 -12 4 -14 -67131
-6 -10 -7 -7 -73617
-8 -14 -8 -17 -61921
22 -14 23 -17 -52063
-11 22 -3 22 -69409
-13 14 -9 11 -71645
17 -24 14 -20 -58653
-9 -1 -9 0 -60329
23 24 14 24 -58843
3 -17 -1 -18 -69049
-23 0 -22 7 -63401
-12 9 -11 11 -62701
-4 6 -2 8 -68409
12 5 11 9 -66255
-9 1 -9 2 -64829
-4 22 -1 22 -58257
15 -1 14 -1 -61531
24 -1 23 19 -68427
24 -9 23 -8 -46127
6 -6 8 -3 -63651
-6 -8 -8 -9 -68901
-13 -3 -13 0 -58253
18 -9 16 -9 -68863
22 -9 21 -19 -67931
-23 -13 -22 -5 -59807
2 -23 -3 -23 -61809
18 -13 18 -15 -64687
14 -14 17 -16 -66995
-3 -10 -3 -11 -66829
-24 -20 -24 -12 -55215
-4 14 -3 14 -68709
22 22 22 18 -48619
-9 -17 -10 -17 -69073
18 9 19 9 -63211
3 2 3 0 -60605
7 -15 7 -18 -69297
4 -21 2 -24 -56343
-10 -15 -9 -19 -63987
-2 7 -2 6 -80673
-15 10 -15 8 -62155
12 2 12 0 -60863
22 -12 17 -11 -73751
3 0 5 -3 -72289
4 6 1 7 -69507
8 1 7 3 -61655
-1 16 1 1 -93919
-11 16 -13 16 -68375
12 -6 12 -4 -52865
-16 -22 -18 -24 -53107
-2 23 -1 21 -59193
-8 -18 -10 -21 -67993
1 13 0 13 -61381
19 18 18 22 -70665
3 -18 3 -22 -67603
16 0 16 -3 -71037
-15 -8 -15 -6 -61807
21 5 23 7 -62777
4 12 6 11 -62957
-23 -1 -24 -6 -61773
13 21 22 24 -62687
6 16 6 19 -69279
19 -15 16 -16 -65957
-11 16 -11 17 -62789
-13 24 -14 19 -66303
-20 15 -21 12 -63347
7 -15 7 -13 -68665
13 9 12 8 -68207
20 -10 23 -17 -69663
-24 24 -1 24 -55807
0 -4 -23 -6 -71751
-13 -16 -16 -17 -60857
-8 15 -9 15 -67121
1 -9 0 -12 -73069
-9 -18 -6 -16 -66429
-12 24 -9 21 -50695
-15 21 -14 22 -64321
20 18 21 18 -62585
-7 23 -7 17 -70357
-11 9 -9 6 -64577
6 12 4 8 -72037
-8 -7 -9 -5 -70179
-8 -7 -8 -6 -73123
1 -14 -1 -13 -61267
9 19 12 17 -59205
-8 9 -5 10 -65141
-9 22 -7 23 -61905
-6 3 -5 7 -72209
-2 -5 -3 -5 -61213
-16 -12 -15 -9 -61595
-3 -17 -2 -16 -61597
6 -24 5 -21 -44009
-12 21 -19 24 -70635
-3 24 -3 20 -62673
-4 20 -5 19 -69073
17 -23 17 -17 -66421
9 20 9 17 -68641
-18 23 -16 22 -65581
0 2 6 0 -84503
-5 0 -3 1 -65043
9 -21 10 -22 -57711
10 5 7 4 -59299
-19 4 -15 4 -62685
10 -24 4 -24 -57633
-14 -1 -12 -2 -62635
-4 -7 -7 -7 -70089
-12 0 -9 5 -68809
2 18 1 17 -61721
11 -8 12 -7 -60793
18 -20 15 -22 -61319
14 15 13 15 -69541
-16 -24 -14 -24 -50367
20 0 24 -3 -67849
-5 13 -3 11 -64527
-24 -10 -21 -10 -57531
8 0 7 -1 -67113
-24 -8 -24 16 -71203
16 -23 21 -22 -59195
6 -16 6 -17 -66033
20 -18 24 -24 -58163
21 -3 23 -3 -64133
18 -2 17 -5 -64771
3 -5 4 -4 -58319
9 22 8 22 -60279
-15 6 -17 5 -60975
10 19 11 20 -64489
-17 10 -16 10 -62163
24 -24 19 -19 -61843
21 18 19 15 -60731
8 -20 7 -21 -60377
-8 -20 -3 -20 -57177
3 -2 -1 1 -74859
-10 17 -9 15 -67787
24 0 17 -1 -71967
-17 12 -17 16 -68491
-12 -20 -11 -24 -52275
14 -20 13 -23 -54605
-4 1 12 24 -87021
19 11 19 12 -57203
5 0 4 -3 -65857
-7 17 -8 15 -68381
19 9 17 11 -66007
-2 -1 -1 1 -67321
23 6 21 7 -62489
1 9 0 12 -70243
17 21 14 20 -61425
-12 6 -10 6 -59049
-24 -23 -22 -18 -36315
-24 21 24 23 -56065
24 -5 23 -13 -56609
-22 12 -21 11 -57693
-6 -3 -5 -5 -64817
-20 -9 -19 -13 -66217
22 -24 -19 -23 -68997
3 -22 5 -21 -62963
-5 14 -1 14 -71975
9 15 10 17 -69817
-6 5 -7 5 -68777
0 -5 0 -6 -54475
10 24 11 20 -65095
3 -1 2 -1 -70173
20 -10 23 -5 -69287
-3 -21 -4 -19 -67385
13 20 12 20 -55479
-18 23 -15 24 -55263
-8 22 -5 18 -69423
-13 -23 -14 -23 -56415
24 10 -21 4 -69729
-14 21 -14 15 -70255
20 -22 20 -18 -55061
2 -8 0 -10 -72647
-5 -16 -5 -17 -62803
20 3 24 4 -62887
-17 -12 -14 -14 -64549
-24 17 -19 15 -63263
20 0 24 -24 -69751
12 4 12 8 -59733
-14 -21 -15 -19 -63417
18 22 18 19 -63591
-22 -12 -24 -22 -59381
-13 -21 -15 -19 -65561
16 14 17 13 -68489
10 -2 13 0 -63989
-24 10 -19 13 -66997
4 -13 1 -17 -64937
-19 0 -18 1 -56629
0 19 2 14 -70233
15 -1 12 0 -68347
