24 -4 24 1 -51021
6 8 6 10 -59621
0 14 0 15 -51555
23 -1 23 0 -51549
24 4 24 -11 -63013
-12 20 -10 21 -62427
-15 -11 -15 -13 -68817
15 -8 15 -10 -57057
-23 -6 -23 -4 -53389
-13 22 -14 19 -62017
24 0 20 -2 -58305
23 4 22 9 -71251
21 18 22 14 -56441
24 -6 24 -5 -48541
-16 -10 -17 -10 -71233
17 -21 23 -19 -64565
-5 -13 -7 -9 -66999
-20 -3 -19 -8 -64263
14 -15 13 -13 -66815
-23 -7 -20 -7 -74295
20 7 21 11 -66563
1 12 -1 10 -68945
-24 -23 -1 -21 -63663
1 23 5 22 -59967
-24 1 -23 1 -46247
-24 14 -21 20 -73557
-5 -9 -5 -7 -72323
-23 13 -21 18 -74105
-23 14 -22 8 -51833
-17 -22 -18 -23 -69699
1 -12 2 -12 -69005
13 24 15 23 -48623
-19 -10 -22 -12 -72899
-15 9 -14 7 -58989
-18 23 -19 21 -49081
14 -24 16 -19 -69591
22 20 19 24 -64365
-24 -5 -24 24 -65047
5 24 17 23 -63751
0 20 -4 21 -61635
9 -24 15 -20 -65821
-17 24 -11 24 -48157
-1 4 -1 3 -58869
5 -8 -1 -9 -81259
14 4 15 4 -64393
-5 20 -8 21 -67571
-22 -13 -23 -13 -55177
23 8 22 1 -67717
13 -9 11 -8 -61677
23 1 22 4 -60713
0 22 24 22 -63619
-4 24 3 23 -52485
6 -4 9 -6 -65205
-10 -6 -10 -8 -78269
-3 6 -4 7 -56607
9 -11 10 -12 -61715
7 17 8 19 -68561
-24 -3 -24 7 -61609
-24 -15 -21 -17 -47833
-11 -19 -14 -22 -59011
10 14 9 12 -60413
10 4 12 5 -74231
13 19 13 22 -70255
18 4 20 1 -66925
-3 -15 -3 -16 -65429
-15 -23 -21 -19 -59065
1 -24 -1 -19 -60691
-24 6 -22 9 -58159
0 5 0 4 -55783
0 16 -1 19 -61283
19 -4 20 -5 -66075
-11 -4 -12 -6 -70831
-20 -17 -20 -18 -56657
0 19 0 20 -66779
-22 -5 -21 -5 -71087
12 -15 12 -13 -67187
2 -14 4 -15 -67591
22 -22 21 -22 -50383
-20 -1 -21 0 -68011
-24 10 -20 14 -66273
-19 -23 -20 -15 -67477
2 10 1 9 -67799
-13 23 -13 24 -36289
-8 -16 -10 -24 -70879
-22 -22 -19 -23 -44029
-23 3 -24 0 -55223
11 8 10 8 -61159
-9 24 -11 19 -63185
10 -9 8 -9 -57343
15 16 15 14 -58873
-8 -23 -11 -23 -61307
-10 12 -8 13 -66397
-17 16 -14 16 -58125
13 -22 14 -22 -51807
-24 4 -21 10 -67921
19 -21 23 -23 -62841
-9 -10 -13 -10 -56739
-3 -11 -4 -13 -60553
0 -5 2 -3 -68439
9 24 10 22 -53423
-13 0 -13 2 -66675
-5 0 24 0 -73911
-14 -11 -15 -9 -69369
19 -8 23 -5 -66999
-8 -3 -11 -3 -67279
-4 -3 -4 -4 -68435
-7 0 -3 -24 -85525
-19 -12 -18 -10 -73045
-9 7 -9 5 -47663
6 -7 7 -10 -63865
-14 15 -16 13 -61863
-7 20 -5 24 -60883
5 -12 3 -11 -68789
-24 -19 -23 1 -70193
-9 -23 -8 -23 -56859
13 -2 13 -1 -64031
24 -13 17 -17 -67819
-15 11 -16 8 -61049
22 6 24 6 -54583
13 12 14 12 -63535
-21 0 -16 1 -71367
-21 -22 -21 -18 -58493
3 13 2 13 -60075
4 17 6 16 -62591
-5 3 -5 1 -61133
-24 16 -24 21 -55931
-19 -2 -16 -2 -72607
15 19 17 18 -68539
15 1 15 5 -62857
-19 -19 -21 -18 -56585
24 -14 -14 -23 -67245
-1 21 6 24 -58269
12 0 13 -3 -66709
21 -13 21 -10 -61217
-21 4 -21 7 -61431
16 0 17 1 -68663
6 -20 4 -23 -72817
-9 -24 20 -24 -65471
24 11 22 15 -51545
-13 16 -14 16 -60075
16 13 24 14 -68825
-13 -3 -13 -5 -59005
21 -9 20 -8 -70185
-7 -16 -8 -16 -61879
9 9 8 10 -63989
-19 20 -23 21 -61037
-19 10 -19 19 -74627
5 8 7 7 -67059
8 -20 -24 -23 -65977
5 -7 5 -6 -62271
-9 -15 -11 -15 -58285
-8 -19 -7 -23 -73077
-16 -13 -16 -16 -60923
-22 22 -23 15 -70677
0 -9 -2 -7 -66841
0 5 2 5 -66487
22 -12 23 -11 -51591
0 21 0 23 -56307
16 12 17 13 -60605
-19 -9 -16 -10 -75155
-19 -11 -17 -10 -74353
0 20 5 20 -65729
21 23 19 23 -57417
7 21 9 23 -60067
-8 0 -11 -1 -67547
12 -21 9 -21 -61583
23 -24 24 15 -64193
13 24 10 20 -62077
17 -19 18 -15 -65185
-2 11 0 12 -65071
23 13 22 13 -49107
-22 -15 -19 -13 -62699
-24 6 -24 22 -64019
-16 3 -16 1 -60147
18 0 18 1 -60035
6 -4 3 -6 -74175
11 22 11 21 -67431
4 15 8 16 -60933
23 -8 23 -10 -60859
10 -18 4 2 -85273
-7 20 -12 20 -71035
-3 1 0 2 -72085
17 -11 17 -10 -61959
5 3 6 3 -66407
-17 -20 -19 -21 -70233
23 21 21 24 -51119
13 14 13 18 -63345
9 10 9 11 -59981
-10 -10 -10 -11 -62739
1 -12 1 -16 -59451
14 -24 13 -19 -64771
4 -12 4 -7 -67743
-19 13 -17 12 -59395
8 -24 0 -24 -66137
21 -14 22 -14 -62347
-21 16 -22 19 -59121
4 -18 8 -16 -70511
-6 -10 -7 -11 -65077
-2 -10 -1 -9 -65087
-9 12 -8 16 -60165
7 -16 12 -15 -63593
6 -20 4 -17 -59407
-19 6 -23 8 -66655
-18 5 -18 7 -57623
-14 -13 -11 -17 -61163
16 -13 17 -11 -62195
0 -5 -3 -2 -74123
-24 -1 -21 -4 -64033
-23 -3 -24 1 -60115
5 20 4 22 -62371
-24 4 -21 2 -62453
-24 -3 -22 0 -66351
23 10 24 16 -58539
2 10 2 9 -54485
-21 22 -20 22 -56177
9 -2 10 1 -65323
-20 -11 -20 -14 -63321
3 5 -9 3 -85215
18 16 16 18 -71539
-22 16 20 18 -66775
-2 21 0 23 -52905
-8 -3 -7 -11 -91513
-16 0 -13 -1 -69213
-7 9 -9 11 -68509
-1 18 -2 15 -60953
0 -5 -1 -5 -66983
10 -22 9 -19 -63093
-23 -15 -24 -13 -56045
24 6 23 10 -62241
-19 -2 -19 0 -61549
1 -19 1 -17 -59965
-2 -18 -4 -22 -66019
-2 4 0 5 -63831
21 0 20 1 -69959
6 24 9 24 -57503
10 -5 11 -7 -63049
-12 -12 -14 -16 -67507
-20 6 -21 6 -65253
-22 15 -20 13 -65297
23 7 24 23 -60843
-22 -5 -21 -10 -67533
-4 -17 -2 -16 -64239
9 -24 3 -22 -64901
-14 21 -13 20 -51615
-18 -18 -21 -22 -71215
-12 -19 -8 -22 -74021
6 15 6 12 -62745
-19 24 -21 13 -73741
4 13 4 15 -60507
-17 -8 -15 -6 -67995
17 -10 15 -7 -66269
-4 -18 -5 -17 -71765
20 -6 20 -3 -61855
16 -20 18 -18 -67391
-15 -20 -15 -16 -58671
-18 23 -18 22 -41669
13 -15 13 -17 -64209
11 11 11 9 -58893
-22 -18 19 -24 -69707
-23 3 -21 0 -67039
7 3 7 5 -53061
-24 7 21 24 -67683
2 -1 2 -2 -63921
21 21 23 20 -57313
-9 -11 -9 -15 -62125
-8 6 -7 6 -68889
-14 -9 -14 -8 -63161
-2 1 -2 2 -63207
-19 24 -23 18 -55155
3 3 2 4 -68929
15 10 17 10 -64893
23 17 24 18 -41895
-22 10 -22 3 -63669
24 12 23 0 -71899
19 17 19 14 -59563
-10 -24 -13 -23 -56595
-1 -20 -3 -21 -60007
-7 -4 -5 -4 -66857
20 -23 17 -20 -64279
9 -10 8 -13 -63935
1 -19 3 -24 -58071
-1 -8 2 -7 -75055
-7 0 -7 -4 -65505
-2 -21 -1 -22 -57739
-24 -13 -24 -10 -52585
24 -8 20 -5 -66571
16 4 15 2 -68471
11 -20 13 -15 -70561
9 7 -9 -4 -82645
-3 -24 -5 -23 -49581
22 10 24 14 -56777
17 20 18 22 -60293
-23 -13 -24 -11 -59571
18 5 19 7 -73855
18 -4 17 -4 -57975
13 -11 10 -13 -63971
-20 -23 -24 -24 -27611
17 -19 16 -17 -64021
6 -24 12 -22 -66893
-4 -8 -5 -7 -70889
-14 7 8 -15 -86369
-13 11 -13 16 -63803
6 -4 6 0 -65041
5 23 7 22 -62865
-14 -2 -11 -1 -71655
16 -21 13 -19 -64375
-3 20 -3 18 -64371
-14 6 -13 4 -59821
-8 15 -7 12 -58105
7 24 6 17 -66527
-14 -22 -15 -24 -50899
17 6 17 9 -63651
-20 23 -18 22 -63521
0 -24 3 -24 -50139
-13 -21 -13 -24 -48639
-8 12 -8 9 -57343
-19 15 -20 15 -64203
4 -2 6 -3 -67949
20 7 18 7 -69925
9 -12 9 -13 -65505
-5 -24 -7 -19 -71263
22 7 20 10 -69211
-11 -1 -12 -3 -71281
15 -11 12 -11 -57965
21 -14 24 -15 -54999
-2 2 -1 0 -62913
-4 -16 -6 -13 -68957
-8 -14 -8 -17 -68455
22 -14 23 -17 -49697
-11 22 -3 22 -69681
0 -10 0 -9 -66421
17 -24 14 -20 -59629
-9 -1 -9 0 -64869
23 24 14 24 -60775
21 21 24 23 -33465
-23 -1 -22 0 -67069
-12 9 -11 11 -57673
-4 6 -2 8 -61883
12 5 11 9 -58887
-9 1 -9 2 -62733
-4 22 -1 22 -55565
15 -1 14 -1 -63111
24 -1 23 19 -68339
24 -9 23 -8 -48461
6 -6 8 -3 -63471
-6 -8 -8 -9 -65297
-13 -3 -13 0 -66687
18 -9 16 -9 -58909
22 -9 21 -19 -64181
-23 -13 -22 -5 -69821
2 -23 -3 -23 -54303
18 -13 18 -15 -63009
14 -14 17 -16 -64315
-6 -18 -6 -19 -72271
-24 -20 -24 -12 -55931
-4 14 -3 14 -55483
22 22 22 18 -51211
-4 8 -4 9 -51487
18 9 19 9 -70539
3 2 3 0 -57647
7 -15 7 -18 -69187
4 -21 2 -24 -58799
-10 -15 -9 -19 -69483
-15 2 -13 6 -59465
-15 10 -15 8 -59197
12 2 12 0 -62219
22 -12 17 -11 -68463
17 -4 18 -2 -66123
4 6 1 7 -71521
8 1 7 3 -56019
-14 4 -12 4 -62177
-11 16 -13 16 -62523
12 -6 12 -4 -55805
-16 -22 -18 -24 -66077
-2 23 -1 21 -57313
-8 -18 -10 -21 -64717
1 13 0 13 -60181
19 18 18 22 -72483
13 1 14 2 -75121
16 -5 16 -3 -59617
1 -20 3 -18 -70713
21 5 23 7 -65503
4 12 6 11 -61293
-23 -1 -24 -6 -59899
13 21 22 24 -65181
6 16 6 19 -66221
19 -15 16 -16 -63095
-11 16 -11 17 -54207
-13 24 -14 19 -63749
-20 15 -21 12 -68525
7 -15 7 -13 -64169
13 9 12 8 -62795
20 -10 23 -17 -68097
-24 24 -1 24 -54421
23 -6 22 -9 -63513
-13 -16 -16 -17 -59719
-8 15 -9 15 -70021
10 -19 8 -22 -72095
-9 -18 -6 -16 -65543
-12 24 -9 21 -50039
-10 0 -9 2 -68399
20 18 21 18 -62121
1 -2 2 -5 -69601
-11 9 -9 6 -67603
-22 -8 -21 -6 -66955
-8 -7 -9 -5 -78383
-8 -7 -8 -6 -81131
1 -14 -1 -13 -63557
9 19 12 17 -61619
-8 9 -5 10 -66231
-9 22 -7 23 -62009
-6 -5 -11 -2 -70743
-2 -5 -3 -5 -64907
-16 -12 -15 -9 -72485
-15 -7 -16 -6 -68361
6 -24 5 -21 -45567
-24 -19 -5 -1 -73449
-3 24 -3 20 -58919
-4 20 -5 19 -64471
17 -23 17 -17 -69179
4 6 1 5 -71995
-18 23 -16 22 -63779
9 5 10 6 -69573
-5 0 -3 1 -64295
9 -21 10 -22 -59105
10 5 7 4 -68813
4 -1 4 0 -61799
10 -24 4 -24 -64893
-14 -1 -12 -2 -66623
-24 -1 -21 -23 -71505
2 -11 6 -9 -74991
2 18 1 17 -60195
11 -8 12 -7 -54281
18 -20 15 -22 -60957
14 15 13 15 -65049
-16 -24 -14 -24 -52007
20 0 24 -3 -68515
-5 13 -3 11 -59697
-24 -10 -21 -10 -61681
8 2 11 2 -62977
-24 -8 -24 16 -65061
16 -23 21 -22 -58229
6 -16 6 -17 -66535
20 -18 24 -24 -60273
21 -3 23 -3 -60839
1 -8 1 -11 -70051
3 -5 4 -4 -73847
9 22 8 22 -60123
-18 -6 -15 -5 -73469
10 19 11 20 -62733
-17 10 -16 10 -52435
24 -24 19 -19 -65277
21 18 19 15 -63841
8 -20 7 -21 -72463
-8 -20 -3 -20 -62505
14 18 12 22 -71015
-10 17 -9 15 -64279
17 6 18 7 -73807
-17 12 -17 16 -67569
-12 -20 -11 -24 -59765
14 -20 13 -23 -67497
-9 15 -12 23 -66331
19 11 19 12 -55315
5 4 4 5 -68835
-7 17 -8 15 -59043
19 9 17 11 -62993
-2 -1 -1 1 -65887
23 6 21 7 -66775
1 9 0 12 -56387
17 21 14 20 -60505
-12 6 -10 6 -59387
-24 -23 -22 -18 -41015
-24 21 24 23 -57213
24 -5 23 -13 -66569
-22 12 -21 11 -58707
-6 -3 -5 -5 -75997
7 16 7 15 -62547
22 -24 -19 -23 -68469
3 -22 5 -21 -72173
-4 -15 0 -13 -67671
9 15 10 17 -68159
-6 5 -7 5 -69997
0 -5 0 -6 -64467
10 24 11 20 -67005
3 -1 2 -1 -63069
23 -23 3 -16 -65563
-3 -21 -4 -19 -71305
13 20 12 20 -56415
-18 23 -15 24 -51869
-8 22 -5 18 -68577
-13 -23 -14 -23 -54089
24 10 -21 4 -69089
-4 15 -12 18 -82381
20 -22 20 -18 -54263
-20 24 -15 23 -65157
-5 -16 -5 -17 -70459
20 3 24 4 -65415
-17 -12 -14 -14 -64455
-24 17 -19 15 -62329
20 0 24 -24 -65939
12 4 12 8 -59857
-14 -21 -15 -19 -54737
18 22 18 19 -67689
-22 -12 -24 -22 -61787
-20 -6 -18 -11 -73985
16 14 17 13 -62015
10 -2 13 0 -67157
-24 10 -19 13 -67749
4 -13 1 -17 -70509
-19 0 -18 1 -72169
-17 0 -16 1 -70349
15 -1 12 0 -66687
