24 -4 24 1 -50044
6 8 6 10 -65772
0 14 0 15 -59156
23 -1 23 0 -52492
24 4 24 -11 -61468
-12 20 -10 21 -62104
-15 -11 -15 -13 -64464
15 -8 15 -10 -65362
-23 -6 -23 -4 -54652
-13 22 -14 19 -69876
24 0 20 -2 -55908
23 4 22 9 -68134
21 18 22 14 -57318
24 -6 24 -5 -45196
-16 -10 -17 -10 -63592
17 -21 23 -19 -70938
-5 -13 -7 -9 -65282
-20 -3 -19 -8 -66322
14 -15 13 -13 -66806
-23 -7 -20 -7 -73042
20 7 21 11 -64134
-12 10 -8 9 -69264
-20 3 10 -22 -85862
1 23 5 22 -62916
-24 1 -23 1 -44704
-24 14 -21 20 -70622
-5 -9 -5 -7 -58774
-23 13 -21 18 -69370
-23 14 -22 8 -52026
3 13 19 21 -84158
1 -12 2 -12 -61466
13 24 15 23 -56620
-19 -10 -22 -12 -71878
-15 9 -14 7 -63148
-18 23 -19 21 -51406
14 -24 16 -19 -65420
22 20 19 24 -61888
-24 -5 -24 24 -64492
5 24 17 23 -72800
0 20 -4 21 -63588
9 -24 15 -20 -62050
-17 24 -11 24 -48780
-1 4 -1 3 -62028
-19 12 -24 -24 -74872
14 4 15 4 -63550
-5 20 -8 21 -63466
-22 -13 -23 -13 -57646
22 7 22 3 -65744
13 -9 11 -8 -61086
23 1 22 4 -63776
0 22 24 22 -68434
-4 24 3 23 -53296
5 -17 2 -15 -60552
-10 -6 -10 -8 -63052
-3 9 -4 2 -67144
9 -11 10 -12 -59858
7 17 8 19 -71414
-24 -3 -24 7 -62086
-24 -15 -21 -17 -49978
-11 -19 -14 -22 -60198
10 14 9 12 -68970
8 12 7 10 -78856
13 19 13 22 -63890
18 4 20 1 -63816
-3 -15 -3 -16 -60136
-15 -23 -21 -19 -73812
1 -24 -1 -19 -61130
-24 6 -22 9 -46892
0 5 0 4 -58590
0 16 -1 19 -61200
19 -4 20 -5 -63170
-11 -4 -12 -6 -67622
-20 -17 -20 -18 -56298
0 19 0 20 -67802
-22 -5 -21 -5 -69486
12 -15 12 -13 -67416
-11 -23 -9 -23 -57854
22 -22 21 -22 -51954
-20 -1 -21 0 -72078
-24 10 -20 14 -60528
-19 -23 -20 -15 -67358
2 10 1 9 -63182
-13 23 -13 24 -36708
-8 -16 -10 -24 -68018
-22 -22 -19 -23 -51864
-23 3 -24 0 -56008
11 8 10 8 -65358
-9 24 -11 19 -65634
10 -9 8 -9 -56462
15 16 15 14 -59196
-4 15 -6 -18 -74856
-6 9 -1 9 -60854
-17 16 -14 16 -61884
13 -22 14 -22 -48512
22 -5 -1 -1 -67872
19 -21 23 -23 -63364
-9 -10 -13 -10 -62212
-3 -11 -4 -13 -58010
0 -5 2 -3 -57774
9 24 10 22 -56480
-5 -23 -8 -22 -63524
18 -7 14 -10 -72002
-14 -11 -15 -9 -68078
19 -8 23 -5 -68358
-8 -3 -11 -3 -65732
-4 -3 -4 -4 -64586
-19 2 -15 1 -67794
-19 -24 -16 -23 -58450
-9 7 -9 5 -49064
6 -7 7 -10 -70652
-14 15 -16 13 -62364
-7 20 -5 24 -62344
5 -12 3 -11 -62630
-24 -19 -23 1 -70092
-9 -23 -8 -23 -57068
13 -2 13 -1 -71210
24 -13 17 -17 -70274
-15 11 -16 8 -64650
22 6 24 6 -51744
13 12 14 12 -70074
-21 0 -16 1 -65962
-21 -22 -21 -18 -56918
3 13 2 13 -60798
4 17 6 16 -67134
-5 3 -5 1 -61178
-24 16 -24 21 -56112
3 -7 -24 -11 -72178
15 19 17 18 -65346
-13 21 -13 17 -66522
-19 -19 -21 -18 -63782
8 -10 9 -4 -81398
-1 21 6 24 -61730
3 23 3 24 -37906
21 -13 21 -10 -63510
-21 4 -21 7 -57872
16 0 17 1 -68184
-3 -20 -5 -23 -63380
-9 -24 20 -24 -62254
24 11 22 15 -50556
-13 16 -14 16 -64096
16 13 24 14 -66224
-13 -3 -13 -5 -60748
21 -9 20 -8 -69788
-7 -16 -8 -16 -60080
9 9 8 10 -64370
-19 20 -23 21 -60932
23 0 24 6 -60284
-17 -14 -12 -13 -72396
8 -20 -24 -23 -63998
5 -7 5 -6 -75914
-9 -15 -11 -15 -58604
14 -19 13 6 -82738
-16 -13 -16 -16 -60932
-22 22 -23 15 -70432
0 -9 -2 -7 -63680
0 5 2 5 -55786
22 -12 23 -11 -53392
0 21 0 23 -62558
16 12 17 13 -58222
10 -3 9 -1 -75118
-19 -11 -17 -10 -67970
0 20 5 20 -67860
21 23 19 23 -55966
7 21 9 23 -68866
-8 0 -11 -1 -64490
12 -21 9 -21 -59734
23 -24 24 15 -64380
13 24 10 20 -63678
17 -19 18 -15 -65876
-2 11 0 12 -62524
23 13 22 13 -48472
-22 -15 -19 -13 -66946
-24 6 -24 22 -60614
-16 3 -16 1 -58896
18 0 18 1 -58866
6 -4 3 -6 -64356
11 22 11 21 -65152
4 15 8 16 -69598
23 -8 23 -10 -62436
-17 -23 -10 -23 -73108
-7 20 -12 20 -67328
-3 1 0 2 -61262
17 -11 17 -10 -64936
5 3 6 3 -59854
-12 -14 -11 -18 -69316
23 21 21 24 -50344
13 14 13 18 -62322
9 10 9 11 -70920
-10 -10 -10 -11 -57272
1 -12 1 -16 -57078
14 -24 13 -19 -60448
4 -12 4 -7 -64980
-19 13 -17 12 -63078
8 -24 0 -24 -64414
21 -14 22 -14 -63386
-21 16 -22 19 -59738
4 -18 8 -16 -64190
-6 -10 -7 -11 -63216
-2 -10 -1 -9 -56220
-9 12 -8 16 -58574
7 -16 12 -15 -59422
6 -20 4 -17 -56190
-19 6 -23 8 -64924
-18 5 -18 7 -57278
-14 -13 -11 -17 -71078
16 -13 17 -11 -67762
0 -5 -3 -2 -69986
-24 -1 -21 -4 -63352
-23 -3 -24 1 -60814
5 20 4 22 -66576
-24 4 -21 2 -60442
-24 -3 -22 0 -68178
23 10 24 16 -57970
2 10 2 9 -59154
-21 22 -20 22 -56714
9 -2 10 1 -72298
-20 -11 -20 -14 -58848
3 -11 0 -9 -66936
18 16 16 18 -69470
-22 16 20 18 -71722
-2 21 0 23 -55356
-1 -22 -5 -22 -65792
-16 0 -13 -1 -66416
6 -5 6 -9 -82578
-1 18 -2 15 -68814
0 -5 -1 -5 -57340
10 -22 9 -19 -59952
-23 -15 -24 -13 -54384
24 6 23 10 -58308
-19 -2 -19 0 -67428
1 -19 1 -17 -55298
-2 -18 -4 -22 -70958
-2 4 0 5 -60328
21 0 20 1 -68778
6 24 9 24 -67212
10 -5 11 -7 -71746
-12 -12 -14 -16 -68054
-17 6 -21 -17 -83768
-22 15 -20 13 -64026
23 7 24 23 -60950
-22 -5 -21 -10 -66356
0 16 -2 14 -70240
9 -24 3 -22 -63896
-14 21 -13 20 -56046
-18 -18 -21 -22 -62684
21 21 21 20 -60248
6 15 6 12 -71836
-19 24 -21 13 -75750
4 13 4 15 -69186
-17 -8 -15 -6 -60166
17 -10 15 -7 -67006
-4 -18 -5 -17 -61862
-11 -9 -13 -5 -71496
16 -20 18 -18 -71664
-15 -20 -15 -16 -61038
-18 23 -18 22 -43618
13 -15 13 -17 -60060
11 11 11 9 -65952
-22 -18 19 -24 -67944
-23 3 -21 0 -66984
7 3 7 5 -53622
-24 7 21 24 -70266
2 -1 2 -2 -63210
21 21 23 20 -56850
-9 -11 -9 -15 -63074
-8 6 -7 6 -60462
-14 -9 -14 -8 -60646
-2 1 -2 2 -65000
-19 24 -23 18 -57070
3 3 2 4 -63220
15 10 17 10 -63488
23 17 24 18 -42104
-22 10 -22 3 -59340
24 12 23 0 -68996
19 17 19 14 -60146
-10 -24 -13 -23 -58186
-1 -20 -3 -21 -65606
17 -18 19 -18 -72902
20 -23 17 -20 -63552
9 -10 8 -13 -63968
1 -19 3 -24 -57948
4 13 3 9 -75776
-7 0 -7 -4 -65616
-2 -21 -1 -22 -58888
-24 -13 -24 -10 -49996
24 -8 20 -5 -66146
16 4 15 2 -62908
11 -20 13 12 -83722
17 23 11 24 -63032
-3 -24 -5 -23 -55692
22 10 24 14 -57074
17 20 18 22 -58828
-23 -13 -24 -11 -56974
11 1 11 -3 -79824
18 -4 17 -4 -60704
13 -11 10 -13 -63340
-20 -23 -24 -24 -29348
17 -19 16 -17 -62568
6 -24 12 -22 -64716
-4 -8 -5 -7 -61622
20 11 21 8 -62408
-13 11 -13 16 -66160
6 -4 6 0 -71414
5 23 7 22 -69434
-21 6 -17 6 -67588
16 -21 13 -19 -62542
-3 20 -3 18 -65522
-14 6 -13 4 -61652
-8 15 -7 12 -57880
7 24 6 17 -69936
-14 -22 -15 -24 -45022
17 6 17 9 -59464
-20 23 -18 22 -63826
0 -24 3 -24 -50668
-13 -21 -13 -24 -42492
-8 12 -8 9 -54452
-19 15 -20 15 -64240
4 -2 6 -3 -65490
10 -3 9 -2 -69910
9 -12 9 -13 -64022
16 -16 15 -21 -70080
-5 -5 -16 -8 -76568
-11 -1 -12 -3 -68126
15 -11 12 -11 -58836
21 -14 24 -15 -55412
-2 2 -1 0 -59408
13 -4 12 -8 -76296
-8 -14 -8 -17 -66246
22 -14 23 -17 -48896
-11 22 -3 22 -67988
0 -10 0 -9 -52664
17 -24 14 -20 -56760
-9 -1 -9 0 -61562
23 24 14 24 -60876
21 21 24 23 -35022
-23 -1 -22 0 -67316
-12 9 -11 11 -58530
-4 6 -2 8 -61206
12 5 11 9 -59690
-9 1 -9 2 -56382
-4 22 -1 22 -57922
15 -1 14 -1 -64590
-5 -15 -7 -12 -65070
24 -9 23 -8 -49370
6 -6 8 -3 -68276
-6 -8 -8 -9 -63524
-13 -3 -13 0 -65098
18 -9 16 -9 -65148
22 -9 21 -19 -64636
-23 -13 -22 -5 -68106
2 -23 -3 -23 -58948
18 -13 18 -15 -62114
14 -14 17 -16 -65026
-6 -18 -6 -19 -64046
-24 -20 -24 -12 -53308
-4 14 -3 14 -56658
22 22 22 18 -57876
-4 8 -4 9 -52560
18 9 19 9 -58744
3 2 3 0 -59646
-16 -2 -18 2 -73996
4 -21 2 -24 -54918
8 12 14 11 -78410
-15 2 -13 6 -56530
-15 10 -15 8 -62574
12 2 12 0 -64276
22 -12 17 -11 -71058
17 -4 18 -2 -67568
-17 10 -17 13 -61694
8 1 7 3 -58622
-14 4 -12 4 -64510
-11 16 -13 16 -65112
12 -6 12 -4 -71550
-16 -22 -18 -24 -54024
-2 23 -1 21 -61392
-8 -18 -10 -21 -67170
1 13 0 13 -61468
18 -4 17 -7 -69074
13 1 14 2 -73080
16 -5 16 -3 -63096
1 -20 3 -18 -63948
21 5 23 7 -62810
4 12 6 11 -58128
-23 -1 -24 -6 -62586
13 21 22 24 -64062
6 16 6 19 -66062
19 -15 16 -16 -72048
-11 16 -11 17 -60808
-13 24 -14 19 -69404
-20 15 -21 12 -63990
7 -15 7 -13 -59004
13 9 12 8 -65530
20 -10 23 -17 -67352
-24 24 -1 24 -55102
23 -6 22 -9 -64580
-13 -16 -16 -17 -67394
-8 15 -9 15 -60160
10 -19 8 -22 -67660
-9 -18 -6 -16 -67156
-12 24 -9 21 -52168
-10 0 -9 2 -62868
20 18 21 18 -61902
1 -2 2 -5 -68700
-11 9 -9 6 -66218
-22 -8 -21 -6 -67434
9 16 10 16 -68300
-8 -3 -8 -6 -67482
1 -14 -1 -13 -59340
9 19 12 17 -67584
-9 -20 -6 -23 -62788
-9 22 -7 23 -59914
-6 -5 -11 -2 -66440
-2 -5 -3 -5 -55990
-16 -12 -15 -9 -67218
-15 -7 -16 -6 -65414
6 -24 5 -21 -43966
9 -5 -17 -13 -80904
-3 24 -3 20 -61950
-4 20 -5 19 -66348
-16 15 -15 12 -64758
4 6 1 5 -62832
-18 23 -16 22 -63910
9 5 10 6 -65992
-5 0 -3 1 -54248
9 -21 10 -22 -58356
10 5 7 4 -66450
4 -1 4 0 -63988
10 -24 4 -24 -62482
-14 -1 -12 -2 -64438
4 10 7 13 -78712
2 -11 6 -9 -60944
2 18 1 17 -63596
11 -8 12 -7 -66358
18 -20 15 -22 -63054
14 15 13 15 -70900
-16 -24 -14 -24 -60944
20 0 24 -3 -67222
-5 13 -3 11 -58508
-24 -10 -21 -10 -62742
8 2 11 2 -63816
-24 -8 -24 16 -67288
16 -23 21 -22 -62552
6 -16 6 -17 -53138
20 -18 24 -24 -57328
21 -3 23 -3 -59426
-1 -24 0 -22 -43736
4 23 8 24 -66260
9 22 8 22 -69148
-5 -23 -7 -24 -49814
10 19 11 20 -69180
-17 10 -16 10 -57006
24 -24 19 -19 -62948
21 18 19 15 -63272
8 -20 7 -21 -66924
-16 18 -16 15 -59442
-22 -16 -18 -16 -68304
-10 17 -9 15 -66100
17 6 18 7 -62722
-13 17 7 -6 -88784
-12 -20 -11 -24 -50956
14 -20 13 -23 -63184
-9 15 -12 23 -74614
19 11 19 12 -56990
5 4 4 5 -64124
-7 17 -8 15 -60034
19 9 17 11 -64434
-2 -1 -1 1 -62412
23 6 21 7 -60642
1 9 0 12 -60302
-19 -21 -17 -22 -64846
-12 6 -10 6 -64970
-24 -23 -22 -18 -40594
-24 21 24 23 -59026
24 -5 23 -13 -67730
-22 12 -21 11 -59402
-6 -3 -5 -5 -65172
7 16 7 15 -64022
22 -24 -19 -23 -63122
3 -22 5 -21 -63684
-4 -15 0 -13 -61100
9 15 10 17 -72704
-6 5 -7 5 -60038
0 -5 0 -6 -61380
10 24 11 20 -66998
3 -1 2 -1 -58810
-7 12 23 9 -75182
-3 -21 -4 -19 -63438
13 20 12 20 -63264
-18 23 -15 24 -53450
-8 22 -5 18 -67712
-13 -23 -14 -23 -64970
24 10 -21 4 -71530
-23 9 -20 10 -59584
20 -22 20 -18 -47348
-20 24 -15 23 -65056
-5 -16 -5 -17 -64414
20 3 24 4 -61388
-17 -12 -14 -14 -67134
-24 17 -19 15 -62476
20 0 24 -24 -66272
12 4 12 8 -57612
-14 -21 -15 -19 -59520
18 22 18 19 -62564
-22 -12 -24 -22 -59690
-20 -6 -18 -11 -70644
16 14 17 13 -63684
10 -2 13 0 -69304
-5 11 -19 13 -78886
4 -13 1 -17 -65800
-19 0 -18 1 -66374
-17 0 -16 1 -65584
15 -1 12 0 -66432
