24 -4 24 1 -51019
6 8 6 10 -62391
0 14 0 15 -58165
23 -1 23 0 -53809
24 4 24 -11 -60703
-12 20 -10 21 -63431
-15 -11 -15 -13 -66123
15 -8 15 -10 -61869
-23 -6 -23 -4 -54497
-13 22 -14 19 -69087
24 0 20 -2 -58003
23 4 22 9 -68141
21 18 22 14 -55617
24 -6 24 -5 -44633
-16 -10 -17 -10 -66527
17 -21 23 -19 -63787
-5 -13 -7 -9 -73119
-20 -3 -19 -8 -69523
14 -15 13 -13 -65289
-23 -7 -20 -7 -74129
20 7 21 11 -65149
-12 10 -8 9 -70985
-8 -11 -8 -7 -72923
1 23 5 22 -63097
-24 1 -23 1 -45291
-24 14 -21 20 -70905
-5 -9 -5 -7 -66101
-23 13 -21 18 -69443
-23 14 -22 8 -51467
-2 21 -1 21 -59343
1 -12 2 -12 -64803
13 24 15 23 -55579
-19 -10 -22 -12 -71641
-15 9 -14 7 -62563
-18 23 -19 21 -51579
14 -24 16 -19 -65959
22 20 19 24 -61019
-24 -5 -24 24 -65279
5 24 17 23 -70743
0 -24 -4 -21 -73449
9 -24 15 -20 -63591
-17 24 -11 24 -48855
-1 4 -1 3 -61165
-19 12 -24 -24 -70541
14 4 15 4 -65027
-5 20 -8 21 -64077
-22 -13 -23 -13 -57247
22 7 22 3 -64827
13 -9 11 -8 -60973
23 1 22 4 -63581
0 22 24 22 -68699
-4 24 3 23 -53485
5 -17 2 -15 -62505
-10 -6 -10 -8 -68369
-3 9 -4 2 -66465
9 -11 10 -12 -59681
7 17 8 19 -63511
-24 -3 -24 7 -61611
-24 -15 -21 -17 -50541
-11 -19 -14 -22 -62785
10 14 9 12 -58345
-1 20 -22 -14 -81963
13 19 13 22 -61919
18 4 20 1 -62499
-3 -15 -3 -16 -60561
-15 -23 -21 -19 -73785
1 -24 -1 -19 -67181
-24 6 -22 9 -46765
0 5 0 4 -58731
0 16 -1 19 -60273
19 -4 20 -5 -62923
-11 -4 -12 -6 -68423
-20 -17 -20 -18 -57199
0 19 0 20 -66467
-22 -5 -21 -5 -69977
12 -15 12 -13 -64453
-11 -23 -9 -23 -59857
22 -22 21 -22 -49409
-20 -1 -21 0 -71325
-24 10 -20 14 -60529
-19 -23 -20 -15 -68223
2 10 1 9 -62829
-13 23 -13 24 -36391
-8 -16 -10 -24 -69583
-22 -22 -19 -23 -51405
-23 3 -24 0 -55193
11 8 10 8 -61855
-9 24 -11 19 -64631
10 -9 8 -9 -58773
15 16 15 14 -55895
-8 15 -13 5 -84403
-6 9 -1 9 -59911
-17 16 -14 16 -60849
13 -22 14 -22 -48341
22 -5 -1 -1 -71509
19 -21 23 -23 -61357
-9 -10 -13 -10 -63039
-3 -11 -4 -13 -61637
0 -5 2 -3 -58693
9 24 10 22 -56117
-5 -23 -8 -22 -66199
18 -7 14 -10 -70203
-14 -11 -15 -9 -70711
19 -8 23 -5 -69151
-8 -3 -11 -3 -69537
-4 -3 -4 -4 -64037
-19 2 -15 1 -69723
-19 -24 -16 -23 -59209
-9 7 -9 5 -49437
6 -7 7 -10 -60659
-14 15 -16 13 -63307
-7 20 -5 24 -62661
5 -12 3 -11 -65401
-24 -19 -23 1 -68323
-9 -23 -8 -23 -59403
13 -2 13 -1 -61037
24 -13 17 -17 -67293
-15 11 -16 8 -66027
22 6 24 6 -51499
13 12 14 12 -64661
-21 0 -16 1 -68207
-21 -22 -21 -18 -57661
3 13 2 13 -59809
4 17 6 16 -66437
-5 3 -5 1 -60113
-24 16 -24 21 -55491
3 -7 -24 -11 -72171
15 19 17 18 -63615
-13 21 -13 17 -63037
-19 -19 -21 -18 -63879
-9 2 -4 3 -75029
-1 21 6 24 -62323
3 23 3 24 -38127
21 -13 21 -10 -63159
-21 4 -21 7 -57431
16 0 17 1 -77361
-3 -20 -5 -23 -65865
-9 -24 20 -24 -64421
24 11 22 15 -49893
-13 16 -14 16 -63807
16 13 24 14 -64323
-13 -3 -13 -5 -63409
21 -9 20 -8 -69667
-7 -16 -8 -16 -62209
9 9 8 10 -64375
-19 20 -23 21 -60683
23 0 24 6 -59861
-17 -14 -12 -13 -74329
8 -20 -24 -23 -64779
5 -7 5 -6 -64375
-9 -15 -11 -15 -60159
6 -6 7 -3 -73809
-16 -13 -16 -16 -61473
-22 22 -23 15 -70291
0 -9 -2 -7 -67485
0 5 2 5 -55771
22 -12 23 -11 -53193
0 21 0 23 -62147
16 12 17 13 -56257
10 -3 9 -1 -71031
-19 -11 -17 -10 -69635
0 20 5 20 -67395
21 23 19 23 -54973
7 21 9 23 -66421
-8 0 -11 -1 -68671
12 -21 9 -21 -61131
23 -24 24 15 -60697
13 24 10 20 -60281
17 -19 18 -15 -64495
-2 11 0 12 -60995
23 13 22 13 -46977
-22 -15 -19 -13 -67561
-24 6 -24 22 -60641
-16 3 -16 1 -57319
18 0 18 1 -61189
6 -4 3 -6 -66213
11 22 11 21 -63993
4 15 8 16 -62625
23 -8 23 -10 -62027
-17 -23 -10 -23 -74437
-7 20 -12 20 -72121
-3 1 0 2 -62823
17 -11 17 -10 -63365
5 3 6 3 -63215
-12 -14 -11 -18 -70481
23 21 21 24 -50279
13 14 13 18 -57657
9 10 9 11 -61081
-10 -10 -10 -11 -65601
1 -12 1 -16 -58209
14 -24 13 -19 -60447
4 -12 4 -7 -60601
-19 13 -17 12 -63061
8 -24 0 -24 -64043
21 -14 22 -14 -61977
-21 16 -22 19 -59535
4 -18 8 -16 -66845
-6 -10 -7 -11 -66825
-2 -10 -1 -9 -58525
-9 12 -8 16 -62033
7 -16 12 -15 -62407
6 -20 4 -17 -57355
-19 6 -23 8 -65929
-18 5 -18 7 -57359
-14 -13 -11 -17 -72257
16 -13 17 -11 -65403
16 8 -3 10 -79461
-24 -1 -21 -4 -62607
-23 -3 -24 1 -60765
5 20 4 22 -65553
-24 4 -21 2 -61955
-24 -3 -22 0 -68179
23 10 24 16 -57433
2 10 2 9 -58529
-21 22 -20 22 -56709
9 -2 10 1 -62667
-20 -11 -20 -14 -58283
3 -11 0 -9 -69737
18 16 16 18 -68271
-22 16 20 18 -68509
-2 21 0 23 -58337
-1 -22 -5 -22 -72881
-16 0 -13 -1 -69323
2 -11 7 -9 -76501
-1 18 -2 15 -67771
0 -5 -1 -5 -56733
10 -22 9 -19 -60053
-23 -15 -24 -13 -53819
24 6 23 10 -58489
-19 -2 -19 0 -65259
1 -19 1 -17 -58301
-2 -18 -4 -22 -73615
-2 4 0 5 -59453
21 0 20 1 -68669
6 24 9 24 -66791
10 -5 11 -7 -66455
-12 -12 -14 -16 -69387
19 -14 -18 0 -81583
-22 15 -20 13 -63515
23 7 24 23 -60807
-22 -5 -21 -10 -68325
0 16 -2 14 -68329
9 -24 3 -22 -63713
-14 21 -13 20 -56905
-18 -18 -21 -22 -62709
21 21 21 20 -59861
6 15 6 12 -66947
-19 24 -21 13 -74847
4 13 4 15 -65979
-17 -8 -15 -6 -61327
17 -10 15 -7 -66709
-4 -18 -5 -17 -66453
-11 -9 -13 -5 -76035
16 -20 18 -18 -66943
-15 -20 -15 -16 -61229
-18 23 -18 22 -43617
13 -15 13 -17 -58167
11 11 11 9 -59701
-22 -18 19 -24 -69451
-23 3 -21 0 -68185
7 3 7 5 -56663
-24 7 21 24 -68313
2 -1 2 -2 -62629
21 21 23 20 -55681
-9 -11 -9 -15 -67303
-8 6 -7 6 -68483
-14 -9 -14 -8 -63729
-2 1 -2 2 -63721
-19 24 -23 18 -56571
3 3 2 4 -63617
15 10 17 10 -62481
23 17 24 18 -41747
-22 10 -22 3 -58793
24 12 23 0 -68477
19 17 19 14 -58363
-10 -24 -13 -23 -59137
-1 -20 -3 -21 -69487
17 -1 19 1 -73981
20 -23 17 -20 -60983
9 -10 8 -13 -62107
1 -19 3 -24 -61819
4 13 3 9 -67663
-7 0 -7 -4 -65783
-2 -21 -1 -22 -70971
-24 -13 -24 -10 -48935
24 -8 20 -5 -65999
16 4 15 2 -65569
-18 -23 2 -13 -76815
17 23 11 24 -60537
-3 -24 -5 -23 -64099
22 10 24 14 -57473
17 20 18 22 -57439
-23 -13 -24 -11 -57071
-6 -10 2 -13 -76869
18 -4 17 -4 -63319
13 -11 10 -13 -63005
-20 -23 -24 -24 -29155
17 -19 16 -17 -62193
6 -24 12 -22 -65849
-4 -8 -5 -7 -65803
20 11 21 8 -63509
-13 11 -13 16 -68015
6 -4 6 0 -69333
5 23 7 22 -69633
-21 6 -17 6 -68027
16 -21 13 -19 -60837
-3 20 -3 18 -63531
-14 6 -13 4 -60887
-8 15 -7 12 -56989
7 24 6 17 -67779
-14 -22 -15 -24 -45769
17 6 17 9 -59779
-20 23 -18 22 -63331
0 -24 3 -24 -51553
-13 -21 -13 -24 -42611
-8 12 -8 9 -57217
-19 15 -20 15 -63973
4 -2 6 -3 -67833
10 -3 9 -2 -68937
9 -12 9 -13 -61435
16 -16 15 -21 -69889
-5 -5 -16 -8 -77557
-11 -1 -12 -3 -67735
15 -11 12 -11 -58777
21 -14 24 -15 -54781
-2 2 -1 0 -58793
13 -4 12 -8 -71023
-8 -14 -8 -17 -67887
22 -14 23 -17 -49055
-11 22 -3 22 -70475
0 -10 0 -9 -54557
17 -24 14 -20 -54943
-9 -1 -9 0 -62131
23 24 14 24 -59957
21 21 24 23 -34761
-23 -1 -22 0 -66877
-12 9 -11 11 -66993
-4 6 -2 8 -61767
12 5 11 9 -63715
-9 1 -9 2 -56053
-4 22 -1 22 -57893
15 -1 14 -1 -65495
-5 -15 -7 -12 -70397
24 -9 23 -8 -49357
6 -6 8 -3 -72625
-6 -8 -8 -9 -66429
-13 -3 -13 0 -66539
18 -9 16 -9 -64399
22 -9 21 -19 -64995
-23 -13 -22 -5 -68689
2 -23 -3 -23 -63989
18 -13 18 -15 -61979
14 -14 17 -16 -63611
-6 -18 -6 -19 -66245
-24 -20 -24 -12 -54085
-4 14 -3 14 -54563
22 22 22 18 -57693
-4 8 -4 9 -53203
18 9 19 9 -58593
3 2 3 0 -57029
-16 -2 -18 2 -73807
4 -21 2 -24 -55683
-11 22 -9 20 -67413
-15 2 -13 6 -57509
-15 10 -15 8 -63885
12 2 12 0 -56631
22 -12 17 -11 -69125
17 -4 18 -2 -69497
-17 10 -17 13 -62223
8 1 7 3 -58923
-14 4 -12 4 -63821
-11 16 -13 16 -66061
12 -6 12 -4 -66901
-16 -22 -18 -24 -54551
-2 23 -1 21 -59289
-8 -18 -10 -21 -69275
1 13 0 13 -59823
18 -4 17 -7 -68103
13 1 14 2 -73979
16 -5 16 -3 -61217
1 -20 3 -18 -65169
21 5 23 7 -62399
4 12 6 11 -58367
-23 -1 -24 -6 -61441
13 21 22 24 -62155
6 16 6 19 -62451
19 -15 16 -16 -63757
-11 16 -11 17 -57373
-13 24 -14 19 -68609
-20 15 -21 12 -63677
7 -15 7 -13 -57961
13 9 12 8 -59679
20 -10 23 -17 -66859
-24 24 -1 24 -57891
23 -6 22 -9 -64483
-13 -16 -16 -17 -68441
-8 15 -9 15 -64803
10 -19 8 -22 -68181
-9 -18 -6 -16 -69625
-12 24 -9 21 -58837
-10 0 -9 2 -64701
20 18 21 18 -60277
1 -2 2 -5 -68203
-11 9 -9 6 -65861
-22 -8 -21 -6 -67839
9 16 10 16 -61831
-8 -3 -8 -6 -68315
1 -14 -1 -13 -64339
9 19 12 17 -66137
-9 -20 -6 -23 -65073
-9 22 -7 23 -60819
-6 -5 -11 -2 -72113
-2 -5 -3 -5 -57569
-16 -12 -15 -9 -69295
-15 -7 -16 -6 -71741
6 -24 5 -21 -44745
-16 -5 -17 -4 -70947
-3 24 -3 20 -61501
-4 20 -5 19 -66887
-16 15 -15 12 -64665
4 6 1 5 -63611
-18 23 -16 22 -63621
9 5 10 6 -71251
-5 0 -3 1 -62077
9 -21 10 -22 -58429
10 5 7 4 -71427
4 -1 4 0 -61427
10 -24 4 -24 -62981
-14 -1 -12 -2 -67299
2 -21 -1 0 -75591
2 -11 6 -9 -74785
2 18 1 17 -62081
11 -8 12 -7 -62935
18 -20 15 -22 -59399
14 15 13 15 -66013
-16 -24 -14 -24 -62471
20 0 24 -3 -66737
-5 13 -3 11 -57299
-24 -10 -21 -10 -63241
8 2 11 2 -67527
-24 -8 -24 16 -66145
16 -23 21 -22 -56285
6 -16 6 -17 -52149
20 -18 24 -24 -58185
21 -3 23 -3 -60325
-1 -24 0 -22 -45257
4 23 8 24 -65169
9 22 8 22 -67527
-5 -23 -7 -24 -52235
10 19 11 20 -63397
-17 10 -16 10 -55521
24 -24 19 -19 -62897
21 18 19 15 -61175
8 -20 7 -21 -67765
-16 18 -16 15 -59345
-22 -16 -18 -16 -67687
-10 17 -9 15 -61267
17 6 18 7 -63501
9 7 7 4 -70199
-12 -20 -11 -24 -51107
14 -20 13 -23 -63751
8 7 10 5 -69001
19 11 19 12 -57291
5 4 4 5 -65679
-7 17 -8 15 -60399
19 9 17 11 -64173
-2 -1 -1 1 -63381
23 6 21 7 -60051
1 9 0 12 -58713
-19 -21 -17 -22 -64713
-12 6 -10 6 -66193
-24 -23 -22 -18 -40789
-24 21 24 23 -58055
24 -5 23 -13 -66977
-22 12 -21 11 -58849
-6 -3 -5 -5 -64737
7 16 7 15 -59117
22 -24 -19 -23 -65729
3 -22 5 -21 -63369
-4 -15 0 -13 -66725
0 22 22 5 -84153
-6 5 -7 5 -69943
0 -5 0 -6 -62455
10 24 11 20 -66115
3 -1 2 -1 -59795
-7 12 -11 11 -71931
-3 -21 -4 -19 -67679
13 20 12 20 -59469
-18 23 -15 24 -52843
-8 22 -5 18 -65469
-13 -23 -14 -23 -65927
24 10 -21 4 -70407
-23 9 -20 10 -59125
20 -22 20 -18 -48211
-20 24 -15 23 -65145
-5 -16 -5 -17 -65575
20 3 24 4 -61353
-17 -12 -14 -14 -68277
-24 17 -19 15 -61569
20 0 24 -24 -63827
12 4 12 8 -60335
-14 -21 -15 -19 -59121
18 22 18 19 -62247
-22 -12 -24 -22 -60209
-20 -6 -18 -11 -72853
16 14 17 13 -62565
10 -2 13 0 -67367
-6 -18 -13 -3 -90351
4 -13 1 -17 -66143
-19 0 -18 1 -66437
-17 0 -16 1 -66899
15 -1 12 0 -65507
