24 -4 24 1 -50174
6 8 6 10 -67396
0 14 0 15 -56714
23 -1 23 0 -52282
24 4 24 -11 -59914
-12 20 -10 21 -62688
-15 -11 -15 -13 -64946
15 -8 15 -10 -61888
-23 -6 -23 -4 -54742
-13 22 -14 19 -68074
24 0 20 -2 -58228
23 4 22 9 -70300
21 18 22 14 -55128
24 -6 24 -5 -45150
-16 -10 -17 -10 -69570
17 -21 23 -19 -64084
18 -19 2 -18 -77110
-20 -3 -19 -8 -68810
14 -15 13 -13 -67736
-23 -7 -20 -7 -74782
20 7 21 11 -65024
-12 10 -8 9 -70596
-8 -11 -8 -7 -74446
1 23 5 22 -62292
-24 1 -23 1 -44578
-24 14 -21 20 -66606
-5 -9 -5 -7 -69506
-23 13 -21 18 -66914
-23 14 -22 8 -51136
-2 21 -1 21 -60828
1 -12 2 -12 -66254
13 24 15 23 -54948
-19 -10 -22 -12 -74246
-15 9 -14 7 -61606
-18 23 -19 21 -49236
14 -24 16 -19 -67694
22 20 19 24 -61852
-24 -5 -24 24 -64544
5 24 17 23 -69940
0 -24 -4 -21 -74384
9 -24 15 -20 -67218
-17 24 -11 24 -48470
-1 4 -1 3 -77520
-19 12 -24 -24 -68836
14 4 15 4 -65334
-5 20 -8 21 -63304
-22 -13 -23 -13 -61712
22 7 22 3 -67126
13 -9 11 -8 -63670
23 1 22 4 -64168
0 22 24 22 -63792
-4 24 3 23 -54138
5 -17 2 -15 -61954
-10 -6 -10 -8 -72916
-3 9 -4 2 -73480
9 -11 10 -12 -60286
7 17 8 19 -64118
-24 -3 -24 7 -61300
-24 -15 -21 -17 -55440
-11 -19 -14 -22 -60610
10 14 9 12 -59428
-7 -7 -7 -5 -75042
13 19 13 22 -62754
18 4 20 1 -70076
-3 -15 -3 -16 -60506
-15 -23 -21 -19 -75296
1 -24 -1 -19 -68352
-24 6 -22 9 -46560
0 5 0 4 -71784
0 16 -1 19 -61268
19 -4 20 -5 -63676
-11 -4 -12 -6 -69040
-20 -17 -20 -18 -57170
0 19 0 20 -67704
-22 -5 -21 -5 -69860
12 -15 12 -13 -67114
-11 -23 -9 -23 -57416
22 -22 21 -22 -49738
-20 -1 -21 0 -71366
-24 10 -20 14 -60122
-19 -23 -20 -15 -68058
2 10 1 9 -64650
-13 23 -13 24 -36056
-8 -16 -10 -24 -68470
-22 -22 -19 -23 -52822
-23 3 -24 0 -54780
11 8 10 8 -58906
-9 24 -11 19 -63956
10 -9 8 -9 -56458
15 16 15 14 -54864
-8 0 -1 0 -72146
-6 9 -1 9 -74640
-17 16 -14 16 -60780
13 -22 14 -22 -51876
22 -5 -1 -1 -72860
19 -21 23 -23 -61564
-9 -10 -13 -10 -57556
-3 -11 -4 -13 -63962
0 -5 2 -3 -59054
9 24 10 22 -55150
-5 -23 -8 -22 -64882
18 -7 14 -10 -72312
-14 -11 -15 -9 -70740
19 -8 23 -5 -69132
-8 -3 -11 -3 -58406
-4 -3 -4 -4 -65026
-19 2 -15 1 -69230
-19 -24 -16 -23 -59296
-9 7 -9 5 -48042
6 -7 7 -10 -60870
-14 15 -16 13 -59566
-7 20 -5 24 -62158
5 -12 3 -11 -61688
-24 -19 -23 1 -66594
-9 -23 -8 -23 -56884
13 -2 13 -1 -60280
24 -13 17 -17 -67984
-15 11 -16 8 -63220
22 6 24 6 -51960
13 12 14 12 -64028
-21 0 -16 1 -67576
-21 -22 -21 -18 -56634
3 13 2 13 -58972
4 17 6 16 -64176
-5 3 -5 1 -68260
-24 16 -24 21 -51632
3 -7 -24 -11 -77730
15 19 17 18 -63128
-13 21 -13 17 -61734
-19 -19 -21 -18 -68718
4 -4 -1 -3 -75320
-1 21 6 24 -61456
3 23 3 24 -37558
21 -13 21 -10 -63326
-21 4 -21 7 -57738
0 0 1 3 -76710
-3 -20 -5 -23 -64288
-9 -24 20 -24 -65258
24 11 22 15 -49150
-13 16 -14 16 -62462
16 13 24 14 -65914
-13 -3 -13 -5 -62204
21 -9 20 -8 -70498
-7 -16 -8 -16 -58700
9 9 8 10 -63610
-19 20 -23 21 -61588
23 0 24 6 -60664
-17 -14 -12 -13 -73986
8 -20 -24 -23 -63282
5 -7 5 -6 -58622
-9 -15 -11 -15 -56968
-21 -6 7 -24 -79250
-16 -13 -16 -16 -60774
-22 22 -23 15 -62184
0 -9 -2 -7 -61728
0 5 2 5 -61338
22 -12 23 -11 -53448
0 21 0 23 -61974
16 12 17 13 -56260
10 -3 9 -1 -65278
-19 -11 -17 -10 -71386
0 20 5 20 -66438
21 23 19 23 -55494
7 21 9 23 -67516
-8 0 -11 -1 -61054
12 -21 9 -21 -65126
23 -24 24 15 -60662
13 24 10 20 -62458
17 -19 18 -15 -64894
-2 11 0 12 -69294
23 13 22 13 -47672
-22 -15 -19 -13 -70386
-24 6 -24 22 -59514
-16 3 -16 1 -56836
18 0 18 1 -59442
6 -4 3 -6 -62490
11 22 11 21 -64416
4 15 8 16 -61740
23 -8 23 -10 -62032
-17 -23 -10 -23 -72348
-7 20 -12 20 -71330
-3 1 0 2 -69996
17 -11 17 -10 -63636
5 3 6 3 -63478
-12 -14 -11 -18 -67978
23 21 21 24 -51144
13 14 13 18 -57710
9 10 9 11 -65140
-10 -10 -10 -11 -66046
1 -12 1 -16 -58058
14 -24 13 -19 -60866
4 -12 4 -7 -60018
-19 13 -17 12 -63760
8 -24 0 -24 -65676
21 -14 22 -14 -62710
-21 16 -22 19 -57216
4 -18 8 -16 -68290
-6 -10 -7 -11 -67114
-2 -10 -1 -9 -64344
-9 12 -8 16 -60048
7 -16 12 -15 -64288
6 -20 4 -17 -59016
-19 6 -23 8 -64644
-18 5 -18 7 -56866
-14 -13 -11 -17 -69666
16 -13 17 -11 -66252
1 9 -6 7 -88132
-24 -1 -21 -4 -62922
-23 -3 -24 1 -61206
5 20 4 22 -65298
-24 4 -21 2 -61000
-24 -3 -22 0 -67888
23 10 24 16 -56512
2 10 2 9 -59208
-21 22 -20 22 -56296
9 -2 10 1 -65062
-20 -11 -20 -14 -58446
3 -11 0 -9 -66920
18 16 16 18 -67338
-21 -10 -1 -6 -77396
-2 21 0 23 -58236
-1 -22 -5 -22 -71956
-16 0 -13 -1 -69160
-1 0 -3 7 -84336
-1 18 -2 15 -67842
0 -5 -1 -5 -61486
10 -22 9 -19 -61656
-23 -15 -24 -13 -55246
24 6 23 10 -59634
-19 -2 -19 0 -65276
1 -19 1 -17 -56876
-2 -18 -4 -22 -71788
-2 4 0 5 -74970
21 0 20 1 -71068
6 24 9 24 -66252
10 -5 11 -7 -65000
-12 -12 -14 -16 -68226
-3 7 0 8 -82830
-22 15 -20 13 -63824
23 7 24 23 -58960
-22 -5 -21 -10 -67548
0 16 -2 14 -69668
9 -24 3 -22 -65770
-14 21 -13 20 -56334
-18 -18 -21 -22 -63814
21 21 21 20 -59982
6 15 6 12 -67288
17 24 -21 13 -71282
4 13 4 15 -65576
-17 -8 -15 -6 -60424
17 -10 15 -7 -65392
-4 -18 -5 -17 -64244
-11 -9 -13 -5 -72392
16 -20 18 -18 -68014
-15 -20 -15 -16 -60402
-18 23 -18 22 -41552
13 -15 13 -17 -63296
11 11 11 9 -63290
-22 -18 19 -24 -69186
-23 3 -21 0 -67296
7 3 7 5 -58884
-24 7 21 24 -68810
2 -1 2 -2 -61654
21 21 23 20 -56878
-9 -11 -9 -15 -66962
-8 6 -7 6 -62960
-14 -9 -14 -8 -62550
-2 1 -2 2 -77202
-19 24 -23 18 -51490
3 3 2 4 -65536
15 10 17 10 -63122
23 17 24 18 -41334
-22 10 -22 3 -58682
24 12 23 0 -70608
19 17 19 14 -57870
-10 -24 -13 -23 -57098
-1 -20 -3 -21 -67802
17 -1 19 1 -64476
20 -23 17 -20 -60526
9 -10 8 -13 -62380
1 -19 3 -24 -62872
4 13 3 9 -68584
-7 0 -7 -4 -66058
-2 -21 -1 -22 -71634
-24 -13 -24 -10 -49052
24 -8 20 -5 -66602
16 4 15 2 -59140
8 -21 10 -13 -73052
17 23 11 24 -60136
-3 -24 -5 -23 -64242
22 10 24 14 -56502
17 20 18 22 -58380
-23 -13 -24 -11 -57310
-6 -10 -6 -13 -64534
18 -4 17 -4 -62302
13 -11 10 -13 -62780
-20 -23 -24 -24 -29962
17 -19 16 -17 -62492
6 -24 12 -22 -67890
-4 -8 -5 -7 -60810
20 11 21 8 -62900
-13 11 -13 16 -65710
6 -4 6 0 -66856
5 23 7 22 -67466
-21 6 -17 6 -67990
16 -21 13 -19 -62366
-3 20 -3 18 -64594
-14 6 -13 4 -60412
-8 15 -7 12 -56394
7 24 6 17 -68872
-14 -22 -15 -24 -46250
17 6 17 9 -60156
-20 23 -18 22 -64344
0 -24 3 -24 -53196
-13 -21 -13 -24 -43000
-8 12 -8 9 -54178
-19 15 -20 15 -64396
4 -2 6 -3 -71504
10 -1 16 -2 -81538
9 -12 9 -13 -62650
16 -16 15 -21 -71378
8 6 9 10 -71022
-11 -1 -12 -3 -67468
15 -11 12 -11 -59588
21 -14 24 -15 -54862
-2 2 -1 0 -70980
13 -4 12 -8 -69720
-8 -14 -8 -17 -67406
22 -14 23 -17 -48642
-11 22 -3 22 -69338
0 -10 0 -9 -54140
17 -24 14 -20 -55248
-9 -1 -9 0 -63052
23 24 14 24 -59918
21 21 24 23 -34748
-23 -1 -22 0 -66216
-12 9 -11 11 -57862
-4 6 -2 8 -74122
12 5 11 9 -67144
-9 1 -9 2 -58048
-4 22 -1 22 -58540
15 -1 14 -1 -71902
-5 -15 -7 -12 -62402
24 -9 23 -8 -49528
6 -6 8 -3 -61356
-6 -8 -8 -9 -62906
-13 -3 -13 0 -65728
18 -9 16 -9 -64358
22 -9 21 -19 -65020
-23 -13 -22 -5 -67496
2 -23 -3 -23 -64514
18 -13 18 -15 -62532
14 -14 17 -16 -65936
-6 -18 -6 -19 -65614
-24 -20 -24 -12 -54746
-4 14 -3 14 -60190
22 22 22 18 -57502
-4 8 -4 9 -52522
18 9 19 9 -59266
3 2 3 0 -68380
-16 -2 -18 2 -73406
4 -21 2 -24 -55544
-11 22 -9 20 -67102
-15 2 -13 6 -56606
-15 10 -15 8 -61358
12 2 12 0 -60776
22 -12 17 -11 -69846
17 -4 18 -2 -65584
-17 10 -17 13 -60938
8 1 7 3 -61284
-14 4 -12 4 -64166
-11 16 -13 16 -64826
12 -6 12 -4 -64352
-16 -22 -18 -24 -55052
-2 23 -1 21 -60482
-8 -18 -10 -21 -67062
1 13 0 13 -62486
18 -4 17 -7 -67940
13 1 14 2 -68692
16 -5 16 -3 -59444
1 -20 3 -18 -64528
21 5 23 7 -62480
4 12 6 11 -56298
-23 -1 -24 -6 -61936
13 21 22 24 -62454
6 16 6 19 -63554
19 -15 16 -16 -63472
-11 16 -11 17 -56898
-13 24 -14 19 -67608
-20 15 -21 12 -61744
7 -15 7 -13 -61824
13 9 12 8 -61100
20 -10 23 -17 -67190
-24 24 -1 24 -58724
23 -6 22 -9 -63622
-13 -16 -16 -17 -67494
-8 15 -9 15 -64620
10 -19 8 -22 -72400
-9 -18 -6 -16 -67670
-12 24 -9 21 -58006
-10 0 -9 2 -63672
20 18 21 18 -60696
1 -2 2 -5 -69682
-11 9 -9 6 -65804
-22 -8 -21 -6 -68198
9 16 10 16 -61186
-8 -3 -8 -6 -74194
1 -14 -1 -13 -61246
9 19 12 17 -64724
-9 -20 -6 -23 -64650
-9 22 -7 23 -60470
10 2 12 -1 -67010
-2 -5 -3 -5 -60866
-16 -12 -15 -9 -67276
-15 -7 -16 -6 -71422
6 -24 5 -21 -46338
-16 -5 -17 -4 -71024
-3 24 -3 20 -62132
-4 20 -5 19 -66134
-16 15 -15 12 -64664
4 6 1 5 -67414
-18 23 -16 22 -63952
-23 -14 -17 -15 -83114
-5 0 -3 1 -64058
9 -21 10 -22 -59780
10 5 7 4 -65010
4 -1 4 0 -64368
10 -24 4 -24 -64276
-14 -1 -12 -2 -65742
-2 -11 4 -7 -76084
2 -11 6 -9 -66558
2 18 1 17 -62034
11 -8 12 -7 -63022
18 -20 15 -22 -61586
14 15 13 15 -65296
-16 -24 -14 -24 -61184
20 0 24 -3 -67504
-5 13 -3 11 -58124
-24 -10 -21 -10 -65298
8 2 11 2 -64524
-24 -8 -24 16 -66806
16 -23 21 -22 -57586
6 -16 6 -17 -57600
20 -18 24 -24 -58236
21 -3 23 -3 -61094
-1 -24 0 -22 -45016
4 23 8 24 -64138
9 22 8 22 -67040
-5 -23 -7 -24 -49518
10 19 11 20 -65070
-17 10 -16 10 -56322
24 -24 19 -19 -63120
21 18 19 15 -61150
8 -20 7 -21 -69802
-16 18 -16 15 -55644
-22 -16 -18 -16 -79424
-10 17 -9 15 -61488
17 6 18 7 -62944
9 7 7 4 -65048
-12 -20 -11 -24 -50664
14 -20 13 -23 -65970
8 7 10 5 -68808
19 11 19 12 -56250
5 4 4 5 -65580
-7 17 -8 15 -59982
19 9 17 11 -63476
-2 -1 -1 1 -64530
23 6 21 7 -62836
1 9 0 12 -58612
-19 -21 -17 -22 -66034
-12 6 -10 6 -64230
-24 -23 -22 -18 -39560
-24 21 24 23 -56240
24 -5 23 -13 -66690
-22 12 -21 11 -58984
-6 -3 -5 -5 -64866
7 16 7 15 -59452
22 -24 -19 -23 -64036
3 -22 5 -21 -64500
-4 -15 0 -13 -63946
14 6 22 0 -78614
-6 5 -7 5 -64220
0 -5 0 -6 -62928
10 24 11 20 -65070
3 -1 2 -1 -68372
-7 12 -11 11 -69310
-3 -21 -4 -19 -67932
13 20 12 20 -59338
-18 23 -15 24 -53250
-8 22 -5 18 -66148
-13 -23 -14 -23 -64726
24 10 -21 4 -66430
-23 9 -20 10 -58802
20 -22 20 -18 -48098
-20 24 -15 23 -66046
-5 -16 -5 -17 -65820
20 3 24 4 -62130
-17 -12 -14 -14 -70704
-24 17 -19 15 -63114
20 0 24 -24 -64266
12 4 12 8 -61634
-14 -21 -15 -19 -58754
18 22 18 19 -62684
-22 -12 -24 -22 -60556
-20 -6 -18 -11 -73784
16 14 17 13 -61298
10 -2 13 0 -69228
-2 13 -24 20 -73908
4 -13 1 -17 -68596
-19 0 -18 1 -66224
-17 0 -16 1 -65570
15 -1 12 0 -78678
