24 -4 24 1 -62028
-8 -7 -7 -8 -64480
0 14 0 15 -53000
23 -1 23 0 -65770
24 4 24 -11 -67822
-12 20 -10 21 -61754
-15 -11 -15 -13 -66058
15 -8 15 -10 -58224
-23 -6 -23 -4 -52124
-13 22 -14 19 -72260
24 0 20 -2 -67394
23 0 22 -1 -66708
21 18 22 14 -66808
24 -6 24 -5 -48856
-16 -10 -17 -10 -59042
17 -21 23 -19 -71174
9 -21 4 -19 -75104
-20 -3 -19 -8 -61850
14 -15 13 -13 -62800
1 -14 0 -19 -66794
20 7 21 11 -64202
-12 10 -8 9 -63600
8 3 9 0 -56366
1 23 5 22 -60318
-24 1 -23 1 -50626
-24 14 -21 20 -63984
-5 -9 -5 -7 -58966
1 21 4 21 -58798
-23 14 -22 8 -57932
-2 21 -1 21 -55752
1 -12 2 -12 -53182
13 24 15 23 -54104
0 -22 1 -20 -68582
-15 9 -14 7 -63410
-18 23 -19 21 -55122
14 -24 16 -19 -75028
22 20 19 24 -61656
-24 -5 -24 24 -66344
14 20 15 18 -67668
12 18 10 16 -73920
9 -24 15 -20 -73538
-17 24 -11 24 -47952
22 -13 22 -14 -51350
11 17 14 19 -74150
14 4 15 4 -66854
-5 20 -8 21 -53742
-22 -13 -23 -13 -55402
22 7 22 3 -71322
8 24 8 20 -66638
4 -3 4 -2 -68620
23 -14 20 -12 -67574
-4 24 3 23 -53018
-18 13 -19 13 -72252
-10 -6 -10 -8 -60754
-9 -6 -14 -7 -76008
9 -11 10 -12 -58014
-24 -22 -24 -2 -66220
-24 -3 -24 7 -64086
-24 -15 -21 -17 -48780
-11 -19 -14 -22 -56084
10 14 9 12 -65032
-5 12 -7 11 -60280
13 19 13 22 -68404
-24 -15 22 1 -66124
-3 -15 -3 -16 -60508
-9 -6 -7 -6 -57422
1 -24 -1 -19 -64600
-24 6 -22 9 -54634
0 5 0 4 -62268
0 16 -1 19 -55266
19 -4 20 -5 -57036
-11 -4 -12 -6 -69764
-20 -17 -20 -18 -52056
-13 -22 -15 -19 -68938
-22 -5 -21 -5 -59210
-2 -22 1 -22 -69986
-11 -23 -9 -23 -55662
22 -22 21 -22 -52644
-20 -1 -21 0 -66304
-24 10 -20 14 -59874
24 5 22 8 -70382
2 10 1 9 -64656
-13 23 -13 24 -37548
-8 -16 -10 -24 -65790
-22 -22 -19 -23 -42470
-23 3 -24 0 -57284
11 8 10 8 -57636
-9 24 -11 19 -64118
10 -9 8 -9 -55110
15 16 15 14 -77086
-12 -5 -15 -7 -71270
16 9 15 9 -76512
-21 5 -24 4 -61170
13 -22 14 -22 -61974
-24 10 -24 19 -60520
19 -21 23 -23 -64480
-9 -10 -13 -10 -66580
-3 -11 -4 -13 -57198
0 -5 2 -3 -64972
9 24 10 22 -56790
-5 -23 -8 -22 -61032
18 -7 14 -10 -69434
-14 -12 -15 -9 -67712
19 -8 23 -5 -65838
-8 -3 -11 -3 -64162
-4 -3 -4 -4 -71460
-24 16 -21 15 -50172
-19 -24 -16 -23 -52792
-9 7 -9 5 -56662
6 -7 7 -10 -62288
-14 15 -16 13 -59966
-7 20 -5 24 -58396
5 -12 3 -11 -61958
-24 -19 -23 1 -69000
-9 -23 -8 -23 -55392
13 -2 13 -1 -60238
24 -13 17 -17 -69290
1 6 1 8 -67142
22 6 24 6 -57640
13 12 14 12 -65048
21 -6 22 -8 -66924
-21 -22 -21 -18 -45258
3 13 2 13 -51020
-11 17 -14 16 -64454
-5 3 -5 1 -65234
-24 16 -24 21 -54598
3 -24 5 -21 -65402
15 19 17 18 -62136
-13 21 -13 17 -65942
-19 -19 -21 -18 -48730
-1 -7 0 1 -83322
-1 21 6 24 -57262
3 23 3 24 -38076
21 -13 21 -10 -62640
-21 4 -21 7 -66174
-15 4 -17 4 -65876
-3 -20 -5 -23 -57244
-9 -24 20 -24 -71712
24 11 22 15 -56480
-13 16 -14 16 -58064
16 13 24 14 -68742
-13 -3 -13 -5 -60398
13 -16 9 -16 -71458
-7 -16 -8 -16 -59046
9 9 8 10 -66772
-19 20 -23 21 -61122
23 0 24 6 -71504
15 5 16 3 -63618
8 -20 -24 -23 -62282
5 -7 5 -6 -62796
-9 -15 -11 -15 -59470
12 14 11 15 -70458
14 2 12 4 -65388
-22 22 -23 15 -65958
0 -9 -2 -7 -60852
0 5 2 5 -53966
22 -12 23 -11 -52710
0 21 0 23 -57808
16 12 17 13 -62900
10 -3 9 -1 -59742
-19 -11 -17 -10 -57016
-7 4 -7 1 -65548
21 23 19 23 -56714
7 21 9 23 -68322
24 7 23 1 -73648
12 -21 9 -21 -71108
23 -24 24 15 -62900
13 24 10 20 -67206
17 -19 18 -23 -74582
-2 11 0 12 -62558
23 13 22 13 -50588
-22 -15 -19 -13 -60604
-24 6 -24 22 -67406
-16 3 -16 1 -58162
18 0 18 1 -65778
4 -3 4 -22 -71748
11 22 11 21 -69664
4 15 8 16 -58524
23 -8 23 -10 -61324
-6 -15 -10 3 -81352
-7 20 -12 20 -62950
-3 1 0 2 -66924
17 -11 17 -10 -62712
5 3 6 3 -68862
-12 -14 -11 -18 -64318
23 21 21 24 -50834
13 14 13 18 -75844
9 10 9 11 -60350
-10 -10 -10 -11 -58746
1 -12 1 -16 -60158
14 -24 13 -19 -68328
4 -12 4 -8 -63524
-19 13 -17 12 -74118
8 -24 0 -24 -67668
21 -14 22 -14 -68488
-21 16 -22 19 -60668
4 -18 8 -16 -65780
-9 -2 -12 -1 -67262
-2 -10 -1 -9 -50142
-9 12 -8 16 -62950
7 -16 12 -15 -71858
6 -20 4 -17 -62724
-19 6 -23 8 -68208
-18 5 -18 7 -62110
-10 -15 -10 -16 -60766
16 -13 17 -11 -67082
-13 3 -12 1 -64882
-24 -1 -21 -4 -63238
-23 -3 -24 1 -60298
5 20 4 22 -60744
-24 4 -21 2 -64508
-24 -3 -22 0 -66014
23 10 24 16 -63894
2 10 2 9 -61534
-21 22 -20 22 -58242
9 -2 10 1 -59302
-20 -11 -20 -14 -66916
15 11 14 18 -88962
19 -22 21 -18 -65176
-24 -19 -1 -10 -67760
-2 21 0 23 -52304
-1 -22 -5 -22 -61806
8 2 12 1 -63166
18 -24 9 -24 -63584
15 12 14 15 -79638
0 -5 -1 -5 -62700
10 -22 9 -19 -64168
-23 -15 -24 -13 -59826
24 6 23 10 -60580
-19 -2 -19 0 -59688
1 -19 1 -17 -61230
-6 24 -4 21 -52056
-2 4 0 5 -61582
-19 0 -18 0 -58344
6 24 9 24 -61170
10 -5 11 -7 -62300
-12 -12 -14 -16 -66466
-2 5 -3 5 -62238
-22 15 -20 13 -67354
23 7 24 23 -66934
-22 -5 -21 -10 -55978
24 -3 23 2 -64610
9 -24 3 -22 -71288
-14 21 -13 20 -54584
-18 -18 -21 -22 -59312
21 21 21 20 -62560
-12 0 -15 0 -70800
-17 17 -15 20 -68564
4 13 4 15 -55918
-17 -8 -15 -6 -60650
5 -5 6 -4 -56014
5 6 4 9 -68920
-7 13 -8 15 -51970
16 -20 18 -18 -72916
-15 -20 -15 -16 -54972
-18 23 -18 22 -43528
13 -15 13 -17 -58892
11 11 11 9 -60486
-22 -18 19 -24 -71600
-23 3 -21 0 -67662
1 1 5 -1 -79620
-24 7 21 24 -68584
2 -1 2 -2 -68336
21 21 23 20 -56868
-9 -11 -9 -15 -63498
-8 6 -7 6 -60878
-14 -9 -14 -8 -56442
-2 1 -2 2 -59082
-19 24 -23 18 -57612
3 3 2 4 -66336
15 10 17 10 -77532
23 17 24 18 -45558
-22 10 -22 3 -67096
24 12 23 0 -72594
19 17 19 14 -74042
-10 -24 -13 -23 -58896
17 -23 19 -20 -70584
-14 -15 -15 -13 -63686
20 -23 17 -20 -72452
9 -10 8 -13 -65536
1 -19 3 -24 -63104
4 13 3 9 -65524
-6 0 -6 -4 -67180
-2 -21 -1 -22 -61680
-24 -13 -24 -10 -52484
24 -8 20 -5 -65742
16 4 15 2 -61342
7 4 7 3 -55948
17 23 11 24 -57694
-3 -24 -5 -23 -54752
22 10 24 14 -60698
17 20 18 22 -63468
-23 -13 -24 -11 -56330
-6 -10 -6 -13 -59906
18 -4 17 -4 -55636
13 -11 10 -13 -66830
-20 -23 -24 -24 -26506
17 -19 16 -17 -64044
6 -24 12 -22 -70298
-4 -8 -5 -7 -62714
20 11 21 8 -66884
-11 8 -11 5 -61406
10 -17 10 -16 -58702
5 23 7 22 -63792
19 2 19 1 -64626
16 -21 13 -19 -69774
-3 20 -3 18 -50886
-14 6 -13 4 -67242
-12 -3 -14 -4 -74118
-11 -2 -9 -4 -66166
-14 -22 -15 -24 -42150
17 6 17 9 -62858
-20 23 -18 22 -64742
0 -24 3 -24 -57542
-13 -21 -13 -24 -44840
-8 12 -8 9 -52152
-19 15 -20 15 -69900
4 -2 6 -3 -75254
0 -3 -1 -3 -66494
9 -12 9 -13 -62860
-13 -13 -15 -13 -61426
-12 -23 -14 -22 -66476
-21 -1 -18 1 -65578
15 -11 12 -11 -55680
21 -14 24 -15 -59876
-18 -7 -16 -11 -65476
-6 13 -4 16 -66270
11 -15 12 -13 -66926
22 -14 23 -17 -52832
16 1 18 -3 -70548
0 -10 0 -9 -52508
17 -24 14 -20 -68622
-9 -1 -9 0 -61060
23 24 14 24 -61630
21 21 24 23 -35292
-23 -1 -22 0 -67794
-12 9 -11 11 -52942
-4 6 -2 8 -64312
12 5 11 9 -62858
-9 1 -9 2 -66272
-4 22 -1 22 -54020
15 -1 14 -1 -59444
-5 -15 -7 -12 -59862
24 -9 23 -8 -53142
-5 -13 -6 -13 -51504
8 14 9 16 -70178
-13 -3 -13 0 -59244
18 -9 16 -9 -60358
0 -12 1 -13 -61214
-23 -15 -22 -11 -66998
2 -23 -3 -23 -69308
18 -13 18 -15 -59972
14 -14 17 -16 -64682
-6 -18 -6 -19 -58134
-24 -20 -24 -12 -62234
-4 14 -3 14 -54298
22 22 22 18 -61066
-4 8 -4 9 -50714
18 9 19 9 -67444
3 2 3 0 -56638
19 13 20 12 -72528
4 -21 2 -24 -66058
-11 22 -9 20 -62322
-15 2 -13 6 -62010
-15 10 -15 8 -56446
12 -5 13 -14 -67708
22 -12 17 -11 -70406
17 -4 18 -2 -66486
-17 10 -17 13 -60056
-15 6 -20 5 -69822
-14 4 -12 4 -65652
19 3 17 3 -59562
12 -6 12 -4 -59662
-16 -22 -18 -24 -49860
-2 23 -1 21 -58192
-8 -18 -10 -21 -65426
1 13 0 13 -52288
18 -4 17 -7 -68230
13 1 14 2 -61798
16 -5 16 -3 -65260
0 1 24 -4 -70178
21 5 23 7 -65820
4 12 6 11 -57032
-23 -1 -24 -6 -58268
13 21 22 24 -63784
6 16 6 19 -54792
19 -15 16 -16 -66096
-11 16 -11 17 -58890
-13 24 -14 19 -70736
-20 15 -21 12 -59400
7 -15 7 -13 -60314
13 9 12 8 -60980
5 -3 9 -3 -64966
-24 24 -1 24 -52556
23 -6 22 -9 -64468
-13 -16 -16 -17 -60878
-8 15 -9 15 -56910
10 -19 8 -22 -70942
-9 -18 -6 -16 -65736
-12 24 -9 21 -55038
-10 0 -9 2 -61226
20 18 21 18 -63738
-16 0 -17 24 -71046
-11 9 -9 6 -69590
-22 -8 -21 -6 -56880
9 16 10 16 -63270
-8 -3 -8 -6 -65020
-23 7 -24 3 -58662
9 19 12 17 -66670
-9 -20 -6 -23 -61122
-9 22 -7 23 -52728
-11 8 9 12 -74504
-21 -16 -21 -14 -63788
-16 -12 -15 -9 -64750
-15 -7 -16 -6 -64886
6 -24 5 -21 -50560
-16 -5 -17 -4 -62648
-3 24 -3 20 -60016
-4 20 -5 19 -58328
-16 15 -15 12 -62310
-23 -11 -21 -10 -60858
-18 23 -16 22 -64046
5 7 5 5 -70336
-5 0 -3 1 -63412
9 -21 10 -22 -63500
10 5 7 4 -66610
4 -1 4 0 -58594
10 -24 4 -24 -67048
-4 -3 -3 -2 -67870
1 -9 4 -13 -71266
2 -11 6 -9 -59506
9 8 -23 10 -73700
11 -8 12 -7 -56824
18 -20 15 -22 -70300
-19 14 -17 18 -70488
-16 -24 -14 -24 -56120
-2 9 0 14 -69776
-5 13 -3 11 -53420
-24 -10 -21 -10 -59350
6 -6 6 -3 -66170
-24 -8 -24 16 -67542
16 -23 21 -22 -65502
6 -16 6 -17 -56942
20 -18 24 -24 -65534
21 -3 23 -3 -57288
-1 -24 0 -22 -48446
4 23 8 24 -60720
9 22 8 22 -62840
-5 -23 -7 -24 -47948
10 19 11 20 -74474
-17 10 -16 10 -61888
24 -24 19 -19 -68682
21 18 19 15 -74282
8 -20 7 -21 -68674
-16 18 -16 15 -62316
-1 -19 0 -18 -65128
-10 17 -9 15 -55366
17 6 18 7 -68052
9 7 7 4 -67882
-12 -20 -11 -24 -54794
14 -20 13 -23 -71030
15 -1 16 -4 -69948
19 11 19 12 -62634
5 4 4 5 -69040
-7 17 -8 15 -66828
19 9 17 11 -73978
22 -20 21 -14 -58110
23 6 21 7 -69174
1 9 0 12 -56702
-19 -21 -17 -22 -52436
-12 6 -10 6 -62128
-24 -23 -22 -18 -35952
-24 21 24 23 -59526
24 -5 23 -13 -66536
-22 12 -21 11 -64112
-6 -3 -5 -5 -67212
7 16 7 15 -59542
22 -24 -19 -23 -68696
3 -19 5 -19 -62084
-4 -15 0 -13 -59058
2 24 24 22 -61796
-6 5 -7 5 -62970
0 -5 0 -6 -68022
10 24 11 20 -69398
3 -1 2 -1 -67936
8 7 6 7 -64392
-3 -21 -4 -19 -59842
13 20 12 20 -62074
-18 23 -15 24 -55008
-1 1 0 0 -58450
-13 -23 -14 -23 -62052
21 19 20 15 -74198
-23 9 -20 10 -61140
20 -22 20 -18 -63646
-20 24 -15 23 -66646
-5 -16 -5 -17 -60056
20 3 24 4 -66188
4 -4 -1 -2 -76154
0 15 1 19 -55526
20 0 24 -24 -66760
12 4 12 8 -60646
-14 -21 -15 -19 -65922
18 22 18 19 -67658
-22 -12 -24 -22 -63558
0 1 1 6 -66722
16 14 17 13 -73612
10 -2 13 0 -63572
24 -22 -7 -19 -72384
21 22 -23 17 -67492
-19 12 -18 10 -69202
-17 0 -16 1 -65112
24 4 23 5 -57018
