24 -4 24 1 -63174
-8 -7 -7 -8 -66358
0 14 0 15 -71026
23 -1 23 0 -65328
24 4 24 -11 -67870
-12 20 -10 21 -64554
-15 -11 -15 -13 -61788
15 -8 15 -10 -54460
-23 -6 -23 -4 -53104
-13 22 -14 19 -70888
7 -10 8 0 -65922
23 0 22 -1 -63028
21 18 22 14 -61084
24 -6 24 -5 -48534
-16 -10 -17 -10 -61924
0 16 0 17 -81430
-24 3 -24 5 -55048
-20 -3 -19 -8 -64094
14 -15 13 -13 -62204
22 0 20 -4 -68964
20 7 21 11 -64072
-12 10 -8 9 -65304
8 3 9 0 -56124
1 23 5 22 -53528
-24 1 -23 1 -50504
-24 14 -21 20 -58530
-5 -9 -5 -7 -63908
20 21 3 21 -82552
-23 14 -22 8 -55108
-2 21 -1 21 -63644
1 -12 2 -12 -54904
13 24 15 23 -62574
0 -22 1 -20 -68478
-15 9 -14 7 -65642
-18 23 -19 21 -50588
-13 -15 -12 -15 -68690
22 20 19 24 -63956
-24 -5 -24 24 -66062
14 20 15 18 -70794
12 18 10 16 -70970
9 -24 15 -20 -69538
-17 24 -11 24 -49056
22 -13 22 -14 -51664
11 17 14 19 -72866
14 4 15 4 -62012
-5 20 -8 21 -58206
-22 -13 -23 -13 -59684
22 7 22 3 -63886
8 24 8 20 -69618
4 -3 4 -2 -60406
23 -14 20 -12 -65318
-4 24 3 23 -58870
-18 13 -19 13 -64390
-10 -6 -10 -8 -67392
9 17 9 21 -68094
9 -11 10 -12 -54330
-24 -22 -24 -2 -67648
-24 -3 -24 7 -69178
-24 -15 -21 -17 -50686
-11 -19 -14 -22 -58780
10 14 9 12 -61746
-5 12 -7 11 -61852
13 19 13 22 -72648
-24 -15 22 1 -66370
-3 -15 -3 -16 -59926
-9 -6 -7 -6 -60252
1 -24 -1 -19 -62156
-24 6 -22 9 -53004
0 5 0 4 -58050
0 16 -1 19 -77558
19 -4 20 -5 -52432
-11 -4 -12 -6 -67998
-20 -17 -20 -18 -52444
-13 -22 -15 -19 -71400
-22 -5 -21 -5 -65082
-2 -22 1 -22 -70074
-11 -23 -9 -23 -57450
22 -22 21 -22 -49132
-20 -1 -21 0 -72834
-24 10 -20 14 -60038
24 5 22 8 -66418
12 -23 22 -22 -71930
-13 23 -13 24 -39588
-8 -16 -10 -24 -68622
-22 -22 -19 -23 -43496
-23 3 -24 0 -61372
11 8 10 8 -56580
-9 24 -11 19 -66440
10 -9 8 -9 -55378
5 1 7 8 -80012
-12 -5 -15 -7 -67034
23 -18 22 -18 -51926
-21 5 -24 4 -61930
13 -22 14 -22 -62954
-24 10 -24 19 -58428
19 -21 23 -23 -52874
-9 -10 -13 -10 -65738
-3 -11 -4 -13 -65562
1 14 0 19 -87124
9 24 10 22 -59010
-5 -23 -8 -22 -62288
18 -7 14 -10 -68150
-24 18 23 -3 -70070
19 -8 23 -5 -62018
-8 -3 -11 -3 -63048
-4 -3 -4 -4 -64672
-24 16 -21 15 -50608
-19 -24 -16 -23 -53968
-9 7 -9 5 -63520
6 -7 7 -10 -57756
-14 15 -16 13 -58952
-7 20 -5 24 -60738
5 -12 3 -11 -59006
-24 -19 -23 1 -69988
-9 -23 -8 -23 -56180
13 -2 13 -1 -59714
24 -13 17 -17 -64338
1 6 1 8 -70552
22 6 24 6 -55176
13 12 14 12 -58408
21 -6 22 -8 -65582
-21 -22 -21 -18 -46240
3 13 2 13 -54898
-11 17 -14 16 -66324
-5 3 -5 1 -67574
-24 16 -24 21 -51002
3 -24 5 -21 -67532
15 19 17 18 -63084
-13 21 -13 17 -63072
-19 -19 -21 -18 -49390
13 -4 12 -1 -65228
-1 21 6 24 -53092
3 23 3 24 -40918
21 -13 21 -10 -60668
-7 6 -6 7 -63012
-15 4 -17 4 -66326
-3 -20 -5 -23 -59580
-9 -24 20 -24 -65916
24 11 22 15 -56224
-13 16 -14 16 -61478
16 13 24 14 -66650
-13 -3 -13 -5 -60300
13 -16 9 -16 -67562
-7 -16 -8 -16 -61596
9 9 8 10 -64684
-19 20 -23 21 -60650
23 0 24 6 -64980
15 5 16 3 -60348
8 -20 -24 -23 -64296
5 10 -3 10 -67622
-9 -15 -11 -15 -63872
12 14 11 15 -63298
14 2 12 4 -65552
-22 22 -23 15 -60354
0 -9 -2 -7 -59678
0 5 2 5 -57652
22 -12 23 -11 -50204
0 21 0 23 -61076
16 12 17 13 -66238
10 -3 9 -1 -64118
-19 -11 -17 -10 -59030
-7 4 -7 1 -66858
21 23 19 23 -57094
7 21 9 23 -67278
24 7 23 1 -65346
12 -21 9 -21 -66612
23 -24 24 15 -63052
13 24 10 20 -65318
-10 -10 -10 -8 -68206
-2 11 0 12 -64472
23 13 22 13 -50788
-22 -15 -19 -13 -63520
-24 6 -24 22 -65372
-16 3 -16 1 -59402
18 0 18 1 -61404
2 -9 0 -11 -63408
11 22 11 21 -73540
4 15 8 16 -58022
23 -8 23 -10 -59708
17 -19 18 -17 -59286
-7 20 -12 20 -69508
-3 1 0 2 -65712
17 -11 17 -10 -59234
5 3 6 3 -70220
-12 -14 -11 -18 -66818
23 21 21 24 -51210
13 14 13 18 -62328
9 10 9 11 -60510
-10 -10 -10 -11 -64940
1 -12 1 -16 -54520
14 -24 13 -19 -55858
4 -12 4 -8 -60330
-13 13 -17 8 -71396
8 -24 0 -24 -66882
21 -14 22 -14 -65026
-21 16 -22 19 -57564
4 -18 8 -16 -63256
-9 -2 -12 -1 -64692
-2 -10 -1 -9 -64930
-9 12 -8 16 -64518
7 -16 12 -15 -68778
16 23 17 22 -60732
-19 6 -23 8 -64988
-18 5 -18 7 -55046
-10 -15 -10 -16 -64324
16 -13 17 -11 -63610
-13 3 -12 1 -64348
-24 -1 -21 -4 -66878
-23 -3 -24 1 -62400
5 20 4 22 -65380
-24 4 -21 2 -65018
-24 -3 -22 0 -67372
23 10 24 16 -61742
2 10 2 9 -62504
-21 22 -20 22 -56824
9 -2 10 1 -59882
-20 -11 -20 -14 -65366
4 -2 24 -22 -68396
19 -22 21 -18 -55340
-16 -1 -19 2 -73276
-2 21 0 23 -54892
-1 -22 -5 -22 -64926
8 2 12 1 -63832
18 -24 9 -24 -63298
-8 22 -11 24 -66220
0 -5 -1 -5 -61948
10 -22 9 -19 -58674
-23 -15 -24 -13 -62454
24 6 23 10 -57314
-19 -2 -19 0 -61466
1 -19 1 -17 -53450
-6 24 -4 21 -59800
-2 4 0 5 -65086
-19 0 -18 0 -63250
6 24 9 24 -64012
10 -5 11 -7 -59952
-12 -12 -14 -16 -69078
-2 5 -3 5 -65906
-22 15 -20 13 -64710
23 7 24 23 -63476
-22 -5 -21 -10 -59144
24 -3 23 2 -62826
6 11 7 15 -66516
-14 21 -13 20 -57974
-18 -18 -21 -22 -61164
21 21 21 20 -63210
-4 -16 0 22 -82614
-7 8 -9 11 -69088
4 13 4 15 -67508
-17 -8 -15 -6 -63068
5 -5 6 -4 -54956
5 6 4 9 -72218
-7 13 -8 15 -60292
-4 -8 -7 -9 -61256
-15 -20 -15 -16 -57166
-18 23 -18 22 -42338
13 -15 13 -17 -63352
11 11 11 9 -58206
4 0 6 2 -71710
-23 3 -21 0 -68696
-11 24 18 20 -68902
16 -20 -23 -19 -70766
2 -1 2 -2 -61732
21 21 23 20 -56218
-9 -11 -9 -15 -66478
12 14 13 16 -67506
-14 -9 -14 -8 -62790
-2 1 -2 2 -62080
-19 24 -23 18 -52004
3 3 2 4 -65734
-2 -1 -2 -2 -61510
23 17 24 18 -45730
-22 10 -22 3 -60738
-4 1 -2 0 -65316
19 17 19 14 -63330
-10 -24 -13 -23 -60312
17 -23 19 -20 -57220
-14 -15 -15 -13 -62790
20 -21 17 -20 -66022
9 -10 8 -13 -63798
1 -19 3 -24 -58110
4 13 3 9 -66246
-6 0 -6 -4 -68452
-2 -21 -1 -22 -62100
-24 -13 -24 -10 -53904
24 -8 20 -5 -62534
16 4 15 2 -59164
7 4 7 3 -60152
17 23 11 24 -65670
-3 -24 -5 -23 -56072
22 10 24 14 -59564
17 20 18 22 -62186
-23 -13 -24 -11 -60346
-6 -10 -6 -13 -67304
18 -4 17 -4 -50176
13 -11 10 -13 -66834
-20 -23 -24 -24 -27230
17 -19 16 -17 -62392
6 -24 12 -22 -65324
-4 -8 -5 -7 -64642
20 11 21 8 -62890
-11 8 -11 5 -66488
10 -17 10 -16 -70684
5 23 7 22 -64516
19 2 19 1 -61362
16 -21 13 -19 -67802
-3 20 -3 18 -58530
-14 6 -13 4 -65228
-12 -3 -14 -4 -65786
-11 -2 -9 -4 -65030
-14 -22 -15 -24 -43782
17 6 17 9 -59146
-20 23 -18 22 -63804
0 -24 3 -24 -56542
-13 -21 -13 -24 -44350
-8 12 -8 9 -63756
-19 15 -20 15 -66512
4 -2 6 -3 -68200
0 -3 -1 -3 -63988
9 -12 9 -13 -61288
-13 -13 -15 -13 -68934
-12 -23 -14 -22 -68712
-21 -1 -18 1 -67380
15 -11 12 -11 -55230
21 -14 24 -15 -62866
-18 -7 -16 -11 -68224
-6 13 -4 16 -69416
11 -15 12 -13 -67450
22 -14 23 -17 -53968
11 20 11 20 -240806
0 -10 0 -9 -58086
17 -24 14 -20 -56894
-9 -1 -9 0 -62998
23 24 14 24 -64172
21 21 24 23 -36978
-23 -1 -22 0 -69792
-12 9 -11 11 -64198
-4 6 -2 8 -71570
12 5 11 9 -61790
-9 1 -9 2 -66276
-4 22 -1 22 -62544
15 -1 14 -1 -56914
-5 -15 -7 -12 -66010
24 -9 23 -8 -50824
-5 -13 -6 -13 -59700
-2 14 9 -22 -81852
-13 -3 -13 0 -58850
18 -9 16 -9 -56258
0 -12 1 -13 -55432
-23 -15 -22 -11 -66554
2 -23 -3 -23 -70064
18 -13 18 -15 -60022
14 -14 17 -16 -63006
-6 -18 -6 -19 -62648
-24 -20 -24 -12 -63138
-4 14 -3 14 -60892
22 22 22 18 -60988
-4 8 -4 9 -65694
18 9 19 9 -58910
3 2 3 0 -61770
19 13 20 12 -62862
4 -21 2 -24 -67638
-11 22 -9 20 -71578
-15 2 -13 6 -63884
-15 10 -15 8 -59880
-5 11 -5 5 -75632
0 3 19 0 -79558
17 -4 18 -2 -63252
-11 10 -15 13 -66844
-15 6 -20 5 -70562
-14 4 -12 4 -64786
19 3 17 3 -53792
12 -6 12 -4 -60458
-16 -22 -18 -24 -51458
-2 23 -1 21 -68990
-8 -18 -10 -21 -68264
1 13 0 13 -57614
19 13 17 10 -70762
13 1 14 2 -58572
16 -5 16 -3 -61030
-15 7 24 12 -69386
21 5 23 7 -63688
4 12 6 11 -60984
-23 -1 -24 -6 -59756
13 21 22 24 -63640
6 16 6 19 -65008
19 -15 16 -16 -61990
-11 16 -11 17 -56290
-13 24 -14 19 -70868
-20 15 -21 12 -55470
7 -15 7 -13 -59888
13 9 12 8 -60140
5 -3 9 -3 -68480
-24 24 -1 24 -56682
23 -6 22 -9 -62010
-13 -16 -16 -17 -65852
-8 15 -9 15 -60018
10 -19 8 -22 -66662
-9 -18 -6 -16 -69242
-12 24 -9 21 -69212
-10 0 -9 2 -64866
20 18 21 18 -62824
0 -13 -4 -14 -69288
9 -16 9 -17 -69224
-22 -8 -21 -6 -57954
9 16 10 16 -62700
-8 -3 -8 -6 -65238
-23 7 -24 3 -60004
9 19 12 17 -71380
-9 -20 -6 -23 -62858
-9 22 -7 23 -55524
-14 -8 -13 -9 -67822
-21 -16 -21 -14 -62534
-16 -12 -15 -9 -64324
-15 -7 -16 -6 -67248
6 -24 5 -21 -43604
-16 -5 -17 -4 -64960
-3 24 -3 20 -63784
-4 20 -5 19 -62722
-16 15 -15 12 -55234
-23 -11 -21 -10 -63232
-18 23 -16 22 -63216
5 7 5 5 -73426
-23 3 -1 6 -70408
9 -21 10 -22 -57228
10 5 7 4 -65758
4 -1 4 0 -59630
5 -24 8 -24 -56594
-4 -3 -3 -2 -60286
-5 -15 -6 -18 -72314
2 -11 6 -9 -69506
-2 -13 -3 -10 -65030
11 -8 12 -7 -59746
18 -20 15 -22 -63430
0 0 5 1 -72278
-16 -24 -14 -24 -58776
-2 9 0 14 -70126
-5 13 -3 11 -65862
-24 -10 -21 -10 -65230
-11 15 -16 0 -84804
-24 -8 -24 16 -68342
16 -23 21 -22 -65958
6 -16 6 -17 -58470
20 -18 24 -24 -46640
21 -3 23 -3 -50890
-1 -24 0 -22 -48980
4 23 8 24 -62750
9 22 8 22 -63936
-5 -23 -7 -24 -48116
4 -10 6 -9 -64724
-17 10 -16 10 -60180
6 -23 4 -23 -62512
21 18 19 15 -72634
8 -20 7 -21 -64540
-16 18 -16 15 -51254
-1 -19 0 -18 -65150
-10 17 -9 15 -58614
17 6 18 7 -62152
9 7 7 4 -69640
-12 -20 -11 -24 -54674
14 -20 13 -23 -56246
0 -3 -23 -24 -66710
19 11 19 12 -62244
5 4 4 5 -70192
-7 17 -8 15 -69072
16 -3 15 -9 -69140
22 -20 21 -14 -57746
23 6 21 7 -65808
1 9 0 12 -63218
-19 -21 -17 -22 -52840
-12 6 -10 6 -63064
-24 -23 -22 -18 -37040
-24 21 24 23 -61840
24 -5 23 -13 -64580
-22 12 -21 11 -60898
-6 -3 -5 -5 -66712
7 16 7 15 -62010
22 -24 -19 -23 -64872
3 -19 5 -19 -60102
-4 -15 0 -13 -72390
2 24 24 22 -73496
-6 5 -7 5 -56874
0 -5 0 -6 -52246
10 24 11 20 -74240
3 -1 2 -1 -63636
8 7 6 7 -63134
-3 -21 -4 -19 -60706
13 20 12 20 -66818
-18 23 -15 24 -53592
-1 1 0 0 -64876
-13 -23 -14 -23 -65048
21 19 20 15 -71324
-23 9 -20 10 -61968
20 -22 20 -18 -50696
-20 24 -15 23 -65308
-5 -16 -5 -17 -67138
20 3 24 4 -61922
-1 14 -3 16 -72332
0 15 1 19 -76708
20 0 24 -24 -65374
12 4 12 8 -60572
-14 -21 -15 -19 -67686
18 22 18 19 -69470
-22 -12 -24 -22 -64204
-1 23 -2 24 -59888
16 14 17 13 -54758
10 -4 13 -3 -59364
-22 -9 -19 -10 -69888
21 22 -23 17 -67756
-19 12 -18 10 -58692
-17 0 -16 1 -63532
24 4 23 5 -52620
