0 7 0 9 -67662
-15 -16 -14 -14 -61272
-12 23 -11 24 -56698
-11 16 -11 22 -69122
-24 19 -21 23 -39678
-15 -3 -13 -5 -66780
-17 1 -21 1 -49904
-10 -12 -6 -10 -69780
7 15 11 16 -82730
-7 0 -6 -3 -50316
-24 -21 -20 -19 -42806
8 23 8 24 -52682
5 9 4 8 -59626
-14 16 -13 11 -65158
0 -14 0 -16 -47950
4 1 22 3 -98668
7 8 7 7 -60262
-20 -20 -22 -18 -54234
-17 -24 -15 -20 -70588
-6 24 -3 21 -59644
-10 -18 -8 -17 -71254
-1 10 -1 12 -50788
16 23 13 21 -70520
16 17 17 17 -70792
8 -24 -5 -24 -91892
8 1 7 0 -71656
2 -24 7 -21 -86630
1 0 0 -2 -58206
20 -23 24 -21 -36626
22 19 19 23 -70062
-14 9 -14 11 -55868
10 9 13 14 -67450
21 -14 22 -14 -69356
-20 0 -24 3 -59784
24 4 24 12 -60908
12 -21 13 -21 -65184
20 5 24 7 -61720
17 21 21 22 -73000
3 21 5 24 -63218
-9 -23 -3 -21 -74946
-10 -13 10 -1 -91104
-19 12 -20 12 -47006
-20 -18 -18 -16 -72520
6 20 11 21 -68646
-4 20 -1 20 -64684
8 -4 9 -2 -76480
0 -15 0 -20 -62208
-18 -6 21 -5 -103526
14 8 14 6 -58690
-20 16 -17 24 -77136
13 3 16 7 -80536
3 -23 -1 -21 -85544
22 1 22 0 -49422
-10 -23 -8 -24 -50598
19 13 20 17 -73442
24 -3 23 -15 -67606
-1 1 -1 0 -55536
23 0 24 -1 -63412
-22 -18 -22 -22 -57696
17 -5 15 -2 -72396
-22 -10 -19 -10 -64140
22 -5 24 -4 -51128
-5 -22 -4 -23 -66706
3 -16 10 0 -100864
-1 7 -2 5 -75514
2 13 4 12 -53348
-9 -23 -22 -24 -62314
0 -11 -4 -14 -70906
-22 10 -22 7 -45936
11 23 15 20 -71954
24 1 24 3 -46818
-2 23 -1 24 -53146
-4 -10 -10 -11 -72104
-21 -16 -24 -14 -50580
10 -5 12 -4 -74990
-14 -2 -15 -3 -50530
22 7 24 10 -61504
16 0 14 0 -73026
17 -21 21 -24 -52116
20 -1 16 -1 -77220
-14 6 -12 13 -64582
4 -8 5 -13 -64202
24 -6 23 -1 -71586
-24 6 -22 18 -60168
6 2 8 0 -68936
-18 -13 -17 -11 -63768
9 12 11 12 -68260
-10 -20 -12 -22 -73404
-16 16 -15 14 -72628
22 14 24 16 -62626
10 -11 12 -7 -76658
9 -21 14 -20 -70824
1 -22 7 -21 -97948
-9 24 -13 20 -72836
-13 1 -11 -3 -63310
-5 17 -7 15 -55866
2 -24 3 -21 -68088
18 -4 14 -7 -76306
5 -9 4 -8 -69856
8 -7 14 -16 -89936
3 22 0 17 -69076
19 8 23 4 -79212
-17 1 -17 -4 -59706
5 20 8 19 -61352
23 24 22 21 -45702
-3 -22 3 -23 -90156
8 11 5 8 -65446
1 2 1 7 -71564
-10 -13 -9 -13 -68914
20 21 24 24 -50050
-5 -12 -6 -5 -69736
-10 22 -15 22 -64972
-4 1 -3 3 -54220
-5 -24 -6 -24 -60576
17 -14 15 -13 -59676
15 -11 19 6 -91912
20 3 3 -19 -110132
3 -17 2 -17 -78432
-17 -17 -17 -16 -58810
20 15 21 16 -74286
-24 -4 -20 -4 -63468
1 0 0 1 -57820
15 -1 15 -2 -64240
-21 -16 -24 -24 -51938
3 23 7 15 -65556
23 -11 24 -14 -48626
1 -24 5 -23 -95818
4 -3 4 -23 -83772
15 24 14 18 -70944
12 -3 10 -5 -79124
-16 15 -15 14 -77168
8 -22 10 -18 -68230
22 17 24 17 -50162
-10 -13 -11 -14 -60070
-10 15 -7 13 -49776
-17 24 -19 17 -79534
23 13 24 13 -51210
-15 -10 -14 -8 -47830
-24 16 7 16 -67202
2 -23 7 -24 -77418
-24 22 -20 20 -53022
1 -20 2 -20 -88460
-22 -11 -23 -10 -60458
-2 22 -6 23 -62776
-14 -12 -13 -12 -58908
16 -17 19 -12 -72770
-1 -7 0 -7 -66444
4 10 9 -5 -86302
-17 -8 -16 -11 -67666
18 -10 20 -11 -64936
3 -23 2 -21 -65728
-13 -10 -15 -9 -68700
0 14 1 16 -58864
13 -21 13 -18 -65290
0 -9 -2 -7 -78394
-14 5 -5 2 -64990
10 -20 13 -22 -71962
10 16 8 15 -80136
14 10 18 10 -70184
8 23 8 24 -52682
-18 9 -17 8 -63256
8 -8 9 -9 -65298
13 -23 9 -19 -72700
22 -17 21 -17 -59984
3 22 5 24 -61936
5 -7 8 -4 -73596
23 -6 24 0 -63674
11 8 10 6 -66034
-21 -21 -20 -23 -49874
-17 -10 22 -22 -90106
6 -3 1 -2 -72234
11 16 14 15 -65552
-19 24 -17 22 -39940
10 13 12 19 -65224
6 -7 6 -5 -65232
12 23 -2 24 -60202
-4 -18 0 -18 -79274
1 1 2 2 -76642
-8 22 -5 23 -55368
-24 -3 -22 -5 -53158
19 16 19 14 -59570
-5 17 -3 19 -64590
-4 1 -5 1 -50218
-7 -17 -9 -23 -71760
13 23 15 22 -70638
1 0 -10 -22 -87230
6 14 6 15 -52250
-15 19 -14 21 -73818
13 10 18 -23 -87454
-12 -2 -7 -5 -67518
-24 24 -24 16 -51124
-24 6 -23 2 -48634
-17 6 -17 5 -46144
-23 14 -23 5 -53512
-24 9 -22 -18 -61380
-24 -13 -23 -7 -54772
-19 23 -19 17 -69860
-11 6 3 0 -82392
-16 -16 -15 -17 -61308
-24 6 -21 5 -40574
-23 15 -24 12 -51834
-11 20 -8 20 -53288
6 15 7 17 -66810
12 -2 12 -1 -64484
0 24 -3 22 -63884
-16 -21 -13 -22 -57316
21 11 23 -23 -80992
-4 -22 1 -24 -73292
-17 21 -13 20 -64896
15 -2 16 0 -71822
-7 5 -7 6 -52586
20 -10 24 -20 -64686
-14 -9 -13 -13 -65698
-16 22 -17 19 -75138
1 -12 -21 -18 -79542
15 19 15 16 -57194
22 15 24 24 -70074
-22 -8 -21 -7 -65392
-1 22 4 20 -57044
20 0 24 -11 -91468
0 15 -1 14 -60412
8 -16 9 -14 -59020
-17 8 -16 9 -48638
-22 1 -23 -4 -48128
17 -22 17 -19 -61286
22 -22 23 -15 -50898
17 -15 23 -24 -67588
5 0 10 -20 -97314
-24 -3 -21 -22 -65880
10 -2 14 -7 -75782
2 -10 1 -10 -65966
-14 -24 -12 -22 -61390
23 14 23 11 -53370
2 19 0 17 -68886
-22 -2 -20 -4 -62702
-23 17 -23 16 -40166
-16 23 -13 24 -72448
-1 -16 1 -19 -67440
-8 23 -9 18 -74490
-5 -13 -5 -11 -49044
0 -7 16 -3 -97450
-3 -12 24 5 -100540
0 22 6 22 -59360
5 6 5 4 -62578
23 22 19 24 -60422
5 -23 11 -24 -51322
8 -11 11 -7 -79444
0 6 -1 9 -67688
-13 -2 -13 2 -61210
-21 -16 -19 -14 -71022
24 -4 23 -3 -62954
20 -12 21 -10 -69892
24 -5 -24 21 -75726
-4 0 21 -1 -101032
24 4 22 8 -64648
24 -7 24 -6 -57838
20 24 22 21 -59754
18 -1 -12 2 -98550
-11 -13 -11 -17 -54032
20 -16 0 -14 -96264
-1 -12 0 -11 -61364
6 24 -9 23 -70550
2 -23 0 -24 -71294
8 9 8 12 -52666
-6 19 -5 24 -68858
20 -23 17 -23 -52608
22 8 -22 4 -77688
-16 24 -21 23 -51690
10 -9 10 23 -81774
7 -10 -13 0 -101414
22 24 23 -24 -75848
-17 -19 -16 -21 -62046
-11 3 -12 2 -56290
-4 -5 -4 -3 -54638
-1 3 2 2 -55806
-20 -16 -24 -16 -52084
20 0 22 1 -64388
16 -14 21 -7 -86156
17 10 19 16 -65926
1 -23 5 -22 -102362
-23 6 -23 4 -43868
17 23 14 24 -65678
11 21 11 19 -61144
20 -8 24 -13 -69678
16 24 21 21 -70736
-9 -6 -7 -11 -67924
10 -6 -19 0 -96536
0 21 -2 24 -50420
4 16 4 18 -57656
-19 4 -20 0 -61358
-16 0 -15 0 -44238
16 24 6 24 -55734
-6 14 -8 12 -56040
-4 20 -4 19 -61046
-22 -8 -23 -7 -60352
8 3 12 4 -71030
-24 18 -21 14 -51780
-15 -23 -15 -21 -60344
-5 -15 -4 -13 -57508
-10 13 -4 -10 -80784
24 15 4 17 -78460
1 0 24 2 -94672
24 1 24 6 -50836
-4 11 -1 10 -55012
-7 -18 -5 -21 -70940
17 10 21 10 -63102
12 3 11 4 -63416
19 0 -21 -9 -92392
-9 5 -10 2 -54610
-24 2 -24 -4 -44712
5 10 5 9 -57970
21 12 24 10 -68038
-18 14 -14 12 -72382
-6 -6 -10 -6 -62176
-8 -22 -15 -22 -62804
-20 5 -18 1 -66676
-4 12 -4 9 -54938
-24 -9 -22 -9 -53846
13 -4 19 -18 -92322
10 -21 16 0 -97874
21 22 21 18 -69274
11 -13 8 -14 -63126
-7 13 -14 10 -60790
-9 -9 -8 -12 -61874
5 -6 9 -7 -73556
0 8 -2 5 -77846
-19 12 -19 15 -53944
15 -14 15 -12 -58562
20 5 23 9 -70766
19 23 -24 19 -60306
-21 -24 -14 -24 -53698
15 20 18 24 -72270
-11 -16 -9 -18 -57942
-24 2 -22 4 -40160
16 9 17 11 -56892
9 -23 -23 -23 -74046
15 0 15 5 -58790
4 -23 3 -22 -67122
10 24 9 22 -54250
15 -20 -14 -23 -84572
-24 -10 -21 -4 -64078
-19 -10 -19 -11 -63462
-6 19 -6 20 -68778
-24 17 -18 15 -52414
12 -9 14 -13 -79362
-22 -23 -22 -19 -52210
18 -24 12 -22 -62860
6 2 6 0 -65886
23 19 23 18 -58126
22 6 23 10 -67560
6 13 5 -15 -91624
-21 -16 -17 -20 -63818
21 0 24 -4 -81548
-15 24 -15 21 -50604
4 -19 11 -18 -67988
-14 -18 -14 -14 -62736
-22 -16 -22 -10 -64840
17 -18 17 -17 -52584
-3 -19 -3 -23 -67482
4 0 4 2 -68702
11 -12 14 -11 -68032
8 19 9 20 -69808
16 -3 19 -13 -82570
-24 11 -22 15 -54492
21 -2 20 -2 -69272
-13 -24 24 -23 -75982
-23 -24 22 -19 -71656
22 0 23 0 -61408
20 -16 1 -14 -94912
13 -13 20 -11 -78720
5 0 6 -3 -70310
-5 12 -5 13 -43820
20 -23 14 -24 -55854
-24 -12 -24 -18 -52100
-7 9 -6 7 -55376
-12 9 -11 9 -46362
15 15 19 18 -78774
18 -5 18 -3 -64594
18 -21 22 -16 -61304
-11 23 -9 21 -49652
-24 12 -20 10 -48510
-2 11 -6 10 -52936
-1 1 -3 0 -53660
-17 18 -16 17 -60848
-12 -8 -13 -7 -68558
1 17 -2 17 -63112
24 15 24 22 -60442
20 -14 24 -13 -65920
21 -17 24 20 -78586
1 -9 0 -6 -78382
16 -20 16 -21 -62954
10 -15 10 -17 -49296
-10 3 -9 1 -57668
-2 -2 3 -17 -96402
11 -12 10 -9 -78006
1 15 3 14 -59220
3 -23 4 -21 -75276
24 -4 24 -7 -62840
14 4 15 5 -77302
-18 -1 22 -9 -98546
15 -11 -14 -5 -100474
-15 12 -14 21 -62610
-12 -23 -11 -19 -73796
-4 -18 -5 -21 -70626
0 13 -1 16 -50916
6 -14 -22 -12 -86888
-24 22 -23 17 -60220
16 21 16 20 -64826
-6 21 -6 23 -61378
-9 -17 -5 -16 -75154
-17 23 -13 23 -69020
12 18 13 19 -64590
20 8 24 5 -74952
2 -7 -6 -4 -79764
1 -11 24 13 -94924
8 19 10 17 -66806
9 13 8 14 -57928
20 -15 21 -9 -70214
-11 0 -12 -2 -55644
15 -24 13 -19 -60232
-11 20 -12 24 -53944
-6 -20 -3 -21 -75542
-24 12 -23 10 -42924
-23 -6 -21 -5 -64196
6 -21 7 -17 -60994
15 10 15 7 -58814
-10 8 -8 11 -61174
0 -8 0 -1 -68926
7 24 6 15 -72104
21 -5 24 -12 -73744
4 7 3 8 -56106
-4 -9 0 -12 -72764
-8 -7 -8 -3 -49914
-3 -6 -3 -8 -67062
-19 -7 -16 -8 -53954
-1 -4 1 -5 -71254
2 1 4 2 -73102
4 -20 4 -24 -60288
-8 -20 0 -16 -88832
-15 -2 -13 -6 -66208
-13 24 -21 22 -68478
18 11 6 9 -85386
5 -21 22 7 -104450
-3 -20 -2 -23 -66148
15 6 14 6 -74316
-15 21 -12 22 -76574
15 -16 17 -14 -65506
-7 3 -8 1 -53418
4 14 8 16 -66408
-3 -21 -2 -20 -69280
20 21 14 21 -80146
-8 5 -7 9 -59784
17 21 20 24 -68046
17 1 16 2 -62604
1 -18 6 7 -95926
13 21 15 21 -73098
23 14 23 13 -54120
-7 -23 -8 -24 -51212
7 4 11 -11 -96212
17 19 24 17 -67760
-21 -5 -18 -10 -69550
8 -5 8 -1 -75496
8 1 12 2 -74068
-20 -6 -20 -4 -44034
-13 3 -14 1 -61826
23 -11 21 -21 -63682
-18 0 -18 2 -61356
14 -9 15 -9 -64480
-24 21 -21 20 -49012
9 -16 -9 -16 -97334
9 -3 10 -4 -71272
-13 13 -13 14 -54312
4 -12 0 -13 -73678
-11 -24 -9 -23 -60538
2 5 0 1 -79546
-1 24 -2 24 -57878
12 -12 11 -9 -79272
-13 -10 -10 -11 -70740
-10 -18 -6 -23 -70474
11 7 13 -2 -70042
14 -7 23 -5 -82732
20 -9 24 -8 -57978
18 -24 14 -23 -59416
8 -24 8 -19 -56254
6 -2 3 -4 -71184
-4 -13 0 -15 -69406
22 12 24 10 -63696
17 5 15 5 -75600
-17 -15 -19 -16 -65942
11 -23 13 -18 -67628
-15 3 -20 5 -59328
-22 1 -22 2 -55504
-13 -20 -16 -21 -66806
-3 -15 -4 -19 -65184
-18 -14 -18 -11 -65654
20 7 14 13 -74504
-24 -15 -24 -14 -49340
-19 10 -15 9 -64892
-24 -10 -24 -5 -48912
-15 7 -15 8 -50760
-4 24 -10 23 -53586
16 -1 21 -3 -79358
-9 17 -8 16 -51554
-20 -23 -18 -24 -48088
-24 22 -22 18 -61652
21 20 22 21 -68568
-13 10 -12 9 -50544
22 -19 19 -17 -64810
-19 -18 -22 -21 -63188
-16 -23 -15 -20 -76164
2 0 3 -22 -91712
-12 -22 -12 -19 -66300
