-4 23 -2 24 -51191
3 23 5 24 -58129
-9 11 -9 12 -58275
24 12 24 9 -44787
0 -24 2 -24 -59469
20 -18 20 -19 -49117
-19 1 -12 -10 -81299
24 -10 21 -9 -63567
24 -2 24 0 -56775
10 -9 12 -7 -53103
-9 -10 -3 -9 -79113
0 -19 -2 -17 -62207
-13 -12 -14 -16 -59597
-7 -13 -12 -15 -64111
17 -23 20 -20 -69775
-12 -18 -10 -17 -62893
24 21 22 21 -70079
8 8 9 9 -55427
23 -24 23 -22 -45215
4 -21 5 -16 -71389
4 -19 3 -18 -61935
-24 20 -23 18 -56801
4 -24 2 -22 -53233
-5 -5 -6 -5 -70223
-23 -13 -24 -14 -42983
0 -17 1 -22 -62533
1 -17 1 -1 -84649
12 -20 11 -17 -59847
-5 6 -7 0 -68967
-9 7 -10 7 -70731
24 19 24 18 -48047
-23 13 -24 12 -43721
-4 23 -7 24 -43827
-10 8 -12 9 -61489
-18 -6 -19 -6 -57761
4 10 5 5 -59699
17 23 14 21 -57675
-20 -8 -20 -5 -71807
-24 -2 -23 -5 -51109
21 -17 -12 -14 -76531
24 -5 24 -2 -48415
2 13 3 12 -57075
24 18 23 24 -60165
-18 -24 -15 -24 -54549
-5 14 -4 14 -58479
-23 23 -23 21 -51125
-24 14 -21 12 -57615
-23 -18 -24 -17 -75459
-10 14 -11 16 -63059
6 -7 8 -9 -61143
-22 -18 -22 -21 -64529
15 15 17 14 -53629
-21 3 -18 1 -55595
10 -23 10 -24 -49071
0 -11 -2 -6 -83269
19 5 17 3 -49463
9 -17 7 -17 -62565
23 24 24 24 -57369
-24 -8 -23 -9 -55685
-16 3 -17 2 -54093
24 -23 23 -21 -57245
-15 22 -15 24 -50239
20 24 19 23 -57633
0 24 1 23 -53481
-13 3 -14 3 -59979
-10 15 -10 11 -67465
-10 6 -9 6 -72493
-2 -20 -6 -20 -58023
-14 0 -14 3 -40823
8 -24 7 -23 -61699
7 -2 11 0 -70789
-2 -18 -1 -17 -58669
-21 24 -19 24 -56253
-14 18 -15 17 -64095
-10 15 -9 12 -69105
0 22 -24 22 -59961
1 23 1 24 -54861
-7 -23 -7 -24 -54287
-4 3 -5 2 -59397
6 -14 6 6 -74629
-18 -11 -17 -10 -55065
-12 -1 -12 -4 -53777
16 9 17 12 -60429
-16 -24 -8 -13 -86043
24 14 14 12 -61387
-2 -4 1 -5 -62093
6 -24 6 -23 -50633
2 8 0 9 -54225
6 -1 6 -3 -62669
0 12 -1 14 -59465
-20 -14 -19 -15 -65243
13 12 12 12 -60721
16 -21 18 -20 -69243
16 -24 19 -23 -63847
-12 10 -12 7 -45765
17 -15 14 -16 -57973
21 -3 19 -3 -68479
24 20 22 18 -63241
12 0 11 -1 -66233
16 24 18 23 -60709
11 22 13 24 -56031
17 12 17 11 -60495
19 22 18 21 -64417
-17 -9 -19 -7 -60019
23 24 22 21 -56043
-15 14 -21 15 -55505
-13 -16 -15 -19 -75149
7 23 8 24 -49663
-23 22 6 23 -62903
-23 20 -24 11 -59547
-4 -21 -3 -19 -60485
12 24 13 23 -57913
14 -20 15 -24 -59881
-5 -24 -6 -24 -39345
24 15 24 14 -44871
-23 23 -23 24 -38645
7 -4 5 -6 -59393
9 -24 9 0 -79423
14 1 14 2 -56575
-16 -15 -16 -16 -65087
20 24 22 24 -72041
-16 -20 -13 -20 -65367
-12 -9 -9 -8 -58065
-8 -23 -11 -24 -55601
-24 -13 -24 -10 -34215
-8 -3 -8 0 -47467
15 -24 16 -23 -62537
-7 -11 -3 -13 -69761
-20 -21 -20 -22 -66093
-23 -21 -23 -24 -54115
24 -14 24 -12 -51945
0 11 0 10 -60927
-3 -3 -6 0 -55403
-22 24 -21 23 -51163
15 5 16 4 -53969
-5 -6 -5 -5 -70805
23 13 24 13 -46511
0 0 -2 -3 -52911
5 -15 5 -12 -59089
12 8 13 8 -55451
-23 -21 -21 -19 -43463
-20 0 -20 -4 -59567
-1 -23 -2 -24 -63937
0 7 0 6 -55427
12 -12 10 -10 -73183
-3 22 -2 15 -58831
-24 -18 -23 -19 -79599
-9 -7 -8 -4 -74795
4 24 0 23 -68117
7 -11 6 -12 -56227
4 -22 -22 -24 -69139
9 -24 5 -23 -65443
-3 24 -2 24 -50201
0 -13 3 -13 -64931
-1 -10 0 -9 -63237
0 -13 0 -12 -49593
13 0 13 1 -62027
-6 24 -5 22 -49835
15 -10 14 -12 -49199
24 -20 24 -19 -46859
-24 16 -23 18 -53515
-19 4 -21 7 -54369
-1 23 0 24 -52667
-24 -2 -24 0 -43837
11 5 10 4 -60393
-14 8 -15 11 -52615
13 12 13 16 -62307
8 7 7 15 -57079
-16 16 -16 20 -58287
19 5 19 3 -49201
9 -24 8 -24 -64971
19 -20 18 -19 -58487
9 14 9 16 -53595
-23 -20 -22 -20 -46169
17 -11 20 -16 -69435
-13 21 23 21 -59095
0 19 -1 21 -59101
-9 -5 -10 -6 -73953
14 21 -22 -1 -73407
6 5 7 6 -70327
-23 -17 -24 -15 -67275
17 -8 17 -7 -53125
13 -4 13 -6 -52167
-19 -21 -2 -19 -82853
17 -9 18 7 -67611
6 -20 5 -20 -58673
-1 -20 1 -19 -64339
-2 0 -1 1 -62711
20 -13 19 -16 -58477
-1 -24 -1 -21 -77035
-9 18 -9 20 -59231
7 -9 5 -9 -57783
0 5 -1 5 -63199
-6 2 -6 3 -59105
-23 19 -23 21 -54561
18 -6 20 -4 -65237
18 6 17 8 -59267
-6 -24 -7 -21 -56143
0 -10 -9 -21 -74071
2 -7 23 -7 -68907
-23 -6 -24 -7 -53267
10 9 8 9 -54457
22 21 24 22 -70853
18 -22 -22 -24 -72243
-23 -24 -24 -23 -48287
-14 1 -19 1 -70369
1 23 1 24 -54861
22 -9 24 -12 -57439
-14 -10 -14 -11 -44509
-21 -11 -24 -11 -57859
24 -1 23 1 -61813
-7 -20 8 -13 -79687
1 -23 0 -24 -66263
-17 17 -18 18 -58829
24 -18 24 -16 -42923
23 19 21 20 -70199
20 -23 21 -23 -59039
11 -15 8 -11 -81773
-15 -17 -17 -21 -76079
5 4 5 3 -54833
-3 -11 -2 -10 -66537
-4 -6 -4 -2 -60559
-11 24 -10 24 -51101
10 24 9 22 -56143
-8 24 -8 23 -44131
13 11 12 13 -57833
-22 11 -23 8 -40067
-15 -20 -16 -18 -67135
0 -24 23 -21 -64167
24 2 24 0 -49715
8 -11 10 -13 -77317
3 20 7 18 -60753
-22 -21 -24 -19 -76063
13 -23 12 -22 -58943
22 -7 21 -8 -65931
-23 -6 -23 -4 -53369
22 22 21 24 -66517
-20 -24 -21 -23 -50995
23 17 22 15 -57113
12 -12 13 -15 -62559
23 -24 22 -23 -68277
-13 -7 -13 -8 -49339
-1 -15 -20 -17 -83071
22 17 24 13 -55643
9 8 10 6 -57753
-14 23 -15 23 -56541
-11 0 -9 0 -72207
5 -20 5 -18 -65995
-21 -7 -24 13 -58433
-24 23 -23 24 -41021
24 -4 23 -3 -52755
24 -11 24 -12 -51363
17 -7 16 -7 -51523
0 -15 1 -15 -62993
9 -23 12 -19 -71303
24 -7 24 -6 -57541
24 -12 23 -13 -57935
1 9 2 10 -64747
9 3 8 3 -66571
18 -14 15 -13 -58873
3 -23 3 -24 -55037
-2 9 -5 8 -55227
-4 -9 -3 -9 -68259
-1 13 -1 18 -60825
22 -21 23 -17 -54631
-24 5 -23 7 -42765
-19 24 -18 23 -53205
-2 15 -5 16 -66723
17 24 18 23 -65779
24 8 23 3 -56635
-5 10 -5 14 -66707
11 15 10 15 -50227
24 -14 23 -15 -55347
-1 -7 -2 -5 -72735
-1 24 5 24 -69487
15 -1 15 0 -55307
13 -24 14 -23 -61117
12 17 11 15 -60267
-13 -23 -13 -24 -48175
0 1 0 0 -56939
24 9 -21 -12 -65135
7 -2 7 -3 -60651
8 -2 8 0 -60623
-8 -8 -9 -5 -64189
-6 22 -6 21 -51327
21 1 22 0 -62137
-1 -1 0 -21 -80903
-17 -24 -17 -23 -50447
-20 -23 -22 -2 -71063
24 3 23 5 -50755
-20 -6 -20 -7 -69699
-12 22 -13 24 -53507
0 -6 0 -7 -66471
-2 22 1 21 -61689
-23 1 -24 1 -43911
-21 24 23 24 -52083
13 23 13 24 -50445
-24 16 -24 20 -57275
-12 0 -11 -3 -54937
-11 12 -14 11 -58357
6 24 7 24 -45231
3 1 2 3 -53895
-1 2 -1 1 -55881
3 -11 3 -10 -59451
20 -2 22 24 -64325
-11 19 -9 17 -67041
-9 -13 -8 -15 -55277
24 -22 21 -22 -62881
-24 -18 -23 -20 -78299
24 -1 24 0 -58005
0 -13 5 -12 -65891
-9 24 -11 23 -53285
-24 6 -24 4 -43223
6 -14 7 -15 -66925
16 -14 17 -17 -58611
17 -23 16 -22 -54579
-18 -4 -23 -11 -69429
-24 -9 -22 -9 -57693
7 4 8 7 -68763
21 -4 19 -4 -70513
19 7 19 8 -58967
-22 -24 24 -22 -64527
12 10 15 11 -58237
-20 -23 -19 -22 -44463
-14 8 -15 8 -57125
8 0 9 1 -69261
20 -10 17 -5 -64107
0 7 0 10 -64889
10 -15 14 -13 -58659
24 -16 23 -14 -45213
22 -10 20 -10 -66825
9 -17 9 -18 -60787
15 18 14 15 -64929
9 -1 -10 -24 -79625
-15 -23 -13 -24 -61663
-10 17 -12 17 -64541
18 22 19 20 -67843
5 2 7 2 -66623
-9 -1 -11 -2 -70851
22 11 24 12 -51711
2 -4 0 -5 -48327
9 7 10 2 -62685
13 24 9 24 -50347
-16 -24 -15 -24 -59961
-24 4 -24 2 -48025
-12 -14 -12 -23 -73339
-20 20 -20 23 -55491
-10 13 9 12 -66447
22 22 23 19 -66189
-14 24 -15 23 -52165
-17 23 -15 23 -53931
18 -2 15 -22 -72619
16 -23 15 -23 -58541
16 0 17 0 -57015
-4 -10 -6 -4 -84695
17 -19 -4 -3 -87955
2 14 3 20 -58061
-24 11 -24 12 -37353
-13 -20 -13 -21 -64467
17 17 21 15 -62009
24 4 23 4 -42427
-21 -17 -13 -16 -59603
16 5 21 5 -55265
-2 16 0 14 -65725
-24 8 15 7 -67247
-11 -22 10 -24 -67455
21 24 19 24 -69143
15 -9 12 -8 -59139
-12 15 -10 16 -66109
-5 -8 -4 -9 -72637
-1 20 0 21 -52005
-9 0 -8 0 -74481
-14 -8 -15 -8 -53713
2 0 1 0 -60389
20 -10 20 -9 -54875
-12 -2 -22 -3 -73425
0 -5 -11 -7 -90149
-6 -15 -10 -1 -84525
0 5 -2 4 -60409
-7 20 -8 19 -54105
23 23 24 24 -48893
8 3 10 0 -63569
6 -10 7 -13 -67381
-24 2 -23 3 -49795
20 -24 23 -22 -60789
-5 -22 -5 -23 -65895
18 18 19 19 -64569
21 -5 21 -6 -60663
-5 -7 -8 -10 -73863
-19 11 -18 10 -45651
-12 -24 -13 -23 -51405
-23 -16 -23 -15 -56421
7 20 7 17 -52563
11 -24 10 -23 -57563
24 14 24 0 -66941
7 -17 5 -20 -68539
-17 10 -15 16 -51839
24 -4 24 -7 -57977
-12 23 -12 24 -48823
18 18 18 19 -58903
-13 18 -14 19 -62597
-12 -10 -13 -11 -56285
0 -22 0 -23 -74147
9 24 9 23 -48963
11 -22 9 -3 -83211
-19 18 -16 19 -57413
-5 -21 -7 -1 -79639
-2 -4 9 -4 -78995
-23 -10 -22 -9 -54685
-2 -22 -2 -24 -73071
-5 18 -4 19 -54721
-7 4 -7 5 -60471
12 -15 11 -15 -59023
-22 -12 -8 -1 -82169
-22 23 -21 23 -57927
-23 -22 -23 -24 -50015
-16 -14 -15 -17 -62785
10 -17 10 -15 -57899
1 -24 0 -24 -59809
24 -21 22 -20 -63685
0 -3 -21 -3 -76063
-7 15 -6 14 -58729
-21 -1 -20 0 -53631
24 6 24 8 -62201
10 7 10 13 -55407
22 24 23 23 -67331
13 -5 12 -4 -53249
-18 -22 -19 -17 -79683
-13 17 -14 14 -61079
16 1 20 0 -64695
-15 -19 -15 -17 -72883
-23 22 -24 22 -47303
-24 13 -23 12 -53871
13 18 12 19 -58339
3 -1 5 0 -62425
21 -24 22 -22 -54719
13 -5 14 -3 -58575
19 -12 20 -11 -59179
-12 -23 -13 -24 -53803
18 15 19 16 -63071
-18 5 -16 5 -62075
1 8 2 11 -69885
24 -9 24 -8 -51049
-16 -1 -13 -2 -66853
19 24 20 23 -69977
-7 4 -7 8 -56705
-20 -12 -19 -14 -57825
14 16 14 19 -60715
-21 21 -19 20 -62249
24 -18 21 -18 -57491
2 15 2 16 -55179
-19 7 -18 8 -47201
-21 16 -21 18 -58875
23 13 24 11 -46435
10 22 8 23 -55651
-2 13 -4 12 -63255
-18 0 -18 -6 -62971
-7 -23 -8 -24 -52291
4 24 2 24 -62643
-23 2 -23 0 -47845
7 -8 7 -5 -54963
24 6 22 6 -46719
24 7 24 8 -60545
20 -24 19 -23 -53879
6 15 7 15 -45795
12 0 14 0 -53309
10 -24 12 -21 -66911
-24 -7 -23 -9 -56301
-2 13 -3 10 -67609
7 21 7 20 -47087
24 -6 23 -6 -42609
17 24 11 23 -52695
18 14 18 15 -61585
24 -14 19 -11 -68639
-24 9 -23 8 -38157
-8 -23 -15 -24 -65731
-5 -1 -6 19 -76853
-8 1 -9 0 -64557
23 -24 22 -23 -68277
-12 5 -12 4 -41583
-24 15 -23 15 -49077
-9 -13 -10 -9 -55305
4 12 2 12 -49643
13 20 11 22 -63445
8 -24 10 -24 -63537
-19 23 -18 24 -46513
-3 -17 -2 -18 -54093
-12 24 -13 24 -54661
-8 15 -9 14 -56001
-1 -8 0 -11 -69917
-24 -3 -21 -2 -52941
-12 18 -11 17 -68971
15 -21 15 -20 -57201
19 12 19 13 -60381
-15 6 -17 8 -63287
3 1 6 0 -63897
-24 -15 -24 -14 -47661
-19 5 -19 3 -48907
-24 15 -24 14 -43565
-11 18 -11 19 -59097
1 5 0 5 -62533
-9 3 -7 3 -71229
13 -24 14 -24 -52365
-20 -23 -18 -24 -48327
-8 -12 -12 -12 -64269
-23 -2 -24 -1 -47153
8 0 7 3 -63633
3 -24 5 -23 -48531
16 9 16 8 -54791
-24 19 -23 19 -53123
8 23 7 24 -49753
-15 -23 -15 -20 -70705
