-4 23 -2 24 -61987
3 23 5 24 -60293
-9 11 -9 12 -61395
24 12 24 9 -41899
-20 -9 -19 -12 -66601
20 -18 20 -19 -52337
-6 18 -3 20 -64655
24 -10 21 -9 -64231
24 -2 24 0 -64257
10 -9 12 -7 -58853
-14 -1 -14 0 -74293
-21 -7 -11 -10 -79647
-24 21 -24 19 -62491
-5 8 -6 7 -65379
3 -16 1 -14 -54287
-1 20 -1 16 -48203
24 21 22 21 -64853
-10 -6 -10 -4 -72531
23 -24 23 -22 -46297
-23 19 -24 18 -65419
-10 -13 -20 -13 -80981
-24 20 -23 18 -55649
4 -24 2 -22 -47995
-15 -23 -17 -23 -51423
-23 -13 -24 -14 -58971
-9 -12 -10 -13 -68777
4 -22 6 -19 -58761
12 -20 11 -17 -66357
23 -19 22 -21 -58611
-7 -14 -6 -14 -61929
24 19 24 18 -46235
-23 13 -24 12 -52935
-4 23 -7 24 -48245
-13 22 -7 21 -59403
-18 20 -17 21 -63319
-13 6 -13 3 -56207
17 23 14 21 -56235
-14 4 -17 0 -73695
-13 -19 -13 -18 -62919
-22 -22 -23 -20 -61169
24 -5 24 -2 -62577
2 13 3 12 -55373
24 18 23 24 -59751
-17 -21 -16 -18 -62685
-6 -1 -5 -3 -58003
-23 23 -23 21 -52547
-24 -19 -24 13 -71649
0 2 0 3 -56203
-8 16 -4 16 -54571
-5 -18 -6 -15 -58601
0 7 3 6 -56125
15 15 17 14 -51791
-5 -17 -6 8 -85123
10 -23 10 -24 -43311
6 -13 5 -6 -59105
19 5 17 3 -52739
9 -17 7 -17 -58229
23 24 24 24 -52805
-2 -15 0 -15 -49013
-3 11 -3 8 -65175
24 -23 23 -21 -57993
-15 22 -15 24 -51617
20 24 19 23 -52869
0 24 1 23 -47839
-10 -7 -12 -9 -69141
0 22 -4 22 -65553
-24 5 -23 5 -60875
11 -6 7 -3 -61307
-2 -9 -4 -11 -63991
-14 -24 -10 -24 -55125
7 4 11 2 -60175
2 18 1 17 -49641
-21 24 -19 24 -62643
-5 10 -8 -14 -88599
3 1 2 0 -51337
-1 -20 -2 -20 -54893
1 23 1 24 -57683
-4 -7 -4 -6 -62631
-22 -17 -22 -20 -59631
-20 4 -24 4 -67347
-19 -13 -20 -11 -62623
-21 10 -21 9 -42415
-7 -6 -8 -6 -69033
1 13 0 12 -55503
24 14 14 12 -62005
-15 19 -15 16 -48463
6 -24 6 -23 -52459
-13 0 -14 -2 -83553
6 -1 6 -3 -62951
0 12 -1 14 -53523
9 -19 9 -8 -69151
13 12 12 12 -58667
16 -21 18 -20 -58677
16 -24 19 -23 -54341
-12 10 -12 7 -74765
17 -15 14 -16 -60085
21 -3 19 -3 -54521
24 20 22 18 -60379
12 0 11 -1 -58809
0 -10 0 -8 -53961
11 22 13 24 -58251
-13 20 -10 14 -67553
19 22 18 21 -62003
17 8 17 12 -48955
23 24 22 21 -53817
0 -9 0 -14 -74439
14 -10 10 -10 -66037
7 23 8 24 -52503
-13 23 -23 23 -76299
-23 -24 -22 -24 -49339
-16 -15 -16 -13 -62505
12 24 13 23 -55847
13 -17 14 -21 -63195
-5 -24 -6 -24 -56457
24 15 24 14 -41671
-23 23 -23 24 -38393
7 -4 5 -6 -53547
11 -3 10 -4 -61565
14 1 14 2 -54513
-15 5 -16 11 -70427
10 -9 8 -7 -57803
-24 3 -22 9 -66033
-12 -2 -11 -2 -60755
-15 13 -23 9 -67399
-24 -13 -24 -10 -52099
-12 -7 -12 -8 -56509
15 -24 16 -23 -51271
-3 -15 -4 -14 -59039
-15 7 -23 9 -65373
-23 -21 -23 -24 -52925
24 -14 24 -12 -48183
0 11 0 10 -57833
-12 -1 -10 0 -69401
-22 24 -21 23 -52979
15 5 16 4 -56755
-11 -17 -12 -19 -69261
23 13 24 13 -46713
-17 13 -16 14 -52347
5 -15 5 -12 -60573
12 8 13 8 -58879
11 24 8 24 -58451
-9 -24 7 -24 -59959
-1 -23 -2 -24 -59741
-14 18 -17 17 -68035
-4 -13 -3 -12 -63361
-2 14 0 14 -57413
-7 -12 -24 -11 -80955
-23 7 -24 6 -57111
4 24 0 23 -59495
7 -11 6 -12 -53045
7 -18 7 -19 -58875
-24 12 -22 12 -62011
-3 24 -2 24 -59617
-19 -24 -21 -24 -56495
1 10 0 9 -56553
-23 -10 -22 -11 -54927
13 0 13 1 -58855
-6 24 -5 22 -51743
15 -10 14 -12 -50659
24 -20 24 -19 -51777
-24 16 -23 18 -57579
-18 -12 -15 -11 -66447
-1 23 0 24 -51017
-24 -2 -24 0 -30007
-10 11 -11 9 -73155
-6 -18 -4 -7 -81273
13 12 13 16 -52257
2 -3 3 -5 -61619
8 5 6 6 -64443
19 5 19 3 -47479
-7 14 -8 16 -55501
19 -20 18 -19 -52959
9 14 9 16 -49339
-12 4 -10 2 -63711
20 0 21 -24 -58101
-13 21 23 21 -59367
0 19 -1 21 -51649
-14 11 -15 6 -70529
14 21 -22 19 -65611
6 5 7 6 -53355
-23 -17 -24 -15 -42575
17 -8 17 -7 -45825
13 -4 13 -6 -50627
-3 -23 -4 -24 -61485
-22 -7 -22 -6 -47823
-15 -4 -2 0 -83971
20 6 17 6 -63497
12 9 18 7 -61769
20 -13 19 -16 -56983
-23 -24 -24 -24 -40683
-9 18 -9 20 -61741
0 -23 0 -22 -60009
9 -22 7 -21 -59341
-12 15 -11 11 -60873
-15 19 -13 21 -65799
18 -6 20 -4 -59833
18 6 17 8 -61895
-12 -3 -12 4 -89631
2 -21 0 -20 -50831
-8 -12 -8 -9 -60575
-23 -6 -24 -7 -53379
10 9 8 9 -53141
22 21 24 22 -65135
1 -4 2 -4 -53341
-23 -24 -24 -23 -50865
-12 16 -10 15 -63163
1 23 1 24 -57683
22 -9 24 -12 -52761
-14 -10 -14 -11 -56259
-9 -1 -10 -5 -78945
24 -1 23 1 -61849
-5 -9 -6 -2 -70233
-12 -18 -12 -17 -66911
-17 17 -18 18 -61673
24 -18 24 -16 -44489
23 19 21 20 -66929
20 -23 21 -23 -55221
-7 10 -5 9 -62271
8 18 7 18 -57263
5 4 5 3 -54311
3 11 2 10 -57607
-22 2 -23 4 -60897
-11 24 -10 24 -52169
10 24 9 22 -56859
-8 24 -8 23 -57791
13 11 12 13 -45305
8 -6 -23 -4 -75173
-14 -3 -16 -1 -63443
0 -24 23 -21 -55189
24 2 24 0 -51033
-18 -4 -16 -5 -65771
-5 -23 -5 -21 -57529
-3 16 -1 17 -62747
13 -23 12 -22 -54445
22 -7 21 -8 -61713
2 -11 4 -12 -50827
22 22 21 24 -63993
-20 -24 -21 -23 -58973
23 17 22 15 -55825
-16 -4 -14 0 -82747
23 -24 22 -23 -67789
-8 7 -7 11 -79809
-1 -7 -1 -2 -63565
22 17 24 13 -51767
9 -2 10 -1 -61569
-14 23 -15 23 -67133
5 20 4 22 -53879
-17 -3 0 9 -90749
16 -8 15 -8 -62109
-24 23 -23 24 -45383
24 -4 23 -3 -54501
24 -11 24 -12 -46079
17 -7 16 -7 -59599
-5 -9 -11 -6 -73455
-22 -17 -21 -19 -58413
24 -7 24 -6 -57405
24 -12 23 -13 -57963
-9 23 8 23 -67381
-4 -17 -6 -19 -60463
18 -14 15 -13 -55215
3 -23 3 -24 -56753
-10 1 -10 0 -81615
-6 22 -5 23 -56697
-3 5 -17 7 -78537
-2 -23 -17 -20 -76799
-6 -6 -7 -7 -70413
-19 24 -18 23 -56193
-15 -10 -15 -23 -78171
17 24 18 23 -51143
24 8 23 3 -55899
9 -23 8 -24 -55819
11 15 10 15 -53153
24 -14 23 -15 -55041
-10 -15 -10 -14 -64677
-1 -23 -1 -24 -54909
15 -1 15 0 -55221
13 -24 14 -23 -48863
-22 -9 -22 -10 -55893
-24 -23 -23 11 -70029
-9 -6 -10 -6 -65971
24 9 -21 -12 -65409
7 -2 7 -3 -63067
8 -2 8 0 -59069
-20 20 -10 17 -81269
-6 -21 -6 -20 -56005
21 1 22 0 -57619
-24 -19 21 -11 -65167
-17 -24 -17 -23 -40387
24 -16 22 -24 -64855
24 3 23 5 -48679
4 -22 3 -24 -60773
-12 22 -13 24 -57769
23 -1 22 -3 -54099
-2 11 -1 9 -68395
-23 1 -24 1 -57065
-21 24 23 24 -52429
13 23 13 24 -49071
-24 16 -24 20 -53449
1 6 0 6 -56429
7 3 7 4 -51185
6 24 7 24 -51255
-12 -24 -15 -23 -55687
-6 3 -7 1 -60651
-17 -14 -16 -15 -64575
20 -2 22 24 -61261
-4 6 -1 7 -61603
-11 -14 -8 -14 -69355
24 -22 21 -22 -62535
-2 1 -5 0 -51177
24 -1 24 0 -63651
-1 7 -24 23 -72935
-9 24 -11 23 -53901
-24 6 -24 4 -55189
-3 -5 -1 -6 -49841
16 -14 17 -17 -54355
17 -23 16 -22 -50339
-8 -18 -9 -20 -66559
-24 -9 -22 -9 -52137
-18 -2 -19 -3 -63189
-14 -12 -13 -11 -63155
19 7 19 8 -58379
-22 -24 24 -22 -51093
12 10 15 11 -58153
-20 -23 -19 -22 -50355
-10 -13 -6 -9 -76913
-23 -4 -24 -5 -46819
20 -10 17 -5 -56587
0 7 0 10 -55707
10 -15 14 -13 -65149
24 -16 23 -14 -42955
22 -10 20 -10 -61877
9 -17 9 -18 -63889
15 18 14 15 -59109
-9 -15 -15 -14 -70157
-7 -23 -6 -24 -51347
-21 0 -22 0 -58935
18 22 19 20 -63953
0 -20 -1 -16 -54053
-4 13 -6 15 -60695
22 11 24 12 -50935
-9 -23 -9 -24 -40335
15 -12 14 -16 -58227
13 24 9 24 -59321
-22 -17 -21 -15 -64407
-24 4 -24 2 -53963
-9 -17 -8 -11 -73063
-16 2 -14 2 -60361
-9 -24 -10 -24 -50083
22 22 23 19 -66809
-14 24 -15 23 -60229
-17 23 -15 23 -67841
9 -6 9 -4 -57933
16 -23 15 -23 -53877
16 0 17 0 -60819
0 -24 -12 -22 -75793
8 -15 10 -17 -61643
10 5 -24 12 -72583
-24 11 -24 12 -32939
-10 -4 -10 -5 -72225
17 17 21 15 -61221
24 4 23 4 -43443
-17 8 -1 9 -78651
16 5 21 5 -68327
-18 -4 -13 -2 -77871
-22 -22 -15 -21 -67317
-1 3 -2 6 -58689
21 24 19 24 -54085
15 -9 12 -8 -61575
-3 -23 -3 0 -72893
-16 -19 -17 -20 -60953
-15 -18 -5 -16 -81357
-18 -8 -20 9 -73121
-22 -20 -22 -21 -57857
-22 8 -21 5 -61499
20 -10 20 -9 -49569
-24 12 -21 -4 -78247
9 -13 9 -14 -58823
-2 -14 -2 -15 -57479
0 5 -2 4 -57733
-19 -3 -17 -3 -64823
23 23 24 24 -45883
8 3 10 0 -55885
-11 12 -12 12 -57459
-24 2 -23 3 -58591
20 -24 23 -22 -56421
-2 -14 -2 -23 -63773
18 18 19 19 -64577
-23 -16 -24 -19 -53113
-14 -14 -14 -17 -69113
9 15 7 -6 -64655
-12 -24 -13 -23 -50423
-17 20 -24 17 -73209
7 20 7 17 -46889
11 -24 10 -23 -47401
24 14 24 0 -64391
7 -17 5 -20 -61179
-17 19 -20 22 -65433
24 -4 24 -7 -62535
-12 23 -12 24 -56677
18 18 18 19 -59299
-13 -2 -14 -5 -74449
-6 -13 -7 -12 -64109
8 -22 10 -21 -59217
9 24 9 23 -50853
-17 2 -18 4 -49817
-8 14 -12 1 -92379
-18 -16 -17 -16 -63857
-13 -10 -12 -7 -65797
-23 -5 -23 -6 -43195
0 -13 0 -9 -71659
-2 -17 -24 -19 -77159
-7 4 -7 5 -59299
12 -15 11 -15 -56889
-1 3 -24 0 -73821
-22 23 -21 23 -62157
-23 -22 -23 -24 -47889
7 5 5 6 -60961
10 -17 10 -15 -62613
1 -24 0 -24 -44305
24 -21 22 -20 -62321
-7 -2 -7 0 -61413
-10 3 -10 0 -85115
-21 -1 -20 0 -63661
24 6 24 8 -61813
11 14 10 17 -59197
22 24 23 23 -63201
13 -5 12 -4 -56541
7 -13 6 -12 -58013
23 -8 24 -8 -58131
16 1 20 0 -64693
1 -1 0 -1 -57235
-23 22 -24 22 -54793
-24 13 -23 12 -47013
13 18 12 19 -58859
-1 5 -5 6 -64079
21 -24 22 -22 -51977
-13 10 -14 11 -63273
19 -12 20 -11 -55675
-12 -23 -13 -24 -45337
18 15 19 16 -61175
-9 6 -8 8 -72109
10 6 12 9 -44349
24 -9 24 -8 -47971
-9 24 -9 22 -63865
19 24 20 23 -60983
-22 -13 -23 -15 -66641
-4 -2 4 -1 -61789
14 16 14 19 -58367
-7 -4 -6 14 -87941
24 -18 21 -18 -56101
2 15 2 16 -41431
-19 7 -18 8 -50579
-19 -10 -20 -14 -63063
23 13 24 11 -41497
10 22 8 23 -63565
7 22 2 20 -65401
-4 20 -4 22 -51639
-7 -23 -8 -24 -50037
4 24 2 24 -55691
17 2 15 -1 -60037
7 -8 7 -5 -54583
24 6 22 6 -46595
24 7 24 8 -60353
20 -24 19 -23 -51809
6 15 7 15 -50833
12 0 14 0 -52393
-9 15 -7 20 -52737
-2 -23 -5 -23 -59479
-23 -20 -24 -21 -42697
7 21 7 20 -49009
24 -6 23 -6 -53375
17 24 11 23 -52683
18 14 18 15 -51155
9 -21 7 -18 -65655
-24 9 -23 8 -51675
-23 -12 -5 16 -84837
-21 -13 -24 -13 -53213
0 0 -1 5 -61717
23 -24 22 -23 -67789
-23 -9 -24 -11 -58849
-24 15 -23 15 -62175
-9 5 -10 6 -57405
4 12 2 12 -53547
13 20 11 22 -61353
8 -24 10 -24 -50903
-19 23 -18 24 -55513
-17 17 -15 15 -61353
-12 24 -13 24 -56601
-24 20 -24 21 -60933
7 -14 6 -14 -53961
0 -5 0 -4 -58457
6 -7 9 -7 -55781
15 -21 15 -20 -48291
1 -12 -1 -14 -57087
1 -15 -12 -7 -83807
-14 -23 -14 -24 -41347
24 -5 24 -4 -62693
5 -2 4 -2 -53885
-24 15 -24 14 -31929
-11 18 -11 19 -60537
-23 -6 -24 -5 -45167
5 -24 1 -24 -47431
13 -24 14 -24 -47015
-20 -23 -18 -24 -60103
5 1 3 3 -57017
-11 -23 -9 20 -80325
-10 6 -11 16 -81689
3 -24 5 -23 -53083
16 9 16 8 -50141
-24 19 -23 19 -63619
8 23 7 24 -55455
-9 2 -9 1 -78195
