-4 23 -2 24 -53526
-16 11 -15 8 -63658
-15 -20 -16 -20 -49766
24 12 24 9 -45988
11 -3 12 -3 -63228
20 -18 20 -19 -54586
-12 7 -13 5 -50602
3 21 0 22 -58384
-12 2 -10 3 -58262
-3 21 -4 22 -57600
-20 22 -22 21 -57958
4 -15 3 -17 -57928
-3 -24 -4 -23 -45136
-1 -22 -2 -23 -42486
11 -23 10 -24 -58542
-7 -10 -5 -12 -64992
24 21 22 21 -56060
2 8 1 10 -69474
23 -24 23 -22 -42756
-23 19 -24 18 -58708
-23 -9 -24 -8 -44934
-24 20 -23 18 -53034
4 -24 2 -22 -60870
-7 17 -8 17 -58936
23 24 20 24 -60412
-6 -5 -8 -13 -64274
17 23 15 23 -52460
17 13 -8 12 -88716
8 11 10 13 -71394
6 11 7 13 -65340
24 19 24 18 -60680
-23 13 -24 12 -53720
-4 23 -7 24 -47534
0 1 -1 1 -61458
24 -13 -18 -18 -72816
-12 24 18 24 -69760
17 23 14 21 -51972
6 6 5 8 -76628
-23 14 -23 8 -66922
-22 -22 -23 -20 -59340
17 -5 17 16 -88452
-14 16 -14 17 -55504
24 18 23 24 -60722
10 20 10 17 -69044
17 17 15 19 -61428
-23 23 -23 21 -66582
-5 6 -5 3 -46994
9 -13 8 -12 -66678
17 1 5 12 -99776
-12 -16 -11 -16 -54136
-2 -19 -3 -18 -52242
17 -8 14 -9 -63364
-9 -3 -10 -3 -50494
10 -23 10 -24 -50700
-13 -16 -15 -17 -59200
-15 -10 -18 -7 -55274
-21 5 -24 8 -56248
23 24 24 24 -49726
12 -11 8 -11 -71888
-19 19 -19 18 -61810
24 -23 23 -21 -55436
7 -16 -9 -5 -84276
20 24 19 23 -45418
0 24 1 23 -47152
20 -14 20 -13 -62096
1 -7 0 -7 -66778
-24 5 -23 5 -47844
-24 -5 -24 -4 -53856
12 0 9 -24 -77592
1 4 3 5 -54986
-11 -7 -14 -5 -57452
2 18 1 17 -69082
-21 24 -19 24 -50996
-23 1 -24 1 -59690
-9 -19 -9 -16 -54878
18 13 18 -9 -84598
4 0 4 2 -56382
-6 12 -7 13 -67088
-22 -17 -22 -20 -62702
-15 23 -14 22 -55850
-7 -10 -6 -12 -62464
-24 10 -23 11 -53012
-5 3 -6 2 -51272
-21 15 -20 14 -53638
0 5 24 11 -84234
-9 10 -10 9 -54418
6 -24 6 -23 -52034
-24 0 -23 -24 -56030
-18 0 -20 0 -58200
11 -9 9 -20 -84286
-23 -8 -24 -8 -45290
-4 14 -8 13 -69342
16 -22 18 -24 -57016
16 -24 19 -23 -64426
0 14 24 16 -86554
17 -15 14 -16 -64732
-6 7 -9 7 -54388
24 20 22 18 -56858
-14 -23 -8 -22 -58184
-19 -16 -20 -18 -63974
-20 22 -23 -16 -65072
-11 -5 -10 -4 -52122
1 11 22 4 -95696
17 8 17 12 -67458
23 24 22 21 -49738
-16 14 -20 11 -51224
5 -16 5 -17 -60366
7 23 8 24 -49062
-17 20 -17 23 -62642
-23 -24 -22 -24 -55528
19 10 14 8 -63542
12 24 13 23 -64392
-19 3 -17 3 -55582
-5 -24 -6 -24 -39038
24 15 24 14 -51258
-23 23 -23 24 -61020
-18 -17 -15 -14 -68014
11 16 10 15 -74426
14 1 14 2 -52962
11 -5 10 -6 -61982
-8 5 -8 1 -48958
-24 -16 -24 -19 -56732
-10 12 -10 10 -59218
-19 -13 -21 -12 -51762
24 -7 24 -10 -81356
-12 -7 -12 -8 -43966
15 -24 16 -23 -61208
6 9 5 10 -74532
-6 -15 -6 -14 -42082
-23 -21 -23 -24 -54310
24 -14 24 -12 -66710
-8 -21 -10 -21 -51828
15 2 17 3 -61460
-22 24 -21 23 -50526
15 5 16 4 -57240
24 0 19 0 -56214
23 13 24 13 -44316
0 -24 0 -23 -42258
-7 8 -8 9 -58060
12 8 11 10 -76480
11 24 8 24 -54464
-12 -14 -13 -10 -50528
6 -5 7 -5 -60118
-19 22 -12 19 -67638
-7 19 -7 18 -61728
21 0 20 3 -85856
-1 7 -2 5 -53984
-23 7 -24 6 -43494
3 23 3 24 -39588
22 -11 21 -10 -62040
-18 16 -19 18 -61442
-10 24 -10 23 -62990
-3 24 -2 24 -49064
-19 -24 -21 -24 -55238
24 9 -23 22 -74422
-14 16 -14 14 -53362
11 -24 9 9 -74692
4 13 2 13 -61948
15 -10 14 -12 -63566
24 -20 24 -19 -42000
-24 16 -23 18 -55298
12 7 12 4 -63210
-1 23 0 24 -44932
-24 -2 -24 0 -32130
12 23 13 22 -68864
10 15 9 14 -73818
23 19 23 18 -64674
-19 1 -19 3 -41452
-7 -14 -8 -16 -39526
19 5 19 3 -60080
-13 -8 -11 -7 -54688
19 -20 18 -19 -60688
9 14 9 16 -66162
7 -1 7 -3 -47980
-24 -4 -24 -6 -57720
-15 12 -15 11 -53432
-1 9 -1 10 -62382
-14 12 -17 15 -56996
-22 16 -22 19 -60506
-19 4 -20 5 -47744
-23 -17 -24 -15 -54264
17 -8 17 -7 -47274
13 -4 13 -6 -55596
-4 24 -5 22 -51352
-7 -3 -7 2 -61730
-3 16 -4 14 -60184
20 6 17 6 -53330
1 -18 2 -18 -54454
-14 -21 -13 -23 -50812
-23 -24 -24 -24 -50484
-10 12 -13 11 -46472
-2 0 -1 1 -63564
9 -22 7 -21 -62948
-6 -4 -6 -2 -41128
-8 14 -10 16 -59418
23 -2 -1 7 -87338
-18 -23 -19 -21 -60438
-9 -12 -3 -13 -54794
2 -21 0 -20 -63176
1 -21 24 -20 -69146
-23 -6 -24 -7 -52968
10 9 8 9 -67962
-14 -5 -14 -3 -39800
-12 -12 15 0 -83698
-23 -24 -24 -23 -50746
11 -15 10 -15 -65238
4 22 -20 23 -66372
-17 7 -18 -14 -55960
23 -11 23 -14 -75770
20 15 20 11 -71694
24 -1 23 1 -63954
18 -24 16 -24 -67592
1 16 1 17 -75032
-17 17 -16 18 -54524
24 -18 24 -16 -44094
-9 23 -10 21 -63976
20 -23 21 -23 -52648
-22 -3 -23 -1 -45580
6 -7 -5 -12 -90310
-7 20 -8 21 -62952
5 -10 8 -8 -64742
-21 21 24 22 -75096
-23 19 -23 21 -67990
10 24 9 22 -54768
-8 24 -8 23 -56514
13 11 12 13 -62678
-17 -4 -15 -2 -46192
9 16 9 17 -72416
-15 1 -14 2 -53744
24 2 24 0 -60962
-7 -7 4 -9 -87900
-5 -23 -5 -21 -52802
5 -11 5 -10 -60182
13 -23 12 -22 -62910
16 -23 13 -24 -73094
19 1 22 4 -62880
22 22 21 24 -58862
8 -20 9 -24 -63966
23 17 22 15 -53878
-10 20 -11 22 -63924
23 -24 22 -23 -63852
14 -19 11 -17 -60658
-18 -15 -18 -14 -51466
22 17 24 13 -63082
-15 2 -15 1 -39912
-19 -2 -17 -4 -60140
6 3 3 4 -61818
0 13 -1 13 -62604
11 -5 10 -1 -61432
-24 23 -23 24 -51174
24 -4 23 -3 -51630
24 -11 24 -12 -64744
17 -7 16 -7 -61024
-5 15 -3 15 -64720
-12 -11 -13 -11 -53324
24 -7 24 -6 -54730
24 -12 23 -13 -61330
-2 5 -4 5 -61364
24 14 24 -10 -70456
-21 -20 -22 -20 -61414
3 -23 3 -24 -46894
-1 -13 -1 -14 -40800
-7 -23 -8 -20 -54980
-3 22 -3 16 -69404
2 -15 5 -13 -59030
-10 -13 -8 -14 -57952
-11 20 -11 19 -62424
13 -21 12 -22 -66424
17 24 18 23 -50772
24 8 23 3 -60876
9 -23 8 -24 -56338
11 15 10 15 -68914
24 -14 23 -15 -54944
6 9 6 10 -65918
-18 22 -21 24 -58066
-7 -20 -7 -16 -57162
8 11 7 13 -72354
-19 -10 -19 -12 -48018
15 -19 16 -22 -64206
19 -13 17 -15 -60404
21 -23 -4 -24 -65618
11 -24 8 -24 -65606
-3 4 -1 3 -54196
0 7 -1 7 -63740
6 21 6 20 -65888
21 1 22 0 -71384
-16 -8 -19 -9 -53308
-17 -24 -17 -23 -38070
-1 9 -3 9 -67294
24 3 23 5 -57918
19 -2 17 -2 -59512
2 0 -19 0 -77126
-22 -21 24 -17 -71342
14 -12 13 -12 -61060
-23 1 -24 1 -59690
-21 24 23 24 -69752
13 23 13 24 -44128
-19 19 -18 19 -60164
13 -8 10 -7 -69564
7 3 7 4 -57904
6 24 7 24 -45840
13 -1 11 -6 -65518
4 3 0 0 -55270
22 -10 24 -10 -61160
-13 -16 -13 -17 -53770
-3 11 -3 10 -56618
21 -6 17 -7 -62682
-7 -24 -6 -23 -51920
0 13 0 16 -67038
4 -9 5 -10 -54356
-5 1 -5 0 -61706
-9 24 -11 23 -45062
15 -15 14 -17 -61844
-3 -5 -1 -6 -53344
7 17 7 18 -77844
-22 23 -22 24 -66192
7 -20 6 -19 -65512
6 -4 6 -5 -57994
-1 -20 -1 -16 -46426
-6 7 -3 9 -65398
19 7 19 8 -59134
-22 -24 24 -22 -62646
12 10 15 11 -64500
-20 -23 -19 -22 -49420
-18 23 -18 24 -57250
6 -6 6 -5 -58636
8 7 9 8 -64942
-7 -14 19 15 -91400
-18 -21 -17 -20 -52034
24 -16 23 -14 -46146
22 -10 20 -10 -60058
-8 -7 8 -8 -95112
6 -1 2 0 -49240
2 -3 0 -5 -47956
-7 -23 -6 -24 -45490
0 0 0 2 -56740
18 22 19 20 -61178
-23 -14 -22 -17 -56332
14 0 14 1 -52862
22 11 24 12 -50650
-9 -23 -9 -24 -42114
-3 -1 -3 0 -59356
13 24 9 24 -57840
9 -11 8 -13 -75434
-24 4 -24 2 -37038
18 -12 17 -11 -57572
23 8 21 7 -55066
-9 -24 -10 -24 -48558
22 22 23 19 -65508
-14 24 -15 23 -54118
1 -1 1 0 -51378
-18 -5 -20 -5 -56870
16 -23 15 -23 -71436
16 0 17 0 -60038
9 -18 10 -17 -60298
5 2 3 5 -72098
-8 5 -9 -11 -68774
-24 11 -24 12 -55140
24 -5 23 2 -58442
17 17 21 15 -63230
24 4 23 4 -41822
18 15 18 11 -71676
4 6 1 7 -63848
-13 -4 -15 -3 -59924
-22 -21 -24 -21 -61792
-23 2 -23 1 -37764
21 24 19 24 -53316
3 -19 4 -20 -64584
5 6 5 7 -64870
2 13 2 10 -61572
7 -22 6 -19 -67142
9 13 8 14 -69480
-22 -20 -22 -21 -59204
-24 9 -24 7 -61676
20 -10 20 -9 -66114
-2 22 -2 23 -50512
9 -13 9 -14 -65762
-22 11 13 19 -76174
-24 -3 -24 -10 -60844
-23 12 -22 1 -65218
23 23 24 24 -43130
20 3 21 0 -86416
-4 16 -4 17 -62862
-12 -19 -13 -21 -60638
20 -24 23 -22 -48922
-9 1 -10 0 -57666
18 18 19 -23 -79368
-23 -16 -24 -19 -58436
13 3 10 4 -63524
10 4 11 12 -77730
-12 -24 -13 -23 -42460
-4 -19 -4 -20 -52696
7 20 7 17 -79402
11 -24 10 -23 -58684
6 3 6 2 -58200
10 -5 7 -4 -63422
-16 -19 -16 -17 -61600
17 -20 17 -19 -59938
-12 23 -12 24 -60924
18 18 18 19 -53482
-12 -24 -24 -22 -60526
-22 -15 -20 -12 -57124
-12 -3 -23 -2 -72486
9 24 9 23 -48730
-13 18 -11 16 -62442
2 -24 -6 -24 -46410
13 6 7 4 -67508
21 -16 21 -4 -82032
13 1 3 21 -91178
-14 -18 -15 -17 -54920
13 7 12 10 -76942
24 -7 24 -9 -77666
0 7 0 9 -63040
-3 -9 -21 -10 -58748
6 -6 -4 -8 -86434
-23 -22 -23 -24 -48504
6 -5 3 -6 -61392
10 -17 10 -15 -59980
1 -24 0 -24 -49258
24 -21 22 -20 -54042
0 8 0 8 -237218
-10 20 -9 18 -70848
7 -15 9 -16 -65934
24 6 24 8 -60398
14 21 -24 19 -75280
22 24 23 23 -57798
-13 11 -15 7 -62260
7 -13 6 -12 -60384
23 -8 24 -8 -58936
-9 -10 -10 -8 -54538
-16 0 -13 -1 -61380
-23 22 -24 22 -46046
-24 13 -23 12 -47628
13 18 12 19 -65512
-19 21 -14 21 -61338
21 -24 22 -22 -46714
15 7 14 4 -65522
-21 -5 -22 -6 -52138
-12 -23 -13 -24 -41884
18 15 19 16 -54464
-14 3 -17 3 -57490
-11 10 -10 8 -55826
24 -9 24 -8 -79494
11 -9 10 -12 -72120
24 11 0 12 -96000
20 12 19 12 -54382
23 2 22 0 -59876
0 -11 -1 -11 -61742
-18 -12 -19 -13 -61286
24 -18 21 -18 -47094
12 15 14 16 -67674
-2 21 7 21 -67216
10 -14 13 -10 -81738
23 13 24 11 -51876
10 -3 11 -11 -62746
-5 -9 -5 -8 -53606
-14 -21 -14 -19 -58230
-7 -23 -8 -24 -54056
4 24 2 24 -45726
5 -17 5 -19 -58216
-13 23 -14 21 -62532
18 20 18 20 -237218
24 7 24 8 -59194
20 -24 19 -23 -54974
6 15 7 15 -58276
-16 6 -17 10 -62282
6 -11 6 -6 -62034
20 -15 19 -18 -57092
-23 -20 -24 -21 -50612
7 21 7 20 -66874
24 -6 23 -6 -53498
17 24 11 23 -58754
18 14 18 15 -63514
0 19 0 17 -72598
-24 9 -23 8 -54866
-3 15 6 14 -75848
-21 -13 -24 -13 -50792
-7 14 -8 13 -57042
23 -24 22 -23 -63852
-23 -9 -24 -11 -44036
-8 15 -9 10 -58704
-4 12 -5 13 -67782
-23 -11 -24 -6 -48268
4 -11 4 -13 -57936
8 -24 10 -24 -62714
-19 23 -18 24 -55338
-16 -11 -16 -12 -48306
-12 24 -13 24 -39694
-24 20 -24 21 -62852
-10 -10 -7 -6 -60314
13 -9 -12 -4 -84144
-1 -8 -2 -10 -55952
15 -21 15 -20 -59320
-10 14 8 16 -83586
-1 -11 -2 -12 -59624
-19 7 -18 10 -60576
24 -5 24 -4 -39476
0 18 -1 16 -74438
-24 15 -24 14 -41134
3 13 3 15 -63660
15 -5 11 -4 -66810
5 -24 1 -24 -54096
13 -24 14 -24 -62928
-20 -23 -18 -24 -55924
15 -4 16 -1 -54052
3 -2 -19 0 -82520
-2 17 -1 16 -63640
3 -24 5 -23 -45482
16 9 15 10 -64288
-24 19 -23 19 -48948
8 23 7 24 -51622
-24 10 -24 7 -65480
