-8 -24 -9 -23 -65225
23 -23 22 -24 -54819
5 -21 4 -20 -71577
6 -24 3 -24 -60705
4 -11 3 -14 -64449
-9 -24 -10 -24 -66969
15 -18 15 -19 -50509
-12 8 24 10 -74755
8 5 5 8 -56997
-15 10 -14 9 -66833
16 18 16 16 -56629
19 -22 20 -20 -53131
-24 -22 -24 -24 -44079
21 -18 20 -17 -67791
-9 14 -9 15 -57065
-16 18 -18 17 -46719
-18 -18 -18 -19 -54829
24 -17 24 -9 -62053
11 8 13 9 -54719
12 -16 -6 -12 -92691
24 -24 24 -13 -59473
14 8 15 7 -62999
23 -4 24 -2 -51221
-16 -10 -15 -9 -69521
1 -8 -2 -10 -70841
-16 12 -14 12 -56279
8 -11 8 -8 -61207
-13 24 -14 22 -46179
22 20 19 23 -66165
-10 -19 -8 -21 -82597
-10 -9 -10 -11 -60277
4 -18 2 -17 -73801
-24 -7 -23 -8 -60481
-6 -3 14 0 -97141
-22 0 -22 -1 -54147
-19 -8 -24 -10 -72235
-14 -11 -15 -14 -71541
10 -3 10 -6 -58085
-8 12 -9 10 -52645
-15 0 -18 -1 -68123
-24 15 -23 9 -66299
-18 17 -18 14 -55403
-21 13 -19 14 -44555
-22 11 -21 16 -57859
-5 24 0 24 -52817
-14 8 -12 7 -66903
-21 0 -19 0 -63191
14 -23 -13 -20 -84657
24 -22 19 -20 -62033
-1 -3 -2 -2 -72971
23 -15 23 -12 -62791
-16 8 -18 9 -56569
11 8 10 7 -56293
-23 22 -22 21 -54109
-7 10 -7 9 -52247
-11 -24 -12 -19 -61789
-23 -4 -22 -3 -71147
2 8 0 8 -57467
-24 3 -23 6 -54995
0 -11 -14 0 -98503
21 19 24 22 -61497
-7 3 -7 4 -64907
-21 8 -24 7 -51439
-7 21 -7 22 -49121
6 18 3 16 -55925
-24 -19 -24 -17 -57279
-15 20 -17 20 -51189
18 14 18 15 -54207
0 4 -1 1 -61065
2 23 2 22 -63175
-23 -14 -24 -14 -63729
16 11 13 10 -60513
-22 21 -21 24 -53681
-23 -13 -22 -12 -61633
17 -5 17 -7 -77381
-24 -11 -24 -8 -54165
22 20 20 16 -67027
23 8 24 7 -48213
0 -5 -1 -14 -71625
-3 6 -5 5 -60297
-2 -9 -17 -11 -93353
-24 16 -23 20 -47381
4 -3 2 -1 -69547
12 11 12 14 -58855
-8 -14 -8 -17 -66377
22 -2 23 -5 -61161
24 -9 24 -11 -38089
9 -13 10 -10 -55599
16 -10 19 -16 -62869
6 24 5 21 -58585
13 20 12 22 -66087
-24 15 -23 14 -49977
-7 7 -4 5 -75981
10 22 7 21 -50465
-23 -13 -23 -11 -50613
-3 -12 -2 -11 -60231
-6 10 -2 9 -67265
22 -21 21 -18 -64345
19 24 16 24 -50335
-14 -15 -7 -12 -98817
24 -8 22 -8 -59009
7 11 7 9 -49547
11 13 11 14 -63921
-12 24 -6 24 -47341
-22 -9 -22 -10 -54165
8 -24 5 -24 -46927
10 -22 10 -15 -58343
8 -5 -14 -2 -99315
-24 -23 -24 -22 -46589
-1 -5 -1 -7 -68795
13 -7 12 -4 -71931
21 21 23 21 -69087
-19 -24 -18 -24 -46391
-24 8 -24 -23 -67167
-19 19 -18 17 -59167
-7 12 -6 12 -57247
7 -22 7 -24 -43101
12 -9 12 -10 -58003
12 24 15 22 -53321
7 0 14 0 -58681
-20 8 -20 9 -50405
11 16 11 13 -64777
-4 -11 -2 6 -84417
-24 14 -24 18 -43963
-1 -17 0 -18 -70969
-5 -6 -3 -7 -67559
-23 -17 -24 -18 -56333
-24 -1 -23 -5 -71265
-24 6 -22 -14 -82967
-24 -15 -23 -18 -59905
5 -23 1 -15 -87363
-10 22 -11 23 -53099
6 20 5 24 -66051
12 6 12 10 -54881
7 -13 9 -17 -54987
-10 3 -9 7 -64455
1 -22 0 -22 -71853
23 2 22 2 -57611
-21 12 -24 12 -50945
-8 -5 -7 -10 -77741
5 -1 6 0 -57075
1 -13 22 7 -76515
-13 0 -13 -2 -70333
-17 10 -17 13 -52267
-13 -13 -13 -17 -67149
-12 -24 -14 -24 -53317
-14 21 -13 23 -53117
15 20 15 23 -68041
-5 3 -8 1 -69401
20 7 19 5 -67113
-24 2 -21 3 -59141
-16 -6 -15 -8 -65349
9 18 9 16 -54215
8 24 9 22 -54693
24 -23 7 -24 -58845
2 -21 3 -20 -57693
24 -16 21 -18 -48141
-5 14 -6 16 -58415
1 11 1 10 -54065
-5 -7 -24 -24 -71085
-5 -24 -3 -24 -57343
23 24 10 21 -66345
-13 -7 -13 -6 -77085
-11 -9 -9 -18 -72773
-23 -5 -21 -7 -72543
-24 -1 -2 0 -76285
12 18 14 20 -65071
5 -18 3 -21 -63855
1 -7 3 -7 -69281
3 -23 5 -24 -61713
1 3 -1 1 -70011
23 15 22 -21 -61931
-8 -16 -7 -17 -67585
-15 24 -13 22 -53587
-1 -1 1 0 -80235
11 -1 12 0 -49369
-12 -19 -15 -19 -59993
16 8 18 13 -60791
-5 19 -5 21 -57011
-22 9 -24 12 -60035
18 -5 17 -6 -57601
22 -8 23 -9 -54051
0 -22 -1 -24 -65439
0 -1 1 -3 -70897
22 10 23 6 -53239
-16 -17 -16 -15 -60115
-11 -1 -8 0 -62941
-13 -15 -17 -17 -66237
-9 9 -10 10 -62637
20 8 19 8 -58321
-6 -13 -6 -15 -65593
-17 5 -17 4 -59665
-23 -19 -24 -17 -62603
0 -5 -23 -3 -84127
6 0 -5 0 -104491
-13 22 -10 20 -64457
1 14 3 14 -53337
9 -9 10 -9 -46999
24 -4 23 -8 -54933
-12 -6 -15 -8 -80623
0 10 0 17 -50157
23 0 24 -3 -54609
-6 -23 -6 -22 -62875
24 14 24 17 -61919
16 2 13 1 -62337
-20 21 -19 24 -49811
14 -7 17 -15 -65373
-17 -15 -20 -16 -62311
-15 23 -22 23 -42469
2 -16 9 -13 -70043
23 -1 24 0 -51453
-6 13 -4 15 -59101
20 -11 24 -12 -60575
8 0 -4 0 -100895
24 23 20 23 -62677
-4 -23 -4 -24 -66549
21 -22 21 -23 -49949
10 22 11 21 -63237
3 23 1 22 -64419
7 16 11 16 -52937
-3 -9 -2 -3 -80081
-16 1 -16 0 -61473
-24 -5 -24 -9 -63405
-9 2 -10 3 -68303
-20 -9 8 -9 -96623
12 -7 10 -6 -57289
24 2 24 4 -42707
-3 -1 -3 0 -62251
24 -24 -18 -23 -64391
-24 21 -21 24 -55871
-4 -13 3 -19 -88545
-13 -8 -13 -9 -63455
16 4 15 4 -64513
23 1 24 0 -47927
-3 -17 -5 -19 -61135
-24 -4 -24 -7 -67747
24 13 24 11 -45807
-3 0 -5 -1 -66851
-24 5 -24 2 -57433
-12 18 -11 16 -60633
-19 -10 -21 -10 -66559
-20 -7 -18 -2 -79459
-16 2 -10 2 -74951
-14 -12 -13 -11 -80635
-16 -4 -18 2 -73019
-6 -13 -4 -14 -63033
-24 -4 -23 -3 -62883
-9 -23 -8 -20 -56573
-23 21 -23 22 -45347
15 21 17 24 -64925
-3 -23 -5 -24 -59299
-20 -23 -19 -24 -42789
-1 10 0 6 -54535
-11 -2 -8 -10 -90313
-3 -23 -3 -24 -67777
-10 -17 -15 -15 -66873
-23 -9 -21 -9 -68509
-11 -5 -12 -7 -83175
-14 -6 -12 -6 -69347
19 -7 19 -9 -68823
-10 -12 -11 -13 -92469
9 9 10 11 -58983
13 16 10 14 -57915
1 24 4 24 -63923
2 21 6 17 -65535
-16 -5 -14 -6 -66243
22 16 21 13 -62443
0 -9 2 -12 -62221
22 -6 17 -5 -59461
-7 15 -7 17 -61065
3 -18 3 -21 -70217
2 9 1 10 -57109
-24 -4 -24 -2 -65229
17 7 17 9 -58149
-20 -20 -22 -17 -66421
-13 24 -17 23 -50829
-8 5 -6 2 -76617
-23 -13 -23 -14 -51127
24 -21 23 -19 -47859
9 21 13 23 -57449
-12 -23 -10 -24 -72791
1 -23 1 -24 -54705
22 -19 22 -16 -61453
-24 12 -23 13 -46407
5 12 8 12 -55579
9 -22 10 -20 -54201
9 2 9 0 -33959
24 12 20 12 -56249
14 -24 13 -23 -55339
1 24 2 20 -71659
4 12 5 13 -54891
-11 -13 -11 -13 -239687
21 24 0 22 -59221
-20 -21 -19 -10 -73371
24 -14 24 -16 -58661
1 -22 0 -21 -75823
-13 0 -14 -4 -79689
8 -5 7 -8 -59331
11 -23 9 -24 -45205
24 15 22 18 -55443
-14 1 -17 1 -69481
-20 -23 -20 -24 -47009
16 -14 17 -19 -66415
1 -23 0 -24 -61833
-10 -13 -11 -15 -87859
1 3 4 1 -70403
18 -5 19 -7 -78029
-18 3 -21 1 -64125
6 -24 -8 -24 -77249
19 -24 17 -24 -55101
-20 20 -20 17 -59631
-5 23 -8 24 -45261
0 7 -1 5 -55721
18 0 -17 -1 -98269
24 3 22 2 -59631
14 -22 13 -21 -59571
-20 -24 -22 -24 -42869
-22 -21 -23 -20 -53447
22 -11 19 -12 -60001
24 -20 23 -22 -43597
-24 8 -22 7 -49947
-5 0 -5 1 -57683
1 11 0 8 -53351
-2 -18 -4 -17 -64101
20 4 21 7 -64859
13 -23 12 -24 -41249
-16 -4 19 0 -97695
-23 24 -20 22 -48191
-7 -21 -6 -17 -64511
-12 6 -11 8 -59219
23 -1 23 -2 -48663
13 -17 9 -15 -50879
14 -8 13 -7 -61757
-5 3 -5 2 -61281
21 -5 21 -8 -67599
-22 -9 -18 -15 -66087
-24 5 -23 2 -59305
-5 24 -3 24 -48897
-3 -12 -3 -14 -59891
11 -7 11 -6 -65395
-6 2 6 0 -98209
-22 19 -24 21 -52177
6 7 5 7 -58157
-20 -2 -21 -6 -79823
12 -24 11 -23 -48487
5 -9 4 -9 -65093
-14 12 -14 11 -47697
-11 -1 -10 -4 -74807
7 -2 8 -4 -50799
-9 8 -8 7 -65307
-12 23 -11 23 -53965
0 23 -1 24 -48335
-14 23 18 23 -64451
17 -24 16 -23 -56981
2 -13 2 -14 -54977
19 14 20 14 -59247
17 24 14 23 -53607
-17 -20 -18 -23 -67249
-8 20 -8 19 -60217
-18 3 -17 4 -58309
-24 11 -24 9 -48815
1 23 -10 19 -64095
8 24 12 23 -52259
20 -11 19 -6 -69167
-24 -18 -22 -18 -54047
-8 -14 -10 -15 -86411
-14 -20 -23 -17 -66043
23 19 20 19 -69175
19 -22 17 -21 -68725
23 13 24 18 -65409
-8 -18 7 -9 -86949
-1 -2 -4 0 -66889
-2 -4 10 -18 -94825
-2 20 0 22 -53843
-16 -22 -17 -24 -62317
15 15 19 14 -60253
9 4 7 6 -54157
0 -23 3 -23 -69159
-11 -6 -6 -7 -71463
-18 23 -16 19 -57889
-15 3 -11 1 -74889
3 1 3 -2 -52923
-15 -20 -17 -22 -61617
-9 0 -12 -5 -77353
14 -15 14 -17 -55627
-1 21 -2 23 -61235
23 -6 24 -6 -53955
-12 15 -12 17 -57375
23 -7 24 -6 -55881
4 23 6 23 -52145
0 11 2 13 -54803
-18 5 -18 7 -59261
14 16 13 19 -59023
20 -17 20 -14 -67609
15 -7 -12 -8 -92715
13 22 14 24 -55865
-3 -3 -2 -2 -66821
-13 2 -13 7 -60585
-24 0 -22 0 -54383
-12 -21 -10 -23 -77991
7 -11 7 -13 -58477
-7 -24 -6 -24 -53557
9 19 9 20 -60651
6 19 7 11 -58489
-18 1 -19 3 -60577
14 0 13 0 -61939
-6 11 -5 8 -62481
-17 18 -17 17 -59449
-1 -19 -1 -20 -63179
-13 -24 -13 -23 -47553
3 -21 -7 -3 -95189
-13 -4 -13 -5 -78043
15 -9 14 -11 -52755
24 3 24 1 -42731
-1 -9 -2 -9 -64011
-22 -14 -23 -18 -63539
18 24 20 22 -53819
0 6 -1 6 -58333
3 -10 0 -11 -71603
17 -4 19 -6 -70851
22 24 24 13 -57203
-4 -8 -6 -12 -62175
-23 -8 -24 21 -63987
-11 -11 -10 -10 -80755
5 -19 9 -20 -61363
-2 -21 -1 -24 -73401
3 -14 3 -22 -70549
23 21 19 24 -67233
-11 -24 -9 -23 -59647
10 -23 -19 19 -85907
-20 -22 -21 -24 -59173
21 21 23 23 -56269
18 -14 19 -12 -54659
18 -24 21 -23 -58305
24 -11 21 -13 -57857
0 21 3 19 -64013
15 -5 15 -4 -63043
2 24 1 24 -60023
15 7 17 6 -69115
-21 -18 -24 -22 -61791
24 13 23 -1 -53897
22 -24 22 -23 -38853
3 -10 9 -9 -68193
6 13 4 15 -59949
3 4 3 3 -47861
13 -11 -23 -12 -92013
3 -4 4 -12 -65791
-6 15 -7 17 -62405
24 8 23 8 -41805
-23 22 -21 22 -50891
1 -2 3 0 -74491
2 21 2 20 -62699
-14 12 -12 11 -66157
-9 -19 -6 -21 -81221
-22 -8 19 -8 -85909
-13 -24 -12 -23 -51651
-13 -3 -14 -7 -89765
15 5 15 6 -50009
18 9 17 9 -66425
8 -23 8 -1 -75699
-3 14 -4 14 -51061
22 12 21 10 -51973
8 3 9 4 -48555
-21 21 24 23 -55675
-6 -18 -8 -20 -69189
-24 7 -24 -12 -79899
14 15 15 16 -61787
19 21 20 22 -66635
-23 -13 -24 -13 -63729
-3 -23 0 -24 -63723
22 9 21 12 -58915
12 23 11 18 -71067
9 -18 11 -20 -57269
-22 21 -23 20 -55525
-22 7 -22 6 -51055
17 22 17 19 -63299
22 -14 23 -15 -60321
-23 0 -24 2 -52711
-12 6 -10 7 -60987
18 0 21 0 -54531
18 -6 13 -9 -52697
-8 -20 -9 -20 -77275
18 -22 20 -24 -62935
-8 -6 -6 -8 -76137
16 12 17 11 -60119
-17 -15 -16 -14 -63883
3 20 -15 18 -68253
-3 21 -2 24 -51813
23 14 24 13 -50947
2 22 5 24 -64215
22 -24 20 -24 -53523
-18 -23 -20 -24 -57505
-10 18 -10 20 -57887
-10 12 -9 12 -55023
-20 -14 16 -19 -88665
8 4 8 5 -45263
14 -24 15 -24 -44545
22 2 21 23 -64019
10 -18 19 -20 -57079
-10 -1 -10 -2 -67921
-20 -2 -21 -1 -66119
17 2 19 2 -54545
-14 23 -16 24 -53519
0 -3 1 -1 -68979
-9 12 -7 14 -59269
2 -5 2 -3 -61887
15 7 -5 -6 -87907
-13 17 -10 18 -57993
22 -23 21 -24 -59679
10 -22 10 -23 -47331
-7 0 -7 -10 -86299
-23 9 -24 14 -67129
