-8 -24 -9 -23 -50257
23 -23 22 -24 -52143
-8 -2 -10 -6 -58333
6 -24 3 -24 -48335
-5 -7 -5 -10 -51833
6 22 3 23 -70377
15 -18 15 -19 -64101
14 -9 16 -11 -54463
22 -4 23 -5 -68159
19 17 18 16 -71763
16 18 16 16 -71997
22 0 23 -4 -68313
-24 -22 -24 -24 -58589
9 -19 9 -20 -57197
-9 14 -9 15 -47879
-16 18 -18 17 -53997
-16 11 -11 13 -56991
12 16 12 14 -68561
-10 0 -12 0 -52287
20 -8 18 -11 -60877
24 14 24 16 -74465
18 18 14 16 -63793
-18 24 -18 22 -47665
-16 14 -13 13 -53251
3 -24 3 -21 -60669
-3 -15 -3 -16 -60895
-13 1 -12 3 -59687
-13 24 -14 22 -51391
-6 9 -6 8 -50089
10 -16 10 -13 -50679
-10 -9 -10 -11 -66455
0 11 -3 12 -64803
-24 -7 -23 -8 -49133
-24 14 -24 17 -51597
11 -15 16 -18 -58307
10 7 10 5 -52877
-14 -11 -15 -14 -60509
-1 -7 -5 -6 -63201
15 22 15 19 -72543
15 -3 15 15 -97817
18 -23 16 -6 -79235
-5 20 -4 24 -63821
-21 13 -19 14 -58933
3 0 2 -2 -66233
-4 -11 -5 -11 -67501
-11 23 -8 24 -45433
-21 0 -19 0 -57425
-2 9 -2 11 -55199
24 -22 19 -20 -52367
24 -11 22 -10 -60227
23 -15 23 -12 -63587
2 0 4 0 -70173
14 -16 13 -18 -64147
-23 22 -22 21 -59905
9 -24 10 -21 -57501
-11 -24 -12 -19 -57161
-23 -4 -22 -3 -53201
2 8 0 8 -72967
-24 3 -23 6 -52929
0 0 -1 1 -56215
21 19 24 22 -65171
-7 3 -7 4 -72625
-21 8 -24 7 -54911
-7 21 -7 22 -55155
19 17 20 16 -82863
-24 -19 -24 -17 -45409
2 6 0 5 -73329
18 14 18 15 -68997
9 7 8 8 -58067
2 23 2 22 -55585
-23 -14 -24 -14 -65155
-1 5 -3 3 -69507
-22 21 -21 24 -62147
12 -19 13 -17 -69935
1 -2 2 -4 -65539
-24 -11 -24 -8 -51353
10 17 9 16 -66599
23 8 24 7 -48159
-24 -17 -23 -19 -47897
12 -7 13 -7 -43575
-19 14 -22 14 -64083
-24 16 -23 20 -51883
-7 -14 -8 -15 -62191
20 -6 19 16 -88757
5 -20 3 -21 -58043
10 15 10 12 -75843
24 -9 24 -11 -52287
-22 7 -20 5 -63165
-7 15 -7 8 -58699
6 24 5 21 -63341
0 -24 1 -23 -51355
-24 15 -23 14 -48051
-5 -17 -8 -14 -67795
23 10 24 12 -50541
-23 -13 -23 -11 -48001
-8 -10 -6 -9 -59361
21 -4 20 -4 -60287
3 15 -2 16 -84285
19 24 16 24 -49627
6 -12 8 -7 -77637
24 9 -8 -8 -78947
7 11 7 9 -63875
2 -8 2 -6 -62687
-12 24 -6 24 -48759
-22 -9 -22 -10 -59141
-22 3 -10 5 -62719
13 21 14 21 -56611
3 -23 3 -24 -57523
-24 -23 -24 -22 -60307
20 -7 18 -6 -63375
-15 -18 -14 -19 -60219
20 13 22 11 -89253
-19 -24 -18 -24 -54793
5 -12 3 -12 -58037
0 18 3 18 -83593
-7 12 -6 12 -52537
7 -22 7 -24 -55503
12 -9 12 -10 -53715
12 24 15 22 -57145
-6 -24 -5 -24 -61479
17 3 18 -20 -91177
-8 0 -8 1 -58151
-8 4 -12 4 -52671
-24 14 -24 18 -53113
-17 -4 -17 -9 -60625
-12 -2 -15 1 -61877
-23 -17 -24 -18 -58975
20 17 19 -3 -87185
18 2 20 1 -73969
1 22 3 24 -65285
24 20 24 19 -49277
-10 22 -11 23 -46539
12 13 9 12 -69721
-10 -20 -9 -15 -67417
-5 -11 -6 -11 -68077
6 -5 9 -6 -64657
1 -22 0 -22 -65875
21 8 16 5 -76657
-21 12 -24 12 -58455
3 21 -11 23 -73569
-21 7 -17 7 -61121
6 -3 4 0 -74499
-22 24 -24 -14 -59801
-14 8 -14 10 -44533
-4 -4 -3 -7 -64381
-12 -24 -14 -24 -48875
-14 21 -13 23 -58017
17 0 15 13 -90363
24 -21 24 -20 -58863
-5 21 -8 24 -54441
-24 2 -21 3 -55351
17 20 24 17 -83019
9 18 9 16 -62511
8 24 9 22 -58293
-10 5 -10 1 -75495
24 13 22 15 -84275
24 -16 21 -18 -54089
-5 14 -6 16 -55095
0 8 2 6 -67531
-19 -17 -22 -19 -67591
-5 -24 -3 -24 -59637
14 6 14 2 -71669
-13 -7 -13 -6 -63023
-24 12 -24 7 -51833
20 2 24 1 -75011
9 12 15 12 -82119
11 -24 7 -24 -44059
-8 10 -8 -3 -86021
24 3 23 -22 -67949
20 7 17 6 -75295
12 1 15 1 -54825
24 -11 22 -13 -50415
3 17 2 21 -62837
-15 24 -13 22 -48469
1 20 -3 20 -75913
13 -1 13 -2 -69913
-12 -19 -15 -19 -60647
2 20 0 6 -76245
-5 19 -5 21 -61155
-22 9 -24 12 -59977
-5 24 -6 24 -50209
22 -8 23 -9 -68577
-13 11 -13 14 -44005
-15 -19 -17 -20 -61773
20 -6 19 2 -78413
23 10 18 12 -92393
19 19 20 22 -75479
-5 9 -3 9 -57901
-1 -11 0 -15 -60011
13 -14 14 9 -89573
10 -18 8 -16 -46645
-17 5 -17 4 -53703
23 -12 23 -13 -60161
-17 -10 -17 -12 -60135
17 12 -23 13 -78425
11 -4 11 -5 -64043
21 15 23 23 -75701
5 23 7 21 -67127
23 -10 22 -5 -69447
0 -20 1 -20 -70859
-10 -12 -14 -10 -63783
21 16 18 17 -87743
-6 -23 -6 -22 -57265
24 14 24 17 -76539
24 11 23 9 -45095
-20 21 -19 24 -59533
6 6 10 5 -57079
18 21 14 -1 -89671
-15 23 -22 23 -49471
-14 -5 -16 -5 -61985
23 -1 24 0 -54677
21 -7 21 -9 -63967
14 -20 16 -19 -55343
16 -22 10 20 -89795
24 23 20 23 -51001
-4 -23 -4 -24 -58781
21 -22 21 -23 -54641
-8 -24 -11 -24 -57131
-17 -19 -20 -17 -63521
2 -13 0 -13 -52613
13 6 15 6 -58075
24 -4 24 -7 -48497
-24 -5 -24 -9 -50607
-9 2 -10 3 -60543
18 -12 15 -13 -51781
-2 2 -4 0 -58029
24 2 24 4 -52345
-21 9 -21 -3 -67503
24 -24 -18 -23 -46275
-24 21 -21 24 -60823
-6 0 -6 -2 -53177
-13 -8 -13 -9 -60611
19 6 15 8 -68845
23 1 24 0 -62297
12 19 10 19 -64691
-24 -4 -24 -7 -44045
24 13 24 11 -51277
20 -23 23 -21 -64539
-24 5 -24 2 -59941
-12 18 -11 16 -51849
-19 -10 -21 -10 -48187
-20 0 -20 -2 -45567
-17 1 -20 3 -54545
12 -24 7 -20 -63097
-11 -9 -12 -3 -65913
-20 -4 -20 -3 -48047
-24 -4 -23 -3 -47537
-9 -23 -8 -20 -59037
-23 21 -23 22 -58297
15 21 17 24 -68655
-3 -23 -5 -24 -56871
-20 -23 -19 -24 -54885
-4 7 -4 3 -66647
-1 -11 -1 -9 -51135
-3 -23 -3 -24 -58847
12 -12 16 -12 -54259
23 -21 23 -18 -64715
-5 10 -6 13 -54501
-14 -6 -12 -6 -60289
22 -9 24 -12 -67591
23 3 22 6 -52995
-24 22 24 -2 -67725
-24 4 24 7 -66053
1 24 4 24 -67885
-6 -4 -7 -6 -61543
11 24 12 20 -68207
14 16 14 18 -71171
-21 -16 -20 -18 -52581
-1 -7 2 -6 -51077
12 22 11 19 -72543
1 9 -1 7 -68025
-9 -17 -7 -12 -66643
7 22 8 23 -69859
5 0 5 0 -240201
11 -15 8 -20 -65905
-13 24 -17 23 -49469
14 -2 14 0 -70677
-23 -13 -23 -14 -44031
24 -21 23 -19 -50647
3 -20 1 -21 -63499
-12 -23 -10 -24 -52929
1 -23 1 -24 -57483
22 -19 22 -16 -61979
-24 12 -23 13 -45409
1 -6 10 -24 -75689
-16 -7 -13 -6 -64749
9 2 9 0 -54455
10 23 6 22 -66851
14 -24 13 -23 -55245
0 1 2 -1 -66331
-18 -10 -17 -14 -61091
0 19 1 21 -69667
8 24 6 23 -65495
-10 -11 -10 -10 -64161
24 -14 24 -16 -53441
8 -2 9 0 -59831
-19 2 -17 3 -63853
5 -6 5 -12 -74413
19 3 17 -24 -89577
24 15 22 18 -75353
18 -5 17 -8 -65691
-20 -23 -20 -24 -57957
-2 -21 -14 -20 -72277
-2 24 0 24 -63689
-16 -7 -16 21 -70403
-17 -20 -19 -20 -66537
-17 -5 -18 -4 -54215
15 0 16 1 -64927
18 12 7 12 -86357
15 5 16 9 -67199
-4 14 -3 15 -59503
-24 -8 22 -8 -59051
9 -10 5 -10 -57199
21 -13 20 -13 -53063
24 3 22 2 -60295
-23 -14 -24 -13 -56323
-20 -24 -22 -24 -48997
-22 -21 -23 -20 -50021
-2 18 -4 21 -67449
24 -20 23 -22 -56117
-24 8 -22 7 -54643
12 -21 11 0 -84803
5 17 1 14 -79151
-2 -18 -4 -17 -57727
-15 15 -18 20 -56217
13 -23 12 -24 -41447
2 -2 3 3 -66757
-23 24 -20 22 -53311
-7 -21 -6 -17 -59243
-12 6 -11 8 -58111
23 -1 23 -2 -54353
7 -2 6 0 -71093
20 -16 18 -18 -59569
0 -15 -2 -19 -63325
-9 4 -9 5 -68037
-1 19 -1 12 -60509
-24 5 -23 2 -64471
-5 24 -3 24 -54373
20 16 20 14 -76361
19 13 10 10 -75563
7 15 -3 14 -91257
-22 19 -24 21 -56247
19 -3 20 -5 -70721
-15 -17 -15 -16 -50229
12 -24 11 -23 -56897
-12 18 -11 20 -54639
-5 -12 -5 -13 -51133
4 -2 5 -2 -66447
7 -4 6 -9 -76709
10 14 10 12 -72225
-15 18 -11 18 -60969
0 23 -1 24 -60291
-1 -22 -3 -20 -63437
17 -24 16 -23 -45573
9 -6 7 -7 -58531
19 14 20 14 -82597
17 24 14 23 -53631
-17 -20 -18 -23 -67935
10 -6 7 -3 -67703
-18 3 -17 4 -63071
-24 11 -24 9 -50283
-24 19 -24 22 -55081
8 24 12 23 -53613
13 5 13 1 -67289
-24 -18 -22 -18 -54733
-10 16 -7 16 -52909
3 11 3 10 -59651
-23 16 -20 10 -63979
-11 -13 -13 -14 -58513
-1 15 -4 15 -67137
4 14 2 14 -73595
3 6 4 6 -62237
-13 -22 -11 -19 -63887
19 0 17 4 -70527
-16 -22 -17 -24 -63469
-6 -17 -11 -14 -64875
-17 -10 -15 -10 -53831
2 -6 4 -3 -63439
1 11 3 13 -70095
7 -1 7 -4 -66323
4 -12 4 -9 -63835
14 15 10 15 -78207
-23 -20 -24 -24 -61217
2 -22 0 -18 -60947
-1 -11 -3 -9 -62951
-1 21 -2 23 -68201
23 -6 24 -6 -54903
0 -14 -1 -18 -62549
23 -7 24 -6 -50771
4 23 6 23 -65137
6 -16 4 -16 -53119
11 11 1 19 -77159
11 -16 14 5 -91561
20 -17 20 -14 -64263
5 3 24 -12 -75035
13 22 14 24 -58539
-2 -15 0 -22 -64053
-13 -20 -14 -19 -59841
-24 0 -22 0 -49303
18 -1 16 0 -65145
4 -13 4 -12 -56269
-7 -24 -6 -24 -58695
9 19 9 20 -68685
-14 17 -14 19 -50741
10 -1 11 -1 -46485
8 -18 7 -20 -58771
2 -23 4 6 -74857
24 8 24 23 -75721
-5 11 -3 12 -63471
-13 -24 -13 -23 -45559
-19 20 -17 19 -51841
-18 -2 -17 0 -55853
2 5 -2 6 -70975
24 3 24 1 -54709
-1 -9 -2 -9 -55991
-22 -14 -23 -18 -51879
18 24 20 22 -51771
3 10 4 7 -65783
23 21 21 22 -56049
19 21 19 22 -62371
-8 -9 -12 -9 -58667
-24 8 5 16 -75817
-14 0 7 14 -83509
1 16 3 19 -71893
-3 3 -2 1 -54345
-3 3 0 5 -71565
-2 20 -3 -2 -81113
17 -12 18 -15 -55761
-11 -24 -9 -23 -55621
-18 14 -18 16 -48569
-20 -22 -21 -24 -66267
21 21 23 23 -58977
16 24 16 23 -48329
18 -24 21 -23 -48845
24 2 16 3 -80515
17 0 16 -1 -64555
15 -5 15 -3 -64437
2 24 1 24 -67789
-1 23 0 24 -59581
-21 -18 -24 -22 -67291
24 -2 23 -2 -60235
22 -24 22 -23 -40411
9 -17 1 21 -90097
9 -7 9 -6 -64533
3 -20 0 -19 -70249
-6 -16 -3 -14 -65295
-2 5 -8 0 -69323
-7 -1 -6 -5 -56201
24 8 23 8 -47131
-23 22 -21 22 -54131
-13 -5 -14 -7 -61949
4 21 13 0 -90141
-20 -10 -20 -8 -61205
10 -22 15 -23 -59181
8 -12 9 -8 -71521
-13 -24 -12 -23 -54449
5 -5 5 -4 -66567
15 5 15 6 -67351
12 10 12 11 -56167
-11 -8 -9 -10 -64021
17 -5 15 -7 -63489
22 12 17 13 -95989
-24 -10 -23 -10 -51893
-21 21 24 23 -53689
-7 2 -6 2 -50839
-16 -17 -19 -19 -67095
16 -23 16 -20 -61455
5 -16 6 -12 -57871
-23 -13 -24 -13 -65405
-3 -23 0 -24 -55167
7 15 7 13 -63255
-15 6 -14 9 -54715
18 -17 19 -19 -59591
-22 21 -23 20 -60295
-22 7 -22 6 -48263
8 22 8 19 -73539
22 -14 23 -15 -55309
-23 0 -24 4 -55583
4 -8 1 -7 -63815
-4 16 -4 18 -54283
-2 -4 -2 -2 -57661
-10 -18 -10 -19 -58019
18 -22 20 -24 -49207
-8 -6 -6 -8 -63123
16 12 17 11 -67121
-17 -15 -16 -14 -54729
-19 11 -19 12 -46071
-3 21 -2 24 -62931
23 14 24 13 -73487
-1 0 15 2 -81513
22 -24 20 -24 -47545
-18 -23 -20 -24 -62741
0 4 0 1 -54631
-10 12 -9 12 -48455
-22 -21 -20 -24 -61625
-1 0 3 0 -73927
14 -24 15 -24 -45251
15 22 18 17 -69363
-17 16 -16 18 -54337
19 17 22 19 -73559
-20 -2 -21 -1 -52333
-4 -24 12 -24 -58945
-14 23 -16 24 -49969
-13 -15 -13 -14 -53553
8 -22 6 -21 -50533
-14 -3 -14 7 -71209
15 -20 14 -23 -60701
-13 17 -10 18 -62103
5 9 5 8 -61625
10 -22 10 -23 -59969
-13 -3 -13 0 -51849
15 16 -24 16 -77283
