-8 -24 -9 -23 -61714
23 -23 22 -24 -60844
-16 0 -14 2 -68332
6 -24 3 -24 -61496
-5 -7 -5 -10 -55256
-21 -3 -24 -4 -69196
15 -18 15 -19 -62472
14 -8 15 -6 -67722
22 -4 23 -5 -67682
-5 21 -9 23 -60220
16 18 16 16 -49522
22 0 23 -4 -59340
-24 -22 -24 -24 -57098
9 -19 9 -20 -57502
-9 14 -9 15 -48072
-16 18 -18 17 -60820
-16 11 -11 13 -61816
12 16 12 14 -54578
-10 0 -12 0 -60594
6 -23 5 -21 -61862
24 14 24 16 -50116
18 18 14 16 -52232
-18 24 -18 22 -50490
-16 14 -13 13 -57274
-13 19 -9 18 -59406
4 -15 1 -16 -71152
-13 1 -12 3 -69648
-13 24 -14 22 -54360
-6 9 -6 8 -51040
10 -16 10 -13 -71630
-9 21 -11 19 -55114
0 11 -3 12 -56754
-24 -7 -23 -8 -56292
-24 14 -24 17 -53384
-16 -17 -12 -13 -62130
5 -2 2 -2 -71174
-14 -11 -15 -14 -60548
-9 -24 -10 -23 -65652
3 12 3 11 -51618
-8 -14 -6 -13 -54562
1 14 0 13 -55874
-5 20 -4 24 -60188
-21 13 -19 14 -53300
3 0 2 -2 -69436
8 3 10 1 -70780
-15 -10 -13 -11 -62002
-21 0 -19 0 -59346
12 0 -4 4 -91330
10 11 7 11 -65400
24 -11 22 -10 -57146
23 -15 23 -12 -76646
21 4 21 3 -62058
14 -16 13 -18 -77088
-23 22 -22 21 -59276
-8 -8 -1 -6 -81644
14 6 12 5 -55434
-23 -4 -22 -3 -67328
2 8 0 8 -58898
-24 3 -23 6 -60686
0 0 -1 1 -63350
21 19 24 22 -64818
-7 3 -7 4 -62696
-21 8 -24 7 -53046
-7 21 -7 22 -56196
-12 -14 -11 -2 -65612
-24 -19 -24 -17 -49028
2 6 0 5 -56750
18 14 18 15 -54586
9 7 8 8 -66246
2 23 2 22 -52566
24 -14 23 -5 -65954
-21 -5 -20 -5 -62890
-22 21 -21 24 -62702
2 -23 3 -22 -73600
-14 -11 -11 -9 -58180
-24 -11 -24 -8 -48436
10 17 9 16 -56524
23 8 24 7 -55584
-24 -17 -23 -19 -49656
12 -7 13 -7 -60050
-5 22 12 -24 -81946
-24 16 -23 20 -56294
0 -19 -3 -18 -61856
-17 -14 -18 -13 -59174
-6 -17 -4 -15 -56616
2 -17 2 -24 -64960
24 -9 24 -11 -52114
7 6 0 9 -79770
9 9 7 9 -70876
6 24 5 21 -58468
0 -24 1 -23 -66042
-24 15 -23 14 -46140
5 -17 4 -14 -79714
23 10 24 12 -61370
-23 -13 -23 -11 -50266
-8 -5 -8 -3 -66816
21 -4 20 -4 -68626
10 -24 11 -23 -57370
19 24 16 24 -51624
-14 -4 -14 -5 -48926
17 -24 15 -23 -62854
7 11 7 9 -60904
1 3 -11 -7 -93840
10 23 12 22 -57526
-22 -9 -22 -10 -49552
-16 -3 -16 -2 -56270
13 21 14 21 -47876
-6 -18 -6 -24 -63620
-24 -23 -24 -22 -59210
13 -3 13 -4 -60114
7 16 6 11 -68396
4 -18 3 -18 -79188
-19 -24 -18 -24 -46710
5 -2 4 -4 -69970
-6 -3 -6 -5 -76966
-7 12 -6 12 -50450
7 -22 7 -24 -51050
12 -9 12 -10 -60874
12 24 15 22 -59218
-7 4 -6 7 -60964
4 -8 4 -4 -84434
-8 0 -8 1 -63868
-3 -4 -4 4 -81884
-24 14 -24 18 -55784
7 7 13 6 -71772
-13 -22 -13 -21 -51030
-23 -17 -24 -18 -50770
-5 10 -7 7 -55192
14 -17 15 -16 -85706
1 22 3 24 -61682
24 20 24 19 -52874
-10 22 -11 23 -44674
19 5 21 3 -68084
6 2 2 2 -69168
12 -8 10 -7 -57358
24 1 4 1 -70686
1 -22 0 -22 -73408
22 3 24 -21 -64100
-21 12 -24 12 -52484
19 -15 19 -12 -88934
-21 7 -17 7 -56406
24 -2 23 18 -64352
-22 24 -24 -14 -64558
-14 8 -14 10 -54414
0 -21 0 -18 -59562
-12 -24 -14 -24 -54954
-14 21 -13 23 -62062
17 -14 16 -14 -70694
-11 -13 -14 -9 -65554
-5 21 -8 24 -62698
-24 2 -21 3 -61640
10 -20 7 -20 -72782
9 18 9 16 -50164
8 24 9 22 -47120
-13 3 -14 5 -56378
14 -10 14 -9 -60632
24 -16 21 -18 -79980
-5 14 -6 16 -54316
4 13 0 12 -57736
-19 -17 -22 -19 -60004
-5 -24 -3 -24 -44276
6 -1 5 2 -62222
18 23 14 23 -59006
-24 12 -24 7 -49926
19 -4 15 -5 -79372
3 -17 2 -13 -74866
11 -24 7 -24 -60540
3 -3 3 -4 -72272
-18 21 -17 19 -61518
20 7 17 6 -53434
-21 1 -20 -2 -54780
24 -11 22 -13 -61286
3 17 2 21 -51230
-15 24 -13 22 -53386
15 0 14 3 -56916
-5 5 -8 0 -70820
-11 -3 -10 -2 -69878
-9 -12 -9 -13 -48900
-5 19 -5 21 -55848
-22 9 -24 12 -53318
-5 24 -6 24 -49978
1 13 0 14 -51796
-13 11 -13 14 -50670
-15 -19 -17 -20 -53048
19 -14 19 -13 -86660
4 2 4 4 -54332
8 0 11 -1 -71114
-5 9 -3 9 -49816
18 -16 15 -21 -92374
24 19 22 18 -55930
10 -18 8 -16 -68690
-17 5 -17 4 -60606
23 -12 23 -13 -70856
-17 -10 -17 -12 -54142
20 -9 16 -8 -77232
22 18 22 21 -67592
7 -9 5 -11 -66434
-6 -7 0 -6 -75504
-22 -10 19 -21 -70346
-5 -5 -5 -1 -79408
20 0 -4 -24 -85488
0 -14 -1 -12 -62666
21 -20 23 -18 -81154
6 -19 0 -19 -93172
24 11 23 9 -58692
-20 21 -19 24 -60596
1 -3 0 0 -65860
23 14 22 19 -60058
-15 23 -22 23 -48524
-14 -5 -16 -5 -54132
23 -1 24 0 -53422
21 -7 21 -9 -55072
14 -20 16 -19 -77256
-24 -5 -23 -7 -58016
24 23 20 23 -50688
-4 -23 -4 -24 -50134
21 -22 21 -23 -57614
-8 -24 -11 -24 -61086
-1 7 -24 9 -66000
2 -13 0 -13 -63802
24 -20 23 -17 -56176
24 -4 24 -7 -49780
-24 -5 -24 -9 -53378
-17 -19 -16 -21 -49452
13 7 14 5 -49890
2 -22 5 10 -74982
24 2 24 4 -60362
-11 -5 -12 -5 -64854
24 -24 -18 -23 -53292
-24 21 -21 24 -59308
-6 0 -6 -2 -68706
-21 -15 -19 -11 -60614
-12 17 -13 14 -55490
23 1 24 0 -57116
18 -17 17 -18 -88298
-24 -4 -24 -7 -50538
24 13 24 11 -50320
20 -23 23 -21 -75982
-24 5 -24 2 -63626
-12 18 -11 16 -53912
-19 -10 -21 -10 -59048
-20 0 -20 -2 -52146
-3 -21 0 -19 -74816
-12 -9 -12 -7 -49824
-9 12 -9 9 -56468
-20 -4 -20 -3 -51142
-24 -4 -23 -3 -57698
0 -14 1 -15 -68336
-23 21 -23 22 -60428
10 4 10 2 -50126
-3 -23 -5 -24 -48738
-20 -23 -19 -24 -50700
-11 12 -10 10 -59774
20 -12 19 -13 -87280
-3 -23 -3 -24 -51810
6 -3 8 -6 -73090
-7 -12 -10 -12 -51728
-5 10 -6 13 -52150
-14 -6 -12 -6 -66110
21 20 21 21 -65510
23 3 22 6 -66256
-10 5 -7 2 -58998
-4 -13 -4 -10 -49728
1 24 4 24 -57338
-13 6 3 5 -73092
11 24 12 20 -56148
-14 -5 -3 0 -92186
17 5 11 4 -62118
-1 -7 2 -6 -60046
8 -13 5 -14 -64694
-22 9 -21 23 -67016
15 -17 11 -16 -72520
7 22 8 23 -60002
-16 14 -19 14 -59520
-16 -6 -16 -10 -49626
-13 24 -17 23 -52298
14 -2 14 0 -61034
-23 -13 -23 -14 -52526
24 -21 23 -19 -46498
3 -20 1 -21 -84354
-12 -23 -10 -24 -63458
1 -23 1 -24 -46858
21 8 19 5 -61248
-24 12 -23 13 -44662
19 -11 16 -10 -74830
19 -3 17 -8 -70210
9 2 9 0 -55200
10 23 6 22 -55334
24 16 20 13 -66182
19 12 21 12 -62636
-5 -9 -3 -8 -65346
0 19 1 21 -57930
8 24 6 23 -53974
19 -13 21 -11 -88112
24 -14 24 -16 -58788
15 -15 14 -13 -70660
-19 2 -17 3 -64766
-23 -1 -20 4 -69618
-5 -20 -5 -18 -61088
24 15 22 18 -56366
11 -23 13 -23 -77274
-20 -23 -20 -24 -53122
3 -19 1 -18 -79444
-2 24 0 24 -57156
15 -3 18 -2 -78914
-24 -12 -22 -20 -62572
4 -12 4 -13 -78002
19 21 19 18 -62212
22 -4 -10 -7 -81184
-8 0 -6 0 -65116
-4 14 -3 15 -49664
17 -2 18 -1 -71126
4 -12 5 -11 -65288
21 -13 20 -13 -71172
24 3 22 2 -57786
-23 -14 -24 -13 -50542
-20 -24 -22 -24 -45688
-22 -21 -23 -20 -47688
-2 -22 7 -20 -99010
24 -20 23 -22 -57638
-24 8 -22 7 -50316
18 1 19 0 -58762
0 -3 2 -3 -64542
-13 -17 -15 -22 -65208
-15 15 -18 20 -64610
13 -23 12 -24 -58234
-17 5 -18 6 -60364
-23 24 -20 22 -51570
-17 0 -16 0 -53326
-12 6 -11 8 -57762
23 -1 23 -2 -48686
18 -21 -7 -22 -80094
22 15 21 11 -64920
5 23 1 24 -52822
-9 4 -9 5 -57616
-1 19 -1 12 -53040
-24 5 -23 2 -63714
-5 24 -3 24 -60678
1 -2 1 -9 -89292
0 -1 1 1 -66918
12 -7 13 -6 -71292
-22 19 -24 21 -56320
10 19 10 21 -52462
-15 -17 -15 -16 -55548
12 -24 11 -23 -58602
-12 18 -11 20 -60824
-13 -14 -9 -20 -56506
8 -10 6 -7 -65086
-3 -15 -3 -18 -53174
10 14 10 12 -59508
-15 18 -11 18 -61008
0 23 -1 24 -53772
-7 -2 -6 -21 -70208
17 -24 16 -23 -59046
9 -6 7 -7 -74056
6 -17 5 -13 -80792
17 24 14 23 -50212
-24 -8 -23 12 -68406
22 -4 23 -3 -59578
-18 3 -17 4 -65116
-24 11 -24 9 -47592
-24 19 -24 22 -57878
8 24 12 23 -51652
-4 1 -4 0 -71318
-24 -18 -22 -18 -42306
-10 16 -7 16 -54128
15 -13 13 -14 -75942
-23 17 19 16 -58954
-11 -13 -13 -14 -55252
-1 15 -4 15 -52384
7 14 5 11 -61854
24 4 21 11 -68036
-13 -22 -11 -19 -62010
12 -12 13 -10 -71940
-16 -22 -17 -24 -54468
7 -10 -7 -8 -78412
3 -11 3 -10 -60550
24 -16 21 -15 -61224
12 -1 12 -2 -61028
-24 -9 -1 -6 -63928
2 22 23 23 -54366
22 -4 24 -7 -67440
-23 -20 -24 -24 -58080
-7 -9 -4 -11 -64740
12 -6 -21 0 -77210
-1 21 -2 23 -60482
23 -6 24 -6 -57402
8 11 5 11 -62132
23 -7 24 -6 -55932
-8 -18 -7 -21 -60676
6 -22 5 -18 -66212
-10 2 -12 0 -74068
-18 6 -17 -1 -71022
17 -17 22 -14 -94122
-17 -24 -11 -24 -51526
22 17 20 17 -63130
-2 -1 8 -1 -87974
3 0 10 -16 -93636
-24 0 -22 0 -57322
16 24 16 23 -51958
4 -13 4 -12 -78430
-4 -22 -3 -21 -62232
17 -21 13 -19 -72396
-14 17 -14 19 -55062
10 -1 11 -1 -62538
8 -18 7 -20 -59020
20 -3 19 -3 -69898
10 -14 9 -14 -60624
-5 -23 -9 -22 -51848
-13 -24 -13 -23 -43326
-19 20 -17 19 -59452
-14 9 -13 8 -58524
-2 -11 -3 -9 -58280
24 3 24 1 -56616
-18 -13 -21 -13 -57998
-22 -14 -23 -18 -57640
18 24 20 22 -48512
-10 -2 -7 -1 -74638
23 21 21 22 -53948
19 21 19 22 -54928
-19 1 19 3 -75302
10 -13 11 -16 -71788
19 -24 20 -22 -63994
10 16 12 19 -60246
-3 3 -2 1 -63772
-14 -9 -23 14 -81618
21 8 20 10 -58278
17 -12 18 -15 -78594
-11 -24 -9 -23 -54588
-18 14 -18 16 -51468
-20 -22 -21 -24 -61192
21 21 23 23 -56694
16 24 16 23 -51958
18 -24 21 -23 -59310
16 0 14 -1 -69304
-23 -24 -24 13 -62220
15 -5 15 -3 -58638
2 24 1 24 -57496
-1 23 0 24 -54882
-21 -18 -24 -22 -60536
24 -2 23 -2 -59786
22 -24 22 -23 -43716
8 -2 8 -21 -81320
9 -7 9 -6 -60782
22 12 20 12 -66756
21 -17 22 -16 -87104
20 10 20 7 -52976
24 11 22 -7 -65850
24 8 23 8 -49208
-23 22 -21 22 -51076
-18 -16 -16 -17 -56430
13 10 10 12 -57306
8 -2 10 0 -59852
10 -22 15 -23 -82788
-4 -7 -4 -5 -71090
-13 -24 -12 -23 -53956
5 19 5 22 -59346
0 7 -1 9 -53638
12 10 12 11 -52826
12 -7 7 -10 -79800
2 -7 3 -3 -81910
10 10 10 9 -55240
-24 -10 -23 -10 -42608
-21 21 24 23 -49238
13 12 18 16 -59426
3 9 8 5 -77600
16 -23 16 -20 -59882
2 12 6 9 -66434
23 -20 23 -16 -62900
-3 -23 0 -24 -52742
7 15 7 13 -60734
-15 6 -14 9 -55732
18 -17 19 -19 -61908
-22 21 -23 20 -59704
-22 7 -22 6 -48662
2 -8 3 -9 -64902
22 -14 23 -15 -62584
-23 0 -24 4 -58602
5 -5 8 -3 -75394
-4 16 -4 18 -47784
1 -8 1 -6 -79824
-1 24 -5 23 -62542
18 -22 20 -24 -54014
-8 -6 -6 -8 -56688
16 12 17 11 -46950
0 3 3 0 -74020
-19 11 -19 12 -45018
-3 21 -2 24 -60124
23 14 24 13 -51064
16 -17 18 -15 -90952
22 -24 20 -24 -50026
-18 -23 -20 -24 -56214
0 4 0 1 -59562
-10 12 -9 12 -53376
-22 -21 -20 -24 -59698
17 21 21 20 -58702
14 -24 15 -24 -60662
23 7 21 5 -63370
-17 16 -16 18 -59894
-2 23 -4 24 -62164
-17 -18 -17 -14 -61112
-4 -24 12 -24 -80634
-14 23 -16 24 -54564
-13 -15 -13 -14 -56156
8 -22 6 -21 -65298
10 -21 11 -21 -76266
15 -20 14 -23 -63746
0 -11 0 16 -74996
5 9 5 8 -47862
10 -22 10 -23 -53028
-13 -3 -13 0 -57892
14 5 14 3 -48282
