-8 -24 -9 -23 -60114
-22 -20 -22 -23 -61006
-24 -6 -21 -6 -67064
11 24 9 24 -28808
-13 -17 -13 -16 -58758
-5 -12 -18 0 -88768
-3 -8 1 -6 -62630
0 5 -22 8 -92040
-21 -9 -23 -10 -56658
20 -4 18 -4 -50162
-4 22 -1 -7 -85140
-10 -13 -11 -11 -58652
-16 -22 -17 -24 -65414
-13 -21 -12 -24 -69282
-9 14 -9 15 -60932
-16 18 -18 17 -68302
-16 11 -11 13 -77086
12 16 12 14 -46790
0 -2 -23 0 -105642
16 24 12 23 -48126
24 14 24 16 -58222
21 -16 21 -17 -41736
-18 24 -18 22 -55934
-10 -7 -5 -7 -59558
11 1 9 0 -65912
5 14 -3 -2 -88894
-2 -22 -1 -24 -65168
-13 24 -14 22 -64974
-6 9 -6 8 -63928
23 6 21 6 -68954
-9 21 -11 19 -60740
-23 16 -24 17 -63768
-24 -7 -23 -8 -68370
-24 14 -24 17 -65460
23 -9 20 -9 -58448
23 -3 23 -5 -47848
1 -23 2 -23 -63082
6 -5 8 -7 -58224
3 12 3 11 -49382
-2 9 -5 7 -71152
5 -11 4 -10 -59074
10 21 11 23 -51398
-21 13 -19 14 -63624
1 10 0 8 -60518
5 5 3 8 -56642
10 -18 10 -15 -54382
23 18 24 16 -44206
3 -4 4 -5 -69468
16 -21 14 -23 -59786
11 18 11 17 -60268
9 -14 10 -15 -48556
0 23 -1 22 -61806
14 -17 15 -18 -54716
-23 22 -22 21 -64652
9 -24 12 -24 -56922
-7 1 -6 12 -83626
-4 4 -2 3 -71060
12 -16 13 -12 -54334
-24 3 -23 6 -70696
-9 -23 -9 -22 -68418
-7 -22 7 -22 -79922
-7 3 -7 4 -68688
-21 8 -24 7 -73476
-7 21 -7 22 -58476
15 17 14 18 -49156
-24 -19 -24 -17 -52704
-10 -24 -10 -23 -62910
18 14 18 15 -43030
0 -24 0 -22 -65246
2 14 0 12 -58202
-5 -9 -4 -10 -63484
-19 -21 -20 -23 -67622
-22 21 -21 24 -66986
11 -2 9 -2 -60716
20 -12 21 -14 -45356
-24 -11 -24 -8 -57632
0 -17 3 -18 -62404
23 8 24 7 -58214
-24 -17 -23 -19 -56230
15 -12 16 -12 -58520
-10 -19 -8 -19 -60112
-24 16 -23 20 -63974
-9 -9 -9 -8 -61132
20 -22 19 -23 -66822
-3 -22 -3 -20 -72002
-11 -23 -22 -21 -65274
24 -9 24 -11 -47386
24 -21 22 -22 -54582
4 21 0 20 -66528
14 -4 14 1 -66798
23 -24 23 -23 -58702
-24 15 -23 14 -59268
-16 -21 -14 -23 -55838
23 10 24 12 -48000
-23 -13 -23 -11 -59456
-20 -22 -22 -22 -58706
-12 -10 -14 -11 -47472
10 -24 11 -23 -61274
19 24 16 24 -47406
10 -9 9 -8 -53488
-15 -24 -14 -23 -62610
18 5 18 4 -51466
15 -12 16 -15 -49212
10 -24 -11 -23 -66814
-22 -9 -22 -10 -59400
5 24 4 23 -45330
13 21 14 21 -45438
-5 19 -5 18 -62084
-20 -1 -17 0 -71838
-3 17 -4 19 -69132
1 13 1 16 -51734
24 -23 24 -22 -59006
-3 10 -3 11 -68708
-14 11 -14 22 -74938
1 3 0 0 -76872
0 -1 -1 -1 -62276
7 -22 7 -24 -63996
14 4 14 5 -48710
-20 -17 -18 -18 -54506
-5 -19 -5 -20 -72366
-11 -3 -10 -5 -50272
-22 23 -23 3 -69980
5 -19 4 -17 -56234
-24 14 -24 18 -71142
-19 -13 -20 -15 -59092
24 23 23 22 -43600
-23 -17 -24 -18 -56948
9 -21 8 -21 -56162
24 -17 23 -18 -47602
-6 11 -8 13 -64984
24 20 24 19 -41948
-10 22 -11 23 -61892
-10 14 -9 13 -61918
12 2 12 0 -61048
-12 3 -13 4 -65774
-3 -24 -13 0 -88918
-16 17 -13 13 -70970
16 -8 16 -11 -48154
-21 12 -24 12 -64604
10 -24 10 -23 -57778
18 23 17 24 -50882
19 -7 19 -9 -59564
6 -9 -3 -22 -76730
5 -8 5 -9 -54094
-7 -21 -8 -19 -77752
3 -24 8 -23 -59300
-14 21 -13 23 -75906
17 23 15 21 -55610
3 -24 2 -23 -56564
-1 -24 -2 -24 -56532
-24 2 -21 3 -73210
-22 19 15 2 -79486
9 18 9 16 -57392
8 24 9 22 -44702
7 24 7 22 -44570
-6 -22 -5 -20 -74296
15 8 15 9 -42828
-5 14 -6 16 -66478
21 -10 20 -12 -55490
9 24 4 24 -39354
-5 -24 -3 -24 -60300
7 -8 3 -13 -60010
9 -1 8 -5 -56830
-24 12 -24 7 -62286
-24 -13 -24 -14 -49212
-23 1 -5 0 -102280
12 -6 13 -6 -56820
14 -21 14 -22 -56982
-18 21 -17 19 -68778
18 0 -2 -1 -83152
-21 1 -20 -2 -53704
24 -11 22 -13 -50788
4 -3 3 -4 -59468
-15 24 -13 22 -67644
15 0 14 3 -60304
11 6 10 4 -54458
-12 -1 -14 -5 -64518
17 -14 15 -17 -56344
-1 20 6 17 -74058
-22 9 -24 12 -67278
-5 24 -6 24 -50884
1 13 0 14 -59798
-13 11 -13 14 -59652
18 -11 15 -14 -57356
13 -3 13 -4 -55678
-7 -20 -7 -18 -74290
-17 -8 -16 -16 -67390
21 -11 19 -11 -60052
24 -21 24 -20 -61164
24 19 22 18 -68608
-9 -22 -11 -19 -79714
24 -16 23 4 -60354
-6 -17 -9 -14 -71318
24 16 24 14 -58516
20 -22 18 -24 -64290
-7 10 -5 10 -61172
-19 12 -21 12 -67934
2 -11 3 -12 -58414
-17 9 -17 8 -59452
-22 6 -24 5 -73812
-14 -12 -15 -16 -56752
6 -5 6 -8 -53782
-14 -6 -12 -3 -67132
-5 1 -6 3 -82832
24 11 23 9 -47740
-20 21 -19 24 -67210
8 -7 8 -10 -53376
-20 2 -20 3 -59334
-15 23 -22 23 -54364
20 9 19 8 -60626
23 -1 24 0 -55708
-9 -19 -20 -22 -68184
-13 21 23 -7 -74710
12 -24 13 -24 -57674
24 23 20 23 -52498
-4 -23 -4 -24 -66790
-2 12 -2 10 -68706
12 1 11 -4 -69988
-21 -23 -23 -19 -64030
12 7 13 5 -47232
24 -20 23 -17 -56436
24 -19 22 -19 -51760
-24 -5 -24 -9 -55550
4 19 5 18 -58724
-3 -7 -4 -6 -65704
16 3 18 3 -51032
24 2 24 4 -53166
16 4 14 3 -49068
24 -24 -18 -23 -49688
-24 21 -21 24 -64668
-7 11 -6 13 -67960
-3 17 -6 15 -63494
-12 17 -13 14 -66230
0 0 -1 1 -63310
-3 6 -2 0 -82480
6 -21 3 -23 -62572
24 13 24 11 -42310
4 -2 4 -1 -57106
-24 5 -24 2 -60176
-12 18 -11 16 -61050
-5 -19 -7 -20 -65302
-12 0 -8 3 -70232
20 3 19 3 -61632
-22 -14 -24 -16 -58534
-9 12 -9 9 -62380
-5 3 -7 3 -65710
-24 -4 -23 -3 -45188
-15 -1 -17 0 -65100
-23 21 -23 22 -62470
-16 -17 -18 -21 -67682
1 0 1 -1 -59732
-20 -23 -19 -24 -46876
11 0 10 2 -52922
-11 21 -12 22 -71360
-3 -23 -3 -24 -69082
24 -8 24 -6 -49754
-9 7 -9 6 -63874
9 -5 15 -5 -67082
-11 -17 -13 -18 -53104
22 22 21 19 -63960
-14 23 -16 19 -76774
-1 -11 -2 9 -78248
-12 18 -14 18 -65910
0 -15 -3 -16 -57294
20 -16 17 -16 -62210
11 24 12 20 -57138
23 -1 24 -3 -51344
23 7 23 4 -58798
-21 -13 -21 -11 -63508
10 7 8 6 -59318
-1 -3 -1 -4 -67210
6 -4 4 -3 -69792
7 22 8 23 -46878
-17 -9 -17 -6 -58278
23 -2 24 -22 -52768
-13 24 -17 23 -62120
-22 6 -19 7 -68780
-22 -4 -7 4 -95742
24 -21 23 -19 -58066
18 17 15 16 -54168
-12 -23 -10 -24 -58210
-11 2 -11 0 -62952
9 -14 5 -16 -53298
-24 12 -23 13 -50872
-1 -24 1 -23 -60274
-24 16 -24 18 -66456
17 -23 13 -21 -59030
6 2 4 4 -53356
21 -4 -7 -4 -77912
7 -17 8 -19 -57596
23 -4 23 3 -59144
-21 12 -20 11 -67830
1 15 0 23 -62084
-5 10 -2 14 -77942
-9 19 -10 23 -69348
6 11 6 21 -57306
11 -18 11 -19 -56694
-1 -13 -3 -12 -60286
0 -9 -2 -12 -53794
15 19 14 17 -52648
-24 -18 -23 -18 -43786
-20 -23 -20 -24 -43380
11 -17 14 -17 -62948
-2 24 0 24 -57448
4 -18 23 -19 -66628
23 23 22 14 -59718
-7 7 -21 4 -97336
-1 5 0 5 -60526
-3 -24 -4 -24 -61302
1 2 0 1 -75304
-24 -9 -1 -8 -76314
-1 -17 -1 -16 -57880
-20 -16 -20 -17 -58522
13 -16 8 -17 -62598
24 3 22 2 -60342
-23 -14 -24 -13 -54366
-20 -24 -22 -24 -49800
-22 -21 -23 -20 -57472
22 -10 22 -9 -57280
24 -20 23 -22 -61050
-24 8 -22 7 -62670
6 21 6 19 -52304
20 -1 20 -2 -58126
-21 -19 -19 -16 -70190
-13 -12 -14 -8 -62350
13 -23 12 -24 -59924
8 14 6 13 -47452
-23 24 -20 22 -56088
13 1 12 -1 -66334
-12 6 -11 8 -68882
-15 -3 -15 -4 -50702
-17 -8 -18 -8 -54914
16 24 15 24 -49550
-23 -4 -23 -9 -57448
2 3 0 0 -79942
24 -20 24 -16 -51796
-24 5 -23 2 -56080
-12 24 -14 24 -56406
2 -14 -1 -15 -59318
-5 -10 -5 -11 -54006
-2 6 -4 5 -65546
-22 19 -24 21 -65678
4 -2 3 0 -66438
5 9 2 11 -62702
12 -24 11 -23 -55252
-5 -19 -8 -19 -64456
-21 8 -24 1 -85914
-13 -21 -13 -17 -67370
-2 -12 0 -14 -61198
11 13 10 13 -41422
3 6 -13 5 -83788
0 23 -1 24 -51400
-24 -6 -23 -7 -65938
21 -8 22 -6 -61538
7 -14 7 -12 -45976
24 -9 11 -8 -63812
24 7 24 5 -54290
-14 19 -15 20 -73428
22 12 23 11 -59994
-19 -5 -16 -3 -67786
-24 11 -24 9 -57656
-24 19 -24 22 -59748
18 7 16 6 -59572
-7 3 -14 5 -76438
-24 -14 -22 -18 -59804
2 -5 0 -6 -54872
20 22 20 23 -51052
-16 -9 -17 -8 -58272
-1 -2 0 -4 -71210
12 19 12 20 -58372
13 15 12 14 -49886
23 6 22 9 -54836
16 -13 18 -13 -63938
18 -23 18 -24 -63442
-20 -4 18 -4 -84854
16 11 17 14 -51734
-13 -14 -15 -13 -55260
24 -16 21 -15 -47526
-21 0 -23 -3 -56508
-4 22 -10 21 -54864
17 -24 17 -23 -62642
22 -4 24 -7 -53724
-16 0 -13 13 -88754
0 22 -3 14 -67996
-17 15 -14 16 -74554
-1 21 -2 23 -55810
23 -6 24 -6 -49234
-15 -5 -15 -11 -64030
23 -7 24 -6 -53368
14 9 -2 6 -85004
-7 -24 -8 -24 -48234
-4 -12 -4 -13 -54090
-14 -6 -15 -7 -60670
-3 23 -7 24 -59308
6 23 -1 22 -68434
14 9 13 9 -46698
15 -8 15 -6 -49040
11 -15 12 -14 -57340
-24 0 -22 0 -59136
16 24 16 23 -58284
-4 -24 -3 -23 -64886
-12 -1 -5 19 -88870
10 -19 10 -20 -58038
-10 -11 -10 -16 -57196
16 21 16 20 -56276
-18 7 -15 7 -68484
0 -17 0 -18 -53972
-5 -3 -5 -1 -57004
-15 4 -17 4 -70530
-13 -24 -13 -23 -62418
-19 20 -17 19 -63356
8 -5 9 -4 -52840
-24 -4 2 -1 -94508
24 3 24 1 -53548
3 9 1 9 -57452
16 10 15 9 -56340
-17 -1 13 -3 -84162
-15 -5 -4 9 -93464
23 21 21 22 -54364
7 -24 6 -23 -55444
-7 2 -7 0 -68372
-12 -17 -12 -19 -67520
-16 -19 -15 -19 -54632
-9 21 -7 24 -52548
-20 11 -18 -9 -80206
-21 3 -2 1 -103442
-1 -7 -24 1 -97336
4 -24 5 -20 -66730
-11 -24 -9 -23 -50670
-18 14 -18 16 -58990
24 19 22 18 -68608
21 21 23 23 -60376
16 24 16 23 -58284
18 -24 24 -24 -54462
-5 11 1 12 -68100
-23 -24 -24 13 -61110
-13 21 -13 20 -68106
2 24 1 24 -56280
-1 23 0 24 -56390
-21 -18 -24 -22 -63956
24 -2 23 -2 -49704
22 -24 22 -23 -62420
8 12 6 12 -53852
22 22 21 23 -51600
-16 -4 -16 14 -86558
4 0 2 0 -62244
3 -7 7 -5 -62372
-19 8 -11 10 -84168
24 8 23 8 -60286
-23 22 -21 22 -57922
1 16 0 16 -59456
-13 4 -13 1 -64242
9 -23 10 -20 -66264
-3 7 17 8 -84462
-3 -4 -3 -3 -65804
-13 -24 -12 -23 -57536
-4 4 -4 3 -75668
0 -19 1 -21 -61712
12 10 12 11 -36876
17 -3 17 -6 -54600
4 -24 4 -22 -61650
0 -17 1 -12 -58054
-24 -10 -23 -10 -54522
-21 21 24 23 -47580
-3 -6 1 -6 -64454
19 16 18 16 -48946
7 11 2 13 -66520
-19 7 -20 10 -65816
-17 8 -15 -5 -84032
-21 1 -20 0 -58344
-9 -18 -10 -16 -70724
-15 6 -14 9 -70726
9 -24 7 -23 -53994
-22 21 -23 20 -63570
-22 7 -22 6 -58210
-8 0 -8 -1 -58392
22 8 -18 11 -75250
3 0 4 12 -70212
-1 -24 7 -23 -70836
-4 16 -4 18 -65280
-17 0 -18 -1 -68020
19 2 20 0 -61502
18 -22 20 -24 -55068
-6 1 -1 -24 -79748
12 5 9 5 -58422
-21 -21 -21 -20 -66488
-19 11 -19 12 -57674
-3 21 -2 24 -48594
23 14 24 13 -56346
-10 -9 -10 -8 -62620
22 -24 20 -24 -53606
-18 -23 -20 -24 -54440
-6 -4 -7 -4 -62802
-10 12 -9 12 -54296
18 -23 16 -21 -56464
17 21 21 20 -54000
14 -24 15 -24 -50052
23 7 21 5 -65904
-17 16 -16 18 -67808
-2 23 -4 24 -57406
-2 18 -4 18 -59540
21 0 20 -2 -60342
-14 23 -16 24 -63354
-4 -5 -2 -10 -67992
21 -19 20 -20 -63868
24 10 22 10 -62460
18 2 23 0 -67930
-21 -6 -19 -6 -61364
5 9 5 8 -47868
-8 6 -9 7 -64754
20 11 17 11 -53712
-5 -16 -5 -15 -54176
