-15 9 -13 6 -60551
-10 -10 -10 -8 -54759
19 -3 18 -4 -63513
-9 -12 -10 -13 -60531
-23 -18 -24 -16 -54457
9 3 4 9 -78281
-6 -13 -7 -17 -58703
17 18 17 15 -62157
16 -15 17 -13 -57553
-24 -23 -22 -22 -65481
-10 -11 -9 -12 -56423
-13 24 -14 23 -63201
5 -4 6 -3 -64619
4 -21 3 -23 -76723
-3 -16 -1 -18 -58597
6 3 7 1 -72913
-24 2 -24 5 -65225
10 -19 12 -18 -61175
-24 4 -22 2 -55821
8 4 10 2 -83639
7 -3 2 24 -86249
17 15 20 17 -57129
-18 24 -18 22 -48677
14 12 14 6 -73859
-23 -24 -22 -23 -60095
-7 24 -7 23 -52137
-23 -9 -23 -10 -51837
3 -13 3 -21 -64911
-15 11 -13 14 -56829
24 13 23 11 -64921
-14 -1 -12 0 -56577
-23 16 -24 17 -53091
17 -9 13 -8 -83271
-20 11 -22 10 -55465
-1 -13 -2 -12 -50069
23 -3 23 -5 -50879
11 5 13 2 -87697
-7 14 -7 11 -44861
20 0 20 1 -66769
-9 0 -11 -1 -59533
-1 -21 -3 -21 -67041
11 -24 10 -23 -72171
-13 3 -13 -2 -62093
-8 -19 -8 -18 -63045
10 -1 11 1 -78749
9 -17 10 -19 -57513
-7 -8 -5 -8 -64231
10 2 11 -2 -79679
16 -21 14 -23 -61639
-24 7 -24 8 -56769
23 17 24 18 -51585
-4 -3 -4 -1 -52867
-7 15 -8 15 -47117
-3 23 -1 23 -49273
4 15 3 14 -62887
7 7 21 3 -92469
-6 5 -6 1 -58295
-16 -6 -15 -8 -54821
1 2 0 0 -60741
11 -13 13 -14 -62613
-24 -4 -24 -6 -51763
14 3 14 5 -71351
23 24 24 23 -47977
17 19 -18 20 -68329
6 2 20 0 -96485
11 1 8 8 -95381
-10 -24 -10 -23 -45745
24 16 23 12 -70117
18 10 18 7 -71911
-10 23 -10 24 -51133
-14 24 -13 23 -58817
-16 -24 -15 -24 -45961
-16 24 -13 24 -50137
6 -4 3 -4 -74321
-15 -24 -15 -23 -47325
-6 -23 -6 -21 -59023
6 -10 5 -11 -63895
23 8 24 7 -61583
-24 -17 -23 -19 -52241
-10 19 -10 18 -59319
0 21 1 20 -53961
23 -22 22 -21 -61297
16 7 16 4 -71307
13 24 14 24 -48223
-10 7 -10 8 -53535
-8 -10 -9 -13 -67477
24 -9 24 -11 -60005
24 -21 22 -22 -48647
12 -14 12 -12 -61617
17 -8 16 -8 -73617
23 -24 23 -23 -52423
9 14 9 19 -73873
-23 7 -24 8 -44901
-10 4 -12 5 -64049
12 -4 13 -3 -71255
-17 8 -18 9 -60175
9 1 10 2 -73429
10 -24 11 -23 -56989
-24 -13 -23 -9 -54873
-21 -24 -22 -23 -46411
-24 -24 -24 7 -54159
-8 24 -7 20 -57115
22 11 22 9 -66379
24 -9 22 -9 -58733
-7 -18 -7 -17 -62539
5 24 4 23 -42903
-12 24 -11 24 -48707
-16 -20 -14 -20 -58685
-18 -23 -18 -24 -54307
18 -2 18 -1 -64089
-15 7 0 14 -79709
24 -23 24 -22 -54833
13 21 14 24 -52613
-4 -16 -3 -15 -62943
3 17 1 14 -69683
21 -22 19 -21 -62553
7 7 7 4 -70463
8 -5 9 -2 -58037
-3 -18 -3 -17 -58313
-24 -23 -21 -22 -67441
9 15 9 12 -60215
-16 -1 -15 -2 -58739
-24 0 -24 2 -51751
-8 -20 -5 -19 -55323
-7 8 -10 8 -58679
13 22 12 24 -47073
-23 -17 -24 -18 -55627
-12 -20 -12 -19 -50197
24 -17 23 -18 -47109
17 12 16 13 -61059
24 20 24 19 -42519
-5 24 -4 2 -72415
5 -5 5 -7 -56471
-14 20 -8 20 -57185
24 6 23 24 -71909
9 -21 12 -23 -76837
-10 19 -10 21 -59075
14 -23 16 -24 -64741
3 -8 1 -9 -55173
10 -24 10 -23 -60669
18 23 17 24 -51851
16 -18 15 -20 -53557
-5 24 -1 24 -50697
-8 5 5 12 -71857
-23 15 -24 17 -55897
-24 4 -23 7 -62833
20 24 18 18 -61683
-23 16 -24 15 -47585
4 -21 3 -23 -76723
-1 -24 -2 -24 -63853
20 0 19 -1 -63871
22 -21 5 -23 -70791
-15 -20 -16 -22 -56995
8 24 9 22 -46675
10 5 11 3 -88427
14 0 15 -8 -63941
-4 -8 -6 -9 -57889
-24 -9 -20 -6 -56287
-15 15 -18 13 -50775
0 4 4 5 -62799
21 5 21 7 -63223
15 6 14 6 -66885
-2 -3 -3 -2 -57645
14 -3 14 -3 -238365
-24 -13 -24 -14 -47147
-8 -2 -7 -4 -52805
-19 17 -20 16 -54257
14 -21 14 -22 -61775
22 -9 23 -8 -65191
15 7 15 8 -67075
24 -8 24 -10 -60937
24 -11 22 -13 -55621
0 -7 1 -7 -46603
3 1 5 1 -65501
8 19 10 11 -80731
-14 -12 -15 -12 -63675
0 9 0 1 -72455
-4 -13 -5 -10 -57363
3 -2 2 -6 -53651
-5 8 -4 10 -53059
4 -12 5 -13 -54407
-9 -7 -8 -6 -55445
14 -7 14 -10 -56193
-12 -3 -12 -2 -59089
19 -5 2 -5 -94479
-17 6 -17 9 -54979
1 24 1 23 -37767
12 -23 12 -20 -68019
24 -21 24 -20 -56665
13 1 12 -1 -81669
-17 14 -15 10 -63813
21 -5 23 -7 -63141
-4 17 -5 15 -61495
-17 21 -16 24 -56053
20 -22 18 -24 -51213
0 18 8 21 -71613
-17 -12 -17 -13 -54971
-4 -23 -1 -24 -65493
20 5 23 4 -66933
-5 -8 -3 -10 -60415
-23 -18 -24 -20 -60537
7 1 3 1 -69305
12 -14 12 -16 -53907
0 6 1 7 -63537
18 12 17 10 -67075
10 -2 11 -5 -63797
3 -4 1 -5 -59949
-9 -12 -6 -11 -60935
-13 -6 -17 -7 -63631
13 2 16 0 -74481
23 -1 24 0 -58735
-5 17 -4 18 -62697
-24 6 -22 6 -50139
12 -24 13 -24 -55125
-10 22 -7 24 -57103
-4 -23 -4 -24 -59901
12 22 12 20 -51073
0 -22 1 -24 -59845
-21 -23 -20 -23 -52025
23 20 23 23 -51251
6 0 6 1 -63867
24 -19 22 -19 -52993
-24 -5 -24 -9 -49589
-17 13 -21 13 -50415
16 -13 15 -13 -61817
-1 -24 0 -24 -61945
-19 -14 -20 -12 -64043
0 -23 0 -22 -61849
-2 18 -2 19 -62483
6 21 7 18 -57447
-17 -17 -15 -18 -55749
-24 23 -23 21 -54073
-19 -19 -18 -16 -55339
-24 -5 -24 -1 -60349
-24 -21 -24 -22 -46427
-14 -9 -13 -9 -61271
-14 -2 -15 -6 -58229
8 -24 9 -23 -60889
20 -9 19 -8 -63381
9 18 10 19 -68965
-5 -23 -6 -24 -56431
-10 -24 -7 -24 -45827
17 -21 16 -20 -62295
-22 5 -21 8 -63599
18 -22 19 -24 -53747
14 14 12 21 -73611
-24 21 -24 24 -48171
7 18 9 17 -65111
-15 23 -14 24 -60047
3 10 4 10 -49945
-9 13 -13 12 -56905
-20 -23 -19 -24 -46195
16 23 17 24 -46571
-3 -21 -3 -19 -57607
-3 -23 -3 -24 -60181
24 -8 24 -6 -52097
-4 1 -3 -21 -64909
8 -7 9 -7 -63385
-4 5 -4 -2 -64521
7 -24 -1 -24 -55731
-23 -22 -22 -19 -63447
-18 24 -17 24 -37721
23 -15 23 -13 -45667
2 12 19 24 -83829
-2 17 -2 18 -65669
-23 21 -24 21 -48553
23 -1 24 -3 -56977
-4 -6 -5 -5 -62319
-24 5 -24 11 -62033
7 -21 6 -21 -63589
-12 -15 -9 -14 -55781
-13 5 -15 2 -55191
-21 2 -24 1 -60327
-14 19 -14 18 -55435
-4 23 -4 24 -45095
17 9 17 15 -76323
-18 -14 -18 -15 -57663
19 -2 18 -2 -61463
24 -21 23 -19 -58847
-9 -24 -5 -22 -59031
-13 -24 -10 -23 -48867
9 -21 8 -21 -63171
-19 -8 -16 -6 -53855
-24 12 -23 13 -55089
-1 -24 1 -23 -54993
-10 5 -14 5 -65243
11 21 10 14 -77173
-21 24 23 24 -52683
19 -7 19 -10 -61331
-13 5 -13 4 -47317
-23 -8 -24 -8 -58981
0 24 -22 24 -51203
23 0 23 -1 -53605
-11 8 -10 9 -62407
18 23 17 23 -48209
-24 -6 -23 -7 -54051
-9 5 -7 3 -56431
7 11 4 3 -74363
-4 -14 -3 -13 -61153
-24 3 -24 5 -64285
-24 -18 -23 -18 -50235
-20 -23 -20 -24 -54451
-9 0 -12 0 -59953
-2 13 -2 15 -50001
-17 21 -17 20 -51353
-5 6 -10 3 -58555
24 1 22 3 -65137
9 -15 10 -13 -62601
-11 -19 -10 -17 -63539
21 4 20 2 -61327
-22 24 -23 24 -57073
-7 0 -7 1 -58957
-12 9 -12 11 -54521
-16 -1 -17 -9 -63275
24 14 22 14 -49375
-24 15 -24 18 -49881
24 5 22 4 -64955
-22 -21 -23 -20 -48181
24 -4 23 -6 -59937
24 -20 23 -22 -53789
12 -15 13 -14 -62001
0 -7 0 -8 -55123
4 -7 4 -8 -56407
-2 17 0 15 -50493
5 -8 13 -13 -76435
-21 24 -22 24 -60829
17 -7 19 -7 -68677
-23 24 -20 22 -59437
-14 18 -14 16 -48989
20 -2 2 -8 -93559
10 9 9 13 -57931
-4 -19 -2 -21 -62079
8 6 7 5 -64481
9 24 5 23 -55627
-9 -22 -10 -24 -53789
24 -20 24 -16 -52775
-12 -23 -15 -22 -52207
24 -7 -22 -8 -59771
-22 15 -20 15 -52093
5 21 -4 1 -89119
-17 -3 -15 -2 -55881
-24 -5 -24 -2 -59993
24 11 24 15 -67207
-20 -12 -21 -10 -59515
12 -24 11 -23 -69365
5 -21 5 -20 -60547
-9 0 -9 3 -59129
5 18 6 21 -59269
21 11 21 21 -74645
-9 7 -10 9 -57559
15 -11 14 -10 -73221
8 -8 6 -6 -62545
3 22 12 6 -95007
6 -1 6 -2 -55877
-12 17 -11 18 -58433
-5 0 -4 1 -49219
24 7 24 5 -50321
4 -20 -1 -20 -60185
-2 1 -4 1 -42393
20 -18 16 -15 -57459
13 -9 13 -12 -60663
-15 14 -14 12 -57463
10 -7 11 -11 -57747
1 0 0 1 -53807
4 -7 7 -7 -74525
22 -13 22 -12 -54947
13 -24 19 -24 -63875
-21 11 10 11 -67373
0 9 0 10 -41041
-24 14 -24 13 -59737
0 2 0 6 -62343
0 -11 -3 -11 -45845
24 -17 24 -18 -46455
13 -4 14 -4 -75263
24 10 24 6 -56095
-5 16 -4 16 -46097
-23 19 -23 21 -53905
24 -16 21 -15 -52065
-1 14 0 18 -70007
13 -9 12 16 -78277
-17 -24 -14 -21 -60053
-24 20 -24 23 -55271
-15 21 17 -19 -77737
-8 -4 -9 -10 -60271
8 23 11 24 -64909
-7 -11 -7 -12 -60577
23 -6 24 -6 -60343
-24 -24 -24 -22 -42855
23 -7 24 -6 -64935
12 2 9 2 -73859
14 11 15 9 -73155
-19 4 -18 2 -57171
13 2 14 4 -73353
21 21 21 24 -55185
15 10 3 8 -75161
-17 11 -17 10 -55955
-9 -21 -12 -20 -56271
0 23 2 22 -51061
24 10 24 12 -61467
-24 -4 -22 -3 -50881
13 14 14 17 -68933
19 -18 18 -18 -59421
23 22 22 21 -55735
13 24 11 23 -56587
-24 13 -24 14 -60321
18 6 15 6 -58223
17 11 14 17 -73859
1 20 0 19 -59019
8 -17 5 -18 -62853
3 -21 4 -21 -57177
4 -19 6 -20 -63095
19 -9 21 -17 -63205
-10 -1 -10 -2 -60523
17 -2 13 -4 -83571
11 17 8 17 -70569
21 1 20 2 -68077
-19 24 -20 24 -47939
24 24 23 24 -42481
-24 -14 -24 -16 -48181
7 -24 6 -23 -59451
5 -16 5 -15 -47731
2 -15 2 -21 -65069
-23 0 -20 0 -61381
-4 24 -7 24 -42451
15 17 16 18 -59111
16 -6 14 -5 -73983
24 19 -24 19 -53717
-12 3 1 20 -89063
-11 -19 -13 -17 -52773
9 19 13 20 -78767
-19 -17 -19 -15 -57165
9 -13 8 -13 -60189
-21 -2 -21 1 -59105
18 -24 24 -24 -56965
-15 -10 -15 -8 -48441
19 1 3 2 -94293
1 -9 1 -10 -47157
4 -11 3 -13 -50747
-1 23 0 24 -43997
-18 6 -17 6 -48389
24 -2 23 -2 -57189
22 -24 22 -23 -52895
24 24 21 23 -48907
22 22 21 23 -60535
16 3 16 -17 -76119
-16 -5 -17 -4 -57529
-22 4 -20 5 -60343
19 21 3 19 -84497
24 8 23 8 -62047
-24 9 -24 12 -52571
24 5 23 4 -59323
24 10 22 10 -61405
20 5 20 1 -68561
19 24 21 22 -57503
6 19 14 20 -89357
-24 -11 -24 -10 -52229
22 -4 20 -2 -64499
3 7 4 5 -63181
-14 -9 -12 -11 -60687
1 0 0 -1 -58717
4 -24 4 -22 -64727
2 17 6 20 -71913
-24 -10 -23 -10 -58311
17 9 18 10 -57403
-12 9 -14 8 -57751
-21 24 -23 22 -48387
-6 -4 -6 -6 -53197
2 12 -1 13 -44891
9 0 10 -3 -75811
9 -18 10 -21 -67055
-6 -9 -8 -8 -64007
-20 4 -20 0 -62487
7 -24 7 -23 -63431
-24 18 -24 19 -46549
-10 15 -10 14 -41677
-14 24 -13 23 -58817
17 20 15 22 -58217
24 18 24 15 -51727
-20 -8 -22 -6 -61615
-16 -1 -17 1 -56421
-4 13 2 8 -51001
-12 -11 -12 -14 -56171
-11 -23 -9 -24 -47959
-24 0 -23 -3 -56669
-2 -17 20 -18 -77563
11 6 13 7 -61953
-16 -14 -15 -14 -61579
23 -9 24 -11 -56899
23 14 24 13 -51579
-13 -18 -12 -15 -55135
22 -24 20 -24 -55819
-18 -23 -20 -24 -50437
23 -16 -10 -17 -69645
15 -10 11 -14 -67733
-15 -13 -24 -22 -66779
-19 -15 -20 -15 -50753
14 -24 15 -24 -62013
0 -14 8 18 -87247
16 2 16 0 -71701
24 23 18 21 -57567
23 -20 24 24 -66601
-9 23 -8 24 -55413
-6 19 -7 21 -53435
3 15 16 8 -92019
-23 11 -23 12 -55673
5 24 6 23 -56049
5 23 4 24 -56277
-21 -2 -18 0 -60391
11 -21 10 -19 -72053
-5 -24 -4 -24 -51799
4 2 4 4 -68195
-24 -11 -20 -11 -61747
