-14 18 -15 19 -58372
-10 -10 -10 -8 -52118
19 -3 18 -4 -59534
-9 -12 -10 -13 -68414
-23 -18 -24 -16 -56412
-8 5 -6 4 -58672
-6 -13 -7 -17 -66870
12 -2 13 -1 -68554
16 -15 17 -13 -52622
-24 -23 -22 -22 -64970
18 19 18 17 -69278
-13 24 -14 23 -56024
15 15 13 22 -79594
-19 -21 -13 -23 -62038
-24 21 -22 21 -66012
-4 8 -3 10 -58786
-24 2 -24 5 -57692
10 -19 12 -18 -56588
-24 4 -22 2 -62206
-15 15 -15 10 -58936
-10 -16 -9 -16 -60418
17 15 20 17 -68324
-18 24 -18 22 -42722
10 10 12 8 -52614
-23 -24 -22 -23 -59546
-7 24 -7 23 -58358
-23 -9 -23 -10 -57112
24 16 20 12 -70834
-7 11 -7 9 -56600
24 13 23 11 -58222
-14 16 -12 15 -59882
-23 16 -24 17 -56050
2 10 2 11 -78278
-20 11 -22 10 -57944
-1 -13 -2 -12 -60978
23 -3 23 -5 -52130
13 12 14 13 -67782
-4 8 -6 8 -66720
0 14 0 13 -68714
-9 0 -11 -1 -62114
-13 -1 -11 -1 -59006
11 -24 10 -23 -56180
13 5 15 3 -71424
-8 -19 -8 -18 -63840
-1 -4 -4 -4 -73916
9 -17 10 -19 -51554
5 -19 18 15 -85772
3 6 1 6 -59452
16 -21 14 -23 -66686
-24 7 -24 8 -38728
23 17 24 18 -57230
-4 -3 -4 -1 -56502
-3 -16 -6 -14 -63646
-1 3 -3 2 -67536
17 2 16 5 -66622
5 9 5 12 -77610
-8 22 -9 24 -58114
-16 -6 -15 -8 -64754
6 18 6 17 -61280
-20 15 -20 17 -60420
-24 -4 -24 -6 -59558
-11 -9 -10 -14 -61552
23 24 24 23 -43760
19 23 20 24 -46192
-2 -2 0 -6 -50182
7 17 5 15 -56810
-10 -24 -10 -23 -44914
-17 1 -13 0 -68376
7 23 8 24 -48054
-10 23 -10 24 -53818
-14 24 -13 23 -65006
-16 -24 -15 -24 -51620
-22 0 -23 1 -64588
-19 16 -18 15 -49198
-15 -24 -15 -23 -48434
-6 -23 -6 -21 -60104
22 6 7 7 -71896
23 8 24 7 -58234
-24 -17 -23 -19 -54888
-10 19 -10 18 -48314
-7 0 -6 4 -58306
23 -22 22 -21 -60752
16 7 16 4 -63804
13 24 14 24 -56034
4 24 -4 24 -54130
5 6 4 6 -56622
24 -9 24 -11 -60714
24 -21 22 -22 -53386
12 -14 12 -12 -56866
16 13 8 12 -75840
23 -24 23 -23 -51868
3 24 4 22 -46180
-23 7 -24 8 -43310
12 10 11 7 -62706
12 -4 13 -3 -71174
-6 22 -11 8 -76524
17 -2 17 -6 -52744
10 -24 11 -23 -54360
-24 -13 -23 -9 -58450
-21 -24 -22 -23 -48580
-24 -24 -24 7 -59664
-14 16 -12 18 -57452
-17 16 -16 18 -51378
24 -9 22 -9 -57588
-7 -18 -7 -17 -65360
5 24 4 23 -48710
-12 24 -11 24 -45838
6 -10 -17 -21 -76042
-18 -23 -18 -24 -55856
18 -17 17 -18 -55970
-17 -3 -17 -6 -71280
24 -23 24 -22 -55208
13 21 14 24 -50978
-1 -20 4 19 -80018
-3 17 -2 17 -52104
21 -22 19 -21 -60402
-8 18 -9 19 -57228
8 -5 9 -2 -51974
-3 -18 -3 -17 -60716
-24 -23 -21 -22 -66318
9 -5 16 -5 -70632
-16 -1 -15 -2 -66382
-24 0 -24 2 -52998
-8 -20 -5 -19 -67074
8 13 9 12 -61010
13 22 12 24 -53910
-23 -17 -24 -18 -54024
-12 -20 -12 -19 -66680
24 -17 23 -18 -66960
5 -7 6 -7 -48388
24 20 24 19 -50112
-20 6 -18 8 -52518
15 -10 15 -9 -56078
18 21 18 20 -61196
-15 10 -14 10 -55662
24 2 23 7 -54968
-1 -6 0 -4 -62988
14 -23 16 -24 -61972
14 -24 15 -23 -61248
10 -24 10 -23 -55450
18 23 17 24 -48758
16 -18 15 -20 -53298
-1 13 -4 12 -65102
13 4 13 5 -57686
-23 15 -24 17 -57940
-24 4 -23 7 -48668
3 -10 -7 -12 -74138
-23 16 -24 15 -47636
-11 -3 -8 -2 -62336
0 -3 -2 -5 -70056
20 0 19 -1 -58982
22 10 -24 -23 -62386
-15 -20 -16 -22 -63720
8 24 9 22 -41812
-9 10 -7 2 -65312
-13 -9 -4 8 -87390
-1 -15 -2 -12 -70636
-24 -9 -20 -6 -58056
14 -7 15 -6 -73320
19 11 11 9 -72902
14 0 16 2 -59668
20 -3 13 -4 -65724
-9 7 -10 7 -60548
-15 0 -17 0 -58416
-24 -13 -24 -14 -48776
-8 -2 -7 -4 -51896
-19 0 -17 2 -52642
14 -21 14 -22 -52954
22 -9 23 -8 -65308
-12 -8 -16 -8 -55112
24 -8 24 -10 -63164
24 -11 22 -13 -55662
0 -7 1 -7 -68490
-3 24 -8 21 -63348
-11 6 -11 5 -54692
-14 -12 -15 -12 -55612
-8 -3 -8 -4 -52886
3 3 -17 4 -90742
-19 5 -21 6 -64034
16 -15 -11 -12 -78216
3 4 5 1 -65258
-9 -7 -8 -6 -58424
-19 -6 -18 -9 -71416
1 -17 0 -17 -52614
6 -14 5 -11 -59866
16 9 15 7 -60252
1 24 1 23 -44424
-7 -10 12 -3 -78228
24 -21 24 -20 -58628
7 -2 12 -9 -56786
-2 -1 0 -2 -69946
21 -5 23 -7 -63078
24 24 21 24 -55692
-19 15 -19 16 -57956
20 -22 18 -24 -50882
-13 9 -17 8 -57482
-17 -12 -17 -13 -66212
4 -6 5 -3 -53090
14 14 12 14 -65796
5 5 4 2 -48776
-23 -18 -24 -20 -59306
22 -20 -18 -23 -63868
12 -14 12 -16 -56416
8 6 6 12 -80464
-24 1 -24 -5 -70542
-19 1 5 0 -89626
3 -4 1 -5 -67144
2 -5 0 -5 -70540
5 1 5 0 -50586
21 24 21 22 -53632
23 -1 24 0 -59822
9 -16 8 -20 -60212
-24 6 -22 6 -55844
12 -24 13 -24 -57930
-10 22 -7 24 -63864
-4 -23 -4 -24 -60784
0 9 -4 10 -68118
0 -22 1 -24 -58704
-21 -23 -20 -23 -51356
8 3 7 8 -59424
23 -18 24 -17 -67714
24 -19 22 -19 -57430
-24 -5 -24 -9 -56974
-2 21 -4 24 -56490
16 -13 15 -13 -57092
-1 -24 0 -24 -58168
-19 -14 -20 -12 -67996
0 -23 0 -22 -60858
-8 24 -6 24 -52818
24 2 22 0 -60980
-17 -17 -15 -18 -57034
-24 23 -23 21 -52020
-19 -19 -18 -16 -62898
14 19 15 18 -68512
-24 -21 -24 -22 -48222
-9 -20 20 -18 -73002
-14 -2 -15 -6 -60758
8 -24 9 -23 -48916
20 -9 19 -8 -62520
13 24 12 24 -56000
-5 -23 -6 -24 -61026
-10 -24 -7 -24 -52662
17 -21 16 -20 -56592
-12 5 -11 5 -60902
18 -22 19 -24 -51708
19 -1 17 1 -47646
-24 21 -24 24 -45496
12 11 5 9 -68298
-15 23 -14 24 -56644
12 -1 11 1 -51990
-9 13 -13 12 -57060
-20 -23 -19 -24 -50714
16 23 17 24 -46212
-3 -21 -3 -19 -57990
-3 -23 -3 -24 -61446
24 -8 24 -6 -55612
0 -6 0 -7 -47922
8 -7 9 -7 -49286
-4 14 -4 11 -63848
7 -24 -1 -24 -52986
-23 -22 -22 -19 -64068
-18 24 -17 24 -49112
23 -15 23 -13 -44214
13 0 12 0 -61816
-1 -21 -3 -23 -63270
-23 21 -24 21 -60458
23 -1 24 -3 -53832
-4 -6 -5 -5 -57410
19 15 20 16 -69518
-11 4 21 22 -76894
-12 -15 -9 -14 -61536
-9 -15 -7 -12 -72144
-21 2 -24 1 -57076
3 12 4 12 -57144
-4 23 -4 24 -54942
19 14 16 12 -58522
-18 -14 -18 -15 -61724
1 7 0 -6 -69052
24 -21 23 -19 -57962
-9 -24 -5 -22 -66800
-13 -24 -10 -23 -46386
1 9 1 13 -80558
-19 -8 -16 -6 -52894
-24 12 -23 13 -48274
-1 -24 1 -23 -59108
20 5 19 5 -47980
-15 13 -15 4 -62068
-21 24 23 24 -46180
-16 -7 -16 -5 -69850
-13 5 -13 4 -56216
-23 -8 -24 -8 -57762
10 24 9 24 -43618
23 0 23 -1 -43256
3 12 0 10 -68014
18 23 17 23 -45322
-24 -6 -23 -7 -56174
22 20 23 19 -51676
-4 -7 -4 -10 -46938
-4 -14 -3 -13 -55786
-24 3 -24 5 -54768
-24 -18 -23 -18 -49938
-20 -23 -20 -24 -55470
3 -18 5 -18 -65324
-2 13 -2 15 -66968
-17 21 -17 20 -46068
15 -7 14 -8 -70214
24 1 22 3 -53172
9 -15 10 -13 -55928
22 3 22 23 -72228
10 10 4 10 -64898
-22 24 -23 24 -61720
-7 0 -7 1 -50152
-12 9 -12 11 -57568
1 3 0 6 -49366
24 14 22 14 -57322
-24 15 -24 18 -50570
7 10 9 13 -61382
-22 -21 -23 -20 -51092
24 -4 23 -6 -62390
24 -20 23 -22 -58322
-3 -15 -5 -19 -67736
-15 -22 -17 -23 -55754
6 18 7 17 -60142
2 -19 1 -13 -65558
15 -11 8 -9 -60470
-21 24 -22 24 -64164
0 -14 0 -12 -64270
11 -22 11 -20 -54840
-2 -14 6 -18 -77478
-10 -10 -4 -11 -61594
-14 6 -14 -8 -71366
-4 -19 -2 -21 -52770
-8 17 -8 18 -52576
9 24 5 23 -53614
-9 -22 -10 -24 -53604
24 -20 24 -16 -57280
-12 -23 -15 -22 -54682
24 -7 -22 -8 -61408
-22 15 -20 15 -49242
-7 -5 -5 3 -72860
-20 -3 -20 -8 -77014
-24 -5 -24 -2 -64350
24 11 24 15 -61452
-20 -12 -21 -10 -64724
12 -24 11 -23 -59168
5 -21 5 -20 -56278
14 22 16 19 -71552
24 12 23 15 -64890
-5 17 -4 13 -57458
-21 24 -19 23 -55684
15 -11 14 -10 -64964
-21 -1 -22 -3 -63290
-1 21 -2 19 -61008
6 -1 6 -2 -47222
18 -12 16 10 -75588
0 17 1 22 -60958
24 7 24 5 -51106
18 -11 16 -10 -60718
11 -9 11 -4 -50346
20 -18 16 -15 -56356
13 -9 13 -12 -58274
-15 14 -14 12 -60592
10 -7 11 -11 -52964
1 0 0 1 -65488
8 0 7 1 -51242
22 -13 22 -12 -52284
13 -24 19 -24 -63844
5 -19 3 -18 -73082
-16 -17 -17 -21 -70266
-24 8 -24 13 -48030
6 -19 7 -13 -70178
0 5 -3 1 -60334
24 -17 24 -18 -50364
20 3 21 6 -61386
24 10 24 6 -51612
20 8 18 16 -60972
-23 19 -23 21 -52476
24 -16 21 -15 -51844
16 6 15 6 -59492
7 23 -24 24 -53310
-12 -24 -12 -13 -72878
-24 20 -24 23 -52992
-11 0 -13 3 -64226
-8 -4 -9 -10 -60060
11 -6 9 -7 -56536
-7 -11 -7 -12 -53220
23 -6 24 -6 -60504
-24 -24 -24 -22 -43408
23 -7 24 -6 -66806
17 4 17 1 -57944
22 9 21 7 -53494
-19 4 -18 2 -55934
1 -6 -6 -6 -83238
21 21 21 24 -59118
-9 7 -10 6 -58654
-17 11 -17 10 -52946
-13 -6 4 -5 -90948
-11 22 -10 21 -55706
24 10 24 12 -48986
-24 -4 -22 -3 -53242
21 18 21 17 -69350
19 -18 18 -18 -59256
23 22 22 21 -57014
13 24 11 23 -52016
1 -11 4 -9 -62548
-10 -20 -6 -21 -65864
-8 17 -9 17 -51910
0 -6 -2 -20 -69368
-6 1 -1 2 -64532
3 -21 4 -21 -60584
-14 -19 -14 -20 -67498
19 -9 21 -17 -61112
11 19 5 19 -60088
7 -24 14 -24 -54536
-19 21 -17 23 -53828
8 11 8 8 -68018
-19 24 -20 24 -57636
24 24 23 24 -48722
-24 -14 -24 -16 -48940
7 -24 6 -23 -41224
5 -16 5 -15 -62660
16 -1 14 -3 -71394
-14 24 -17 24 -51902
-4 24 -7 24 -49710
15 17 16 18 -59304
8 18 8 17 -63530
1 -2 4 -1 -52014
-2 21 -2 22 -58106
-11 -19 -13 -17 -58822
13 15 13 13 -49696
-19 -17 -19 -15 -61278
-2 9 6 2 -84336
-21 -2 -21 1 -63842
18 -24 24 -24 -55686
-15 -10 -15 -8 -56380
-16 3 -16 4 -53466
1 -9 1 -10 -41034
4 -11 3 -13 -62388
2 23 0 22 -50980
-24 -15 0 -17 -63716
24 -2 23 -2 -60040
22 -24 22 -23 -52852
24 24 21 23 -54720
4 10 -6 9 -74754
-6 10 -5 10 -62864
24 0 23 -14 -71436
-22 4 -20 5 -65598
0 19 -2 16 -64400
24 8 23 8 -56566
-24 9 -24 12 -46550
24 5 23 4 -53758
24 10 22 10 -62584
-16 -15 -16 -10 -71298
1 14 0 13 -70754
-13 19 -18 20 -59620
-24 -11 -24 -10 -56016
22 -4 20 -2 -60076
1 23 0 24 -53588
-11 -4 0 17 -92730
1 0 0 -1 -64172
4 -24 4 -22 -53712
17 22 6 -3 -85450
-24 -10 -23 -10 -58160
5 9 6 8 -72936
3 19 2 20 -46952
-21 24 -23 22 -50202
1 9 0 10 -68324
12 16 12 19 -64742
5 3 3 15 -91492
0 -1 -22 -6 -69500
7 -19 2 -15 -74742
-12 12 -11 10 -57260
7 -24 7 -23 -55716
-24 18 -24 19 -46014
-10 15 -10 14 -56294
-14 24 -13 23 -65006
0 24 2 24 -51274
24 18 24 15 -63850
-20 -8 -22 -6 -67318
-16 -1 -17 1 -62978
-8 15 -9 13 -64262
-12 -11 -12 -14 -62476
-11 -23 -9 -24 -50862
-24 0 -23 -3 -66496
11 3 10 5 -59264
6 23 4 23 -48720
-16 -14 -15 -14 -56016
23 -9 24 -11 -56542
23 14 24 13 -60618
16 -15 14 15 -77800
22 -24 20 -24 -54002
-18 -23 -20 -24 -49292
13 20 12 23 -62580
11 17 10 14 -59484
18 0 21 -1 -53436
-19 -15 -20 -15 -50706
14 -24 15 -24 -64566
12 -18 10 -15 -56790
1 7 0 10 -67690
24 19 24 16 -66242
23 -20 24 24 -66968
-9 23 -8 24 -62562
-9 8 -9 9 -56566
18 12 17 13 -47994
3 -20 3 -21 -56718
0 13 4 19 -72968
-19 5 -22 5 -70304
-21 12 6 11 -69768
4 15 5 13 -63984
-5 -24 -4 -24 -46414
-5 -23 4 -23 -69390
-24 -11 -20 -11 -62862
