20 -15 19 0 -78593
-7 6 -8 -24 -87111
19 -3 18 -4 -58773
-5 6 -6 3 -83769
-23 -18 -24 -16 -54461
-24 -22 0 -22 -64643
-9 19 -11 20 -69089
1 3 1 11 -61811
16 -15 17 -13 -53951
10 6 10 0 -75093
-18 -13 -19 -14 -58221
-13 24 -14 23 -57655
-8 -6 -7 -8 -68379
-17 -9 -15 -9 -43663
-24 21 -22 21 -59933
-4 8 -3 10 -60785
8 15 6 17 -69881
10 -19 12 -18 -61613
-24 4 -22 2 -57019
-12 -10 -13 -13 -64123
-10 -16 -9 -16 -52897
17 15 20 17 -59703
-18 24 -18 22 -46757
10 10 12 8 -65407
-23 -24 -22 -23 -38103
-7 24 -7 23 -55979
-23 -9 -23 -10 -63729
-24 -15 -3 -11 -67283
-7 11 -7 9 -70897
24 13 23 11 -50335
-14 16 -12 15 -65077
-23 16 -24 17 -58713
4 -2 2 -2 -61867
-20 11 -22 10 -64225
0 5 -3 4 -61123
23 -3 23 -5 -62381
13 12 14 13 -60679
4 -5 7 -5 -59273
0 14 0 13 -56613
-7 -11 -17 -14 -66165
13 -12 14 -13 -68459
11 -24 10 -23 -58801
-17 14 -16 14 -53599
-12 0 -13 0 -63263
13 -6 13 -4 -54861
9 -17 10 -19 -59413
21 -5 21 -3 -68775
3 6 1 6 -60937
16 -21 14 -23 -69363
-24 7 -24 8 -55393
23 17 24 18 -48935
-3 24 -13 11 -76293
-12 10 -12 8 -67603
0 16 -1 15 -58823
17 2 16 5 -64643
19 3 21 2 -66447
-8 22 -9 24 -65255
10 0 6 5 -86185
-23 14 -21 8 -61491
-20 -22 -17 -20 -62443
-24 -4 -24 -6 -52801
12 -22 12 -14 -66843
23 24 24 23 -41699
19 23 20 24 -46179
-6 -23 -7 -21 -64909
7 17 5 15 -52905
-10 -24 -10 -23 -51251
-5 -6 -6 -4 -67907
7 23 8 24 -53057
-10 23 -10 24 -53655
-12 -22 -13 -1 -89155
-16 -24 -15 -24 -60803
-22 0 -23 1 -62411
-19 16 -18 15 -46287
-15 -24 -15 -23 -61271
-9 3 -9 -11 -78429
12 -7 9 -6 -60563
23 8 24 7 -57729
-24 -17 -23 -19 -52951
-10 19 -10 18 -52985
-7 0 -6 4 -78785
23 -22 22 -21 -60277
16 7 16 4 -65425
13 24 14 24 -53489
4 24 -4 24 -50025
5 6 4 6 -55557
24 -9 24 -11 -58805
24 -21 22 -22 -53589
12 -14 12 -12 -55879
1 -4 -3 -12 -83439
23 -24 23 -23 -52293
3 24 4 22 -57081
-23 7 -24 8 -55557
12 10 11 7 -51379
0 -14 -1 -8 -80045
-7 5 -6 3 -71529
17 -2 17 -6 -61069
10 -24 11 -23 -58547
-13 2 -15 1 -58883
-21 -24 -22 -23 -46039
-24 -24 -24 7 -63661
0 24 -2 21 -48551
-17 16 -16 18 -45691
24 -9 22 -9 -58257
-9 2 -8 4 -80121
5 24 4 23 -50109
-12 24 -11 24 -48241
22 2 24 0 -70527
-18 -23 -18 -24 -64637
18 -17 17 -18 -56569
-14 10 -1 8 -77501
24 -23 24 -22 -54043
13 21 14 24 -50141
12 9 9 11 -66861
-3 24 -21 24 -63861
21 -22 19 -21 -61861
-24 -3 -19 -9 -76611
8 -5 9 -2 -60825
-3 -18 -3 -17 -49691
-22 22 -22 20 -62443
-5 -7 -3 -4 -63189
-20 3 -17 12 -76739
-24 0 -24 2 -45527
-24 15 -24 16 -50053
8 13 9 12 -64537
13 22 12 24 -51125
-23 -17 -24 -18 -49689
-20 -11 -18 -11 -62017
24 -17 23 -18 -68955
16 8 12 9 -62229
24 20 24 19 -40515
11 -7 10 -9 -64307
15 -10 15 -9 -59605
18 21 18 20 -46971
8 -21 8 -22 -70947
24 2 23 7 -61649
16 -6 12 -7 -63211
14 -23 16 -24 -61431
14 -24 15 -23 -62619
10 -24 10 -23 -61045
18 23 17 24 -41505
16 -18 15 -20 -55939
-1 13 -4 12 -52859
13 4 13 5 -67899
-23 15 -24 17 -59985
-24 4 -23 7 -55509
-10 3 -9 4 -73079
-23 16 -24 15 -48653
-13 -18 -13 -19 -56915
-12 -6 -13 -10 -78843
20 0 19 -1 -61231
22 10 -24 -23 -62647
2 24 4 22 -61295
8 24 9 22 -45227
-9 17 -7 18 -58207
0 8 22 12 -67481
-1 8 2 8 -62575
-24 -9 -20 -6 -57705
-2 10 -23 -11 -80955
-8 5 -13 6 -73539
14 0 16 2 -57357
20 -3 13 -4 -61173
-4 -24 -5 -22 -66649
-1 3 -3 0 -70793
-24 -13 -24 -14 -51965
-8 -2 -7 -4 -50497
-24 -3 -22 0 -56451
14 -21 14 -22 -60153
22 -9 23 -8 -65767
-9 -23 -8 -22 -64605
24 -8 24 -10 -61161
24 -11 22 -13 -58931
0 -7 1 -7 -54017
-2 18 -2 15 -62699
-11 6 -11 5 -69443
-16 -16 -15 -17 -50821
2 -20 0 -24 -69953
-9 8 3 -5 -87579
11 -17 10 -17 -57191
-20 4 -21 8 -61927
3 4 5 1 -68467
-9 -7 -8 -6 -54051
6 19 6 21 -42787
1 -17 0 -17 -47665
6 17 13 17 -65601
16 9 15 7 -56161
1 24 1 23 -46613
-16 -23 -15 -23 -63675
24 -21 24 -20 -58989
-9 -4 -13 2 -65667
-2 -1 0 -2 -64581
21 -5 23 -7 -66099
24 24 21 24 -55057
-13 0 -12 5 -73305
20 -22 18 -24 -52369
-6 -17 -4 -19 -54273
-17 -12 -17 -13 -49473
3 -9 3 -4 -62503
14 14 12 14 -57019
9 20 8 19 -59927
-23 -18 -24 -20 -54877
22 -20 -18 -23 -58161
12 -14 12 -16 -56829
-18 2 -17 3 -49351
-12 24 -10 21 -68791
-14 0 -14 1 -53795
-10 -12 -3 -13 -56729
-19 -23 -17 -17 -68153
-10 -14 -13 -20 -58587
21 24 21 22 -49581
23 -1 24 0 -61323
9 -16 8 -20 -60201
-24 6 -22 6 -54281
12 -24 13 -24 -58467
0 -4 0 -6 -58693
-4 -23 -4 -24 -70809
-24 10 -17 10 -64975
0 -22 1 -24 -58585
-24 -4 -24 -1 -55265
8 3 7 8 -68333
23 -18 24 -17 -69577
24 -19 22 -19 -57947
0 -7 -1 -7 -56511
-21 -10 -22 -9 -65709
16 -13 15 -13 -58717
-1 -24 0 -24 -48635
-9 5 -7 4 -64061
0 -23 0 -22 -71867
-8 24 -6 24 -54411
24 2 22 0 -62863
-17 -17 -15 -14 -57375
-24 23 -23 21 -55683
-10 -24 -13 1 -90151
14 19 15 18 -55165
-24 -21 -24 -22 -48715
5 -8 5 -10 -58835
2 0 2 -5 -63453
8 -24 9 -23 -51105
20 -9 19 -8 -66669
13 24 12 24 -56213
-5 -23 -6 -24 -62371
-10 -24 -7 -24 -51979
17 -21 16 -20 -58143
22 7 21 5 -71369
18 -22 19 -24 -52443
19 -1 17 1 -56663
-24 21 -24 24 -50813
-13 -21 -15 -22 -59451
-15 23 -14 24 -57935
12 -1 11 1 -51857
15 1 -2 22 -85823
-20 -23 -19 -24 -51441
16 23 17 24 -45405
-3 -21 -3 -19 -66653
-3 -23 -3 -24 -70303
24 -8 24 -6 -54989
-24 -4 -24 -9 -58703
8 -7 9 -7 -57961
0 18 0 15 -59109
7 -24 -1 -24 -44333
-23 -22 -22 -19 -61567
-18 24 -17 24 -47639
23 -15 23 -13 -47011
13 0 12 0 -52535
-1 -21 -3 -23 -72789
-23 21 -24 21 -55765
23 -1 24 -3 -61091
-6 -2 15 -5 -80445
19 15 20 16 -58051
11 7 10 0 -73829
-3 -5 -2 -8 -76535
0 -10 -4 -2 -85437
-20 7 -5 6 -84437
3 12 4 12 -52257
-4 23 -4 24 -51471
19 14 16 12 -55225
-24 -4 -22 -6 -61387
0 -12 0 -9 -80565
24 -21 23 -19 -59455
-11 -2 -10 -12 -82283
-13 -24 -10 -23 -55123
-5 -11 -7 -15 -63309
-21 -15 -21 -17 -52249
-24 12 -23 13 -54071
-1 -24 1 -23 -57729
20 5 19 5 -55789
-10 15 -7 12 -69867
-21 24 23 24 -43719
-16 -7 -16 -5 -60035
-13 5 -13 4 -69589
-23 -8 -24 -8 -53585
10 24 9 24 -49251
23 0 23 -1 -47411
-23 10 -21 9 -62389
18 23 17 23 -42657
-24 -23 -7 -22 -67389
22 20 23 19 -46533
-13 9 -14 7 -70429
-4 -14 -3 -13 -55425
22 3 -24 5 -61331
-24 -18 -23 -18 -39089
-20 -23 -20 -24 -59417
3 -18 5 -18 -48341
-21 3 -19 0 -62369
-17 21 -17 20 -52647
15 -7 14 -8 -62323
24 1 22 3 -69325
9 -15 10 -13 -53855
-12 -21 -13 -19 -60221
10 10 4 10 -61575
-22 24 -23 24 -48219
-7 0 -7 1 -56629
-4 7 -6 1 -91203
1 3 0 6 -54593
24 14 22 14 -52113
-24 15 -24 18 -53355
7 10 9 13 -54107
-22 -21 -23 -20 -46151
24 -4 23 -6 -66357
24 -20 23 -22 -59337
-5 -22 -4 -21 -75387
0 -19 -15 -24 -77831
6 18 7 17 -60661
2 -19 1 -13 -49927
15 -11 8 -9 -65165
-24 -8 -24 -10 -60741
3 -11 4 -13 -61647
11 -22 11 -20 -68165
-7 -16 -7 -15 -45077
0 -5 24 -9 -63965
6 -24 -14 -21 -65673
-4 -19 -2 -21 -58471
-8 17 -8 18 -52799
9 24 5 23 -57407
-9 -22 -10 -24 -62069
24 -20 24 -16 -59329
-12 -23 -15 -22 -59923
-12 19 -11 18 -70069
-22 15 -20 15 -55483
-22 0 -2 0 -67635
-15 17 -6 0 -91483
-3 -2 -2 -1 -47251
24 11 24 15 -54529
0 -15 0 -7 -85789
12 -24 11 -23 -60767
5 -21 5 -20 -66235
-8 -9 -6 -11 -57703
24 12 23 15 -60645
-5 17 -4 13 -63339
-16 24 -15 23 -48533
15 -11 14 -10 -69715
-16 10 -16 8 -67067
-10 10 -8 11 -60015
6 -1 6 -2 -53889
-4 -19 -6 -20 -67699
0 0 1 -1 -66523
24 7 24 5 -56337
18 -11 16 -10 -63637
11 -9 11 -4 -61661
20 -18 16 -15 -58519
13 -9 13 -12 -61275
5 -10 6 -12 -62753
10 -7 11 -11 -59807
-14 -13 -13 -15 -55127
8 0 7 1 -67893
22 -13 22 -12 -54525
13 -24 19 -24 -63291
7 -12 3 -12 -45749
-15 6 -14 6 -59939
-24 8 -24 13 -62213
-14 -7 -15 -9 -70463
0 10 -4 9 -62193
24 -17 24 -18 -52895
20 3 21 6 -68809
24 10 24 6 -51355
20 8 18 16 -58713
-8 19 -4 19 -50973
24 -16 21 -15 -52207
16 6 15 6 -51587
7 23 -24 24 -53119
-14 18 -13 22 -57203
-24 20 -24 23 -58337
-10 8 -19 -13 -88683
-6 7 -7 11 -73745
11 -6 9 -7 -67129
-7 -11 -7 -12 -57811
23 -6 24 -6 -61935
-24 -24 -24 -22 -43671
23 -7 24 -6 -67213
17 4 17 1 -60217
22 9 21 7 -60235
-10 -8 -10 -9 -68523
7 6 9 4 -77889
21 21 21 24 -53481
-6 12 -6 10 -64099
-17 11 -17 10 -60349
-10 2 -12 2 -66899
-11 22 -10 21 -72961
24 10 24 12 -44727
-24 -4 -22 -3 -52161
-19 -7 -18 -8 -60855
19 -18 18 -18 -59375
23 22 22 21 -54557
13 24 11 23 -54473
8 12 9 17 -67427
23 5 23 -22 -61803
-9 13 -20 11 -77079
-3 10 -16 23 -85273
4 3 0 0 -60197
3 -21 4 -21 -46425
-14 -19 -14 -20 -58829
19 -9 21 -17 -65869
-16 4 -18 7 -58377
7 -24 14 -24 -56893
-19 21 -17 23 -52547
8 11 8 8 -47713
-13 -1 -13 -3 -47573
24 24 23 24 -48633
-24 -14 -24 -16 -52311
7 -24 6 -23 -43347
5 -16 5 -15 -46033
-23 3 -24 1 -45241
-14 24 -17 24 -57489
-4 24 -7 24 -46133
15 17 16 18 -50903
-14 -8 -12 -7 -56477
1 -2 4 -1 -62311
-2 21 -2 22 -47979
-12 16 -10 11 -73975
13 15 13 13 -55433
-16 -24 -16 -23 -65103
-23 7 -24 6 -56999
-21 10 -23 5 -72455
18 -24 24 -24 -57593
-15 -10 -15 -8 -62509
-16 3 -16 4 -61363
1 -9 1 -10 -72755
3 -1 3 -2 -59853
2 23 0 22 -52649
-23 -10 -24 -15 -57177
24 -2 23 -2 -63063
22 -24 22 -23 -53123
24 24 21 23 -54611
-6 -19 -6 -22 -68689
-9 9 -8 5 -73563
14 19 18 14 -59657
-22 -10 -18 -12 -68155
12 1 9 0 -52013
24 8 23 8 -55899
-24 9 -24 12 -59989
24 5 23 4 -60191
24 10 22 10 -59749
0 -7 -1 -8 -66031
1 14 0 13 -58859
-6 -1 -7 -21 -87069
-24 -11 -24 -10 -56201
22 -4 20 -2 -70345
1 23 0 24 -52911
12 21 9 20 -60941
1 0 0 2 -62007
4 -24 4 -22 -64363
-3 -6 1 11 -78977
-24 -10 -23 -10 -51923
0 -13 3 -11 -55691
3 19 2 20 -53401
-21 24 -23 22 -48363
1 9 0 10 -61559
12 16 12 19 -54261
9 -5 10 0 -59499
-5 -10 -3 -8 -59957
7 11 6 14 -67047
-12 12 -11 10 -71519
7 -24 7 -23 -62885
-24 18 -24 19 -45061
-10 15 -10 14 -55735
-17 -22 -18 0 -78889
0 24 2 24 -51481
24 18 24 15 -50967
-1 13 0 12 -54053
-13 13 -15 12 -63173
-8 15 -9 13 -60323
-12 -11 -12 -14 -60833
-11 -23 -9 -24 -51287
-24 0 -23 -3 -59343
11 3 10 5 -78379
6 23 4 23 -53095
-20 1 -19 -7 -70817
23 -9 24 -11 -55979
23 14 24 13 -58001
-22 22 -21 21 -60233
22 -24 20 -24 -55571
-18 -23 -20 -24 -48121
13 20 12 23 -53627
11 17 10 14 -64037
18 0 21 -1 -66411
-19 -15 -20 -15 -58239
14 -24 15 -24 -63991
12 -18 10 -15 -65409
1 7 0 10 -59805
24 19 24 16 -50865
23 -20 24 24 -61361
-9 23 -8 24 -50901
12 4 11 22 -70901
18 12 17 13 -50893
3 -20 3 -21 -64225
0 7 -5 1 -83961
-13 10 -12 13 -62561
-19 0 -18 -3 -60473
4 15 5 13 -66727
-5 -24 -4 -24 -49957
-19 23 -12 22 -63275
-3 -18 -1 -17 -55733
