-1 -2 -1 7 -117064
-1 -14 3 -3 -117376
1 1 2 1 -117634
13 15 6 22 -125906
13 18 9 13 -113252
24 16 18 16 -56206
8 -2 4 2 -114610
8 -11 5 -15 -92628
-23 -6 -9 8 -113714
6 -12 8 -10 -95604
15 -11 16 8 -126384
6 3 6 5 -99402
23 17 10 8 -134582
-2 22 -8 -11 -126828
7 14 5 8 -103258
19 -1 7 -24 -115012
-1 -22 -24 2 -108472
12 24 7 23 -72134
6 4 8 6 -113734
15 5 12 -7 -125220
-7 -3 -18 -10 -122498
23 -6 12 -8 -110696
12 0 6 6 -122228
9 -12 22 -20 -88260
12 0 19 -3 -119646
-5 -14 2 -22 -98670
9 9 18 24 -131578
-23 7 5 -5 -119046
-17 12 -9 17 -64478
-12 0 -4 -3 -121174
1 -12 2 -12 -81614
24 0 24 3 -51540
19 12 23 1 -118192
17 -16 17 5 -124464
23 4 0 11 -136634
16 14 11 24 -101090
-6 3 -15 -4 -120010
13 21 10 4 -150968
16 -9 15 -2 -98306
-7 11 1 7 -112220
16 16 16 9 -115882
1 14 4 14 -93192
15 -5 10 -20 -112348
18 -17 24 -10 -74612
19 -20 18 7 -113388
18 -19 2 -17 -116860
7 -8 -23 -14 -111998
17 18 -7 22 -117282
0 22 -18 7 -118796
17 -21 18 -9 -73336
-14 -1 -9 -20 -120040
-7 1 -3 2 -104912
-20 19 -2 17 -57336
-10 3 24 -8 -123552
-22 -23 -5 -21 -58556
9 -2 13 -4 -105364
19 -12 3 -17 -121606
7 10 1 13 -109978
9 -19 15 22 -125978
11 -5 15 -11 -100182
-11 6 -22 -3 -104476
4 15 1 10 -104528
-4 5 -6 11 -100400
16 5 15 9 -106230
6 12 8 17 -100416
-22 -23 -4 1 -106678
8 -13 -22 -18 -103612
23 0 17 0 -85618
2 -20 3 -20 -53888
15 13 20 19 -91056
-1 -6 -5 -6 -104636
5 -5 4 -11 -99116
18 11 24 6 -104454
-5 -6 -1 -12 -116196
6 16 7 14 -98110
10 -7 6 -11 -111042
23 18 -7 19 -118286
16 10 14 15 -110362
0 -17 -20 -20 -93334
10 1 14 0 -114824
17 -20 7 -18 -92894
15 2 -11 19 -126388
23 24 3 13 -111218
-17 5 -7 0 -119692
0 -16 -1 -14 -93076
20 -23 20 -4 -81678
13 17 8 18 -108734
-14 -23 -17 -2 -98676
4 -2 6 -1 -117758
7 -2 8 6 -114680
-1 -8 -9 -7 -118636
-9 8 0 15 -111292
18 6 19 1 -95832
-1 -14 -3 -5 -117672
-4 -7 -7 17 -121930
-4 -15 -2 -18 -88560
12 -21 7 -2 -114738
13 -5 11 -8 -88030
4 23 -17 2 -121650
6 -2 -16 22 -106020
-6 2 -20 3 -116846
-15 6 -10 -21 -123108
20 18 17 22 -65774
10 16 10 3 -126410
-17 15 4 12 -104936
-12 9 5 21 -122636
-7 0 -1 -1 -111258
19 -19 9 -21 -74722
7 16 11 19 -96076
4 13 6 6 -108822
-14 -23 -19 -13 -51938
10 -8 -2 -11 -117854
6 -11 13 -10 -108566
20 -2 24 14 -107760
5 -3 0 3 -121184
13 4 20 8 -110932
-2 15 -5 10 -86374
1 -19 7 -11 -104104
-6 3 -18 10 -106602
-5 -7 10 -24 -119528
16 -10 22 2 -113538
9 13 18 13 -117898
11 -14 18 -2 -121714
22 12 18 8 -98468
-5 3 -5 1 -98164
-16 -24 -8 -8 -95070
7 21 6 19 -58936
9 3 12 0 -107392
1 -9 0 -18 -109072
-10 -6 -9 0 -94682
-9 -16 -2 -16 -85230
22 3 18 -3 -89320
6 6 3 7 -109040
24 -3 14 -19 -114602
0 1 0 -4 -105716
10 -23 2 1 -119008
23 0 15 0 -103094
18 -14 2 -19 -117692
2 19 13 6 -155938
18 4 13 5 -112132
-8 4 -9 0 -90576
17 7 3 12 -143862
-12 -14 -3 -10 -98544
-3 -23 -2 17 -114928
-11 -3 -14 6 -104266
9 2 5 1 -125084
5 1 3 5 -106972
1 5 0 5 -101948
4 17 -11 17 -92762
-3 16 5 12 -118428
21 12 24 11 -57024
4 -1 1 -2 -126646
6 19 14 8 -142974
-9 -5 -10 -2 -82474
0 -9 -2 -7 -104560
0 5 2 5 -107660
3 11 12 -8 -139538
17 7 23 18 -116096
-1 4 2 6 -110874
-5 19 -8 13 -75342
24 9 19 2 -85142
8 -8 9 -9 -82838
-18 2 -4 3 -122810
10 -4 4 -9 -119504
12 6 5 2 -127202
19 0 19 6 -91280
1 -13 2 -7 -99254
-10 -1 -18 7 -106484
18 -4 11 -4 -111524
16 0 10 0 -117842
-3 -5 2 3 -117276
24 -7 18 5 -105244
8 22 6 15 -82154
-8 -20 3 -13 -94978
-12 -19 -11 5 -120296
-1 9 2 7 -95310
9 12 -2 1 -146266
-1 -11 -2 -2 -118660
12 -9 8 -18 -103296
12 -13 24 -7 -102566
20 11 0 24 -139278
24 -12 -4 -7 -115112
-3 -24 7 -4 -110616
-16 3 -19 -21 -94374
-4 0 -5 7 -119992
22 -17 -7 21 -122880
13 12 16 3 -123602
-8 2 -11 23 -80300
-10 -24 -9 -13 -50132
12 3 10 -2 -115258
1 -13 0 -6 -107322
-21 -7 -14 6 -108634
12 18 5 24 -98758
-2 -5 -2 -2 -101966
21 -1 -16 -22 -112392
6 -10 -2 -11 -103332
16 18 15 6 -140058
-5 -14 -6 -4 -109944
7 -13 16 -6 -126180
-19 11 -18 -1 -63282
-2 8 -23 -18 -114174
-5 0 -9 -2 -117124
-11 -4 -8 2 -106598
-22 -11 -15 -1 -86330
22 -19 3 -3 -119850
17 11 14 24 -103336
11 -1 11 3 -107476
4 14 0 10 -105422
1 6 1 4 -109728
23 -5 24 1 -59920
15 17 3 23 -133314
18 24 9 19 -84390
2 20 5 15 -102544
12 6 24 -16 -116632
7 19 2 9 -124200
7 -7 -7 -19 -118608
-24 5 0 0 -113500
11 -5 22 -17 -114604
2 -8 -6 -6 -117780
23 14 2 18 -147552
15 2 0 22 -151962
12 -8 6 0 -117036
-7 -17 -6 -9 -94294
0 19 3 9 -120286
-7 1 -11 -5 -114442
8 0 14 -2 -117584
13 3 15 12 -118322
-5 18 6 14 -118306
-19 0 -17 2 -64926
-9 -10 -7 -14 -83142
-10 -15 -14 -15 -62096
-5 -7 -12 -2 -110288
12 -14 14 -18 -68760
16 10 12 7 -110500
-21 -13 0 -6 -122152
5 -10 6 -15 -92994
13 4 20 -1 -123118
19 -4 -4 -23 -115598
-21 -4 -17 -3 -54956
22 2 16 -2 -98568
-6 -11 10 -20 -122782
16 4 20 23 -129716
-6 -24 1 3 -114970
-3 -2 -3 0 -91466
19 18 11 2 -153940
20 12 20 8 -100490
-15 -11 -10 -9 -93902
0 -6 -4 2 -114654
3 -21 2 -11 -96826
-10 -13 -19 -6 -102082
12 9 -23 -7 -118780
-13 -12 -19 13 -96592
16 -9 14 0 -108758
-2 -1 2 -7 -120360
9 9 15 7 -120272
19 9 15 -6 -124024
15 5 8 2 -118076
3 4 0 6 -105280
2 18 9 15 -116062
1 8 1 3 -118796
-1 -12 0 -11 -80742
-14 -20 -5 -7 -116676
-12 0 -7 -2 -104394
12 -2 18 -8 -113568
21 -11 18 -14 -72904
-19 -2 -23 3 -44960
7 23 17 16 -129216
-14 24 -10 -2 -80476
13 14 15 8 -117144
18 -13 16 0 -111446
-7 2 -6 9 -104574
-4 2 -13 6 -125432
20 6 17 13 -117844
3 4 1 20 -129924
-10 -14 -9 -12 -76684
-2 23 -9 7 -110266
0 -19 -5 -23 -47056
-7 -5 -6 -3 -103860
19 21 20 5 -124044
-11 12 -16 -8 -115102
15 -21 6 -12 -104014
23 13 2 20 -152024
-12 -11 -11 -8 -79620
19 13 18 20 -80932
-4 3 -2 -2 -108090
-9 -23 -18 1 -119682
6 9 -18 14 -114704
22 24 3 20 -111268
-4 -7 -6 -9 -93120
19 -17 13 -9 -103196
-7 3 -5 -10 -115166
12 8 14 24 -126208
0 10 -1 20 -102800
23 -3 16 -20 -115342
10 23 18 20 -96666
22 21 21 8 -89532
-22 -2 -3 9 -117598
-11 -6 -3 -10 -114416
14 19 2 15 -121786
-13 -24 4 0 -117646
4 -6 11 -5 -113470
-7 5 -5 7 -85252
6 10 9 8 -115400
22 14 19 3 -123324
3 -6 4 5 -110740
12 16 15 20 -87996
2 -11 0 -16 -97308
-21 7 -13 -5 -97938
0 -1 6 3 -136914
2 -24 7 -7 -103080
10 7 19 -10 -139970
17 6 17 9 -100926
20 -2 22 -8 -74846
4 7 24 7 -124474
-4 -4 -22 -6 -122074
23 21 22 22 -31578
-8 13 -6 0 -122560
17 14 23 8 -106610
11 5 10 19 -135230
3 6 17 16 -146600
6 -23 -4 -10 -120002
4 9 10 12 -109752
-7 -16 -7 -10 -88244
-21 -19 -10 8 -113618
0 -11 0 -19 -98696
6 -13 7 -14 -85824
-5 -11 -6 -8 -94912
-6 18 17 19 -126928
-16 -21 -9 -6 -111656
16 9 13 10 -105690
10 12 8 -11 -123696
13 3 24 23 -117296
20 21 2 4 -146294
20 -16 13 -8 -105322
-24 -3 -16 -14 -62356
16 -17 7 -17 -102572
5 -8 24 -9 -115822
-8 2 -9 8 -105002
-1 18 5 16 -104564
-23 5 -13 -9 -93240
10 12 24 18 -114036
1 -8 4 -3 -103756
-21 9 2 10 -109214
-15 -6 -14 -1 -73526
3 18 -2 22 -64050
11 -19 8 -13 -81584
-17 6 -20 -6 -93786
-8 -1 -24 3 -98236
6 4 6 -10 -117282
-22 -12 -2 15 -120104
18 -7 18 -5 -76392
-9 -6 -23 -21 -93540
16 -4 11 8 -130724
18 -5 14 -15 -103710
-2 -3 4 -1 -116296
4 9 8 20 -125936
9 3 17 17 -156234
23 11 11 16 -120214
-1 -13 2 -16 -97172
22 3 20 8 -94196
8 2 4 0 -132106
-12 -20 -19 0 -114258
24 0 22 -23 -75892
22 6 -23 -3 -109090
-7 -2 0 -6 -115722
-12 -20 0 -17 -93022
24 6 22 14 -92854
7 -6 11 -2 -100676
-22 0 -17 -2 -52146
4 -11 4 0 -117812
13 -2 13 7 -109836
-5 12 -13 7 -94042
13 -8 19 -8 -97852
1 22 23 18 -135854
3 8 10 10 -113618
4 21 8 10 -131288
0 -24 -8 -14 -88706
-10 7 -7 4 -105332
-10 -21 -11 12 -115078
-11 -5 -11 8 -116946
-11 0 -19 -11 -113658
-9 8 -1 7 -111810
-23 11 -5 21 -78682
-15 -23 -6 0 -116006
23 11 2 24 -139024
22 18 2 2 -142260
-20 -5 9 -12 -123616
14 20 5 21 -117094
10 2 8 8 -106704
9 8 14 24 -135014
13 4 11 -4 -120934
15 -16 -8 -16 -111920
10 7 12 18 -138954
-14 4 -11 16 -72884
14 20 8 3 -155100
-19 16 17 13 -99566
15 -9 -7 15 -138970
-13 19 15 -11 -121648
-6 -23 -22 -15 -79358
4 0 0 0 -132492
2 -8 6 -13 -101826
-15 -11 -17 -7 -73814
9 -1 24 -11 -121286
-10 -13 -12 7 -118268
-13 0 -6 23 -118444
20 -23 -3 -4 -118632
-22 -20 -1 -4 -113924
4 13 -6 14 -105232
6 -15 2 -12 -96224
-8 9 -5 10 -85504
5 7 3 4 -120668
-10 20 12 19 -99580
-5 -17 7 -19 -93570
-1 7 -11 16 -101076
12 -9 9 -13 -99530
-8 10 -9 0 -111826
10 -20 15 -15 -73086
-18 -4 -18 8 -87878
4 -24 -6 -10 -115204
-6 -3 -4 -1 -113458
-16 0 -5 24 -114956
20 -5 17 -19 -108276
18 24 -10 8 -118180
7 9 11 6 -120850
-6 -24 -16 -8 -94984
5 -20 5 -15 -60912
4 7 5 3 -112054
-9 15 -15 -3 -112746
-5 17 -10 11 -89126
-15 -12 -18 -3 -83796
24 -2 -23 4 -104744
17 -7 22 -7 -80110
-5 3 2 14 -116224
3 -5 -1 -2 -117624
4 -1 8 1 -130856
9 12 -14 9 -123082
20 23 20 0 -116422
-17 -12 -12 -6 -97078
6 21 -6 14 -98386
-15 -4 -21 -11 -79616
-9 -2 19 -22 -124220
0 12 4 24 -84430
-2 8 4 14 -109268
0 -20 -14 -16 -103972
-1 15 22 23 -116862
18 -2 17 -5 -82232
-14 -8 -6 -4 -111566
-7 3 -6 1 -106102
21 10 24 6 -90482
19 1 21 13 -124772
13 3 23 0 -120446
-1 -4 0 -1 -103200
-21 -7 -19 12 -81386
8 -8 8 24 -117156
15 6 11 7 -114422
-11 -5 -4 -22 -116420
5 -3 4 -4 -102592
24 -16 -9 7 -121968
23 -10 18 -9 -58482
9 0 21 4 -130316
-6 24 -11 -3 -116616
-10 -7 -2 -9 -115868
4 5 1 24 -121176
24 14 20 -12 -103328
6 -6 9 -16 -106438
-11 -10 -21 -18 -76546
2 5 -3 6 -100130
17 7 15 24 -122010
0 -19 14 -15 -103984
-15 0 -17 -11 -93424
-18 -9 -5 -10 -115544
10 8 14 18 -142718
10 -11 20 -13 -100592
2 -17 16 -20 -108502
13 17 9 22 -100402
6 16 3 18 -106928
7 -12 15 -8 -118724
-12 -8 8 -9 -122464
23 -1 10 -2 -126116
23 13 17 8 -101212
5 19 23 11 -145242
24 8 22 10 -75696
17 6 15 9 -108482
4 11 6 5 -110482
3 -1 2 -1 -122948
1 19 22 21 -130184
9 -19 4 -12 -98652
-8 -7 -13 -8 -95434
-6 -10 -5 -7 -90670
5 -3 10 5 -131366
19 14 10 21 -122374
-6 -11 -18 -4 -119830
0 9 -4 22 -99646
-1 -5 4 -9 -117644
2 -20 -13 -18 -105152
18 4 23 -7 -106250
-8 2 -1 -2 -121142
10 0 10 1 -96894
-4 5 -6 -3 -111878
23 10 11 15 -121322
2 4 1 8 -113070
22 9 15 -15 -124158
-7 -7 -23 1 -112844
-17 -5 -12 -12 -94980
-5 3 -11 11 -118726
-18 3 -5 14 -111120
7 -20 -23 -10 -105430
-5 -2 0 6 -116732
-13 -17 18 -15 -109946
-1 -18 -6 -15 -95376
9 6 6 8 -118874
17 18 12 19 -94378
