-1 7 -1 12 -70834
-20 9 -18 10 -81622
1 1 2 1 -85688
13 14 17 17 -84236
13 18 9 13 -92900
24 16 18 16 -56054
8 -2 4 2 -103236
8 -11 5 -15 -93348
0 -22 13 -10 -109820
0 -13 8 -17 -123384
10 15 11 11 -75930
6 3 6 5 -65466
1 9 0 5 -76784
0 20 3 22 -74950
15 3 10 1 -93626
-2 -1 -3 -24 -92702
8 17 7 15 -79816
12 24 7 23 -63314
6 4 8 6 -75038
-12 -11 -18 -7 -83160
-20 11 -17 11 -87104
23 12 -20 18 -88338
-24 0 -23 2 -44404
9 -12 22 -20 -85130
2 0 0 -1 -86082
14 -22 16 -6 -92462
14 18 21 24 -71928
3 15 0 19 -86996
-23 12 -23 24 -93656
-2 3 0 6 -76360
1 -12 2 -12 -78986
24 0 24 3 -49018
23 -1 20 5 -76234
-13 18 -13 24 -67132
23 4 19 0 -80982
-11 20 -16 24 -72538
-9 22 -12 23 -59746
-24 10 -24 20 -88068
16 -9 15 -2 -105676
-16 2 -17 3 -77902
16 16 16 9 -83420
1 14 4 14 -76808
-6 17 -10 18 -83570
18 -17 24 -10 -68812
19 -20 18 7 -93120
-7 -7 -9 -11 -76656
0 0 9 -1 -109536
-22 16 -24 15 -55174
-23 16 -22 17 -70412
17 -21 18 -9 -78500
-14 14 -11 13 -61468
-7 1 -3 2 -70924
-18 -12 -14 -20 -76360
18 -2 24 -8 -91868
-22 -23 -5 -21 -53632
9 -2 13 -4 -82780
3 -16 11 -23 -84418
0 -8 3 -22 -117780
-4 19 15 24 -83174
11 -5 15 -11 -99048
11 -5 13 -4 -83948
7 -8 5 -4 -81392
-19 24 -2 19 -80644
3 12 3 17 -68606
6 12 8 17 -79496
21 8 20 1 -84780
10 -23 -22 -18 -81378
23 0 17 0 -86590
2 -20 3 -20 -69110
-21 7 -24 8 -63530
-1 -6 -5 -6 -76372
5 -5 4 -11 -85430
0 -22 22 -12 -97210
2 -22 3 -18 -68244
6 16 7 14 -71504
14 -4 18 -8 -94356
-2 -19 -23 -18 -77732
23 -21 21 -23 -12054
-3 22 0 19 -82396
-1 3 -1 1 -74200
17 -20 7 -18 -88196
-5 0 -1 3 -76336
23 24 3 13 -85494
-12 -4 -5 -3 -85076
0 -16 -1 -14 -92270
20 -23 20 -4 -84086
13 17 8 18 -86654
2 -23 3 -17 -70398
4 -2 6 -1 -84876
11 -2 7 -7 -93732
-23 6 -24 10 -70494
-4 17 -7 16 -72718
18 6 19 1 -87032
-17 17 -18 23 -79896
-22 14 -19 14 -75600
-4 -15 -2 -18 -92174
9 21 2 21 -69720
13 -5 11 -8 -86360
-11 1 -9 1 -63940
-15 -5 -15 5 -81378
-24 -10 -23 3 -50976
-2 24 0 19 -76070
20 18 17 22 -84048
7 1 5 3 -89534
1 14 -1 13 -83328
-3 -10 -6 -4 -87754
-19 -20 -8 -1 -91386
19 -19 9 -21 -78644
7 16 11 19 -87412
8 -5 14 -15 -104996
-14 -23 -19 -13 -67950
-6 15 -6 13 -59544
6 -11 9 -9 -88950
20 -2 24 14 -89610
9 16 12 13 -83034
13 4 20 8 -93526
-24 5 -24 -3 -60006
21 -14 16 -16 -59572
-5 12 0 10 -78686
-5 3 -24 -24 -67306
-16 6 -15 6 -69880
-3 16 -2 14 -65050
-24 23 -9 23 -73352
22 12 18 8 -80244
-5 3 -5 1 -70726
4 -22 8 -8 -115454
7 21 6 19 -75066
9 3 12 0 -84346
0 14 -1 12 -77198
-15 16 -18 14 -81578
-9 -16 -2 -16 -83756
22 3 18 -3 -87634
6 6 3 7 -80080
24 17 -20 15 -84038
0 1 0 -4 -82838
-2 -4 -3 -4 -72452
23 0 15 0 -90486
-1 21 -5 21 -64444
-2 22 -4 19 -72444
18 4 13 5 -83856
-8 4 -9 0 -73600
16 22 23 22 -64376
-12 -14 -3 -10 -83856
-8 4 -16 6 -81004
-10 -24 -15 -19 -43434
9 2 5 1 -88454
-5 16 -5 19 -70326
13 -12 7 -13 -83512
8 -22 3 -22 -63810
-5 0 2 -1 -79666
21 12 24 11 -46334
13 16 20 13 -87126
10 9 11 13 -76880
-9 -5 -10 -2 -65996
0 -9 -2 -7 -69500
0 24 2 24 -57008
-6 24 -11 20 -70778
-1 8 -3 7 -70970
-1 4 2 6 -81864
-16 18 -23 22 -80050
24 9 19 2 -76626
8 -8 9 -9 -78726
9 18 15 20 -90948
-12 3 -13 0 -68944
16 14 22 21 -79108
19 0 19 6 -86190
1 -13 2 -7 -81894
5 23 -6 21 -75612
18 -10 1 -15 -112010
16 -21 -16 -20 -81246
-9 3 -9 -4 -72522
24 -7 18 5 -91816
8 22 6 15 -87224
0 -24 23 -22 -74170
-11 18 -12 17 -63934
-1 9 2 7 -88968
0 24 4 19 -74948
-24 3 -24 22 -80792
8 -8 8 -18 -102058
12 -13 24 -22 -61560
18 20 15 14 -81230
-24 7 -21 3 -76664
-11 -19 -10 -13 -69328
20 0 23 0 -68274
-7 17 -9 24 -72764
-22 13 -23 10 -66328
13 11 9 6 -84504
-21 3 -24 3 -43868
-10 -24 -9 -13 -66046
12 3 10 -2 -86764
8 -19 0 -6 -130274
-15 7 -20 9 -79250
12 18 5 24 -69358
-2 -5 -2 -2 -84862
0 -19 4 -22 -70412
6 -10 -2 -11 -96000
17 16 17 24 -60632
-11 10 -12 3 -77418
15 8 17 16 -90778
-10 -2 -11 -1 -67488
17 -22 7 -24 -67612
-22 8 -23 3 -82666
-11 -4 -8 2 -75130
9 -5 8 -14 -97648
-7 8 -7 13 -67884
17 11 14 24 -85196
11 -1 11 3 -88980
-17 20 -13 21 -69092
-16 14 -16 17 -67266
23 -5 24 1 -55700
11 23 17 19 -78456
18 24 9 19 -87804
2 20 5 15 -85962
-15 -23 22 -22 -71104
-4 11 -3 14 -71244
-15 7 -15 8 -63648
1 -24 0 -20 -42038
-11 18 -11 14 -59240
2 -4 -1 -6 -78838
16 5 16 6 -70150
15 18 19 24 -66184
12 -8 13 0 -91484
7 -17 2 -12 -124994
24 19 18 23 -70954
-23 10 -23 2 -88940
-24 -12 9 -6 -83524
-9 14 -8 14 -72662
-5 18 -6 21 -79286
-19 0 -17 2 -69020
-9 -10 -7 -14 -68756
-10 -15 -14 -15 -64602
-23 -9 -19 14 -82676
12 -14 14 -18 -65648
16 10 12 7 -88556
-21 11 -22 16 -79444
5 -10 6 -15 -100078
-14 -8 -16 -18 -69126
19 -4 -4 -23 -99278
-21 -4 -17 -3 -56360
22 2 16 -2 -94490
-17 2 -18 -5 -70442
16 23 20 18 -84534
-22 -24 -23 6 -61886
-3 -2 -3 0 -65492
-11 -3 -8 -8 -75328
20 12 20 8 -84972
-15 -11 -10 -9 -74946
4 -10 13 0 -112878
3 -21 0 -5 -117368
21 -13 20 -11 -46478
-19 14 -20 19 -88864
-24 11 -23 24 -93430
16 -9 14 0 -105838
10 10 10 8 -64460
-17 9 -21 5 -84030
8 4 10 -7 -87666
15 5 8 2 -94350
-9 5 -9 13 -74138
-23 2 -22 6 -74480
6 23 18 24 -83586
-1 -12 0 -11 -66918
-18 15 -16 15 -81536
-1 16 0 21 -75554
-20 -22 4 18 -84908
21 -11 18 -14 -72728
-19 -2 -23 3 -69090
0 10 2 6 -82012
-9 0 -11 7 -84998
19 1 17 3 -74972
19 -13 14 0 -111808
1 10 0 9 -75476
21 -21 15 -3 -99130
22 10 22 6 -80660
15 -17 15 -10 -72926
-10 -14 -9 -12 -60254
9 -10 18 -8 -94408
0 -19 -5 -23 -53826
-7 -5 -6 -3 -83208
-18 21 -21 19 -73270
-18 12 -17 12 -84808
7 -10 6 -11 -88818
9 11 15 13 -87368
-12 -11 -11 -8 -61804
19 13 18 20 -69052
12 15 9 11 -86922
-5 -9 -4 -3 -97060
1 -19 -24 -10 -91094
20 -10 18 -11 -69172
-4 -7 -6 -9 -86000
8 -24 -6 0 -106946
-1 1 -2 2 -67868
24 21 24 4 -67584
-11 13 -11 10 -58578
-19 15 -21 -20 -79556
-4 24 -6 20 -64804
22 21 21 8 -68852
-14 3 -12 1 -77852
-11 -6 -3 -10 -86464
-12 4 -15 5 -76784
-3 -2 -2 -7 -87994
-20 12 -23 19 -92236
-24 22 -12 21 -80244
6 10 9 8 -84860
-20 24 -23 24 -40816
11 -3 10 5 -94182
12 16 15 20 -81388
2 -11 0 -16 -80868
-1 -23 -15 -15 -89716
11 11 12 3 -75644
4 -12 3 -10 -87746
16 22 14 22 -71410
17 6 17 9 -71772
20 -2 22 -8 -86116
23 13 22 8 -75322
-17 22 -15 24 -54996
23 21 22 22 -44384
-1 2 -1 4 -74308
-12 -20 -19 -11 -87858
9 -5 10 -12 -91244
15 -12 -2 -13 -116394
-9 9 -5 12 -68176
18 -20 -10 -3 -102816
-7 -18 0 -17 -86306
-12 0 -17 0 -75652
0 -11 0 -19 -94050
6 -13 7 -14 -96170
-5 -11 -6 -8 -72116
0 22 -10 24 -68092
1 -3 2 0 -77370
3 9 10 10 -77136
-22 10 -21 4 -88992
13 1 18 4 -93914
-23 20 -19 21 -65744
-6 21 -13 19 -81356
-24 -3 -16 -14 -57690
7 -10 4 -22 -109214
14 -24 15 -15 -36818
-8 2 -9 5 -74990
-1 18 5 16 -88140
22 -23 8 -22 -68914
18 11 19 13 -79540
1 -8 4 -3 -91190
-22 19 -23 14 -90406
-15 -6 -14 -1 -62126
3 18 -2 22 -88176
11 -19 8 -13 -79934
-3 -22 -5 -18 -70784
-2 15 0 17 -83356
7 -10 0 -13 -102892
-19 10 -24 4 -78402
18 -7 18 -5 -80586
4 7 1 8 -83556
-21 13 -21 7 -77472
18 -5 14 -15 -93774
0 -19 -8 -18 -90862
23 23 8 23 -81722
-20 3 -20 2 -71480
-7 10 -7 5 -67718
-1 -13 2 -16 -97222
0 -22 5 -18 -71764
-19 -19 -16 -13 -42934
-19 16 -19 23 -82028
24 0 22 -23 -74954
22 6 -23 -3 -86836
-7 -22 -3 -13 -74258
-12 -20 0 -17 -81456
24 6 22 14 -88580
18 0 17 -2 -72354
-22 0 -17 -2 -64308
-6 -10 -4 -17 -81158
13 -2 13 7 -87908
11 -7 15 -8 -85434
13 -8 19 -8 -81422
10 -2 8 -4 -80668
-11 -1 -21 -5 -82066
8 21 7 18 -76782
0 -24 -8 -14 -100004
-20 7 -23 8 -72210
-10 18 -11 22 -71586
-12 23 -9 -23 -86760
20 -12 20 -1 -86548
-13 5 -13 3 -69350
-10 -24 -16 -3 -90648
-19 21 -18 24 -48266
-19 -7 -24 5 -76044
2 10 -2 11 -83494
14 3 12 3 -85030
14 20 5 21 -85668
10 2 8 8 -79276
18 -24 14 -22 -34216
-15 3 -20 2 -75582
6 -16 7 -16 -77104
18 7 21 4 -83982
23 -23 22 0 -75924
23 20 15 24 -79706
-4 24 -7 21 -63080
24 10 -22 12 -87082
-13 24 -18 19 -74702
-6 -23 -22 -15 -81166
13 19 15 12 -81852
24 -8 21 -5 -57042
-15 -11 -17 -7 -68604
-19 8 -18 12 -72872
-13 21 -17 24 -70836
-20 23 -23 19 -63636
0 -23 -4 6 -101616
-2 -24 -4 -18 -58476
-13 14 -16 13 -70392
6 -15 2 -12 -115902
18 -10 14 -14 -79210
0 2 -1 1 -75782
-15 4 -13 9 -77510
-5 -17 7 -19 -96172
0 10 -11 11 -82378
12 -9 9 -13 -83314
0 12 -1 9 -73634
10 -20 15 -15 -71410
-23 16 -24 13 -73942
-19 -8 -15 -20 -76254
-6 20 -4 17 -81938
-9 -21 -10 -14 -71980
20 -5 18 -15 -79240
-7 6 -9 5 -58556
23 8 22 12 -85994
1 -15 6 -15 -97766
5 -20 5 -15 -84810
-24 -15 -18 0 -59182
-23 15 -21 12 -70848
-22 4 -24 8 -80300
-15 -12 -18 -3 -72460
24 -2 -23 4 -83724
17 -7 22 -7 -72530
18 -13 -4 -12 -111318
3 -5 -1 -2 -83336
4 0 2 5 -74146
14 12 17 11 -76054
-7 -12 -15 -10 -85416
-9 -22 -12 -6 -91304
-19 -17 -16 -6 -66894
-15 -4 -21 -11 -64034
14 8 12 13 -79366
-3 12 -2 12 -71760
-18 -17 -9 -14 -72248
14 -2 14 -9 -100688
-13 18 -14 20 -69828
18 -2 17 -5 -72284
-14 -8 -6 -4 -92192
-15 -1 -17 3 -81784
21 10 24 6 -82910
-5 -8 -4 -6 -91868
10 -3 3 3 -110414
-1 -4 0 -1 -83752
3 6 0 8 -88702
11 -24 8 -22 -43054
15 6 11 7 -83400
-1 18 -2 23 -80926
5 -3 4 -4 -81682
24 -16 -9 7 -91584
23 -10 18 -9 -61760
24 3 21 7 -70780
-16 20 -18 22 -77332
-20 24 -17 -9 -84376
-20 5 -20 2 -76906
24 14 20 -12 -83586
-10 -6 -17 0 -83480
-11 -12 -18 -11 -78570
1 5 -2 8 -88566
18 14 21 11 -67672
7 0 21 5 -105944
-15 0 -17 -11 -74018
6 -21 6 -15 -80306
9 10 6 15 -84720
10 -11 20 -13 -86536
-1 -13 -7 -16 -79356
13 17 9 22 -76732
6 16 3 18 -79856
3 -14 9 -23 -95380
-9 16 -10 17 -70890
-5 21 -10 24 -66404
6 13 3 8 -73356
-10 13 -9 11 -65930
24 8 22 10 -69546
21 10 15 9 -77446
-21 17 -18 15 -83964
3 -1 2 -1 -88400
2 19 4 21 -81650
14 -21 8 -19 -74870
-8 -7 -13 -8 -82230
-6 -10 -5 -7 -84124
-14 16 -6 24 -88064
18 15 19 15 -74392
0 17 -1 15 -79698
5 20 2 18 -84048
-10 17 -6 18 -84302
7 -17 4 -3 -114872
-3 22 23 22 -79972
-23 14 -24 23 -76262
10 0 10 1 -79390
-12 24 -13 3 -79450
22 -4 20 -2 -77156
-9 -12 -7 -17 -75010
7 -20 3 -11 -119860
-6 -7 -11 -8 -82482
-17 -5 -12 -12 -86832
-24 6 -23 14 -72330
-18 14 -17 17 -77862
7 -20 -23 -10 -97148
-16 -24 -11 -9 -69318
13 -6 9 -2 -86492
-1 -18 -6 -15 -96752
9 6 6 8 -84852
17 18 12 19 -85974
