-1 7 -1 12 -80695
-20 9 -18 10 -93751
1 1 2 1 -80111
13 14 17 17 -88075
13 18 9 13 -96615
24 16 18 16 -59649
8 -2 4 2 -87373
8 -11 5 -15 -77505
-7 17 -21 19 -108711
6 -12 8 -10 -76913
10 15 11 11 -84877
6 3 6 5 -75129
1 9 0 5 -86031
0 20 3 22 -80447
7 14 5 8 -89683
19 -1 7 -24 -90411
8 17 7 15 -89395
12 24 7 23 -65957
6 4 8 6 -79795
15 5 12 -7 -90903
-20 11 -17 11 -98957
23 -6 12 -8 -93329
-24 0 -23 2 -47547
9 -12 22 -20 -71339
12 0 19 -3 -94869
-5 -14 2 -22 -89301
14 18 21 24 -74871
3 15 0 19 -92689
-23 12 -23 24 -93821
-2 3 0 6 -90315
1 -12 2 -12 -65471
24 0 24 3 -42725
-20 5 -23 7 -97405
-13 18 -13 24 -73117
23 4 19 0 -70163
-11 20 -16 24 -87717
-9 22 -12 23 -68869
-24 10 -24 20 -92711
16 -9 15 -2 -83279
-16 2 -17 3 -81971
16 16 16 9 -87527
1 14 4 14 -82471
-6 17 -10 18 -92479
18 -17 24 -10 -60221
19 -20 18 7 -86893
13 10 -16 9 -100917
7 -8 -23 -14 -90961
-22 16 -24 15 -66563
-23 16 -22 17 -79645
17 -21 18 -9 -59285
-14 14 -11 13 -83619
-7 1 -3 2 -75923
-15 13 -12 17 -100901
18 -2 24 -8 -78179
-22 -23 -5 -21 -51591
9 -2 13 -4 -78413
-9 15 -14 -4 -117483
7 10 1 13 -93365
-4 19 15 24 -90589
11 -5 15 -11 -83717
-5 4 -10 22 -123549
-17 -8 -16 9 -94313
-21 5 0 1 -109015
3 12 3 17 -86225
6 12 8 17 -95963
-22 -23 -4 1 -94605
8 -13 -22 -18 -88207
23 0 17 0 -76411
2 -20 3 -20 -41899
-21 7 -24 8 -76513
-1 -6 -5 -6 -79105
5 -5 4 -11 -70185
-24 7 -19 4 -96827
-5 -6 -6 19 -113519
6 16 7 14 -84627
10 -7 6 -11 -87245
-20 16 -23 8 -109223
-11 2 -13 22 -124553
0 -17 -20 -20 -78249
-1 3 -1 1 -83189
17 -20 7 -18 -74671
-5 0 -1 3 -78441
23 24 3 13 -93225
-24 3 -2 -1 -101615
0 -16 -1 -14 -80967
20 -23 20 -4 -66165
13 17 8 18 -90431
-14 -23 -17 -2 -85487
4 -2 6 -1 -81879
7 -2 8 6 -90953
-23 6 -24 10 -76897
-4 17 -7 16 -84925
18 6 19 1 -86127
-17 17 -18 23 -82889
-22 14 -19 14 -83761
-4 -15 -2 -18 -78415
9 21 2 21 -77847
13 -5 11 -8 -68001
-11 1 -9 1 -82563
-24 -24 -6 5 -88509
-24 -10 -23 3 -55955
-2 24 0 19 -73103
20 18 17 22 -85455
7 1 5 3 -82221
1 14 -1 13 -86793
5 6 1 0 -101805
-7 8 -18 22 -130817
19 -19 9 -21 -58017
7 16 11 19 -90701
4 13 6 6 -88199
-14 -23 -19 -13 -52765
-6 15 -6 13 -81841
6 -11 13 -10 -89237
20 -2 24 14 -87887
9 16 12 13 -88483
13 4 20 8 -88419
-24 5 -24 -3 -61815
1 -19 7 -11 -82409
-5 12 0 10 -89543
-5 -7 10 -24 -92283
-16 6 -15 6 -94995
-3 16 -2 14 -77095
-24 23 -9 23 -85797
22 12 18 8 -91155
-5 3 -5 1 -79059
-16 -24 -8 -8 -76739
7 21 6 19 -78181
9 3 12 0 -77933
0 14 -1 12 -87025
-10 -6 -9 0 -87661
-9 -16 -2 -16 -69719
22 3 18 -3 -76121
6 6 3 7 -77999
24 17 -20 15 -82479
0 1 0 -4 -79661
-12 8 -18 8 -106279
23 0 15 0 -85139
-1 21 -5 21 -75987
-2 22 -4 19 -87245
18 4 13 5 -84397
-8 4 -9 0 -87201
16 22 23 22 -66407
-12 -14 -3 -10 -76619
-9 5 0 1 -99647
-9 3 -12 0 -101619
9 2 5 1 -83071
-5 16 -5 19 -82139
-1 23 -9 19 -99971
-8 15 -10 24 -100615
-13 15 -15 18 -105341
21 12 24 11 -47155
13 16 20 13 -88299
10 9 11 13 -85325
-9 -5 -10 -2 -83083
0 -9 -2 -7 -72941
0 24 2 24 -59341
-6 24 -11 20 -78923
-1 8 -3 7 -83829
-1 4 2 6 -94421
-16 18 -23 22 -84421
24 9 19 2 -70981
8 -8 9 -9 -65327
9 18 15 20 -92687
-12 3 -13 0 -87451
16 14 22 21 -83329
19 0 19 6 -79895
1 -13 2 -7 -71769
5 23 -6 21 -85565
18 -4 11 -4 -92825
16 -21 -16 -20 -78943
-9 3 -9 -4 -91413
24 -7 18 5 -86417
8 22 6 15 -94243
-8 -20 3 -13 -81957
-11 18 -12 17 -81513
-1 9 2 7 -85583
0 24 4 19 -76933
-24 3 -24 22 -94723
12 -9 8 -18 -86553
12 -13 24 -7 -82415
18 20 15 14 -85331
24 -12 -4 -7 -91071
-11 9 -14 2 -101695
-16 3 -19 -21 -95011
-7 17 -9 24 -89253
-22 13 -23 10 -86075
13 11 9 6 -90139
-21 3 -24 3 -56129
-10 -24 -9 -13 -41665
12 3 10 -2 -84737
1 -13 0 -6 -74157
-15 7 -20 9 -99123
12 18 5 24 -76233
-2 -5 -2 -2 -72051
21 -1 -16 -22 -89505
6 -10 -2 -11 -79299
17 16 17 24 -62557
-11 10 -12 3 -89839
15 8 17 16 -94533
-10 -2 -11 -1 -80191
-24 11 -21 16 -101347
-22 8 -23 3 -85687
-11 -4 -8 2 -98349
-22 -11 -15 -1 -88061
-7 8 -7 13 -93445
17 11 14 24 -91023
11 -1 11 3 -85461
-17 20 -13 21 -87949
-16 14 -16 17 -97001
23 -5 24 1 -49753
11 23 17 19 -83335
18 24 9 19 -91537
2 20 5 15 -93527
12 6 24 -16 -91555
-4 11 -3 14 -87785
-15 7 -15 8 -70953
7 -9 9 -17 -84609
-19 0 -16 -17 -92789
2 -8 -6 -6 -90977
16 5 16 6 -69347
15 18 19 24 -67731
12 -8 6 0 -83179
-7 -17 -6 -9 -74553
24 19 18 23 -72439
-23 10 -23 2 -91899
-12 -6 13 -14 -94451
-9 14 -8 14 -79207
-5 18 -6 21 -87449
-19 0 -17 2 -85463
-9 -10 -7 -14 -60811
-10 -15 -14 -15 -50423
-10 10 -9 14 -105979
12 -14 14 -18 -60229
16 10 12 7 -87911
-21 11 -22 16 -89957
5 -10 6 -15 -82365
-17 17 -16 15 -102281
19 -4 -4 -23 -86725
-21 -4 -17 -3 -65465
22 2 16 -2 -85119
-17 2 -18 -5 -78023
16 23 20 18 -86459
-22 -24 -23 6 -73193
-3 -2 -3 0 -70887
-11 -3 -8 -8 -78957
20 12 20 8 -86999
-15 -11 -10 -9 -75447
-10 8 -19 19 -132591
3 -21 2 -11 -83853
-10 -13 -19 -6 -87383
-19 14 -20 19 -95369
-24 11 -23 24 -96501
16 -9 14 0 -88435
10 10 10 8 -71835
-17 9 -21 5 -95157
-17 4 -20 0 -91661
15 5 8 2 -84855
-9 5 -9 13 -96805
-23 2 -22 6 -77533
6 23 18 24 -90875
-1 -12 0 -11 -64443
-18 15 -16 15 -90223
-1 16 0 21 -84957
12 -2 18 -8 -96825
21 -11 18 -14 -60109
-19 -2 -23 3 -77401
0 10 2 6 -84085
-9 6 0 -14 -111101
19 1 17 3 -79541
18 -13 16 0 -89423
1 10 0 9 -80041
13 -5 10 -24 -77237
22 10 22 6 -82011
-17 5 11 11 -107473
-10 -14 -9 -12 -62901
-11 7 0 17 -121789
0 -19 -5 -23 -40391
-7 -5 -6 -3 -82013
-18 21 -21 19 -82533
-18 12 -17 12 -94665
15 -21 6 -12 -89297
9 11 15 13 -89669
-12 -11 -11 -8 -65181
19 13 18 20 -70197
12 15 9 11 -93543
-1 23 -6 14 -107949
1 -19 -24 -10 -84207
22 24 3 20 -95361
-4 -7 -6 -9 -78223
19 -17 13 -9 -86087
-1 1 -2 2 -73797
24 21 24 4 -70859
-11 13 -11 10 -96841
-19 15 -21 -20 -90051
-4 24 -6 20 -76661
22 21 21 8 -71453
-14 3 -12 1 -79441
-11 -6 -3 -10 -79367
-15 7 -19 18 -118287
-12 -24 -9 0 -82919
4 -6 11 -5 -88607
-24 22 -12 21 -90461
6 10 9 8 -88483
-20 24 -23 24 -44431
3 -6 4 5 -89661
12 16 15 20 -84989
2 -11 0 -16 -73983
-20 21 -2 18 -104325
11 11 12 3 -78361
2 -24 7 -7 -81957
16 22 14 22 -75321
17 6 17 9 -71313
20 -2 22 -8 -70213
23 13 22 8 -78345
-17 22 -15 24 -64191
23 21 22 22 -45673
-1 2 -1 4 -82791
-12 -20 -19 -11 -70175
9 21 10 11 -98099
2 14 8 16 -92907
-12 12 -11 17 -109143
4 9 10 12 -91757
-7 -16 -7 -10 -70403
-12 0 -17 0 -86049
0 -11 0 -19 -79471
6 -13 7 -14 -76289
-5 -11 -6 -8 -63379
0 22 -10 24 -81615
-12 8 -11 19 -132283
3 9 10 10 -90471
-22 10 -21 4 -94447
13 1 18 4 -85853
-23 20 -19 21 -73039
20 -16 13 -8 -86879
-24 -3 -16 -14 -67055
16 -17 7 -17 -82209
5 -8 24 -9 -96411
-8 2 -9 5 -75621
-1 18 5 16 -94387
-11 21 -9 6 -132657
18 11 19 13 -86087
1 -8 4 -3 -71781
-1 12 -12 2 -113499
-15 -6 -14 -1 -72813
3 18 -2 22 -88297
11 -19 8 -13 -71941
-3 -22 -5 -18 -46483
-2 15 0 17 -94123
6 4 6 -10 -86279
-19 10 -24 4 -87005
18 -7 18 -5 -62517
-9 -6 -23 -21 -86737
-21 13 -21 7 -92047
18 -5 14 -15 -76411
-2 -3 4 -1 -85051
23 23 8 23 -90471
-20 3 -20 2 -75907
-7 10 -7 5 -77647
-1 -13 2 -16 -85789
22 3 20 8 -88687
-19 -19 -16 -13 -40301
-19 16 -19 23 -83949
24 0 22 -23 -56995
22 6 -23 -3 -88359
-7 -2 0 -6 -88393
-12 -20 0 -17 -74861
24 6 22 14 -91519
7 -6 11 -2 -77249
-22 0 -17 -2 -73513
3 20 -8 1 -118931
13 -2 13 7 -87185
11 -7 15 -8 -83081
13 -8 19 -8 -86987
-6 5 -14 -5 -114547
-11 -1 -21 -5 -89729
8 21 7 18 -80485
0 -24 -8 -14 -79235
-20 7 -23 8 -90949
-10 18 -11 22 -88179
-6 23 -14 12 -113043
9 22 11 -23 -90519
-13 5 -10 21 -137135
-10 5 -13 1 -106387
-19 21 -18 24 -51781
-19 -7 -24 5 -82749
2 10 -2 11 -87439
14 3 12 3 -78127
14 20 5 21 -91125
10 2 8 8 -80249
-1 7 -13 17 -110433
-15 3 -20 2 -92065
15 -16 -8 -16 -92245
18 7 21 4 -90461
-8 0 -6 -5 -86213
23 20 15 24 -81867
-4 24 -7 21 -78239
-17 18 -22 16 -93563
-13 24 -18 19 -86281
-6 -23 -22 -15 -66483
13 19 15 12 -89975
2 -8 6 -13 -81731
-15 -11 -17 -7 -69877
-19 8 -18 12 -88045
-13 21 -17 24 -81299
-20 23 -23 19 -69489
20 -23 -3 -4 -88145
-22 -20 -1 -4 -95471
-13 14 -16 13 -86563
6 -15 2 -12 -81977
-18 22 -5 2 -125269
0 2 -1 1 -81195
-15 17 -13 13 -105899
-5 -17 7 -19 -77721
0 10 -11 11 -96183
12 -9 9 -13 -78619
0 12 -1 9 -83113
10 -20 15 -15 -59331
-23 16 -24 13 -87793
-19 -8 -15 -20 -66951
-6 20 -4 17 -90581
3 12 5 15 -89361
20 -5 17 -19 -81431
-7 6 -9 5 -74771
23 8 22 12 -88083
-6 -24 -16 -8 -75043
5 -20 5 -15 -55267
-24 -15 -18 0 -74315
-23 15 -21 12 -73459
-22 4 -24 8 -86125
-15 -12 -18 -3 -83093
24 -2 -23 4 -91321
17 -7 22 -7 -73565
6 -23 -3 -13 -86201
3 -5 -1 -2 -80003
4 0 2 5 -82133
14 12 17 11 -75557
-7 20 -10 -9 -115543
-17 -12 -12 -6 -80219
-12 7 -16 7 -100303
-15 -4 -21 -11 -76867
14 8 12 13 -83229
-3 12 -2 12 -80033
-22 0 -21 24 -103541
-12 21 -14 3 -131813
-13 18 -14 20 -90409
18 -2 17 -5 -61213
-14 -8 -6 -4 -85829
-15 -1 -17 3 -82477
21 10 24 6 -86373
-5 -8 -4 -6 -78495
10 -2 15 -3 -87017
-1 -4 0 -1 -74235
3 7 -2 0 -110197
8 -8 8 24 -96065
15 6 11 7 -80185
-1 18 -2 23 -80887
5 -3 4 -4 -77537
24 -16 -9 7 -96485
23 -10 18 -9 -53955
24 3 21 7 -70127
-16 20 -18 22 -82519
-20 24 -17 -9 -99109
-20 5 -20 2 -81171
24 14 20 -12 -81545
-10 -6 -17 0 -96387
-11 -10 -21 -18 -73857
1 5 -2 8 -86175
18 14 21 11 -67753
0 -19 14 -15 -77545
-15 0 -17 -11 -89107
0 -9 -4 4 -98927
6 10 5 15 -90529
10 -11 20 -13 -85407
2 -17 16 -20 -81701
13 17 9 22 -83921
6 16 3 18 -87615
7 -12 15 -8 -93549
-9 16 -10 17 -90499
-5 21 -10 24 -75427
23 13 17 8 -94813
-10 13 -9 11 -90553
24 8 22 10 -71723
21 10 15 9 -79851
-21 17 -18 15 -90661
3 -1 2 -1 -82153
2 19 4 21 -87585
9 -19 4 -12 -88191
-8 -7 -13 -8 -73715
-6 -10 -5 -7 -72743
-14 16 -6 24 -99203
18 15 19 15 -76589
0 17 -1 15 -90553
5 20 2 18 -93035
-10 17 -6 18 -88761
-8 19 -12 9 -126507
-3 22 23 22 -88371
-23 14 -24 23 -73711
10 0 10 1 -76657
-15 3 -7 1 -100271
22 -4 20 -2 -66981
-9 -20 1 -15 -80119
-6 -20 -9 24 -98311
-17 3 -11 6 -109525
-17 -5 -12 -12 -86991
-24 6 -23 14 -84553
-18 14 -17 17 -92639
7 -20 -23 -10 -89257
-5 20 -16 3 -131355
-13 -17 18 -15 -90511
-1 -18 -6 -15 -83107
9 6 6 8 -86643
17 18 12 19 -89449
