-1 7 -1 12 -85353
-20 9 -18 10 -83049
23 1 24 1 -45641
13 14 17 17 -72317
-14 -11 -14 -16 -68027
24 16 18 16 -57417
14 -1 12 -3 -64347
-14 3 -14 22 -109691
4 5 3 7 -74865
-8 5 1 7 -94077
10 15 11 11 -61303
6 3 6 5 -61831
1 9 0 5 -80775
0 20 3 22 -74399
-6 -2 -7 0 -80337
21 12 20 14 -56719
8 17 7 15 -70131
12 24 7 23 -47069
-17 -11 -17 -16 -65347
-13 0 -14 -2 -77813
-12 6 -13 3 -94455
-2 -20 -15 -19 -74395
-24 0 -23 2 -63841
-11 -15 -11 -17 -58149
-12 -4 -14 17 -111905
-13 -17 -15 -16 -64687
14 18 21 24 -66631
-8 8 -7 8 -82801
22 12 22 -23 -65377
-2 3 0 6 -75301
1 -12 2 -12 -53415
24 0 24 3 -46177
23 -1 20 5 -63455
-13 18 -13 24 -70253
23 4 19 0 -67461
-11 20 -16 24 -77431
-9 22 -12 23 -66843
-24 10 -24 20 -79925
20 -14 21 -13 -62797
-16 2 -17 3 -77701
16 16 16 9 -69583
1 14 4 14 -70207
-19 -15 -19 -14 -52669
2 8 3 10 -78433
16 -20 15 -23 -63229
-20 -20 -23 -21 -58325
14 3 18 4 -51343
-22 16 -24 15 -68041
-23 16 -22 17 -81433
18 -21 15 -24 -66221
-14 14 -11 13 -70861
-16 20 -2 23 -94715
11 -7 12 -7 -50687
-21 -8 -3 1 -84779
-18 -19 -17 -23 -55227
-18 -16 -18 -21 -64107
19 -22 17 -23 -69487
-5 -2 -7 0 -80991
-4 19 15 24 -83107
-20 -2 -22 -4 -73025
23 -13 21 -12 -70387
7 -4 7 0 -73011
-19 24 -2 19 -91153
3 12 3 17 -66137
6 12 8 17 -72187
21 8 20 1 -64475
7 0 7 10 -78145
6 13 7 11 -67021
8 1 9 0 -69185
-21 7 -24 8 -76785
-22 -10 -23 -6 -64561
20 -23 20 -20 -53517
-14 -8 -2 -7 -76405
17 -20 19 -15 -63747
6 16 7 14 -63729
-14 -22 -15 -19 -51025
-7 16 -9 -11 -102933
23 -21 21 -23 -39861
-3 22 0 19 -71549
-3 0 -1 2 -74785
10 -11 11 -13 -52053
-5 0 -1 -1 -62669
23 -23 21 -22 -42151
-23 -18 -22 -14 -38197
0 -16 -1 -14 -56749
-3 -1 -7 -17 -78099
18 -20 19 -20 -69511
-16 -4 -18 -7 -71777
21 1 -9 20 -88347
-22 10 18 18 -83129
-23 6 -24 10 -66321
-4 17 -7 16 -80423
-12 -8 -12 -3 -67519
-17 17 -18 23 -74555
-22 14 -19 14 -75835
-16 -17 -14 -17 -68635
9 21 2 21 -65543
10 -4 10 -3 -54171
-11 1 -9 1 -76031
-3 -9 -2 -9 -52149
-24 -10 -23 3 -68739
-2 24 0 19 -69183
20 18 17 22 -76313
7 1 5 3 -69617
1 14 -1 13 -76037
0 0 1 0 -62537
-23 4 -21 2 -83091
14 -1 14 0 -56855
7 16 11 19 -69855
5 -1 5 -3 -67395
-13 -20 -19 -24 -70161
-6 15 -6 13 -65239
23 -7 19 -2 -76231
-23 -11 -23 -10 -45905
14 16 9 13 -71113
-13 -16 -11 -14 -66289
-24 5 -24 -3 -73647
16 -15 12 -16 -56693
-5 12 0 10 -85701
-14 4 -13 6 -91857
-16 6 -15 6 -70435
-3 16 -2 14 -67467
-24 23 -9 23 -75575
22 12 18 8 -69385
-5 3 -5 1 -72639
7 -22 7 -24 -49277
7 21 6 19 -64819
9 3 12 0 -73227
0 14 -1 12 -79577
14 -1 15 0 -59425
-24 -13 -20 -13 -46677
19 -23 16 -22 -67799
6 6 3 7 -81697
24 17 -20 15 -74361
13 -9 13 -8 -50637
-11 -22 -17 -21 -66513
-21 -4 -23 -4 -67615
-1 21 -5 21 -76061
-2 22 -4 19 -77729
0 -13 -2 -14 -55229
-20 -8 -21 -3 -72139
16 22 23 22 -61803
-22 -1 -22 1 -68715
-10 -22 -9 -23 -61703
-20 -23 9 -24 -57165
-17 -7 -21 -11 -67165
-5 16 -5 19 -64499
-8 2 -15 -14 -92291
6 -22 5 -23 -58991
4 -13 2 -12 -52637
21 12 24 11 -48289
24 -6 23 2 -55413
10 9 11 13 -71975
9 -19 7 -19 -43191
4 -1 0 -1 -66113
0 24 2 24 -52855
-6 24 -11 20 -78257
-1 8 -3 7 -76891
-1 4 2 6 -73549
-16 18 -23 22 -71775
-2 -24 7 -23 -56811
17 -9 15 -7 -58291
19 -7 18 -5 -70437
-12 3 -13 0 -78381
16 14 22 21 -75529
8 -19 9 -18 -47219
6 -8 5 -8 -49869
5 23 -6 21 -78423
-10 20 -9 22 -69483
-1 -17 -3 13 -90833
-16 3 -17 -5 -79349
-19 -19 -19 -22 -56771
24 -22 23 -12 -59515
24 -9 24 -4 -48033
-11 18 -12 17 -66949
-18 21 -20 3 -107249
0 24 4 19 -61275
-24 3 -24 22 -80933
-21 -20 -19 -23 -45137
20 -14 24 -16 -72495
18 20 15 14 -74729
-24 7 -21 3 -90905
0 -8 0 -10 -50365
-23 0 -16 2 -86075
-7 17 -9 24 -76113
-22 13 -23 10 -79925
13 11 9 6 -71849
-21 3 -24 3 -67165
-5 -12 -3 -14 -60471
12 3 10 -2 -69405
0 15 -1 -3 -116299
-15 7 -20 9 -83453
12 18 5 24 -62097
19 -21 21 -22 -71685
2 -9 0 -9 -54857
0 -8 -1 -4 -48157
17 16 17 24 -55191
-12 -3 -11 -6 -67879
-1 0 -23 -1 -87457
-10 -2 -11 -1 -79561
15 -23 10 -24 -49733
-22 8 -23 3 -79487
-4 -19 -6 -19 -58729
20 -23 18 -24 -62139
-7 8 -7 13 -85893
22 -20 20 -19 -76985
-23 2 -15 7 -92951
-17 20 -13 21 -77805
-16 14 -16 17 -73483
23 -5 24 1 -56605
11 23 17 19 -66763
14 -19 12 -13 -41109
2 20 5 15 -73767
-15 -23 22 -22 -56557
-4 11 -3 14 -76691
-15 7 -15 8 -74747
1 -24 0 -20 -65847
-11 18 -11 14 -64315
2 -4 -1 -6 -49619
16 5 16 6 -61197
15 18 19 24 -60285
0 -17 1 -19 -55697
19 -19 20 -22 -68233
24 19 18 23 -68837
10 -3 8 0 -71463
-14 -12 -15 -12 -57667
-9 14 -8 14 -80317
-5 18 -6 21 -72669
-19 -10 -24 -8 -64477
-6 -24 -6 -17 -69481
-12 4 -14 7 -81651
-18 -19 -22 -23 -61675
14 -23 11 -21 -51093
16 10 12 7 -66383
-21 11 -22 16 -78371
2 -20 0 -19 -55947
-5 -22 -6 -24 -46083
-14 -1 -15 -3 -73313
-9 -24 -9 -19 -59761
22 -23 21 -18 -64549
2 15 -18 -18 -97485
16 23 20 18 -77253
-22 -24 -23 6 -68655
-3 -2 -3 0 -64705
-11 -3 -13 0 -80427
-19 5 -19 3 -81877
-11 -13 -11 -14 -55553
23 -14 23 -9 -63015
5 -14 5 -11 -51615
21 -13 20 -11 -66351
-19 14 -20 19 -79249
-12 -20 -16 -21 -73711
-13 -4 -11 18 -115337
10 10 10 8 -62073
-23 9 -21 11 -84025
4 -1 5 0 -70275
10 -16 11 -14 -42291
-9 -10 -11 -10 -58979
-23 2 -22 6 -78493
6 23 18 24 -65449
-1 -12 0 -11 -55613
-4 6 -7 5 -86777
-1 16 0 21 -70319
-10 3 -9 11 -92149
-3 11 -12 8 -102411
3 -22 2 -15 -56939
0 10 2 6 -81593
-7 1 -5 4 -76209
19 1 17 3 -55349
24 -8 23 -10 -61679
1 10 0 9 -79831
18 -5 13 -10 -61055
22 10 22 6 -70153
11 -22 10 -20 -52739
-15 -19 -13 -16 -62983
24 7 23 -4 -58933
-14 -1 -8 -1 -84715
-19 -24 0 -14 -69189
-18 21 -21 19 -77561
-18 12 -17 12 -71279
23 -13 24 -14 -53583
21 -4 22 -4 -71615
-12 -11 -11 -8 -55119
19 13 18 20 -62053
12 15 9 11 -75957
-10 0 -14 0 -77721
-5 -19 -5 -13 -63815
9 -24 5 -19 -57397
-8 15 11 10 -91417
23 -18 -4 2 -70827
-1 1 -2 2 -65521
24 21 24 4 -63283
-11 13 -11 10 -73551
-22 0 -20 2 -79731
-4 24 -6 20 -71777
22 21 21 8 -67189
-14 -22 -15 -24 -47065
-2 -22 2 -19 -64507
-12 4 -15 5 -74227
11 -9 9 -8 -50961
-13 17 -15 17 -75429
0 22 0 21 -56679
20 -9 17 -13 -69633
-20 24 -23 24 -44747
13 -20 12 -22 -62909
12 16 15 20 -67877
-18 -11 -15 -10 -59899
-12 -22 -11 -23 -56035
11 11 12 3 -71941
12 -23 10 -24 -46891
16 22 14 22 -61557
17 6 17 9 -62731
-2 -16 -2 -17 -53527
23 13 22 8 -64167
-17 22 -15 24 -62269
23 21 22 22 -44497
-1 2 -1 4 -67815
12 -4 14 -5 -51643
5 -9 6 -5 -49623
2 -17 0 -18 -54187
-9 9 -5 12 -89333
8 -22 4 -24 -56841
-2 -18 -4 -17 -60269
-21 -4 -21 -16 -68623
21 24 17 0 -78507
-6 17 -13 -6 -114077
-20 -18 -21 -17 -58013
0 22 -10 24 -80403
-20 -4 -24 -5 -69189
17 -6 17 -5 -64473
-13 1 -23 6 -102257
24 0 20 0 -68345
-23 20 -19 21 -70975
-6 21 -13 19 -89241
5 -5 7 -1 -73471
0 -11 0 -12 -57551
17 -16 14 -16 -57577
-8 2 -9 5 -72633
-7 -11 -7 -12 -49285
8 -12 7 -9 -55171
18 11 19 13 -67615
24 -7 21 -8 -69265
-22 19 -23 14 -86229
-15 18 -14 0 -114703
-20 -6 -17 -5 -69331
23 0 21 -20 -64053
-13 -2 -13 0 -74907
1 5 0 -5 -89813
23 -8 21 -11 -71253
-19 10 -24 4 -88989
-13 -23 -8 -23 -56629
4 7 1 8 -74885
-21 13 -21 7 -81491
-8 -18 -7 -18 -56323
-4 -10 -5 -12 -61523
23 23 8 23 -71085
-20 3 -20 2 -75539
-7 10 -7 5 -81361
-7 3 -9 -1 -72349
10 -22 11 -20 -59651
-19 1 -22 8 -100617
-19 16 -19 23 -75005
21 -11 21 -12 -62911
-23 -3 -23 0 -60465
-20 8 0 -2 -100349
22 -2 24 0 -57625
4 -24 2 -19 -65059
-24 10 -20 11 -81479
-22 0 -17 -2 -80867
9 8 2 10 -83051
13 -2 13 7 -73217
-7 -23 -9 -20 -65905
-4 -19 -5 -21 -63265
10 -3 8 -5 -57675
-13 -22 -16 -23 -68197
8 21 7 18 -63295
21 -2 17 -1 -60871
-20 7 -23 8 -87499
-10 18 -11 22 -76083
4 -7 3 -10 -50397
-21 -22 -16 -20 -63961
-13 5 -13 3 -86325
24 -3 20 -6 -70485
-19 21 -18 24 -50655
17 -20 19 -14 -64181
2 10 -2 11 -76567
14 3 12 3 -60005
-8 -21 -10 -22 -49049
-8 8 -8 11 -82611
18 -24 14 -22 -57017
3 3 8 2 -72605
-2 4 -14 5 -99131
18 7 21 4 -69891
-16 -7 -16 -8 -63089
23 20 15 24 -75423
-4 24 -7 21 -72249
24 -20 23 -13 -57409
-13 24 -18 19 -80685
-2 10 -8 12 -89257
13 19 15 12 -66473
24 -8 21 -5 -61743
-15 -11 -17 -7 -60643
-19 8 -18 12 -81571
-13 21 -17 24 -71253
-20 23 -23 19 -68169
-1 -20 -3 -23 -65871
-12 -1 -14 6 -85307
-13 14 -16 13 -75607
0 0 0 -1 -73597
22 5 24 11 -63203
0 2 -1 1 -76595
-15 4 -13 9 -95355
-1 18 -2 -4 -116389
-5 -20 -23 12 -91635
-18 -7 -18 -4 -71021
0 12 -1 9 -84703
13 -22 14 -24 -44119
-23 16 -24 13 -78681
-22 -6 -23 -4 -59777
0 -23 -4 -22 -54993
-9 -11 -7 -3 -69275
19 -6 19 -5 -65505
-21 -20 -23 -21 -51243
23 8 22 12 -69021
19 -12 18 -12 -61793
15 17 -4 18 -90453
14 -11 12 -14 -59767
-23 15 -21 12 -65951
-22 4 -24 8 -82979
-22 3 1 6 -96215
0 16 -2 -5 -119341
12 -11 12 -12 -53847
23 13 20 17 -56307
24 -22 21 -17 -68535
-16 -13 -16 -9 -60045
14 12 17 11 -57579
12 6 12 3 -61887
0 -24 -5 -22 -54743
-24 -13 -23 -2 -64305
-23 1 -14 21 -113177
14 8 12 13 -66381
-3 12 -2 12 -75207
-2 -14 -7 -14 -61933
-24 17 -1 21 -90147
-13 18 -14 20 -74037
-15 24 -20 23 -67201
-7 15 -24 15 -92909
-7 -24 -7 -23 -40467
21 10 24 6 -77725
-19 -17 -16 -17 -59561
24 -17 18 -18 -66631
4 7 7 7 -74441
1 -18 0 -22 -65771
11 -24 8 -22 -45165
15 6 11 7 -62527
-5 23 -2 23 -68107
5 -3 4 -4 -65855
-24 18 -22 -8 -80191
23 -10 18 -9 -75269
24 3 21 7 -64921
-16 20 -18 22 -72267
5 -5 8 -9 -56079
-19 -10 -20 -9 -60731
24 -10 20 -11 -71807
5 -23 3 -23 -55339
-11 7 -8 8 -77729
1 5 -2 8 -77749
-23 -13 -20 -10 -52291
-21 -17 -20 -19 -56395
-6 -16 -6 -17 -59775
19 -13 19 -15 -52995
-7 -8 -7 -9 -48667
0 -24 0 -21 -59849
-9 -4 -9 0 -68237
13 17 9 22 -63063
6 16 3 18 -72621
4 -24 5 -24 -53309
-9 16 -10 17 -75341
-5 21 -10 24 -72695
6 13 3 8 -75503
-10 13 -9 11 -75965
24 8 22 10 -65989
21 10 15 9 -60953
2 3 7 -5 -82029
22 24 -16 23 -69663
2 19 4 21 -79343
16 -9 15 -12 -61287
-9 -14 -11 -22 -65483
21 -10 16 -8 -68869
5 -23 5 -21 -60517
18 15 19 15 -65861
0 17 -1 15 -70767
5 20 2 18 -80353
-10 17 -6 18 -86421
16 -23 14 -24 -52735
-3 22 23 22 -75041
-23 14 -24 23 -55269
10 0 10 1 -66793
-12 24 -13 3 -103165
-19 19 -23 13 -101761
-7 -10 -11 -10 -61065
24 -11 24 -8 -54431
-18 -17 -24 -19 -63083
0 -13 -1 -11 -62677
-24 6 -23 14 -77321
-18 14 -17 17 -82583
1 -1 0 2 -75649
-5 12 -10 17 -90401
9 -1 11 -1 -54201
-17 -15 -17 -18 -61361
16 -3 16 -4 -54199
17 18 12 19 -67295
