19 -6 23 -7 -68283
18 17 16 19 -64907
-3 1 -3 2 -72169
14 -10 14 -11 -46317
24 -21 24 -19 -61463
9 6 10 8 -56925
-24 0 -23 -22 -70371
2 24 -3 24 -55649
-1 -8 -2 -9 -72095
-1 -24 0 -23 -45931
-14 0 -18 1 -82363
18 -4 18 -1 -50749
3 -13 4 -11 -59425
7 -24 8 -24 -39381
-19 -8 -19 -4 -59347
1 4 3 4 -61221
20 24 15 23 -67261
10 -16 9 -14 -54571
4 24 4 22 -47157
13 13 13 10 -63527
-11 -17 -10 -18 -60749
-9 -8 -9 -7 -58157
-24 0 -23 2 -53267
-23 23 -23 21 -48871
-18 -17 -20 -17 -62489
-21 20 -19 16 -61737
-3 -23 -6 -23 -62933
3 -6 -1 -4 -73953
-19 -21 -15 -3 -77359
3 -1 4 -1 -71853
-24 23 -23 23 -39265
8 22 9 21 -62571
17 16 19 18 -56693
4 -10 5 -10 -52039
-15 11 -14 9 -72495
-22 -2 -23 0 -64111
-4 -24 -6 -23 -54895
2 15 2 12 -56485
-1 10 -2 7 -59665
-4 16 -3 18 -62177
0 10 0 12 -54483
-9 -22 -10 -22 -44963
24 13 21 10 -58639
22 23 -11 24 -59347
0 -23 0 -24 -52197
24 1 23 3 -54899
21 -10 17 -8 -64461
-22 16 -24 15 -60933
0 16 -1 -3 -79875
4 -15 5 -15 -55481
7 19 7 20 -54447
-24 2 0 4 -84481
9 24 20 23 -63465
-10 -19 -10 -16 -64331
12 -14 13 -16 -53781
21 -18 23 -17 -60919
-19 -24 14 -24 -58453
3 -23 4 -24 -54527
2 12 8 14 -65123
-5 24 -4 24 -50769
24 24 23 22 -59107
18 -2 19 -4 -56909
10 18 17 21 -66593
-21 20 -21 18 -60835
24 1 24 3 -43795
19 3 22 3 -66311
11 22 10 24 -57005
-16 -7 -14 -3 -88117
-16 -20 -16 -24 -68139
1 -2 2 0 -50849
11 -4 12 -9 -54055
-22 5 -23 6 -62709
11 21 -8 23 -68141
24 3 24 6 -51691
9 -21 7 16 -69743
-4 11 -6 12 -58033
-24 -16 -24 -19 -51937
-23 -11 -21 -10 -60659
8 -13 6 -12 -50951
1 -2 23 -3 -60785
24 10 23 8 -49353
18 8 20 10 -58767
10 -15 9 -16 -42361
23 -17 24 -15 -52669
16 17 16 13 -50897
-17 10 -18 10 -64945
11 -21 17 -19 -59175
16 14 19 12 -57835
-17 18 -16 16 -62953
24 16 22 17 -52451
5 22 7 24 -50233
0 4 1 2 -66011
24 -2 22 -4 -53411
13 18 16 17 -61031
-14 -24 -15 -24 -62435
21 -17 24 -17 -56633
-16 -5 -16 -4 -73897
-5 -21 -5 -19 -57549
-24 7 -24 -7 -67895
-24 -4 -23 -5 -57335
24 15 17 16 -63099
14 24 13 21 -55117
-11 0 -14 -13 -92307
-16 -17 -17 -19 -59781
2 -2 1 -2 -67455
6 -5 3 -4 -74707
-14 -23 -14 -21 -73645
2 -22 3 -24 -60781
17 -17 17 -20 -53035
19 8 16 6 -60651
-2 0 -2 4 -78893
6 -7 9 -7 -48291
11 -23 12 -24 -49663
-14 13 -14 14 -65575
0 -20 10 -24 -64353
24 -20 24 -14 -57391
-24 0 -24 -1 -52393
-12 -4 -9 0 -64411
-8 21 -11 21 -58675
-18 6 -23 4 -73643
-19 10 -15 20 -72997
9 -18 10 -19 -48355
13 -24 15 -24 -41529
17 21 16 24 -58001
21 -24 18 -21 -54387
7 -22 7 -24 -57885
13 24 11 24 -45011
-7 -10 0 -10 -85323
19 -2 20 -1 -59079
13 -23 10 -24 -47711
-22 -20 -20 -19 -66735
-22 0 -17 -1 -80917
-23 -20 -19 -24 -78361
-10 21 -11 23 -69655
24 -19 24 -22 -60237
17 -9 17 -7 -48897
-22 -24 -21 -21 -55557
0 -17 -3 -14 -64497
7 -7 8 -5 -55541
19 -24 23 -23 -58667
24 -7 22 -8 -62219
-18 -12 -20 -13 -62337
-21 -4 -17 -4 -70475
-23 -17 -22 -23 -69629
0 -16 -1 -12 -55259
-8 6 -9 3 -64023
-12 5 -13 5 -57327
-6 -8 -8 -9 -66583
24 -10 24 -15 -53297
-20 14 -19 14 -59943
-8 -10 -8 -9 -48059
24 -6 23 -6 -60923
22 -13 24 -12 -53365
10 24 10 23 -46237
-19 22 -19 24 -49731
5 2 4 1 -66011
-16 2 -16 1 -57143
-8 -23 -7 -22 -57317
19 20 16 22 -68953
9 14 7 16 -60211
-23 6 -24 10 -73171
8 5 8 3 -54375
-13 0 -15 0 -68861
-5 10 -2 10 -53653
-12 -7 -13 -8 -67389
1 5 0 6 -58629
-14 -17 -11 -15 -68615
-24 -20 24 -21 -52055
24 -21 23 -20 -52823
-24 20 -1 16 -74295
-12 -24 -13 -24 -56545
-3 -19 -2 -20 -58261
-3 21 -2 24 -52847
-6 -5 -5 -4 -77177
12 -14 12 -13 -47201
-18 -21 -19 15 -94613
-13 8 -13 11 -60913
19 -23 20 -23 -54005
-6 -3 -5 0 -63417
-2 -23 -4 -23 -58553
-23 -16 -24 -16 -63281
3 -24 4 -22 -59665
4 4 5 2 -64563
2 -19 4 -17 -65741
-19 -17 -5 -14 -89287
-24 8 -23 14 -79559
18 11 18 12 -51961
-21 3 -24 3 -63337
-8 24 -11 21 -60681
-5 -24 -5 -23 -46133
1 12 -1 11 -54353
13 7 15 9 -59337
8 7 9 12 -58683
-3 -18 -19 -19 -82281
7 17 8 19 -54549
24 19 22 16 -55117
-7 6 -5 7 -64737
-19 -20 -21 -23 -65757
0 -2 0 -1 -46915
-23 -17 -24 -17 -65183
23 4 24 5 -57539
-23 -13 -24 -21 -57987
-9 21 -8 23 -61629
10 18 8 19 -59321
5 24 6 21 -56493
6 10 7 10 -47309
13 -21 17 -24 -49667
-16 16 -15 15 -77877
18 -4 16 -2 -53997
-5 -11 -4 -12 -64241
1 -18 -2 -20 -63531
-5 -14 -6 -15 -63143
0 -13 -4 -18 -71033
24 -20 22 -24 -53509
-6 23 -21 1 -84535
5 -10 5 -12 -49841
-11 18 -11 17 -59475
-23 14 -24 -17 -81297
-13 23 -14 19 -67243
-1 -6 0 -4 -60049
-5 5 -4 6 -64687
-4 -10 -4 -14 -51637
-23 -8 -24 -8 -56907
23 17 22 21 -56043
13 11 13 13 -62355
8 -3 6 -1 -61057
18 7 20 6 -58153
6 23 -1 24 -53697
-18 -20 -17 11 -92943
-7 6 -8 9 -63129
22 11 20 13 -67307
-24 6 -24 3 -56891
13 20 12 18 -59173
-4 22 -5 24 -54459
-23 -7 -21 -7 -65085
-6 1 -6 2 -65349
-1 2 0 6 -72001
-10 -12 -9 -12 -64781
-12 1 -17 4 -79051
19 20 19 22 -61025
-9 -21 -8 -20 -64555
24 20 24 22 -50851
-10 24 -11 24 -54871
-6 -3 -5 -10 -60073
22 -24 24 -24 -41389
-11 -23 -13 -24 -60055
15 -14 20 -17 -57195
-17 -3 -17 0 -63635
-11 6 -11 9 -59021
-5 21 -3 23 -59363
-23 -11 -24 -12 -54121
19 24 23 24 -52239
22 -23 23 -24 -41795
-15 -20 -17 -18 -79253
12 14 11 14 -59885
12 12 10 8 -62661
-20 15 -10 15 -94663
14 4 11 5 -47321
-21 -1 -22 -1 -65711
12 -21 13 -20 -56353
23 20 24 21 -53949
23 3 22 6 -58945
1 -19 5 -18 -67009
-24 8 -22 9 -66319
19 24 18 23 -62703
-18 -12 -20 -11 -57983
7 -6 7 -7 -53671
-20 -9 6 -16 -84553
14 19 14 20 -57035
4 18 3 18 -61077
22 -23 23 21 -62843
-23 -17 -24 -14 -59967
-20 21 -24 19 -58193
18 1 18 0 -45917
24 -8 22 -10 -61361
3 24 -1 22 -54261
13 16 9 14 -62027
-14 22 -15 22 -60147
-5 12 -5 11 -53957
-24 19 -24 5 -70689
0 -8 -9 -10 -88565
-24 -12 0 -10 -76465
-13 -14 -12 -14 -68601
1 -4 0 -5 -53765
-6 18 -10 22 -67721
-17 9 -15 -21 -88087
-18 22 -14 23 -72849
-18 0 -17 1 -63351
-20 2 -20 4 -56487
-24 6 -22 11 -94205
-16 -24 -15 -24 -60245
14 5 18 6 -60407
-23 -20 -23 -24 -56151
8 6 8 7 -51635
0 -11 -1 -11 -70333
-7 -15 -4 -15 -67581
-1 -17 -2 -19 -65725
-6 12 -6 15 -55671
24 -20 23 -17 -59753
13 12 12 12 -56195
-15 -7 -14 -2 -91503
10 -6 10 -1 -48707
21 0 20 0 -63039
-20 24 -23 24 -53691
8 -16 19 -6 -61347
-17 16 -13 15 -90869
-24 0 3 -1 -83521
-23 -2 -6 -23 -81539
-24 16 -23 14 -49233
-23 -22 -20 -21 -63073
-24 24 -23 16 -59801
24 18 -23 11 -62577
23 -12 24 -1 -59641
-24 -12 -24 -11 -53469
-17 22 -15 24 -66465
23 21 22 22 -45271
24 24 23 22 -59107
-15 -9 -7 -12 -75493
-21 5 -24 6 -65051
2 17 2 15 -51995
-10 6 -9 6 -55721
17 3 17 4 -47437
-24 4 -24 1 -54441
0 7 2 10 -60933
17 -8 18 -8 -49451
16 24 23 24 -64803
-22 -4 -22 -3 -52781
10 12 9 16 -58945
9 -23 12 -24 -47601
24 11 22 12 -60883
-20 23 -23 24 -51439
-3 23 -2 23 -61459
3 17 3 21 -58099
24 -4 23 -2 -54729
-12 -22 -13 -24 -58769
3 -10 1 -8 -61411
23 6 23 10 -45813
-19 -19 -17 -21 -76599
-8 17 -7 19 -62109
-20 24 -16 24 -62595
22 15 22 16 -52651
24 10 22 14 -63721
21 -13 21 -12 -52189
-1 19 -3 18 -64653
7 -1 7 2 -47927
6 -23 6 -22 -61165
1 19 24 24 -64021
-14 -13 -13 -15 -51961
-22 -21 -24 -23 -49167
19 -22 19 -24 -62711
-6 7 -6 6 -62595
20 17 20 20 -60127
-18 9 -18 6 -66759
-2 14 0 16 -63039
-1 -22 -1 -21 -57223
-2 -4 -5 -6 -79365
-9 -21 -9 -20 -57857
24 -7 23 -6 -57921
-23 -10 -24 -9 -61087
-22 10 -22 8 -85743
20 -18 20 -14 -57363
5 6 6 7 -60833
-21 14 -23 12 -65489
-22 -22 -20 -23 -67539
-23 14 -23 18 -50301
-17 17 -14 17 -86087
-4 23 -2 22 -62023
17 24 15 22 -58405
-7 16 -7 18 -57997
20 -11 22 -13 -60881
11 0 9 1 -43887
-13 11 -15 13 -77767
-17 15 -15 17 -68131
-14 11 -14 12 -67305
-9 -3 -8 -4 -56327
-12 5 -12 4 -57185
6 17 2 20 -67603
-15 18 -15 18 -238837
-7 -2 -8 5 -68219
4 16 5 17 -58817
-11 -9 5 -18 -86271
-1 18 2 19 -60713
-6 -11 -9 -13 -66643
-19 21 -18 24 -59927
-8 24 -7 23 -51495
-23 -22 -22 -24 -57581
-24 19 -24 18 -50359
-12 -19 -12 -17 -66907
24 15 24 13 -53113
-15 24 -8 24 -59747
-12 16 -11 14 -62983
14 -3 16 -2 -53253
20 -22 20 -24 -60791
-23 -20 -24 -20 -55407
21 -17 18 -17 -59021
23 -3 24 -3 -57101
21 7 19 7 -63017
13 -22 12 -24 -53111
-22 -3 -20 13 -89075
1 -18 2 -21 -54865
14 1 15 1 -52885
-19 10 -1 12 -85417
-11 -14 -13 -23 -77631
2 2 3 1 -66111
14 -9 15 -10 -56585
15 3 14 2 -63903
-23 -18 -16 -3 -78959
19 -22 20 -20 -65975
-13 0 -12 1 -61725
-6 0 -4 -1 -61115
19 -24 20 -23 -57301
12 -2 13 0 -51035
-2 -21 -5 -22 -67577
-24 6 -23 8 -73023
-3 9 -2 7 -62193
-14 -23 -14 -21 -73645
12 -22 12 -24 -49201
23 24 24 0 -59175
-2 5 0 6 -54579
1 -18 -7 -7 -85785
22 -9 21 -7 -62053
-12 24 -11 21 -61995
-8 -13 -9 -14 -57525
17 -22 16 -24 -55947
19 -16 21 -18 -60221
11 18 11 15 -53999
16 0 18 4 -64785
23 5 21 8 -59299
3 2 5 -1 -67383
16 -15 8 -12 -62143
-18 -1 -19 0 -73135
6 -14 6 -13 -51751
-20 -13 -20 -15 -54991
-1 14 -21 15 -89279
-20 12 -18 11 -69813
-11 20 -11 21 -67777
-14 -19 -16 -18 -77025
1 12 4 11 -58283
-12 0 -13 -9 -90359
9 -4 11 -1 -53643
-13 18 -14 21 -67893
-16 -24 -15 -23 -56923
24 -16 23 -14 -49447
-12 10 -10 15 -78795
0 -6 -1 -4 -59293
23 0 24 -2 -52807
-8 0 -6 4 -70533
-7 -24 -7 -23 -44043
-8 12 -10 14 -59107
24 6 22 6 -56371
23 13 24 14 -52377
1 11 2 10 -56601
11 -3 8 -5 -52785
-15 6 -16 5 -62513
-24 18 -22 17 -62297
-10 13 -9 14 -60505
-10 0 -11 0 -51159
0 -22 2 -23 -47567
23 -6 23 -4 -45181
11 22 9 21 -54851
6 -23 5 -23 -48105
6 24 9 24 -53267
-23 -11 -23 -13 -57213
-14 -2 -12 -6 -66385
-2 -10 -3 -8 -57193
2 -13 0 -14 -67091
-23 -15 -22 -17 -64617
-18 -7 -15 -6 -60521
-22 -18 -21 -20 -67423
15 -14 16 -14 -49461
17 22 15 24 -57075
12 2 12 3 -48123
10 24 2 24 -59191
-13 4 -13 -3 -65891
23 5 24 6 -58997
24 -10 24 -9 -53907
-21 12 -22 9 -80649
6 12 6 14 -57223
3 -18 3 -17 -47659
-2 -19 -2 -18 -59603
14 -20 14 -19 -46819
1 22 1 21 -52909
-24 7 -24 11 -83877
-12 -8 -14 -7 -57251
11 -12 9 -10 -55639
-24 16 -23 16 -57577
-21 23 -21 21 -58151
20 22 21 23 -68821
4 -24 6 -21 -64507
-2 -9 -3 -10 -75095
7 -10 6 -7 -54105
-11 -5 -11 -6 -69027
-9 9 -6 9 -62777
-16 -2 -17 -2 -72859
-24 11 -23 10 -51319
-2 -4 -1 -4 -59409
10 -1 9 -14 -68747
-12 11 -11 15 -77457
-14 -9 -24 9 -92191
-23 8 13 9 -71529
24 -12 24 -9 -55553
-24 -7 -24 -5 -41583
20 -2 21 -22 -62861
1 -11 -1 -12 -74215
24 12 24 13 -53109
-17 23 -19 23 -63105
2 5 0 3 -70499
19 -15 17 -18 -54935
-24 -9 -23 -11 -57381
-18 -20 -15 -21 -73939
9 4 8 5 -51311
-3 23 -3 18 -59051
