-14 -6 -14 -1 -64677
-3 -12 -5 -13 -69111
14 -17 12 -15 -56139
-11 -24 -12 -18 -68107
24 -21 24 -19 -53633
23 6 23 8 -56965
14 -24 16 -23 -57597
2 24 -3 24 -60483
-1 -8 -2 -9 -67303
-1 -24 0 -23 -49567
-22 -14 -24 -13 -61529
17 -6 21 -4 -61179
-1 1 1 1 -71957
7 -24 8 -24 -58663
-13 9 -13 13 -61951
-14 -18 -15 -14 -62287
20 24 15 23 -54489
10 -16 9 -14 -55721
4 24 4 22 -41543
-18 -3 -16 -1 -60297
-11 -17 -10 -18 -59641
23 17 24 20 -49145
-24 0 -23 2 -52463
-23 23 -23 21 -57647
-7 -17 -20 -17 -79713
12 0 -9 -4 -87959
-15 -17 -14 -6 -81161
6 -18 7 -20 -48445
12 19 9 19 -60991
14 -6 14 -4 -49627
-24 23 -23 23 -39655
6 1 6 4 -48421
17 16 19 18 -47463
-7 12 -5 13 -64097
14 4 13 6 -58907
5 1 1 0 -64469
-4 -24 -6 -23 -64815
-21 2 -22 3 -57105
-4 -23 -2 -24 -76941
20 -6 20 -9 -59081
0 -24 22 -24 -68605
-9 -22 -10 -22 -57203
24 13 21 10 -61381
22 23 -11 24 -54915
0 -23 0 -24 -49711
24 1 23 3 -54223
2 -15 2 -16 -59289
-22 16 -24 15 -60599
5 -24 4 -24 -55315
4 -15 5 -15 -56135
7 19 7 20 -44473
-20 -7 -16 -7 -61213
9 24 20 23 -54181
4 -1 -12 -2 -102715
2 15 7 13 -65163
21 -18 23 -17 -60647
3 -13 2 -13 -63237
3 -23 4 -24 -57825
-4 23 -5 22 -48511
-5 24 -4 24 -44539
24 24 23 22 -66655
7 -19 8 -11 -75285
23 18 20 16 -59239
-21 20 -21 18 -61447
24 1 24 3 -46793
19 3 22 3 -54857
11 22 10 24 -50287
-13 -2 -12 0 -55691
-16 -20 -16 -24 -67267
-7 16 -8 20 -45547
-10 -12 -8 -10 -67687
-21 13 -20 11 -56387
-14 23 0 -5 -87919
24 3 24 6 -49695
-21 9 -20 10 -55041
-3 -13 -2 -14 -64565
-24 -16 -24 -19 -45339
-23 -11 -21 -10 -53489
-16 -10 -15 -8 -86785
0 -3 0 -8 -74935
24 10 23 8 -56251
-10 0 -1 -2 -106021
10 -15 9 -16 -63779
23 -17 24 -15 -55227
16 17 16 13 -44093
17 3 15 6 -59981
-10 16 -11 12 -57569
16 14 19 12 -59297
-9 6 -7 10 -60979
24 16 22 17 -55461
5 22 7 24 -46557
-8 3 -10 5 -58089
24 -2 22 -4 -48549
13 18 16 17 -49829
-14 -24 -15 -24 -63443
21 -17 24 -17 -56923
-16 -5 -16 -4 -62595
-18 -15 -19 -14 -56195
-24 7 -24 -7 -64115
-24 -4 -23 -5 -46889
24 -11 21 -12 -61789
14 24 13 21 -48729
24 -16 24 -17 -50997
3 17 1 17 -57449
2 -2 1 -2 -70741
-17 -9 -8 -14 -76413
23 21 22 23 -54289
2 -22 3 -24 -61419
17 -17 17 -20 -51253
-19 13 -18 11 -62147
7 3 3 5 -64251
6 -7 9 -7 -66211
11 -23 12 -24 -53337
-10 -16 -18 2 -90333
-18 -8 -17 -6 -74727
-12 -13 -13 -14 -60697
-24 0 -24 -1 -45095
6 -7 5 -5 -66745
24 -15 23 -12 -63191
-8 14 -8 15 -49201
-3 2 -2 3 -55735
-9 4 -4 4 -85577
13 -24 15 -24 -53489
17 21 16 24 -51571
21 -24 18 -21 -55307
7 -22 7 -24 -56347
13 24 11 24 -41175
14 -2 13 -4 -55931
19 -2 20 -1 -56381
13 -23 10 -24 -61301
20 -5 17 -4 -63603
0 18 -1 13 -66605
2 -16 1 -16 -63647
-8 -16 -9 4 -90349
24 -19 24 -22 -51201
17 -9 17 -7 -55083
-22 -24 -21 -21 -64067
-13 2 -13 4 -47853
-18 8 -19 23 -64435
19 -24 23 -23 -58473
24 -7 22 -8 -57067
-18 -12 -20 -13 -64103
16 -6 9 -5 -59201
-23 -17 -22 -23 -63669
8 -24 9 -24 -59639
10 6 9 5 -58331
-14 8 -15 10 -67205
-6 -8 -8 -9 -70777
24 -10 24 -15 -62333
-17 -18 -15 -15 -67481
-8 -10 -8 -9 -62393
24 -6 23 -6 -56481
22 -13 24 -12 -60101
10 24 10 23 -42483
-19 22 -19 24 -54737
-11 -22 11 -19 -76557
-16 2 -16 1 -53123
-8 -23 -7 -22 -57907
-4 -1 -7 -1 -91357
-17 -11 -16 -8 -79043
-23 6 -24 10 -52215
4 7 4 8 -53643
-1 23 -2 22 -51919
-1 -18 0 -20 -62491
-18 -3 16 -1 -80699
1 5 0 6 -66673
0 -7 -1 -10 -70827
-24 -20 24 -21 -61987
24 -21 23 -20 -49657
-2 1 -2 -4 -65483
-12 -24 -13 -24 -65317
-8 11 -10 14 -53759
-3 21 -2 24 -46647
-2 8 -2 11 -60261
5 -11 5 -9 -63117
19 -17 16 -12 -64821
-7 1 -4 0 -97193
19 -23 20 -23 -60783
-17 -3 -20 -3 -60105
-2 -23 -4 -23 -69837
-23 -16 -24 -16 -62701
3 -24 4 -22 -53297
4 4 5 2 -56595
-14 7 -12 6 -60247
-22 20 -24 24 -57691
-2 2 -5 4 -87443
18 11 18 12 -54653
-21 3 -24 3 -51103
24 12 1 12 -62945
-5 -24 -5 -23 -52109
-24 1 -9 3 -70667
13 7 15 9 -44699
-7 -4 -6 -5 -68731
-17 18 -17 17 -48549
-18 21 -17 20 -50781
-16 9 -23 7 -62017
-20 -24 -19 -24 -41695
-19 -20 -21 -23 -68309
0 -22 3 -21 -62375
-23 -17 -24 -17 -62387
23 4 24 5 -57409
-23 -13 -24 -21 -51911
-5 7 -2 9 -68027
10 18 8 19 -55051
5 24 6 21 -48921
6 10 7 10 -49873
13 -21 17 -24 -57539
6 -6 -2 -5 -84625
21 0 21 2 -53645
-5 -11 -4 -12 -61725
1 -18 -2 -20 -59599
-4 -21 -9 -21 -64647
-5 6 -6 6 -73375
24 -20 22 -24 -42389
-22 4 -23 5 -57615
5 -10 5 -12 -59349
22 18 23 0 -65507
7 -17 8 -14 -75869
-18 -8 -19 -5 -63953
-14 14 -13 13 -60409
11 -16 11 17 -82151
-4 -10 -4 -14 -68529
-23 -8 -24 -8 -45297
23 17 22 21 -48783
-3 22 -2 21 -58847
19 -24 17 3 -66745
18 7 20 6 -50483
6 23 -1 24 -55155
-21 21 -22 20 -53005
-11 -23 -12 -23 -66111
3 5 0 6 -61381
-24 6 -24 3 -59779
13 20 12 18 -45771
-4 22 -5 24 -47181
-1 -10 -2 -8 -65039
-21 -3 -21 -4 -61965
-4 12 -2 12 -48841
-23 11 -24 11 -53851
-3 -13 -2 -12 -66931
19 20 19 22 -52585
-9 -21 -8 -20 -57917
24 20 24 22 -51487
-10 24 -11 24 -52301
-9 22 -8 23 -51699
22 -24 24 -24 -41509
-11 -23 -13 -24 -66727
6 -11 8 -9 -70589
-17 -3 -17 0 -59535
-3 15 -2 16 -54663
-10 8 -10 11 -57251
-23 -11 -24 -12 -53407
19 24 23 24 -49043
22 -23 23 -24 -38517
4 -6 0 -8 -83685
12 14 11 14 -53363
-8 23 -12 17 -63583
14 12 17 10 -61985
3 -11 0 -16 -70695
-23 -16 18 13 -74953
12 -21 13 -20 -64033
23 20 24 21 -59983
-11 -18 22 -17 -84941
-21 9 -20 8 -62061
-5 -18 -3 -23 -66643
19 24 18 23 -54023
-18 2 -13 -2 -67029
20 -6 19 -3 -62179
-5 -10 -8 -10 -65183
14 -23 14 20 -78169
4 18 3 18 -61183
-24 0 0 0 -80345
-23 -17 -24 -14 -49935
-18 8 -16 8 -53447
18 1 18 0 -50759
14 -13 12 -10 -66495
3 24 -1 22 -54349
13 16 9 14 -56397
-14 22 -15 22 -50155
16 -13 17 -11 -59751
1 -7 10 -4 -92109
-12 14 -14 14 -61957
-1 -24 0 -24 -57269
-5 4 18 2 -85167
-23 -9 -6 -7 -73545
-10 14 -8 15 -58465
1 9 0 16 -65995
-23 6 6 4 -77403
-22 5 -23 3 -65247
-20 2 -20 4 -60449
-10 14 -13 14 -61325
-16 -24 -15 -24 -58999
-7 -9 -7 -17 -68673
-23 -20 -23 -24 -57951
8 6 8 7 -52445
0 -11 -1 -11 -59515
1 8 0 9 -54251
-6 11 -7 10 -69961
6 -17 7 -15 -72555
24 -20 23 -17 -54687
-15 -13 -13 -14 -66551
-5 -3 -5 -4 -60887
7 16 4 16 -62133
21 0 20 0 -56625
-20 24 -23 24 -53435
0 13 0 17 -65875
10 19 -1 -9 -96657
-10 -21 -7 -23 -59417
-6 0 -5 3 -57033
-24 16 -23 14 -56873
-23 -22 -20 -21 -57145
-24 24 -23 16 -65159
24 18 -23 11 -60937
-5 -7 -5 -8 -58919
-24 -12 -24 -11 -65527
-17 22 -15 24 -57117
23 21 22 22 -53143
24 24 23 22 -66655
17 -22 20 -23 -59311
11 -7 10 -9 -57691
2 17 2 15 -53387
5 -6 4 -7 -82503
17 3 17 4 -50155
-24 4 -24 1 -58867
9 -23 8 -24 -56445
17 -8 18 -8 -58883
16 24 23 24 -56757
-22 -4 -22 -3 -59023
1 24 -4 24 -60693
9 -23 12 -24 -58961
24 11 22 12 -49091
-20 23 -23 24 -54035
0 5 0 7 -58683
11 -6 5 -4 -69785
24 -4 23 -2 -56285
-12 -22 -13 -24 -61223
0 19 -19 22 -65335
23 6 23 10 -58739
18 -22 17 -23 -59833
13 -13 15 -12 -54375
-20 24 -16 24 -55659
22 15 22 16 -44807
-13 -10 -10 -8 -75123
21 -13 21 -12 -65165
-1 -5 0 -2 -74107
7 -1 7 2 -38911
6 -23 6 -22 -56669
6 0 10 0 -62755
-14 -13 -13 -15 -65107
-22 -21 -24 -23 -52645
-10 -23 18 -22 -78963
-1 19 0 16 -50835
12 8 14 7 -54265
-18 9 -18 6 -53343
-10 24 -11 22 -49183
-1 -22 -1 -21 -53457
11 -15 12 -15 -59221
-22 13 -23 17 -58761
24 -7 23 -6 -56971
-23 -10 -24 -9 -62573
-20 -7 -20 -8 -60221
20 -18 20 -14 -62777
-1 13 -1 8 -66173
-14 -24 -12 7 -80573
-22 -22 -20 -23 -49903
-23 14 -23 18 -51949
-1 -18 -1 -17 -53809
-16 1 -18 2 -62655
17 24 15 22 -50223
23 22 24 23 -63263
20 -11 22 -13 -61763
19 -12 18 -12 -52163
-17 -13 -14 -10 -74449
-9 -20 -9 -24 -61055
-24 6 -24 7 -54541
-9 -3 -8 -4 -64397
-7 1 -7 4 -53197
-11 23 -12 24 -50367
11 9 9 12 -53505
-13 23 -11 23 -54867
-3 0 -1 0 -81623
-15 22 -16 20 -65207
-24 -24 0 -22 -61697
9 -5 9 -3 -45597
-19 21 -18 24 -62023
-8 24 -7 23 -47285
-23 -22 -22 -24 -48401
-24 19 -24 18 -50719
-12 -19 -12 -17 -50189
24 15 24 13 -45249
17 -17 18 -16 -56131
-20 -15 -18 -14 -63757
14 -3 16 -2 -60945
9 19 9 21 -50015
-23 -20 -24 -20 -50627
21 16 18 17 -56615
23 -3 24 -3 -54513
18 -4 16 -2 -58391
13 -22 12 -24 -60709
14 12 14 14 -49269
-14 8 -13 12 -59887
14 1 15 1 -55391
-20 -20 -20 12 -76319
-14 -15 -15 -17 -64691
23 -3 0 21 -81493
14 -9 15 -10 -62457
-24 9 0 -11 -86285
-14 -8 -12 -5 -76069
-14 -11 -12 -8 -85571
-2 2 -1 -23 -83025
-24 6 -22 7 -57161
19 -24 20 -23 -54357
0 -21 2 0 -88465
16 -12 16 -13 -59897
-24 6 -23 8 -56507
-10 -2 -9 -1 -56235
18 12 17 10 -50561
12 -22 12 -24 -50355
-1 -16 -2 -13 -63367
-2 5 0 6 -52057
18 -2 18 -1 -52547
22 -9 21 -7 -60903
-12 24 -11 21 -50809
14 5 13 12 -58093
17 -22 16 -24 -58105
-23 13 -20 14 -65239
-16 -24 -16 -23 -52067
-21 14 -16 -1 -76891
23 5 21 8 -57777
0 -2 22 -1 -77515
7 1 4 -7 -63699
9 -23 7 14 -79961
-19 19 -15 19 -53479
-20 -13 -20 -15 -57249
2 -3 0 -4 -80261
-9 23 -7 23 -49243
-11 20 -11 21 -47005
-2 17 -4 20 -57487
-4 -16 -6 -16 -63273
-10 0 -9 0 -56823
-12 -23 -13 -20 -64985
-2 1 -3 2 -78129
-16 -24 -15 -23 -63329
24 -16 23 -14 -56813
11 -13 10 -14 -60441
0 -6 -1 -4 -60439
23 0 24 -2 -54841
-7 -7 -8 -9 -69065
-7 -24 -7 -23 -52469
-6 1 -6 0 -57711
24 6 22 6 -49889
23 13 24 14 -54399
1 22 0 23 -52749
-1 -24 -4 -23 -77255
0 15 -16 5 -86715
-24 18 -22 17 -62685
-19 13 -20 11 -53725
-4 -21 24 -17 -79687
0 -22 2 -23 -63279
23 -6 23 -4 -44781
11 22 9 21 -52439
6 -23 5 -23 -59025
6 24 9 24 -45941
-23 -11 -23 -13 -65373
-20 -24 -20 -20 -70189
-6 -13 8 22 -87789
0 11 1 13 -60373
9 15 9 -2 -77313
17 5 15 4 -47841
-22 -18 -21 -20 -56773
3 -6 4 -5 -82951
17 22 15 24 -49253
12 2 12 3 -47645
10 24 2 24 -52035
-13 -9 -13 -8 -66627
23 5 24 6 -59561
24 -10 24 -9 -50511
-16 0 1 -22 -93781
6 12 6 14 -43047
3 -18 3 -17 -57485
-17 -21 -15 -19 -64533
14 -20 14 -19 -47053
-11 -23 -12 3 -87821
-2 19 -1 -9 -84541
-7 5 -8 8 -49753
11 -12 9 -10 -52081
-24 16 -23 16 -59421
-21 23 -21 21 -66757
22 16 24 16 -58367
10 3 12 5 -59539
3 12 1 11 -56173
4 -11 3 -9 -66379
0 -10 1 -11 -67431
-24 -12 -24 -10 -65171
-15 17 -14 15 -47829
-24 11 -23 10 -51625
-2 -4 -1 -4 -68829
6 7 4 6 -61643
-12 9 -9 8 -55973
17 -24 15 -21 -52553
-24 -5 8 -6 -80561
24 -12 24 -9 -56061
-24 -7 -24 -5 -43551
11 -5 10 -8 -58721
20 -11 0 -11 -80037
24 12 24 13 -44357
-17 23 -19 23 -56315
-16 15 -13 17 -61121
8 11 9 12 -46557
-24 -9 -23 -11 -63821
-18 -20 -15 -21 -58605
-13 -9 8 -7 -87749
-7 0 -7 -3 -59803
