8 -20 10 -19 -70136
8 -2 10 0 -65194
10 -1 13 -24 -70398
-11 -24 -12 -18 -62816
24 -21 24 -19 -62366
23 6 23 8 -62282
14 -24 16 -23 -57368
2 24 -3 24 -63512
-1 -8 -2 -9 -63964
-1 -24 0 -23 -51356
-22 -14 -24 -13 -60470
4 16 5 20 -53422
4 12 3 10 -67348
7 -24 8 -24 -62108
2 -18 5 -5 -78562
-14 -18 -15 -14 -64454
20 24 15 23 -70648
10 -16 9 -14 -59728
4 24 4 22 -52264
-18 -3 -16 -1 -54206
-11 -17 -10 -18 -59044
23 17 24 20 -54176
-24 0 -23 2 -47420
-23 23 -23 21 -44158
19 24 9 22 -81518
13 12 15 12 -73090
11 -12 9 -11 -58714
6 -18 7 -20 -63716
6 -12 7 -13 -69986
14 -6 14 -4 -51058
-24 23 -23 23 -37852
5 -8 -13 -7 -84626
17 16 19 18 -67112
2 -9 3 -10 -63182
13 21 15 23 -74550
-7 -10 -5 -1 -79942
-4 -24 -6 -23 -56168
1 -4 0 -7 -58230
-4 -23 -2 -24 -62700
-16 2 -14 0 -58066
-5 14 -2 12 -62212
-9 -22 -10 -22 -57194
24 13 21 10 -63460
22 23 -11 24 -58760
0 -23 0 -24 -51584
24 1 23 3 -60322
2 -15 2 -16 -51766
-22 16 -24 15 -57202
5 -24 4 -24 -57046
6 -15 8 -15 -69486
13 -4 15 -4 -62480
-20 -7 -16 -7 -60130
15 -11 21 -11 -73168
24 9 24 9 -238192
-7 -4 -4 -6 -57160
12 6 13 12 -73580
3 -13 2 -13 -60294
3 -23 4 -24 -60482
-4 23 -5 22 -61290
-5 24 -4 24 -48912
24 24 23 22 -68634
-10 -19 -10 -8 -68116
23 18 20 16 -62088
-21 20 -21 18 -53348
24 1 24 3 -57472
22 -22 20 -16 -70134
11 22 10 24 -50046
-13 -2 -12 0 -63200
-16 -20 -16 -24 -63108
19 7 20 7 -62754
-10 -12 -8 -10 -64254
-21 13 -20 11 -44904
-1 8 -2 13 -61186
24 3 24 6 -57254
-21 9 -20 10 -44770
12 -11 14 -10 -45054
-24 -16 -24 -19 -47404
-23 -11 -21 -10 -54830
-16 -23 23 -21 -74048
17 -2 20 -4 -54892
24 10 23 8 -58148
13 -22 14 -13 -77336
10 -15 9 -16 -60208
23 -17 24 -15 -52108
16 17 16 13 -56880
12 -18 1 -17 -82702
-10 16 -11 12 -51622
16 14 19 12 -72102
-1 -13 -2 -13 -67514
24 16 22 17 -50364
5 22 7 24 -47242
4 12 10 16 -76816
24 -2 22 -4 -50184
13 18 16 17 -69308
-14 -24 -15 -24 -60548
21 -17 24 -17 -54518
-16 -5 -16 -4 -50036
-18 -15 -19 -14 -55942
-24 7 -24 -7 -52620
-24 -4 -23 -5 -44664
24 -11 21 -12 -59494
14 24 13 21 -64360
24 -16 24 -17 -49954
15 19 20 22 -83950
2 -2 1 -2 -58730
2 0 4 0 -58480
23 21 22 23 -61992
2 -22 3 -24 -65690
17 -17 17 -20 -64152
-19 13 -18 11 -45158
1 12 -2 14 -56246
6 -7 9 -7 -64154
11 -23 12 -24 -56388
-21 4 -20 2 -50114
-18 -8 -17 -6 -60372
-12 -13 -13 -14 -56394
-24 0 -24 -1 -40970
16 7 18 -3 -85656
24 -15 23 -12 -46222
-8 14 -8 15 -47298
-3 2 -2 3 -53996
6 16 6 15 -52544
13 -24 15 -24 -53760
17 21 16 24 -58286
21 -24 18 -21 -59950
7 -22 7 -24 -63686
13 24 11 24 -55902
14 -2 13 -4 -74752
0 5 2 4 -62600
13 -23 10 -24 -63770
4 13 8 11 -64504
14 21 16 19 -63206
-4 -24 -2 21 -70448
8 14 14 -1 -99456
24 -19 24 -22 -58216
8 1 9 -7 -79384
-22 -24 -21 -21 -58834
-13 2 -13 4 -41570
1 -8 1 -10 -64114
19 -24 23 -23 -59950
24 -7 22 -8 -55730
-18 -12 -20 -13 -62810
-7 19 -9 19 -61312
-23 -17 -22 -23 -64120
8 -24 9 -24 -65102
8 -9 8 -12 -62212
14 -11 18 -11 -60924
6 5 9 6 -66516
-4 -14 -5 -13 -62140
-17 -18 -15 -15 -68260
-8 -10 -8 -9 -55706
24 -6 23 -6 -58934
22 -13 24 -12 -56088
10 24 10 23 -43976
-19 22 -19 24 -44102
-8 -3 -6 -2 -71282
-16 2 -16 1 -49168
-8 -23 -7 -22 -51470
21 -23 21 -1 -61468
23 -11 22 -8 -55680
-23 6 -24 10 -31218
4 7 4 8 -68154
-1 23 -2 22 -64222
-1 -18 0 -20 -67546
-5 15 -9 16 -57648
1 5 0 6 -64754
8 -8 9 -9 -61434
-24 -20 24 -21 -66756
24 -21 23 -20 -52624
-6 4 -7 4 -61990
-12 -24 -13 -24 -65370
-24 12 -24 18 -44614
-3 21 -2 24 -70926
-2 8 -2 11 -57274
5 -11 5 -9 -70100
11 4 12 2 -68762
4 -16 3 -19 -67090
19 -23 20 -23 -63744
-17 -3 -20 -3 -54600
-2 -23 -4 -23 -57958
-23 -16 -24 -16 -66652
3 -24 4 -22 -56840
7 5 9 4 -65510
-14 7 -12 6 -58758
-22 20 -24 24 -51126
-9 -2 -9 -5 -53194
18 11 18 12 -64448
-21 3 -24 3 -49340
-3 22 -3 23 -69518
-5 -24 -5 -23 -48000
3 -19 -16 -22 -84376
13 7 15 9 -67642
-5 -4 -4 3 -71734
-17 18 -17 17 -42490
-18 21 -17 20 -47394
-6 8 -5 9 -55354
-20 -24 -19 -24 -45850
22 -19 23 -18 -59386
0 -22 3 -21 -63082
-23 -17 -24 -17 -67782
23 4 24 5 -64654
-23 -13 -24 -21 -54506
-6 -12 -4 -24 -66014
10 18 8 19 -55956
5 24 6 21 -53762
6 10 7 10 -72772
13 -21 17 -24 -63434
-8 18 -9 19 -59144
21 0 21 2 -67080
-5 -11 -4 -12 -63250
1 -18 -2 -20 -62354
5 21 -4 -1 -88440
-9 9 -7 8 -55412
24 -20 22 -24 -45808
-22 4 -23 5 -44318
5 -10 5 -12 -69798
17 2 18 -10 -71184
8 -2 8 0 -72206
-18 -8 -19 -5 -58282
-12 13 -12 17 -48172
-3 -14 -5 -17 -52590
4 1 -5 -15 -86240
-23 -8 -24 -8 -47114
23 17 22 21 -59212
-3 22 -2 21 -70408
11 19 9 17 -61102
18 7 20 6 -65372
6 23 -1 24 -54956
-21 21 -22 20 -45338
-11 -23 -12 -23 -65508
19 -14 19 -15 -49466
24 -15 6 -17 -66844
13 20 12 18 -55144
-4 22 -5 24 -61524
-1 -10 -2 -8 -67038
-21 -3 -21 -4 -59458
-4 12 -2 12 -57754
-23 11 -24 11 -48590
20 18 19 20 -61650
19 20 19 22 -62944
-9 -21 -8 -20 -53930
24 20 24 22 -57716
-10 24 -11 24 -49842
-9 22 -8 23 -58936
22 -24 24 -24 -42818
-11 -23 -13 -24 -65696
-17 -1 -3 1 -76100
-17 -3 -17 0 -52250
-3 15 -2 16 -73486
-10 8 -10 11 -41072
-23 -11 -24 -12 -55108
19 24 23 24 -53076
22 -23 23 -24 -40036
5 19 6 0 -86296
12 14 11 14 -67786
14 16 15 -14 -80722
14 12 17 10 -74728
18 7 19 4 -69912
14 -17 16 -19 -62300
12 -21 13 -20 -65142
23 20 24 21 -61186
15 -13 15 -16 -53498
2 -18 3 -19 -74712
-5 -18 -3 -23 -65766
19 24 18 23 -63344
5 -13 -14 -10 -89952
24 -3 0 -3 -67508
2 3 7 5 -67958
-4 1 -3 0 -64270
4 18 3 18 -48704
-4 -2 -5 -1 -62694
-23 -17 -24 -14 -51246
-18 8 -16 8 -40340
18 1 18 0 -68854
15 -2 18 -3 -58196
3 24 -1 22 -56182
13 16 9 14 -76300
-14 22 -15 22 -43488
16 14 17 16 -60952
10 -1 11 -3 -68162
-12 14 -14 14 -51184
-1 -24 0 -24 -56234
21 14 24 7 -65310
-23 -9 -6 -7 -64630
-10 14 -8 15 -53754
0 21 0 20 -57502
10 1 -5 6 -77658
1 -2 2 0 -66890
-20 2 -20 4 -50506
-10 14 -13 14 -55766
-16 -24 -15 -24 -56380
10 -11 9 -17 -60528
-23 -20 -23 -24 -56054
8 6 8 7 -62126
0 -11 -1 -11 -70860
1 8 0 9 -52988
-10 -12 -9 -10 -66260
18 24 8 24 -71468
24 -20 23 -17 -63490
-15 -13 -13 -14 -59948
-5 -3 -5 -4 -62910
12 -4 8 16 -96778
5 -11 6 -13 -69820
-20 24 -23 24 -52940
0 -7 2 -8 -69174
-2 5 -2 4 -56080
-10 -21 -7 -23 -54518
-6 0 -5 3 -55260
-24 16 -23 14 -48786
-23 -22 -20 -21 -71078
-24 24 -23 16 -56118
24 18 -23 11 -59874
-5 -7 -5 -8 -63936
-24 -12 -24 -11 -65408
-17 22 -15 24 -52238
23 21 22 22 -59240
24 24 23 22 -68634
17 -22 20 -23 -63602
12 -2 13 0 -77010
2 17 2 15 -60930
-13 -8 -11 -11 -58110
17 3 17 4 -67946
-24 4 -24 1 -43846
9 -23 8 -24 -65708
20 2 21 3 -67432
16 24 23 24 -63568
-22 -4 -22 -3 -57172
1 24 -4 24 -64138
9 -23 12 -24 -62572
24 11 22 12 -55296
-20 23 -23 24 -53336
0 5 0 7 -67264
5 -7 7 -5 -64552
24 -4 23 -2 -51470
-12 -22 -13 -24 -56150
-17 0 -14 0 -58692
23 6 23 10 -62920
18 -22 17 -23 -60146
-12 5 -17 2 -61886
-20 24 -16 24 -53334
22 15 22 16 -50460
-13 -10 -10 -8 -67558
-13 -10 -12 -7 -71408
15 4 8 -7 -93108
7 -1 7 2 -64244
6 -23 6 -22 -65548
-13 -4 23 19 -82902
-14 -13 -13 -15 -68068
-22 -21 -24 -23 -55856
18 -13 20 -13 -66988
-1 19 0 16 -57786
12 8 14 7 -75008
-18 9 -18 6 -34688
-10 24 -11 22 -50708
-1 -22 -1 -21 -57338
10 18 8 2 -87852
-22 0 22 17 -73730
24 -7 23 -6 -53776
-23 -10 -24 -9 -60588
-20 -7 -20 -8 -53456
12 12 14 14 -73800
5 10 7 10 -74174
-22 0 -21 -24 -62980
-22 -22 -20 -23 -60690
-23 14 -23 18 -48684
-1 -18 -1 -17 -57756
-2 -11 2 -12 -75380
17 24 15 22 -72022
23 22 24 23 -63652
0 24 0 23 -54808
10 -15 12 -18 -62680
-17 -13 -14 -10 -60824
-22 -22 -23 -22 -65606
-24 -20 20 -18 -71672
17 -9 -18 8 -76612
15 -23 -13 -23 -73282
-11 23 -12 24 -49736
11 9 9 12 -68082
-13 23 -11 23 -49418
-14 -5 -18 -7 -65994
-15 22 -16 20 -58014
-24 -24 0 -22 -60436
9 -5 9 -3 -60718
-19 21 -18 24 -53464
-8 24 -7 23 -52482
-23 -22 -22 -24 -51554
-24 19 -24 18 -46728
-12 -19 -12 -17 -52692
24 15 24 13 -50424
6 -19 -13 -21 -85778
-20 -15 -18 -14 -63740
14 -3 16 -2 -69632
-14 4 -11 4 -61786
-23 -20 -24 -20 -62928
21 16 18 17 -70292
23 -3 24 -3 -58196
14 0 14 2 -69708
13 -22 12 -24 -65304
14 12 14 14 -63570
-14 8 -13 12 -39080
14 1 15 1 -63620
1 9 0 7 -66706
-14 -15 -15 -17 -65084
-10 -14 -9 -14 -54268
19 0 21 7 -82620
6 5 4 6 -66812
21 -2 22 -2 -55254
4 -5 4 -3 -60730
17 -16 19 -15 -62368
-24 6 -22 7 -49146
19 -24 20 -23 -54950
-6 19 -6 22 -67856
-24 1 -19 2 -51812
-24 6 -23 8 -36180
-10 -2 -9 -1 -67536
18 12 17 10 -67654
12 -22 12 -24 -58920
10 6 14 6 -71386
-2 5 0 6 -55146
18 -2 18 -1 -61456
-14 0 -13 1 -63130
-12 24 -11 21 -53172
14 5 13 12 -75662
17 -22 16 -24 -57864
-23 13 -20 14 -57846
-16 -24 -16 -23 -48394
19 2 7 6 -85792
23 5 21 8 -64900
0 -2 1 1 -66228
4 -13 3 -14 -58050
9 1 11 0 -62900
-19 19 -15 19 -47082
-20 -13 -20 -15 -57118
24 -3 23 -13 -54396
-9 23 -7 23 -54996
-11 20 -11 21 -54794
-2 17 -4 20 -66212
-4 -16 -6 -16 -59756
-10 0 -9 0 -52748
-12 -23 -13 -20 -60480
8 -19 7 -23 -69976
-16 -24 -15 -23 -60424
24 -16 23 -14 -50956
18 16 19 16 -70968
0 -6 -1 -4 -59162
23 0 24 -2 -55028
5 7 7 -5 -77998
-7 -24 -7 -23 -46122
-6 1 -6 0 -55822
24 6 22 6 -52806
23 13 24 14 -54984
1 22 0 23 -65004
-2 17 -4 14 -75668
14 -16 16 5 -81232
-24 18 -22 17 -59538
-19 13 -20 11 -44964
3 -10 7 -7 -65880
0 -22 2 -23 -65582
23 -6 23 -4 -39912
11 22 9 21 -60580
6 -23 5 -23 -62270
6 24 9 24 -47432
-23 -11 -23 -13 -64460
-20 -24 -20 -20 -65400
-6 8 -9 6 -55130
0 11 1 13 -65182
0 -2 3 8 -75650
17 5 15 4 -60922
-22 -18 -21 -20 -59766
-5 15 -4 18 -64666
17 22 15 24 -58488
12 2 12 3 -63166
10 24 2 24 -51490
-13 -9 -13 -8 -59586
23 5 24 6 -64738
24 -10 24 -9 -50220
13 -17 13 -20 -71620
6 12 6 14 -56644
3 -18 3 -17 -66804
-17 -21 -15 -19 -63748
14 -20 14 -19 -68960
1 -17 5 -19 -76980
-22 2 3 -6 -73680
-7 5 -8 8 -47434
7 10 5 4 -78462
-24 16 -23 16 -56194
5 -8 10 -5 -69246
-12 -12 -11 -14 -64162
22 -10 17 -9 -65178
3 12 1 11 -59466
-20 -19 -22 -20 -67082
0 18 -6 18 -68472
-24 -12 -24 -10 -63994
-15 17 -14 15 -44330
-24 11 -23 10 -44422
-2 -4 -1 -4 -54766
-6 1 -5 1 -64370
-12 9 -9 8 -57066
17 -24 15 -21 -59446
0 14 0 15 -61934
24 -12 24 -9 -47302
-24 -7 -24 -5 -41154
-5 -4 -4 -10 -70224
17 4 22 7 -72654
24 12 24 13 -51316
-17 23 -19 23 -53664
-15 -24 -15 -3 -68920
8 11 9 12 -63994
-24 -9 -23 -11 -60730
-18 -20 -15 -21 -54268
-8 18 -8 21 -62728
-7 0 -7 -3 -64002
