0 -14 -1 -15 -60189
16 -8 17 -6 -63657
20 4 21 2 -66767
14 8 15 7 -68189
6 -23 11 -24 -55109
-15 -24 -14 -23 -64191
-14 -24 -16 -23 -59913
-3 10 -3 8 -53871
5 -16 5 -14 -63723
-10 -10 -7 -11 -74277
-17 8 -18 6 -56803
20 0 21 0 -56513
-3 19 -5 17 -66985
-9 -5 -9 -6 -61365
9 11 9 11 -235469
4 5 1 5 -63721
21 -13 20 -14 -76673
-5 -17 -6 -18 -54463
-22 -13 -23 -14 -52433
18 -18 19 -19 -54371
-12 -2 -9 -3 -74603
12 -1 11 -15 -73095
-6 10 -9 -21 -72509
-24 2 -23 1 -52103
-12 23 11 8 -71507
-24 -15 -24 -14 -41819
-13 -24 -12 -23 -67089
9 17 9 16 -54931
-13 24 -13 23 -49437
-6 13 -10 12 -60109
-24 23 -23 23 -46917
-23 24 -20 23 -59385
-5 22 -5 20 -57251
0 21 -24 21 -60671
-3 7 -4 6 -59621
-6 -15 -6 -14 -41147
4 5 3 3 -62157
13 -23 11 -24 -49739
-4 -23 -2 -24 -61255
24 21 24 2 -59505
2 -1 1 0 -55801
19 -22 21 1 -73485
3 -24 4 -23 -53555
-17 -15 -18 -15 -52651
22 6 20 2 -67613
24 1 23 3 -52461
19 7 17 7 -45481
-7 -11 -8 -12 -68157
7 17 7 13 -53169
22 -24 -4 -24 -54465
-12 -11 -12 -12 -48333
6 24 7 23 -47053
18 13 17 13 -50049
-21 -14 -21 -13 -46909
-9 21 -8 17 -58997
17 -7 16 -5 -57437
-9 -7 -7 -7 -77651
20 6 22 3 -69885
7 4 7 2 -49269
-23 -21 -23 -17 -55193
0 -16 5 -15 -60575
-23 22 -24 24 -48189
8 -8 9 -7 -55039
-13 -7 -13 -9 -50557
24 1 24 3 -52143
24 9 24 8 -43189
3 2 3 0 -67097
22 0 23 1 -59577
7 -13 6 -13 -73427
-7 -12 -6 -11 -69001
-11 -15 -2 7 -90285
-4 22 -5 24 -66427
-24 6 -23 6 -49991
11 24 10 24 -49723
-16 22 -16 20 -50055
6 -18 6 -21 -63135
-24 -16 -24 -19 -45507
17 -10 16 -10 -50269
-21 -1 -20 -1 -58481
-2 0 -3 0 -76571
-14 5 -14 4 -69323
24 16 0 5 -64419
-11 -23 -11 -24 -66565
-6 -3 -1 -2 -81377
6 -12 7 -11 -60341
-20 -24 -20 -23 -62727
19 -3 17 -2 -50691
11 24 9 24 -50985
12 8 11 8 -51151
20 -12 21 -12 -57789
24 -12 23 -12 -50917
15 3 15 4 -57237
3 1 4 -4 -60451
12 -14 14 -15 -69793
-17 10 -19 12 -61301
5 -13 3 -13 -60679
-19 10 -17 9 -58191
20 24 -6 24 -51717
-21 17 -22 15 -58045
6 -24 5 -22 -49631
24 7 23 7 -50569
14 24 13 21 -50749
24 -16 24 -17 -43463
19 17 19 19 -53395
16 -24 15 -24 -44797
18 6 18 4 -62719
15 20 16 19 -57917
12 16 12 13 -57131
0 4 1 2 -60967
-15 24 -13 24 -54323
15 9 15 8 -62969
-18 17 -20 18 -52235
-7 24 -9 24 -48871
-17 24 -17 23 -46905
8 -14 6 -14 -72119
21 8 24 6 -62785
7 -23 7 -24 -49443
16 18 18 19 -54931
-9 -3 -11 -3 -80915
16 -24 17 -21 -64489
-4 14 -3 14 -49431
16 -19 14 18 -76487
13 -24 15 -24 -50105
1 -20 3 -23 -57413
9 24 -24 24 -49183
4 -22 24 -22 -59035
22 -12 22 -13 -63895
12 13 11 12 -49049
-7 -12 15 -3 -84079
-1 22 -4 24 -58925
-17 -18 -18 -21 -67425
-10 10 -11 7 -51663
24 -1 23 -1 -52711
-2 1 -5 1 -73665
24 -19 24 -22 -49503
-19 -9 19 0 -78009
-11 20 -11 21 -52515
-16 -24 -17 -24 -53563
8 9 8 4 -57323
14 17 14 16 -62055
24 19 24 -13 -69237
-24 -8 -23 -12 -43439
-17 -17 -17 -19 -57395
4 -14 8 -15 -73893
23 -16 23 -11 -62377
-12 -2 -12 4 -84819
5 -10 5 -17 -69899
-1 -24 -1 0 -67655
-13 2 -13 1 -76135
14 -12 14 -11 -63799
-4 -16 -3 -16 -68117
-5 -7 -5 -6 -63227
-21 10 -20 12 -60749
10 24 10 23 -41759
5 18 6 -7 -75417
-15 11 -16 9 -52575
-23 7 -22 6 -62417
-4 0 -4 -3 -62479
-9 -5 -10 -5 -81905
14 3 14 5 -57371
-6 -2 -6 -3 -57641
23 -23 24 -20 -52349
-12 -23 -12 -24 -67883
24 -23 23 -21 -53047
-11 -22 2 -24 -72753
0 -8 -1 -8 -65769
13 -9 13 -8 -59189
16 -14 17 -15 -53203
-18 3 -11 0 -70743
11 10 10 12 -62543
-23 0 -24 -1 -48401
16 -9 14 -11 -62399
-23 -7 -24 -10 -54517
-24 -20 0 -18 -71929
14 -6 13 -5 -55381
-8 -23 -9 -22 -61145
4 3 3 0 -71891
19 -22 19 -21 -59879
17 24 17 23 -42103
24 0 24 -1 -41205
-23 -16 -24 -16 -53523
22 -6 22 -5 -63381
-13 -4 -15 -4 -63293
10 20 13 22 -55015
0 -8 3 -8 -56483
-2 -19 0 -22 -69127
10 0 9 -1 -55839
6 13 8 12 -57893
18 5 19 6 -57075
-10 13 -10 11 -45543
-2 -23 -4 -21 -73749
-7 4 -8 4 -65947
-23 9 -24 7 -54321
-17 -15 4 -20 -88051
5 -23 4 -24 -55983
-18 2 -17 2 -49835
-20 -24 -19 -24 -44073
-14 10 -14 9 -53511
9 -1 -9 -3 -80857
-24 5 -24 3 -55759
-4 -16 -2 -17 -67457
12 2 0 0 -72301
-2 -1 -2 -8 -75059
24 19 23 21 -49647
-22 -6 -21 -6 -59929
12 -15 13 -13 -52091
18 -9 18 -8 -66835
22 -14 24 -11 -66639
5 -23 4 -23 -51943
-12 14 -13 15 -52511
0 9 0 10 -52373
22 16 24 14 -62701
22 23 17 23 -62553
19 -23 21 -24 -49861
-10 -11 -14 -12 -67335
-19 -5 -19 -3 -57135
10 -6 11 -5 -63711
20 -11 19 -12 -71307
8 -3 8 0 -52661
2 21 2 19 -47563
23 13 24 13 -53329
23 -9 24 -10 -58237
-23 -8 -24 -8 -55979
-24 9 -24 8 -53301
-24 -15 -23 -17 -47829
-1 14 -1 11 -47743
0 5 -4 5 -66731
9 -11 9 -23 -65817
-14 19 -16 20 -48739
-17 -23 -18 -24 -53611
-9 13 -10 13 -55069
23 15 23 16 -48115
9 -1 11 -1 -59951
14 10 13 10 -56771
-7 -17 -5 -18 -63329
7 22 5 22 -58031
0 10 -3 11 -58859
-23 11 -24 11 -53923
-11 2 -10 0 -72003
21 -18 19 -19 -57505
-22 21 24 17 -52211
24 20 24 22 -41995
-10 24 -11 24 -47461
-17 -19 -16 -18 -66475
22 -24 24 -24 -52273
-22 -23 -22 -24 -57089
-24 -5 -23 -6 -48871
21 11 20 12 -53541
0 1 0 0 -68053
3 -16 3 -17 -59827
-23 6 -23 7 -58917
19 24 23 24 -60615
22 -23 23 -24 -50557
12 10 10 15 -64945
14 20 13 17 -65813
7 -18 7 -20 -60567
-3 24 -3 23 -61701
4 19 11 19 -58949
-1 -5 -3 -11 -72773
-23 -23 -22 -24 -50153
23 20 24 21 -51825
9 14 10 14 -45733
-8 -4 -7 -6 -63271
-24 20 -23 17 -51145
19 24 18 23 -42929
23 -8 24 -7 -58553
23 14 23 12 -48079
15 -17 13 -20 -63391
-6 -22 -7 -24 -45161
24 -3 22 -4 -62069
24 -5 23 -4 -52891
-23 8 -24 10 -62259
9 -19 8 -19 -57737
5 8 4 8 -54345
-23 -7 -24 -8 -66127
3 24 2 23 -54337
-12 -17 -12 -19 -50907
-23 0 -23 -1 -46637
-24 23 -24 21 -55989
6 18 6 19 -51647
-20 -23 -19 -24 -59311
-1 -24 0 -24 -45827
24 21 22 24 -58451
-9 -23 -10 -24 -58409
-24 11 -23 10 -56997
19 14 19 11 -48515
-13 8 -9 6 -63745
21 -10 22 -5 -70401
-15 15 -15 17 -43685
12 7 11 9 -68573
-10 -23 -10 -21 -58769
-1 -3 -3 -2 -72651
9 -23 9 -24 -47165
11 -5 12 -5 -65463
24 24 21 24 -51541
23 -12 22 -10 -61803
14 2 11 4 -61603
-4 5 -5 4 -62533
24 -20 23 -17 -50725
0 -18 -1 -19 -55603
-24 -2 -24 -3 -46777
11 -22 10 -21 -52627
14 24 15 23 -44645
-20 24 -23 24 -59051
0 9 -1 10 -59001
3 0 0 -1 -63535
-24 -24 -20 -21 -53145
-21 14 -22 14 -59719
-10 14 -10 15 -51827
-7 9 0 19 -77593
6 -6 5 -6 -56083
13 15 16 15 -54951
-2 20 0 21 -44297
22 -21 21 -22 -58223
-9 19 -10 17 -54601
13 -23 13 -22 -50605
24 24 23 22 -48215
7 10 6 8 -51563
-9 -8 -18 -10 -71447
1 -19 1 -18 -61259
0 -11 -1 -12 -62477
13 -24 11 -23 -49905
-5 -23 -6 -22 -66925
-17 0 7 1 -83325
22 23 21 -12 -73615
-13 -18 -13 -20 -56667
1 14 2 16 -44229
-19 -6 -21 -9 -71821
-19 18 5 17 -68767
23 -7 24 -7 -55613
9 -5 8 -5 -59089
-24 20 -23 21 -53769
24 -7 24 -4 -58523
-21 12 -21 11 -54249
-15 6 -17 -18 -73855
-22 -18 -23 -20 -58333
-9 4 -10 2 -55973
-9 -3 -16 -4 -79513
-14 24 -15 24 -52757
2 8 3 6 -55345
-9 -3 -10 -4 -66833
0 -7 -11 -8 -94583
-24 -6 -21 15 -69015
-15 12 -16 -4 -82183
-11 -15 -12 -15 -64341
-24 21 -24 20 -56059
0 24 -2 22 -47403
-23 -21 -24 -24 -51659
19 -22 20 -24 -57705
-11 15 -12 13 -52837
-23 23 -22 24 -53693
24 16 23 17 -56601
-24 14 -24 13 -45137
7 -12 7 -13 -55825
0 24 23 22 -55831
6 -22 8 -20 -59523
22 -1 -2 -4 -74257
-14 18 -21 16 -51465
23 -19 24 -17 -52489
-8 23 -8 24 -53757
-7 15 -7 14 -47387
16 21 16 22 -50541
-10 -23 -7 -24 -55867
-12 3 -14 3 -56249
-16 -24 -17 -23 -62537
-21 -1 -22 0 -59071
24 -5 24 -2 -47117
16 -3 15 -4 -47831
23 22 24 23 -53515
0 24 0 23 -64797
-16 -23 -16 -24 -62137
-13 3 -14 5 -75343
-22 -22 -23 -22 -51145
5 -9 5 -10 -43837
0 -9 -10 -9 -90305
1 4 0 4 -59845
-11 23 -12 24 -47087
-5 17 -5 18 -49417
19 19 16 19 -57027
-24 11 -23 12 -54237
17 -21 16 -22 -59741
-10 -11 -11 -10 -64839
1 -15 1 -13 -52915
0 -1 0 -8 -72417
-8 24 -7 23 -53357
5 11 3 13 -61819
24 22 23 24 -51969
3 -5 4 -3 -60621
14 7 14 8 -66247
2 11 1 10 -53837
20 -16 22 -15 -71717
0 3 -1 1 -64843
-4 -6 -2 -11 -64635
-23 -20 -24 -20 -51607
-7 7 -9 8 -68895
-22 -9 -13 -1 -74943
24 7 24 6 -45137
-15 24 -16 23 -48829
7 -24 6 -24 -51919
17 -2 16 0 -51613
-15 9 -14 5 -62017
12 -15 14 -15 -64389
-23 -21 -24 -20 -49453
-19 24 -18 23 -44113
-12 -21 -10 -22 -57859
8 24 7 23 -51329
-23 15 -22 16 -59365
-19 23 -20 21 -55745
-10 -23 -12 -24 -62671
-23 5 -22 1 -63587
9 -16 11 -17 -59037
-12 -10 -23 -9 -62987
23 16 24 17 -48931
2 -23 1 -23 -45473
-12 23 -13 22 -58173
24 -23 23 -23 -51123
-3 -23 -3 -20 -53125
-4 3 -4 0 -62465
-19 -24 4 -23 -72931
-10 23 -9 24 -55741
-17 -13 -16 -11 -53891
0 -12 -3 -12 -66399
20 -24 21 -23 -45283
-13 -4 -14 -5 -63641
-18 3 -18 1 -68079
4 24 4 23 -63187
1 11 0 11 -52127
0 23 -1 24 -52403
-24 -23 -7 -22 -66543
3 -2 0 -6 -68723
15 24 17 23 -50131
22 -3 22 5 -61921
14 -13 14 -12 -60739
7 12 7 11 -53011
-19 21 -22 20 -63077
-13 0 -13 -1 -63583
-7 3 -9 5 -70503
-23 -13 -24 -13 -53269
16 -23 16 -24 -49999
-10 24 0 24 -54033
-5 11 -7 7 -59263
-14 -16 -15 -18 -55949
24 -16 23 -14 -46503
-20 7 -21 7 -55851
19 24 21 23 -60749
-19 -11 -20 -12 -58845
-12 -16 -4 -14 -73995
-24 -22 -24 -21 -48503
-17 5 -16 4 -61215
-12 -13 -12 -14 -46435
23 13 24 14 -52033
4 23 6 23 -51807
-7 23 -6 24 -52431
14 20 14 17 -65797
14 -16 13 -14 -59631
-2 -18 -2 -17 -52637
3 8 8 -12 -74211
1 16 0 18 -42869
-24 17 -23 15 -55175
17 18 18 15 -60269
-19 -19 -18 -24 -68057
-13 -13 -19 5 -77795
21 -1 21 -19 -78803
2 -1 -3 -3 -77311
-20 -6 -19 -7 -50423
-11 18 -10 17 -53729
14 9 16 8 -64945
-3 -4 -3 8 -75903
-1 -9 -1 -10 -51515
-13 -21 -14 -21 -61825
1 -23 1 -22 -49971
-11 -16 -12 -15 -61737
-5 9 -7 10 -62551
15 -19 14 -20 -67961
23 5 24 6 -51421
24 -10 24 -9 -51151
-22 15 -22 14 -49555
16 -11 15 -8 -66859
-4 -6 -1 -6 -78525
-24 -10 -23 -14 -45647
-24 20 -24 19 -50953
-11 1 -11 0 -71417
9 -20 -23 -21 -71939
-20 -3 -21 -6 -67945
24 9 23 11 -48581
-24 6 -24 4 -57879
-5 -11 -6 -9 -58349
-24 16 -23 15 -55403
8 8 7 9 -56483
12 -1 13 -4 -50945
12 11 11 6 -64625
7 20 7 19 -51849
-12 -6 -12 -5 -56967
24 -19 23 -19 -51217
3 24 3 23 -66351
-6 18 -5 19 -65839
-2 -23 -3 -24 -40049
6 -2 19 -4 -77087
19 -21 17 -19 -56833
24 9 23 8 -48737
14 -8 11 -7 -62503
-24 -7 -24 -5 -55887
3 22 5 24 -60317
-19 1 -21 0 -54609
-18 4 -18 3 -69063
-24 -5 -24 -4 -56411
-24 24 -24 23 -43907
24 -24 -24 -11 -57615
8 -5 8 -1 -57129
-17 -9 -17 -7 -53171
-24 -6 -23 -5 -67713
22 -3 20 -4 -58873
