-1 -2 -1 7 -121746
-1 -14 3 -3 -115744
-10 12 -10 21 -105906
-4 15 3 23 -96438
11 -13 6 -1 -116608
-16 -14 -3 -19 -97012
8 -2 4 2 -111388
8 -11 5 -15 -79458
-8 -6 -17 -5 -104078
6 -12 8 -10 -83612
-17 9 -1 7 -132636
6 3 6 5 -91082
-6 -7 -5 5 -114360
-23 22 -15 20 -58892
7 14 5 8 -97052
24 0 1 -12 -116362
-21 0 -12 1 -104018
-20 7 -17 18 -89298
6 -6 -5 -8 -111486
13 5 24 -7 -103880
-7 -3 -18 -10 -106684
-14 13 -22 11 -83998
-2 16 7 10 -121838
3 -10 -24 -2 -118330
12 0 19 -3 -104082
21 0 19 6 -80778
-12 14 -13 6 -124330
-12 -4 -3 -5 -121122
16 0 17 18 -120434
-9 -4 -10 -2 -90636
1 -12 2 -12 -80626
8 0 22 3 -124288
18 -4 17 -6 -74304
17 -16 10 6 -121930
8 9 24 4 -119322
-16 13 -13 18 -89020
-11 13 -10 7 -114360
-1 10 24 17 -103278
-1 -18 -12 -15 -94068
-7 4 -3 5 -114774
12 14 16 21 -86522
-14 -8 -15 2 -81408
20 -19 9 0 -110694
-24 -11 -11 -7 -80140
21 0 17 13 -113008
-23 -9 -17 -13 -48150
7 -24 -19 -24 -57578
-24 8 -3 5 -112182
-1 6 -5 6 -120568
8 1 5 3 -108806
4 -4 3 9 -122178
-7 1 -3 2 -111436
-6 13 -24 17 -104740
-10 3 24 -8 -124218
14 5 -11 -21 -120642
-9 0 22 24 -111442
13 15 5 20 -99626
-11 8 -11 20 -119778
8 -22 0 -2 -116916
13 -3 19 -17 -86026
-16 9 -19 12 -80392
4 15 1 10 -99442
13 5 15 18 -110124
10 5 24 0 -118780
21 15 -2 1 -129356
13 -13 -2 -24 -79064
8 -13 -22 -18 -106194
7 9 14 6 -118350
12 7 22 1 -120976
10 19 23 13 -95810
-1 -6 -5 -6 -101294
2 2 22 21 -115002
-11 -8 -6 -6 -95902
-5 -6 -1 -12 -107402
15 10 11 -2 -116784
10 -7 6 -11 -94764
-2 16 -3 21 -82302
5 -18 5 -4 -111432
14 1 14 17 -125974
-11 21 12 20 -120740
17 -20 7 -18 -56322
14 18 -7 19 -122498
6 -18 3 -7 -103172
7 23 3 14 -80860
13 23 15 2 -110232
2 -7 6 1 -119318
-4 23 -4 21 -29068
0 15 -7 15 -111130
4 -2 6 -1 -106922
7 -2 8 6 -102482
-1 -8 -9 -7 -115110
-18 6 -17 -1 -99526
22 11 -15 17 -121354
-12 -16 -8 -24 -35948
-13 0 -17 6 -101982
-21 -8 -21 9 -97802
-12 5 -10 7 -101936
13 -5 11 -8 -77968
-24 -7 -17 21 -106914
23 -3 8 -5 -115102
-18 11 -20 4 -102400
-2 -8 -24 -6 -111120
14 -6 18 1 -97224
-3 -6 1 2 -113316
16 -19 24 12 -89274
9 7 9 9 -84604
-7 0 -1 -1 -117892
-17 -4 -23 -14 -65668
24 4 23 18 -67260
-13 -3 -1 2 -134572
-14 -23 -19 -13 -41114
10 -8 -2 -11 -115926
6 -11 13 -10 -95752
1 14 8 22 -98486
-11 18 -21 20 -85910
-14 9 -10 11 -111026
5 -1 2 3 -103648
7 -20 11 0 -110702
2 5 4 12 -108044
0 23 10 21 -85048
-12 1 -10 -15 -116254
14 -19 -14 8 -120906
-18 -17 1 -13 -112430
-12 -19 -24 2 -108176
-5 3 -5 1 -100320
0 -21 10 -8 -102906
14 2 7 8 -124552
5 20 0 23 -71006
1 -9 0 -18 -90684
15 -5 13 17 -119498
-8 -4 -13 0 -103196
-9 -9 -6 -22 -89456
18 -8 16 12 -110634
-6 -3 -5 -16 -117390
-11 -20 -1 -8 -118530
10 -23 2 1 -112092
5 -15 16 -13 -88882
-1 15 -3 11 -107804
4 11 8 1 -126846
-10 11 -21 21 -107288
-8 4 -9 0 -93576
-4 14 -10 18 -109654
-12 -14 -3 -10 -104342
-3 -23 -2 17 -115916
-11 -3 -14 6 -108924
-4 5 -4 3 -106272
5 -3 18 -15 -120184
17 19 2 18 -106954
4 17 -11 17 -125270
0 22 23 18 -97464
-6 1 -16 1 -113456
18 22 17 8 -87880
-6 -7 17 -18 -114294
-9 -5 -10 -2 -88436
0 -9 -2 -7 -91132
0 5 2 5 -113824
0 -4 3 -12 -113952
-16 2 -18 -2 -92496
-1 4 2 6 -105244
0 12 1 9 -100608
-12 -20 -7 -9 -93308
8 -8 9 -9 -81134
17 0 3 18 -142912
10 -4 4 -9 -113580
12 6 5 2 -110544
18 21 12 11 -99678
1 -13 2 -7 -96778
-3 20 -14 23 -106052
23 0 24 9 -70430
-1 -23 2 6 -115146
-14 5 -14 15 -119838
15 -24 4 -4 -89760
-7 19 -7 18 -69862
-8 -20 3 -13 -93446
-12 -19 -11 5 -120810
-13 5 7 7 -135278
8 19 23 -12 -121088
-21 3 -13 7 -107708
-23 -5 -12 0 -100802
3 -23 -3 1 -112460
13 13 12 16 -75108
24 -12 -4 -7 -114612
8 -23 21 -8 -67626
-21 -11 12 -11 -115532
-2 19 -10 13 -126618
-22 -17 -10 12 -117820
-23 -7 -21 15 -101712
-8 9 -14 13 -120076
9 14 22 22 -82374
10 -15 13 5 -116386
1 -13 0 -6 -103554
-21 -7 -14 6 -116964
-4 7 4 7 -129998
20 10 22 -2 -103894
18 12 16 13 -72354
6 -10 -2 -11 -102984
4 -5 10 -2 -118072
11 14 16 8 -111868
-8 20 -10 18 -77672
-2 12 -4 9 -110512
-2 8 -23 -18 -116780
-5 0 -9 -2 -117658
-11 -4 -8 2 -104272
-24 21 -1 8 -107310
-7 4 -12 8 -117894
-24 6 -12 0 -103248
11 -1 11 3 -72882
11 23 -14 9 -117986
-4 -2 -6 -10 -112754
-9 7 -11 8 -104902
-11 7 -5 20 -140412
-20 4 -21 6 -72694
-10 -18 -13 -3 -113142
12 6 24 -16 -109070
2 4 -1 10 -120366
7 -7 -7 -19 -117868
12 14 3 8 -116534
-3 23 1 21 -61086
-2 -17 -9 -17 -78044
-1 14 -11 23 -117580
7 -5 5 1 -99744
-5 15 10 16 -123270
13 7 4 10 -120438
0 19 3 9 -113018
-7 1 -11 -5 -110162
8 0 14 -2 -94978
-7 0 -23 -15 -113174
-16 4 -21 23 -94930
-6 13 -7 5 -122750
-9 -10 -7 -14 -85344
-10 -15 -14 -15 -64452
24 -2 24 7 -64080
-10 1 7 16 -139222
-20 3 -22 12 -88756
-21 -4 -22 -6 -39638
5 -10 6 -15 -79268
-8 4 -8 11 -120274
19 -4 -4 -23 -103874
11 0 21 8 -123434
-17 -13 -5 -15 -99026
-6 -11 10 -20 -95732
-10 13 -11 20 -100916
16 14 19 24 -55662
-13 11 -13 9 -100314
15 18 -19 22 -108382
16 12 7 8 -105000
-4 20 -3 11 -107898
0 -6 -4 2 -116802
16 -7 24 0 -72648
7 0 18 -3 -117136
12 9 -23 -7 -121164
3 5 0 5 -114448
6 1 -5 16 -144568
3 -1 -2 3 -120998
9 9 15 7 -111708
-15 22 -23 16 -68270
12 16 18 5 -125128
3 4 0 6 -113622
24 20 8 3 -106574
1 8 1 3 -107846
-1 -12 0 -11 -81062
-6 24 -19 17 -93386
9 -1 13 10 -117342
9 22 24 9 -105630
23 -12 -4 -10 -115390
23 -2 19 11 -104752
-9 -14 -9 -15 -59466
-14 24 -10 -2 -113616
-3 -3 -6 -18 -120214
-10 -13 -1 -7 -118896
-7 2 -6 9 -120136
-4 2 -2 6 -110356
-21 13 -15 18 -82338
13 -13 23 -20 -38896
-16 9 -9 7 -120160
-2 13 -1 13 -94102
0 -19 -5 -23 -40480
-7 -5 -6 -3 -101478
20 -4 21 11 -99194
-8 9 -1 18 -141314
15 -21 6 -12 -64544
-11 4 -8 4 -104270
-11 5 -5 23 -136902
-1 12 -6 17 -106070
-4 3 -2 -2 -125080
-7 -18 8 -15 -96280
-11 -16 -21 0 -115914
17 18 -14 19 -125166
-4 -7 -6 -9 -101722
-1 4 -2 23 -121662
-5 19 -17 23 -101244
11 3 10 -9 -103344
15 0 22 8 -94792
-3 3 0 0 -121628
18 -2 8 -8 -115032
-16 4 -22 6 -80512
21 1 14 -9 -106208
-11 -6 -3 -10 -115358
18 3 9 1 -113498
-10 0 -24 -11 -105108
19 -16 17 3 -89534
-7 5 -5 7 -108968
6 10 9 8 -104482
-18 10 -17 -1 -113956
3 -6 4 5 -111978
-23 23 -14 21 -58330
2 -11 0 -16 -82084
-7 5 -13 14 -130576
-3 7 -4 9 -106130
5 1 -4 7 -142012
13 -10 22 -13 -69946
17 6 17 9 -75954
-13 -22 -2 -11 -97522
5 1 8 3 -109360
5 -13 -5 -13 -98498
6 4 10 10 -105408
-9 -3 -2 -11 -123968
0 22 3 13 -95020
5 8 -2 10 -118332
1 17 -15 -21 -123304
-10 -4 -17 -4 -93996
-2 -14 16 -11 -113296
3 11 6 7 -108792
-8 17 -10 17 -92214
12 0 17 -6 -93412
6 -13 7 -14 -66600
-5 -11 -6 -8 -90440
5 13 8 6 -113530
4 21 23 13 -112486
16 9 13 10 -95260
10 -17 8 2 -117248
-4 15 -13 13 -120424
-5 5 -3 11 -118262
12 5 6 24 -111958
4 20 12 21 -77040
0 0 4 -4 -108092
5 -8 24 -9 -108020
-8 2 -9 8 -107372
-2 11 -2 8 -102778
9 19 16 11 -106036
9 12 5 13 -96092
1 -8 4 -3 -99164
-14 23 6 13 -119004
-4 9 -2 9 -107912
3 24 -2 2 -117954
17 -8 -10 -14 -114918
4 12 14 16 -106292
-11 10 -14 10 -108138
-23 3 -18 -9 -74300
5 21 -8 19 -104302
-11 11 -15 5 -116280
2 -1 2 7 -114422
-15 11 -12 8 -105526
18 15 7 21 -99328
-2 -3 4 -1 -111284
7 -6 24 -11 -104858
-8 7 -18 -20 -120944
11 12 18 24 -92300
-1 -13 2 -16 -71274
-23 -12 -23 -4 -46996
19 14 -7 24 -112996
10 7 15 3 -114578
13 4 17 8 -99352
22 6 -23 -3 -122624
-7 -2 0 -6 -121728
-3 -9 -1 -22 -79202
14 1 -3 17 -144026
7 -6 11 -2 -100982
-22 0 -17 -2 -68078
-1 -22 -12 -11 -94796
2 -10 0 -9 -87300
-10 16 -16 21 -89242
17 -5 6 -12 -114326
-2 9 -1 15 -108532
-13 15 -11 16 -91220
-2 23 -21 2 -126650
-10 3 -8 11 -125150
-21 15 -12 14 -92484
-10 -21 -11 12 -118610
-11 -5 -11 8 -115126
-22 -20 -1 -8 -102960
-10 22 -8 11 -111940
-5 15 -4 16 -100604
-13 -7 -11 -17 -92424
8 -6 12 8 -118334
-19 11 -21 6 -87838
-19 14 -19 3 -107024
-11 14 -15 5 -128740
-7 14 -4 13 -98302
-4 22 -7 23 -70002
23 6 -24 -3 -117084
4 3 -5 1 -126158
5 15 0 17 -95296
-16 10 -20 7 -85580
24 -13 10 10 -122474
-10 6 -9 14 -123670
-16 4 19 2 -127966
-14 0 -14 7 -98270
-20 -3 -19 -18 -80728
-5 0 0 6 -119556
15 18 19 3 -121274
-15 -11 -17 -7 -65352
16 -19 11 -16 -48618
-10 -13 -12 7 -121036
-23 22 -8 6 -112082
-17 -6 -5 -17 -114818
-18 -17 10 -11 -119706
4 13 -6 14 -117496
-2 2 -1 0 -113314
-8 9 -5 10 -102840
0 20 -8 7 -146726
-6 15 3 19 -113288
-19 -2 -17 3 -95080
23 -3 19 -1 -37400
-13 -19 -23 8 -109512
7 12 7 14 -77954
-19 17 1 22 -108238
-18 -4 -18 8 -115496
-2 -4 -6 2 -125894
-6 -3 -4 -1 -106968
-21 22 -24 18 -26852
-23 -23 -9 -10 -59068
-22 7 -22 2 -81118
6 18 0 13 -105358
-5 -7 -6 -4 -88424
-11 2 -6 0 -115526
15 24 -1 -8 -119390
-23 15 -19 0 -97532
7 11 11 3 -121522
13 15 17 21 -80956
-1 14 -24 7 -114626
-12 8 -16 8 -98398
-14 21 -13 6 -117958
3 -5 -1 -2 -104438
4 -1 8 1 -114730
-5 17 -14 23 -105920
-9 -9 -19 -18 -90750
9 11 9 16 -81386
20 16 23 7 -68554
-19 8 -23 2 -86342
-9 -12 -5 -4 -112614
0 12 4 24 -95288
-13 8 -23 0 -118312
-18 -17 -19 -2 -89710
-3 10 -5 23 -113222
18 -2 17 -5 -74324
12 -17 10 18 -114502
-7 3 -6 1 -110398
13 -15 19 -2 -93714
-14 -8 -9 -11 -82478
23 -10 11 -14 -75562
-1 -4 0 -1 -93392
-21 -7 -19 12 -116268
8 -8 8 24 -107836
9 -10 3 -8 -101908
-11 -5 -4 -22 -113108
5 -3 4 -4 -102708
24 -16 -9 7 -119342
23 -10 18 -9 -37494
12 1 21 17 -121350
-16 19 -12 20 -77464
23 0 -21 11 -117272
17 23 19 14 -55450
-21 14 -24 18 -30558
-5 21 -10 24 -75618
13 3 19 11 -112458
2 5 -3 6 -126776
0 7 1 -23 -114694
22 3 14 7 -100456
4 -1 7 -10 -114282
-21 6 -22 0 -84414
5 -4 10 -9 -107690
-18 -2 -17 -3 -66872
-17 -18 10 -6 -121134
0 6 -3 6 -117510
-10 6 -6 3 -113774
0 9 0 11 -97540
-23 -17 -2 -16 -90310
5 -10 17 -9 -109666
-13 19 14 20 -125834
2 -2 21 -16 -121012
7 9 0 23 -119764
-14 -14 22 4 -120694
8 2 24 12 -116258
3 -1 2 -1 -98792
-11 19 -13 13 -95036
6 -14 13 -2 -117566
18 -15 14 12 -116594
-6 -10 -5 -7 -95936
-11 12 -10 12 -100740
14 4 8 12 -129054
-6 19 -15 3 -140240
-2 2 -15 19 -138166
-1 -5 4 1 -118026
2 -20 6 1 -122712
24 7 -5 2 -122224
15 5 12 8 -106650
-21 22 -21 -3 -101938
20 20 21 7 -80176
-11 18 -15 18 -87796
9 11 1 8 -111270
22 9 15 -15 -106672
-7 -7 -23 1 -115672
14 16 2 19 -114586
-2 15 0 22 -85504
-23 3 -20 19 -96042
7 -20 -23 -10 -97140
-23 0 -20 24 -93724
20 -2 14 -3 -92408
-15 -8 -16 -14 -66026
-16 -12 -4 24 -117712
-6 -12 -11 -20 -79756
