17 -13 15 -10 -62350
-21 8 -24 14 -60020
15 17 13 15 -76186
4 -16 4 -15 -55456
22 13 21 7 -77548
-5 -16 -6 -16 -72518
0 9 -1 10 -79402
-19 -9 -21 -9 -55640
-23 -3 12 14 -94866
-15 20 -13 16 -79734
-22 -7 -22 -18 -65704
-1 6 16 1 -92434
14 -23 15 -21 -52500
-23 22 -15 20 -73474
22 7 22 8 -63238
8 -21 14 -20 -55578
-14 -9 -14 -7 -55170
-18 -16 -15 -16 -77056
16 -10 18 -6 -64798
11 -14 12 -16 -58362
-10 -12 -11 -18 -67170
-7 -20 -13 -24 -58188
0 10 -2 8 -81730
2 2 -9 18 -122110
-9 17 -6 19 -75322
3 7 3 8 -82168
-18 14 -18 21 -74300
-18 14 -14 11 -72830
24 17 18 14 -73554
-9 -4 -10 -2 -64868
1 -12 2 -12 -68430
5 7 4 12 -85116
18 -4 17 -6 -59830
-19 3 -23 2 -62552
14 19 8 18 -68242
-8 5 -7 1 -85666
3 12 2 11 -69356
20 -1 24 5 -75166
-9 11 -9 17 -78484
-15 -24 -13 -23 -58444
-11 6 -12 7 -71688
5 3 8 3 -78852
14 9 12 8 -61694
-6 23 -2 19 -69580
8 0 8 -3 -72450
-15 -19 -18 -19 -73994
7 -24 -19 -24 -67496
-3 -3 -6 0 -76334
15 -21 17 -16 -72452
15 -24 19 -20 -64260
23 -2 24 0 -59872
-22 4 16 7 -97566
22 -8 24 -19 -61674
14 -1 13 0 -76578
-10 -24 -13 -24 -61528
5 -14 5 -9 -59506
21 7 23 7 -59488
-5 -13 -4 -13 -68292
-9 -19 -15 -24 -68782
-4 -24 -6 -14 -80960
-14 -24 -22 -19 -66074
-20 -12 -23 -8 -59688
-1 -22 -8 -23 -62778
8 -19 7 -24 -73928
-14 23 -14 21 -55638
23 -15 22 -13 -50910
-15 -3 -16 12 -75758
13 -1 13 -2 -74844
14 -13 16 -13 -54684
-1 -6 1 -2 -71104
-1 -6 -5 -6 -69144
2 17 5 14 -81154
17 -15 18 -16 -60790
3 0 -11 5 -121452
-22 -9 -17 -11 -62100
0 -10 -1 -7 -58934
-2 16 -3 21 -67364
3 -15 -1 -18 -74628
-7 5 -9 6 -86964
24 -5 17 -7 -70446
6 -20 8 -18 -62440
8 0 10 -4 -80546
-4 -18 -4 -11 -65144
18 -7 17 -6 -64666
22 -14 18 -12 -71892
-16 17 -17 17 -64868
-4 23 -4 21 -59764
-23 22 -24 17 -58864
15 8 15 5 -61788
0 5 1 6 -79334
10 10 13 9 -63762
13 -5 5 -10 -82196
-15 -18 -19 -24 -61196
-9 11 -4 13 -75946
9 6 9 4 -63788
-23 -9 -24 -8 -42948
-13 -13 -8 -10 -68134
0 5 -3 17 -110842
12 13 14 17 -81592
-5 -7 -5 -9 -63978
6 -21 5 -24 -60112
7 15 8 16 -59188
10 21 8 19 -72538
1 -18 3 -22 -73568
22 -3 23 -2 -66384
9 7 9 9 -60444
-23 -4 -23 -1 -36150
8 6 1 3 -98948
-10 -5 -10 -6 -63862
12 -16 -23 24 -92666
24 3 21 5 -62464
-19 8 7 8 -104730
-4 -23 -4 -20 -58368
1 -2 -1 -2 -67468
24 0 0 -7 -83738
-14 -23 -14 -16 -60194
-2 -24 1 -23 -54644
-9 11 -6 17 -85764
5 -21 0 -24 -72556
-8 -13 -6 -10 -68316
1 -13 -1 -16 -67214
18 16 20 14 -74532
-16 -17 -18 -19 -73260
23 24 20 21 -66026
-5 3 -5 1 -71402
-21 4 -22 3 -61310
-6 -19 -7 -18 -73106
1 -22 5 -20 -77008
9 -22 13 -22 -49460
6 -15 7 -18 -65290
20 -3 22 1 -78408
18 -19 24 -22 -45536
-6 -19 -4 -16 -70638
-19 -24 -21 -16 -58802
10 13 10 11 -60690
-24 17 -23 11 -65818
-16 24 -21 24 -71798
-1 15 -3 11 -82132
2 -14 -18 -22 -83120
-16 18 -24 17 -66118
-8 4 -9 0 -73698
17 -2 13 -4 -67980
18 12 24 17 -78012
0 -16 -2 -21 -72936
12 -8 14 -6 -69606
-10 3 -9 -3 -76594
-11 22 -14 23 -76540
7 -2 6 -5 -60880
-16 8 -16 13 -78206
21 6 24 11 -68490
-21 -8 -23 -20 -57982
12 24 7 24 -53178
19 15 15 18 -71394
11 24 12 20 -68446
-18 -23 -24 -17 -66012
0 5 2 5 -77790
10 24 11 18 -78742
-24 -10 -24 -14 -47906
10 0 10 1 -82790
-21 11 -23 9 -46978
-12 -8 -19 -9 -64522
-5 22 -4 24 -55772
2 1 1 -1 -68036
-1 -3 1 -5 -56164
-12 0 -11 0 -59830
-4 11 -2 8 -89724
-12 1 -11 0 -68300
-4 1 -2 1 -76588
23 0 24 -8 -50898
-18 24 3 -5 -109926
-14 -15 -13 -17 -63518
5 10 6 -7 -85786
-7 19 -7 18 -65438
-14 16 -7 17 -70316
17 12 17 14 -74148
-10 7 2 2 -123006
-24 4 20 22 -85230
17 0 17 1 -71638
-14 -4 -14 0 -61072
19 -4 22 -3 -73060
13 13 12 16 -62064
0 -22 1 -24 -50082
23 17 23 12 -75102
14 24 12 20 -62472
-8 22 -6 24 -59320
24 8 22 8 -48800
17 -16 15 -24 -76948
-18 -21 -14 -24 -63786
10 21 11 22 -65128
-16 23 -18 20 -69570
-16 3 -17 2 -62978
-20 18 -21 11 -85516
-3 9 -5 6 -69058
-7 -7 -7 -5 -65538
-24 -13 -24 -6 -56192
10 3 11 1 -73472
-24 -21 -2 -17 -64286
4 24 3 21 -66784
-2 20 0 1 -106690
17 2 20 0 -69670
-17 6 -17 10 -58772
-15 -15 -17 -14 -71104
19 22 21 19 -68602
-18 14 -20 14 -68118
17 -12 20 -11 -66158
22 -3 24 -13 -65678
-10 2 -10 18 -90114
-11 -21 -3 -22 -72684
0 0 0 2 -64258
-9 7 -11 8 -77450
17 24 24 22 -79462
-20 23 -18 23 -69708
-8 -21 -6 -21 -65836
16 8 15 9 -59444
-9 24 -15 24 -73528
-15 -1 -14 0 -66036
22 -9 23 -23 -65534
-3 23 1 21 -59138
-1 3 9 10 -107916
-23 20 -24 13 -68662
-8 -13 -13 -10 -72020
1 7 -2 7 -81814
0 -14 4 -16 -72122
-12 -8 -13 -5 -67884
7 -9 16 -17 -73450
10 24 11 23 -54740
-16 -21 -13 -23 -69714
-16 -16 -17 -21 -70718
-23 -13 -18 -7 -63908
20 24 23 21 -60436
-18 6 -15 4 -60272
20 -11 18 -18 -58834
-13 12 -12 13 -64270
13 6 11 6 -66882
12 2 13 2 -66372
-5 23 2 1 -113576
19 22 -4 17 -81338
9 21 4 19 -72326
-12 22 -8 24 -63124
-11 -18 -10 -19 -57644
4 10 2 1 -99678
-10 13 -11 20 -76652
16 14 19 24 -72244
-13 11 -13 9 -74320
-4 -11 -2 -12 -66180
-9 8 -10 7 -65546
-1 23 -24 -15 -80376
-19 10 -17 8 -66350
14 -6 15 -9 -58378
4 -3 -1 -6 -70802
13 -2 16 -3 -64052
17 -6 16 -4 -61434
3 7 -2 20 -106098
4 -8 6 -7 -65062
-8 23 -4 24 -60282
19 7 17 4 -65562
13 -14 10 -19 -59078
0 13 0 14 -73652
24 -1 21 3 -62512
-18 -10 -17 -13 -54806
-1 -12 0 -11 -67226
21 2 0 -15 -89630
-12 -8 -16 -8 -65138
24 22 21 20 -65840
3 -11 3 -10 -54398
0 8 3 10 -85372
-9 -14 -9 -15 -60178
3 -24 1 -20 -67248
-21 11 -21 12 -68362
-17 -11 -18 -15 -61216
10 -14 15 7 -84536
20 24 -7 24 -70214
-16 -21 -12 -23 -72352
7 -24 15 -23 -48756
-20 2 -24 0 -55998
-2 13 -1 13 -71150
0 -19 -5 -23 -71642
-7 -5 -6 -3 -66150
-4 19 2 19 -61964
0 -22 3 -20 -76698
18 14 17 11 -78790
-11 4 -8 4 -74754
-24 22 -20 -9 -72890
0 -23 -3 -23 -54908
21 2 21 4 -66542
-23 1 -23 4 -58754
-3 -7 -6 -4 -69866
-1 14 -4 19 -73218
15 -18 22 -24 -62380
-6 -11 -5 -12 -70304
-21 -3 -24 0 -48074
-9 -12 -8 -9 -65608
9 -15 8 -13 -66344
13 -3 12 1 -88294
2 1 1 1 -71488
-12 15 -11 18 -69590
24 0 21 -1 -62382
-3 8 -2 7 -91968
20 -24 22 -18 -57888
24 22 21 17 -64392
6 1 6 2 -74384
-23 -17 -19 -20 -62870
20 -1 15 -1 -67512
-20 6 -21 5 -58314
1 21 3 22 -53212
-10 -24 -14 -23 -65000
10 3 9 0 -84048
8 3 8 -1 -86522
21 -9 20 -8 -67294
-12 23 -11 17 -84598
10 -1 13 4 -79588
17 6 17 9 -61624
-14 14 -11 12 -76098
-10 5 9 0 -104530
0 21 0 22 -66206
6 20 4 23 -79122
4 -10 2 -13 -66108
12 -17 12 -10 -66044
6 23 4 19 -73324
-19 -20 -24 -15 -63656
-19 16 -19 23 -71008
-24 -5 -21 -2 -44676
16 -22 21 -22 -69180
-17 22 8 2 -115018
-15 0 -16 -2 -70638
6 -13 7 -14 -65036
-5 -11 -6 -8 -68124
12 11 16 17 -91822
10 -8 13 -6 -72882
12 21 16 21 -63252
23 14 19 15 -66088
18 -1 19 1 -75612
18 19 15 19 -63118
2 11 3 11 -64864
8 0 10 0 -65290
-7 0 -7 -2 -61506
11 -5 8 -3 -69784
21 24 19 24 -68546
-2 11 -2 8 -77692
-10 0 -11 -24 -70892
24 11 24 4 -64886
-8 3 -7 8 -68598
-14 23 -21 24 -72720
-10 13 -7 9 -79796
5 -22 8 -24 -51626
5 -2 3 -3 -66332
-18 -3 16 1 -101742
20 15 21 12 -72704
10 21 13 15 -62706
-7 13 -8 8 -74150
-15 11 -14 13 -68906
0 -6 -1 -8 -68052
17 13 16 13 -61718
5 17 4 13 -68328
14 -21 17 -21 -51610
3 13 2 19 -80278
20 2 20 1 -70172
-3 3 -2 4 -62822
0 -13 1 -23 -75302
-23 -12 -23 -4 -53210
-16 -10 -12 -13 -71628
15 5 15 4 -58036
24 -16 -13 -19 -70532
4 21 6 20 -71010
11 -9 12 -7 -65988
-11 -9 -7 9 -85170
-23 19 -23 20 -52516
-21 15 -22 13 -72720
-12 22 -17 23 -68252
-14 -6 -14 -7 -61074
2 -10 0 -9 -61842
23 6 23 5 -56230
9 21 6 24 -68288
8 -22 5 -22 -54058
2 4 5 1 -73122
-19 4 -18 6 -59166
4 -10 6 -10 -63122
8 5 6 3 -87606
23 -24 23 -1 -60020
14 -22 24 -22 -69548
-6 -13 -7 -23 -77960
-24 4 -23 3 -39298
-5 15 -4 16 -74252
-2 -3 -2 0 -61126
19 -15 21 -17 -65664
23 21 16 23 -83724
24 -6 24 19 -66248
-21 23 -17 16 -76704
23 -9 24 -6 -47828
-4 22 -7 23 -55120
24 12 -24 -3 -81764
-14 -17 -14 -12 -63748
7 -19 6 -23 -76938
10 -20 -2 -24 -78606
-7 3 -8 1 -70084
11 0 12 -6 -75522
-18 -12 -19 -24 -69346
-12 10 16 10 -97104
1 8 3 5 -80668
-1 13 -5 12 -81038
17 -1 -17 0 -101852
-1 -9 -2 -11 -68090
-13 4 -11 12 -77660
20 20 20 24 -47206
-9 22 -10 19 -77616
24 -10 22 -7 -54788
24 -11 18 -24 -68802
-2 21 -2 20 -65762
-5 -10 -10 -9 -72158
-13 17 -11 8 -90502
21 22 23 23 -64434
14 -10 19 -10 -69682
-19 -13 -17 -11 -64804
23 -3 19 -1 -62468
-17 -19 -13 -14 -76038
7 12 7 14 -67960
3 24 5 20 -72612
6 -23 3 -19 -69930
-12 5 -15 6 -62200
24 13 24 16 -64920
-21 22 -24 18 -53142
-7 5 -2 4 -100146
-22 7 -22 2 -57600
-24 -5 -20 -10 -57370
1 22 2 24 -57138
11 -17 10 -24 -67468
24 15 22 20 -58398
-10 1 -11 0 -58862
22 13 22 18 -74180
-12 19 -13 20 -75666
10 6 2 13 -87634
-10 -10 -14 -13 -63266
20 -10 22 -10 -57034
-22 6 8 23 -88580
22 12 17 10 -70690
-13 24 -10 23 -70310
0 24 -6 21 -64008
9 -9 6 -8 -64166
23 -15 -20 -13 -73646
6 -20 8 -24 -60736
24 15 24 24 -52560
-6 -7 -8 -11 -70686
-16 23 -17 22 -60964
24 -15 21 -24 -59158
24 8 21 12 -56678
21 -17 21 -23 -60892
23 -15 15 -15 -72860
-7 -21 -8 -20 -69526
5 8 5 11 -77140
-21 2 -20 -1 -57366
21 22 18 21 -75780
-1 -4 0 -1 -68840
-7 -20 -7 -23 -51406
2 4 2 7 -83212
24 -4 23 -15 -57270
-2 -12 -1 -16 -58492
5 13 4 18 -79842
15 -22 15 -18 -60654
21 9 21 12 -67542
0 -15 3 -15 -73896
-14 17 -9 12 -85286
-24 -7 -20 -4 -48790
17 23 19 14 -74030
-21 14 -24 18 -52110
11 23 2 21 -73792
15 6 18 6 -62026
-4 0 -8 0 -82140
-16 23 -20 19 -76048
-21 11 -21 14 -78244
10 20 10 19 -65388
15 -24 22 -22 -69388
-10 -8 -7 -10 -69250
-18 24 22 -3 -96986
11 -7 6 -14 -70618
1 5 2 1 -74796
20 -15 21 -23 -66096
-11 10 -4 6 -97950
5 13 -23 12 -91270
14 -11 14 -10 -54502
3 7 -16 14 -108880
-2 -20 -4 -19 -59690
-21 15 -19 11 -76202
8 -8 12 -12 -64368
-21 22 3 23 -76192
-3 -19 -2 -22 -66812
24 4 24 1 -53844
6 5 7 4 -68636
-24 11 -21 18 -77990
-20 10 21 3 -96232
-20 12 -18 12 -63954
9 18 10 24 -78616
-16 21 11 8 -108906
15 24 16 23 -47838
7 10 6 9 -63464
-9 5 -7 2 -90426
-24 2 -24 0 -48962
-18 -19 -21 -14 -69462
-11 23 -11 17 -85348
-19 2 -22 4 -62248
-15 -3 -16 -7 -57154
24 22 -19 24 -73204
-11 23 -12 20 -69806
15 -12 14 -15 -58420
3 15 2 12 -71900
-24 14 -23 -2 -63178
19 24 15 20 -60762
14 23 13 23 -54074
-18 -24 -14 -20 -61834
19 -2 20 -6 -60270
-19 0 -19 -3 -52358
14 9 16 13 -71136
7 -17 8 -21 -66146
