17 -13 15 -10 -62515
-21 8 -24 14 -82023
24 15 20 12 -57129
4 -16 4 -15 -60167
-15 -21 -15 -22 -49389
10 23 11 24 -39001
11 4 8 2 -56813
-8 14 -7 14 -73457
11 12 10 15 -44601
-1 13 -2 12 -61667
0 13 -1 19 -74431
-16 18 -14 19 -68471
14 -23 15 -21 -52107
-21 -12 -23 -12 -56187
-20 16 24 11 -96075
2 -21 3 -20 -66501
15 -8 17 -5 -67395
-24 -15 -19 -14 -59567
16 -10 18 -6 -68501
11 -14 12 -16 -67297
-2 21 -5 24 -72443
-7 -20 -13 -24 -56723
-23 -6 -21 -5 -63999
-23 13 -23 23 -88653
-24 20 -23 -20 -74159
3 7 3 8 -55853
22 -4 23 8 -67693
3 -18 1 -18 -70063
0 24 -3 24 -49773
-9 -4 -10 -2 -73559
1 -12 2 -12 -76279
21 10 18 7 -56525
-10 7 -12 -6 -90985
6 20 6 21 -60113
22 3 -20 -2 -90747
17 6 18 7 -57229
4 1 4 0 -54423
11 23 11 20 -55613
1 5 0 2 -61519
-15 -24 -13 -23 -54237
-15 10 -13 17 -83733
7 19 10 19 -52163
-20 14 12 8 -100493
-21 4 -18 4 -66191
8 0 8 -3 -59617
-11 17 -12 23 -75275
7 -24 -19 -24 -59661
1 20 -2 24 -75203
15 -21 17 -16 -63973
15 -24 19 -20 -62849
23 -2 24 0 -52471
8 -13 9 -9 -49667
22 -8 24 -19 -63681
8 11 5 9 -55305
-10 -24 -13 -24 -57715
13 6 13 1 -53103
21 7 23 7 -54215
8 0 -9 2 -95999
-9 -19 -15 -24 -65837
4 -1 2 0 -69151
-10 -14 -7 -15 -66211
-20 -12 -23 -8 -77549
-1 -22 -8 -23 -67941
-23 13 -19 17 -90123
-14 23 -14 21 -62469
23 -15 22 -13 -49223
-23 -14 -20 -18 -62251
13 -1 13 -2 -48823
18 22 10 24 -62471
-19 13 -18 14 -87837
-1 5 2 4 -62599
-23 14 -22 21 -96695
17 -15 18 -16 -60411
-9 24 -5 23 -68037
-3 2 0 2 -78163
0 -10 -1 -7 -86895
-12 22 -12 23 -58113
3 -15 -1 -18 -80403
21 -17 19 -18 -53999
24 -5 17 -7 -59875
6 -20 8 -18 -69643
3 -5 7 -11 -84219
-4 19 -4 17 -70647
18 -7 17 -6 -56379
-2 -23 0 -24 -55955
-16 17 -17 17 -68589
-4 23 -4 21 -67201
-23 22 -24 17 -71991
2 -24 3 -19 -67533
10 -2 8 -4 -68187
-3 -16 -2 -17 -67635
-15 -19 -11 -21 -71077
-6 -10 -7 -11 -67431
-2 -16 -2 -14 -67435
-10 15 -12 15 -70999
-23 -9 -24 -8 -56445
-22 -12 -24 -16 -52487
-5 2 -1 1 -81655
-16 7 10 5 -96717
-5 -7 -5 -9 -64817
6 -21 5 -24 -58075
-1 15 -2 16 -69187
-19 10 -18 12 -91379
-5 14 -6 13 -66687
22 -3 23 -2 -64753
-7 6 -9 3 -71845
-23 -4 -23 -1 -61155
14 20 -20 17 -91897
-10 -5 -10 -6 -59213
-20 -2 -20 -3 -67509
24 3 21 5 -53743
-17 18 -18 17 -76727
-4 -23 -4 -20 -57205
1 -2 -1 -2 -75303
-24 -10 -23 -5 -67777
4 10 4 13 -50721
-2 -24 1 -23 -53267
-23 13 -23 11 -84163
-24 1 -22 -9 -74287
-8 -13 -6 -10 -70817
1 -13 -1 -16 -75661
-12 -10 -12 -15 -65267
-16 -17 -18 -19 -68419
23 24 20 21 -67513
-7 3 -6 1 -82417
-21 4 -22 3 -61323
9 -20 15 -24 -53019
22 13 23 12 -52367
9 -22 13 -22 -61873
6 -15 7 -18 -71029
13 15 15 17 -55131
18 -19 24 -22 -48519
-6 -19 -4 -16 -74243
-19 -24 -21 -16 -61153
-12 7 -11 5 -69335
-24 17 -23 11 -82681
-20 8 -20 16 -108075
-19 -11 -21 -13 -70471
-1 15 1 17 -63715
-16 18 -24 17 -74033
12 23 13 24 -46467
-9 15 -9 17 -65759
-5 -12 -7 -11 -66789
0 -16 -2 -21 -79183
19 -4 21 -8 -70007
-9 -7 -9 -6 -58551
-3 -6 15 -9 -92069
7 -2 6 -5 -66903
24 -5 22 0 -54989
9 15 7 16 -58265
-21 -8 -23 -20 -69771
7 -6 6 15 -71795
-15 22 17 15 -96815
-24 3 -21 21 -94213
-18 -23 -24 -17 -60179
0 -6 -1 -13 -79459
22 14 22 9 -42719
-24 -10 -24 -14 -56795
-10 0 -9 7 -79973
-21 11 -23 9 -66657
-15 3 -12 18 -90769
-5 22 -4 24 -54751
2 1 1 -1 -65681
-1 -3 1 -5 -78903
-10 -12 -9 -13 -61563
-16 -11 -12 -6 -64417
-15 -10 -18 -11 -60059
-8 16 -7 9 -69257
23 0 24 -8 -63541
-17 20 -17 19 -69319
-14 -15 -13 -17 -70295
-4 20 -4 19 -75653
-7 19 -7 18 -68967
2 16 2 15 -63375
17 12 17 14 -44467
-15 -24 -19 -24 -45039
-5 -23 -2 -22 -65371
17 0 17 1 -53143
-14 -4 -14 0 -66987
10 3 13 1 -62123
-10 7 -7 4 -87277
0 -22 1 -24 -52503
11 19 9 12 -50807
-19 19 -19 17 -78781
-8 22 -6 24 -62767
24 8 22 8 -45445
-6 9 -7 9 -77843
-18 -21 -14 -24 -59783
-3 0 -9 22 -103263
17 5 -22 1 -95491
20 14 24 20 -71267
3 4 6 -6 -87841
-8 -4 -8 6 -88467
-8 0 -12 0 -69899
-24 -13 -24 -6 -69927
-17 13 -16 20 -87323
-13 -16 -13 -15 -61411
4 24 3 21 -64265
11 14 8 13 -47937
-6 12 -8 7 -70833
-24 -11 18 -22 -70081
-15 -15 -17 -14 -60595
10 4 13 3 -61555
-3 11 -4 11 -69617
17 -12 20 -11 -60959
-2 23 -24 24 -61169
-10 6 -10 8 -71707
-5 12 -7 13 -77771
-14 17 -6 14 -91587
20 19 20 20 -61309
-3 0 -4 19 -92735
-20 23 -18 23 -48935
-8 -21 -6 -21 -57417
-7 8 -7 -21 -80613
-9 24 -15 24 -56461
15 21 19 22 -66191
22 -9 23 -23 -67773
6 -14 7 -15 -75011
-19 -2 -19 -4 -64863
-23 20 -24 13 -88335
17 -5 -16 -8 -89043
-18 10 -17 9 -78469
10 -1 -14 -2 -97415
8 22 -15 22 -82575
0 -14 -2 -12 -70133
10 24 11 23 -51833
-16 -21 -13 -23 -65657
-17 -14 -18 -16 -67875
-7 -20 -3 -18 -72461
20 24 23 21 -43195
0 -1 1 -2 -74257
20 -11 18 -18 -59631
-23 -19 -24 6 -73151
-24 -17 -14 -15 -69167
3 22 2 22 -57185
-24 17 -20 17 -55625
-21 13 -22 5 -86295
-12 3 1 0 -104401
-12 22 -8 24 -62505
-11 -18 -10 -19 -70031
15 20 17 18 -57641
24 22 24 19 -47805
-19 -11 -19 -8 -67105
-21 16 -18 12 -80545
-4 -11 -2 -12 -69145
-9 8 -10 7 -68181
0 3 2 5 -64921
13 -10 12 -10 -49581
-18 1 -17 2 -62857
4 -3 -1 -6 -67967
13 -2 16 -3 -64215
7 -24 8 -20 -65029
-21 -6 -21 -7 -70353
-3 -9 -4 -7 -69659
-8 23 -4 24 -69691
-21 6 1 -2 -102125
13 -14 10 -19 -59869
0 13 0 14 -66459
11 16 10 19 -57183
-18 -10 -17 -13 -66049
-1 -12 0 -11 -70405
-5 24 1 19 -85061
-12 -8 -16 -8 -65601
24 22 21 20 -65337
3 -11 3 -10 -58397
21 9 -16 19 -100153
-9 -14 -9 -15 -59527
3 -24 1 -20 -64629
-21 11 -21 12 -92651
-16 8 -12 6 -68381
-21 8 -20 6 -73169
-14 -7 -13 -8 -65955
18 23 20 23 -61727
7 -24 15 -23 -57695
-20 2 -24 0 -54265
-2 13 -1 13 -66391
-4 14 -3 13 -74361
-7 -5 -6 -3 -72543
13 -18 11 -20 -63301
19 15 18 14 -56177
16 -7 13 -5 -56175
-17 24 -19 21 -56633
19 7 19 8 -46165
0 -23 -3 -23 -63067
21 2 21 4 -55127
-23 1 -23 4 -69581
1 23 4 24 -61509
-14 16 -12 16 -69669
15 -18 22 -24 -62113
-19 14 -17 7 -95243
-21 -3 -24 0 -58983
-9 -12 -8 -9 -65667
9 -15 8 -13 -72509
8 -4 10 -4 -62711
9 -2 5 -1 -83991
-12 15 -11 18 -72287
24 0 21 -1 -51007
-17 -19 -19 -22 -62245
20 -24 22 -18 -61727
-12 24 -12 17 -79895
-21 8 19 24 -87985
-23 -17 -19 -20 -59683
14 -11 17 -8 -62515
-2 0 11 22 -89377
-7 8 -5 7 -89457
-10 -24 -14 -23 -60617
-17 19 -15 13 -80723
-19 -17 -19 -23 -61477
21 -9 20 -8 -67767
-5 5 -5 8 -80149
7 5 10 3 -66933
-9 -1 -10 -2 -67723
-2 0 -2 2 -62799
19 9 16 10 -55747
0 21 0 22 -70365
-23 -9 -21 -13 -72715
4 -10 2 -13 -66239
12 -17 12 -10 -61331
24 24 -7 22 -68621
7 23 8 20 -68543
21 -9 21 -3 -72105
-24 -5 -21 -2 -62785
16 -22 21 -22 -68055
1 -17 0 -22 -75651
24 -2 21 -6 -68407
6 -13 7 -14 -71537
14 24 15 17 -61195
14 10 15 8 -46613
-24 -6 -23 20 -80797
-20 7 -21 4 -65269
23 14 19 15 -64795
18 -1 19 1 -62043
-2 -7 0 -11 -89701
-11 12 -10 16 -71059
-6 17 -8 18 -80349
-7 0 -7 -2 -72583
11 -17 7 -14 -74783
21 24 19 24 -56521
-2 11 -2 8 -60281
-12 -3 -10 -4 -71337
24 11 24 4 -46567
5 14 5 15 -53067
-8 -8 -14 -14 -74327
-10 -15 -11 -20 -66609
5 -22 8 -24 -53013
5 -9 -5 -10 -93813
22 -6 24 -9 -64391
0 23 23 23 -65137
15 9 16 12 -47341
-5 -10 -1 -7 -74353
-15 13 -14 13 -67855
0 -6 -1 -8 -71505
17 13 16 13 -53757
-6 -5 -7 -4 -66949
14 -21 17 -21 -52917
23 13 23 19 -62787
-13 -1 -13 0 -70635
-23 -7 -23 -6 -69685
0 13 5 11 -54761
-5 7 -4 6 -86461
6 -5 5 -10 -58213
15 5 15 4 -49501
-8 19 -11 20 -71657
-7 10 -6 1 -94741
24 21 24 -20 -66623
14 19 16 19 -59385
-23 19 -23 20 -65123
-21 15 -22 13 -90223
17 -13 18 3 -76211
-3 -18 -3 -21 -72931
2 -10 0 -9 -82819
23 6 23 5 -49869
9 21 6 24 -62017
8 -22 5 -22 -54441
10 1 7 3 -74559
21 -13 22 -10 -49551
4 -10 6 -10 -60207
3 -5 3 -3 -71947
23 -24 23 -1 -64967
14 -22 24 -22 -67783
-7 -15 -11 -18 -62417
-24 4 -23 3 -48631
22 15 23 15 -58361
10 -20 13 -20 -62255
19 -15 21 -17 -60089
5 1 -21 -1 -96507
24 -6 24 19 -60587
12 3 -1 9 -82115
23 -9 24 -6 -55261
-4 22 -7 23 -73787
-19 5 -20 6 -76271
-20 20 -17 17 -75345
15 5 18 6 -58033
-14 -10 -13 -13 -64409
-7 3 -8 1 -66863
-3 5 0 6 -64579
3 6 5 5 -54891
11 24 12 24 -48179
-24 10 -23 5 -59517
-1 -15 -1 -14 -65889
-24 15 -22 12 -72363
-1 13 -22 21 -91231
-14 1 -14 0 -67025
20 20 20 24 -49521
-3 0 -5 0 -70009
24 -10 22 -7 -61969
-19 8 -24 7 -58121
-2 21 -2 20 -75459
1 -4 1 -2 -69227
-17 5 -15 2 -67887
21 22 23 23 -61995
-17 9 -19 8 -73007
-19 -13 -17 -11 -67783
-16 -7 -14 -6 -57131
-8 8 -7 7 -85843
-14 -19 -15 -17 -66289
3 24 5 20 -62343
6 -23 3 -19 -67761
-22 -15 -21 -18 -56831
24 13 24 16 -47695
-21 22 -24 18 -62017
-2 -5 1 -5 -76399
-22 7 -22 2 -71683
-24 -5 -20 -10 -77873
1 22 2 24 -58869
11 -17 10 -24 -64117
24 15 22 20 -63721
-10 1 -11 0 -67485
0 16 1 19 -63595
-8 2 -5 -6 -91591
-1 0 -1 -1 -63111
-10 22 2 20 -90265
20 -10 22 -10 -52729
-10 -21 -10 -22 -54677
-2 11 -2 13 -62505
-13 24 -10 23 -52709
5 24 0 21 -69407
-18 -5 -16 -7 -64665
9 10 8 5 -52013
6 -20 8 -24 -62067
10 -12 -8 -13 -88571
21 -14 16 -12 -67703
-16 23 -17 22 -58209
24 -15 21 -24 -62655
19 -6 21 -3 -66283
21 -17 21 -23 -65283
23 -15 23 -23 -60803
-7 -21 -8 -20 -65985
21 19 23 18 -57409
-21 2 -20 -1 -73361
21 -17 -2 -24 -66857
-14 -5 -9 -7 -76749
-7 -20 -7 -23 -58243
-1 15 1 15 -60593
24 -4 23 -15 -63531
12 2 16 -22 -70467
12 -2 13 -1 -54471
15 -22 15 -18 -55867
-3 -6 -5 0 -77299
19 22 20 23 -67877
24 14 -23 15 -86539
-24 -7 -20 -4 -69479
10 4 11 6 -53775
-21 14 -24 18 -68651
17 1 14 0 -64737
-15 3 -13 2 -60755
7 -21 8 -20 -68731
-19 -11 -19 -16 -68137
-15 16 -12 9 -85097
10 20 10 19 -55487
15 -24 22 -22 -66863
23 15 22 22 -68483
7 -5 6 -2 -78197
-12 9 -12 10 -60423
2 -6 3 -7 -87627
20 8 22 5 -57101
16 19 15 18 -63095
17 -1 14 1 -64847
14 -11 14 -10 -49085
-4 7 -6 5 -74581
-2 -20 -4 -19 -63699
17 18 17 17 -55783
-19 13 -17 0 -89649
-21 22 -19 19 -60371
-17 11 -18 11 -73025
24 4 24 1 -46261
-1 0 15 -6 -98741
-10 -19 -10 -20 -65107
-22 -24 -18 -14 -61963
-8 -17 -6 -19 -74591
13 2 16 2 -63389
-21 8 -18 16 -112619
15 24 16 23 -46027
14 17 -3 14 -78007
6 -12 3 -9 -71781
-24 2 -24 0 -59521
24 -4 0 -11 -71495
10 -12 16 -18 -73257
3 -16 1 -16 -74627
-1 -1 -24 0 -88941
4 11 2 5 -68497
-11 23 -12 20 -69157
22 -23 22 -20 -47653
5 22 6 22 -48869
-21 2 -21 1 -70903
19 24 15 20 -67521
19 -18 -23 2 -88829
-18 -24 -14 -20 -61819
8 -1 6 -3 -72071
-5 -21 -5 -16 -78775
21 0 22 -1 -50829
7 -17 8 -21 -66581
