17 -13 15 -10 -59046
-11 -8 -10 4 -86444
-4 -14 0 -18 -57506
15 0 16 0 -54100
-15 -21 -15 -22 -46316
10 23 11 24 -57666
11 -22 -24 -21 -57284
21 -9 23 -10 -62716
-1 -12 -3 -10 -54136
-12 -6 -13 -7 -59602
17 -19 19 -24 -64746
21 -12 -24 3 -68016
14 -23 15 -21 -59792
-21 -12 -23 -12 -56632
21 24 24 17 -69318
2 -21 3 -20 -60680
-18 9 -19 1 -87520
-23 -22 -24 -22 -38800
14 14 12 13 -60614
11 -14 12 -16 -58274
22 -21 24 -16 -56986
7 -13 9 -13 -64210
-1 24 -3 23 -66506
11 20 14 21 -66590
-24 20 -23 -20 -66048
9 -18 17 -19 -67908
-13 24 -13 23 -65484
3 -18 1 -18 -50568
0 24 -3 24 -58418
-1 -2 -1 -3 -51396
-2 9 -10 5 -78614
10 6 10 4 -53780
14 15 16 15 -61014
-8 -10 -6 -10 -53796
-9 9 -11 2 -87942
-23 23 -24 24 -26110
-12 -22 -10 -22 -58750
17 3 18 0 -61928
-6 8 -6 7 -63886
-15 -24 -13 -23 -45988
-1 6 0 17 -80488
20 16 16 18 -69658
8 17 7 15 -62836
-16 0 -12 2 -78674
8 0 8 -3 -60326
5 24 5 22 -55640
7 -24 -19 -24 -58898
0 24 0 23 -55326
22 0 23 0 -44234
15 -24 19 -20 -68254
23 -2 24 0 -46132
8 -13 9 -9 -70012
10 20 10 12 -68974
10 9 8 9 -63000
-10 -24 -13 -24 -55008
-12 21 -13 21 -95826
17 -5 15 -8 -60020
-11 -17 -12 -20 -52260
13 10 14 7 -62426
-19 14 -15 12 -80470
-22 24 -18 22 -57092
-6 14 -6 12 -77294
12 12 12 11 -54116
-5 24 -2 22 -65460
-2 10 1 10 -59338
-3 -22 -7 -22 -64380
21 -24 2 -24 -70672
13 -1 13 -2 -54178
-23 23 0 23 -85278
21 7 22 8 -67736
-16 24 -16 23 -57970
17 10 15 8 -63958
17 0 18 0 -55342
-9 24 -5 23 -73742
2 -9 0 -11 -40426
-9 -3 22 0 -69762
-24 21 -24 18 -76762
-17 -11 -15 -8 -55278
21 -17 19 -18 -53862
-20 4 -18 4 -72788
-19 3 -19 2 -74274
-4 -24 -3 -23 -55900
-4 19 -4 17 -63700
18 -7 17 -6 -51282
-2 -23 0 -24 -49332
-11 2 -10 24 -98820
4 2 3 5 -57298
-23 22 -24 17 -82298
2 -24 3 -19 -73438
-8 24 -11 22 -76110
2 17 0 17 -72448
-11 17 -12 17 -83558
-16 8 -16 23 -99026
15 -19 14 -22 -77156
3 17 3 21 -59654
-23 -9 -24 -8 -56954
-22 -12 -24 -16 -53032
1 8 -16 4 -97530
-14 -4 -15 10 -92602
-19 -21 -17 -23 -42892
6 -21 5 -24 -59626
9 -18 9 -16 -65190
-5 13 -4 13 -60416
-23 10 -24 10 -47202
22 -3 23 -2 -51718
-14 21 -16 23 -84852
-23 -4 -23 -1 -45908
8 5 7 -2 -68644
12 17 10 18 -70516
-16 -2 -17 0 -69274
-16 15 -20 17 -75610
13 -11 13 -15 -67356
-13 -6 -13 -5 -53574
-19 0 -21 0 -61392
-22 -2 -23 -3 -57826
-21 8 -22 10 -77234
1 -18 -2 -20 -57984
-23 13 -23 11 -72280
4 9 2 10 -53580
24 15 22 18 -61686
-4 -2 -4 3 -77324
-19 -7 -17 -6 -53366
4 16 4 14 -67538
23 24 20 21 -67384
-22 9 -21 9 -61272
12 -3 8 -3 -63392
9 -20 15 -24 -57886
-23 10 -12 12 -83560
20 -22 6 -23 -76850
-21 17 -21 14 -72740
4 13 2 13 -52992
18 -19 24 -22 -48448
-10 15 -9 13 -76284
-10 -15 -10 -13 -66652
-22 7 -22 5 -68324
6 6 0 6 -63680
-20 22 -20 21 -62478
-19 -1 -19 3 -76984
0 2 1 3 -55594
-14 3 -14 -1 -76458
12 23 13 24 -58148
-4 -4 -3 -7 -47934
20 9 18 0 -71728
17 6 15 1 -64832
0 -22 -1 -24 -62044
-19 -20 -19 -23 -42332
15 4 14 8 -60208
7 -2 6 -5 -54412
24 -5 22 0 -46884
-5 21 -6 18 -69826
-1 15 -11 17 -84696
-20 -5 -24 -7 -68026
-18 7 -18 9 -83126
-23 7 -24 -9 -62916
-17 5 -19 5 -74692
12 16 11 17 -72662
-4 5 -13 -2 -97690
-24 -10 -24 -14 -48708
-20 -14 -19 -13 -55164
-13 -4 -15 -4 -60700
6 -9 1 -5 -58038
-5 22 -4 24 -73796
2 1 1 -1 -62866
-22 -6 -24 -8 -55032
-10 -12 -9 -13 -76936
-8 -5 -8 -1 -70918
3 -2 1 0 -58558
-13 -21 -16 -18 -57586
23 0 24 -8 -51368
-17 20 -17 19 -71124
8 11 7 10 -66574
-15 -8 -17 -8 -49800
-5 6 -18 24 -108634
-16 20 -15 21 -80322
17 10 17 9 -60612
-15 -24 -19 -24 -40646
-10 -3 -10 -7 -62422
17 0 17 1 -58780
7 9 8 12 -67860
15 8 17 7 -61012
-5 23 -18 22 -107946
0 -22 1 -24 -60028
19 9 17 9 -57562
-19 19 -19 17 -79482
-19 8 -19 8 -244468
24 8 22 8 -52018
14 -15 13 -16 -66768
-20 22 -8 21 -106256
23 16 24 18 -52846
-22 0 -24 -1 -53578
-10 5 -13 6 -76334
-18 24 -14 24 -72658
19 -12 20 -10 -62140
-6 -10 -12 -8 -68976
-24 -13 -24 -6 -55320
-10 15 -9 15 -75020
1 2 3 3 -58008
13 -12 12 -14 -69944
0 -5 4 -3 -61144
-24 -20 -21 -16 -51420
-24 10 18 9 -73466
-15 -15 -17 -14 -52724
-11 24 -12 21 -79082
18 -21 15 -20 -66294
17 -12 20 -11 -57760
23 22 23 20 -65208
8 12 10 13 -62268
-21 23 4 5 -95178
12 1 11 1 -58078
20 19 20 20 -69170
5 -19 5 -12 -62530
10 -9 9 -9 -64502
-8 -21 -6 -21 -59428
11 23 12 17 -67034
-2 14 -3 14 -61146
1 22 2 22 -68796
10 10 7 13 -67226
13 -6 11 -7 -59292
13 -6 14 -9 -56918
3 9 3 11 -56592
-13 0 -14 -1 -75200
5 -13 6 -11 -59816
22 -18 22 5 -61754
-1 -3 1 -3 -47524
22 13 23 14 -55956
10 24 11 23 -52180
-6 -9 -4 -8 -46400
-3 15 -1 11 -74502
-18 19 -19 19 -65626
10 21 3 22 -56422
9 -9 9 -8 -56192
-1 -24 0 -21 -69674
-7 2 -9 0 -78692
17 13 17 14 -59214
8 4 10 6 -61566
-23 17 -23 20 -85652
7 1 7 0 -66118
2 19 1 19 -74820
-11 -2 -11 -1 -71582
-12 -12 -11 -14 -74150
0 18 0 14 -68910
24 22 24 19 -61476
15 15 16 17 -65588
6 1 8 -3 -65576
-4 -11 -2 -12 -52944
-16 1 -18 1 -66704
0 24 5 21 -65252
13 -10 12 -10 -59178
-1 19 24 18 -68936
-4 -22 -6 -23 -63108
24 -20 3 -22 -71978
7 -24 8 -20 -61918
-10 4 -15 7 -84744
6 4 5 5 -68688
17 -3 16 -4 -62500
-11 24 -15 22 -93746
10 3 12 2 -58590
-14 15 -9 16 -88536
-20 -18 -24 -20 -55454
-15 8 -13 10 -78666
-3 -22 -3 -21 -61946
9 6 10 12 -66350
-13 -21 -11 -24 -57838
24 22 21 20 -65790
-9 11 -8 3 -80820
-19 10 -20 13 -97266
-9 -14 -9 -15 -60314
3 -24 1 -20 -69550
23 23 -21 24 -61266
15 -15 15 -16 -64214
6 6 7 5 -70716
-21 17 6 23 -85292
16 16 16 17 -69602
7 -24 15 -23 -58802
-11 17 -11 13 -87562
-22 12 -24 10 -61872
1 3 0 4 -45140
-15 -22 -17 -23 -49046
10 -21 6 -19 -69388
24 1 24 6 -64856
-10 11 -11 11 -71946
-1 -15 -3 -17 -54348
18 -10 15 -13 -58706
-5 24 -6 23 -70994
-20 15 -22 1 -93836
-23 -16 -24 -16 -47770
13 -15 13 -20 -74512
20 18 20 16 -69034
15 -18 22 -24 -72792
-6 1 -5 3 -72662
0 8 0 5 -48484
-2 -24 6 -23 -50370
16 23 13 24 -54114
8 -4 10 -4 -61114
-13 21 -16 24 -85526
-4 23 -17 9 -106040
1 -21 1 -16 -64898
-17 -19 24 -7 -61352
20 -24 22 -18 -63308
5 -12 7 -7 -70112
-6 1 -6 2 -70136
-23 -17 -19 -20 -50682
-14 8 -15 11 -76732
-5 15 -4 18 -72798
-4 -24 -5 -23 -56220
5 24 7 22 -55174
-20 13 -19 10 -97098
-7 10 -8 3 -81016
-16 9 -16 8 -80252
16 24 16 23 -48190
5 1 5 -1 -65456
-9 24 -9 23 -63846
20 17 19 17 -62948
-10 24 -12 24 -80254
0 21 0 22 -64714
-23 -9 -21 -13 -63654
-1 20 0 22 -69484
-1 14 0 15 -65472
-8 24 -5 22 -77822
7 6 5 5 -56402
1 -19 0 -17 -57770
-14 10 -13 13 -73280
16 -22 21 -22 -75368
-11 -12 -9 -13 -76132
-18 -4 -19 -24 -63712
6 -13 7 -14 -61594
23 2 23 3 -62734
-17 -20 -21 -20 -46312
-15 4 -12 8 -85370
-5 -12 -5 -9 -47688
-24 1 -23 -1 -63562
-5 -16 -5 -18 -46122
-21 -16 -21 -15 -50880
7 20 10 24 -66204
5 -6 3 -7 -61608
-9 20 -10 10 -95986
-8 -4 -10 -2 -55598
21 24 19 24 -59382
-5 24 -5 22 -66724
-21 18 -22 15 -74584
24 11 24 4 -55062
-19 24 -21 23 -55450
-8 -22 -9 -22 -53216
21 23 16 23 -61152
5 -22 8 -24 -59610
9 19 6 18 -56458
22 -6 24 -9 -66054
-14 -16 -16 -12 -67050
17 19 17 17 -71382
-12 23 -13 23 -93212
-22 23 -20 23 -53484
6 -6 7 -5 -60528
17 23 22 19 -72600
-15 10 -18 10 -72554
14 -21 17 -21 -67466
17 9 18 -13 -72556
-14 0 -14 -1 -72244
-23 -7 -23 -6 -48684
-2 23 -9 21 -81742
16 -16 16 -17 -64446
22 20 20 20 -66950
24 -4 22 -7 -47992
21 -18 22 -14 -47644
15 20 18 24 -58180
24 21 24 -20 -60646
-10 19 -10 18 -64238
19 -3 17 -2 -53418
-22 10 -24 4 -68770
-22 22 -22 17 -92308
-10 1 -10 19 -101416
5 14 5 17 -68268
23 6 23 5 -56746
3 -6 7 -7 -60314
8 -22 5 -22 -63590
-2 -13 -1 -11 -45270
21 -13 22 -10 -54818
-9 -15 -11 -15 -58192
24 9 24 14 -50276
-4 12 -4 11 -67196
14 -22 24 -22 -74812
13 -24 1 -24 -65404
-24 4 -23 3 -68430
22 15 23 15 -55424
-15 21 -14 24 -78166
1 15 0 16 -70186
-6 -1 -6 0 -72010
-8 -1 -9 -3 -74788
-9 -11 -10 -15 -60008
23 -9 24 -6 -50354
-14 -24 -10 -21 -53132
-20 17 -19 13 -79214
-7 -8 -7 -5 -51110
-23 -4 -19 -8 -74912
0 12 1 13 -64992
-21 -10 -21 -9 -53898
-22 -2 -1 4 -84822
24 -10 24 -11 -52572
11 24 12 24 -52574
-19 7 -17 5 -80568
-1 -15 -1 -14 -44176
-6 -23 -5 -24 -55492
13 22 13 24 -56402
17 -19 17 -20 -70828
20 20 20 24 -60448
9 -13 7 -11 -64476
24 -10 22 -7 -68606
-9 -10 -8 -8 -49690
-23 17 -24 19 -60480
-7 18 -4 15 -74872
4 19 23 24 -68246
21 22 23 23 -63358
18 9 19 8 -60492
23 -9 24 -12 -56824
-14 20 -18 19 -86042
-23 9 -23 12 -82246
-23 9 -23 13 -84436
10 -11 8 -13 -72384
6 -23 3 -19 -69874
-22 -15 -21 -18 -50610
24 13 24 16 -48652
-21 22 -24 18 -65948
-24 -20 -23 -20 -46600
24 -10 24 -8 -56874
-1 4 -19 7 -94114
1 22 2 24 -65726
11 -17 10 -24 -68514
24 15 22 20 -67690
8 6 7 8 -63986
0 -4 1 -7 -46824
-24 -12 -22 -16 -53534
-1 0 -1 -1 -63958
8 20 8 22 -62820
20 -10 22 -10 -55398
-10 -21 -10 -22 -56872
9 -9 8 -6 -54136
16 9 13 10 -61372
-24 1 -23 0 -66890
9 19 10 22 -66704
23 13 24 12 -49760
-14 14 -14 16 -87158
-19 0 -20 3 -81074
-8 23 -7 21 -71004
-16 23 -17 22 -75622
-8 21 -2 19 -81222
21 14 20 11 -62840
21 -17 21 -23 -71286
23 -15 23 -23 -61246
-7 -21 -8 -20 -56156
-15 6 -15 7 -74504
-14 15 -14 14 -85744
-19 -19 -19 -21 -52820
-6 0 -18 24 -106146
-7 -20 -7 -23 -62348
-7 20 -10 18 -78610
18 -3 19 -1 -61148
-17 -18 -17 -11 -63398
-3 -1 -5 -4 -58502
15 -22 15 -18 -76306
-21 -18 -21 -20 -47390
-24 6 -23 5 -65728
3 23 5 24 -51164
0 10 0 9 -54778
2 -14 4 -15 -51678
-10 -8 -9 -11 -56654
14 -5 14 -4 -54756
-24 21 -20 20 -49786
7 -21 8 -20 -61614
-13 -24 -14 -23 -48352
24 -7 20 -6 -52022
23 6 20 6 -61778
15 -24 22 -22 -72624
-24 6 -23 6 -53748
-5 3 -3 4 -58982
-16 -8 -16 -6 -51232
22 9 24 7 -57924
-19 -8 -21 -6 -69230
-11 5 -13 2 -78424
13 8 14 9 -61542
14 -11 14 -10 -56970
-8 -19 -9 -21 -62028
-5 -23 0 -21 -63524
-11 24 -10 23 -69872
-21 -6 -24 -6 -66040
-5 1 -6 3 -59098
6 -19 6 -16 -66294
24 4 24 1 -60402
-22 6 -3 9 -98392
-10 -19 -10 -20 -57078
0 8 -3 7 -58796
-6 14 -7 11 -76858
-12 -2 -23 12 -103382
-21 -6 -22 -2 -57192
15 24 16 23 -55450
13 15 13 14 -60572
12 0 14 2 -70466
-14 18 -15 4 -102476
-14 1 -12 0 -70058
23 4 21 6 -62394
21 13 21 9 -60082
12 0 13 2 -70300
-24 0 -24 7 -59532
-13 18 -13 17 -70084
22 -23 22 -20 -50888
-19 -13 -18 -11 -59056
-12 -10 -10 -9 -57596
15 18 14 19 -66770
13 -7 13 -2 -60438
22 8 20 6 -68868
13 -13 10 -13 -65484
2 24 -1 23 -65594
-1 16 -23 5 -95246
7 -17 8 -21 -71376
