17 -13 15 -10 -59759
-1 4 -3 6 -61769
-4 -14 0 -18 -58123
15 0 16 0 -54587
-15 -21 -15 -22 -47161
10 23 11 24 -58167
11 -22 -24 -21 -56525
21 -9 23 -10 -61995
-1 -12 -3 -10 -57205
-12 -6 -13 -7 -75121
17 -19 19 -24 -65459
21 -12 -24 3 -66829
14 -23 15 -21 -60589
-21 -12 -23 -12 -57007
21 24 24 17 -69407
2 -21 3 -20 -61189
-1 10 -18 14 -115989
-23 -22 -24 -22 -38671
14 14 12 13 -61959
11 -14 12 -16 -57817
22 -21 24 -16 -56569
7 -13 9 -13 -64345
-1 24 -3 23 -72547
11 20 14 21 -66255
-24 20 -23 -20 -63259
9 -18 17 -19 -66713
-13 24 -13 23 -81259
3 -18 1 -18 -50419
0 24 -3 24 -77755
-1 -2 -1 -3 -57635
-2 5 -13 9 -97983
10 6 10 4 -64779
14 15 16 15 -61331
-8 -10 -6 -10 -54715
-2 6 -1 7 -78781
-23 23 -24 24 -26993
-12 -22 -10 -22 -59503
17 3 18 0 -62819
-6 8 -6 7 -73065
-15 -24 -13 -23 -46555
-1 9 -18 13 -115667
20 16 16 18 -69089
8 17 7 15 -63859
-18 24 -17 23 -59377
8 0 8 -3 -60973
5 24 5 22 -57479
7 -24 -19 -24 -58403
0 24 0 23 -63741
22 0 23 0 -44375
15 -24 19 -20 -67955
23 -2 24 0 -45973
8 -13 9 -9 -70715
10 20 10 12 -69007
10 9 8 9 -63877
-10 -24 -13 -24 -55801
-2 21 -4 24 -95805
17 -5 15 -8 -60577
-11 -17 -12 -20 -52853
13 10 14 7 -65755
-19 14 -15 12 -64521
-22 24 -18 22 -69311
-6 14 -6 12 -65871
12 12 12 11 -53353
-5 24 -2 22 -97225
-2 10 1 10 -67853
-3 -22 -7 -22 -64401
21 -24 2 -24 -71521
13 -1 13 -2 -54783
-1 23 -3 24 -92081
21 7 22 8 -67419
-16 24 -16 23 -66371
17 10 15 8 -63935
17 0 18 0 -55573
-9 24 -5 23 -82105
2 -9 0 -11 -42413
-9 -3 22 0 -69973
-24 21 -24 18 -45455
-17 -11 -15 -8 -57479
21 -17 19 -18 -54627
-20 4 -18 4 -73901
-19 3 -19 2 -64839
-4 -24 -3 -23 -56025
-4 19 -4 17 -65965
18 -7 17 -6 -51625
-2 -23 0 -24 -49785
-5 0 -5 1 -52273
4 2 3 5 -69521
-12 5 6 10 -84001
2 -24 3 -19 -73229
-8 24 -11 22 -72079
2 17 0 17 -76107
-16 0 -14 4 -79575
-16 20 -3 22 -89319
15 -19 14 -22 -77835
3 17 3 21 -61911
-23 -9 -24 -8 -58227
-22 -12 -24 -16 -52525
9 8 8 5 -73359
-24 -4 -16 10 -85851
-19 -21 -17 -23 -44115
6 -21 5 -24 -60299
9 -18 9 -16 -63855
-5 13 -4 13 -67691
-23 10 -24 10 -49815
22 -3 23 -2 -51653
-10 2 -22 2 -85751
-23 -4 -23 -1 -46151
8 5 7 -2 -74339
12 17 10 18 -70703
-16 -2 -17 0 -65947
-16 15 -20 17 -63899
13 -11 13 -15 -67793
-13 -6 -13 -5 -56831
-19 0 -21 0 -61395
-22 -2 -23 -3 -59083
-21 8 -22 10 -56855
1 -18 -2 -20 -58981
-23 13 -23 11 -48507
4 9 2 10 -56317
24 15 22 18 -61059
-4 -2 -4 -7 -70257
-19 -7 -17 -6 -55649
4 16 4 14 -68771
23 24 20 21 -66829
-22 9 -21 9 -60197
12 -3 8 -3 -64797
9 -20 15 -24 -57735
-6 10 -9 11 -74585
20 -22 6 -23 -77169
-21 17 -21 14 -61523
4 13 2 13 -56873
18 -19 24 -22 -48993
-10 15 -9 13 -67197
-10 -15 -10 -13 -69099
-22 7 -22 5 -60831
6 6 0 6 -65455
-20 22 -20 21 -59873
-19 -1 -19 3 -69103
0 2 1 3 -67095
-14 3 -14 -1 -80799
12 23 13 24 -58725
-4 -4 -3 -7 -61895
20 9 18 0 -72307
17 6 15 1 -65021
0 -22 -1 -24 -62711
-19 -20 -19 -23 -43339
15 4 14 8 -64385
7 -2 6 -5 -54517
24 -5 22 0 -47061
-5 21 -6 18 -72825
-14 -2 -15 6 -83829
-20 -5 -24 -7 -67501
-18 10 -10 10 -82315
-23 7 -24 -9 -61737
-17 5 -19 5 -74523
12 16 11 17 -72807
-23 19 0 20 -82181
-24 -10 -24 -14 -48633
-20 -14 -19 -13 -55531
-13 -4 -15 -4 -65415
6 -9 1 -5 -61321
-5 22 -4 24 -74603
2 1 1 -1 -63593
-22 -6 -24 -8 -54849
-10 -12 -9 -13 -78491
-8 -5 -8 -1 -65883
3 -2 1 0 -62791
-13 -21 -16 -18 -59915
23 0 24 -8 -51309
-17 20 -17 19 -76625
8 11 7 10 -68117
-15 -8 -17 -8 -52901
-9 23 -4 21 -98337
-16 20 -15 21 -83961
17 10 17 9 -60443
-15 -24 -19 -24 -41583
-10 -3 -10 -7 -65327
17 0 17 1 -59557
7 9 8 12 -68161
15 8 17 7 -63123
-10 -5 -12 -8 -77017
0 -22 1 -24 -60107
19 9 17 9 -57899
-19 19 -19 17 -74565
-8 0 -6 -21 -74025
24 8 22 8 -51891
14 -15 13 -16 -67265
-23 -4 -21 21 -76975
23 16 24 18 -52511
-22 0 -24 -1 -53921
-5 4 -6 6 -79969
-18 24 -14 24 -55687
19 -12 20 -10 -62255
-6 -10 -12 -8 -70151
-24 -13 -24 -6 -55859
-10 15 -9 15 -78351
1 2 3 3 -67153
13 -12 12 -14 -70953
0 -5 4 -3 -60641
-24 -20 -21 -16 -51507
-24 10 18 9 -70651
-15 -15 -17 -14 -54605
-11 24 -12 21 -88897
18 -21 15 -20 -65825
17 -12 20 -11 -57323
23 22 23 20 -65791
8 12 10 13 -63449
-1 22 -3 23 -95633
12 1 11 1 -58903
20 19 20 20 -70587
5 -19 5 -12 -61555
10 -9 9 -9 -64613
-8 -21 -6 -21 -60081
11 23 12 17 -66613
-2 14 -3 14 -70021
1 22 2 22 -71513
10 10 7 13 -67947
13 -6 11 -7 -59455
13 -6 14 -9 -56619
3 9 3 11 -59243
-13 0 -14 -1 -72505
5 -13 6 -11 -60319
22 -18 22 5 -61139
-1 -3 1 -3 -49859
22 13 23 14 -56773
10 24 11 23 -51063
-6 -9 -4 -8 -48479
-3 15 -1 11 -72735
-18 19 -19 19 -65243
10 21 3 22 -57961
9 -9 9 -8 -56509
-1 -24 0 -21 -69827
-7 2 -9 0 -64631
17 13 17 14 -58481
8 4 10 6 -71455
-4 17 -1 20 -77493
7 1 7 0 -68061
2 19 1 19 -77387
-11 -2 -11 -1 -64315
-12 -12 -11 -14 -75723
0 18 0 14 -69295
24 22 24 19 -62327
15 15 16 17 -65475
6 1 8 -3 -67521
-4 -11 -2 -12 -54669
-16 1 -18 1 -70151
0 24 5 21 -68543
13 -10 12 -10 -58867
-1 19 24 18 -69213
-4 -22 -6 -23 -64081
24 -20 3 -22 -72839
7 -24 8 -20 -62521
-2 16 -17 7 -96575
6 4 5 5 -73065
17 -3 16 -4 -62475
-14 6 -13 7 -62001
10 3 12 2 -59277
-8 16 -8 16 -244591
-20 -18 -24 -20 -55597
-15 16 -13 21 -99491
-3 -22 -3 -21 -61393
9 6 10 12 -71687
-13 -21 -11 -24 -57929
24 22 21 20 -65597
-6 2 -10 5 -85081
-20 10 -20 13 -61653
-9 -14 -9 -15 -62875
3 -24 1 -20 -69401
23 23 -21 24 -52471
15 -15 15 -16 -64395
6 6 7 5 -75653
-7 4 -10 6 -82215
16 16 16 17 -69273
7 -24 15 -23 -58787
-12 22 -12 24 -90363
-22 12 -24 10 -64021
1 3 0 4 -51385
-15 -22 -17 -23 -49003
10 -21 6 -19 -68681
24 1 24 6 -64967
-10 11 -11 11 -74283
-1 -15 -3 -17 -55589
18 -10 15 -13 -58681
-5 24 -6 23 -67937
-16 14 -2 15 -109391
-23 -16 -24 -16 -47669
13 -15 13 -20 -73403
20 18 20 16 -69281
15 -18 22 -24 -72477
-6 1 -5 3 -59929
0 8 0 5 -73553
-2 -24 6 -23 -51577
16 23 13 24 -54201
8 -4 10 -4 -62709
-2 0 -1 18 -95805
-4 -18 -19 9 -90863
1 -21 1 -16 -65641
-17 -19 24 -7 -61941
20 -24 22 -18 -64149
5 -12 7 -7 -70827
-6 1 -7 12 -92607
-23 -17 -19 -20 -51309
-14 8 -15 11 -80731
-5 15 -4 18 -72003
-4 -24 -5 -23 -56707
5 24 7 22 -55313
-10 23 -10 24 -86519
-7 10 -8 5 -72739
-16 9 -16 8 -69099
16 24 16 23 -48975
5 1 5 -1 -66927
-9 24 -9 23 -82565
20 17 19 17 -62217
-10 24 -12 24 -50907
0 21 0 22 -69939
-23 -9 -21 -13 -65585
-1 20 0 22 -72257
-1 14 0 15 -71731
-8 24 -5 22 -94787
7 6 5 5 -63399
1 -19 0 -17 -57771
-14 10 -13 13 -55889
16 -22 21 -22 -75671
-11 -12 -9 -13 -78467
-18 -4 -19 -24 -65371
6 -13 7 -14 -61583
23 2 23 3 -62931
-17 -20 -21 -20 -46835
-15 16 -14 8 -76261
-5 -12 -5 -9 -52971
-24 1 -23 -1 -58651
-5 -16 -5 -18 -47899
-21 -16 -21 -15 -51451
7 20 10 24 -68135
5 -6 3 -7 -61675
-18 21 -17 2 -83607
-8 -4 -10 -2 -52865
21 24 19 24 -58941
-5 24 -5 22 -77835
-21 18 -22 15 -61583
24 11 24 4 -55183
-19 24 -21 23 -62763
-8 -22 -9 -22 -54715
21 23 16 23 -61327
5 -22 8 -24 -59487
9 19 6 18 -58083
22 -6 24 -9 -65899
-14 -16 -16 -12 -69261
17 19 17 17 -71965
-12 23 -24 23 -72991
-22 23 -20 23 -62155
6 -6 7 -5 -60791
17 23 22 19 -71303
-9 13 -18 14 -87561
14 -21 17 -21 -67333
17 9 18 -13 -74355
-14 0 -14 -1 -71711
-23 -7 -23 -6 -48529
-2 0 -3 16 -97233
16 -16 16 -17 -62897
22 20 20 20 -66351
24 -4 22 -7 -47691
21 -18 22 -14 -47401
15 20 18 24 -59299
24 21 24 -20 -61029
-10 19 -10 18 -67291
19 -3 17 -2 -53599
-22 10 -24 4 -68303
-12 -7 -15 -8 -67687
-14 6 -17 9 -84999
5 14 5 17 -69767
23 6 23 5 -57091
3 -6 7 -7 -62453
8 -22 5 -22 -63325
-2 -13 -1 -11 -48087
21 -13 22 -10 -55445
-9 -15 -11 -15 -60051
24 9 24 14 -51087
-4 12 -4 11 -62371
14 -22 24 -22 -74655
13 -24 1 -24 -65777
-24 4 -23 3 -64005
22 15 23 15 -55117
-15 21 -14 24 -87833
1 15 0 16 -72053
-6 1 -20 2 -87041
-8 -1 -9 -3 -68105
-9 -11 -10 -15 -63945
23 -9 24 -6 -50729
-14 -24 -10 -21 -53453
-20 17 -19 13 -65487
-7 -8 -7 -5 -61829
-23 -4 -19 -8 -76581
0 12 1 13 -67029
-21 -10 -21 -9 -54233
-22 6 -19 12 -83805
24 -10 24 -11 -52627
11 24 12 24 -51523
-19 7 -17 5 -76287
-1 -15 -1 -14 -46163
-6 -23 -5 -24 -55637
13 22 13 24 -56655
17 -19 17 -20 -70415
20 20 20 24 -60977
9 -13 7 -11 -64645
24 -10 22 -7 -68081
-9 -10 -8 -8 -57155
-23 17 -24 19 -51279
-7 18 -4 15 -75877
4 19 23 24 -69493
21 22 23 23 -62219
18 9 19 8 -62275
23 -9 24 -12 -57039
-23 18 -18 21 -72629
-6 5 -5 5 -66983
-9 9 -16 15 -96211
10 -11 8 -13 -73339
6 -23 3 -19 -69897
-22 -15 -21 -18 -50455
24 13 24 16 -48421
-21 22 -24 18 -55139
-24 -20 -23 -20 -46129
24 -10 24 -8 -56769
-23 4 -19 13 -90249
1 22 2 24 -68251
11 -17 10 -24 -67831
24 15 22 20 -67401
8 6 7 8 -71525
0 -4 1 -7 -56029
-24 -12 -22 -16 -54117
-1 0 -1 -1 -56053
8 20 8 22 -62985
20 -10 22 -10 -54615
-10 -21 -10 -22 -57091
9 -9 8 -6 -55511
16 9 13 10 -63703
-24 1 -23 0 -61869
9 19 10 22 -67587
23 13 24 12 -49863
-20 14 -17 22 -88755
-5 0 -20 21 -98447
-8 23 -7 21 -84625
-16 23 -17 22 -75519
-8 21 -2 19 -94547
21 14 20 11 -63599
21 -17 21 -23 -71115
23 -15 23 -23 -61349
-7 -21 -8 -20 -55759
-15 6 -15 7 -62807
-9 -1 -9 8 -76073
-19 -19 -19 -21 -53739
-4 5 -1 11 -86991
-7 -20 -7 -23 -63201
-7 20 -10 18 -77777
18 -3 19 -1 -60529
-17 -18 -17 -11 -64763
-3 -1 -5 -4 -63395
15 -22 15 -18 -75913
-21 -18 -21 -20 -47583
-24 6 -23 5 -60141
3 23 5 24 -51083
0 10 0 9 -61843
2 -14 4 -15 -51577
-10 -8 -9 -11 -60189
14 -5 14 -4 -54881
-24 21 -20 20 -58317
7 -21 8 -20 -60795
-13 -24 -14 -23 -48375
24 -7 20 -6 -51859
23 6 20 6 -62175
15 -24 22 -22 -72605
-24 6 -23 6 -52517
-5 3 -3 4 -58103
-16 -8 -16 -6 -53171
22 9 24 7 -58183
-19 -8 -21 -6 -71229
-11 5 -13 2 -65667
13 8 14 9 -63105
14 -11 14 -10 -57251
-8 -19 -9 -21 -62577
-5 -23 0 -21 -64329
-11 24 -10 23 -60421
-21 -6 -24 -6 -66327
-18 20 -20 24 -70057
6 -19 6 -16 -66347
24 4 24 1 -60883
0 17 -5 21 -87961
-10 -19 -10 -20 -58497
0 8 -3 7 -73593
-6 14 -7 11 -69459
-15 18 -14 20 -95675
-21 -6 -22 -2 -56991
15 24 16 23 -56181
13 15 13 14 -59829
12 0 14 2 -72809
-15 16 -15 18 -76925
-14 1 -12 0 -67965
23 4 21 6 -62741
21 13 21 9 -60625
12 0 13 2 -71707
-24 0 -24 7 -55493
-13 18 -13 17 -75355
22 -23 22 -20 -50805
-19 -13 -18 -11 -58849
-12 -10 -10 -9 -66051
15 18 14 19 -65943
13 -7 13 -2 -60949
22 8 20 6 -68541
13 -13 10 -13 -65801
2 24 -1 23 -68735
5 4 5 5 -71403
7 -17 8 -21 -70807
