17 -13 15 -10 -57397
0 -5 -3 -1 -72047
-4 -14 0 -18 -60175
15 0 16 0 -53701
-15 -21 -15 -22 -47217
10 23 11 24 -58563
11 -22 -24 -21 -57975
21 -9 23 -10 -62081
-1 -12 -3 -10 -59491
-12 -6 -13 -7 -70297
17 -19 19 -24 -62095
21 -12 -24 3 -69905
14 -23 15 -21 -49559
-21 -12 -23 -12 -55645
21 24 24 17 -70135
2 -21 3 -20 -61051
-10 6 -17 5 -79855
-23 -22 -24 -22 -38797
14 14 12 13 -61793
11 -14 12 -16 -57127
22 -21 24 -16 -55761
7 -13 9 -13 -64051
-20 9 -17 3 -75771
11 20 14 21 -66321
-24 20 -23 -20 -62591
9 -18 17 -19 -59967
-22 23 -23 7 -75483
3 -18 1 -18 -51653
-6 7 -5 8 -78503
-1 -2 -1 -3 -61887
-23 23 -24 19 -58813
10 6 10 4 -60897
14 15 16 15 -61693
-8 -10 -6 -10 -63109
0 20 -2 18 -89259
-23 23 -24 24 -36539
-12 -22 -10 -22 -60405
17 3 18 0 -62999
-6 8 -6 7 -70707
-15 -24 -13 -23 -46775
-23 2 -22 6 -70157
20 16 16 18 -69865
8 17 7 15 -70321
-18 24 -17 23 -48905
8 0 8 -3 -52151
5 24 5 22 -58905
7 -24 -19 -24 -59805
0 24 0 23 -63521
22 0 23 0 -44865
15 -24 19 -20 -61507
23 -2 24 0 -48329
8 -13 9 -9 -69739
10 20 10 12 -74763
10 9 8 9 -63729
-10 -24 -13 -24 -56517
-8 6 -9 6 -72895
17 -5 15 -8 -62253
-11 -17 -12 -20 -61245
13 10 14 7 -60539
-1 4 0 4 -58733
7 8 4 8 -66651
-14 13 -19 14 -80493
12 12 12 11 -53941
-6 3 -6 9 -73671
-14 23 -8 23 -62687
-3 -22 -7 -22 -66035
21 -24 2 -24 -61963
13 -1 13 -2 -51573
-2 2 -5 1 -69889
21 7 22 8 -67401
-16 24 -16 23 -43753
17 10 15 8 -63165
17 0 18 0 -55915
-3 18 -4 20 -70613
2 -9 0 -11 -46267
-9 -3 22 0 -71553
-24 21 -24 18 -54175
-17 -11 -15 -8 -58659
21 -17 19 -18 -53871
0 6 1 9 -71319
-2 17 -5 6 -94793
-4 -24 -3 -23 -56943
3 -2 2 -5 -64531
18 -7 17 -6 -51391
-2 -23 0 -24 -49393
-5 0 -5 1 -49563
4 2 3 5 -69891
-15 24 -4 0 -97739
2 -24 3 -19 -71975
-9 2 -15 3 -82741
-1 23 -2 24 -66411
-16 5 -3 0 -110139
-9 18 -8 7 -85117
-2 2 -22 9 -107253
-15 13 -18 11 -79739
-23 -9 -24 -8 -57547
-22 -12 -24 -16 -53699
9 8 8 5 -67055
-20 14 -20 15 -71823
-19 -21 -17 -23 -45343
6 -21 5 -24 -59943
9 -18 9 -16 -63241
-10 21 -12 1 -89557
-23 10 -24 10 -48697
22 -3 23 -2 -52219
-18 9 -20 16 -80475
-23 -4 -23 -1 -63199
-15 16 -20 17 -78205
12 17 10 18 -71765
-9 14 -10 18 -71205
-23 -2 -23 3 -69679
13 -11 13 -15 -66795
-13 -6 -13 -5 -65923
-23 10 -17 10 -63511
-22 -2 -23 -3 -62477
-14 22 -14 23 -49859
1 -18 -2 -20 -59273
-23 13 -23 11 -60907
4 9 2 10 -60867
24 15 22 18 -61065
-4 -2 -4 -7 -71397
-19 -7 -17 -6 -61447
4 16 4 14 -70091
23 24 20 21 -67053
-9 -3 -10 -4 -66999
12 -3 8 -3 -64151
9 -20 15 -24 -53491
-2 14 -7 15 -71465
-4 13 -3 17 -80847
-17 9 -16 10 -75701
4 13 2 13 -61671
18 -19 24 -22 -48421
0 18 -1 15 -82803
-10 -15 -10 -13 -65621
-19 0 -19 -2 -67577
-11 8 -12 9 -63491
-5 12 -19 15 -92743
-23 13 -24 17 -58543
-6 -7 2 -6 -71099
-9 23 -6 24 -57019
12 23 13 24 -59101
-4 -4 -3 -7 -67461
20 9 18 0 -72141
17 6 15 1 -64911
0 -22 -1 -24 -62981
-19 -20 -19 -23 -43939
15 4 14 8 -61333
7 -2 6 -5 -61991
24 -5 22 0 -52345
-9 24 -15 23 -64251
-23 22 -23 23 -52747
-20 -5 -24 -7 -68011
0 20 -24 17 -78295
-23 7 -24 -9 -73523
-18 -8 -19 -8 -60217
12 16 11 17 -75787
5 17 4 15 -77879
-24 -10 -24 -14 -49585
-20 -14 -19 -13 -55215
-13 -4 -15 -4 -63111
6 -9 1 -5 -63715
-7 5 -4 8 -81649
2 1 1 -1 -62927
-22 -6 -24 -8 -56957
-19 21 -21 24 -59239
-21 13 -21 19 -73651
3 -2 1 0 -65969
-13 -21 -16 -18 -57577
23 0 24 -8 -53443
-4 11 -3 11 -61715
8 11 7 10 -62889
-15 -8 -17 -8 -58311
-5 23 -4 22 -68817
-10 -9 -12 -8 -69595
17 10 17 9 -58105
-15 -24 -19 -24 -40965
-10 -3 -10 -7 -72349
17 0 17 1 -60095
-14 14 -19 21 -81399
15 8 17 7 -63171
-7 -8 -11 -3 -84323
0 -22 1 -24 -59943
19 9 17 9 -57841
-3 0 -4 0 -65501
-8 0 -6 -21 -72883
24 8 22 8 -52141
14 -15 13 -16 -64649
-2 2 -10 5 -94157
23 16 24 18 -52507
-22 0 -24 -1 -54711
-3 22 -1 24 -71499
-18 24 -14 24 -54223
19 -12 20 -10 -61779
5 2 4 3 -67495
-24 -13 -24 -6 -56895
3 13 2 14 -61897
1 2 3 3 -65127
13 -12 12 -14 -69347
0 -5 4 -3 -69995
-24 -20 -21 -16 -50923
-24 10 18 9 -75645
-15 -15 -17 -14 -56399
23 2 24 -1 -53371
18 -21 15 -20 -63609
17 -12 20 -11 -57813
23 22 23 20 -65571
8 12 10 13 -62471
4 20 1 16 -83733
12 1 11 1 -59157
20 19 20 20 -69661
5 -19 5 -12 -61557
10 -9 9 -9 -65323
-8 -21 -6 -21 -61193
11 23 12 17 -71665
-20 4 -19 5 -56453
1 22 2 22 -63331
10 10 7 13 -70581
13 -6 11 -7 -59169
13 -6 14 -9 -60015
3 9 3 11 -58251
-10 1 -7 5 -59881
5 -13 6 -11 -59047
22 -18 22 5 -63189
-1 -3 1 -3 -63407
22 13 23 14 -56783
10 24 11 23 -53961
-6 -9 -4 -8 -62191
-23 -8 -24 -4 -61775
3 2 0 0 -67407
10 21 3 22 -64151
9 -9 9 -8 -62185
-1 -24 0 -21 -69475
9 -5 9 -8 -62673
17 13 17 14 -59877
8 4 10 6 -70781
-8 13 -7 14 -63179
7 1 7 0 -55639
-9 2 -11 4 -72029
-11 -2 -11 -1 -62419
-12 -12 -11 -14 -65677
-17 17 -10 17 -79367
24 22 24 19 -61643
15 15 16 17 -66319
10 10 9 16 -71139
-4 -11 -2 -12 -59257
-7 20 -6 23 -71971
0 24 5 21 -64297
13 -10 12 -10 -58085
-1 19 24 18 -69415
-4 -22 -6 -23 -64731
24 -20 3 -22 -63783
7 -24 8 -20 -61623
-8 23 -10 23 -52363
6 4 5 5 -73489
17 -3 16 -4 -60417
-12 -20 -9 -17 -66761
10 3 12 2 -55033
-2 23 -2 24 -66913
-20 -18 -24 -20 -54897
-23 -3 -24 -1 -66155
-3 -22 -3 -21 -60697
-12 13 -11 10 -65911
-13 -21 -11 -24 -58283
24 22 21 20 -66203
-15 -2 -23 10 -87885
-10 24 -10 21 -56963
-9 -14 -9 -15 -60639
3 -24 1 -20 -69357
23 23 -21 24 -51179
15 -15 15 -16 -64451
-19 5 -1 5 -123623
-18 11 -5 11 -95377
16 16 16 17 -70615
7 -24 15 -23 -51287
-2 16 -4 17 -70659
-22 12 -24 10 -59967
1 3 0 4 -58167
-15 -22 -17 -23 -49343
10 -21 6 -19 -67633
24 1 24 6 -67701
-21 16 -23 16 -54371
-1 -15 -3 -17 -56737
18 -10 15 -13 -59237
-5 24 -6 23 -62211
-1 18 0 19 -87755
-23 -16 -24 -16 -47249
13 -15 13 -20 -71209
20 18 20 16 -69417
15 -18 22 -24 -70805
-17 0 -17 13 -74839
0 21 -2 21 -73667
-2 -24 6 -23 -50749
16 23 13 24 -55103
8 -4 10 -4 -62965
-15 -6 -14 -8 -63357
-17 0 -20 1 -58325
1 -21 1 -16 -64911
-17 -19 24 -7 -62531
20 -24 22 -18 -63315
5 -12 7 -7 -72045
-10 16 -10 14 -63845
-23 -17 -19 -20 -50969
-17 -2 -17 -3 -66807
-23 23 -22 24 -44159
-4 -24 -5 -23 -57525
5 24 7 22 -57569
-1 19 -2 10 -90151
-1 19 -3 21 -73057
-16 9 -16 8 -57413
16 24 16 23 -49001
5 1 5 -1 -58073
-7 16 -3 22 -83411
20 17 19 17 -62303
-3 9 -3 8 -71655
0 3 -21 1 -104667
-23 -9 -21 -13 -64963
-6 0 -7 1 -75187
-7 -8 -10 -8 -77061
-12 19 -10 17 -68515
7 6 5 5 -67833
1 -19 0 -17 -57507
0 14 -1 13 -78645
16 -22 21 -22 -73051
-7 1 -10 4 -82043
-18 -4 -19 -24 -67725
6 -13 7 -14 -63357
23 2 23 3 -67491
-17 -20 -21 -20 -46733
6 19 -3 10 -97733
-5 -12 -5 -9 -50883
-24 1 -23 -1 -70909
-5 -16 -5 -18 -47541
-21 -16 -21 -15 -52753
7 20 10 24 -71645
5 -6 3 -7 -66361
-23 4 -1 7 -105623
-8 -4 -10 -2 -76027
21 24 19 24 -59209
-5 24 -5 22 -66873
-14 20 -14 19 -55209
24 11 24 4 -54399
-19 24 -21 23 -50785
-8 -22 -9 -22 -56863
21 23 16 23 -61253
5 -22 8 -24 -58145
9 19 6 18 -65793
22 -6 24 -9 -66345
-14 -16 -16 -12 -68041
17 19 17 17 -72049
8 18 6 21 -65369
-22 23 -20 23 -52261
6 -6 7 -5 -68379
17 23 22 19 -71965
7 24 5 18 -77153
14 -21 17 -21 -62471
17 9 18 -13 -73989
-21 7 -21 6 -55933
-23 -7 -23 -6 -58789
-18 11 -19 17 -81403
16 -16 16 -17 -62227
22 20 20 20 -66927
24 -4 22 -7 -48223
21 -18 22 -14 -46995
15 20 18 24 -59321
24 21 24 -20 -59861
-10 19 -10 18 -63753
19 -3 17 -2 -54879
-22 9 -24 12 -60723
-12 -7 -15 -8 -68025
-22 1 -19 5 -66597
-15 3 3 9 -98769
23 6 23 5 -57335
3 -6 7 -7 -62647
8 -22 5 -22 -63045
-2 -13 -1 -11 -50959
21 -13 22 -10 -55425
-9 -15 -11 -15 -53019
24 9 24 14 -51937
-21 19 -22 17 -66267
14 -22 24 -22 -71967
13 -24 1 -24 -63883
-24 4 -23 3 -61707
22 15 23 15 -54795
-10 -5 -7 -6 -80509
0 7 -3 7 -62239
-13 -2 -13 -3 -66885
-5 21 0 23 -79481
-9 -11 -10 -15 -62257
23 -9 24 -6 -50399
-14 -24 -10 -21 -54143
-13 23 -12 1 -87865
-7 -8 -7 -5 -65509
-7 17 -8 24 -75657
0 12 1 13 -72093
-21 -10 -21 -9 -55701
0 6 0 4 -61857
24 -10 24 -11 -53437
11 24 12 24 -52593
-24 18 -22 20 -61627
-1 -15 -1 -14 -45891
-6 -23 -5 -24 -56095
13 22 13 24 -58095
17 -19 17 -20 -65863
20 20 20 24 -60671
9 -13 7 -11 -65783
24 -10 22 -7 -67883
-9 -10 -8 -8 -63531
-23 17 -24 19 -48845
-10 -1 -10 1 -53149
4 19 23 24 -69965
21 22 23 23 -62805
18 9 19 8 -60891
23 -9 24 -12 -57571
-13 10 -12 11 -65819
-7 9 -6 13 -72473
-14 17 -15 19 -70565
10 -11 8 -13 -71063
6 -23 3 -19 -69491
-22 -15 -21 -18 -52293
24 13 24 16 -48305
-9 24 6 0 -90769
-24 -20 -23 -20 -45997
24 -10 24 -8 -57655
-23 20 -24 24 -57005
1 22 2 24 -68203
11 -17 10 -24 -63599
24 15 22 20 -68197
8 6 7 8 -63469
0 -4 1 -7 -62647
-24 -12 -22 -16 -55325
-1 0 -1 -1 -56559
8 20 8 22 -68841
20 -10 22 -10 -55545
-10 -21 -10 -22 -57219
9 -9 8 -6 -64347
16 9 13 10 -63827
-24 1 -23 0 -65811
9 19 10 22 -72547
23 13 24 12 -49591
-16 0 -15 2 -58457
-13 23 -15 22 -65249
-13 12 -14 14 -64117
-16 23 -17 22 -59773
-3 -4 0 -4 -66573
21 14 20 11 -63987
21 -17 21 -23 -69155
23 -15 23 -23 -59435
-7 -21 -8 -20 -57477
-13 20 -17 19 -73401
-5 23 -6 24 -60129
-19 -19 -19 -21 -53981
-14 17 -20 15 -79563
-7 -20 -7 -23 -63399
-24 7 -24 2 -67117
18 -3 19 -1 -60383
-17 -18 -17 -11 -65849
-16 -3 -15 -1 -70061
15 -22 15 -18 -67301
-21 -18 -21 -20 -47935
-20 8 -16 12 -79109
3 23 5 24 -56417
0 10 0 9 -65431
2 -14 4 -15 -53425
-10 -8 -9 -11 -59125
14 -5 14 -4 -57931
-24 21 -20 20 -56985
7 -21 8 -20 -60461
-13 -24 -14 -23 -48277
24 -7 20 -6 -52065
23 6 20 6 -60717
15 -24 22 -22 -68885
-24 6 -23 6 -48511
-19 3 -2 5 -120093
-16 -8 -16 -6 -60883
22 9 24 7 -57869
-19 -8 -21 -6 -65679
-24 11 -22 14 -67037
13 8 14 9 -58915
14 -11 14 -10 -56607
-8 -19 -9 -21 -67809
-5 -23 0 -21 -64607
0 23 -10 10 -97831
-21 -6 -24 -6 -64577
-23 7 -24 11 -53887
6 -19 6 -16 -65077
24 4 24 1 -66505
-6 9 -7 11 -67907
-10 -19 -10 -20 -60965
-20 7 -3 8 -113867
5 16 6 16 -63347
-7 -7 -8 -8 -73057
-21 -6 -22 -2 -67713
15 24 16 23 -55515
13 15 13 14 -65913
12 0 14 2 -71727
0 16 1 14 -65025
-1 1 -2 21 -87589
23 4 21 6 -64875
21 13 21 9 -60305
12 0 13 2 -69131
-24 0 -24 7 -72067
-12 7 -12 6 -53325
22 -23 22 -20 -49751
-19 -13 -18 -11 -59623
-12 -10 -10 -9 -66873
15 18 14 19 -68247
13 -7 13 -2 -64723
22 8 20 6 -68753
13 -13 10 -13 -62455
2 24 -1 23 -64965
5 4 5 5 -67487
7 -17 8 -21 -70053
