17 -13 15 -10 -62339
-4 -10 -5 -8 -72199
19 -11 7 -9 -69167
15 0 16 0 -69983
-9 12 -10 10 -50097
10 23 11 24 -54529
11 -22 -24 -21 -69573
21 -9 23 -10 -64039
13 9 9 6 -59007
5 -8 1 -3 -73879
17 -19 19 -24 -60749
5 -4 -5 -6 -83549
14 -23 15 -21 -47559
-21 -12 -23 -12 -57787
21 24 24 17 -68789
2 -21 3 -20 -56553
15 -6 14 -2 -64107
-23 -22 -24 -22 -49719
14 14 12 13 -59779
11 -14 12 -16 -56001
22 -21 24 -16 -63535
7 -13 9 -13 -52205
13 6 13 9 -57535
11 20 14 21 -63205
-23 -24 -3 -23 -68679
9 -18 17 -19 -76171
-8 9 -8 10 -46843
3 -18 1 -18 -67743
9 12 9 13 -57459
-20 -20 -19 -24 -74001
-12 8 -7 9 -59521
10 6 10 4 -59157
14 15 16 15 -57111
-17 -24 -16 -22 -53597
-19 -22 -18 -24 -65877
-23 23 -24 24 -45265
11 3 10 6 -61579
17 3 18 0 -63423
-4 -2 -4 -5 -62047
-15 -24 -13 -23 -58705
-1 19 -1 21 -63229
20 16 16 18 -65107
-4 5 -3 21 -66461
-18 24 -17 23 -56503
8 0 8 -3 -60147
5 24 5 22 -49303
8 -14 18 -20 -79473
0 24 0 23 -49645
22 0 23 0 -54461
15 -24 19 -20 -57409
23 -2 24 0 -56175
-23 1 -23 0 -47223
-14 -16 -15 -15 -54521
7 -8 10 -1 -67263
-10 -24 -13 -24 -73087
12 -17 9 -20 -58731
17 -5 15 -8 -58939
-9 1 -10 3 -54385
-10 -21 -12 -21 -81073
23 -21 23 -19 -58667
-21 -5 -18 -2 -75287
-11 -4 -9 -7 -68273
12 12 12 11 -52747
1 -11 5 -10 -67871
-3 -16 -5 -14 -69039
-12 21 -11 19 -61543
21 -24 2 -24 -74507
13 -1 13 -2 -57433
0 -2 1 -2 -59949
21 7 22 8 -67455
-16 24 -16 23 -52957
17 10 15 8 -60435
17 0 18 0 -65013
20 -23 24 -19 -63887
2 -9 0 -11 -62895
-22 -9 -23 -13 -65841
-24 21 -24 18 -47943
-7 -9 -8 -12 -67279
21 -17 19 -18 -63039
19 -15 22 -15 -63723
12 23 16 24 -57197
-4 -24 -3 -23 -40211
3 -2 2 -5 -60311
18 -7 17 -6 -57893
-20 -23 -19 -24 -61595
-13 22 -14 22 -55161
-5 24 -7 24 -51315
-11 6 -11 5 -49793
-13 -22 -12 -21 -75013
-19 -16 -22 -20 -68477
-1 23 -2 24 -52481
0 9 -1 11 -56619
-12 -19 -13 -20 -82881
-20 -15 -5 -6 -92023
-17 -20 -20 -20 -61361
-23 -9 -24 -8 -48277
-22 -12 -24 -16 -70549
-23 21 -24 20 -50751
-14 4 -13 4 -55315
6 16 7 7 -65425
6 -21 5 -24 -48903
9 -18 9 -16 -50549
-12 -24 -15 -22 -71343
-23 11 -24 13 -54875
22 -3 23 -2 -65489
-3 19 -2 20 -62275
14 -22 6 -21 -82225
9 -24 9 -19 -49559
12 17 10 18 -53453
-23 23 17 24 -65947
-13 17 -14 15 -52093
14 -19 5 -20 -84001
-13 -6 -13 -5 -54345
-7 12 -5 11 -56441
-10 -8 -10 -9 -62185
-13 -20 -13 -19 -72535
-11 -13 -10 -14 -72569
0 -4 0 -3 -58461
-16 -18 -15 -17 -72259
24 15 22 18 -60115
7 12 6 12 -52383
-3 -8 -4 -8 -67381
-4 -20 -3 -17 -54459
23 24 20 21 -66789
-17 17 -16 16 -56347
-2 -21 17 -24 -88081
9 -20 15 -24 -67125
-12 10 -13 6 -55175
3 12 1 9 -53809
21 -22 22 -21 -60383
4 13 2 13 -55091
18 -19 24 -22 -48753
17 24 16 21 -59341
-23 -22 -21 -23 -66345
-21 -9 -9 -8 -86725
9 20 7 20 -55645
-1 16 -4 15 -52533
-23 13 -24 17 -59367
-4 5 -3 6 -47067
-22 -20 -24 -23 -46709
12 23 13 24 -58819
-10 -23 -11 -22 -64499
18 17 18 19 -64127
4 -16 5 -13 -63497
0 -22 -1 -24 -38621
-19 -20 -19 -23 -71201
15 4 14 8 -59937
-16 19 -15 21 -63419
24 -5 22 0 -52743
-21 24 -21 23 -56417
-23 22 -23 23 -58633
3 6 4 5 -59157
-22 24 -24 3 -57343
-13 20 -14 24 -62489
7 16 8 20 -63423
-20 11 -20 7 -61319
-8 0 -8 1 -48243
-5 -13 -5 -15 -65467
-1 -4 -10 -5 -85609
-7 -10 -9 -6 -79015
-21 -13 -17 -16 -65209
-2 -7 -11 -8 -83321
-18 1 -17 1 -54263
-22 -6 -24 -8 -50403
-18 15 -20 12 -52889
-23 9 -23 8 -48105
-19 -1 -21 -2 -76499
-14 -17 -8 -18 -82011
23 0 24 -8 -51995
13 -2 14 -3 -63929
9 6 7 2 -67099
-6 2 -7 2 -66933
12 8 -14 -8 -79503
-9 16 -6 16 -51951
17 10 17 9 -55027
-15 -24 -19 -24 -46657
7 -12 7 -10 -64951
17 0 17 1 -58451
5 19 5 17 -61607
15 8 17 7 -60323
4 -11 4 -7 -65423
0 -22 1 -24 -40229
19 9 17 9 -54199
6 -3 3 -5 -63097
-22 10 -21 7 -64935
24 8 22 8 -53263
-18 10 -7 8 -68589
-18 -11 -20 -9 -65445
23 16 24 18 -51501
-21 20 -17 20 -68897
-3 22 -1 24 -56681
-18 24 -14 24 -53051
19 -12 20 -10 -70425
5 2 4 3 -55303
-6 16 -10 19 -57455
7 12 6 10 -55201
9 19 8 22 -67839
-24 -9 -23 -12 -57399
-24 14 -24 15 -47089
-17 23 -21 24 -64245
-1 15 -4 18 -53561
-19 -2 -23 -2 -70839
23 2 24 -1 -52829
18 -21 15 -20 -61929
17 -12 20 -11 -63193
23 22 23 20 -65131
8 12 10 13 -54499
-15 -1 -16 -4 -63157
12 1 11 1 -54599
20 19 20 20 -67107
6 -2 8 -5 -66491
-6 -12 -6 -8 -72335
-12 19 -13 19 -55753
0 9 0 8 -57065
-13 -2 -13 -3 -56739
1 22 2 22 -45725
-1 -8 -1 -9 -60315
13 -6 11 -7 -58657
13 -6 14 -9 -56617
-14 -20 -16 -23 -73559
-4 -17 -4 -16 -66863
5 -13 6 -11 -66243
5 6 2 6 -65145
9 16 8 15 -59089
22 13 23 14 -56625
10 24 11 23 -56743
-15 -24 -16 -19 -69651
-14 13 -14 10 -49179
-24 4 -24 1 -45395
-6 6 -8 8 -70153
9 -9 9 -8 -55869
-9 -12 -8 -13 -72789
4 14 5 12 -56171
17 13 17 14 -57025
-1 -24 2 -24 -53515
-21 21 -23 24 -69783
7 1 7 0 -64639
-9 2 -12 1 -58051
7 0 8 2 -72467
7 21 -17 24 -65375
0 -1 -1 -3 -62137
24 22 24 19 -60993
15 15 16 17 -57413
-12 12 -14 12 -56429
-23 -5 -22 -5 -57229
-10 -17 -10 -20 -74123
4 -5 3 -5 -65889
13 -10 12 -10 -54897
-7 17 24 21 -59405
-9 7 -10 6 -57387
-19 -2 -17 -4 -55665
7 -24 8 -20 -54343
-8 23 -10 23 -49315
-8 -13 -24 -21 -87499
17 -3 16 -4 -62189
-22 -1 -23 -24 -63307
10 3 12 2 -56723
-12 -13 0 -12 -78805
-9 2 -7 -2 -61731
-6 -5 16 -4 -82461
21 -24 21 11 -74983
9 -11 9 -13 -58879
-2 14 -3 13 -48623
24 22 21 20 -65189
-24 0 -23 -2 -49359
-21 4 -24 4 -67273
-9 -14 -9 -15 -66033
0 -12 1 -13 -67927
23 23 -21 24 -58855
15 -15 15 -16 -50377
-6 -18 9 -2 -89293
-7 9 -5 8 -66011
-17 -13 -20 -14 -64713
7 -24 15 -23 -67643
1 1 2 3 -56543
-23 21 -24 21 -51767
1 3 0 4 -55955
-3 -11 0 -11 -69189
10 -21 6 -19 -68443
24 1 24 6 -66839
-12 6 -19 5 -61245
-19 13 -18 8 -60941
18 -10 15 -13 -61729
-5 24 -6 23 -50349
-4 20 -4 19 -65303
-23 -16 -24 -16 -48175
-2 -13 -23 -16 -85905
20 18 20 16 -64063
-9 5 -10 2 -53315
9 7 9 10 -54371
-11 24 -12 24 -47409
-2 -24 6 -23 -65707
16 23 13 24 -55893
8 -4 10 -4 -53427
-1 -15 0 -16 -68153
-12 -6 -10 -6 -64007
-5 3 -20 3 -75809
-21 11 24 9 -60941
-11 -2 0 1 -84083
-7 -10 4 -12 -85953
-2 2 -3 8 -69477
-23 -17 -19 -20 -70231
-21 9 -20 10 -49791
-23 23 -22 24 -54649
-4 -24 -5 -23 -46921
5 24 7 22 -53213
7 2 8 2 -58767
24 -20 -6 -20 -80805
-23 13 -24 13 -46535
16 24 16 23 -51987
5 1 5 -1 -59367
-23 9 -14 9 -60675
20 17 19 17 -60553
-18 -2 -18 -1 -58663
5 8 4 8 -63039
-1 7 -2 19 -66193
-23 18 -23 15 -47259
4 -19 4 -1 -85901
-18 3 -18 1 -42187
-23 -3 -24 -6 -51083
-12 -24 8 -24 -66223
-1 9 -1 7 -60975
16 -22 21 -22 -61755
-9 16 -8 17 -51253
-20 -3 -19 1 -67633
6 -13 7 -14 -55251
23 2 23 3 -66233
-21 -1 -23 -2 -72263
-19 12 -21 14 -64007
7 -23 4 -24 -54519
-4 -6 -21 -8 -90291
-5 -16 -5 -18 -68959
-21 -16 -21 -15 -60697
7 20 10 24 -57593
-5 22 -5 18 -70213
2 -21 0 -1 -81455
18 -4 20 -5 -63605
21 24 19 24 -56819
-5 24 -5 22 -52951
-10 -11 -11 -14 -74839
24 11 24 4 -56899
1 14 1 21 -61387
-4 -6 -4 -7 -63373
21 23 16 23 -56803
5 -22 8 -24 -56431
24 16 23 9 -67869
22 -6 24 -9 -58085
-12 -12 -11 -11 -74029
17 -12 17 -11 -64161
4 17 3 18 -58677
-22 23 -20 23 -63639
-12 -11 -10 -11 -75441
17 23 22 19 -69283
-23 -10 -23 -18 -70079
14 -21 17 -21 -60511
16 2 17 4 -57869
-8 1 11 -19 -86001
12 5 7 -5 -80521
11 21 10 17 -58915
16 -16 16 -17 -51385
22 20 20 20 -65285
24 -4 22 -7 -54477
21 -18 22 -14 -51321
-23 6 -23 3 -49793
24 21 24 -20 -69787
-13 24 -15 22 -58207
19 -3 17 -2 -66353
-2 15 0 13 -55585
-10 -1 -9 -24 -76037
21 -5 19 -6 -62505
-9 -10 -5 -8 -69907
23 6 23 5 -55867
-5 4 -5 3 -54511
-16 17 -19 16 -62829
6 16 6 15 -51541
21 -13 22 -10 -63997
-17 24 -18 23 -56753
24 9 24 14 -62971
-22 23 -20 24 -62671
-6 -24 -7 -24 -43853
-5 -1 -2 -1 -61941
-24 4 -23 3 -61013
22 15 23 15 -53857
-1 -1 19 -24 -83639
18 -17 22 -24 -65231
14 1 16 1 -69331
-20 -23 -24 -20 -74081
-14 23 -14 21 -63533
23 -9 24 -6 -51285
-10 -2 -9 0 -51331
-2 -10 -1 -11 -68087
3 -13 0 -17 -63927
-21 -2 -21 -7 -56227
-18 17 -15 17 -63477
-24 -10 -24 -5 -48891
24 -20 -15 -20 -73679
24 -10 24 -11 -58323
11 24 12 24 -55311
1 8 -2 7 -45983
-7 -10 -23 -6 -92907
-6 -23 -5 -24 -47511
13 22 13 24 -57093
17 -19 17 -20 -60381
20 20 20 24 -61233
-23 -20 -23 -21 -48981
4 2 4 3 -59727
-21 19 -22 22 -67683
-11 -12 -14 -20 -87515
1 -20 -2 -19 -63467
-22 18 -24 18 -57767
21 22 23 23 -62303
-17 13 -16 18 -57809
23 -9 24 -12 -62903
-12 10 -14 14 -53113
2 11 -1 11 -52047
-13 -20 -5 -13 -89969
-9 -6 -10 -8 -63071
6 -23 3 -19 -55295
-6 -8 -7 -7 -73751
24 13 24 16 -53729
0 23 -1 24 -51485
-24 -20 -23 -20 -53001
24 -10 24 -8 -56853
19 -23 18 19 -83369
1 22 2 24 -56235
-18 18 -18 20 -54863
24 15 22 20 -66795
8 6 7 8 -55255
-19 11 -23 12 -63505
-24 -12 -22 -16 -60029
-1 0 -1 -1 -49021
8 20 8 22 -63021
20 -10 22 -10 -62777
-10 -21 -10 -22 -60025
-15 -24 -5 -24 -76635
-1 -5 0 -5 -67117
-24 1 -23 0 -57461
-1 -22 -3 -22 -52809
23 13 24 12 -53435
-22 3 -19 6 -54035
-18 7 -18 5 -46767
-20 -21 -22 -24 -50365
-16 -15 -17 -21 -77985
-12 17 -12 23 -68185
21 14 20 11 -67095
-9 21 -7 -15 -74313
23 -15 23 -23 -61497
-8 24 -4 23 -52541
21 -6 23 -17 -70401
0 5 0 4 -57909
-11 -15 -12 -16 -80215
-22 -14 -21 -13 -70673
-7 -20 -7 -23 -53855
-7 23 -6 20 -59689
18 -3 19 -1 -62953
7 -8 5 -8 -56509
-21 12 -24 16 -70357
15 -22 15 -18 -60855
-21 -18 -21 -20 -57055
-15 -11 -15 -8 -48755
3 23 5 24 -43399
-23 1 -24 1 -60611
2 -14 4 -15 -65823
-10 17 -10 18 -49321
14 -5 14 -4 -54915
-16 -4 -19 -5 -67053
7 -21 8 -20 -59679
-13 -24 -14 -23 -62885
24 -7 20 -6 -58373
23 6 20 6 -66473
15 -24 22 -22 -59141
-24 6 -23 6 -54583
-24 -5 -24 -6 -46139
-22 22 12 23 -67941
22 9 24 7 -61831
19 8 21 6 -62569
-1 20 0 21 -62933
16 6 12 6 -62425
14 -11 14 -10 -57413
-23 20 -24 23 -64481
-13 -8 -16 -6 -61125
-23 -3 0 -17 -87755
-3 -17 22 -17 -88387
-10 8 -8 4 -63571
6 -19 6 -16 -49669
24 4 24 1 -64985
-23 4 -24 7 -54593
-10 -19 -10 -20 -73189
-3 -3 -4 -2 -58357
5 16 6 16 -55521
-24 -8 -24 -14 -63811
7 23 9 22 -59451
15 24 16 23 -52959
13 15 13 14 -53881
24 0 21 -2 -65881
5 -20 3 -20 -65773
0 -15 0 -13 -60033
23 4 21 6 -66245
21 13 21 9 -66177
12 0 13 2 -61013
19 -4 21 16 -77995
-16 -6 -17 24 -68527
22 -23 22 -20 -50767
-9 24 -10 23 -47743
-10 -4 -10 -3 -56283
15 18 14 19 -56507
-20 -17 -19 -12 -73193
22 8 20 6 -68679
6 -13 6 -2 -78037
2 24 -1 23 -50173
-12 -12 -12 -13 -61385
-11 -20 -8 -18 -77727
