-5 -2 -1 -3 -88180
-9 -13 -10 -14 -66854
-21 -22 -17 -20 -62608
-4 -16 -15 -6 -86282
-9 12 -10 10 -46162
10 23 11 24 -59518
0 -8 0 -9 -70230
21 -9 23 -10 -67138
3 -23 4 -23 -64768
-15 -8 -15 -10 -64586
17 -19 19 -24 -59494
8 -8 9 -2 -74956
14 -23 15 -21 -51888
-21 -12 -23 -12 -47776
21 24 24 17 -67076
2 -21 3 -20 -67938
-1 -8 -3 -6 -88328
-23 -22 -24 -22 -50866
14 14 12 13 -57636
-1 -4 0 -3 -69300
22 -21 24 -16 -66876
7 -13 9 -13 -65966
13 6 13 9 -65320
-11 7 -13 7 -42858
24 22 1 23 -54916
9 8 6 6 -62616
-8 9 -8 10 -48594
1 0 0 -1 -72870
9 12 9 13 -58930
0 -22 0 -24 -52108
20 -14 -7 -19 -85826
-20 -1 -22 -5 -60960
14 15 16 15 -55726
-17 -24 -16 -22 -59788
-7 -16 -10 -16 -71514
-23 23 -24 24 -46994
-8 -1 -7 -21 -95686
17 3 18 0 -63466
6 -2 6 -6 -74538
-15 -24 -13 -23 -49188
5 5 -1 5 -61452
20 16 16 18 -61394
4 19 3 20 -58866
-18 24 -17 23 -52198
11 20 13 23 -67846
5 24 5 22 -47392
-6 -22 -6 -20 -50340
0 24 0 23 -48014
22 0 23 0 -55310
15 -24 19 -20 -64274
23 -2 24 0 -55070
-23 1 -23 0 -50964
10 4 8 4 -63504
-16 -22 -16 -23 -67388
-10 -24 -13 -24 -44968
7 -9 9 -6 -76100
17 -5 15 -8 -65128
-9 1 -10 3 -52854
17 21 16 24 -66044
23 -21 23 -19 -62576
-12 -14 -19 -17 -69686
-23 -4 -22 -7 -59746
12 12 12 11 -62706
-3 5 0 6 -56636
-3 -15 -1 -14 -79464
-12 21 -11 19 -59856
2 -10 3 -9 -75000
13 -1 13 -2 -52504
12 -2 -12 -6 -83286
21 7 22 8 -56158
-16 24 -16 23 -52894
17 10 15 8 -59732
17 0 18 0 -51522
20 -23 24 -19 -67692
-19 -3 -12 -1 -66470
3 -16 8 -15 -68900
-24 21 -24 18 -46394
-10 -19 -9 -20 -64664
21 -18 19 -16 -58658
19 -15 22 -15 -66988
12 23 16 24 -55374
-4 -24 -3 -23 -52610
3 -2 2 -5 -72824
12 -14 11 -12 -57882
-20 -23 -19 -24 -50366
-13 22 -14 22 -53162
-5 24 -7 24 -48946
-11 6 -11 5 -53122
-2 20 9 22 -65336
-10 -10 -10 -11 -59090
-1 23 -2 24 -58538
0 9 -1 11 -64914
7 9 10 6 -68304
5 -5 7 -6 -65234
-12 -2 -13 -4 -61250
-23 -9 -24 -8 -46822
-7 12 -7 19 -46690
-23 21 -24 20 -47656
0 -13 0 -14 -55990
6 -8 8 -11 -59886
6 -21 5 -24 -56016
9 -18 9 -16 -68488
-20 -16 -19 -16 -54410
-23 11 -24 13 -54176
22 -3 23 -2 -63020
11 -6 15 -4 -64996
-22 1 -21 0 -58902
9 -24 9 -19 -61046
12 17 10 18 -55472
-23 23 17 24 -58220
-13 17 -14 15 -47102
0 -4 0 -6 -66614
-4 -24 -3 -24 -58362
-6 -6 -5 -5 -77322
-3 -12 -1 -9 -70508
1 -17 -9 -17 -83594
1 -8 6 0 -88990
2 -19 3 -17 -72320
8 -8 5 -11 -75650
24 15 22 18 -60456
7 12 6 12 -55226
5 -1 8 -1 -72990
0 -24 -1 -23 -62582
23 24 20 21 -70488
-17 17 -16 16 -54704
11 -18 12 -22 -64156
-22 11 -5 -16 -84268
-12 10 -13 6 -62570
3 12 1 9 -52300
21 -22 22 -21 -65994
-24 21 2 23 -52208
18 -19 24 -22 -48542
17 24 16 21 -65668
-23 -22 -21 -23 -54314
24 -19 -6 -21 -77872
9 20 7 20 -59520
-5 3 -5 2 -49918
-23 13 -24 17 -56458
-4 5 -3 6 -60252
-22 -20 -24 -23 -60108
12 23 13 24 -62512
11 10 12 12 -66370
18 17 18 19 -65928
-16 4 -15 3 -54942
0 -22 -1 -24 -54362
-10 -1 -9 -1 -52852
15 4 14 8 -70082
-16 19 -15 21 -63488
24 -5 22 0 -54982
-21 24 -21 23 -56866
-23 22 -23 23 -59186
-3 -6 -4 -5 -79938
-22 24 -24 3 -59384
-13 20 -14 24 -61676
7 16 8 20 -64546
-20 11 -20 7 -73462
19 -1 -13 -10 -83336
-3 8 -5 -7 -69806
-10 -24 -10 -23 -40516
-15 -16 -16 -13 -50526
-13 -19 -14 -19 -57762
-6 -5 3 -3 -94762
-18 1 -17 1 -55270
-22 -6 -24 -8 -46070
-18 15 -20 12 -56422
-23 9 -23 8 -59466
-11 14 -12 17 -47410
8 23 5 24 -60158
23 0 24 -8 -60562
-2 15 -1 13 -42412
-5 -16 -5 -15 -53792
-2 -7 -8 -9 -81760
-19 -15 -18 -12 -52636
-9 16 -6 16 -50372
17 10 17 9 -58054
-15 -24 -19 -24 -50460
11 -12 10 -10 -60470
17 0 17 1 -59594
5 19 5 17 -59740
15 8 17 7 -56012
9 -15 10 -13 -57034
-23 -22 -23 -24 -40198
19 9 17 9 -52652
-6 -8 -9 -9 -67216
-22 10 -21 7 -68364
24 8 22 8 -52352
19 -11 18 -7 -64256
-14 -3 -14 -4 -56916
23 16 24 18 -62408
20 -12 18 -13 -59706
-3 22 -1 24 -43566
-18 24 -14 24 -48652
8 -21 11 -24 -63106
5 2 4 3 -63708
-6 16 -10 19 -56986
7 12 6 10 -64122
-18 -20 -17 -15 -51680
-24 -9 -23 -12 -42512
-24 14 -24 15 -50970
-17 23 -21 24 -56704
18 -16 19 -12 -58880
-21 8 -24 6 -56102
23 2 24 -1 -52108
18 -21 15 -20 -57852
3 16 3 18 -55094
23 22 23 20 -65424
8 12 10 13 -64372
-23 -1 -24 -6 -62906
12 1 11 1 -60088
20 19 20 20 -69742
24 -21 21 -15 -54540
1 -14 -11 8 -91074
-12 19 -13 19 -52824
0 9 0 8 -54946
-13 8 -13 10 -55724
1 18 5 23 -63962
19 -3 18 -3 -51356
-23 -2 -24 -3 -51314
13 -6 14 -9 -60866
6 -11 6 -9 -62452
-6 -15 -7 -16 -69114
-19 -22 -17 -22 -57058
-9 -8 -11 -3 -68512
9 16 8 15 -66374
22 13 23 14 -59584
10 24 11 23 -52556
-17 9 -18 6 -67672
-17 -5 -18 -2 -61816
-24 4 -24 1 -57234
15 -18 14 -16 -55092
-18 -23 -18 -22 -66094
19 -16 18 -17 -63962
4 14 5 12 -56654
17 13 17 14 -57212
-1 -24 2 -24 -70406
-21 21 -23 24 -70972
7 1 7 0 -49208
14 7 14 3 -69736
22 17 24 19 -67692
5 -14 5 -16 -64646
0 -23 -1 -1 -81038
24 22 24 19 -61656
15 15 16 17 -55384
-12 12 -14 12 -47928
-1 -12 -4 -11 -76298
-16 -9 -7 -10 -65242
15 -3 10 -2 -62886
13 -10 12 -10 -53610
2 -14 24 -24 -68088
-9 7 -10 6 -53596
-17 -11 -20 -7 -61894
7 -24 8 -20 -61538
-8 23 -10 23 -46966
0 -1 -4 0 -82206
-5 0 -3 2 -62872
-5 -24 -4 -21 -55564
10 3 12 2 -61850
-15 -22 -16 0 -77922
0 -23 -3 -23 -72860
14 -5 14 -7 -65690
-1 -12 0 -13 -63918
-24 -21 -24 -20 -52306
10 -19 5 -17 -74342
24 22 21 20 -71596
-24 0 -23 -2 -56704
-24 -8 -24 -9 -39250
12 13 9 -21 -90122
21 -11 22 -13 -64508
23 23 -21 24 -53332
15 -15 15 -16 -53392
-20 -4 -22 -2 -59132
10 -9 8 -11 -73576
0 -8 0 -12 -69134
7 -24 15 -23 -53180
1 1 2 3 -63380
-23 21 -24 21 -51168
1 3 0 4 -57942
-13 -13 -16 -15 -61576
-7 1 -8 -18 -94184
24 1 24 6 -65608
-24 -14 -24 -17 -42550
-19 13 -18 8 -62388
-20 14 -21 12 -62230
-5 24 -6 23 -44014
-4 20 -4 19 -52062
-23 -16 -24 -16 -45270
-6 -14 -4 -12 -71082
20 18 20 16 -65608
-9 5 -10 2 -55140
9 7 9 10 -59232
-11 24 -12 24 -45006
-14 -13 -19 -13 -62326
16 23 13 24 -54208
8 -4 10 -4 -62954
-8 19 -7 22 -57882
-14 -8 -12 -24 -68066
4 -9 -1 -6 -81876
-21 11 24 9 -59988
-9 -13 -7 -12 -74598
0 -11 -22 -15 -71558
22 1 22 -9 -66444
1 10 0 11 -64978
-21 9 -20 10 -60178
-23 23 -22 24 -51560
-4 -24 -5 -23 -63672
5 24 7 22 -63036
7 2 8 2 -69514
-21 -19 -20 -20 -52106
-23 13 -24 13 -45454
16 24 16 23 -60972
5 4 5 8 -65952
-9 0 -8 -1 -56212
20 17 19 17 -57832
-18 -2 -18 -1 -54666
1 20 -5 23 -60818
9 -5 9 0 -62952
-23 18 -23 15 -46306
4 -1 4 -2 -57286
-18 3 -18 1 -60534
0 -6 -2 -6 -81334
-2 14 3 17 -55442
-12 -22 -7 -19 -57392
10 -23 8 -22 -63386
-9 16 -8 17 -52052
-7 -8 -8 -6 -67150
-15 8 -18 8 -47800
23 2 23 3 -66038
12 5 12 6 -64834
-19 12 -21 14 -57850
7 -23 4 -24 -55736
14 -20 8 -20 -61126
2 14 5 17 -64610
-21 -16 -21 -15 -49348
7 20 10 24 -62110
2 -8 1 -10 -75994
-22 -24 -23 -24 -48156
19 -1 18 -24 -72394
21 24 19 24 -56214
-5 24 -5 22 -47906
-9 -18 -10 -17 -69620
24 11 24 4 -53802
-16 -5 -15 -5 -58436
-4 -1 -2 -3 -78090
21 23 16 23 -56312
5 -22 8 -24 -59112
24 16 23 9 -67332
22 -6 24 -9 -64352
3 -24 1 -24 -68016
17 -12 17 -11 -60176
0 -8 -2 -6 -86938
-22 23 -20 23 -58592
18 -21 18 -23 -56050
-6 -20 5 -21 -97044
15 -17 16 -17 -58674
14 -21 17 -21 -57220
16 2 17 4 -57002
21 -23 20 -24 -48290
-9 0 -3 -22 -101352
11 21 10 17 -58102
0 0 -23 -2 -67666
22 20 20 20 -65154
24 -4 22 -7 -56304
21 -18 22 -14 -57918
-23 6 -23 3 -62152
24 21 24 -20 -62276
-13 24 -15 22 -58046
-8 -21 -9 -21 -57408
3 11 6 13 -63970
-14 4 -15 1 -58852
-14 -22 -14 -21 -63338
0 -15 1 -17 -61352
23 6 23 5 -54614
-16 -7 -14 -9 -67288
-16 17 -19 16 -54904
6 16 6 15 -54384
21 -13 22 -10 -60472
-17 24 -18 23 -55298
24 9 24 14 -61184
-22 23 -20 24 -58220
-6 -24 -7 -24 -47670
-18 -24 -8 0 -81320
-24 4 -23 3 -62104
22 15 23 15 -57212
-12 -20 -13 -24 -59182
-15 1 -15 2 -55912
16 -3 18 -6 -57788
3 -10 -1 -10 -76982
-14 23 -14 21 -64546
23 -9 24 -6 -57144
-23 13 -23 12 -56328
-6 6 -5 9 -59540
22 -5 -23 -22 -63608
2 -2 6 0 -70254
-18 17 -15 17 -58058
-2 -20 4 -22 -91648
2 0 0 -1 -76854
24 -10 24 -11 -57930
11 24 12 24 -51698
-11 -9 -12 -12 -70162
-3 21 0 18 -60708
-6 -23 -5 -24 -60222
13 22 13 24 -62326
17 -19 17 -20 -59538
20 20 20 24 -65538
-23 -20 -23 -21 -56572
4 2 4 3 -60606
-21 19 -22 22 -68504
-15 11 -8 0 -72882
15 -17 17 -16 -63772
-22 18 -24 18 -56592
21 22 23 23 -65148
7 -24 9 -1 -85374
23 -9 24 -12 -63274
23 -6 6 -9 -72836
2 11 -1 11 -53270
-2 9 -2 10 -55236
-9 -6 -10 -8 -63048
4 -12 1 -13 -74384
19 4 21 7 -61414
24 13 24 16 -55324
0 23 -1 24 -57820
-24 -20 -23 -20 -52454
24 -10 24 -8 -59112
9 -19 8 -16 -76440
1 22 2 24 -51036
-18 18 -18 20 -50734
24 15 22 20 -67576
-16 -7 -17 -9 -59084
-19 11 -23 12 -57666
-24 -12 -22 -16 -46626
-6 -8 8 -22 -93546
-17 -21 -16 -22 -58874
20 -10 22 -10 -66316
-24 -20 -23 -17 -48906
8 -9 11 -9 -66060
1 -15 2 -15 -73832
-9 -3 -8 0 -55912
-6 -1 -8 -1 -67632
23 13 24 12 -53166
-7 -1 -7 -5 -62554
-18 7 -18 5 -61704
-20 -21 -22 -24 -57006
-1 20 2 17 -57902
-12 17 -12 23 -69928
21 14 20 11 -65352
12 24 6 -21 -87988
23 -15 23 -23 -67000
-8 24 -4 23 -51724
3 -14 1 -17 -76562
0 5 0 4 -54508
-3 12 -6 10 -49378
12 9 9 12 -61242
-23 -14 -24 -16 -47266
-7 23 -6 20 -59174
20 -13 24 -12 -59886
3 -4 -3 -2 -85410
-16 1 -17 0 -60718
20 -23 -18 -23 -60292
-23 1 -24 5 -68390
-20 13 -23 1 -78496
3 23 5 24 -46876
-23 1 -24 1 -44676
1 -23 0 -19 -67514
-10 17 -10 18 -54076
14 -5 14 -4 -58356
-16 -3 -15 -14 -78972
7 -21 8 -20 -62276
-13 -24 -14 -23 -48244
24 -7 20 -6 -58732
23 6 20 6 -62950
15 -24 22 -22 -57714
-24 6 -23 6 -45962
-24 -5 -24 -6 -50524
-10 11 12 14 -68808
22 9 24 7 -61662
19 8 21 6 -61836
-13 -9 -14 -10 -63908
16 6 12 6 -53146
14 -11 14 -10 -57520
-23 20 -24 23 -65790
-2 -5 -5 -7 -85920
-7 -18 14 -22 -88074
14 1 14 0 -59424
-2 -19 -2 -21 -54932
6 -19 6 -16 -78330
24 4 24 1 -64914
-23 4 -24 7 -63712
2 -17 -4 -19 -86910
4 -19 5 -20 -70962
5 10 3 12 -61364
-9 -19 -11 -14 -63564
7 23 9 22 -62340
15 24 16 23 -57086
13 15 13 14 -53916
24 0 21 -2 -64868
-24 3 -17 5 -59116
-1 -4 -2 -2 -69552
23 4 21 6 -65932
21 13 21 9 -64268
12 0 13 2 -56842
20 -6 19 -8 -65192
-13 -6 -15 -4 -64934
22 -23 22 -20 -55920
-9 24 -10 23 -47466
4 -19 3 -15 -76042
15 18 14 19 -58310
9 7 9 -22 -87852
-23 -2 -23 -3 -58176
2 2 3 1 -62602
-22 -13 -21 -12 -47778
4 8 6 2 -71886
5 9 1 -19 -91012
