22 0 22 1 -67029
4 18 1 19 -54979
-16 -23 -19 -24 -45209
24 0 24 1 -63249
3 -15 1 -17 -54719
6 -23 5 -24 -60617
-19 23 0 24 -78385
-1 -7 3 -9 -48765
20 22 20 24 -51779
-23 11 -24 11 -58405
-12 -3 -11 -6 -61429
10 -24 13 -24 -63879
11 -7 10 -7 -52563
16 12 16 13 -50287
-13 0 -14 -1 -69387
-4 7 -4 8 -91601
2 -21 0 -21 -53781
-23 -22 -24 -22 -58911
19 -23 18 -19 -62189
14 -6 14 -4 -60711
-24 18 -24 21 -70127
16 3 16 2 -57903
13 -14 11 -11 -65417
-15 -5 -16 -6 -59115
13 22 11 23 -56193
-2 -17 -3 -19 -58407
0 7 0 6 -78941
3 -11 3 -9 -45693
-18 1 -18 0 -61439
0 -22 0 -24 -61105
17 8 19 -17 -70621
-5 4 -6 6 -80441
10 14 12 16 -55417
24 12 23 12 -67449
-19 -2 -17 -3 -59495
-23 23 -24 24 -43167
24 -5 24 15 -63255
-17 2 -15 4 -71883
23 14 23 12 -58817
-15 -24 -13 -23 -58269
-6 9 -7 10 -60751
1 -3 0 -3 -50611
-6 23 -6 24 -50609
-18 24 -17 23 -66567
-6 7 -9 7 -70505
12 20 7 24 -63687
23 -17 22 -14 -42879
8 9 4 10 -49695
-6 0 -8 -2 -76893
0 -21 0 -22 -70431
23 -2 24 0 -59023
11 12 12 12 -56075
10 22 11 24 -52085
-17 -3 -17 0 -64663
-10 -24 -13 -24 -61893
19 -24 18 -23 -49643
8 -16 8 -15 -52549
10 9 11 8 -54961
24 -14 23 -13 -51553
6 -9 9 -10 -49563
14 -23 12 -21 -65387
-7 -24 -9 -24 -50473
-10 17 -11 15 -56767
-1 -15 -2 14 -91167
-7 7 -9 5 -77687
-10 8 -15 9 -70737
-22 -14 -21 -18 -70695
-24 11 -24 10 -50633
-18 -23 -18 -24 -48929
-18 7 -19 16 -90315
-16 24 -16 23 -59341
21 10 20 13 -60553
23 -24 0 -24 -45347
2 -20 2 -21 -64449
-19 19 -18 19 -60729
16 14 14 14 -51261
0 5 1 3 -71091
-24 21 -21 17 -65597
-22 0 -22 1 -63439
-20 0 -22 0 -52497
15 10 15 9 -52461
-6 -8 -12 -6 -82659
-3 13 -3 10 -62027
-5 -24 -4 -23 -52403
-20 -23 -19 -24 -48713
19 -21 15 -24 -45323
-24 -21 -23 -22 -65065
-6 1 -9 3 -89619
24 6 23 1 -66413
4 8 3 4 -74897
-8 11 -7 12 -63155
20 -22 21 -24 -56081
-14 0 -13 0 -69631
9 19 8 21 -59709
-22 0 -21 3 -69585
-23 -9 -24 -8 -45789
13 17 12 19 -57389
-23 21 -24 20 -62535
-9 -23 0 -24 -57861
-8 1 -8 2 -62791
-17 2 -15 3 -74867
-11 4 -9 7 -79009
0 -24 -2 -24 -46045
-5 10 -3 12 -61381
-6 13 -6 14 -56155
23 -13 24 -13 -56759
-16 1 -17 3 -64145
12 -17 13 -17 -52727
-3 -8 -4 -8 -57543
18 -5 17 -6 -47451
-13 7 -14 5 -69575
23 -22 24 -21 -53147
6 -14 5 -14 -50643
-2 -23 -5 -20 -57841
-23 -21 -23 -20 -68915
0 17 -3 16 -56877
-8 -19 4 22 -87751
-7 0 -22 0 -87815
-24 -22 -24 -23 -59809
-3 14 -2 17 -72741
8 -19 10 -24 -65245
24 24 19 24 -57841
-11 -9 -10 -10 -65909
-14 -23 -15 -24 -57155
-23 7 -24 6 -63761
-21 23 -20 24 -54555
19 -9 19 -8 -56749
3 -19 4 -19 -53955
1 2 -1 0 -68945
15 22 13 21 -48565
-4 -21 -7 -21 -55487
24 -3 24 -1 -53233
-6 7 -6 8 -83035
17 21 19 20 -55713
-23 -8 -24 -9 -57759
-18 -12 -17 -11 -50499
-15 -21 -15 -24 -63349
-11 -20 -13 -20 -63915
-13 -17 -13 -18 -57187
1 14 0 12 -56021
12 23 13 24 -49161
4 0 6 0 -52293
-17 24 -2 24 -80175
-14 -3 -14 -1 -60397
0 -22 -1 -24 -55859
-21 -24 -21 -24 -239785
14 -20 15 -24 -63145
-12 -18 -13 -19 -60629
-15 21 -15 20 -67021
-21 24 -21 23 -53001
-23 22 -23 23 -52031
-2 3 -9 3 -95195
-5 -9 -4 -11 -59071
6 -19 7 -21 -53843
-10 -11 -10 -5 -70715
-4 5 -3 6 -69779
-17 -10 -17 -13 -67533
17 17 16 15 -56849
-10 -24 -10 -23 -42943
4 -19 4 -16 -54427
-2 19 -3 14 -77529
13 17 13 15 -53327
-9 -8 -9 -10 -65035
4 -13 5 -15 -49435
-15 22 -15 21 -69221
5 2 5 9 -76419
11 -4 9 -5 -60605
24 22 -7 21 -56221
9 6 8 4 -56311
-11 -20 -12 -17 -56855
-15 14 -5 14 -78701
-12 -23 -11 -24 -53347
-20 9 -20 10 -70919
8 -6 8 -5 -47501
23 -18 22 -19 -54067
14 8 14 10 -51795
-6 2 -17 19 -104465
17 -16 18 -19 -46941
-24 20 -24 19 -67979
-24 -11 -22 -9 -59809
-20 15 -21 17 -72595
-23 -22 -23 -24 -58597
9 6 6 24 -74087
-12 18 -9 15 -67241
18 7 16 7 -50445
24 8 22 8 -58815
13 -8 15 -6 -60955
-17 13 -14 14 -65719
23 16 24 18 -60005
19 -16 17 -16 -48355
0 -15 2 -15 -52255
20 4 23 3 -63159
-4 -12 -3 -11 -54833
12 -11 11 -12 -52377
-24 -19 -24 -17 -58585
-14 3 -17 4 -73375
23 -8 21 -9 -57149
-3 2 0 3 -70533
-24 14 -24 15 -55349
-17 -2 -19 -4 -63419
13 -3 13 -4 -53023
9 19 9 -10 -71353
24 -5 24 -3 -57461
-24 6 -23 3 -66535
18 5 17 7 -56859
23 22 23 20 -52791
-19 13 -18 14 -72775
24 17 22 18 -56109
19 11 18 10 -51255
12 -12 12 -15 -49755
12 -24 15 -24 -56529
-5 -6 -4 -6 -66885
23 1 24 4 -63933
-2 21 -2 22 -62545
23 -24 21 -22 -45495
-22 -24 -23 23 -71137
0 -1 0 0 -69051
-23 -2 -24 -3 -53293
23 -22 23 -23 -50245
12 19 12 17 -55453
-24 19 -24 17 -62407
6 17 5 17 -50047
-20 -24 -22 -24 -53023
0 22 -3 23 -57629
12 -23 13 -22 -56495
24 13 23 13 -67257
19 5 18 4 -54657
-12 -9 -10 -6 -68399
-13 -24 -11 -23 -64599
5 4 -2 5 -57431
24 0 23 1 -63119
-16 -18 -16 -17 -61303
0 24 -3 22 -64373
17 -9 15 -10 -55249
-9 -2 -9 -3 -57443
-1 24 -2 24 -53397
23 -6 22 -6 -50765
0 23 1 20 -61879
22 0 24 -1 -64737
7 24 4 23 -51555
-10 24 -13 24 -67933
24 22 24 19 -48911
5 -4 3 -10 -58429
15 -9 16 -12 -65593
-3 -2 -3 19 -94541
23 -19 -21 -22 -44241
-18 -5 -17 -11 -64247
13 -13 11 -11 -62325
-13 24 -15 24 -61463
-14 23 -13 24 -66415
14 -11 15 -9 -64043
-2 0 -4 1 -80219
13 20 13 22 -50747
6 0 6 -1 -52145
20 22 21 24 -58417
23 22 23 24 -43077
16 16 18 17 -54627
10 -20 11 -19 -60533
18 -11 15 -10 -51067
4 -14 5 -13 -57303
-6 -21 -6 -24 -51997
-24 -21 -24 -20 -64835
-20 -6 -1 -6 -83033
0 -4 0 -5 -52193
19 10 19 3 -65181
-24 -8 -24 -9 -47197
5 10 5 11 -54919
-22 7 -21 10 -70491
21 18 21 19 -49931
-11 23 -10 8 -77033
-9 -22 -8 -21 -59677
17 -2 17 -3 -48701
-5 21 -5 24 -59799
-24 -6 -24 -8 -43645
0 1 -20 1 -95389
10 19 8 15 -59727
10 24 7 23 -46083
-1 17 -1 20 -68773
8 -23 8 -24 -58083
2 -9 17 11 -82761
-19 23 -21 24 -59053
14 5 13 1 -62061
0 -24 -2 -22 -54327
24 0 23 0 -52345
18 22 16 22 -50183
-23 -16 -24 -16 -49249
-16 22 -7 -15 -94339
-19 -5 -19 -6 -49243
-20 -14 -21 -13 -63423
-16 -9 -16 -12 -66269
-17 14 -17 16 -67765
-22 -18 -24 -15 -71517
-18 16 -19 17 -66137
2 0 2 2 -69575
10 23 10 24 -46051
15 9 16 9 -50833
-24 4 -24 5 -56299
18 13 17 16 -53285
23 10 23 14 -57163
16 -22 18 -22 -46025
-24 -12 -23 -16 -52173
-4 12 -20 13 -89969
-12 4 -14 8 -68305
-22 24 -24 24 -50587
-7 22 -10 24 -61335
11 8 10 8 -55491
20 24 19 24 -62155
-14 7 -14 19 -81833
-23 13 -24 13 -57935
16 24 16 23 -44219
-9 0 -12 0 -79301
-14 24 -13 22 -66477
20 -14 19 -16 -47753
-11 6 -17 22 -97647
-12 22 -14 21 -72029
24 17 23 16 -59883
-21 19 -22 17 -74275
-16 -14 -16 0 -78381
-17 -24 -21 -24 -48161
8 1 5 3 -56687
14 -8 14 -7 -57055
12 -22 12 -23 -57989
-9 -11 -6 -9 -66017
12 -24 10 -24 -59685
0 17 1 19 -61751
24 -15 23 -15 -59323
-21 14 -22 16 -69579
0 -16 -3 -17 -52305
13 4 15 2 -59621
7 -23 4 -24 -50875
5 -24 4 -22 -53375
19 0 21 1 -54567
-17 11 -17 10 -69869
-20 16 -22 14 -76577
24 -11 22 -13 -55335
-22 -24 -23 -24 -55255
23 -22 23 -21 -53155
21 24 19 24 -64261
24 -20 23 -18 -43535
24 16 23 17 -55545
17 -24 24 -24 -41259
-11 1 -10 18 -82981
24 10 23 8 -46231
-18 -10 -21 -8 -55299
22 -14 22 -12 -44267
20 16 21 19 -61291
-6 -7 -6 -6 -51503
5 10 5 13 -55557
-24 1 -23 2 -59211
-23 8 -24 7 -66433
-22 -3 -21 -2 -62235
-18 22 -19 23 -72561
-4 -23 -2 -22 -56089
1 18 2 15 -64147
6 -23 6 -24 -58963
16 -6 15 -4 -56621
21 -23 20 -24 -43039
-14 -21 -14 -23 -62345
-3 24 -4 23 -57043
-12 -9 -13 -10 -59841
-18 11 0 7 -90127
24 -4 22 -7 -56939
8 4 9 2 -58525
-19 1 -18 1 -61861
13 -22 17 -24 -57357
12 -1 14 -24 -61149
-6 -10 -6 -11 -56801
22 20 23 20 -55973
-4 9 -4 7 -88911
21 0 20 2 -66657
24 6 24 7 -51157
23 6 23 5 -58663
-7 -13 -8 -14 -60277
5 20 5 22 -65545
-11 -12 -11 -14 -49785
-13 11 -20 12 -69651
-17 24 -18 23 -58501
-23 -21 -22 -23 -68025
-17 8 -22 8 -56115
9 -18 10 -15 -54575
-6 6 -9 -13 -85033
-24 4 -23 3 -56037
9 -9 8 -7 -50889
-8 -14 -10 -15 -64961
-2 4 -24 4 -84409
-15 24 -20 24 -59025
10 12 8 13 -53323
-13 15 -16 15 -66797
20 -18 20 -19 -49503
9 -18 9 -20 -54785
-24 -2 -23 -4 -43183
-2 1 -4 3 -83317
5 -12 5 -13 -49083
-12 0 -5 -4 -95693
24 -5 24 -7 -47197
-2 21 -5 23 -58385
24 -10 24 -11 -51431
11 24 12 24 -47995
21 -1 18 0 -58023
-12 20 -14 24 -71747
7 22 2 24 -50899
-10 1 -7 0 -90565
1 23 23 22 -59901
16 0 15 0 -41073
-23 7 -23 8 -58407
-1 2 -1 3 -72455
-21 -13 -20 -12 -55619
22 -18 24 -18 -55581
-11 -21 -11 -19 -53133
22 6 23 7 -57797
21 22 23 23 -59675
-9 22 -11 22 -67701
23 -9 24 -12 -53545
10 -3 7 -3 -55483
-3 12 6 10 -63303
13 3 11 4 -57343
-23 20 -21 22 -68043
-21 -18 -20 -16 -58231
-3 -22 -3 -20 -62403
24 13 24 16 -52075
-7 9 -7 10 -65123
-24 -20 -23 -20 -58965
24 -10 24 -8 -49297
-3 -14 -3 -16 -37231
-1 15 0 13 -59495
23 15 -24 15 -53105
-21 12 -20 14 -79167
3 20 3 19 -65419
10 -9 9 -11 -52385
11 0 11 1 -48587
-13 -12 -10 -12 -59447
19 9 -5 10 -72279
-21 21 -21 5 -88861
-24 -20 -23 -17 -58373
-12 2 -8 4 -81365
-10 3 -10 5 -64077
2 -24 1 -24 -42335
-8 -23 -11 -24 -58775
23 13 24 12 -64237
-22 -16 -20 -19 -72037
23 -21 21 -23 -59321
1 22 2 24 -62231
12 5 13 6 -54215
24 -5 24 -4 -56621
-15 19 -15 18 -61169
5 -1 3 20 -86791
-17 18 -16 19 -62311
-13 -15 -13 -14 -52151
-3 -14 -2 10 -93375
18 -18 19 -17 -52801
0 -14 8 6 -84491
3 7 2 10 -67157
-23 -14 -24 -16 -47253
-19 13 -19 11 -77295
-2 0 -3 -1 -70985
-5 24 -8 22 -53635
-24 -12 -23 19 -69061
-24 0 -24 2 -56133
16 -11 16 -10 -63843
4 22 4 24 -53623
-15 -19 -16 -18 -49785
-10 -7 -13 -5 -71461
-6 2 -4 3 -78479
-24 21 -23 21 -54085
-23 -24 -22 -22 -50911
10 0 12 -2 -54355
-10 19 -10 18 -51231
-13 -24 -14 -23 -51035
11 -23 9 -21 -58213
8 3 8 6 -61301
-5 -14 -7 -13 -50363
-24 6 -23 6 -55523
1 -11 2 -10 -59995
-6 23 -7 24 -53849
22 9 24 7 -59791
-7 -17 -9 -18 -63449
1 -19 0 -16 -55251
-23 -8 -24 -8 -46693
-8 -5 -10 -5 -78053
9 -20 8 -21 -57079
-12 0 -13 5 -64267
5 -22 6 -21 -63789
-1 9 0 8 -70175
-16 -18 -19 -21 -55811
2 -8 1 -9 -58427
-7 2 -7 -2 -66975
-23 4 -24 7 -66797
4 -6 3 -6 -47383
-11 -4 -10 -3 -66137
-16 6 -15 8 -68063
0 17 -3 20 -63383
-4 -4 -5 -1 -61599
15 24 16 23 -48673
-7 -7 24 -7 -58901
0 -2 0 2 -78291
-11 24 -12 23 -63091
1 0 -1 1 -62363
-17 -16 -16 -12 -63601
-3 -19 -3 -17 -52283
-1 20 6 24 -68483
-3 9 0 9 -59097
0 4 -1 3 -65869
-23 14 -24 13 -67137
8 19 6 18 -57519
4 24 3 23 -56583
1 -9 1 0 -66835
-5 19 -7 17 -60055
9 -3 10 0 -53707
-21 -12 -21 -13 -55215
-3 -1 -7 -3 -81711
19 -7 21 -8 -50403
-24 -3 -24 -1 -44253
