22 19 20 19 -56924
16 19 16 21 -49586
-16 -23 -19 -24 -61176
24 0 24 1 -50250
-19 15 -17 16 -54790
6 -23 5 -24 -59024
-24 -23 -24 8 -64602
16 21 17 21 -62946
20 22 20 24 -53238
-23 11 -24 11 -61926
-21 -1 -18 -23 -74832
21 24 22 24 -52704
0 24 -2 20 -70424
-6 16 -11 16 -66416
24 -7 23 0 -63168
-19 -9 -17 -11 -65158
-7 5 -8 7 -62566
-23 -22 -24 -22 -59944
21 11 24 12 -61446
4 -9 2 -8 -55950
-24 18 -24 21 -57364
-15 2 -15 3 -63964
10 -19 16 -22 -67476
-8 -15 -12 -13 -72338
2 -20 1 -23 -67246
-24 -6 -22 -7 -67652
-5 7 -4 3 -72496
-15 13 -17 14 -56778
10 12 8 -9 -65764
-3 -9 -1 -7 -70650
20 11 17 11 -55004
24 23 24 1 -52136
-15 -2 -15 0 -56228
-16 -15 -18 -17 -52202
-10 -16 -9 -16 -71494
-23 23 -24 24 -47726
23 -2 22 0 -66364
-22 -17 -23 -17 -62604
-21 -5 -21 17 -67590
-15 -24 -13 -23 -57650
0 4 -2 2 -60600
1 -3 0 -3 -53360
-6 23 -6 24 -45376
-18 24 -17 23 -45840
-5 -24 3 -20 -71426
-18 -13 -19 -13 -55730
4 1 6 0 -57944
8 -21 7 -19 -52874
-11 -7 -15 -6 -82200
-23 10 -24 9 -55218
24 13 23 11 -56024
22 -10 21 -15 -60550
10 22 11 24 -68078
-13 9 -15 9 -55076
-10 -24 -13 -24 -54970
2 17 0 17 -57116
-11 0 -10 2 -62294
-21 0 -20 0 -60774
24 4 23 4 -54270
-5 -9 -5 -7 -69982
-24 4 -24 4 -237346
-7 -24 -9 -24 -56140
2 5 1 2 -66512
6 20 7 17 -55156
-2 -21 -7 -10 -84802
-20 -9 -13 -6 -78918
18 -15 18 -18 -57510
-24 11 -24 10 -44444
-18 -23 -18 -24 -54986
20 13 22 16 -61838
-16 24 -16 23 -49148
-22 23 -21 23 -55442
5 10 6 11 -46258
21 9 21 13 -56978
2 -22 2 -18 -63296
21 -15 24 -12 -59138
6 24 9 23 -55034
-2 4 0 8 -69036
6 -14 5 -13 -61898
4 3 2 9 -66622
-19 -5 -21 -2 -64778
-14 -12 -14 -10 -78388
-10 -2 -10 -1 -60404
13 -9 12 -7 -51838
23 17 23 19 -50618
19 -21 15 -24 -64156
-24 -21 -23 -22 -61486
5 -17 6 -19 -56342
6 14 6 16 -45906
-15 1 -16 9 -74272
12 5 13 5 -67908
20 -22 21 -24 -51092
-18 -7 -19 -8 -67046
-12 4 -12 5 -60458
1 2 -12 -2 -92644
-23 -9 -24 -8 -63020
-5 -7 0 -2 -90312
-23 21 -24 20 -49890
20 18 17 19 -55924
5 -3 5 -4 -54228
-1 6 -1 10 -66462
-3 24 -2 22 -50666
3 12 1 13 -55132
-7 22 -7 20 -59582
3 -23 11 -24 -61392
23 -13 24 -13 -54916
23 -20 23 -18 -54480
0 1 0 -1 -51976
-24 -9 -22 -11 -60918
13 -9 12 -9 -47072
-23 5 -24 6 -60638
23 -22 24 -21 -50272
23 -4 22 -5 -51302
-6 -10 -5 -13 -80922
19 -3 14 -1 -60586
-8 -19 -9 -19 -69882
-12 -22 -15 9 -84420
-2 -23 -3 -23 -51164
-24 -22 -24 -23 -60044
-23 -22 24 -21 -55516
-6 -11 -8 -9 -76240
-5 -9 -19 -6 -90648
-21 -4 -21 -5 -58018
-14 -23 -15 -24 -57550
-23 7 -24 6 -52084
-21 23 -20 24 -47700
16 -16 15 -18 -57322
-18 2 -17 4 -59648
-13 -16 -14 -14 -60450
-13 -22 -15 -20 -62854
22 -20 23 -20 -56976
24 -3 24 -1 -49452
23 -13 13 -10 -58688
-5 10 -4 12 -47750
2 23 1 24 -43726
-21 0 -10 4 -70556
21 -21 20 -24 -59214
18 0 18 4 -64710
3 22 4 19 -68072
24 1 23 3 -58682
12 23 13 24 -59842
-8 23 8 24 -59700
-6 19 -16 -15 -86344
12 -11 13 -15 -54008
0 -22 -1 -24 -61830
22 1 21 4 -62074
-11 -23 -10 -22 -65396
7 -10 5 -8 -53552
24 -3 23 -3 -56500
-21 24 -21 23 -45992
-23 22 -23 23 -45732
10 12 9 12 -56824
15 8 9 9 -69930
12 0 13 -1 -58130
-8 -17 -8 -18 -64642
-9 -8 -9 0 -71186
23 -24 22 -23 -42792
-13 -20 -13 -21 -64242
-10 -24 -10 -23 -56580
-22 -21 -22 -22 -67420
24 19 23 18 -49610
-5 -24 -7 -23 -52966
-19 16 -18 15 -55664
-6 11 -7 12 -47806
-15 22 -15 21 -53356
2 -15 -2 -16 -67194
4 21 4 19 -64270
-22 -8 -10 -3 -80338
-2 -21 -3 -19 -65150
-4 20 -7 21 -54892
8 23 7 21 -67588
-12 -23 -11 -24 -58244
14 1 16 1 -65540
18 10 18 12 -56382
23 -18 22 -19 -60040
0 -11 0 -12 -59638
10 7 10 8 -53766
17 -16 18 -19 -59692
-24 20 -24 19 -56026
7 15 -7 14 -65190
-7 6 -7 9 -63292
-23 -22 -23 -24 -63322
-9 -15 -8 -14 -74052
-11 0 -22 1 -70540
1 1 2 2 -59486
3 -15 3 -16 -58970
-10 18 -7 16 -63480
-23 21 -24 22 -56698
13 -19 14 -20 -61472
-19 7 -20 8 -68572
9 -12 8 -12 -49768
22 -16 22 -15 -50328
-9 -7 -5 -4 -79666
24 18 24 17 -47834
-24 -19 -24 -17 -39762
-4 -20 -5 -20 -57430
14 10 15 13 -58818
-13 -8 -14 -6 -77874
-24 14 -24 15 -39028
16 15 18 16 -56020
-20 5 -20 4 -54860
5 -1 5 -3 -52166
24 11 23 -1 -57922
-8 8 -9 8 -57714
-14 -6 -14 -5 -59968
15 22 -8 24 -63812
-11 -9 -16 -5 -90668
-2 -3 -24 -17 -74572
24 -18 23 -17 -58812
-23 7 -17 5 -79064
12 -24 15 -24 -48128
13 -11 13 -10 -51570
16 12 16 17 -58558
23 21 -24 19 -49584
-16 -4 -16 -3 -58318
-8 11 -8 8 -53086
-18 -6 -19 -11 -65760
-23 -2 -24 -3 -62540
23 -22 23 -23 -46606
1 17 0 16 -54174
-24 19 -24 17 -45980
3 24 5 22 -57942
-20 -24 -22 -24 -55668
-10 17 -13 19 -62194
12 -23 13 -22 -60850
24 13 23 13 -51064
17 7 16 7 -62100
12 3 10 4 -64838
-17 4 -22 5 -77412
23 2 19 0 -65090
6 -1 -6 0 -69348
-16 -18 -16 -17 -56644
17 3 16 4 -61998
-5 12 -7 11 -52238
13 -12 10 -15 -61688
-7 -7 -11 -6 -76878
-21 14 -22 -24 -73298
0 -4 -5 -2 -65646
-6 -20 -7 -19 -65498
7 24 4 23 -57220
-10 24 -13 24 -50922
24 22 24 19 -46234
16 -4 17 -5 -55444
22 -15 -12 -15 -73362
-22 -15 -21 -17 -49064
22 -6 21 -4 -63424
-10 21 -10 22 -57774
3 -24 2 -23 -52440
-19 4 -18 3 -67680
-14 23 -13 24 -50180
16 2 14 0 -67290
-24 -6 -21 -5 -62796
9 -5 7 -5 -56300
7 -14 6 -13 -64090
5 -8 5 -11 -46112
23 22 23 24 -58476
-4 4 -3 4 -56770
-6 1 -7 0 -70198
15 -5 15 -7 -52334
13 -24 -23 -23 -58682
-6 -21 -6 -24 -69736
23 22 23 24 -58476
4 -21 0 -18 -61556
0 15 0 5 -64474
-19 -14 -20 -10 -60618
-24 -11 -24 -9 -45570
-10 -23 -9 -20 -77942
1 -24 0 -22 -58206
21 20 23 24 -65202
20 -4 21 -2 -53416
-4 -11 -4 -13 -72256
-13 -3 18 -3 -79884
9 -23 7 -24 -53406
-13 -16 -13 -18 -57688
23 -6 24 -7 -58914
0 -9 0 -11 -63240
11 15 12 17 -69804
5 -23 7 -24 -55140
8 -23 8 -24 -59798
2 -16 4 -12 -62316
-19 23 -21 24 -48626
-4 -16 -4 -15 -58418
0 -24 -2 -22 -56734
24 0 23 0 -60428
18 22 16 22 -62238
-23 -16 -24 -16 -54232
2 24 0 23 -47842
-3 15 -4 15 -41118
24 15 23 13 -52354
-13 -11 -13 -12 -77906
13 22 11 24 -51186
18 -4 20 -4 -50312
-9 20 -11 19 -64288
-2 4 -2 0 -66424
10 23 10 24 -54490
-4 15 -4 14 -43862
-16 -20 -17 -21 -58808
2 -24 3 -24 -51084
8 4 8 0 -46978
-8 8 -10 -14 -82582
-8 -14 -10 -16 -77314
7 12 8 12 -53724
-16 17 -18 18 -61982
-22 24 -24 24 -52036
-7 22 -10 24 -57264
22 -15 23 -16 -57010
-7 -7 -7 -10 -71262
-7 -15 -7 -21 -76224
-23 13 -24 13 -56456
-12 -14 -13 -14 -62056
19 -23 18 -23 -46128
-14 24 -13 22 -52742
-24 -1 -24 0 -57886
16 -21 17 -22 -51008
10 17 12 17 -59422
20 8 19 5 -65340
6 22 2 20 -66670
11 12 12 12 -63628
-17 -24 -21 -24 -61018
-16 -6 -17 -7 -70222
-24 -6 -24 -16 -52260
12 -22 12 -23 -68332
6 6 5 6 -48484
12 -24 10 -24 -45822
-24 -13 0 -11 -72120
24 -15 23 -15 -57048
-21 14 -22 16 -51058
-15 13 -15 -17 -85310
-3 -7 0 -1 -82614
12 -9 13 -14 -61008
16 24 16 20 -53632
-18 -17 -17 -19 -62720
-17 11 -17 10 -54844
-24 0 -24 2 -64230
22 -14 22 -13 -55444
-22 -24 -23 -24 -56322
23 5 24 6 -53994
-12 0 -12 2 -61022
24 -20 23 -18 -59978
24 16 23 17 -42644
17 -24 24 -24 -50790
-5 -1 -5 -3 -60608
-15 -13 -15 -12 -65554
12 -7 12 -5 -49276
-3 10 -7 -4 -82514
-19 -22 -19 -24 -64102
-23 -10 -22 -9 -47866
-8 24 -1 23 -50580
-24 1 -23 2 -50106
24 -6 24 -11 -57888
-12 -3 -13 -1 -68108
-14 13 -14 12 -43640
-6 -9 -13 -2 -94128
19 -12 17 -13 -52154
6 -23 6 -24 -58218
13 -1 13 0 -52842
21 -23 20 -24 -50922
24 -3 23 -2 -65336
-3 24 -4 23 -49068
0 -1 -1 -2 -62780
19 -4 16 -7 -55500
23 -19 22 -21 -61374
6 0 7 0 -65838
-1 -5 -3 7 -76386
-6 -12 -6 -9 -78734
24 -22 23 -20 -54630
9 -19 6 -20 -55642
8 6 -6 6 -59026
0 17 0 19 -58642
0 -13 0 -13 -237346
0 -11 2 -10 -57450
-24 -4 -22 -5 -64224
-6 -17 -6 -10 -76116
20 9 19 6 -64332
1 19 0 17 -62328
19 -10 21 -15 -62256
-17 24 -18 23 -47096
-23 -21 -22 -23 -68660
5 -2 4 -3 -55032
-12 13 -14 13 -58962
5 -12 -16 -19 -83262
-24 4 -23 3 -60144
12 -12 -14 -8 -78728
16 9 16 7 -52380
21 17 24 -24 -60590
-15 4 -19 4 -62908
0 10 -2 13 -53984
3 -14 0 -18 -69890
11 -24 8 -21 -57738
4 8 4 7 -53326
-24 -2 -23 -4 -57474
20 -9 24 -10 -59234
1 -7 4 -6 -50364
6 21 9 21 -62150
24 -5 24 -7 -47994
-13 20 -17 22 -60696
24 -10 24 -11 -48432
11 24 12 24 -46430
21 1 22 4 -66706
3 -23 2 -24 -58016
-21 10 -20 8 -61846
-1 -13 0 -13 -62026
10 1 9 3 -55984
10 -4 12 0 -53274
-23 7 -23 8 -43206
-14 7 -1 2 -83642
-11 -23 -11 -21 -72420
17 24 14 24 -49008
20 -11 19 -8 -55214
-23 -3 -24 -5 -59918
21 22 23 23 -60884
-9 22 -11 22 -60284
-8 -4 -9 -5 -66622
2 0 2 -23 -69438
-9 19 -9 13 -45770
9 15 6 17 -60458
23 -23 -6 -23 -58254
16 2 16 5 -62238
-5 -11 -6 -11 -60390
24 11 24 8 -40022
-3 -18 -3 -20 -65066
-24 -20 -23 -20 -61692
24 -10 24 -8 -55346
-9 -22 -8 -19 -76290
-1 -7 0 -9 -67206
21 10 20 10 -54342
-23 14 -22 17 -46860
11 10 10 8 -52810
14 -1 14 -2 -51104
18 5 15 3 -66468
-14 -12 -15 -12 -63408
-13 24 -17 24 -47110
12 12 14 14 -67964
-24 -20 -23 -17 -48914
18 6 17 7 -57906
15 12 14 16 -56772
5 21 3 21 -60228
-8 -23 -11 -24 -63356
23 13 24 12 -46732
-14 15 -13 16 -49748
-21 19 -22 18 -59388
24 19 -24 1 -58164
12 -16 11 -17 -55966
23 3 21 2 -66536
-15 19 -15 18 -42414
11 23 12 24 -65618
15 -11 17 -10 -51210
9 6 9 8 -54520
10 15 11 19 -66964
9 17 7 16 -61634
-11 -4 -13 -3 -75532
13 -24 12 -21 -64954
-23 -14 -24 -16 -40610
-1 -2 1 -11 -75600
-3 -5 -3 -4 -62372
8 21 9 24 -70310
-5 -23 -5 -24 -55128
-24 0 -24 2 -64230
0 24 -1 22 -63148
4 22 4 24 -55366
14 8 15 8 -64956
10 1 12 1 -55180
15 -23 15 -24 -48932
-24 21 -23 21 -53702
-23 -24 -22 -22 -53534
-22 11 -24 12 -58914
-10 19 -10 18 -50674
-13 -24 -14 -23 -55198
-21 16 -10 19 -66954
-15 10 -15 11 -55498
14 16 13 18 -52732
-24 6 -23 6 -58328
6 13 5 14 -57708
-6 23 -7 24 -54896
-14 5 -14 6 -61526
-5 17 -5 20 -55624
-10 -7 -11 -9 -60000
5 -7 9 -5 -59634
11 -15 10 -22 -57052
-18 -22 -19 -21 -63668
-2 -19 -4 -22 -72878
-2 -23 -3 -24 -60392
12 -6 14 -4 -57002
15 5 13 1 -68274
2 -11 -9 -7 -86302
20 23 18 22 -55632
12 -22 11 -24 -62856
-11 4 -8 4 -58486
-11 9 -10 10 -63598
-15 8 -14 9 -54534
22 24 23 24 -45764
-7 -14 0 -14 -71950
15 24 16 23 -48500
-8 -4 -10 -3 -73774
3 -20 5 -19 -62652
9 13 9 12 -42262
-7 9 -9 6 -67788
-17 24 24 9 -58156
-10 21 -9 22 -60272
-18 -24 -17 -24 -57678
-24 -1 -24 -4 -56610
12 -11 11 -13 -59184
-1 13 -1 15 -45828
13 20 12 18 -58220
0 19 0 21 -64980
1 2 0 4 -60390
4 -17 4 -16 -57730
-4 -1 -5 -1 -67998
-12 -8 -12 -13 -80460
-23 13 -23 11 -44758
15 -19 14 -21 -60860
13 -23 20 -20 -66730
