-8 18 -7 15 -73347
16 19 16 21 -57899
-16 -23 -19 -24 -68293
24 0 24 1 -54935
10 -1 11 3 -43977
6 -23 5 -24 -57223
-7 11 -8 6 -86185
16 21 17 21 -63547
20 22 20 24 -55879
16 11 14 11 -46347
-4 12 -4 8 -74127
21 24 22 24 -45471
-14 -10 -11 -9 -59883
-6 -2 -6 -4 -60169
24 -7 23 0 -63829
-13 12 -14 12 -61819
-7 1 -8 -1 -63715
-23 -22 -24 -22 -59795
21 11 24 12 -57083
4 -9 2 -8 -56513
1 2 1 0 -66247
-20 -10 -20 -14 -65923
10 -19 16 -22 -69307
-13 3 -14 2 -73431
-20 -11 11 -10 -71789
-16 16 -10 17 -72473
-21 15 -24 17 -59607
-22 9 -15 9 -68309
-1 -5 -5 -3 -64151
-5 9 -5 7 -86885
20 11 17 11 -49185
24 23 24 1 -56139
-15 -2 -15 0 -50085
-1 20 -2 17 -58149
-20 -12 -15 -9 -57973
-23 23 -24 24 -43653
-9 22 -4 7 -86691
-22 -17 -23 -17 -66157
-5 -22 0 0 -72995
-15 -24 -13 -23 -59887
-20 -11 -21 -11 -51681
1 -3 0 -3 -59723
-6 23 -6 24 -46871
-18 24 -17 23 -55659
-2 -3 -1 -3 -55315
11 14 11 15 -47129
-17 -5 -17 -7 -60163
8 -21 7 -19 -64515
-16 -10 -17 -7 -63853
10 17 9 17 -50321
24 13 23 11 -55889
22 -10 21 -15 -65539
10 22 11 24 -59421
-9 15 -8 17 -67583
-10 -24 -13 -24 -55119
-6 20 -6 17 -63791
4 -11 6 -13 -60977
-21 0 -20 0 -53455
24 4 23 4 -50789
-5 -4 -13 -6 -71577
5 21 5 20 -56831
-7 -24 -9 -24 -53459
-10 -10 -17 -13 -65801
6 20 7 17 -51019
-6 23 -8 24 -64091
-22 4 -18 3 -60329
18 -15 18 -18 -62935
0 11 0 10 -66329
-18 -23 -18 -24 -55939
-11 17 -11 4 -84397
-16 24 -16 23 -60767
-6 1 1 10 -102535
5 10 6 11 -57171
21 9 21 13 -55195
2 -22 2 -18 -62609
21 -15 24 -12 -60191
6 24 9 23 -45329
-2 -1 -2 0 -59535
-13 0 -13 1 -55217
23 -17 22 -12 -70837
2 2 1 0 -76949
-8 -4 -7 -4 -61117
15 14 -22 -8 -76823
13 -9 12 -7 -53125
23 17 23 19 -57169
19 -21 15 -24 -65183
-24 -21 -23 -22 -53377
5 -17 6 -19 -63131
6 14 6 16 -50241
-5 7 -6 3 -84203
-23 -18 -23 -20 -61755
20 -22 21 -24 -51925
-11 19 -12 14 -73803
13 17 14 17 -50031
-1 5 -2 5 -50979
-23 -9 -24 -8 -43955
5 22 4 19 -60331
3 13 1 14 -63031
20 18 17 19 -48111
5 -3 5 -4 -59191
7 21 -5 21 -74263
-3 24 -2 22 -54593
-7 -21 -7 -20 -53557
-4 14 -2 15 -72047
3 -23 11 -24 -64783
23 -13 24 -13 -55345
23 -20 23 -18 -55647
-9 24 -13 24 -68415
-19 -5 -20 -5 -48829
13 -9 12 -9 -50319
-23 5 -24 6 -55703
23 -22 24 -21 -49477
23 -4 22 -5 -54259
0 6 2 8 -70251
19 -3 14 -1 -59147
-8 -19 -9 -19 -58247
-23 19 -24 19 -49033
-2 -23 -3 -23 -50349
-24 -22 -24 -23 -52739
-23 -22 24 -21 -58113
-2 -2 -1 -4 -60861
0 14 -1 14 -69883
3 -2 2 -2 -64755
-14 -23 -15 -24 -58771
-23 7 -24 6 -45109
-21 23 -20 24 -54467
16 -16 15 -18 -59925
-22 23 -23 18 -58259
-8 4 -8 5 -64679
-13 -22 -15 -20 -61897
22 -20 23 -20 -56537
24 -3 24 -1 -51611
23 -13 13 -10 -57017
15 -3 12 0 -60201
2 23 1 24 -56261
-13 3 -11 6 -67163
21 -21 20 -24 -58443
18 0 18 4 -49455
-9 22 -10 24 -58325
-19 16 -17 17 -70885
12 23 13 24 -62123
-20 11 -20 18 -64689
-15 20 -15 24 -69743
12 -11 13 -15 -54787
0 -22 -1 -24 -57701
-18 8 17 2 -76337
-11 -23 -10 -22 -56365
-12 7 5 3 -77163
24 -3 23 -3 -55345
-21 24 -21 23 -53247
-23 22 -23 23 -52019
10 12 9 12 -53159
3 7 3 4 -58909
12 0 13 -1 -57495
-8 -17 -8 -18 -51725
-17 10 -17 13 -62069
23 -24 22 -23 -41627
-13 -20 -13 -21 -51939
-10 -24 -10 -23 -47135
-11 24 -10 24 -62275
24 19 23 18 -50399
-5 -24 -7 -23 -52673
-6 24 -8 24 -57075
-14 14 -15 15 -69427
-20 18 -23 22 -77269
2 -15 -2 -16 -66051
5 -14 16 -17 -66727
-2 -10 -3 -11 -59119
-2 -21 -3 -19 -61983
10 18 -5 3 -90421
-10 16 12 14 -84455
-12 -23 -11 -24 -53287
14 1 16 1 -57945
7 5 5 4 -61619
23 -18 22 -19 -60745
-6 14 6 9 -89677
10 7 10 8 -37929
17 -16 18 -19 -64967
-19 20 -19 17 -65927
-13 -16 -18 -16 -62437
-22 7 -1 16 -81219
-23 -22 -23 -24 -57687
-13 6 -12 4 -62483
-13 14 -15 8 -68807
1 1 2 2 -73947
3 -15 3 -16 -58907
-21 -16 -20 -11 -67415
-23 21 -24 22 -60027
13 -19 14 -20 -62773
-23 -4 -24 -5 -66165
9 -12 8 -12 -55111
22 -16 22 -15 -61791
-17 10 4 -8 -90955
24 18 24 17 -52903
-24 -19 -24 -17 -58355
-4 -20 -5 -20 -61275
-4 4 -3 5 -80159
0 -15 0 -12 -63513
-24 14 -24 15 -50237
16 15 18 16 -54899
-12 0 -11 0 -64851
5 -1 5 -3 -54763
24 16 -16 11 -65147
0 -4 2 -5 -65903
-14 -6 -14 -5 -60581
-23 13 -23 14 -55483
-20 -18 -21 -19 -65007
-2 24 -3 24 -48599
24 -18 23 -17 -60261
-13 15 -14 18 -68827
12 -24 15 -24 -49195
13 -11 13 -10 -51171
-23 23 0 24 -56477
-22 -2 -24 -5 -77107
-2 11 0 11 -68083
-17 3 -18 2 -63741
-21 2 -21 5 -56197
-23 -2 -24 -3 -69481
23 -22 23 -23 -47215
22 2 23 -1 -59741
-24 19 -24 17 -49423
3 24 5 22 -68771
-20 -24 -22 -24 -60261
-3 -18 1 -17 -64905
12 -23 13 -22 -63501
24 13 23 13 -47801
-13 11 -12 6 -72509
5 -5 5 -6 -52821
-5 20 2 17 -82623
23 2 19 0 -67517
-12 23 -16 24 -65083
-16 -18 -16 -17 -53563
-4 23 -5 22 -63763
-24 -23 -1 -22 -63799
13 -12 10 -15 -63969
-6 7 -5 8 -80045
-22 -20 -24 -15 -64327
0 -17 -10 -22 -77097
-6 -20 -7 -19 -59943
7 24 4 23 -43239
0 8 1 12 -69015
24 22 24 19 -48437
16 -4 17 -5 -53939
4 12 4 13 -65621
-22 -15 -21 -17 -59645
22 -6 21 -4 -62739
24 4 24 1 -53315
3 -24 2 -23 -59887
-4 16 -5 17 -71371
-14 23 -13 24 -58917
19 14 19 13 -45767
-23 0 -23 -9 -60669
9 -5 7 -5 -53231
7 -14 6 -13 -62685
5 -8 5 -11 -42083
23 22 23 24 -59109
-8 19 -9 21 -59101
-7 10 -9 11 -67135
15 -5 15 -7 -51681
13 -24 -23 -23 -64407
7 -4 6 -6 -57965
23 22 23 24 -59109
4 -21 0 -18 -67053
-15 13 1 8 -92249
-17 3 -18 23 -75471
-24 -11 -24 -9 -44483
-17 -7 -17 -10 -62621
1 -24 0 -22 -65089
21 20 23 24 -66299
20 -4 21 -2 -54841
-4 -11 -4 -13 -59315
-11 -7 -11 -4 -58859
9 -23 7 -24 -53399
-13 -16 -13 -18 -49801
23 -6 24 -7 -57119
0 -9 0 -11 -51303
-16 0 -8 3 -88523
5 -23 7 -24 -61051
8 -23 8 -24 -60423
-5 -3 -6 -4 -68417
-8 -10 -11 -10 -68439
-4 -16 -4 -15 -62925
0 -24 -2 -22 -59595
24 0 23 0 -57965
18 22 16 22 -60579
-23 -16 -24 -16 -55789
2 24 0 23 -44895
-3 15 -4 15 -71545
24 15 23 13 -54125
-3 10 18 3 -75177
13 22 11 24 -43591
18 -4 20 -4 -52809
22 4 22 9 -55403
-23 17 -20 -17 -73197
10 23 10 24 -46945
12 4 13 3 -58459
-16 -20 -17 -21 -60701
2 -24 3 -24 -51277
8 21 8 0 -66323
-20 -22 -21 -24 -68053
-11 22 -3 -14 -92491
7 12 8 12 -57843
5 23 3 24 -63289
-24 1 -24 3 -49233
17 9 17 11 -42533
22 -15 23 -16 -64949
-7 -7 -7 -10 -57547
6 -22 4 -20 -69479
-23 13 -24 13 -47465
-3 -18 -2 -16 -67393
19 -23 18 -23 -46759
-14 24 -13 22 -69983
-24 -1 -24 0 -44103
16 -21 17 -22 -51589
-16 20 -16 19 -65387
-22 10 -22 -14 -72547
-24 11 -21 6 -52603
-22 20 -21 19 -73409
-17 -24 -21 -24 -68707
24 8 24 -6 -64883
-24 -6 -24 -16 -53693
12 -22 12 -23 -69269
6 6 5 6 -56689
12 -24 10 -24 -47639
0 8 -3 -7 -92551
24 -15 23 -15 -57095
-12 -12 -7 -12 -71195
-4 16 11 13 -85205
-10 -9 -10 -15 -61623
12 -9 13 -14 -60721
16 24 16 20 -59873
-18 -17 -17 -19 -59851
-17 -13 -17 -12 -65319
23 0 -24 -22 -64635
22 -14 22 -13 -65465
-22 -24 -23 -24 -55483
23 5 24 6 -50329
-20 11 -20 8 -50435
24 -20 23 -18 -61077
24 16 23 17 -40705
17 -24 24 -24 -50687
-12 16 -20 13 -76547
-15 -13 -15 -12 -62529
12 -7 12 -5 -50137
-2 -13 0 -16 -62249
-19 -22 -19 -24 -64079
-23 -10 -22 -9 -50691
-13 -7 -20 17 -85503
-24 1 -23 2 -51243
24 -6 24 -11 -58433
-21 -5 -22 -6 -70387
-13 13 -12 11 -67469
3 0 4 -1 -56009
19 -12 17 -13 -52025
6 -23 6 -24 -59177
-8 2 -16 0 -86937
21 -23 20 -24 -51655
24 -3 23 -2 -60087
-3 24 -4 23 -60989
-2 -4 -4 -7 -68007
19 -4 16 -7 -54501
23 -19 22 -21 -60019
-3 18 -2 11 -68983
-16 13 -14 11 -72067
19 0 20 0 -53345
24 -22 23 -20 -54073
9 -19 6 -20 -58069
-20 0 -11 -14 -81833
22 15 21 13 -61215
4 -15 3 -15 -56873
0 -11 2 -10 -56833
-24 -4 -22 -5 -45689
3 11 3 13 -68081
4 7 1 9 -52611
-20 22 -21 21 -60727
19 -10 21 -15 -67119
-17 24 -18 23 -52543
-13 -8 -12 -9 -61149
5 -2 4 -3 -60427
-14 2 -15 2 -59655
0 -22 0 -23 -62705
-24 4 -23 3 -58689
-20 -19 -19 -19 -62281
-2 12 -1 -11 -87543
21 17 24 -24 -61263
11 -17 11 -19 -57801
-23 23 -21 22 -62433
-14 -9 -13 -13 -65371
11 -24 8 -21 -62333
-6 18 -5 19 -64531
-24 -2 -23 -4 -46707
20 -9 24 -10 -58073
1 -7 4 -6 -57391
1 14 0 17 -59869
24 -5 24 -7 -49475
-7 -16 -8 -14 -58771
24 -10 24 -11 -50283
11 24 12 24 -41951
21 1 22 4 -61623
3 -23 2 -24 -51559
-5 7 -5 8 -85827
-1 -13 0 -13 -58901
10 1 9 3 -45541
10 -4 12 0 -50171
15 23 14 19 -64719
4 -11 4 -15 -57891
-11 -23 -11 -21 -57439
17 24 14 24 -49437
20 -11 19 -8 -55141
-4 1 -5 0 -66833
21 22 23 23 -55013
-5 -18 -6 -19 -66277
-13 -17 -14 -17 -61171
-14 24 -18 24 -50201
15 1 14 0 -50005
-3 3 -5 0 -75391
23 -23 -6 -23 -55849
-13 7 -13 7 -238795
-7 -11 -6 -11 -59291
24 11 24 8 -48617
-3 -18 -3 -20 -61849
-24 -20 -23 -20 -62879
24 -10 24 -8 -56031
-11 23 -13 22 -67305
-23 19 -24 15 -53305
21 10 20 10 -49555
-13 9 -12 5 -70717
4 9 14 14 -71187
-6 -8 -9 14 -94001
18 5 15 3 -51775
-5 -13 -9 -10 -65219
-1 14 0 15 -63483
-24 4 -24 3 -51507
-24 -20 -23 -17 -62825
18 6 17 7 -51565
23 11 23 5 -58075
15 9 14 4 -48557
-8 -23 -11 -24 -58827
23 13 24 12 -45875
-10 15 -10 16 -68809
-10 11 -6 11 -69023
-2 20 -4 -3 -99871
12 -16 11 -17 -60651
23 3 21 2 -65433
-15 19 -15 18 -63499
11 23 12 24 -62943
15 -11 17 -10 -50327
-6 -10 -7 -16 -68357
10 15 11 19 -51429
9 17 7 16 -58111
-8 6 -10 4 -63997
13 -24 12 -21 -64247
-23 -14 -24 -16 -51155
0 20 -1 22 -69821
-3 -5 -3 -4 -63471
21 20 20 15 -59107
-5 -23 -5 -24 -43351
-11 -3 -12 1 -55703
0 24 -1 22 -54791
4 22 4 24 -51759
-11 -5 -11 8 -78985
10 1 12 1 -49613
15 -23 15 -24 -49239
-2 -5 8 6 -89931
-23 -24 -22 -22 -59499
-4 20 -4 -3 -100463
-2 14 -19 15 -85273
-13 -24 -14 -23 -54085
-1 3 -1 2 -60767
-3 10 -5 8 -74855
14 16 13 18 -50197
-24 6 -23 6 -51013
-14 24 -13 23 -68307
-6 23 -7 24 -62303
-18 18 -23 17 -69521
-15 -7 -14 -5 -60491
-10 -7 -11 -9 -58165
-19 14 -18 15 -67901
11 -15 10 -22 -69269
-18 -22 -19 -21 -60133
6 18 5 18 -59653
-2 -23 -3 -24 -53095
12 -6 14 -4 -57245
-16 4 -17 3 -67051
-22 -13 -22 -15 -58421
20 23 18 22 -51171
12 -22 11 -24 -63393
-19 8 -22 7 -67205
-4 -15 -5 -16 -67773
15 6 12 9 -55353
22 24 23 24 -40741
-4 -7 -4 -11 -59021
15 24 16 23 -46391
5 5 5 3 -54687
3 -20 5 -19 -61775
9 13 9 12 -45911
-18 16 -19 16 -64789
-7 -7 -8 -5 -61077
-10 21 -9 22 -60493
-18 -24 -17 -24 -63037
-24 -1 -24 -4 -53909
12 -11 11 -13 -59663
-22 9 -20 10 -62975
13 20 12 18 -53043
0 19 0 21 -62987
-17 6 -23 0 -72129
4 -17 4 -16 -56223
11 -8 7 -7 -57597
21 7 23 3 -51947
-23 13 -23 11 -48823
15 -19 14 -21 -65827
13 -23 20 -20 -68033
