-1 -2 -1 7 -159204
-1 -14 3 -3 -168842
-1 4 -1 9 -147220
-3 5 -15 17 -126674
2 20 1 -1 -159378
-13 22 0 0 -138498
8 -2 4 2 -146666
8 -11 5 -15 -107278
-23 -6 -9 8 -135684
6 -12 8 -10 -112490
0 -3 14 14 -184700
6 3 6 5 -118228
-6 -7 -5 5 -168262
-2 22 -8 -11 -165110
7 14 5 8 -107038
9 2 20 14 -121444
7 -8 4 4 -163872
-3 7 6 22 -131698
6 -6 -5 -8 -170116
8 6 23 7 -105410
-7 -3 -18 -10 -126490
-9 -19 11 -23 -94390
3 2 10 9 -169016
3 -4 -5 -16 -180462
12 0 19 -3 -94950
15 1 -5 -11 -173688
-1 14 8 7 -162992
-23 7 5 -5 -153270
-6 0 17 -10 -171434
16 13 16 4 -86666
1 -12 2 -12 -124052
8 0 22 3 -124870
-16 -2 15 -23 -128204
17 -16 10 6 -125050
15 -8 0 21 -170312
-12 2 -2 19 -169056
-6 3 -15 -4 -153928
3 8 14 0 -170460
19 -4 10 10 -139180
-7 11 1 7 -156918
12 6 3 21 -139938
5 -2 1 14 -169298
-14 2 -5 2 -145470
-8 3 -16 12 -117982
-10 -3 -11 -12 -116192
-2 7 4 0 -170160
0 23 7 -6 -160084
4 10 -7 4 -174736
0 22 -18 7 -142862
-1 15 4 2 -168498
22 -4 3 -5 -145640
-7 1 -3 2 -141704
-20 19 -2 17 -72084
-10 3 24 -8 -141712
6 -23 5 1 -136048
23 -2 3 15 -142478
-5 -22 1 0 -156794
13 20 5 3 -128286
-23 14 4 5 -122332
6 -5 -11 21 -157722
-11 6 -22 -3 -123676
4 15 1 10 -115700
-3 10 -6 15 -108524
10 5 24 0 -103168
6 3 -2 22 -161740
-11 7 -6 3 -145576
8 -13 -22 -18 -110058
0 9 -5 14 -132962
-12 -19 3 4 -167158
10 8 -2 13 -162792
-1 -6 -5 -6 -142694
-21 2 2 -3 -173562
9 15 16 -1 -152198
-5 -6 -1 -12 -150180
-1 1 18 9 -170936
10 -7 6 -11 -130752
3 4 -7 19 -163832
5 -18 5 -4 -152626
0 4 4 -20 -169488
-11 7 12 18 -154852
17 -20 7 -18 -54316
15 2 -11 19 -154690
6 -18 3 -7 -138976
1 -4 13 -14 -168028
-16 -18 -8 -23 -49672
2 -7 6 1 -158206
-9 17 8 -2 -172544
10 11 12 -1 -136290
4 -2 6 -1 -139398
7 -2 8 6 -138022
-1 -8 -9 -7 -153594
-9 8 0 15 -154658
22 0 -15 -4 -152636
20 -14 -12 -13 -128954
-4 -7 -7 17 -169184
12 0 -7 9 -179030
3 18 -5 5 -167960
13 -5 11 -8 -90706
-4 -22 9 0 -153714
-11 5 -6 -9 -171558
-6 2 -20 3 -152214
2 -8 10 -21 -125380
-6 -6 7 -15 -166184
-3 -6 1 2 -171206
-16 -19 -13 -3 -82546
-12 7 5 14 -170792
-7 0 -1 -1 -153822
0 -16 -9 -4 -166972
11 22 -3 0 -150484
0 19 -17 5 -163676
-14 -23 -19 -13 -40834
10 -8 -2 -11 -166952
6 -11 13 -10 -125322
-7 1 0 14 -175580
1 -12 -5 -5 -162534
7 4 -1 8 -169378
-24 0 -8 15 -122376
-8 -7 2 -24 -118624
-6 3 -18 10 -137076
-13 -7 10 -13 -163692
-1 1 2 12 -168366
14 -19 -14 8 -153718
-13 0 15 22 -140862
1 -5 0 -22 -135958
-5 3 -5 1 -131648
18 10 1 -11 -169516
14 2 7 8 -143054
9 3 2 8 -159818
1 -9 0 -18 -121032
2 -19 19 8 -153124
10 -13 -7 -14 -155862
-9 -13 -1 -9 -147732
5 1 10 10 -161232
-6 -3 -5 -16 -153430
3 -5 -2 -3 -161114
10 -23 2 1 -139432
8 -1 9 -13 -133472
-1 -4 -5 -13 -170734
13 10 8 -11 -162568
20 19 2 -9 -143016
-8 4 -9 0 -126824
10 -14 19 15 -135938
-12 -14 -3 -10 -124834
-3 -23 -2 17 -147344
-11 -3 -14 6 -125434
12 -17 0 -10 -142010
15 13 12 -9 -147160
1 15 4 12 -113270
4 17 -11 17 -108840
-2 -7 23 1 -149852
-3 14 -19 1 -165088
-5 -13 -17 1 -170858
6 4 1 -19 -173120
-9 -5 -10 -2 -107810
0 -9 -2 -7 -134812
0 5 2 5 -137306
3 -6 0 1 -162302
-15 2 12 -2 -171726
-1 4 2 6 -143782
-1 9 -8 1 -172550
12 -8 -24 -23 -96984
8 -8 9 -9 -104628
-15 0 1 -18 -166374
10 -4 4 -9 -156474
12 6 5 2 -151698
-22 -22 -18 -24 -8900
1 -13 2 -7 -136498
-10 -1 -18 7 -129132
-22 -4 -10 15 -134106
-1 -23 2 6 -151838
-3 -5 2 3 -170374
16 -9 11 -18 -80042
10 15 12 -8 -152808
-8 -20 3 -13 -112040
-12 -19 -11 5 -132406
0 -17 2 -3 -174514
18 7 -20 -12 -140588
-1 -10 -6 18 -171874
1 -4 -4 0 -161894
13 8 3 4 -160922
21 13 6 -11 -144752
24 -12 -4 -7 -126450
16 4 -14 3 -170022
-5 0 -12 -7 -167312
-4 0 -5 7 -159066
-9 -17 -7 13 -163374
-6 22 5 -11 -159798
-8 2 -11 23 -103824
13 7 -11 16 -159050
-10 -1 -8 3 -130992
1 -13 0 -6 -139784
-21 -7 -14 6 -110208
19 18 -6 -4 -152890
2 10 8 3 -158804
21 -1 -5 1 -164254
6 -10 -2 -11 -157762
12 18 9 -8 -148156
-6 -14 4 -5 -181388
14 -13 -3 17 -168876
-19 11 -18 -1 -76304
-2 8 -23 -18 -119490
-5 0 -9 -2 -148756
-11 -4 -8 2 -140332
6 14 22 4 -129756
0 -3 0 -15 -167854
4 -9 -9 -15 -167434
11 -1 11 3 -93664
-16 -10 7 -7 -166518
-10 -2 -2 -10 -168658
-3 -5 -23 5 -152980
-8 13 -11 -15 -163290
-23 -2 -6 -9 -144240
23 -12 -15 19 -119476
12 6 24 -16 -90574
6 -1 9 8 -155798
7 -7 -7 -19 -161180
16 5 -3 9 -171090
7 9 -16 -7 -172822
-6 0 -5 14 -167332
1 21 7 8 -142642
0 7 17 1 -173812
12 -8 6 9 -164088
-7 11 -6 -8 -173984
0 19 3 9 -135786
-7 1 -11 -5 -149236
8 0 14 -2 -120388
-2 12 -6 -15 -174648
12 4 -21 0 -161684
-4 17 -7 -6 -174286
-9 -10 -7 -14 -96520
-10 -15 -14 -15 -63336
-5 -7 -12 5 -172652
0 8 -4 20 -135306
2 5 -23 -6 -151338
-21 -4 4 -6 -169314
5 -10 6 -15 -109356
-3 4 5 -1 -170394
19 -4 -4 -23 -131696
17 -4 -11 13 -169702
-22 2 4 3 -163672
-6 -11 10 -20 -134954
5 4 20 3 -148038
-20 -8 1 3 -164878
9 -19 -3 9 -166716
15 18 -4 11 -133356
16 12 7 8 -110648
-19 -14 9 -11 -140650
0 -6 -4 2 -166282
-2 1 0 -1 -139186
-17 1 -6 -6 -162544
12 9 -23 -7 -146366
-6 8 2 5 -169624
6 -9 -7 -12 -177066
-2 -1 2 -7 -164434
9 9 15 7 -110306
2 6 6 -6 -167670
12 16 19 0 -123088
3 4 0 6 -145248
18 -7 3 -22 -122700
1 8 1 3 -151150
-1 -12 0 -11 -122414
-7 -4 15 19 -161858
3 -1 4 -19 -168488
20 9 22 -3 -67434
-10 1 -4 -10 -170148
3 -9 -2 -10 -153468
18 -7 -8 -21 -137798
-14 24 -10 -2 -100056
-3 -3 -6 -18 -159860
-10 -13 -1 -7 -164302
-7 2 -6 9 -146550
-4 2 -13 6 -160910
-4 4 3 -2 -172706
1 9 0 9 -126998
16 4 3 2 -166338
-2 4 -9 11 -163136
0 -19 -5 -23 -49730
-7 -5 -6 -3 -140852
-13 -18 -8 -8 -88354
-11 12 -16 -8 -146692
15 -21 6 -12 -68730
3 1 -3 -4 -161372
4 6 0 -6 -171764
-1 1 -3 -6 -161854
-4 3 -2 -2 -148048
3 -5 3 10 -169310
-11 -24 -2 -24 -46124
3 2 7 11 -161174
-4 -7 -6 -9 -140724
19 8 8 -3 -137998
-7 3 -5 -10 -168314
-18 -7 -10 8 -149118
8 0 1 5 -163486
0 8 0 2 -155692
14 15 -19 5 -156064
9 -15 17 8 -147616
2 0 17 -9 -166504
-11 -6 -3 -10 -150660
-11 1 -3 10 -165906
20 -12 4 -2 -143794
0 -5 -10 -6 -170022
-7 5 -5 7 -130080
6 10 9 8 -118636
7 -5 -3 -18 -169078
3 -6 4 5 -159350
-13 -10 -3 -5 -162578
2 -11 0 -16 -113520
-21 7 -13 -5 -110608
-14 -14 -4 -4 -154832
2 -1 6 7 -165534
16 -3 15 12 -120312
17 6 17 9 -67166
-19 8 12 14 -149404
-16 -6 8 -6 -172040
2 12 -2 10 -127462
2 3 16 12 -168236
-8 13 -6 0 -160480
19 -8 -18 -1 -156266
5 8 -2 10 -151834
-7 -5 -7 7 -164512
-8 -8 -11 -7 -110838
-2 -14 16 -11 -153412
-6 11 6 7 -170138
-3 -3 -13 -10 -172020
15 6 -12 12 -168262
6 -13 7 -14 -93844
-5 -11 -6 -8 -117828
-6 7 3 6 -168400
10 -3 5 -9 -150672
16 9 13 10 -78240
10 -17 8 2 -145362
-1 9 -4 7 -130886
8 -14 2 -5 -154592
-2 4 -3 -6 -163486
5 2 -15 16 -157538
-3 12 13 17 -131954
5 -8 24 -9 -110174
-8 2 -9 8 -130670
-6 -1 -2 -2 -145662
16 1 9 -17 -134576
15 11 5 -6 -173826
1 -8 4 -3 -138776
-21 9 2 10 -141822
-1 2 0 4 -133254
3 24 -2 2 -136570
17 -8 -10 -14 -158822
5 6 7 -13 -169276
2 11 -1 18 -121322
6 4 6 -10 -162598
4 -5 10 5 -167212
-1 3 -15 8 -172274
-8 1 -9 -10 -151010
-24 8 0 12 -120316
-12 10 1 10 -157514
-2 -3 4 -1 -150994
8 -3 14 -10 -122450
-8 7 -18 -20 -124162
11 -8 4 -9 -146962
-1 -13 2 -16 -102496
-6 -12 9 10 -179546
8 15 -14 3 -169948
-12 -13 15 6 -165688
20 2 2 -3 -164408
22 6 -23 -3 -126162
-7 -2 0 -6 -165086
-22 -11 -20 -14 -30240
7 6 12 -10 -156584
7 -6 11 -2 -126420
-22 0 -17 -2 -51370
-1 6 4 16 -153810
6 6 -2 18 -170064
-5 12 -13 7 -133282
24 2 6 1 -125030
8 0 23 -3 -121314
12 6 -11 13 -171314
-10 -21 8 10 -155270
0 23 15 -8 -161058
-6 7 -12 -5 -167790
-10 -21 -11 12 -137666
-11 -5 -11 8 -149602
0 19 -1 -14 -170298
-9 8 -1 7 -153008
-23 11 -5 21 -91484
-5 0 -1 -8 -165878
8 -6 12 8 -155134
-8 0 -21 1 -139626
-20 -5 9 -12 -162094
12 -6 3 -11 -161338
5 4 11 13 -142796
8 16 16 0 -151964
-13 -14 7 -4 -169148
15 0 -16 -3 -169056
2 -3 14 -2 -168552
-14 4 -11 16 -101618
3 -13 10 23 -140684
-19 9 5 2 -166012
-2 5 2 14 -153316
-13 19 15 -11 -150748
-10 -21 -5 -2 -136112
-4 11 -6 0 -169634
3 4 -7 -9 -186958
-15 -11 -17 -7 -72300
1 -2 -22 -10 -144032
-10 -13 -12 7 -155336
-13 0 -6 23 -143190
-17 3 12 -10 -170784
3 12 -5 4 -169450
4 13 -6 14 -126808
-2 -19 5 -1 -174600
-8 9 -5 10 -121442
-1 7 7 5 -163042
-10 9 0 19 -150412
-13 -18 0 -3 -160972
21 10 -15 -1 -148544
1 2 11 -4 -171832
7 -1 -2 2 -170946
-20 1 -6 -9 -171590
-18 -4 -18 8 -95182
-2 -16 -6 7 -172742
-6 -3 -4 -1 -145826
-16 0 -5 24 -138088
-2 -4 3 -5 -156128
2 19 -5 5 -162994
4 -15 -3 -13 -127592
21 -2 -14 2 -159866
-9 -7 -6 12 -175358
15 24 -1 -8 -138380
-9 15 -15 -3 -148232
-5 17 -10 11 -110422
13 -2 4 -15 -160978
-1 -2 -23 4 -156498
3 -16 -14 -7 -160338
-5 -3 -9 -10 -166574
3 -5 -1 -2 -159136
4 -1 8 1 -147208
9 12 -14 9 -162632
17 15 0 -3 -173412
4 -10 -4 -11 -160886
-8 -1 10 19 -164084
1 8 2 -15 -171996
-9 -12 -5 -4 -162290
0 12 4 24 -68184
-2 8 4 14 -145230
-4 -4 -1 -7 -146080
-19 5 -12 4 -94558
18 -2 17 -5 -55842
10 -9 -2 -9 -165532
-7 3 -6 1 -137780
-22 -5 -2 -5 -153430
-18 -3 -11 -6 -114274
-4 -16 9 -7 -170038
-1 -4 0 -1 -142600
-21 -7 -19 12 -87968
8 -8 8 24 -126620
-17 -7 -15 -2 -70258
-11 -5 -4 -22 -124968
5 -3 4 -4 -130244
24 -16 -9 7 -130680
23 -10 18 -9 -22112
12 1 21 17 -93650
-6 24 -11 -3 -139250
-18 1 -6 -10 -173362
4 4 -7 2 -167276
6 14 3 -12 -166884
0 -6 13 -16 -162246
-12 4 12 7 -171726
2 5 -3 6 -152042
0 7 1 -23 -150610
7 -18 3 17 -157906
2 -11 21 -12 -127236
-9 -10 -6 -2 -160550
18 -12 7 -5 -119340
-17 -1 -11 -1 -114832
0 -6 0 -2 -139198
-12 2 -3 -6 -168716
0 16 -10 -16 -173114
14 -14 2 -16 -118792
-3 5 -5 0 -147678
5 -3 15 -1 -150120
4 12 10 6 -141894
0 -10 3 -10 -140506
10 4 5 -14 -166572
-14 11 0 -13 -169384
8 2 24 12 -103170
3 -1 2 -1 -136652
-14 9 3 -23 -150840
-4 -8 23 -5 -146712
14 -15 -10 10 -169092
-6 -10 -5 -7 -134568
-18 7 -12 -12 -133298
0 1 8 1 -163626
-6 -11 -18 -4 -152822
0 9 -4 22 -117556
-1 -5 4 -9 -155470
2 -20 6 1 -167604
13 0 7 9 -149604
15 5 -6 4 -172676
4 19 11 4 -146750
0 22 -2 -7 -162000
-3 20 -14 -16 -156064
9 11 1 8 -139790
22 9 15 -15 -97728
-7 -7 -23 1 -144332
13 -5 2 -8 -167742
-5 3 -11 11 -152940
-18 3 -5 14 -155154
7 -20 -23 -10 -114116
-5 -2 0 6 -165742
7 -17 22 -8 -105268
12 -6 12 14 -149332
-16 -12 6 15 -158340
-2 -14 -15 -8 -146200
