-1 -2 -1 7 -119517
4 7 3 5 -116107
-1 4 -1 9 -113227
19 -17 14 -7 -87101
3 20 1 12 -93445
-9 1 23 24 -104401
8 -2 4 2 -117499
8 -11 5 -15 -86875
8 9 10 8 -103563
6 -12 8 -10 -88753
7 16 -17 23 -103437
6 3 6 5 -101147
-14 6 -16 8 -79597
-13 18 -20 0 -117863
7 14 5 8 -95397
4 12 -17 20 -124099
3 -8 -4 -17 -117841
-8 7 -7 7 -98521
-4 -6 -7 -10 -115771
8 6 23 7 -109501
-21 0 -14 -15 -111851
-9 -19 11 -23 -99847
-4 5 1 9 -118947
2 10 4 8 -95225
12 0 19 -3 -115023
15 12 0 14 -122075
15 23 -20 10 -114297
-12 7 -15 -5 -123287
-10 0 -8 -7 -119891
16 13 16 4 -78405
1 -12 2 -12 -97613
-21 -5 22 18 -114011
-16 -2 15 -23 -115483
-21 -1 -15 12 -113293
-16 -19 -19 -23 -22967
-22 -12 14 -18 -111955
-12 -21 -21 24 -103133
24 0 14 10 -92717
-15 19 -21 11 -66373
0 -15 0 -19 -58601
22 -4 12 2 -118217
-19 0 -23 -3 -49141
-14 2 -5 2 -111853
-8 3 -16 12 -115757
-10 -3 -11 -12 -109477
9 7 4 8 -111915
4 19 -17 17 -117483
20 7 9 0 -119827
0 22 -18 7 -123579
15 12 10 23 -89033
11 21 13 13 -73973
-7 1 -3 2 -107801
-20 19 -2 17 -115081
4 3 5 0 -96015
6 -23 5 1 -107665
23 17 11 12 -62167
8 13 13 10 -95513
13 20 5 3 -122889
-23 14 4 5 -123933
-6 -5 1 -3 -120925
-11 2 -22 20 -105791
4 15 1 10 -100171
-3 10 -6 15 -110525
10 5 24 0 -110153
15 13 -2 22 -121829
-11 7 -6 3 -117121
8 -13 -22 -18 -111719
0 9 -5 14 -116251
-8 -10 -6 -23 -89421
12 8 11 -3 -110739
-1 -6 -5 -6 -107177
6 -4 2 -3 -114859
9 23 13 -11 -117385
-5 -6 -1 -12 -121165
-6 -9 -22 -23 -99267
10 -7 6 -11 -101957
-20 -6 -17 4 -90833
5 -18 5 -4 -118663
0 4 -24 -11 -120253
-17 7 -18 10 -59009
17 -20 7 -18 -71359
-8 -4 -16 -9 -112893
6 -18 3 -7 -117775
19 -4 14 -14 -104183
-16 -18 -8 -23 -68357
2 -7 4 -11 -108499
-6 -14 -16 -10 -105711
10 11 12 -1 -111509
4 -2 6 -1 -112077
7 -2 8 6 -120021
17 17 -11 12 -122729
-9 8 0 15 -120415
-12 -2 -12 -23 -114293
20 -14 -12 -13 -122447
-1 -9 0 -10 -108913
-15 20 -10 22 -58819
-8 -18 -8 22 -121737
13 -5 11 -8 -101297
19 4 13 22 -99189
16 1 6 -24 -109945
23 12 6 -15 -116451
2 -8 10 -21 -118997
10 -15 7 -13 -91609
-24 18 0 23 -98079
-16 -19 -13 -3 -114371
-15 5 -22 1 -95613
-7 -12 -1 -17 -106011
4 -11 -23 24 -112055
-9 -3 -15 -13 -119527
-8 19 -17 10 -105701
-14 -23 -19 -13 -57117
-7 0 -24 5 -113277
6 -11 13 -10 -106077
7 8 6 1 -118217
-6 -24 -11 3 -119813
-12 3 -11 8 -94817
-24 0 -8 15 -117113
-8 -7 2 -24 -113869
-5 -11 -11 -22 -91331
-22 -17 5 21 -121915
17 8 -17 -22 -118775
-11 -22 5 -12 -114945
-13 -18 -4 -22 -76683
-16 -22 -23 -23 -35759
-5 3 -5 1 -100767
1 -20 11 -22 -81209
14 2 7 8 -116745
1 3 1 17 -122661
1 -9 0 -18 -111501
-2 8 -15 11 -122897
-10 20 14 15 -119557
-9 -13 -1 -9 -117599
-9 -1 -15 -3 -110331
-4 8 0 6 -113813
9 -23 -4 -21 -77745
-23 -23 -10 1 -112139
8 -1 9 -13 -115993
-4 -4 -7 1 -119319
-9 -4 -7 -11 -109239
-1 7 3 2 -117043
-8 4 -9 0 -104721
10 -14 22 -9 -107979
-12 -14 -3 -10 -113105
-3 -23 -2 17 -118925
-11 -3 -14 6 -113467
12 24 18 23 -49643
8 -1 5 0 -115461
1 15 4 12 -98061
4 17 -11 17 -107325
-14 15 23 11 -110967
17 -3 18 -4 -77583
-18 -23 14 -1 -116129
-18 8 -15 0 -97459
-9 -5 -10 -2 -106249
0 -9 -2 -7 -110525
0 5 2 5 -109637
12 9 0 22 -125831
15 -15 -17 -23 -102149
-1 4 2 6 -115811
19 -11 13 -18 -84785
12 -8 -24 -23 -99877
8 -8 9 -9 -89475
18 12 9 3 -122871
10 -4 4 -9 -117821
-11 17 -8 7 -98325
-22 -22 -18 -24 -28327
1 -13 2 -7 -105473
-6 -12 -3 -22 -87607
5 -4 6 2 -115773
-1 -23 2 6 -117363
-2 0 -1 -22 -116675
16 -9 11 -18 -95249
15 -5 11 -1 -111117
-8 -20 3 -13 -110597
21 3 -23 3 -112857
-12 -5 -23 1 -108525
21 -12 -12 -11 -126311
-1 -10 4 -11 -118367
1 -4 -4 0 -115251
-3 -7 0 -23 -107219
21 -10 15 6 -106011
24 -12 -4 -7 -116719
11 3 7 3 -107139
22 23 3 -7 -113237
6 8 3 12 -96885
-7 -12 -7 -2 -116853
-6 15 -4 8 -107981
-8 2 -11 23 -113089
10 5 19 16 -108933
-10 -1 -8 3 -106871
1 -13 0 -6 -115701
-21 -7 -14 6 -121041
19 24 -6 10 -105617
-24 10 8 23 -110241
21 -20 1 1 -120091
20 -21 -2 -4 -119963
12 20 9 10 -77043
20 8 -21 16 -115947
-1 19 -22 18 -117845
-19 11 -18 -1 -95255
-2 8 -23 -18 -122905
-5 0 -9 -2 -115575
-11 -4 -8 2 -114447
0 -5 -2 -10 -105519
-23 7 18 22 -112029
-3 6 -4 19 -124191
11 -1 11 3 -88865
0 -22 12 -19 -88533
-10 3 -11 -10 -123561
21 0 11 -7 -106273
12 -8 18 -21 -85095
-3 -11 -6 -9 -103763
23 -12 -15 19 -120661
12 6 24 -16 -106329
-18 -1 -12 8 -122755
1 -16 11 -19 -103861
2 21 2 9 -117377
-13 -17 -5 -11 -108249
-11 -24 -15 -6 -96403
1 -11 1 -16 -99593
-17 -7 -11 1 -117861
12 3 6 5 -114763
-3 5 -6 9 -116285
0 19 3 9 -125213
-7 1 -11 -5 -118455
8 0 14 -2 -107199
-2 12 -6 15 -102471
-10 4 -8 -5 -117855
18 -18 12 -14 -72025
-9 -10 -7 -14 -82195
-10 -15 -14 -15 -77277
-6 17 -12 10 -108107
16 19 0 20 -99117
-8 2 -19 0 -125495
-7 0 -23 -20 -121471
5 -10 6 -15 -93933
3 9 7 12 -104831
-3 -4 -4 1 -109207
-3 0 -23 -12 -122341
-23 -11 -6 -7 -111923
-14 -10 10 -20 -117365
2 -13 13 -17 -117635
22 1 14 20 -100923
9 23 13 -2 -116603
-9 18 -4 11 -98545
16 12 7 8 -110417
-19 -12 -24 3 -73125
-20 -21 -6 -7 -117027
-2 1 0 -1 -102747
9 -8 16 -6 -116449
-12 -7 -22 0 -111499
-6 7 -3 16 -109415
9 -9 -7 -24 -105903
-2 -6 3 -6 -112431
9 9 15 7 -98265
12 6 6 1 -117955
12 16 19 0 -113205
3 4 0 6 -108413
18 -7 3 -22 -117261
1 8 1 3 -118337
-1 -12 0 -11 -93399
-5 16 -23 8 -116671
-23 19 -5 16 -94559
20 9 22 -3 -72337
-10 -11 -11 -10 -83335
3 -9 -2 -10 -113635
17 17 11 -10 -119821
-14 24 -10 -2 -109903
-19 -3 -23 -18 -79037
-10 -15 -18 -11 -85769
-7 2 -6 9 -105739
-4 11 -13 22 -92197
6 4 8 -2 -108237
1 9 0 9 -109123
4 4 8 6 -116939
-9 6 -9 23 -100467
0 -19 -5 -23 -50811
-7 -5 -6 -3 -106769
-13 -18 -8 -8 -104395
24 5 12 3 -85705
15 -21 6 -12 -92947
9 -4 12 -20 -104911
-16 -12 -13 7 -122851
8 -23 19 -7 -105123
-4 3 -2 -2 -118453
11 9 5 -22 -118947
-11 -24 -2 -24 -51709
8 0 6 -6 -117029
-4 -7 -6 -9 -109367
15 -15 10 -14 -81331
8 -5 14 -3 -114325
-2 -22 17 -12 -108649
-5 0 0 0 -107299
8 11 -24 -5 -121793
-23 15 -24 1 -55613
24 -15 16 -7 -58223
-14 0 -13 -16 -119419
-11 -6 -3 -10 -113899
-13 8 -7 6 -100147
-2 -15 -13 -14 -106651
-18 -5 -16 -16 -96691
-7 5 -5 7 -96641
6 10 9 8 -113045
-18 -9 -15 19 -111359
0 -11 -2 -10 -108757
-15 3 -23 10 -78955
2 -11 0 -16 -99655
-21 7 -13 -5 -109905
2 -2 -1 -4 -104015
7 10 11 3 -110067
16 -3 15 12 -104349
17 6 17 9 -61493
-10 -1 -11 5 -111617
-3 -5 -4 5 -122685
2 12 -2 10 -106657
-22 -19 -16 -1 -104343
24 -4 2 0 -119545
-18 -8 -18 -7 -62745
-9 -4 -9 -6 -99983
2 7 1 4 -119677
-8 -8 -11 -7 -99765
-10 -8 -18 -5 -108853
-5 13 18 18 -117951
6 -1 24 12 -119141
-11 14 -12 12 -73055
6 -13 7 -14 -90309
-5 -11 -6 -8 -93507
4 3 3 -3 -115563
10 3 11 -4 -97469
16 9 13 10 -74871
12 -17 16 -14 -73137
-1 9 -4 7 -102509
-22 -14 -17 -1 -90421
-2 4 -3 -6 -119035
-20 22 -6 1 -119757
-3 12 13 17 -123663
5 -8 24 -9 -113087
-8 2 -9 8 -109145
16 -13 13 0 -108875
-9 -14 -16 -17 -82835
1 -14 0 -7 -115191
1 -8 4 -3 -103033
5 -1 8 3 -125371
-1 2 0 4 -99141
3 24 -2 2 -119495
0 9 -3 23 -112913
5 22 7 0 -122609
2 11 -1 18 -116527
14 -6 10 0 -112153
14 13 -23 23 -99409
22 22 4 -1 -114947
23 -3 14 10 -107095
-24 8 0 12 -113203
22 0 14 -13 -100599
-2 -3 4 -1 -113221
3 0 5 0 -110825
-11 -6 -11 -3 -97623
11 -8 4 -9 -109425
-1 -13 2 -16 -90301
9 -3 17 -3 -114813
-23 -2 -16 7 -99313
12 -13 15 4 -119939
20 -4 19 -1 -60705
22 6 -23 -3 -115161
-7 -14 0 -11 -113121
-22 -11 -20 -14 -40017
12 6 21 23 -81199
7 -6 11 -2 -113743
-22 0 -17 -2 -66759
24 -7 24 8 -56651
-21 -17 23 -4 -112849
-5 12 -13 7 -107547
24 2 6 1 -117367
10 1 6 -2 -118047
-10 1 -6 -2 -111103
18 -21 12 4 -110049
7 -5 7 -8 -95011
-15 -16 -1 -14 -113307
-10 -21 -11 12 -119501
-11 0 -11 8 -116811
-22 -5 -13 2 -111083
-9 8 -1 7 -120957
-23 11 -5 21 -114725
8 0 9 -8 -109229
-24 10 4 -2 -122361
14 15 -18 15 -124723
15 -5 9 -12 -118933
8 -15 4 -15 -89383
5 4 11 13 -121191
8 2 9 14 -109805
3 -4 4 0 -106657
20 -16 10 -10 -101515
-1 22 -19 20 -108061
-14 4 -11 16 -98671
15 -6 16 -9 -68713
-19 -22 -10 21 -114751
-2 5 2 14 -116055
-12 -21 -23 -21 -58849
24 -21 -10 0 -110029
-8 11 11 21 -121015
22 -4 12 -1 -110363
-15 -11 -17 -7 -79397
-8 -10 -12 23 -118949
-6 10 -24 20 -87677
-20 1 -10 23 -117223
0 18 7 15 -97655
2 -17 -7 -11 -119161
4 13 -6 14 -110959
7 21 13 13 -94345
-8 9 -5 10 -98375
19 -2 14 -17 -111501
-13 14 -22 9 -78157
-4 -18 22 -9 -115215
21 10 14 -1 -96391
21 -18 11 -7 -101521
7 20 -1 16 -88621
16 -23 19 0 -87887
-18 -4 -18 8 -98891
-6 -16 0 24 -120783
-6 -3 -4 -1 -112739
-16 0 -5 24 -122229
1 -9 5 -9 -103713
13 -5 10 -3 -104719
4 -15 -3 -13 -102777
13 10 9 6 -99759
-10 -24 -19 -20 -59995
15 24 -1 -8 -120811
-13 -22 -15 -3 -113953
-5 17 -10 11 -101765
5 -5 8 -10 -107737
1 6 3 6 -108405
-6 -5 -14 -4 -117047
-24 16 -19 17 -21711
3 -5 -1 -2 -109807
4 -1 6 4 -123901
9 21 -2 13 -110123
-15 -21 -19 11 -109965
4 14 -4 20 -105615
12 9 13 -4 -111665
18 10 9 17 -100045
-11 -5 -8 -6 -104495
0 12 4 24 -82971
-2 8 4 14 -116857
-4 -4 -1 -7 -103165
-19 5 -12 4 -95147
18 -2 17 -5 -66819
3 0 5 -6 -113755
-7 3 -6 1 -111035
23 -13 22 -4 -45821
-18 -3 -11 -6 -107285
-18 17 -16 6 -72183
-1 -4 0 -1 -102305
-21 -7 -19 12 -98783
8 -8 8 24 -117125
-17 -7 -15 -2 -85321
-11 -5 -4 -22 -122061
5 -3 4 -4 -104715
24 -16 -9 7 -122291
23 -10 18 -9 -33549
12 1 21 17 -108225
-6 24 -11 -3 -121721
-7 24 3 11 -110955
11 -8 13 -1 -107001
6 4 3 22 -123647
-15 -5 -22 -3 -79815
12 18 -14 20 -113573
2 5 -3 6 -115279
15 24 14 24 -44021
22 7 3 17 -119017
2 -11 21 -12 -124371
23 6 3 20 -118671
18 -12 7 -5 -119907
-17 -1 -11 -1 -115373
0 -6 0 -2 -97715
-22 -10 -3 -6 -121695
0 -12 -9 -16 -114447
14 -14 2 -16 -109329
-3 5 -5 0 -104741
-6 -24 -18 20 -118003
-9 -20 10 -24 -90829
0 -10 3 -10 -113069
-7 21 4 12 -123853
-14 11 18 -22 -121261
8 2 24 12 -114719
3 -1 2 -1 -104051
0 23 1 7 -120351
10 20 1 21 -78199
14 13 3 10 -118211
-6 -10 -5 -7 -102859
-18 21 -18 24 -5247
-13 8 -11 1 -112727
-15 0 -9 13 -116821
9 19 18 22 -55375
-11 0 -17 0 -114391
-18 3 -15 5 -93741
16 0 7 -4 -122113
3 1 24 3 -117573
1 9 -1 9 -111337
-18 -17 -20 -1 -101897
13 22 21 12 -72841
9 11 1 8 -119647
22 9 15 -15 -101023
19 -7 10 -13 -119869
-8 12 2 17 -105573
-2 11 1 8 -101313
-19 20 -6 22 -90599
7 -20 -23 -10 -106381
-5 9 -4 6 -102239
7 -17 22 -8 -119225
9 8 6 10 -113123
-6 -17 -3 -11 -90551
17 1 14 -10 -105611
