-1 -5 0 -10 -94995
4 7 3 5 -93725
-1 4 -1 9 -100777
19 -17 14 -7 -102027
3 20 1 12 -85519
-9 1 23 24 -104895
18 21 19 -22 -101429
8 -11 5 -15 -83239
8 9 10 8 -96497
6 -12 8 -10 -86473
7 16 -17 23 -95159
6 3 6 5 -86971
-14 6 -16 8 -85959
-13 18 -20 0 -103805
7 14 5 8 -91443
-5 24 -4 7 -92067
-7 2 -5 -6 -99247
-8 7 -7 7 -94317
1 -11 0 -15 -90755
12 -11 9 -12 -92357
23 -14 17 0 -98693
-9 -19 11 -23 -107769
-16 1 -14 9 -87809
2 10 4 8 -88939
12 0 19 -3 -93011
15 2 24 17 -92231
0 23 -6 15 -66613
7 0 8 -5 -92617
3 -7 8 -7 -96537
16 13 16 4 -87703
1 -12 2 -12 -91295
24 -11 -14 -19 -105673
-16 -16 -11 -11 -88009
-21 -1 -15 12 -99609
-16 -19 -19 -23 -42257
4 -1 3 6 -100877
-12 -21 -21 24 -97187
24 0 14 10 -92581
-15 19 -21 11 -71965
0 -15 0 -19 -76405
22 -10 19 -6 -69757
-19 0 -23 -3 -57141
-10 -5 -7 -3 -91945
-12 -3 -15 -9 -95603
-10 0 -11 -6 -93911
9 7 4 8 -104485
4 19 -17 17 -100199
-20 -3 -19 1 -66853
6 5 5 6 -95617
15 12 10 23 -84841
11 21 13 13 -73971
-7 1 -3 2 -98663
20 -12 -14 2 -119657
4 3 5 0 -88847
6 -23 5 1 -99273
23 17 11 12 -84701
8 13 13 10 -92523
13 6 22 3 -86037
-24 -17 -15 -13 -81505
-2 -1 -2 -3 -82549
5 15 18 20 -101621
4 15 1 10 -90589
-12 12 -13 9 -76805
7 2 11 6 -97571
23 10 -15 -10 -109711
22 13 -5 12 -104217
-24 -17 -23 -1 -73983
-23 -23 -14 4 -97471
-8 -10 -6 -23 -99483
14 -6 8 -24 -100959
-1 -6 -5 -6 -90821
12 -7 11 -15 -88793
9 23 13 -11 -107863
-19 -8 -12 -22 -103925
-5 -18 -15 -15 -101467
10 -7 6 -11 -96607
-20 -6 -17 4 -90783
9 24 3 9 -94465
-11 -10 -9 -12 -104769
-17 7 -18 10 -72679
17 -20 7 -18 -78509
0 1 -5 0 -105521
-2 17 -9 22 -61811
19 -4 14 -14 -96021
-16 -18 -8 -23 -81575
2 -7 4 -11 -90281
-6 -14 -3 -10 -88769
23 19 12 5 -102945
4 -2 6 -1 -99677
8 -14 0 -12 -105079
-5 -14 -12 -12 -96201
-13 -12 -24 0 -107837
-22 -8 -5 -18 -114447
-21 -14 -11 -13 -96741
-1 -9 0 -10 -95469
-15 20 -10 22 -56989
0 14 7 10 -99517
13 -5 11 -8 -86713
19 4 13 22 -97611
16 -12 10 -24 -71441
18 20 -17 13 -106297
14 -5 12 -21 -105939
10 -15 7 -13 -85181
-24 18 0 23 -84131
21 -9 -4 -24 -101689
-15 5 -22 1 -91171
-7 7 -2 8 -104031
-4 -13 -9 -19 -102523
-23 15 -15 7 -90003
-8 19 -17 10 -101365
-14 -23 -19 -13 -74999
21 -22 10 14 -109153
6 -11 13 -10 -102393
-19 4 -19 -10 -88083
6 4 7 -2 -96719
-12 3 -11 8 -83585
-12 4 -24 3 -96393
-18 -2 -18 -15 -103119
-5 -11 -11 -22 -103995
15 0 11 -5 -97607
13 13 5 13 -95219
22 -22 -14 -17 -102831
-13 -18 -4 -22 -93119
-16 -22 -23 -23 -52299
-5 3 -5 1 -88841
1 -20 11 -22 -82699
-14 3 -19 7 -99077
1 10 0 5 -93781
0 22 2 -22 -100973
-18 17 -18 16 -35529
-9 8 -9 15 -88945
14 14 18 13 -67787
-9 -1 -15 -3 -100035
-4 8 0 6 -92785
9 -23 -4 -21 -86737
-1 0 0 0 -95657
5 -12 7 -17 -91463
-15 -24 -4 -17 -82887
-9 -4 -7 -11 -102035
-7 -12 -2 -15 -97617
-8 4 -9 0 -91203
10 -14 22 -9 -92603
3 -22 3 -10 -95137
21 -23 -1 -23 -83991
-18 -18 -21 0 -101391
12 24 18 23 -55999
8 -1 5 0 -98467
1 15 4 12 -87269
4 17 -11 17 -96821
-14 15 23 11 -101391
17 -3 18 -4 -74515
15 -18 23 20 -102801
-18 8 -15 0 -96089
-9 -5 -10 -2 -89451
0 -9 -2 -7 -98737
0 5 2 5 -89191
-1 -11 2 -11 -100749
15 -15 -17 -23 -104089
-1 4 2 6 -95161
19 -11 13 -18 -81359
12 -8 -24 -23 -100561
8 -8 9 -9 -76643
-9 -13 -7 -5 -97403
13 -15 24 3 -99465
-11 17 -8 7 -93173
-22 -22 -18 -24 -42107
1 -13 2 -7 -84239
-6 -12 -3 -22 -101787
5 -4 6 2 -101023
15 -5 13 -6 -81199
-15 -4 -14 -9 -85643
16 -9 11 -18 -98811
15 -5 11 -1 -93293
-15 -16 -19 -22 -56763
21 3 -23 3 -102751
-12 -5 -23 1 -104103
12 3 15 17 -102267
16 2 24 -4 -71663
-23 -16 -13 -8 -96069
-23 -1 10 -23 -104957
-13 4 -12 4 -80065
24 -12 14 -7 -85907
11 3 7 3 -95299
-18 -4 -11 1 -103287
6 8 3 12 -94715
-8 -5 -14 -12 -98839
-6 15 -4 8 -89987
-17 -23 9 -14 -101017
23 16 19 22 -33427
-10 -1 -8 3 -89613
24 -4 17 10 -89031
-10 22 -11 14 -54177
19 24 -6 10 -107473
-24 10 8 23 -97335
-4 -7 -11 -7 -97115
5 -24 2 -13 -78861
12 20 9 10 -77703
20 8 -21 16 -104609
0 12 17 24 -103033
-19 11 -18 -1 -92485
19 -19 -2 -18 -110747
-5 0 -9 -2 -97133
-11 -4 -8 2 -94259
0 -5 -2 -10 -94203
-23 7 18 22 -106059
-8 -21 17 -24 -99535
11 -1 11 3 -94705
0 -22 12 -19 -90133
11 -2 11 4 -100777
-7 14 -14 9 -99063
12 -8 18 -21 -97141
-3 -11 -6 -9 -96485
4 9 4 13 -80745
12 -24 24 -4 -84075
15 2 23 8 -80857
1 -16 11 -19 -101819
2 21 2 9 -100365
17 -8 20 22 -103639
-11 -24 -14 -6 -102789
20 -11 23 -19 -38527
-14 -4 -24 16 -104619
-9 0 -7 -2 -90639
-21 -23 -6 -12 -101177
-17 11 -14 10 -79855
20 1 20 -4 -58121
8 0 14 -2 -100551
-2 12 -6 15 -88467
-8 3 -8 4 -86643
18 -18 12 -14 -78259
-9 -10 -7 -14 -93291
-10 -15 -14 -15 -89751
-5 -12 -6 -6 -101135
16 19 0 20 -93231
1 -1 -3 0 -103397
12 23 0 19 -78081
5 -10 6 -15 -86191
3 9 7 12 -90479
-3 -4 -4 1 -90191
-3 -24 -23 -12 -100273
-23 -11 -6 -7 -106057
17 12 24 12 -37975
13 13 4 16 -97343
22 1 14 20 -104339
-2 0 -1 4 -94057
-9 18 -4 11 -89217
16 12 7 8 -98735
-19 -12 -24 3 -79087
-6 17 -19 17 -97995
-2 1 0 -1 -91209
22 21 13 10 -85519
-24 -4 -15 -8 -81681
-6 7 -3 16 -96729
9 -9 -7 -24 -104935
-2 -6 3 -6 -100151
9 9 15 7 -87757
-23 23 12 1 -101807
-11 -9 -9 -15 -99435
3 4 0 6 -91189
18 7 16 0 -83717
1 8 1 3 -100613
-1 -12 0 -11 -82681
-5 5 -3 8 -100061
-23 19 -5 16 -92079
20 9 22 -3 -82015
-10 -11 -11 -10 -102547
3 -9 -2 -10 -101975
-4 -24 -2 -1 -99495
-14 24 -10 -2 -97187
-19 -3 -23 -18 -88271
-10 -15 -18 -11 -99731
-7 2 -6 9 -100327
-4 11 -13 22 -91579
16 -15 15 -2 -102131
8 0 5 -3 -106387
4 4 8 6 -100423
-9 6 -9 23 -93757
0 -19 -5 -23 -67101
-7 -5 -6 -3 -89467
-13 -18 -8 -8 -99631
24 5 12 3 -82041
15 -21 6 -12 -93243
16 17 12 14 -77003
-7 -12 -1 -23 -103535
0 -19 -24 -18 -100261
-4 3 -2 -2 -98185
-16 9 -21 15 -79703
-11 -24 -2 -24 -73043
8 2 12 -1 -98301
-4 -12 -6 -19 -98423
15 -15 10 -14 -82075
8 -5 14 -3 -97225
17 -24 9 -1 -97087
2 13 -1 10 -85999
-6 7 -7 7 -98031
-23 15 -24 1 -57253
24 -15 16 -7 -81715
-20 15 -18 6 -77557
-9 19 9 17 -97617
-13 8 -7 6 -93701
11 3 8 0 -94095
-18 -5 -16 -16 -96201
-7 5 -5 7 -96565
1 -10 6 -15 -102697
-18 -9 -15 19 -99379
0 -11 -2 -10 -96833
-15 3 -23 10 -92957
2 -11 0 -16 -94113
-15 10 -8 8 -90897
2 -2 -1 -4 -97163
7 10 11 -24 -102455
12 -3 10 1 -97933
17 6 17 9 -71237
-10 -1 -11 5 -94349
7 5 9 2 -93231
2 12 -2 10 -85815
-22 24 -16 -1 -87711
-7 12 -19 10 -104431
-18 -8 -18 -7 -71653
-9 -4 -9 -6 -87035
20 0 23 -17 -86479
-8 -8 -11 -7 -95597
3 -4 3 -5 -86571
-3 -22 -2 -23 -37715
6 -1 24 12 -103189
-11 14 -12 12 -76199
6 -13 7 -14 -90855
-5 -11 -6 -8 -95865
4 3 3 -3 -100251
10 3 11 -4 -102833
16 9 13 10 -71051
12 -17 16 -14 -78409
-1 9 -4 7 -92227
-22 -14 -17 -1 -98601
18 -11 14 -6 -91993
13 -7 12 1 -93715
17 -11 18 -1 -91559
-17 -8 24 -11 -104945
-8 2 -9 8 -96205
20 0 19 10 -87481
-9 -14 -16 -17 -96323
21 2 24 18 -68847
1 -8 4 -3 -96035
5 10 8 3 -104367
-1 2 0 4 -90979
-5 0 -1 0 -101671
0 9 -3 23 -100235
-10 5 -7 4 -92323
2 11 -1 18 -93193
14 0 11 9 -105311
14 13 -23 23 -90877
-18 23 -7 14 -81415
22 19 22 -5 -92793
-24 8 0 12 -102823
22 0 14 -13 -103115
-2 -3 4 -1 -105833
3 0 5 0 -93621
-11 -6 -11 -3 -87317
17 -18 -5 -21 -112253
-1 -13 2 -16 -89019
9 19 17 11 -94673
-23 -2 -16 7 -92297
13 -2 15 7 -93877
20 -4 19 -1 -66157
-11 -22 -1 -23 -85321
-21 -10 -21 -6 -64091
-22 -11 -20 -14 -45319
12 6 21 23 -98613
7 -6 11 -2 -100715
-22 0 -17 -2 -72715
24 -7 24 8 -61205
-21 -17 23 -4 -106783
-5 12 -5 7 -82339
24 2 6 1 -95355
10 1 6 -2 -103633
13 24 -6 12 -101929
3 -9 24 -23 -88453
7 -5 7 -8 -79991
9 4 11 13 -95969
0 -16 -6 -20 -97825
-2 12 -7 11 -91355
13 -9 20 -15 -98683
-10 -1 -13 1 -89335
-23 11 -5 21 -101571
8 7 9 7 -92449
-24 -23 4 -2 -96135
-22 5 -14 24 -78903
-17 0 24 -2 -107387
8 -15 4 -15 -86775
-24 -14 -2 -2 -101745
8 2 9 14 -102743
3 -4 4 0 -94551
0 -1 -21 8 -112533
-1 22 -19 20 -89427
-14 4 -11 16 -100769
15 -6 16 -9 -78671
-19 -22 -10 21 -100047
18 -1 11 -3 -93847
-12 -21 -23 -21 -80593
24 -21 -10 0 -108841
-6 -16 -3 -15 -88861
22 -23 0 -5 -102629
-15 -11 -17 -7 -84387
-8 -20 -7 -21 -65053
-6 10 -24 20 -90127
12 7 13 1 -93237
0 18 7 15 -89971
-16 -24 -16 -11 -62901
4 13 -6 14 -95729
7 21 13 13 -86941
-8 9 -5 10 -97261
-23 10 -10 13 -95531
-13 14 -22 9 -84411
-5 -19 -7 -18 -79109
21 10 14 -1 -105793
21 -18 -23 -18 -103059
7 20 -1 16 -79569
16 -23 19 0 -94173
-18 -4 -18 8 -90315
-6 -13 0 -14 -95417
17 19 9 15 -90903
-10 -11 -11 -9 -97469
1 -9 5 -9 -94271
13 -5 10 -3 -88421
4 -15 -3 -13 -99877
13 10 9 6 -88309
-10 -24 -19 -20 -71731
-10 1 -13 4 -96297
-13 -22 -15 -7 -100981
-5 17 -10 11 -86833
5 -5 8 -10 -92649
1 6 3 6 -88849
12 -5 21 -1 -95597
-24 16 -19 17 -24131
3 -5 -1 -2 -91283
4 18 6 16 -72225
-8 -16 -24 -18 -105409
-15 -21 -19 11 -103949
4 14 -4 20 -88779
7 -22 8 -9 -89047
-10 0 18 17 -123939
-11 -5 -8 -6 -94083
0 12 4 24 -81179
24 8 4 7 -95137
-4 -4 -1 -7 -91691
-19 5 -12 4 -96103
18 -2 17 -5 -73795
-5 -23 -5 -8 -104133
-7 3 -6 1 -97103
23 -13 22 -4 -60913
-18 -3 -11 -6 -98323
-18 17 -16 6 -87959
-1 -4 0 -1 -93203
-21 -7 -19 12 -92937
8 -8 8 24 -101985
-17 -7 -15 -2 -86883
7 16 8 9 -81723
5 -3 4 -4 -93229
-14 -20 -9 -19 -77341
23 -10 18 -9 -49415
-15 22 -12 15 -51053
1 22 1 20 -25515
-7 24 3 11 -96549
11 -8 13 -1 -96977
-12 -7 -15 -6 -86039
-15 -5 -22 -3 -87367
12 18 -14 20 -97941
0 -15 3 -22 -76647
15 24 14 24 -48849
22 17 3 20 -88463
-19 -9 -11 -4 -101537
-7 24 -10 14 -55731
-16 0 -15 -23 -102451
7 -15 19 -14 -102423
0 -6 0 -2 -89643
-3 -20 -2 -18 -73829
0 -12 0 -16 -86167
14 -14 2 -16 -103691
-3 5 -5 0 -98203
-18 -17 -24 -18 -52899
-9 -20 10 -24 -100515
-23 -8 -14 0 -96699
18 21 22 -3 -101863
-14 -14 -24 -19 -86183
7 -19 24 -14 -83581
3 -1 2 -1 -89019
0 23 1 7 -101167
10 20 1 21 -72913
-23 21 -12 0 -106887
-6 -10 -5 -7 -88051
-18 21 -18 24 -7183
-13 8 -11 1 -97185
13 15 15 -15 -109161
9 19 18 22 -74739
-11 0 -15 -1 -95035
-18 3 -15 5 -83197
7 -23 8 -15 -49603
-23 -8 -11 -12 -98299
18 0 15 13 -111337
15 -17 19 -19 -50899
13 22 21 12 -76309
8 -14 15 -10 -104661
22 9 15 -15 -102467
-2 -24 -19 -24 -80545
-8 12 2 17 -95803
-2 11 1 8 -84491
-19 20 -6 22 -83205
8 -15 9 -2 -102085
-5 9 -4 6 -87205
-1 -15 -8 -22 -102859
9 8 6 10 -101251
-6 -17 -3 -11 -98877
17 1 14 15 -110799
