22 1 23 3 -68416
17 13 16 20 -76106
9 1 10 -1 -75268
9 23 10 21 -47956
3 -20 1 -21 -72182
-6 9 -7 14 -73824
6 17 5 22 -73912
-5 -11 -2 -10 -74782
8 9 10 8 -79410
6 -12 8 -10 -76364
20 -9 20 -3 -67820
6 3 6 5 -64938
-14 6 -16 8 -77012
24 11 17 10 -70300
23 -17 13 -14 -81442
-2 -3 -4 -3 -78854
-7 13 -5 18 -69958
3 10 6 13 -88980
1 -11 0 -15 -74184
-9 -11 -8 -18 -75012
9 22 -8 24 -77898
3 -21 -3 -23 -73462
-15 14 -13 24 -69280
-24 23 -19 18 -49400
2 15 4 19 -76956
0 4 0 5 -64418
0 23 -6 15 -75164
7 0 8 -5 -78010
5 -24 -21 -24 -78992
0 -14 0 -17 -71948
1 -12 2 -12 -76540
1 20 -5 23 -71662
9 12 6 16 -76392
11 17 11 11 -74842
-16 -19 -19 -23 -50806
20 -7 21 -9 -62408
10 -22 10 -24 -24128
24 17 0 22 -77144
-15 19 -21 11 -79716
0 -22 5 -23 -69056
0 -3 -6 -8 -95624
-19 0 -23 -3 -77492
-10 -5 -7 -3 -77338
-1 14 -5 17 -75462
15 19 10 24 -58416
-18 24 -21 8 -69172
-4 -15 -1 -15 -76056
-20 -3 -19 1 -76864
6 5 5 6 -78244
4 -18 4 -16 -69892
11 21 13 13 -79452
4 17 9 24 -80412
-3 23 -6 24 -52704
4 3 5 0 -73058
-13 0 -15 -5 -73476
23 0 24 6 -74120
13 -9 17 -10 -70066
14 -3 15 -4 -69406
5 4 2 6 -78184
-2 -1 -2 -3 -74348
-1 -16 0 -19 -74900
22 15 24 10 -49888
-12 12 -13 9 -68554
-17 -14 -18 -21 -83042
-4 -23 21 -18 -77934
-19 24 -5 24 -60604
8 -11 3 0 -101408
-7 3 -7 6 -74152
-8 -15 -4 -13 -75310
-8 -21 8 -24 -84078
-3 -22 -3 -19 -71918
-20 -7 -19 -5 -74068
-15 21 12 24 -76278
-23 24 1 24 -65024
11 -23 1 -20 -70194
24 -22 22 -13 -54364
16 -19 16 24 -78588
-8 9 -8 11 -73582
14 -17 10 -18 -73894
-17 7 -18 10 -76204
-5 -19 5 -17 -93318
0 -13 1 -13 -77136
-2 17 -9 22 -77742
22 -10 24 -4 -54462
-24 11 -24 14 -33732
-7 -11 -7 -15 -68874
0 14 2 20 -78792
24 -15 24 -4 -58650
4 -2 6 -1 -72848
14 9 11 18 -89502
-2 6 -4 4 -72944
-18 -14 -15 -13 -67682
-13 -21 -10 -21 -77682
-1 -19 4 -24 -76866
-1 -9 0 -10 -68596
-15 20 -10 22 -59744
20 15 15 12 -87412
13 -5 11 -8 -80738
17 4 13 3 -78980
-19 4 -17 8 -76150
8 19 2 21 -82606
-10 -5 -8 -5 -72828
10 -15 7 -13 -71290
20 4 17 -24 -79074
-16 11 -15 7 -78734
-14 4 -15 5 -73574
-5 20 -3 11 -74692
-23 -2 -24 -11 -64496
-15 -24 -18 -19 -53564
20 5 21 0 -66894
15 -16 14 -21 -59792
1 -8 0 -11 -78166
0 -5 -1 -2 -74302
2 -2 0 0 -71560
-20 1 -24 -24 -74832
-12 3 -11 8 -75310
-23 4 -19 4 -69724
-14 -21 -12 -24 -45468
8 -10 9 -9 -70506
9 11 4 11 -78322
7 22 1 23 -73130
3 -7 0 -10 -76576
16 17 17 17 -77042
-16 -22 -23 -23 -57568
-5 3 -5 1 -69182
23 -13 19 -10 -63610
9 -1 11 0 -74278
1 10 0 5 -74526
-6 7 -7 10 -81874
-18 17 -18 16 -62256
-4 3 -3 0 -73234
10 19 8 21 -62344
17 -18 14 -11 -77034
7 13 5 14 -77902
19 -4 15 -12 -79962
-1 0 0 0 -70308
-12 -18 -18 -17 -75716
-10 12 -6 16 -71778
-16 7 -15 2 -81134
8 -17 7 -19 -67366
-7 -2 -8 -6 -80834
-7 -9 -12 -11 -75160
-23 -23 15 -16 -79324
15 0 23 2 -74494
-20 -8 -20 -13 -64524
12 24 18 23 -68484
-23 6 -23 -17 -75022
14 6 13 4 -67794
24 8 24 0 -64818
18 4 23 10 -73544
17 -3 18 -4 -69106
-22 13 -19 15 -64034
23 -6 18 -3 -61036
-9 -5 -10 -2 -72786
-4 -6 -4 -3 -77732
-13 -24 6 -21 -83196
-14 -21 -9 -18 -81730
-15 -15 -13 -13 -66978
23 0 24 21 -71352
19 -20 22 -12 -64486
6 11 6 10 -75774
8 -8 9 -9 -68568
12 10 12 6 -69572
21 16 21 20 -45090
-15 21 -10 16 -66510
-22 -22 -18 -24 -49114
8 10 9 5 -81734
2 -13 5 -14 -72806
5 -4 6 2 -72436
15 -5 13 -6 -71268
-15 -13 -13 -15 -69758
-11 12 -10 13 -67660
-4 -16 -4 -22 -79994
-2 8 -1 8 -75160
19 1 24 3 -55534
17 24 -23 19 -70960
6 -12 6 -11 -68286
-21 7 -24 2 -70934
23 9 23 10 -49380
16 -16 11 -23 -63734
-13 4 -12 4 -68704
-1 -23 -1 -24 -35774
11 3 7 3 -78438
17 -23 16 -14 -63284
18 -8 24 -4 -62036
-8 -21 -7 -12 -75106
-24 8 -16 11 -73692
10 -15 11 -13 -74524
23 16 19 22 -50722
-12 -15 -11 -18 -65986
12 -12 11 -19 -80110
-10 22 -11 14 -70246
-16 -21 -12 -16 -81278
-14 -7 -16 -9 -68064
14 -24 13 -23 -34634
-9 -10 -11 -13 -69560
-5 -3 -4 -2 -85718
-24 -8 -16 -9 -77092
-12 -19 -8 -15 -75288
-19 19 23 18 -76958
-3 -7 -2 -8 -69042
-23 2 -24 6 -63118
-4 8 -4 6 -76872
10 14 9 9 -74394
5 18 22 24 -68872
-8 -21 17 -24 -77976
11 -1 11 3 -71884
12 16 14 22 -69524
-9 -6 -8 -7 -72262
3 -24 2 -17 -81384
-24 23 -22 22 -25404
-17 -5 -17 -8 -71726
4 9 4 13 -81016
2 -24 1 5 -82516
1 -8 1 -11 -74244
-7 -21 -12 -21 -77282
-3 12 -3 10 -74300
17 15 17 22 -62948
18 2 18 9 -70490
20 -11 23 -19 -73430
-14 22 -24 16 -70712
-9 0 -7 -2 -72988
-19 -16 -18 -16 -67406
-17 11 -14 10 -70538
20 1 20 -4 -70916
-8 0 -13 0 -79206
-18 -19 -20 -13 -80792
-8 3 -8 4 -69750
19 -9 20 -10 -68550
-9 -10 -7 -14 -72618
-6 -20 -1 -23 -75940
2 -22 4 -18 -75794
24 -11 12 -11 -81182
-9 -11 -5 -12 -69246
4 -23 17 -21 -70512
17 5 -9 8 -90356
3 9 7 12 -90520
-3 -4 -4 1 -78236
-16 0 -18 0 -68134
14 -12 21 -10 -76524
17 12 24 12 -68362
-2 1 -4 0 -76494
-19 3 -18 0 -70090
-19 2 -18 6 -81660
14 -20 8 -17 -75660
-2 -17 -4 -12 -73660
-14 -6 -14 -1 -70910
15 -16 21 -24 -60176
-2 1 0 -1 -72154
-21 -6 -19 -6 -71934
-24 -24 -6 -3 -77868
-24 -18 -19 -17 -68312
-15 -24 -16 -14 -78712
8 -18 7 -12 -79228
11 14 8 11 -67984
-22 -5 -20 0 -80878
12 -12 11 -8 -69380
18 14 13 10 -85544
-24 6 -3 7 -78210
13 11 11 10 -62018
-1 -12 0 -11 -74254
-20 -12 -23 -13 -60006
-8 9 -14 10 -77590
2 10 1 14 -80630
-1 -19 -6 -21 -79504
-18 6 -18 4 -76008
6 -22 3 -22 -60062
18 -23 9 -19 -76566
-22 0 -23 7 -76388
-15 14 -14 14 -64276
10 -20 7 -21 -55110
6 4 7 10 -78376
-23 -2 -18 -5 -82210
18 3 16 6 -78926
-6 8 -6 9 -77956
-22 15 -23 20 -42150
0 -19 -5 -23 -77192
8 -8 9 -6 -72440
-14 23 -1 23 -68260
24 24 12 9 -78560
-24 24 -21 1 -60262
16 17 12 14 -79786
-2 -20 -1 -23 -72376
-10 2 -11 -2 -74674
23 -13 23 -21 -57092
-16 9 -21 15 -69922
-11 -24 -2 -24 -65298
-20 24 -19 21 -34212
15 7 18 5 -82612
8 7 7 11 -79640
3 -1 24 -24 -79942
-22 -16 -23 -16 -51528
2 13 -1 10 -74034
-2 9 -2 10 -75002
-23 15 -24 1 -58610
13 -15 11 -15 -69178
-20 15 -18 6 -70732
0 20 6 19 -82572
11 -4 12 -3 -75868
-7 -19 -8 -23 -48748
-24 -2 -19 -4 -70286
-7 5 -5 7 -73798
-2 -4 1 -5 -69764
10 -16 24 -19 -82168
-18 -11 -19 -10 -74642
14 -13 16 -10 -71344
20 -11 19 -15 -61470
15 0 18 2 -74376
2 -2 -1 -4 -70418
8 -12 5 -14 -75720
12 -3 10 -1 -75118
17 6 17 9 -63650
-19 -24 -23 -10 -78258
7 5 9 2 -77778
-7 1 -5 3 -73702
-11 -16 -12 -21 -68302
-13 -12 -11 -13 -72354
-18 -8 -18 -7 -71766
-9 -4 -9 -6 -68664
20 18 18 17 -64326
-19 -5 -23 0 -80842
3 -4 3 -5 -73722
-3 -22 -2 -23 -64118
2 9 -8 9 -92036
-11 14 -12 12 -67022
6 -13 7 -14 -70658
-5 -11 -6 -8 -68798
-12 -22 -15 -23 -64368
10 3 11 0 -77156
16 9 13 10 -77604
12 -17 16 -14 -74494
-4 -9 -3 -8 -79006
9 1 8 0 -71612
5 -12 5 -9 -73966
-11 -14 -10 -6 -71366
-17 -15 -16 -22 -78478
-20 -15 -18 -12 -69570
-5 12 -1 12 -75616
5 13 6 22 -80924
-21 -12 -20 -17 -74458
21 2 24 18 -79180
24 5 22 0 -74994
20 5 17 6 -74698
-1 2 0 4 -65130
-14 1 -14 2 -69878
11 23 22 18 -84798
-10 5 -7 4 -72516
18 14 18 16 -61540
2 19 0 20 -66440
-11 23 -9 8 -76220
-15 15 -21 21 -69226
13 23 8 13 -84022
5 20 8 21 -68324
-24 23 14 19 -75630
0 17 0 15 -64908
2 -10 -24 -13 -80008
-16 -22 -15 -22 -64624
-12 -7 -11 -9 -68770
-1 -13 2 -16 -77112
16 16 20 19 -77080
-14 1 -14 -1 -71972
16 13 9 15 -74994
20 -4 19 -1 -71166
12 19 19 18 -84524
-21 -10 -21 -6 -67070
-22 -11 -20 -14 -71002
16 -18 13 -17 -74562
24 -16 22 -4 -66266
-4 23 17 23 -71848
24 -7 24 8 -66422
-17 5 -24 7 -76246
13 -7 14 -5 -78706
24 -3 18 3 -65164
20 14 -23 24 -76522
1 23 0 18 -69902
3 -9 24 -23 -79912
7 -5 7 -8 -76934
15 4 13 3 -74908
6 -4 6 -6 -80074
-15 -4 -18 -5 -73370
19 -9 18 -18 -76554
-10 -1 -13 1 -78524
-24 24 -9 21 -56124
8 7 9 7 -76504
-24 -23 4 -2 -81912
-22 5 24 9 -73238
21 6 21 16 -76800
8 -15 4 -15 -71396
-18 -16 -24 -13 -75988
-17 0 -15 -4 -75694
6 0 4 0 -74716
-17 -14 -19 17 -80272
-17 17 -12 19 -65506
4 -21 5 -23 -55408
15 -6 16 -9 -64808
13 5 11 7 -79722
-4 -1 -6 -1 -77934
-12 -21 -23 -21 -78696
11 -7 11 0 -78646
-6 -16 -3 -15 -77500
14 9 12 12 -81342
-15 -11 -17 -7 -73048
-8 -20 -7 -21 -66680
4 6 -1 7 -76160
12 7 13 1 -75802
-9 11 -16 13 -78732
22 -24 24 0 -67394
4 13 1 14 -74520
0 -20 2 -17 -79878
-8 9 -5 10 -70528
-6 15 0 17 -75266
-24 -7 -24 -8 -49944
-5 -19 -7 -18 -68172
13 -17 14 -8 -77342
21 -18 -23 -18 -75954
8 -19 8 -13 -79466
8 17 9 24 -67282
4 -9 2 -5 -86132
12 3 10 3 -72964
11 -9 10 -9 -64722
-15 6 -14 10 -72350
1 -9 5 -9 -70770
13 -5 10 -3 -74174
-24 2 -20 -7 -75764
-16 -7 -16 -19 -79910
-10 -24 -19 -20 -76794
23 8 16 10 -80262
-1 11 0 14 -72794
17 3 19 0 -70716
-6 -24 -12 -20 -73308
1 6 3 6 -70336
17 17 23 12 -66538
-24 16 -19 17 -54328
14 -2 14 0 -68764
4 18 6 16 -76794
20 0 19 -1 -68654
-2 16 1 13 -70716
-24 -21 -24 -1 -70372
-23 11 -21 13 -55274
4 22 2 19 -72858
0 6 -5 6 -84452
14 21 22 22 -61750
-15 -7 -18 -6 -74794
0 18 1 21 -73216
22 -2 20 -6 -68246
18 -2 17 -5 -74834
-5 -3 -5 1 -73744
-7 11 -11 12 -67724
-23 -7 -21 2 -77726
17 9 14 12 -80534
1 7 0 10 -76800
-2 20 -11 21 -73904
2 13 5 14 -78110
-24 20 -20 21 -42424
-8 -6 -6 -10 -74834
23 -8 0 -2 -78946
5 -3 4 -4 -68638
-6 24 -15 18 -67346
23 -10 18 -9 -62714
-15 22 -12 15 -68542
1 22 1 20 -58256
-19 -16 -19 -17 -68958
22 3 21 14 -75644
-12 -7 -15 -6 -69408
16 15 13 9 -80406
-14 23 -21 15 -73890
24 -17 24 22 -69408
15 24 14 24 -55414
-3 23 1 20 -64638
15 0 14 -2 -75492
-7 24 -10 14 -68574
4 0 4 2 -65204
-23 4 -23 0 -70266
3 24 0 24 -53326
-3 -20 -2 -18 -78446
0 -12 0 -16 -73018
6 20 11 23 -57436
24 -21 19 -12 -68940
-18 -17 -24 -18 -75356
-24 10 -19 6 -61926
-23 5 -22 6 -59370
-9 3 -12 0 -74962
-14 -9 -8 -9 -78844
7 -19 24 -14 -78186
3 -1 2 -1 -67506
-19 9 -15 14 -70272
11 -8 12 -10 -70272
14 -24 15 -2 -78918
-6 -10 -5 -7 -72094
-18 21 -18 24 -26046
-22 -13 -22 -12 -55410
-17 15 -17 18 -66106
-13 15 -11 8 -74440
-11 0 -15 -1 -72186
-18 3 -15 5 -70976
7 -23 8 -15 -70214
-14 -24 -7 -24 -73774
-19 -24 -19 -10 -85064
15 -17 19 -19 -72404
13 22 21 12 -87960
-11 3 -10 0 -74564
-24 3 -24 -1 -58972
-2 -24 -19 -24 -81502
1 -18 2 -24 -80242
-2 11 1 8 -81380
-21 1 -18 3 -78062
-8 19 -3 18 -72362
-18 -4 -19 -5 -77030
16 8 18 18 -86128
-17 16 -20 18 -60358
7 -18 11 -21 -65424
-10 6 -10 7 -69508
