22 1 23 3 -69176
17 13 16 20 -65830
9 1 10 -1 -79264
9 23 10 21 -47132
3 -20 1 -21 -68502
-6 9 -7 14 -70740
6 17 5 22 -71730
-5 -11 -2 -10 -73846
8 9 10 8 -75472
6 -12 8 -10 -82376
20 -9 20 -3 -69296
6 3 6 5 -74936
-14 6 -16 8 -72250
24 11 17 10 -67492
23 -17 13 -14 -82202
-2 -3 -4 -3 -76816
-7 13 -5 18 -68338
20 10 18 13 -67208
1 -11 0 -15 -72606
-9 -11 -8 -18 -74482
9 22 -8 24 -73810
3 -21 -3 -23 -65478
-15 14 -13 24 -68900
-24 23 -19 18 -49922
2 15 4 19 -73066
0 4 0 5 -72310
0 23 -6 15 -73458
7 0 8 -5 -74610
5 -24 -21 -24 -75004
0 -14 0 -17 -72282
1 -12 2 -12 -73356
1 20 -5 23 -71440
9 12 6 16 -73734
11 17 11 11 -61478
-16 -19 -19 -23 -54820
20 -7 21 -9 -63616
10 -22 10 -24 -24818
24 17 0 22 -75250
-15 19 -21 11 -85382
0 -22 5 -23 -63674
10 20 12 14 -67454
-19 0 -23 -3 -77192
-10 -5 -7 -3 -73198
-1 14 -5 17 -73460
15 19 10 24 -59858
-18 24 -21 8 -72070
-4 -15 -1 -15 -72634
-20 -3 -19 1 -76616
6 5 5 6 -78244
4 -18 4 -16 -70520
4 0 5 6 -90028
4 17 9 24 -76340
-3 23 -6 24 -51986
4 3 5 0 -75984
-13 0 -15 -5 -71366
23 0 24 6 -76022
13 -9 17 -10 -70190
14 -3 15 -4 -70262
5 4 2 6 -78558
-2 -1 -2 -3 -66054
-1 -16 0 -19 -73646
22 15 24 10 -52108
-12 12 -13 9 -71178
24 -12 -18 -21 -80616
-5 -15 -8 -17 -78568
-19 24 -5 24 -71848
-16 13 -15 9 -72990
-7 3 -7 6 -74078
-8 -15 -4 -13 -81808
-24 -21 -23 -13 -46708
-3 -22 -3 -19 -68736
-20 -7 -19 -5 -75314
-15 21 12 24 -75448
-23 24 1 24 -67650
11 -23 1 -20 -75972
24 -22 22 -13 -55520
16 -19 16 24 -77876
-8 9 -8 11 -70572
14 -17 10 -18 -74156
-17 7 -18 10 -70848
2 -22 3 -17 -80110
0 -13 1 -13 -73096
-2 17 -9 22 -78732
22 -10 24 -4 -54420
-24 11 -24 14 -35392
-7 -11 -7 -15 -67948
0 14 2 20 -77384
24 -15 24 -4 -58234
4 -2 6 -1 -74936
20 3 23 -3 -74998
-2 6 -4 4 -73378
-18 -14 -15 -13 -73432
-13 -21 -10 -21 -78224
-1 -19 4 -24 -65366
-1 -9 0 -10 -68008
-15 20 -10 22 -67850
-8 15 -12 17 -64824
13 -5 11 -8 -81818
17 4 13 3 -78372
-19 4 -17 8 -76192
8 19 2 21 -73814
-10 -5 -8 -5 -74874
10 -15 7 -13 -74926
20 4 17 -24 -80058
23 -23 -6 -23 -73722
-14 4 -15 5 -72460
-5 20 -3 11 -74050
-23 -2 -24 -11 -64990
-15 -24 -18 -19 -53872
20 5 21 0 -71314
15 -16 14 -21 -60476
1 -8 0 -11 -76168
0 -5 -1 -2 -68456
2 -2 0 0 -70200
-20 1 -24 -24 -75518
-12 3 -11 8 -73586
-23 4 -19 4 -69466
-14 -21 -12 -24 -46604
8 -10 9 -9 -76196
9 11 4 11 -74384
7 22 1 23 -64882
3 -7 0 -10 -76160
16 17 17 17 -69970
-16 -22 -23 -23 -59732
-5 3 -5 1 -71218
23 -13 19 -10 -63466
9 -1 11 0 -75072
1 10 0 5 -77656
-6 7 5 2 -92806
-18 17 -18 16 -62640
-4 3 -3 0 -76170
10 19 8 21 -62962
17 -18 14 -11 -77562
7 13 5 14 -75524
19 -4 15 -12 -79508
-1 0 0 0 -71426
-12 -18 -18 -17 -78428
-10 12 -6 16 -72030
-16 7 -15 2 -79452
8 -17 7 -19 -67838
14 0 10 5 -94952
-7 -9 -12 -11 -75928
-23 -23 15 -16 -82240
15 0 23 2 -74660
-20 -8 -20 -13 -66074
12 24 18 23 -66720
-23 6 -23 -17 -76172
14 6 13 4 -66736
24 8 24 0 -66976
18 4 23 10 -71414
17 -3 18 -4 -71720
-22 13 -19 15 -68788
23 -6 18 -3 -65188
-9 -5 -10 -2 -68324
-4 -6 -4 -3 -67676
-13 -24 6 -21 -78372
-14 -21 -9 -18 -82178
-15 -15 -13 -13 -73780
23 0 24 21 -74176
19 -20 22 -12 -67140
6 11 6 10 -72172
8 -8 9 -9 -68458
12 10 12 6 -67116
21 16 21 20 -45314
-15 21 -10 16 -69498
-22 -22 -18 -24 -48658
8 10 9 5 -79496
2 -13 5 -14 -69736
5 -4 6 2 -74846
15 -5 13 -6 -71524
-15 -13 -13 -15 -70932
-11 12 -10 13 -68656
-4 -16 -4 -22 -79878
-2 8 -1 8 -69696
19 1 24 3 -56492
17 24 -23 19 -71460
6 -12 6 -11 -68440
-21 7 -24 2 -71464
23 9 23 10 -49850
16 -16 11 -23 -63748
-13 4 -12 4 -67524
-1 -23 -1 -24 -29646
11 3 7 3 -75886
17 -23 16 -14 -64734
18 -8 24 -4 -62222
-8 -21 -7 -12 -75564
-24 8 -16 11 -75784
10 -15 11 -13 -74620
23 16 19 22 -48824
-12 -15 -11 -18 -64186
12 -12 11 -19 -79868
-10 22 -11 14 -70046
-16 -21 -12 -16 -79612
-14 -7 -16 -9 -72874
14 -24 13 -23 -35164
-9 -10 -11 -13 -71332
-6 24 -19 21 -79232
-24 -8 -16 -9 -77894
-12 -19 -8 -15 -79132
-19 19 23 18 -78320
-3 -7 -2 -8 -70528
-23 2 -24 6 -62232
-4 8 -4 6 -75414
10 14 9 9 -68696
5 18 22 24 -67196
-8 -21 17 -24 -80260
11 -1 11 3 -75860
12 16 14 22 -62510
-9 -6 -8 -7 -76340
9 -24 5 -16 -75018
-24 23 -22 22 -26858
-17 -5 -17 -8 -71990
4 9 4 13 -77604
-19 9 -15 13 -83956
1 -8 1 -11 -72478
-7 -21 -12 -21 -77858
-3 12 -3 10 -71778
17 15 17 22 -61228
18 2 18 9 -72022
20 -11 23 -19 -73646
-14 22 -24 16 -71876
-9 0 -7 -2 -72920
-19 -16 -18 -16 -68652
-17 11 -14 10 -67742
20 1 20 -4 -74686
-8 0 -13 0 -78860
-18 -19 -20 -13 -76050
-8 3 -8 4 -69530
19 -9 20 -10 -68968
-9 -10 -7 -14 -72152
-6 -20 -1 -23 -70932
2 -22 4 -18 -78092
24 -11 12 -11 -82010
-9 -11 -5 -12 -72502
4 -23 17 -21 -74382
-21 -23 -18 -16 -61582
3 9 7 12 -76484
-3 -4 -4 1 -74962
-16 0 -18 0 -68548
14 -12 21 -10 -77722
17 12 24 12 -67128
-2 1 -4 0 -71120
-19 3 -18 0 -70630
-19 2 -18 6 -81246
14 -20 8 -17 -80384
-2 -17 -4 -12 -72148
-14 -6 -14 -1 -67580
15 -16 21 -24 -62384
-2 1 0 -1 -74252
-21 -6 -19 -6 -72662
-24 -24 -6 -3 -76466
-24 -18 -19 -17 -70998
-15 -24 -16 -14 -73140
8 -18 7 -12 -78080
11 14 8 11 -65084
-22 -5 -20 0 -81034
12 -12 11 -8 -70862
18 14 13 10 -76996
-24 6 -3 7 -78030
13 11 11 10 -62698
-1 -12 0 -11 -71588
-20 -12 -23 -13 -59720
-8 9 -14 10 -73730
2 10 1 14 -77932
-1 -19 -6 -21 -78532
-18 6 -18 4 -74298
6 -22 3 -22 -62028
18 -23 9 -19 -77804
-22 0 -23 7 -76310
-15 14 -14 14 -61330
10 -20 7 -21 -61214
6 4 7 10 -78038
-23 -2 -18 -5 -81374
18 3 16 6 -79704
-6 8 -6 9 -70130
-22 15 -23 20 -42010
0 -19 -5 -23 -75044
8 -8 9 -6 -75254
-14 23 -1 23 -71016
24 24 12 9 -74902
-24 24 -21 1 -61940
16 17 12 14 -70550
-2 -20 -1 -23 -63042
-10 2 -11 -2 -72228
23 -13 23 -21 -59238
-16 9 -21 15 -71928
-11 -24 -2 -24 -65278
-20 24 -19 21 -34954
15 7 18 5 -81960
8 7 7 11 -77070
3 -1 24 -24 -80478
-22 -16 -23 -16 -52860
2 13 -1 10 -70580
-2 9 -2 10 -71644
-23 15 -24 1 -58422
13 -15 11 -15 -70168
-20 15 -18 6 -72778
-10 -11 -14 -6 -89280
11 -4 12 -3 -76778
-7 -19 -8 -23 -49106
-24 -2 -19 -4 -70136
-7 5 -5 7 -72646
-2 -4 1 -5 -70126
10 -16 24 -19 -83132
-18 -11 -19 -10 -76016
14 -13 16 -10 -71558
20 -11 19 -15 -62462
15 0 18 2 -74892
2 -2 -1 -4 -67062
8 -12 5 -14 -78078
12 -3 10 -1 -77296
17 6 17 9 -64410
-19 -24 -23 -10 -74132
7 5 9 2 -80782
-7 1 -5 3 -70220
-11 -16 -12 -21 -66148
-13 -12 -11 -13 -74702
-18 -8 -18 -7 -72342
-9 -4 -9 -6 -61636
20 18 18 17 -62218
-19 -5 -23 0 -80134
3 -4 3 -5 -67740
-3 -22 -2 -23 -57328
20 6 21 23 -75568
-11 14 -12 12 -68318
6 -13 7 -14 -70576
-5 -11 -6 -8 -70456
-12 -22 -15 -23 -64574
10 3 11 0 -85178
16 9 13 10 -69712
12 -17 16 -14 -73496
-4 -9 -3 -8 -74898
9 1 8 0 -73090
5 -12 5 -9 -74424
-11 -14 -10 -6 -73938
-17 -15 -16 -22 -71586
-20 -15 -18 -12 -68044
-5 12 -1 12 -68072
5 13 6 22 -77450
-21 -12 -20 -17 -72506
21 2 24 18 -80492
24 5 22 0 -76190
20 5 17 6 -74078
-1 2 0 4 -74822
-14 1 -14 2 -70390
11 23 22 18 -81286
-10 5 -7 4 -69326
18 14 18 16 -53326
2 19 0 20 -60664
-11 23 -9 8 -76462
-15 15 -21 21 -71582
-6 23 -24 -16 -83398
5 20 8 21 -64558
-24 23 14 19 -75818
0 17 0 15 -63862
0 1 3 7 -88944
-16 -22 -15 -22 -65430
-12 -7 -11 -9 -77862
-1 -13 2 -16 -73454
16 16 20 19 -73722
-14 1 -14 -1 -71698
16 13 9 15 -69414
20 -4 19 -1 -75802
12 19 19 18 -79492
-21 -10 -21 -6 -68028
-22 -11 -20 -14 -72524
16 -18 13 -17 -75254
24 -16 22 -4 -66158
-4 23 17 23 -69208
24 -7 24 8 -69792
-17 5 -24 7 -76084
13 -7 14 -5 -79338
24 -3 18 3 -75204
20 14 -23 24 -76584
1 23 0 18 -69718
3 -9 24 -23 -83092
7 -5 7 -8 -74874
15 4 13 3 -73434
6 -4 6 -6 -75158
-15 -4 -18 -5 -74970
19 -9 18 -18 -77378
-10 -1 -13 1 -78814
-24 24 -9 21 -59350
8 7 9 7 -71778
-24 -9 15 -1 -82976
-22 5 24 9 -73788
21 6 21 16 -77690
8 -15 4 -15 -73194
-18 -16 -24 -13 -76436
-17 0 -15 -4 -75082
6 0 4 0 -74682
-17 -14 -19 17 -81872
-17 17 -12 19 -66172
4 -21 5 -23 -52852
15 -6 16 -9 -66590
13 5 11 7 -81256
-4 -1 -6 -1 -74228
-12 -21 -23 -21 -79614
11 -7 11 0 -77248
-6 -16 -3 -15 -80728
14 9 12 12 -68612
-15 -11 -17 -7 -76176
-8 -20 -7 -21 -67750
4 6 -1 7 -78770
12 7 13 1 -81826
-14 -11 -16 -12 -70948
22 -24 24 0 -67718
4 13 1 14 -70154
0 -20 2 -17 -80716
-8 9 -5 10 -67484
-6 15 0 17 -71916
-24 -7 -24 -8 -50116
-5 -19 -7 -18 -70106
13 -17 14 -8 -77034
21 -18 -23 -18 -80860
8 -19 8 -13 -78156
8 17 9 24 -62254
4 -9 2 -5 -79182
12 3 10 3 -73608
11 -9 10 -9 -66454
-15 6 -14 10 -71584
1 -9 5 -9 -70174
13 -5 10 -3 -75902
-24 2 -20 -7 -75722
-16 -7 -16 -19 -78858
-10 -24 -19 -20 -77472
23 8 16 10 -80172
-1 11 0 14 -70798
17 3 19 0 -72330
-6 -24 -12 -20 -73732
1 6 3 6 -72554
17 17 23 12 -64682
-24 16 -19 17 -55642
14 -2 14 0 -69482
4 18 6 16 -73798
20 0 19 -1 -68630
-2 16 1 13 -67386
-24 -21 -24 -1 -71346
-23 11 -21 13 -57724
4 22 2 19 -69966
0 6 -5 6 -78652
14 21 22 22 -59460
-15 -7 -18 -6 -76448
0 18 1 21 -72844
22 -2 20 -6 -67642
18 -2 17 -5 -74318
-5 -3 -5 1 -68206
-7 11 -11 12 -67948
-23 -7 -21 2 -78322
7 -7 5 -10 -81116
1 7 0 10 -75564
-2 20 -11 21 -75432
2 13 5 14 -68568
-24 20 -20 21 -43400
-8 -6 -6 -10 -77912
23 -8 0 -2 -81186
5 -3 4 -4 -71490
-6 24 -15 18 -76076
23 -10 18 -9 -63114
-15 22 -12 15 -69700
1 22 1 20 -57946
-19 -16 -19 -17 -62022
22 3 21 14 -76708
-12 -7 -15 -6 -73302
16 15 13 9 -72474
-14 23 -21 15 -73976
24 -17 24 22 -71304
15 24 14 24 -53704
-3 23 1 20 -64196
15 0 14 -2 -74272
-7 24 -10 14 -69452
4 0 4 2 -73270
-23 4 -23 0 -70630
3 24 0 24 -49796
-3 -20 -2 -18 -77900
0 -12 0 -16 -72120
6 20 11 23 -54594
24 -21 19 -12 -69712
-18 -17 -24 -18 -77988
-24 10 -19 6 -61514
-23 5 -22 6 -59316
-9 3 -12 0 -74160
-14 -9 -8 -9 -81418
7 -19 24 -14 -78558
3 -1 2 -1 -69164
-19 9 -15 14 -85824
11 -8 12 -10 -71358
14 -24 15 -2 -80908
-6 -10 -5 -7 -69754
-18 21 -18 24 -26562
-22 -13 -22 -12 -56382
-17 15 -17 18 -66818
-13 15 -11 8 -76416
-11 0 -15 -1 -72680
-18 3 -15 5 -72256
7 -23 8 -15 -71234
-14 -24 -7 -24 -73326
-6 -6 -3 -6 -75966
15 -17 19 -19 -72598
18 19 16 22 -54202
-11 3 -10 0 -74556
-24 3 -24 -1 -59004
-2 -24 -19 -24 -80900
1 -23 13 -18 -82788
-2 11 1 8 -77946
-21 1 -18 3 -78506
-8 19 -3 18 -73646
-18 -4 -19 -5 -77748
-7 -3 18 -22 -92932
-17 16 -20 18 -62454
7 -18 11 -21 -71526
-10 6 -10 7 -65996
