22 1 23 3 -60391
17 13 16 20 -69011
9 1 10 -1 -77345
9 23 10 21 -50911
3 -20 1 -21 -69639
-6 -1 -7 2 -71305
6 17 5 22 -68933
-5 -11 -2 -10 -67855
17 3 18 0 -67593
3 -4 3 0 -83843
-13 15 -12 20 -68661
6 3 6 5 -62391
-14 6 -16 8 -71581
24 11 17 10 -66425
7 -21 13 -22 -67601
-1 -10 0 -5 -72129
-6 -2 -5 -3 -72379
20 10 18 13 -64543
1 -11 0 -15 -69101
-1 5 5 -24 -84715
9 22 -8 24 -67757
3 -21 -3 -23 -64915
16 -3 15 -4 -66805
-24 23 -19 18 -58019
2 15 4 19 -64187
0 4 0 5 -63293
14 -5 -14 -22 -87581
7 0 8 -5 -82917
5 -24 -21 -24 -71877
0 -14 0 -17 -61393
1 -12 2 -12 -69243
-14 -17 -16 -7 -80567
-11 10 -9 9 -74049
11 17 11 11 -65239
-16 -19 -19 -23 -58061
20 -7 21 -9 -70539
10 -22 10 -24 -29741
24 17 0 22 -70963
2 -17 0 -24 -76561
0 -22 5 -23 -62911
10 20 12 14 -64927
-19 0 -23 -3 -75611
-10 -5 -7 -3 -75667
-1 14 -5 17 -71391
15 19 10 24 -61897
-18 24 -21 8 -75361
-4 -15 -1 -15 -69983
-20 -3 -19 1 -73869
6 5 5 6 -70127
4 -18 4 -16 -60491
-21 -11 -23 -17 -74465
4 17 9 24 -78013
-3 23 -6 24 -44857
4 3 5 0 -72073
4 17 4 14 -59125
-23 12 24 6 -77023
13 -9 17 -10 -75645
14 -3 15 -4 -64619
-16 -20 -15 -19 -62625
-2 -1 -2 -3 -79689
3 5 9 7 -81681
22 15 24 10 -49841
-12 12 -13 9 -67481
24 -12 -18 -21 -78645
-5 -15 -8 -17 -75241
-19 24 -5 24 -71407
-16 13 -15 9 -70255
-3 5 0 1 -69153
22 1 22 2 -63117
-24 -21 -23 -13 -50925
-3 -22 -3 -19 -67733
-20 -7 -19 -5 -72417
-15 21 12 24 -76647
-23 24 1 24 -66631
11 -23 1 -20 -76751
24 -22 22 -13 -64075
16 -19 16 24 -76335
-8 9 -8 11 -62859
14 -17 10 -18 -75583
-17 7 -18 10 -71859
23 -8 24 -14 -65155
0 -13 1 -13 -68833
24 4 21 7 -53811
22 -10 24 -4 -68837
-24 11 -24 14 -39163
-7 -11 -7 -15 -66461
-2 -20 -6 -19 -74397
24 -15 24 -4 -75877
-14 13 -20 12 -73935
-9 5 -9 4 -65621
16 19 19 20 -70175
-18 -14 -15 -13 -68577
-13 -21 -10 -21 -66225
-1 -19 4 -24 -65621
-1 -9 0 -10 -67491
-15 20 -10 22 -73361
-8 15 -12 17 -68667
-5 -4 -2 -2 -71965
17 -14 13 -12 -73813
15 -18 18 -24 -60405
-7 6 -8 2 -74835
-13 0 -12 -3 -70193
10 -15 7 -13 -69539
24 -22 23 -22 -14207
23 -23 -6 -23 -70519
-14 4 -15 5 -69269
1 7 0 5 -69913
-23 -2 -24 -11 -63245
-15 -24 -18 -19 -54125
20 5 21 0 -70367
15 -16 14 -21 -63991
10 0 7 0 -70297
0 -5 -1 -2 -83587
2 -2 0 0 -89017
-20 1 -24 -24 -78765
12 12 9 14 -72411
-23 4 -19 4 -68469
-14 -21 -12 -24 -45705
8 -10 9 -9 -68265
-6 14 -8 19 -65237
7 22 1 23 -59337
3 -7 0 -10 -67441
16 17 17 17 -62851
-16 -22 -23 -23 -62735
-5 3 -5 1 -66215
23 -13 19 -10 -67343
-13 -4 -14 -9 -73437
-12 -16 -7 -14 -75971
-1 -2 1 0 -68463
-18 17 -18 16 -63333
-21 -1 -19 -3 -64641
10 19 8 21 -63641
11 12 9 12 -69149
7 13 5 14 -65061
-16 16 -17 10 -72269
-1 0 0 0 -68137
-3 -9 -3 -12 -68019
-10 12 -6 16 -74633
24 -17 19 -15 -53513
8 -17 7 -19 -65947
-18 21 -11 19 -75955
-7 -9 -12 -11 -71971
9 15 8 12 -68589
-20 -12 -23 -12 -68489
-20 -8 -20 -13 -67325
12 24 18 23 -60459
-23 6 -23 -17 -78045
14 6 13 4 -65641
24 8 24 0 -56407
18 4 23 10 -65971
17 -3 18 -4 -68051
-22 13 -19 15 -75805
23 -6 18 -3 -68149
-9 -5 -10 -2 -69955
11 -24 13 -12 -74191
-13 -24 6 -21 -76541
13 2 14 2 -69027
-15 -15 -13 -13 -69789
23 0 24 21 -62269
19 -20 22 -12 -67567
6 11 6 10 -64419
8 -8 9 -9 -63599
12 10 12 6 -65061
21 16 21 20 -46441
-9 10 3 15 -88469
-22 -22 -18 -24 -51431
-17 9 -18 1 -84349
2 -13 5 -14 -69039
8 24 7 24 -50405
15 -5 13 -6 -66813
-15 -13 -13 -15 -69251
-11 12 -10 13 -70595
15 -20 7 -22 -73209
-2 8 -1 8 -62063
19 1 24 3 -65131
17 24 -23 19 -72581
6 -12 6 -11 -66923
-21 7 -24 2 -69595
23 9 23 10 -53185
16 -16 11 -23 -71479
-13 4 -12 4 -62973
-1 -23 -1 -24 -33313
7 -3 8 1 -82719
17 -23 16 -14 -67497
18 -8 24 -4 -72511
-8 -21 -7 -12 -70769
-24 8 -16 11 -73685
10 -15 11 -13 -67321
23 16 19 22 -58757
-12 -15 -11 -18 -72629
3 11 2 10 -72739
-10 22 -11 14 -71079
-20 23 -12 20 -74249
-14 -7 -16 -9 -70735
14 -24 13 -23 -36439
-11 -13 -10 -16 -73071
5 -21 6 -20 -68573
8 5 8 10 -71873
-12 -19 -8 -15 -77409
12 19 11 18 -69531
-3 -7 -2 -8 -72831
-23 2 -24 6 -65565
-4 8 -4 6 -68897
10 14 9 9 -73033
-6 -23 -6 -19 -60297
-8 -21 17 -24 -75811
11 -1 11 3 -72841
12 16 14 22 -76207
-9 -6 -8 -7 -66367
9 -24 5 -16 -74875
-24 23 -22 22 -30965
-17 -5 -17 -8 -69211
24 0 22 -10 -71993
-21 -16 -23 -12 -73849
1 -8 1 -11 -67807
5 24 22 23 -64281
-3 12 -3 10 -66535
17 15 17 22 -69659
18 2 18 9 -72009
20 -11 23 -19 -76919
-14 22 -24 16 -71589
-9 0 -7 -2 -73765
-19 -16 -18 -16 -68175
-17 11 -14 10 -69521
-13 19 -23 -21 -90599
9 5 8 8 -71241
-13 10 -11 10 -66509
4 0 3 -1 -71009
19 -9 20 -10 -73049
-9 -10 -7 -14 -72461
-6 -20 -1 -23 -73939
2 -22 4 -18 -77023
19 9 22 6 -81341
-9 -11 -5 -12 -70301
9 -23 8 -17 -62899
-21 -23 -18 -16 -65195
-4 -4 -4 -5 -70035
10 -12 10 -16 -62257
-16 0 -18 0 -64315
-22 14 -21 -5 -80721
17 12 24 12 -67575
-2 1 -4 0 -70561
-19 3 -18 0 -68329
-8 -4 -11 -6 -75407
14 -12 18 -12 -71741
-2 -17 -4 -12 -67397
-14 -6 -14 -1 -70563
15 -16 21 -24 -76015
-2 1 0 -1 -75163
-21 -6 -19 -6 -65109
-24 -24 -6 -3 -78691
-24 -18 -19 -17 -74405
-15 -24 -16 -14 -77085
-7 3 -12 3 -77109
11 14 8 11 -72991
6 8 4 8 -72787
12 -12 11 -8 -73055
-21 2 -23 -3 -72067
-13 1 -11 7 -78151
13 11 11 10 -67397
-1 -12 0 -11 -67723
-20 -12 -23 -13 -68023
-3 24 -11 21 -63075
2 10 1 14 -71339
-23 2 24 21 -71455
-18 6 -18 4 -73641
6 -22 3 -22 -66271
22 -17 21 -19 -49623
-22 0 -23 7 -80175
-15 14 -14 14 -67589
10 -20 7 -21 -69015
24 0 21 3 -54491
-3 14 1 12 -74181
24 6 24 13 -56119
-6 8 -6 9 -64475
-22 15 -23 20 -46619
0 -19 -5 -23 -70991
8 -8 9 -6 -63617
-14 23 -1 23 -71421
24 24 12 9 -71225
-24 24 -21 1 -77221
2 -3 0 1 -96201
-2 -20 -1 -23 -64731
-10 2 -11 -2 -69679
23 -13 23 -21 -63891
-16 9 -21 15 -74771
-11 -24 -2 -24 -64721
-20 24 -19 21 -58077
16 6 19 6 -66675
8 7 7 11 -71619
3 -1 24 -24 -74269
-22 -16 -23 -16 -55361
2 13 -1 10 -75081
-2 9 -2 10 -63815
-23 15 -24 1 -66813
13 -15 11 -15 -70623
-20 15 -18 6 -77025
20 -2 18 -2 -64703
-17 -10 -16 -17 -78407
-7 -19 -8 -23 -53827
-24 -2 -19 -4 -59019
-7 5 -5 7 -72841
-2 -4 1 -5 -78425
14 -7 15 -12 -74765
-18 -11 -19 -10 -69823
14 23 9 18 -74979
20 -11 19 -15 -58463
15 0 18 2 -65271
-23 14 -18 22 -70523
8 -12 5 -14 -72303
12 -3 10 -1 -69277
17 6 17 9 -63585
-4 19 -10 24 -59627
24 5 18 2 -70767
15 2 12 3 -74445
-11 -16 -12 -21 -63961
-13 -12 -11 -13 -67463
5 -9 3 -8 -67723
-9 -4 -9 -6 -64779
20 18 18 17 -67901
11 -9 14 -7 -68173
3 -4 3 -5 -72219
-3 -22 -2 -23 -58213
4 -23 21 -23 -70903
-11 14 -12 12 -68867
6 -13 7 -14 -68605
-5 -11 -6 -8 -68057
-12 -22 -15 -23 -56685
-6 13 -6 14 -57743
16 9 13 10 -62851
12 -17 16 -14 -71993
-20 -3 -24 -8 -65253
9 1 8 0 -68283
5 -12 5 -9 -70383
24 19 20 21 -39053
-17 -15 -16 -22 -77985
-20 -15 -18 -12 -74905
-5 12 -1 12 -70757
20 -11 15 -14 -64263
-3 -1 -2 -3 -82251
-14 -17 -14 -16 -71609
-19 21 -20 24 -58271
20 5 17 6 -73943
-1 2 0 4 -67219
-14 1 -14 2 -65847
8 -21 5 -22 -70071
-10 5 -7 4 -74525
18 14 18 16 -51341
2 19 0 20 -59069
-17 4 -7 -2 -87189
-3 -24 -23 -24 -71077
-20 -16 -19 -20 -64765
5 20 8 21 -64751
-24 23 14 19 -73639
0 17 0 15 -53583
24 -5 20 -6 -55001
-16 -22 -15 -22 -64153
-12 -7 -11 -9 -63275
-1 -13 2 -16 -71339
16 16 20 19 -76839
-14 1 -14 -1 -69567
16 13 9 15 -74303
20 -4 19 -1 -72863
20 -20 19 -19 -59295
-21 -10 -21 -6 -63761
-22 -11 -20 -14 -75801
16 -18 13 -17 -66603
24 -16 22 -4 -79885
-4 23 17 23 -69077
24 -7 24 8 -65955
-17 5 -24 7 -77727
13 -7 14 -5 -64483
-20 15 -21 13 -69049
-7 24 -9 17 -59011
1 23 0 18 -70379
23 1 24 -4 -52077
24 -7 23 -15 -66485
-10 -2 -14 -6 -73079
6 -4 6 -6 -65921
-15 -4 -18 -5 -72017
-4 8 -7 10 -72285
-5 -3 -11 -20 -92941
-24 24 -9 21 -72829
8 7 9 7 -62963
-23 23 -22 2 -76795
-22 5 24 9 -75537
21 6 21 16 -67487
8 -15 4 -15 -71871
19 -4 19 -3 -71167
-17 0 -15 -4 -73053
-4 2 -1 5 -72653
16 -1 16 0 -69937
-17 17 -12 19 -75557
4 -21 5 -23 -54651
15 -6 16 -9 -71423
13 5 11 7 -70795
-9 -20 -10 -20 -65301
-12 -21 -23 -21 -82085
11 -7 11 0 -72893
-6 -16 -3 -15 -74107
14 9 12 12 -65539
11 2 12 6 -68021
-8 -20 -7 -21 -67449
-9 15 -7 12 -69573
12 7 13 1 -73143
-14 -11 -16 -12 -65615
22 -24 24 0 -68263
4 13 1 14 -71721
0 -20 2 -17 -76513
-8 9 -5 10 -70097
-1 -4 -3 -3 -80305
-24 -7 -24 -8 -48421
-5 -19 -7 -18 -70727
-9 -13 -7 -10 -68969
21 -18 -23 -18 -75081
8 -19 8 -13 -66693
8 17 9 24 -67731
21 6 20 8 -73129
12 3 10 3 -63155
11 -9 10 -9 -60547
-15 6 -14 10 -69857
-11 2 -10 3 -69339
24 -24 19 -22 -22669
-24 2 -20 -7 -65345
-16 7 -16 5 -73217
-10 -24 -19 -20 -73039
-23 -14 -17 -21 -74183
-3 11 0 14 -71731
17 24 19 20 -48661
-6 -24 -12 -20 -73683
1 6 3 6 -73999
17 17 23 12 -67223
-24 16 -19 17 -61513
14 -2 14 0 -72681
4 18 6 16 -68833
20 0 19 -1 -68493
-2 16 1 13 -72523
-24 -21 -24 -1 -73643
-23 11 -21 13 -58965
4 22 2 19 -67315
16 15 13 13 -63645
14 21 22 22 -60413
-15 -7 -18 -6 -69227
0 18 1 21 -67391
-24 -11 -23 -17 -66921
18 -2 17 -5 -74115
-5 -3 -5 1 -70039
-7 11 -11 12 -77709
3 -6 2 -6 -68941
7 -7 5 -10 -71563
1 7 0 10 -61129
-3 22 -3 20 -50565
2 13 5 14 -66311
-24 20 -20 21 -46557
-5 15 -6 15 -69303
4 11 4 14 -66159
5 -3 4 -4 -68547
-6 24 -15 18 -79321
23 -10 18 -9 -63725
-15 22 -12 15 -65163
1 22 1 20 -61637
-19 -16 -19 -17 -66499
-14 20 -13 21 -64261
-12 -7 -15 -6 -61623
16 15 13 9 -67443
-23 -17 -22 24 -77097
24 -17 24 22 -67461
15 24 14 24 -49057
-3 23 1 20 -54303
8 0 5 0 -78939
-7 24 -10 14 -73281
4 0 4 2 -67205
-23 4 -23 0 -72313
3 24 0 24 -45937
-3 -20 -2 -18 -70773
-6 1 -5 2 -71857
6 20 11 23 -67533
24 -21 19 -12 -79959
-18 -17 -24 -18 -80181
-24 10 -19 6 -65683
-23 5 -22 6 -55643
-21 20 -15 19 -69601
20 0 -24 -9 -75609
7 -19 24 -14 -75399
3 -1 2 -1 -72459
20 -7 20 -6 -63311
11 -8 12 -10 -72827
15 23 15 20 -45679
-6 -10 -5 -7 -66977
-18 21 -18 24 -38127
-22 -13 -22 -12 -65739
-17 15 -17 18 -66851
4 7 1 7 -78123
6 -1 5 0 -82801
-18 3 -15 5 -63187
8 0 8 -2 -80815
-14 -24 -7 -24 -63781
-6 -6 -3 -6 -68949
15 -17 19 -19 -66523
18 19 16 22 -61095
-15 -7 -15 -10 -65831
-24 3 -24 -1 -60483
17 -9 17 -13 -61639
24 -7 0 -1 -77929
3 -16 2 -11 -73181
-21 1 -18 3 -76079
-8 19 -3 18 -70041
-18 -4 -19 -5 -74629
-7 19 -14 21 -70137
-17 16 -20 18 -64513
7 -18 11 -21 -68683
-10 6 -10 7 -64211
