22 1 23 3 -58973
17 13 16 20 -69261
-6 -5 -11 -7 -75593
9 23 10 21 -52613
3 -20 1 -21 -61019
-6 -1 -7 2 -71093
6 17 5 22 -65901
-5 -11 -2 -10 -66965
17 3 18 0 -67085
-14 23 -17 24 -50313
-13 15 -12 20 -66055
6 3 6 5 -60459
-14 6 -16 8 -72623
24 11 17 10 -70431
7 -21 13 -22 -70927
-1 -10 0 -5 -71477
-6 -2 -5 -3 -72159
20 10 18 13 -69759
1 -11 0 -15 -66185
4 -9 5 -8 -67743
9 22 -8 24 -68853
3 -21 -3 -23 -59171
16 -3 15 -4 -66359
-24 23 -19 18 -56345
2 15 5 19 -71975
0 4 0 5 -65211
-9 -24 -14 -23 -70019
7 0 8 -5 -74819
5 -24 -21 -24 -68741
0 -14 0 -17 -66041
1 -12 2 -12 -70157
-8 23 -11 17 -66697
-11 10 -9 9 -67409
11 17 11 11 -65269
-16 -19 -19 -23 -59445
20 -7 21 -9 -60849
10 -22 10 -24 -31239
24 -14 24 15 -72721
2 -3 0 0 -73945
0 -22 5 -23 -58089
10 20 12 14 -65391
-19 0 -23 -3 -73889
-7 -16 -6 -17 -67755
-1 14 -5 17 -70211
15 19 10 24 -71487
11 -12 14 -15 -76361
-4 -15 -1 -15 -64751
-20 -8 -19 -7 -73839
6 5 5 6 -70683
4 -18 4 -16 -63893
-21 -11 -23 -17 -75121
-9 -16 -8 -13 -66227
-3 23 -6 24 -55439
4 3 5 0 -68807
4 17 4 14 -60087
1 13 -2 14 -68677
13 -9 17 -10 -70221
14 -3 15 -4 -62635
-16 -20 -15 -19 -65175
-3 18 -4 16 -63117
4 5 0 9 -71735
22 15 24 10 -50523
-12 12 -13 9 -66539
24 -12 -18 -21 -74347
-16 -5 -16 -3 -72423
-19 24 -5 24 -68033
-16 13 -15 9 -66645
7 3 9 3 -66311
22 1 22 2 -62237
-24 -21 -23 -13 -57473
-3 -22 -3 -19 -64109
5 13 -3 18 -85865
15 -7 -22 -9 -82161
-23 24 1 24 -66357
-8 -1 -13 -4 -72629
24 -22 22 -13 -56763
23 -9 17 -13 -64505
-8 9 -8 11 -64301
14 -17 10 -18 -73313
-17 7 -18 10 -68121
23 -8 24 -14 -58055
0 -13 1 -13 -68105
24 4 21 7 -54403
22 -10 24 -4 -66893
-24 11 -24 14 -44121
-7 -11 -7 -15 -70157
-4 -22 -2 -21 -53841
24 -15 24 -4 -66873
21 20 -23 15 -78313
-9 5 -9 4 -66001
16 19 19 20 -72491
-18 -14 -15 -13 -73185
-13 -21 -10 -21 -72145
-1 -19 4 -24 -63981
-1 -9 0 -10 -66689
-15 20 -10 22 -63685
-8 15 -12 17 -65533
-5 -4 -2 -2 -65721
17 -14 13 -12 -72223
15 -18 18 -24 -66011
-10 24 -9 23 -37903
-13 0 -12 -3 -64601
10 -15 7 -13 -74753
24 -22 23 -22 -16131
23 -23 -6 -23 -67709
-14 4 -15 5 -66961
1 7 0 5 -69497
-23 -2 -24 -11 -69071
-15 -24 -18 -19 -50291
20 5 21 0 -70379
15 -16 14 -21 -60185
-20 -14 -24 -24 -61793
0 -5 -1 -2 -72859
17 -11 20 -15 -68445
-20 1 -24 -24 -80151
12 12 9 14 -71853
-23 4 -19 4 -73251
-14 -21 -12 -24 -46273
8 -10 9 -9 -67527
-6 14 -8 19 -66923
7 22 1 23 -65461
3 -7 0 -10 -69429
16 17 17 17 -67371
-16 -22 -23 -23 -55341
-5 3 -5 1 -71917
23 -13 19 -10 -65229
-1 12 -2 11 -72385
-12 -16 -7 -14 -72433
-1 -2 1 0 -66093
-18 17 -18 16 -69579
-21 -1 -19 -3 -71825
10 19 8 21 -64695
11 12 9 12 -64427
7 13 5 14 -66035
-16 16 -17 10 -71057
-1 0 0 0 -64887
-3 -9 -3 -12 -69047
-10 12 -6 16 -70373
24 -17 19 -15 -50915
8 -17 7 -19 -61957
-3 -7 -16 -4 -86477
-7 -9 -12 -11 -76135
9 15 8 12 -65157
-20 -12 -23 -12 -69029
-20 -8 -20 -13 -64695
12 24 18 23 -72751
-23 6 -23 -24 -76211
14 6 13 4 -64217
24 8 24 0 -57787
18 23 17 1 -79407
17 -3 18 -4 -61125
-22 13 -19 15 -74147
23 -6 18 -3 -62967
-9 -5 -10 -2 -68573
-12 -8 -10 -5 -77835
-13 -24 6 -21 -71489
13 2 14 2 -71349
-15 -15 -13 -13 -70599
23 0 24 21 -69047
19 -20 22 -12 -70231
6 11 6 10 -65997
8 -8 9 -9 -64785
12 10 12 6 -65049
21 16 21 20 -51171
20 8 20 3 -62895
-22 -22 -18 -24 -44467
-17 8 -15 10 -68623
2 -13 5 -14 -72383
8 24 7 24 -49797
15 -5 13 -6 -67767
-15 -13 -13 -15 -65611
-11 12 -10 13 -66133
3 -17 1 -14 -73581
-2 8 -1 8 -63925
19 1 24 3 -64565
17 24 -23 19 -75031
6 -12 6 -11 -62961
-21 7 -24 2 -62903
23 9 23 10 -55755
16 -16 11 -23 -64727
-13 4 -12 4 -65079
-1 -23 -1 -24 -31209
-2 -24 -6 -22 -56307
17 -23 16 -14 -68087
18 -8 24 -4 -74393
-10 3 -9 7 -75979
-24 8 -16 11 -77491
10 -15 11 -13 -67705
23 16 19 22 -59093
-12 -15 -11 -18 -75615
3 11 2 10 -74771
-17 -16 -18 -17 -78381
-6 14 -6 22 -68263
-14 -7 -16 -9 -76805
14 -24 13 -23 -43711
-11 -13 -10 -16 -73987
5 -21 6 -20 -60279
8 5 8 10 -68555
-12 -19 -8 -15 -73299
12 19 11 18 -62603
-3 -7 -2 -8 -68235
-23 2 -24 6 -49955
-4 8 -4 6 -68689
10 14 9 9 -72345
-6 -23 -6 -19 -58853
-8 -21 17 -24 -73397
11 -1 11 3 -63735
17 21 10 20 -78861
-9 -6 -8 -7 -74837
9 -24 5 -16 -70369
-24 23 -22 22 -29829
-17 -5 -17 -8 -78577
24 0 22 -10 -69739
-21 -16 -23 -12 -64125
1 -8 1 -11 -66953
5 24 22 23 -75177
-3 12 -3 10 -62193
17 15 17 22 -65781
10 -1 7 -5 -72727
20 -11 23 -19 -67961
-14 22 -24 16 -72853
-22 22 23 7 -74441
-19 -16 -18 -16 -67667
-17 11 -14 10 -72051
20 19 21 20 -44855
9 -22 13 -23 -64653
-13 10 -11 10 -63007
4 0 3 -1 -65771
-9 -6 -8 -9 -75123
-9 -10 -7 -14 -73513
21 9 22 11 -58417
6 19 -2 18 -75989
12 -18 15 -23 -70837
-9 -11 -5 -12 -71859
9 -23 8 -17 -59431
-21 -23 -18 -16 -71417
-4 -4 -4 -5 -63925
10 -12 10 -16 -69919
-16 0 -18 0 -68805
-17 -8 -16 -5 -85557
17 12 24 12 -68967
17 12 17 14 -59245
-19 3 -18 0 -64269
-17 18 -17 19 -58773
-4 22 -6 22 -63691
-2 -17 -4 -12 -70287
-14 -6 -14 -1 -76043
15 -16 21 -24 -76313
7 21 9 22 -60721
-21 -6 -19 -6 -67439
24 17 22 12 -43969
-24 -18 -19 -17 -71319
-15 -24 -16 -14 -71941
-7 3 -12 3 -73157
9 -17 8 -13 -74659
6 8 4 8 -77551
5 -5 9 -8 -73811
-21 2 -23 -3 -65433
-19 8 -15 7 -79017
13 11 11 10 -61727
-1 -12 0 -11 -65881
-20 -12 -23 -13 -70671
-3 24 -11 21 -65853
2 -19 1 -23 -59673
-23 2 24 21 -74765
-18 6 -18 4 -58251
6 -22 3 -22 -57691
22 -17 21 -19 -51021
-1 0 -2 3 -71621
-15 14 -14 14 -60951
10 -20 7 -21 -63429
24 0 21 3 -54897
-7 19 -6 19 -67881
24 6 24 13 -58621
-6 8 -6 9 -67721
-22 15 -23 20 -48593
7 -10 8 -5 -73351
8 -8 9 -6 -69323
-14 23 -1 23 -75621
24 24 12 9 -74307
-24 24 -21 1 -65123
1 7 1 10 -60681
-2 -20 -1 -23 -62715
-10 2 -11 -2 -70167
23 -13 23 -21 -60089
-20 9 -21 20 -75731
-11 -24 -2 -24 -59017
-20 24 -19 21 -57355
16 6 19 6 -65959
8 7 7 11 -70697
3 -1 24 -24 -70737
-22 -16 -23 -16 -54239
2 13 -1 10 -76939
-5 1 0 1 -70949
-23 15 -24 1 -56205
13 -15 11 -15 -72561
-20 15 -18 6 -73891
20 -2 18 -2 -62783
-17 -10 -16 -17 -67119
-7 -19 -8 -23 -53207
-24 -2 -19 -4 -66173
-7 5 -5 7 -74207
-2 -4 1 -5 -68001
14 -7 15 -12 -68293
-18 -11 -19 -10 -65525
14 23 9 18 -70655
20 -11 19 -15 -62865
15 0 18 2 -64883
-23 14 -18 22 -68817
8 -12 5 -14 -70859
12 -3 10 -1 -67339
17 6 17 9 -62451
-4 19 -10 24 -67833
24 5 18 2 -70417
15 2 12 3 -75063
-11 -16 -12 -21 -69711
-13 -12 -11 -13 -69333
5 -9 3 -8 -70793
-9 -4 -9 -6 -67003
20 18 18 17 -65421
11 -9 14 -7 -70647
3 -4 3 -5 -69999
-3 -22 -2 -23 -56703
4 -23 21 -23 -72059
-11 14 -12 12 -65627
6 -13 7 -14 -71473
-5 -11 -6 -8 -69845
-12 -22 -15 -23 -57967
-6 13 -6 14 -56085
16 9 13 10 -67919
12 -17 16 -14 -70113
-20 -3 -24 -8 -66767
9 1 8 0 -63749
5 -12 5 -9 -67991
24 19 20 21 -39971
-6 5 -3 5 -73235
-20 -15 -18 -12 -77141
-5 12 -1 12 -70951
4 11 5 14 -74959
-3 -1 -2 -3 -69339
-14 -17 -14 -16 -71935
-19 21 -20 24 -57627
20 5 17 6 -70999
-1 2 0 4 -68761
-14 1 -14 2 -60311
8 -21 5 -22 -63001
-10 5 -7 4 -69599
18 14 18 16 -58039
2 19 0 20 -66781
2 1 0 4 -72277
-3 -24 -23 -24 -67251
-20 -16 -19 -20 -63607
5 20 8 21 -63365
-24 23 14 19 -74745
0 17 0 15 -63681
24 -5 20 -6 -55791
-16 -22 -15 -22 -58975
-12 -7 -11 -9 -71735
-1 -13 2 -16 -73747
1 -14 0 -21 -69927
-14 1 -14 -1 -65847
3 7 24 15 -79529
2 -4 2 -1 -72801
20 -20 19 -19 -56855
-21 -10 -21 -6 -71335
18 18 8 22 -85953
16 -18 13 -17 -67357
-2 8 0 10 -72127
-4 23 17 23 -73193
24 -7 24 8 -65757
-17 5 -24 7 -80515
13 -7 14 -5 -66479
-20 15 -21 13 -67493
-7 24 -9 17 -61107
1 23 0 18 -62613
23 1 24 -4 -47915
24 -7 23 -15 -63201
-11 15 -14 24 -71021
6 -4 6 -6 -70409
-15 -4 -18 -5 -73981
-4 8 -7 10 -78751
15 12 17 6 -76241
-24 24 -9 21 -67621
8 7 9 7 -65879
-7 -15 -5 -10 -75803
-22 -12 -24 -7 -57725
-23 -5 -24 -2 -57327
8 -15 4 -15 -70993
19 -4 19 -3 -64415
3 5 20 3 -85189
-4 2 -1 5 -74289
16 -1 16 0 -67573
-21 15 -16 13 -72159
4 -21 5 -23 -51879
15 -6 16 -9 -65471
13 5 11 7 -69931
-9 -20 -10 -20 -63607
-13 21 -19 19 -66357
11 -7 11 0 -72965
-6 -16 -3 -15 -66929
14 9 12 12 -73093
11 2 12 6 -65091
-8 -20 -7 -21 -61669
-9 15 -7 12 -64041
12 7 13 1 -67939
-14 -11 -16 -12 -68533
22 -24 24 0 -66495
4 13 1 14 -73443
6 22 7 24 -41437
-8 9 -5 10 -69725
-22 -11 -24 6 -78609
-24 -7 -24 -8 -56321
-5 -19 -7 -18 -66329
-9 -13 -7 -10 -72833
21 -18 -23 -18 -73509
8 -19 8 -13 -73377
8 17 9 24 -61861
21 6 20 8 -64289
12 3 10 3 -64055
11 -9 10 -9 -61571
-15 6 -14 10 -70685
-11 2 -10 3 -67825
24 -24 19 -22 -22397
-24 2 -20 -7 -79525
-16 7 -16 5 -62573
-10 -24 -19 -20 -72353
-23 -14 -17 -21 -68889
6 9 5 9 -76569
17 24 19 20 -49325
-12 -19 -12 -18 -65125
1 6 3 6 -64611
17 17 23 12 -69985
-24 16 -19 17 -62645
14 -2 14 0 -68005
4 18 6 16 -70707
20 0 19 -1 -66567
2 11 2 -17 -81887
-24 -21 -24 -1 -75979
-23 11 -21 13 -58171
4 22 2 19 -63973
-18 -3 -18 -1 -65453
14 21 22 22 -65947
-15 -7 -18 -6 -68307
-1 18 22 20 -82033
-24 -11 -23 -17 -62921
18 -2 17 -5 -72267
-5 -3 -5 1 -63859
24 8 19 7 -58443
3 -6 2 -6 -66953
-12 -7 12 13 -87029
-5 7 -7 10 -79851
-3 22 -3 20 -48711
2 13 5 14 -76087
-24 20 -20 21 -48247
-5 15 -6 15 -67079
4 11 4 14 -67985
5 -3 4 -4 -68655
-12 1 -15 0 -65735
23 -10 18 -9 -62551
-15 22 -12 15 -75767
1 22 1 20 -56667
-19 -16 -19 -17 -68971
-14 20 -13 21 -59319
-12 -7 -15 -6 -62087
16 15 13 9 -67927
-23 -17 -22 24 -70727
24 -17 24 22 -73845
15 24 14 24 -59329
-3 23 1 20 -54723
-20 11 -22 15 -62879
18 14 11 15 -74521
4 0 4 2 -62223
-23 4 -23 0 -60525
3 24 0 24 -50509
-3 -20 -2 -18 -61567
-6 1 -5 2 -68307
-7 0 -7 5 -74769
0 19 0 17 -64451
-18 -17 -24 -18 -77275
-24 10 -19 6 -64111
-23 5 -22 6 -54483
-21 20 -15 19 -70171
20 0 -24 -9 -77165
15 -19 22 -13 -64543
3 -1 2 -1 -64111
20 -7 20 -6 -59655
11 -8 12 -10 -64581
15 23 15 20 -43653
-6 -10 -5 -7 -70721
-18 21 -18 24 -39129
-22 -13 -22 -12 -61047
-17 15 -17 18 -72945
-24 4 -11 4 -85313
6 -1 5 0 -69693
-18 3 -15 5 -68513
8 0 8 -2 -64363
-14 -24 -7 -24 -68843
-6 -6 -3 -6 -65717
15 -17 19 -19 -67951
18 19 16 22 -62459
-15 -7 -15 -10 -70525
-24 3 -24 -1 -54763
17 -9 17 -13 -62827
18 -11 16 -13 -62473
-10 -6 -11 -10 -77079
-21 1 -18 3 -73735
6 -24 23 -18 -65341
-18 -4 -19 -5 -77625
-7 19 -14 21 -69849
-17 16 -20 18 -71817
7 -18 11 -21 -67235
-10 6 -10 7 -66533
