22 1 23 3 -61239
17 13 16 20 -72063
-6 -5 -11 -7 -69427
9 23 10 21 -53487
3 -20 1 -21 -63099
-6 -1 -7 2 -66125
6 17 5 22 -69757
0 4 1 1 -69301
17 3 18 0 -66461
-14 23 -17 24 -45823
-13 15 -12 20 -59737
6 3 6 5 -60191
-14 6 -16 8 -73955
24 11 17 10 -75011
7 -21 13 -22 -74175
-23 8 -22 20 -67685
-6 -2 -5 -3 -66361
20 10 18 13 -69057
1 -11 0 -15 -64855
4 -9 5 -8 -62635
9 22 -8 24 -70305
3 -21 -3 -23 -65375
16 -3 15 -4 -64873
-24 23 -19 18 -62601
2 15 5 19 -75117
9 0 12 1 -69535
-9 -24 -14 -23 -62365
7 0 8 -5 -70217
5 -24 -21 -24 -63413
0 -14 0 -17 -59969
-24 5 -21 12 -63263
-8 23 -11 17 -67107
-11 10 -9 9 -64717
11 17 11 11 -70287
-16 -19 -19 -23 -59187
20 -7 21 -9 -65933
10 -22 10 -24 -37265
24 -14 24 15 -76061
0 -2 -1 -5 -67999
0 -22 5 -23 -60419
10 20 12 14 -72799
-19 0 -23 -3 -67279
-7 -16 -6 -17 -71251
-1 14 -5 17 -70453
15 19 10 24 -66335
-12 1 -11 -1 -70033
-4 -15 -1 -15 -66405
-20 -8 -19 -7 -66681
6 5 5 6 -60421
4 -18 4 -16 -56399
-21 -11 -23 -17 -72095
-9 -16 -8 -13 -67597
-3 23 -6 24 -52859
4 3 5 0 -64323
4 17 4 14 -65167
1 13 -2 14 -65595
-9 -2 -10 -4 -67457
14 -3 15 -4 -61737
-16 -20 -15 -19 -58987
-3 18 -4 16 -71215
24 -7 16 12 -91743
22 15 24 10 -52037
-12 12 -13 9 -69619
24 10 -18 14 -73597
-16 -5 -16 -3 -59935
-19 24 -5 24 -59307
-16 13 -15 9 -71389
7 3 9 3 -68221
22 1 22 2 -61745
-24 -21 -23 -13 -57327
-3 -22 -3 -19 -74751
12 -22 13 -21 -59995
-2 -3 -3 -1 -63931
-23 24 1 24 -60411
-6 -6 -6 -4 -75075
24 -22 22 -13 -53885
23 -9 17 -13 -70567
-8 9 -8 11 -67339
10 11 10 10 -62313
-17 7 -18 10 -72085
23 -8 24 -14 -64721
0 -13 1 -13 -71713
24 4 21 7 -59381
22 -10 24 -4 -65901
-24 11 -24 14 -46057
-7 -11 -7 -15 -69841
-4 -22 -2 -21 -59893
24 -15 24 -4 -72907
0 -7 -1 -5 -71945
-9 5 -9 4 -52055
16 19 19 20 -72443
15 -4 -19 -14 -83509
-1 -17 3 -21 -75887
-1 -19 4 -24 -75907
-1 -9 0 -10 -73403
-15 20 -10 22 -62275
-8 15 -12 17 -64827
-5 -4 -2 -2 -64275
17 -20 9 -23 -71947
15 -18 18 -24 -64983
-10 24 -9 23 -34043
-13 0 -12 -3 -71405
10 -15 7 -13 -63909
24 -22 23 -22 -26721
23 -23 -6 -23 -67277
-14 4 -15 5 -68799
-2 -3 -4 -21 -80379
-23 -2 -24 -11 -64373
-15 -24 -18 -19 -59489
-23 8 -22 2 -67835
15 -16 14 -21 -67757
-20 -14 -24 -24 -68143
-21 23 -19 22 -59093
17 -11 20 -15 -71889
24 18 -24 19 -68353
12 12 9 14 -69861
-23 4 -19 4 -58607
-14 -21 -12 -24 -47805
8 -10 9 -9 -61337
-10 2 -9 2 -62599
7 22 1 23 -60679
-20 -5 -23 -2 -69463
16 17 17 17 -66953
-16 -22 -23 -23 -66905
-5 3 -5 1 -60027
23 -13 19 -10 -67279
-1 12 -2 11 -70975
-12 -16 -7 -14 -66147
-1 -2 1 0 -64465
-18 17 -18 16 -58087
11 -19 8 -24 -68367
10 19 8 21 -64863
11 12 9 12 -64075
7 13 5 14 -67027
2 -6 0 -10 -68231
-1 0 0 0 -62323
-3 -9 -3 -12 -68761
-10 12 -6 16 -70425
24 -17 19 -15 -52733
8 -17 7 -19 -65553
-17 8 -20 6 -71897
-7 -9 -12 -11 -70409
9 15 8 12 -64379
-20 -12 -23 -12 -65713
-20 -8 -20 -13 -75425
12 24 18 23 -67597
-23 6 -23 -24 -68363
14 6 13 4 -65237
24 8 24 0 -66133
-14 5 -15 5 -72163
17 -3 18 -4 -65077
-22 13 -19 15 -77137
23 -6 18 -3 -66677
-9 -5 -10 -2 -69005
-1 19 0 21 -70663
0 -19 -3 -21 -72213
13 2 14 2 -63795
-15 -15 -13 -13 -65917
23 0 24 21 -68979
-6 3 -4 4 -64721
6 11 6 10 -64219
8 -8 9 -9 -66049
2 -10 -1 -10 -77087
21 16 21 20 -51501
20 8 20 3 -68759
-22 -22 -18 -24 -58337
-17 8 -15 10 -71907
2 -13 5 -14 -68459
8 24 7 24 -49061
15 -5 13 -6 -65887
-15 -13 -13 -15 -65165
-11 12 -10 13 -72403
-24 -23 -21 -24 -38859
-2 8 -1 8 -62867
19 1 24 3 -66831
17 24 -23 19 -68993
6 -12 6 -11 -55461
-21 7 -24 2 -70713
23 9 23 10 -56119
16 -16 11 -23 -75571
-13 4 -12 4 -64251
-1 -23 -1 -24 -42353
-2 -24 -6 -22 -58619
17 -23 16 -14 -73817
3 5 0 4 -71107
-24 -24 -19 -19 -51785
11 -9 9 -4 -69959
10 -15 11 -13 -55389
23 16 19 22 -58737
-12 -15 -11 -18 -76069
3 11 2 10 -68037
18 -16 14 12 -87889
-6 14 -6 22 -69165
-14 -7 -16 -9 -69459
14 -24 13 -23 -43125
-11 -13 -10 -16 -71317
5 -21 6 -20 -64411
8 5 8 10 -66409
4 12 9 12 -68695
12 19 11 18 -61621
-3 -7 -2 -8 -67113
-23 2 -24 6 -58631
-4 8 -4 6 -65861
-7 -23 -6 -16 -75275
-6 -23 -6 -19 -68725
-8 -21 17 -24 -76489
11 -1 11 3 -62761
17 21 10 20 -69431
-9 -6 -8 -7 -69939
10 -18 12 -21 -77129
-24 23 -22 22 -32999
-17 -5 -17 -8 -63309
-21 15 -20 19 -65979
-21 -16 -23 -12 -66001
1 -8 1 -11 -65787
5 24 22 23 -68447
-3 12 -3 10 -65159
17 15 17 22 -67525
-2 7 3 7 -74659
20 -11 23 -19 -64643
-14 22 -24 16 -72217
-17 -16 -15 -23 -81515
-19 -16 -18 -16 -58121
-17 11 -14 10 -73191
20 19 21 20 -46889
9 -22 13 -23 -67675
-13 -4 -10 -4 -63835
4 0 3 -1 -62427
-9 -6 -8 -9 -67159
9 8 6 5 -73299
21 9 22 11 -61125
5 7 5 9 -64673
12 -18 15 -23 -77899
-9 -11 -5 -12 -70129
9 -23 8 -17 -64615
-21 -23 -18 -16 -75107
-4 -4 -4 -5 -71753
-4 12 -3 10 -68103
-16 0 -18 0 -69397
0 -9 -2 -9 -72991
17 12 24 12 -73073
17 12 17 14 -64941
-19 3 -18 0 -65953
-17 18 -17 19 -52109
-4 22 -6 22 -58927
-2 -17 -4 -12 -71461
15 -10 17 -10 -59909
23 -5 0 -3 -82647
7 21 9 22 -61311
-21 -6 -19 -6 -63823
24 17 22 12 -51463
-24 -18 -19 -17 -68215
-15 -24 -16 -14 -83067
-6 -15 -8 -14 -71305
9 -17 8 -13 -52841
18 -19 16 -18 -62211
13 -15 -3 11 -91863
-21 2 -23 -3 -65967
-8 16 -7 13 -65619
13 11 11 10 -63879
-1 -12 0 -11 -68177
-20 -12 -23 -13 -65747
-3 24 -11 21 -57747
2 -19 1 -23 -67019
-23 2 24 21 -73835
-18 6 -18 4 -63701
6 -22 3 -22 -56569
22 -17 21 -19 -56907
13 -18 18 -15 -71105
-15 14 -14 14 -60563
10 -20 7 -21 -70245
24 0 21 3 -56207
-9 14 1 20 -86171
24 6 24 13 -59525
-6 8 -6 9 -65607
-22 15 -23 20 -51567
-14 14 -12 12 -67683
8 -8 9 -6 -60459
-15 -12 -14 -9 -69795
24 24 12 9 -78077
-24 24 -21 1 -66221
1 7 1 10 -62525
-2 -20 -1 -23 -77243
-10 2 -11 -2 -71433
23 -13 23 -21 -55825
3 23 3 24 -31131
-11 -24 -2 -24 -53963
-20 24 -19 21 -61891
16 6 19 6 -70267
-15 16 -16 11 -66527
3 -1 24 -24 -72215
-22 -16 -23 -16 -54385
-18 -9 -18 -13 -73929
22 2 22 6 -69059
-23 15 -24 1 -65949
13 -15 11 -15 -64855
9 19 9 14 -68567
20 -2 18 -2 -71025
-17 -10 -16 -17 -71415
-7 -19 -8 -23 -59721
-24 -2 -19 -4 -65935
-2 14 0 17 -75785
-2 -4 1 -5 -69393
14 -7 15 -12 -70775
-18 -11 -19 -10 -66807
14 23 9 18 -67567
20 -11 19 -15 -67369
15 0 18 2 -63679
-23 14 -18 22 -71885
15 13 15 7 -71723
12 -3 10 -1 -68669
17 6 17 9 -61209
-4 19 -10 24 -59531
24 5 18 2 -73685
0 9 4 5 -74241
-11 -16 -12 -21 -71221
-13 -12 -11 -13 -64689
5 -9 3 -8 -68645
-9 -4 -9 -6 -67705
20 18 18 17 -68963
11 -9 14 -7 -68293
3 -4 3 -5 -70079
-3 -22 -2 -23 -65823
-20 -23 -22 -23 -59055
-11 14 -12 12 -70427
6 -13 4 -14 -66615
-5 -11 -6 -8 -65375
-12 -22 -15 -23 -52393
-6 13 -6 14 -61115
16 9 13 10 -66537
12 -17 16 -14 -73153
-20 -3 -24 -8 -60675
9 1 8 0 -64715
5 -12 5 -9 -62597
24 19 20 21 -40481
-10 10 -9 11 -74063
-20 -15 -18 -12 -68703
-5 12 -1 12 -69569
4 11 5 14 -72597
-15 -3 -14 -1 -68139
-14 -17 -14 -16 -69945
-19 21 -20 24 -62239
20 5 17 6 -76109
-1 2 0 4 -61601
-14 1 -14 2 -63687
8 -21 5 -22 -64421
-10 5 -7 4 -68581
18 14 18 16 -65625
2 19 0 20 -64981
2 1 0 4 -72145
-3 -24 -23 -24 -65021
-20 -16 -19 -20 -65765
5 20 8 21 -63221
-24 23 14 19 -70889
0 17 0 15 -67287
24 -5 20 -6 -52141
-16 -22 -15 -22 -55559
-12 -7 -11 -9 -65811
-1 -13 2 -16 -68011
1 -14 0 -21 -70627
-14 1 -14 -1 -71823
-4 22 1 20 -71639
2 -4 2 -1 -67109
20 -20 19 -19 -55171
-21 -10 -21 -6 -69811
10 -14 13 -21 -74213
16 -18 13 -17 -68865
-2 8 0 10 -70937
-4 23 17 23 -67799
24 -7 24 8 -69141
20 1 18 1 -72971
13 -7 14 -5 -63375
-20 15 -21 13 -71783
-7 24 -9 17 -62557
1 23 0 18 -76267
23 1 24 -4 -47265
24 -7 23 -15 -70917
-11 15 -14 24 -58999
6 -4 6 -6 -66729
-15 -4 -18 -5 -67027
-4 8 -7 10 -69999
21 -2 20 -3 -65025
19 -22 19 -19 -47629
8 7 9 7 -66101
-7 -15 -5 -10 -75353
-22 -12 -24 -7 -59087
-23 -5 -24 -2 -51761
8 -15 4 -15 -70249
19 -4 19 -3 -62957
24 -4 24 -8 -53647
14 8 13 11 -68603
16 -1 16 0 -65353
-21 15 -16 13 -67091
4 -21 5 -23 -54649
15 -6 16 -9 -67237
13 5 11 7 -65235
-9 -20 -10 -20 -55837
-13 21 -19 19 -62487
-19 10 -18 11 -73219
-6 -16 -3 -15 -67041
3 -5 21 -1 -85015
11 2 12 6 -67365
-8 -20 -7 -21 -63763
-9 15 -7 12 -70335
12 7 13 1 -67631
-14 -11 -16 -12 -64915
22 -24 24 0 -65905
4 13 1 14 -67661
6 22 7 24 -47325
-8 9 -5 10 -67809
4 22 -3 20 -69485
-24 -7 -24 -8 -52875
-5 -19 -7 -18 -67111
-9 -13 -7 -10 -70945
21 -18 -23 -18 -73811
23 -17 19 -20 -60665
8 17 9 24 -65579
21 6 20 8 -67157
12 3 10 3 -68515
11 -9 10 -9 -60289
-15 6 -14 10 -71239
-11 2 -10 3 -62289
24 -24 19 -22 -36579
-24 -22 23 -9 -74917
-16 7 -16 5 -64895
-10 -24 -19 -20 -69819
-23 -14 -17 -21 -69959
-1 -21 0 -24 -67957
17 24 19 20 -49421
-12 -19 -12 -18 -68895
1 6 3 6 -71689
17 17 23 12 -71321
-24 16 -19 17 -63943
14 -2 14 0 -65067
4 18 6 16 -69191
20 13 21 16 -68001
19 -24 24 -24 -38451
-24 -21 -24 -1 -70995
-23 11 -21 13 -61897
4 22 2 19 -70259
-18 -3 -18 -1 -67959
14 21 22 22 -65965
-15 -7 -18 -6 -66065
16 8 12 7 -67987
-24 -11 -23 -17 -62525
18 -2 17 -5 -69751
-5 -3 -5 1 -64439
24 8 19 7 -61577
3 -6 2 -6 -67203
-18 1 -17 0 -70279
6 -3 9 -5 -73363
-3 22 -3 20 -56575
2 13 5 14 -70881
-24 20 -20 21 -49711
-5 15 -6 15 -62745
4 11 4 14 -68847
5 -3 4 -4 -63277
-12 1 -15 0 -68045
23 -10 18 -9 -63397
9 -12 -9 -16 -84335
1 22 1 20 -67547
-19 -16 -19 -17 -64861
-14 20 -13 21 -59259
-12 -7 -15 -6 -63837
16 15 13 9 -74579
-23 -17 -22 24 -68147
24 -17 24 22 -75043
15 24 14 24 -55473
-3 23 1 20 -69489
-20 11 -22 15 -55213
18 14 11 15 -71453
4 0 4 2 -59049
-23 4 -23 0 -62137
3 24 0 24 -53543
-3 -20 -2 -18 -72283
-6 1 -5 2 -63655
-1 4 -1 6 -60939
0 19 0 17 -69283
15 -10 17 -15 -70047
-24 10 -19 6 -56929
-23 5 -22 6 -58345
-21 20 -15 19 -67361
20 0 -24 -9 -75331
15 -19 22 -13 -72999
3 -1 2 -1 -62149
20 -7 20 -6 -62185
11 -8 12 -10 -65203
15 23 15 20 -44067
-6 -10 -5 -7 -66813
-18 21 -18 24 -41315
-22 -13 -22 -12 -63349
-21 -1 -21 -4 -62121
20 -12 21 -8 -70633
6 -1 5 0 -64937
-18 3 -15 5 -73195
8 0 8 -2 -57671
-14 -24 -7 -24 -61399
-6 -6 -3 -6 -60727
-18 10 -17 9 -72129
18 19 16 22 -62385
-15 -7 -15 -10 -66925
-24 3 -24 -1 -53109
17 -9 17 -13 -71239
18 -11 16 -13 -67981
-6 8 -9 5 -73767
-21 1 -18 3 -71507
6 -24 23 -18 -70397
19 14 15 10 -73875
-7 19 -14 21 -62411
-17 16 -20 18 -66629
7 -18 11 -21 -70279
-10 6 -10 7 -59207
