22 1 23 3 -55499
-17 -7 -11 4 -90093
-6 -5 -11 -7 -68965
9 23 10 21 -65835
3 -20 1 -21 -63017
21 -20 22 -23 -37605
6 17 5 22 -71817
0 4 1 1 -61669
17 3 18 0 -64215
-14 23 -17 24 -47411
-13 15 -12 20 -66009
6 3 6 5 -61693
2 -14 4 -14 -60149
24 11 17 10 -70919
7 -21 13 -22 -67357
-23 8 -22 20 -67753
-6 -2 -5 -3 -64341
20 10 18 13 -63997
1 -11 0 -15 -62235
4 -9 5 -8 -63161
9 22 -8 24 -72699
3 -21 -3 -23 -64751
16 -3 15 -4 -65733
-24 23 -19 18 -69835
0 4 -4 6 -69835
9 0 12 1 -66135
-9 -24 -14 -23 -69621
24 -11 -21 -17 -65173
5 -24 -21 -24 -66433
0 -14 0 -17 -75465
-24 5 -21 12 -73485
-8 23 -11 17 -71381
-11 10 -9 9 -68309
11 17 11 11 -60455
-16 -19 -19 -23 -61789
20 -7 21 -9 -66965
10 -22 10 -24 -35711
24 -14 24 15 -70781
0 -2 -1 -5 -66197
0 -22 5 -23 -58387
20 14 20 23 -63199
-19 0 -23 -3 -68837
-7 -16 -6 -17 -74069
24 2 -3 -2 -73447
15 19 10 24 -75813
-12 1 -11 -1 -67375
-4 -15 -1 -15 -66579
-20 -8 -19 -7 -63649
-6 6 -5 6 -65625
4 -18 4 -16 -70393
-21 -11 -23 -17 -68001
-9 -16 -8 -13 -61043
-3 23 -6 24 -57311
4 3 5 0 -64003
4 17 4 14 -64163
1 13 -2 14 -63333
-9 -2 -10 -4 -62673
14 -3 15 -4 -65115
-16 -20 -15 -19 -66103
-3 18 -4 16 -62289
-21 5 -20 11 -72019
22 15 24 10 -50559
-18 -10 6 -11 -81353
24 -8 22 -14 -57483
-16 -5 -16 -3 -61839
-19 24 -5 24 -59553
-16 13 -15 9 -66879
-15 7 -15 8 -63185
22 1 22 2 -57965
-24 -21 -23 -13 -55493
-3 -22 -3 -19 -73345
12 -22 13 -21 -52415
-2 -3 -3 -1 -63363
-23 24 1 24 -61905
8 -18 9 -14 -60907
24 -22 22 -13 -57951
23 -9 17 -13 -69765
-8 9 -8 11 -71183
10 11 10 10 -60253
-9 9 -7 6 -74173
23 -8 24 -14 -58349
0 -13 1 -13 -60869
24 4 21 7 -55631
22 -10 24 -4 -64117
-24 11 -24 14 -48725
-7 -11 -7 -15 -60915
-4 -22 -2 -21 -59017
24 -15 24 -4 -66429
0 -7 -1 -5 -68097
-9 5 -9 4 -55131
-6 13 19 14 -80049
-6 15 -4 14 -65261
3 8 1 6 -72391
-1 -19 4 -24 -68367
-1 -9 0 -10 -66001
-15 20 -10 22 -62795
-8 15 -12 17 -68847
6 -10 10 -13 -73421
-1 -7 3 -4 -67631
15 -18 18 -24 -69665
-10 24 -9 23 -36727
7 -1 8 0 -71361
10 -15 7 -13 -71115
24 -22 23 -22 -35267
23 -23 -6 -23 -63405
-14 4 -15 5 -67581
13 0 12 2 -67119
-23 -2 -24 -11 -67951
-15 -24 -18 -19 -49295
-23 4 -24 -4 -68319
15 -16 14 -21 -63937
-20 -14 -24 -24 -66037
-21 23 -19 22 -62821
9 -8 10 -13 -72767
24 18 -24 19 -66777
12 12 9 14 -65469
-23 4 -19 4 -73443
-14 -21 -12 -24 -47987
8 -10 9 -9 -70295
-20 2 -17 2 -79029
-6 18 -8 23 -71447
-5 -10 -5 -11 -55999
16 17 17 17 -57059
-16 -22 -23 -23 -63283
-5 3 -5 1 -59791
23 -13 19 -10 -69767
-1 12 -2 11 -65549
18 22 24 24 -32029
-1 -2 1 0 -70547
-18 17 -18 16 -59873
11 -19 8 -24 -64039
10 19 8 21 -73223
11 12 9 12 -65015
7 13 5 14 -62801
2 -6 0 -10 -63289
-1 0 0 0 -61825
-3 11 -3 8 -80641
-8 -24 -11 -23 -66519
24 -17 19 -15 -61269
-3 -17 -2 -14 -80111
-17 8 -20 6 -74377
-7 -9 -12 -11 -62797
9 15 8 12 -62221
-20 -12 -23 -12 -67605
-20 -8 -20 -13 -62757
12 24 18 23 -65153
2 23 3 23 -65643
14 6 13 4 -66811
24 8 24 0 -58881
-14 5 -15 5 -68577
17 -3 18 -4 -65543
12 21 10 24 -66451
23 -6 18 -3 -66953
-9 -5 -10 -2 -62893
-1 19 0 21 -64409
0 -19 -3 -21 -73087
13 2 14 2 -63497
-15 -15 -13 -13 -61487
23 0 24 21 -65035
-6 3 -4 4 -64565
6 11 6 10 -64367
14 -17 12 -21 -64451
-12 -10 -12 -15 -58091
21 16 21 20 -54943
20 8 20 3 -60621
-22 -22 -18 -24 -54317
-17 8 -15 10 -64629
-22 17 -23 18 -59891
8 24 7 24 -52669
15 -5 13 -6 -65245
-15 -13 -13 -15 -66093
-11 16 -11 15 -52841
-24 -23 -21 -24 -36873
-2 8 -1 8 -64081
19 1 24 3 -56683
17 24 -23 19 -69057
6 -12 6 -11 -57323
-21 7 -24 2 -71053
23 9 23 10 -55377
-20 -7 -23 -4 -74025
-13 4 -12 4 -66035
-1 -23 -1 -24 -39225
-2 -24 -6 -22 -64281
17 -23 16 -14 -71307
3 5 0 4 -67765
-24 -24 -19 -19 -50065
11 -9 9 -4 -74429
10 -15 11 -13 -64407
23 16 19 22 -63207
-12 -15 -11 -18 -64985
3 11 2 10 -64507
4 7 5 6 -59773
0 0 0 -2 -64113
-9 2 -10 4 -67223
14 -24 13 -23 -44157
10 -23 6 -18 -63181
5 -21 6 -20 -62555
8 5 8 10 -63751
-14 15 -14 12 -60375
12 19 11 18 -65275
-3 -7 -2 -8 -68609
-23 2 -24 6 -55545
-4 8 -4 6 -73069
-7 -23 -6 -16 -75311
-6 -23 -6 -19 -68517
-8 -21 17 -24 -69055
-16 9 -13 13 -70867
17 21 10 20 -65679
-9 -6 -8 -7 -66207
-1 10 -2 7 -77671
-24 23 -22 22 -35969
-17 -5 -17 -8 -65179
-21 15 -20 19 -64665
-21 -16 -23 -12 -61243
-15 -14 -17 -13 -65509
5 24 22 23 -67951
-3 12 -3 10 -73497
23 19 23 22 -34683
-23 -2 -24 5 -74273
20 -11 23 -19 -64697
-14 22 -24 16 -75119
-6 -22 -5 -23 -63609
-19 -16 -18 -16 -61341
-15 -22 -14 -19 -59213
20 19 21 20 -48825
9 -22 13 -23 -60359
-13 -4 -10 -4 -68255
4 0 3 -1 -67635
-9 -6 -8 -9 -62633
22 -8 23 -9 -56723
21 9 22 11 -65093
5 7 5 9 -64311
12 -18 15 -23 -71803
-9 -11 -5 -12 -68787
9 -23 8 -17 -61255
-21 -23 -18 -16 -72715
-14 0 -17 0 -73795
-4 12 -3 10 -71313
18 10 20 13 -74211
23 -20 13 -21 -69411
17 12 24 12 -68373
17 12 17 14 -62063
-19 3 -18 0 -68009
-17 18 -17 19 -54787
-4 22 -6 22 -62279
-2 -17 -4 -12 -73645
15 -10 17 -10 -58535
-8 -1 -7 2 -62369
7 21 9 22 -66745
-21 -6 -19 -6 -67491
24 17 22 12 -49127
-24 -18 -19 -17 -66759
9 18 11 18 -65115
-6 -15 -8 -14 -69799
9 -17 8 -13 -60713
18 -19 16 -18 -64965
-12 11 -11 9 -68905
-24 -19 -2 0 -71179
15 22 3 -13 -88273
13 11 11 10 -63683
-1 -12 0 -11 -59071
-20 -12 -23 -13 -67813
-3 24 -11 21 -59527
2 -19 1 -23 -66935
-23 2 24 21 -71195
-18 6 -18 4 -62673
6 -22 3 -22 -54685
22 -17 21 -19 -61529
13 -18 18 -15 -60607
-15 14 -14 14 -58253
10 -20 7 -21 -66723
24 0 21 3 -53417
-3 -10 -1 -10 -65087
24 6 24 13 -58309
-6 8 -6 9 -74699
-22 15 -23 20 -57801
-14 14 -12 12 -65915
8 -8 9 -6 -71693
-15 -12 -14 -9 -58501
13 3 12 6 -63511
-24 24 -21 1 -67087
1 7 1 10 -72105
13 3 13 2 -58259
19 -3 14 -3 -70465
23 -13 23 -21 -59227
3 23 3 24 -34757
-11 -24 -2 -24 -59429
-20 24 -19 21 -63701
16 6 19 6 -59619
8 -5 9 -5 -65591
3 -1 24 -24 -70275
-22 -16 -23 -16 -53291
10 -11 8 -14 -69305
22 2 22 6 -62695
24 -20 21 -23 -50437
13 -15 11 -15 -60067
9 19 9 14 -61705
20 -2 18 -2 -70669
-24 -12 -24 13 -68309
-7 -19 -8 -23 -57863
-24 -2 -19 -4 -67289
-8 12 -13 12 -71205
-2 -4 1 -5 -64565
-6 18 -7 18 -64745
-18 -11 -19 -10 -67989
14 23 9 18 -69973
20 -11 19 -15 -63853
15 0 18 2 -66619
-23 14 -18 22 -71059
15 13 15 7 -64927
12 -3 10 -1 -70381
11 -3 11 -8 -71035
-4 19 -10 24 -73237
3 -23 0 -14 -84419
-24 5 -23 14 -63637
-11 -16 -12 -21 -66691
-13 -12 -11 -13 -63317
-9 1 -8 0 -66605
-9 -4 -9 -6 -58415
20 18 18 17 -59811
11 -9 14 -7 -68301
3 -4 3 -5 -69749
-3 -22 -2 -23 -62047
-20 -23 -22 -23 -56863
-11 14 -12 12 -63557
6 -13 4 -14 -56985
-5 -11 -6 -8 -62703
-12 -22 -15 -23 -55979
-6 13 -6 14 -50025
16 9 13 10 -63539
-16 13 -24 14 -77169
-20 -3 -24 -8 -59563
9 1 8 0 -67991
9 1 9 4 -60501
24 19 20 21 -44873
-10 10 -9 11 -69291
-20 -15 -18 -12 -66099
-5 12 -1 12 -65785
4 11 5 14 -72401
-15 -3 -14 -1 -70271
-14 -17 -14 -16 -59767
-19 21 -20 24 -63931
10 -17 9 -17 -64413
-1 2 0 4 -61399
-14 1 -14 2 -62449
8 -21 5 -22 -60771
14 -20 24 -21 -72537
18 14 18 16 -57183
2 19 0 20 -68473
23 -5 24 1 -53307
-3 -24 -23 -24 -68627
-20 -16 -19 -20 -65545
5 20 8 21 -68977
-24 23 14 19 -72099
0 17 0 15 -67343
24 -5 20 -6 -53757
-16 -22 -15 -22 -56437
-12 -7 -11 -9 -65645
-1 -13 2 -16 -67511
11 -10 11 -8 -68665
-14 1 -14 -1 -68017
-4 22 1 20 -70463
2 -4 2 -1 -71081
20 -20 19 -19 -63515
-14 -10 -17 -6 -77047
24 -13 21 -17 -55041
16 -18 13 -17 -63199
0 -17 0 -19 -78157
-4 23 17 23 -72037
4 18 5 18 -67943
20 1 18 1 -67447
13 -7 14 -5 -67367
-20 15 -21 13 -62367
-7 24 -9 17 -68723
-12 9 -11 10 -69057
23 1 24 -4 -47893
-18 -8 -20 -4 -76423
-11 15 -14 24 -68233
-10 1 -9 1 -63343
-15 -4 -18 -5 -67901
7 -2 6 -5 -73267
21 -2 20 -3 -65657
19 -22 19 -19 -54291
8 7 9 7 -58085
-16 5 -24 3 -89103
-22 -12 -24 -7 -61209
-23 -5 -24 -2 -54135
10 21 10 16 -68567
19 -4 19 -3 -62725
24 -4 24 -8 -56221
14 8 13 11 -63395
16 -1 16 0 -64593
-21 15 -16 13 -74941
4 -21 5 -23 -54305
15 -6 16 -9 -63567
13 5 11 7 -65281
-9 -20 -10 -20 -58785
-13 21 -19 19 -62105
0 17 0 13 -68031
-6 -16 -3 -15 -67711
-21 -15 -20 -21 -66243
3 24 6 23 -59035
-8 -20 -7 -21 -70509
-9 15 -10 24 -71779
9 -23 -23 -14 -71439
-14 -11 -16 -12 -62115
22 -24 24 0 -65883
4 13 1 14 -67531
6 22 7 24 -50933
-8 9 -5 10 -65099
4 22 -3 20 -68149
-24 -7 -24 -8 -63377
-5 -19 -7 -18 -72079
-15 -17 -1 20 -83367
2 -16 2 -18 -78927
23 -17 19 -20 -68765
8 17 9 24 -73131
21 6 20 8 -57375
12 3 10 3 -64881
11 -9 10 -9 -61839
1 12 24 11 -74765
-11 2 -10 3 -61769
24 -24 19 -22 -47229
-1 6 0 4 -67307
-16 7 -16 5 -65021
-10 -24 -19 -20 -69935
-23 -3 -5 -4 -82681
-1 -21 0 -24 -59333
17 24 19 20 -50409
-12 -19 -12 -18 -62107
1 6 -1 6 -61829
17 17 23 12 -70009
-24 16 -19 17 -67069
14 -2 14 0 -64055
4 18 6 16 -72957
20 13 21 16 -63511
19 -24 24 -24 -49059
-24 -6 -24 -10 -65905
-23 11 -21 13 -60343
4 22 2 19 -70343
-18 -3 -18 -1 -66987
14 21 22 22 -59567
-15 -7 -18 -6 -72809
16 8 12 7 -68419
-24 -11 -23 -17 -56849
18 -2 17 -5 -68981
-5 -3 -5 1 -62015
24 8 19 7 -55645
3 -6 2 -6 -59651
-18 1 -17 0 -69771
6 -3 9 -5 -70751
-3 22 -3 20 -63105
2 13 5 14 -68575
-24 20 -20 21 -53269
-5 15 -6 15 -68631
4 11 4 14 -69683
5 -3 4 -4 -70221
-12 1 -15 0 -72609
23 -10 18 -9 -67823
5 4 7 3 -59653
1 22 1 20 -68257
-19 -16 -19 -17 -61413
-14 20 -13 21 -60783
-12 -7 -15 -6 -70037
3 -7 4 -11 -64895
-23 -17 -22 24 -69373
24 -17 24 22 -70965
15 24 14 24 -53557
-3 23 1 20 -72291
-20 11 -22 15 -60105
15 -16 13 -14 -60249
4 0 4 2 -61983
-23 4 -23 0 -73269
3 24 0 24 -62119
-3 -20 -2 -18 -76637
-6 1 -5 2 -63737
-1 4 -1 6 -66133
0 19 0 17 -65761
15 -10 17 -15 -66375
-24 10 -19 6 -61119
-23 5 -22 6 -63189
-21 20 -15 19 -70791
7 -6 6 -1 -74943
3 -10 4 -11 -64413
3 -1 2 -1 -58877
20 -7 20 -6 -59705
11 -8 12 -10 -71779
15 23 15 20 -45145
-6 -10 -5 -7 -59683
-18 21 -18 24 -42405
-22 -13 -22 -12 -56459
-21 -1 -21 -4 -62509
-1 24 0 18 -73747
6 11 8 12 -62361
14 5 15 7 -63267
8 0 8 -2 -59351
-14 -24 -7 -24 -69819
-6 -6 -3 -6 -58873
-18 10 -17 9 -67369
18 19 16 22 -59425
-15 -7 -15 -10 -61995
-24 3 -24 -1 -68083
17 -9 17 -13 -64193
18 -11 16 -13 -65107
-21 8 -17 5 -76209
-21 1 -18 3 -82805
6 -24 23 -18 -66637
19 14 15 10 -70815
-7 19 -14 21 -65629
-17 16 -20 18 -73023
-4 -18 -3 -13 -81283
-10 6 -10 7 -60321
