22 1 23 3 -57878
1 5 8 -4 -86648
-6 -5 -11 -7 -66508
9 23 10 21 -55536
3 -20 1 -21 -59304
21 -20 22 -23 -37178
6 17 5 22 -68210
0 4 1 1 -63502
17 3 18 0 -64934
-14 23 -17 24 -48352
-13 15 -12 20 -68618
6 3 6 5 -63278
2 -14 4 -14 -65686
24 11 17 10 -69068
7 -21 13 -22 -67020
-23 8 -22 20 -68824
-6 -2 -5 -3 -64498
20 10 18 13 -67254
1 -11 0 -15 -72036
4 -9 5 -8 -64676
9 22 -8 24 -75974
3 -21 -3 -23 -53832
16 -3 15 -4 -67238
-24 23 -19 18 -69246
0 4 -4 6 -70592
9 0 12 1 -67752
-9 -24 -14 -23 -67540
24 -11 -21 -17 -65738
5 -24 -21 -24 -63628
0 -14 0 -17 -70178
-24 5 -21 12 -70916
-8 23 -11 17 -71412
-11 10 -9 9 -69854
11 17 11 11 -64656
-16 -19 -19 -23 -53080
20 -7 21 -9 -66892
10 -22 10 -24 -35794
24 -14 24 15 -69590
0 -2 -1 -5 -68112
0 -22 5 -23 -56892
20 14 20 23 -64526
-19 0 -23 -3 -65918
-7 -16 -6 -17 -72878
24 2 -3 -2 -76956
15 19 -6 15 -85840
-12 1 -11 -1 -66768
-4 -15 -1 -15 -62126
-20 -8 -19 -7 -64756
-6 6 -5 6 -66622
4 -18 4 -16 -65118
-21 -11 -23 -17 -65912
-9 -16 -8 -13 -54680
-3 23 -6 24 -56270
4 3 5 0 -70972
4 17 4 14 -64418
1 13 -2 14 -63946
-9 -2 -10 -4 -59446
14 -3 15 -4 -66360
-16 -20 -15 -19 -62898
-3 18 -4 16 -61302
-21 5 -20 11 -70678
22 15 24 10 -49790
14 21 15 1 -78426
24 -8 22 -14 -58166
-16 -5 -16 -3 -60604
-19 24 -5 24 -59976
-16 13 -15 9 -65396
-15 7 -15 8 -63070
22 1 22 2 -59584
-24 -21 -23 -13 -51892
-3 -22 -3 -19 -72160
12 -22 13 -21 -52240
-2 -3 -3 -1 -65098
-23 24 1 24 -61382
8 -18 9 -14 -60618
24 -22 22 -13 -58174
23 -9 17 -13 -69104
-8 9 -8 11 -68508
10 11 10 10 -62234
-9 9 -7 6 -73554
23 -8 24 -14 -59250
0 -13 1 -13 -65434
24 4 21 7 -56422
22 -10 24 -4 -66086
-24 11 -24 14 -49514
-7 -11 -7 -15 -57718
-4 -22 -2 -21 -51710
24 -15 24 -4 -66864
0 -7 -1 -5 -68422
-9 5 -9 4 -61354
6 15 8 16 -71912
-6 15 -4 14 -66548
3 8 1 6 -73974
-1 -19 4 -24 -68784
-1 -9 0 -10 -65780
-15 20 -10 22 -62726
-8 15 -12 17 -68706
-4 5 14 8 -86756
-1 -7 3 -4 -72148
15 -18 18 -24 -69232
-10 24 -9 23 -35430
7 -1 8 0 -74200
10 -15 7 -13 -61718
24 -22 23 -22 -35442
23 -23 -6 -23 -61888
-14 4 -15 5 -77510
13 0 12 2 -70088
-23 -2 -24 -11 -67022
-15 -24 -18 -19 -48904
-23 4 -24 -4 -69756
15 -16 14 -21 -63362
-20 -14 -24 -24 -57508
-21 23 -19 22 -62196
-14 8 -16 8 -71890
24 18 -24 19 -66684
12 12 9 14 -66292
-23 4 -19 4 -56940
-14 -21 -12 -24 -47328
8 -10 9 -9 -70656
-20 2 -17 2 -64806
-6 18 -8 23 -71862
-5 -10 -5 -11 -57576
16 17 17 17 -64462
-16 -22 -23 -23 -60758
-5 3 -5 1 -64528
23 -13 19 -10 -70432
-1 12 -2 11 -65452
18 22 24 24 -32710
-1 -2 1 0 -72856
-18 17 -18 16 -65330
11 -19 8 -24 -63082
-16 5 -13 0 -84950
11 12 9 12 -65642
7 13 5 14 -64514
2 -6 0 -10 -67998
-1 0 0 0 -64390
12 -13 15 -9 -75362
-8 -24 -11 -23 -64482
24 -17 19 -15 -60682
-3 -17 -2 -14 -63374
-17 8 -20 6 -68050
-7 -9 -12 -11 -59416
9 15 8 12 -66958
-20 -12 -23 -12 -64540
-20 -8 -20 -13 -64574
12 24 18 23 -61098
2 23 3 23 -66732
14 6 13 4 -67076
24 8 24 0 -59078
-14 5 -15 5 -77178
17 -3 18 -4 -66996
12 21 10 24 -53594
23 -6 18 -3 -66558
-9 -5 -10 -2 -61868
-1 19 0 21 -63644
-18 -11 -20 -6 -75038
13 2 14 2 -66582
-15 -15 -13 -13 -60010
23 0 24 21 -65676
-6 3 -4 4 -67726
6 11 6 10 -64468
14 -17 12 -21 -63464
-12 -10 -12 -15 -56344
21 16 21 20 -55904
20 8 20 3 -62302
-22 -22 -18 -24 -53830
-17 8 -15 10 -69254
-22 17 -23 18 -60218
8 24 7 24 -53030
15 -5 13 -6 -67426
-15 -13 -13 -15 -63490
-11 16 -11 15 -54596
-24 -23 -21 -24 -36474
-2 8 -1 8 -65580
19 1 24 3 -59078
17 24 -23 19 -70902
6 -12 6 -11 -56660
-21 7 -24 2 -65170
23 9 23 10 -54356
-20 -7 -23 -4 -66568
-13 4 -12 4 -68988
-1 -23 -1 -24 -45088
-2 -24 -6 -22 -62984
17 -23 16 -14 -70718
3 5 0 4 -69902
-24 -24 -19 -19 -44596
11 -9 9 -4 -71232
10 -15 11 -13 -64586
23 16 19 22 -65194
-12 -15 -11 -18 -61072
3 11 2 10 -66032
4 7 5 6 -64176
0 0 0 -2 -66930
-9 2 -10 4 -69372
14 -24 13 -23 -44564
10 -23 6 -18 -61442
5 -21 6 -20 -63952
8 5 8 10 -65366
-14 15 -14 12 -60210
12 19 11 18 -65100
-3 -7 -2 -8 -68242
-23 2 -24 6 -51830
-4 8 -4 6 -74346
-7 -23 -6 -16 -74878
-6 -23 -6 -19 -73758
-8 -21 17 -24 -67712
-16 9 -13 13 -73746
17 21 10 20 -64270
-9 -6 -8 -7 -66954
-1 10 -2 7 -73156
-24 23 -22 22 -35842
-17 -5 -17 -8 -63928
-21 15 -20 19 -65694
-21 -16 -23 -12 -60658
-15 -14 -17 -13 -63204
5 24 22 23 -63732
-3 12 -3 10 -65248
23 19 23 22 -34486
-23 -2 -24 5 -73038
20 -11 23 -19 -65814
-14 22 -24 16 -73106
-6 -22 -5 -23 -64904
-19 -16 -18 -16 -59414
-15 -22 -14 -19 -56260
20 19 21 20 -47348
9 -22 13 -23 -60692
-13 -4 -10 -4 -65898
4 0 3 -1 -68766
-9 -6 -8 -9 -64258
22 -8 23 -9 -58060
21 9 22 11 -59486
5 7 5 9 -65024
12 -18 15 -23 -72066
-9 -11 -5 -12 -67782
9 -23 8 -17 -59820
14 8 17 6 -70128
-14 0 -17 0 -71996
-4 12 -3 10 -66652
-16 18 -15 16 -69248
23 -20 13 -21 -69550
17 12 24 12 -68154
17 12 17 14 -60414
-19 3 -18 0 -71996
-17 18 -17 19 -58700
-4 22 -6 22 -61450
-2 -17 -4 -12 -71650
15 -10 17 -10 -60244
-8 -1 -7 2 -63322
7 21 9 22 -68098
-21 -6 -19 -6 -64394
24 17 22 12 -49066
-24 -18 -19 -17 -62782
9 18 11 18 -61576
-6 -15 -8 -14 -69902
9 -17 8 -13 -56662
18 -19 16 -18 -64668
-12 11 -11 9 -69306
-24 -19 -2 0 -70046
-19 -6 -17 -2 -70348
13 11 11 10 -63330
-1 -12 0 -11 -66978
-20 -12 -23 -13 -64680
-3 24 -11 21 -58696
2 -19 1 -23 -69446
-23 2 24 21 -71364
-18 6 -18 4 -63026
6 -22 3 -22 -55864
22 -17 21 -19 -61852
13 -18 18 -15 -63216
-15 14 -14 14 -61644
10 -20 7 -21 -65292
24 0 21 3 -53112
-3 -10 -1 -10 -66286
24 6 24 13 -57472
-6 8 -6 9 -71314
-22 15 -23 20 -59282
-14 14 -12 12 -67650
8 -8 9 -6 -71908
-15 -12 -14 -9 -59674
13 3 12 6 -68366
-24 24 -21 1 -67262
1 7 1 10 -68758
13 3 13 2 -60752
19 -3 14 -3 -71012
23 -13 23 -21 -59936
3 23 3 24 -34860
-11 -24 -2 -24 -60280
-20 24 -19 21 -62888
16 6 19 6 -63526
8 -5 9 -5 -66364
3 -1 24 -24 -69660
-22 -16 -23 -16 -50996
10 -11 8 -14 -69568
22 2 22 6 -63524
24 -20 21 -23 -50312
13 -15 11 -15 -61516
9 19 9 14 -62446
20 -2 18 -2 -71516
-24 -12 -24 13 -67424
-7 -19 -8 -23 -67176
-24 -2 -19 -4 -62070
-8 12 -13 12 -72800
-2 -4 1 -5 -68958
-6 18 -7 18 -64988
-18 -11 -19 -10 -66516
14 23 9 18 -69198
20 -11 19 -15 -65468
15 0 18 2 -69748
-23 14 -18 22 -70720
15 13 15 7 -66488
12 -3 10 -1 -71178
11 -3 11 -8 -69748
-4 19 -10 24 -73044
-7 -24 -5 -20 -59608
-24 5 -23 14 -62832
-11 -16 -12 -21 -66980
-13 -12 -11 -13 -61962
-9 1 -8 0 -65072
-9 -4 -9 -6 -58022
20 18 18 17 -59290
11 -9 14 -7 -74546
3 -4 3 -5 -69802
-3 -22 -2 -23 -62122
-20 -23 -22 -23 -55884
-11 14 -12 12 -62670
6 -13 4 -14 -61384
-5 -11 -6 -8 -63610
-12 -22 -15 -23 -54156
-6 13 -6 14 -49324
16 9 13 10 -71186
-16 13 -24 14 -74898
-20 -3 -24 -8 -60396
9 1 8 0 -71064
9 1 9 4 -64306
24 19 20 21 -45662
-10 10 -9 11 -68362
-20 -15 -18 -12 -63844
-5 12 -1 12 -67802
4 11 5 14 -73020
-15 -3 -14 -1 -61854
-14 -17 -14 -16 -58068
-19 21 -20 24 -63200
10 -17 9 -17 -62868
-1 2 0 4 -64084
-14 1 -14 2 -63896
8 -21 5 -22 -60456
14 -20 24 -21 -72280
18 14 18 16 -58888
2 19 0 20 -69278
23 -5 24 1 -65504
-3 -24 -23 -24 -66526
-20 -16 -19 -20 -61928
5 20 8 21 -74572
-24 23 14 19 -74526
0 17 0 15 -66568
24 -5 20 -6 -55398
-16 -22 -15 -22 -55050
-12 -7 -11 -9 -64222
-1 -13 2 -16 -67142
11 -10 11 -8 -63700
-14 1 -14 -1 -65136
-4 22 1 20 -70998
2 -4 2 -1 -72912
20 -20 19 -19 -63098
4 -11 5 -12 -69636
24 -13 21 -17 -55828
16 -18 13 -17 -64608
0 -17 0 -19 -67884
-4 23 17 23 -73378
4 18 5 18 -71644
20 1 18 1 -69250
13 -7 14 -5 -68882
-20 15 -21 13 -61410
-7 24 -9 17 -69286
-12 9 -11 10 -69354
23 1 24 -4 -52700
2 -8 -1 -9 -69906
-11 15 -14 24 -72896
-10 1 -9 1 -61750
-15 -4 -18 -5 -67840
7 -2 6 -5 -73448
21 -2 20 -3 -71400
19 -22 19 -19 -53560
8 7 9 7 -62570
11 5 -24 3 -75124
-22 -12 -24 -7 -61446
-23 -5 -24 -2 -52952
10 21 10 16 -65638
19 -4 19 -3 -66302
24 -4 24 -8 -57776
14 8 13 11 -67652
16 -1 16 0 -66394
-21 15 -16 13 -74586
4 -21 5 -23 -55478
15 -6 16 -9 -61836
13 5 11 7 -70898
-9 -20 -10 -20 -57400
-13 21 -19 19 -62638
0 17 0 13 -66968
-6 -16 -3 -15 -60648
-21 -15 -20 -21 -61846
3 24 6 23 -60952
-8 -20 -7 -21 -69176
-9 15 -10 24 -73262
9 -23 -23 -14 -70198
-14 -11 -16 -12 -61160
22 -24 24 0 -66800
4 13 1 14 -67728
6 22 7 24 -50244
-8 9 -5 10 -65712
4 22 -3 20 -69460
-24 -7 -24 -8 -61818
-5 -19 -7 -18 -72268
15 16 17 15 -63604
2 -16 2 -18 -71262
23 -17 19 -20 -68752
8 17 9 24 -69508
21 6 20 8 -60554
12 3 10 3 -66530
11 -9 10 -9 -60676
1 12 24 11 -76114
-11 2 -10 3 -62624
24 -24 19 -22 -47150
-1 6 0 4 -68732
-16 7 -16 5 -65368
-10 -24 -19 -20 -69856
1 -18 1 -24 -75348
-1 -21 0 -24 -64928
17 24 19 20 -48710
-12 -19 -12 -18 -61356
1 6 -1 6 -63962
17 17 23 12 -73952
-24 16 -19 17 -65312
14 -2 14 0 -65638
4 18 6 16 -70500
20 13 21 16 -61926
19 -24 24 -24 -48738
-24 -6 -24 -10 -64936
-23 11 -21 13 -58642
4 22 2 19 -70450
-18 -3 -18 -1 -66426
14 21 22 22 -61510
-15 -7 -18 -6 -68132
16 8 12 7 -71430
-24 -11 -23 -17 -56368
18 -2 17 -5 -71570
-5 -3 -5 1 -62986
24 8 19 7 -55004
3 -6 2 -6 -64934
-18 1 -17 0 -73702
6 -3 9 -5 -72754
-3 22 -3 20 -62940
2 13 5 14 -72672
-24 20 -20 21 -53192
-5 15 -6 15 -68910
4 11 4 14 -68450
5 -3 4 -4 -71878
-12 1 -15 0 -70482
23 -10 18 -9 -68160
5 4 7 3 -67470
1 22 1 20 -67620
-19 -16 -19 -17 -58576
-14 20 -13 21 -61452
-12 -7 -15 -6 -65110
3 -7 4 -11 -65808
-23 -17 -22 24 -69080
24 -17 24 22 -70446
15 24 14 24 -50462
-3 23 1 20 -72732
-20 11 -22 15 -60730
15 -16 13 -14 -60720
4 0 4 2 -65114
-23 4 -23 0 -71964
3 24 0 24 -62792
0 -9 -21 -5 -82984
-6 1 -5 2 -67340
-1 4 -1 6 -68184
0 19 0 17 -65066
15 -10 17 -15 -66728
-24 10 -19 6 -54828
-23 5 -22 6 -56186
-21 20 -15 19 -70736
7 -6 6 -1 -75704
3 -10 4 -11 -71644
3 -1 2 -1 -62562
20 -7 20 -6 -59090
11 -8 12 -10 -62880
15 23 15 20 -40738
-6 -10 -5 -7 -59700
-18 21 -18 24 -42128
-22 -13 -22 -12 -56998
-21 -1 -21 -4 -64892
-1 24 0 18 -73232
6 11 8 12 -68396
14 5 15 7 -64256
8 0 8 -2 -61196
-14 -24 -7 -24 -66962
-6 -6 -3 -6 -60604
-18 10 -17 9 -61466
18 19 16 22 -58630
-15 -7 -15 -10 -61126
-24 3 -24 -1 -67912
17 -9 17 -13 -66482
18 -11 16 -13 -68564
3 -9 0 -16 -79020
-4 9 -6 0 -82302
6 -24 23 -18 -66194
19 14 15 10 -64270
-7 19 -14 21 -66466
-17 16 -20 18 -75370
24 0 22 -5 -69298
-10 6 -10 7 -63264
