22 1 23 3 -63373
20 4 21 9 -66607
-6 -5 -11 -7 -70197
9 23 10 21 -54851
3 -20 1 -21 -63615
21 -20 22 -23 -38279
6 17 5 22 -64315
-16 -8 -16 -24 -73123
17 3 18 0 -69495
-14 23 -17 24 -48845
-13 15 -12 20 -72447
6 3 6 5 -61235
2 -14 4 -14 -58507
24 11 17 10 -74651
7 -21 13 -22 -68449
-23 8 -22 20 -72573
-6 -2 -5 -3 -63323
20 10 18 13 -64407
1 -11 0 -15 -62749
4 -9 5 -8 -61745
9 8 7 9 -70245
3 -21 -3 -23 -56793
16 -3 15 -4 -64551
-24 23 -19 18 -72947
-15 7 -15 0 -74635
9 0 12 1 -63521
-9 -24 -14 -23 -68623
24 -11 -21 -17 -68515
5 -24 -21 -24 -64559
0 -14 0 -17 -69679
-24 5 -21 12 -75721
-8 23 -11 17 -65415
-11 10 -9 9 -64763
11 17 11 11 -61981
-16 -19 -19 -23 -56551
20 -7 21 -9 -66381
10 -22 10 -24 -34493
-3 15 -4 19 -64203
3 2 -1 5 -69337
0 -22 5 -23 -63651
20 14 20 23 -67091
-19 0 -23 -3 -68267
11 3 10 3 -57629
-7 -8 -8 -10 -66007
-9 12 -7 16 -74989
-12 1 -11 -1 -66293
6 5 2 6 -69339
-20 -8 -19 -7 -66301
-23 24 -5 7 -82009
4 -18 4 -16 -67245
-21 -11 -23 -17 -69123
-9 -16 -8 -13 -58679
-3 23 -6 24 -49169
4 3 5 0 -64957
4 17 4 14 -57987
1 13 -2 14 -65413
-9 -2 -10 -4 -60205
14 -3 15 -4 -60987
-16 -20 -15 -19 -66411
-3 18 -4 16 -60399
-21 5 -20 11 -76743
22 15 24 10 -50755
-22 0 -23 1 -56175
24 -8 22 -14 -66959
-16 -5 -16 -3 -60787
-19 24 -5 24 -64653
-16 13 -15 9 -70153
-15 7 -15 8 -64497
-22 22 -24 -24 -74307
-24 -21 -23 -13 -55031
-3 -22 -3 -19 -61823
12 -22 13 -21 -52387
-2 -3 -3 -1 -62905
-23 24 1 24 -65319
8 -18 9 -14 -61443
24 -22 22 -13 -58331
23 -9 20 -13 -70297
-8 9 -8 11 -68797
10 11 10 10 -61503
17 -23 -24 -17 -70029
23 -8 24 -14 -59845
0 -13 1 -13 -60917
24 4 21 7 -63611
22 -10 24 -4 -66475
-24 11 -24 14 -52981
-7 -11 -7 -15 -61683
-4 -22 -2 -21 -50161
24 -15 24 -4 -66717
0 -7 -1 -5 -66991
-9 5 -9 4 -57633
6 15 8 16 -70433
-6 15 -4 14 -55013
-2 -6 0 -1 -62963
-1 -19 4 -24 -67903
16 -7 16 -9 -56245
-15 20 -10 22 -61781
-20 8 -18 11 -72291
-7 12 -7 13 -70851
0 -3 2 -4 -70631
15 -18 18 -24 -68467
-10 24 -9 23 -41879
7 -1 8 0 -70979
10 -15 7 -13 -67605
24 -22 23 -22 -35035
23 -23 -6 -23 -66197
23 22 22 19 -44323
13 0 12 2 -67159
-23 -2 -24 -11 -66505
-15 -24 -18 -19 -52483
-23 4 -24 -4 -64159
15 -16 14 -21 -63585
-20 -14 -24 -24 -60189
-21 23 -19 22 -66487
-14 8 -16 8 -57931
24 18 -24 19 -74145
12 12 9 14 -66355
-23 4 -19 4 -74861
-14 -21 -12 -24 -49351
8 -10 9 -9 -69443
-20 2 -17 2 -63303
-2 1 -6 -1 -63923
-5 -10 -5 -11 -60357
16 17 17 17 -62101
-16 -22 -23 -23 -61937
-5 3 -5 1 -59235
23 -13 19 -10 -72113
-1 12 -2 11 -64647
18 22 24 24 -36621
-1 -2 1 0 -68597
-18 17 -18 16 -67527
11 -19 8 -24 -61209
-21 -17 -20 -21 -57355
11 12 9 12 -66531
7 13 5 14 -63759
2 -6 0 -10 -64725
-1 0 0 0 -68183
10 -13 10 -9 -65323
-8 -24 -11 -23 -64567
24 -17 19 -15 -63009
-3 -17 -2 -14 -67771
17 3 16 0 -73621
-7 -9 -12 -11 -62971
9 15 8 12 -62151
-20 -12 -23 -12 -67083
-20 -8 -20 -13 -63163
12 24 18 23 -60457
2 23 3 23 -65593
14 6 13 4 -70461
24 8 24 0 -60127
-2 -20 -3 -17 -69409
17 -3 18 -4 -62427
12 21 10 24 -54007
23 -6 18 -3 -65293
-9 -5 -10 -2 -61069
-1 19 0 21 -59417
11 -18 -11 -17 -79969
13 2 14 2 -60801
-15 -15 -13 -13 -67087
23 0 24 21 -64857
-6 3 -4 4 -59947
6 11 6 10 -60221
14 -17 12 -21 -64167
-12 -10 -12 -15 -61477
21 16 21 20 -59231
20 8 20 3 -69601
-22 -22 -18 -24 -56369
-17 8 -15 10 -66531
-22 17 -23 18 -62953
8 24 7 24 -51541
15 -5 13 -6 -55415
-15 -13 -13 -15 -67197
-11 16 -11 15 -62963
-24 -23 -21 -24 -38827
-2 8 -1 8 -65021
19 1 24 3 -67305
17 24 -23 19 -74001
6 -12 6 -11 -58883
-21 7 -24 2 -65205
23 9 23 10 -56763
-20 -7 -23 -4 -66359
-13 4 -12 4 -62043
-1 -23 -1 -24 -37451
-2 -24 -6 -22 -63149
17 -23 16 -14 -70813
3 5 0 4 -72481
-24 -24 -19 -19 -45399
11 24 9 -4 -77391
10 -15 11 -13 -70425
23 16 19 22 -65365
-12 -15 -11 -18 -63809
3 11 2 10 -61175
4 7 5 6 -68517
0 0 0 -2 -61197
-9 2 -10 4 -65563
14 -24 13 -23 -44523
10 -23 6 -18 -61921
5 -21 6 -20 -62925
8 5 8 10 -72231
-14 15 -14 12 -66663
12 19 11 18 -61721
-3 -7 -2 -8 -66841
-23 2 -24 6 -50753
-15 11 -10 20 -86783
24 1 23 0 -53559
-4 -20 -5 -11 -73319
-8 -21 17 -24 -75097
-16 9 -13 13 -73493
17 21 10 20 -62025
-9 -6 -8 -7 -61231
-3 -6 24 -4 -73513
-24 23 -22 22 -39861
-17 -5 -17 -8 -63133
-21 15 -20 19 -68959
-21 -16 -23 -12 -67613
-15 -14 -17 -13 -64825
5 24 22 23 -63605
-3 12 -3 10 -66959
23 19 23 22 -45529
-11 7 -8 7 -68697
20 -11 23 -19 -67087
18 7 24 6 -76371
-6 -22 -5 -23 -63233
-19 -16 -18 -16 -60919
-15 -22 -14 -19 -60013
20 19 21 20 -54067
9 -22 13 -23 -61743
-13 -4 -10 -4 -66297
4 0 3 -1 -67507
-5 -5 -2 19 -86347
22 -8 23 -9 -59549
21 9 22 11 -61273
5 7 5 9 -63467
-23 5 -19 5 -73285
-9 -11 -5 -12 -65455
9 -23 8 -17 -57869
14 8 17 6 -60469
-14 0 -17 0 -60357
-4 12 -3 10 -65167
-16 18 -15 16 -68441
23 -20 13 -21 -70213
17 12 24 12 -71055
17 12 17 14 -58877
-19 3 -18 0 -70151
-17 18 -17 19 -60953
-4 22 -6 22 -53499
-10 -17 -9 -24 -65827
15 -10 17 -10 -52479
-8 -1 -7 2 -61651
7 21 9 22 -67273
-21 -6 -19 -6 -63963
24 17 22 12 -49333
-24 -18 -19 -17 -65083
9 18 11 18 -61881
-6 -15 -8 -14 -64445
9 -17 8 -13 -69417
18 -19 16 -18 -65719
-12 11 -11 9 -65405
-24 -19 -2 0 -72483
-19 -6 -17 -2 -72365
13 11 11 10 -59631
-1 -12 0 -11 -62931
-20 -12 -23 -13 -67589
-3 24 -11 21 -55569
2 -19 1 -23 -59287
-23 2 24 21 -73689
-18 6 -18 4 -64457
6 -22 3 -22 -63713
22 -17 21 -19 -59227
13 -18 18 -15 -64575
-15 14 -14 14 -57823
10 -20 7 -21 -66137
24 0 21 3 -63251
-3 -10 -1 -10 -64879
24 6 24 13 -59437
-6 8 -6 9 -59977
-22 15 -23 20 -62519
-14 14 -12 12 -63805
8 -8 9 -6 -62423
-15 -12 -14 -9 -63181
13 3 12 6 -62741
-24 24 -21 1 -72705
1 7 1 10 -56257
13 3 13 2 -65147
19 -3 14 -3 -65729
23 -13 23 -21 -59609
3 23 3 24 -33413
-11 -24 -2 -24 -58977
-20 24 -19 21 -64669
16 6 19 6 -63025
8 -5 9 -5 -60411
3 -1 24 -24 -67923
-22 -16 -23 -16 -53993
-5 5 -5 6 -63525
22 2 22 6 -65159
24 -20 21 -23 -47383
13 -15 11 -15 -61923
9 19 9 14 -59857
12 -12 9 -15 -75069
-24 -12 -24 13 -69997
-7 -19 -8 -23 -55431
-24 -2 -19 -4 -66533
-2 12 -3 12 -58679
3 -18 -1 11 -78573
-5 -1 -10 -2 -73181
-18 -11 -19 -10 -61729
14 23 9 18 -67239
20 -11 19 -15 -66535
15 0 18 2 -70239
-23 14 -18 22 -75943
15 13 15 7 -65595
12 -3 10 -1 -62395
11 -3 11 -8 -53257
-4 19 -10 24 -63141
-7 -24 -5 -20 -49067
-24 5 -23 14 -67689
-11 -16 -12 -21 -68939
-13 -12 -11 -13 -64179
-9 1 -8 0 -65007
-9 -4 -9 -6 -55861
20 18 18 17 -59925
4 0 4 -5 -69075
3 -4 3 -5 -60541
-3 -22 -2 -23 -61257
-20 -23 -22 -23 -57269
-11 14 -12 12 -74427
9 6 9 7 -62439
-5 -11 -6 -8 -63043
-12 -22 -15 -23 -56857
-6 13 -6 14 -69271
0 6 -3 4 -70313
23 15 -24 11 -74535
-20 -3 -24 -8 -61725
9 1 8 0 -69915
9 1 9 4 -64653
24 19 20 21 -45977
-10 10 -9 11 -70095
-20 -15 -18 -12 -68031
8 -20 0 -19 -76143
8 -11 10 -20 -76205
-15 -3 -14 -1 -61133
-14 -17 -14 -16 -61941
-19 21 -20 24 -64931
10 -17 9 -17 -64545
-1 2 0 4 -63977
-14 1 -14 2 -65161
8 -21 5 -22 -64639
14 -20 24 -21 -73547
18 14 18 16 -57459
2 19 0 20 -70121
23 -5 24 1 -66825
-3 -24 -23 -24 -66551
-20 -16 -19 -20 -65021
5 20 8 21 -74233
-24 23 14 19 -77511
0 17 0 15 -62479
24 -5 20 -6 -60381
-16 -22 -15 -22 -56793
-12 -7 -11 -9 -66171
-1 -13 2 -16 -64539
11 -10 11 -8 -59133
-14 1 -14 -1 -65031
-4 22 1 20 -67871
-23 -17 -24 -15 -52849
20 -20 19 -19 -64963
4 -11 5 -12 -59975
24 -13 21 -17 -59925
16 -18 13 -17 -65161
0 -17 0 -19 -71409
-4 23 17 23 -76209
4 18 5 18 -68313
20 1 18 1 -63167
22 -16 18 -18 -67567
-20 15 -21 13 -63887
-7 24 -9 17 -58901
-12 9 -11 10 -69651
23 1 24 -4 -55547
9 -8 11 -9 -64405
-11 15 -14 24 -67161
-10 1 -9 1 -66489
-15 -4 -18 -5 -64317
7 -2 6 -5 -62045
21 -2 20 -3 -71167
19 -22 19 -19 -52967
8 7 9 7 -64229
-18 24 -24 22 -61049
-22 -12 -24 -7 -57745
-23 -5 -24 -2 -53387
10 21 10 16 -63245
19 -4 19 -3 -65357
24 -4 24 -8 -55637
14 8 13 11 -62307
16 -1 16 0 -69669
-21 15 -16 13 -69603
4 -21 5 -23 -51387
0 -3 -3 -2 -68475
11 -18 13 -1 -79117
-9 -20 -10 -20 -57689
-13 21 -19 19 -64179
0 14 0 13 -61265
-6 -16 -3 -15 -61797
-15 8 15 7 -79753
3 24 6 23 -59151
-8 -20 -7 -21 -67273
22 2 23 0 -61193
-11 -13 -16 -14 -70323
-14 -11 -16 -12 -67319
22 -24 24 0 -67353
4 13 1 14 -70123
6 22 7 24 -50461
-8 9 -5 10 -57983
4 22 -3 20 -67461
-24 -7 -24 -8 -60167
-5 -19 -7 -18 -67993
15 16 17 15 -60121
2 -16 2 -18 -74197
3 -7 2 -11 -65545
8 17 9 24 -68615
21 6 20 8 -66125
0 -15 -5 -19 -70547
11 -9 10 -9 -62761
1 12 4 12 -66717
-11 2 -10 3 -65075
24 -24 19 -22 -48221
-1 6 0 4 -63915
-16 7 -16 5 -67695
-10 -24 -19 -20 -71139
-13 -9 -13 -7 -64577
-1 -21 0 -24 -56321
17 24 19 20 -50781
-12 -19 -12 -18 -63963
1 6 -1 6 -67233
17 17 23 12 -71901
-24 16 -19 17 -64835
14 -2 14 0 -66419
4 0 7 -2 -67699
20 13 21 16 -61579
19 -24 24 -24 -48217
-24 -6 -24 -10 -63033
-23 11 -21 13 -62259
4 22 2 19 -68547
-18 -3 -18 -1 -65995
14 21 22 22 -61879
-15 -7 -18 -6 -62151
16 8 12 7 -63049
-24 -11 -23 -17 -62737
18 -2 17 -5 -70963
-5 -3 -5 1 -60775
24 8 19 7 -65533
3 -6 2 -6 -64731
-18 1 -17 0 -67525
-24 12 -1 20 -75943
-3 22 -3 20 -57833
24 -10 20 -11 -60551
-24 20 -20 21 -63275
19 18 -9 19 -79237
4 11 4 14 -60973
12 -18 16 -22 -73899
-12 1 -15 0 -62707
23 -10 18 -9 -70913
-18 24 -24 19 -63825
1 22 1 20 -66777
-19 -16 -19 -17 -61643
-14 20 -13 21 -60215
-12 -7 -15 -6 -63723
3 -7 4 -11 -63347
-23 -17 -22 24 -77525
24 -17 24 22 -65763
15 24 14 24 -50287
-3 23 1 20 -69807
-20 11 -22 15 -63325
15 -16 13 -14 -59975
4 0 4 2 -61357
-23 4 -23 0 -63485
3 24 0 24 -60665
5 -5 4 -5 -65029
-19 5 -22 11 -77089
-1 4 -1 6 -64787
0 19 0 17 -64685
15 -10 17 -15 -67843
-24 10 -19 6 -66883
-23 5 -22 6 -59209
-21 20 -15 19 -71059
-2 -10 0 -13 -62247
-11 20 -8 17 -61785
3 -1 2 -1 -68869
20 -7 20 -6 -57813
-6 2 10 8 -88527
15 23 15 20 -43509
-6 -10 -5 -7 -65055
-18 21 -18 24 -42901
-22 -13 -22 -12 -58575
-21 -1 -21 -4 -62865
-1 24 0 18 -71735
6 11 8 12 -63403
14 5 15 7 -66409
8 0 8 -2 -59415
-14 -24 -7 -24 -68017
-6 -6 -3 -6 -60999
-18 10 -17 9 -67095
18 19 16 22 -60351
-15 -7 -15 -10 -66309
-24 3 -24 -1 -59917
17 -9 17 -13 -66879
18 -11 16 -13 -62519
-7 22 -11 23 -57977
-2 19 12 18 -90591
6 -24 23 -18 -66207
19 14 15 10 -65879
0 -9 -1 -9 -65853
-17 16 -20 18 -72455
24 0 22 -5 -72163
-10 6 -10 7 -57027
