22 1 23 3 -58820
20 4 21 9 -66512
-2 -9 -4 -3 -66606
9 23 10 21 -53798
3 -20 1 -21 -66540
21 -20 22 -23 -40212
6 17 5 22 -65090
-15 23 -8 20 -70830
17 3 18 0 -63190
-14 23 -17 24 -46040
-13 15 -12 20 -66276
6 3 6 5 -63850
2 -14 4 -14 -66760
24 11 17 10 -62262
7 -21 13 -22 -62916
-23 8 -22 20 -71852
-6 -2 -5 -3 -65576
20 10 18 13 -64910
1 -11 0 -15 -59794
4 -9 5 -8 -68412
-2 -16 1 -16 -73694
3 -21 -3 -23 -58390
16 -3 15 -4 -58000
-24 23 -19 18 -70566
-11 -2 -12 -2 -62934
9 0 12 1 -61682
-9 -24 -14 -23 -56800
5 16 4 15 -65942
5 -24 -21 -24 -66230
-20 3 -20 11 -67950
6 -23 0 -22 -67270
-8 23 -11 17 -66016
-11 10 -9 9 -65740
11 17 11 11 -64328
-16 -19 -19 -23 -64572
20 -7 21 -9 -65606
10 -22 10 -24 -32594
-3 15 -4 19 -64380
3 2 -1 5 -70010
-6 -22 -9 -23 -63192
20 21 20 18 -68912
-19 0 -23 -3 -64672
11 3 10 3 -61958
-7 -8 -8 -10 -65182
-9 12 -7 16 -72936
-12 1 -11 -1 -70862
6 5 2 6 -68508
-20 -8 -19 -7 -70204
-23 -9 23 -13 -65254
4 -18 4 -16 -50318
-21 -11 -23 -17 -65166
-9 -16 -8 -13 -71602
-3 23 -6 24 -51538
4 3 5 0 -66604
4 17 4 14 -70252
-19 -24 -14 -21 -62548
-9 -2 -10 -4 -70176
14 -3 15 -4 -64464
3 18 -11 2 -91458
-3 18 -4 16 -64848
-14 9 -13 9 -65808
22 15 24 10 -51354
-22 0 -23 1 -62138
24 -8 22 -14 -65662
-16 -5 -16 -3 -63710
-19 24 -5 24 -65942
13 -19 -16 -24 -74300
8 7 6 9 -71092
-22 22 -24 -24 -68074
-24 -21 -23 -13 -57262
-3 -22 -3 -19 -58258
12 -22 13 -21 -49238
-2 -3 -3 -1 -64794
-23 24 1 24 -60778
8 -18 9 -14 -54230
24 -22 22 -13 -64682
23 -9 20 -13 -68056
24 12 19 13 -55178
10 11 10 10 -62592
17 -2 18 -2 -64404
23 -8 24 -14 -57548
0 -13 1 -13 -72716
24 4 21 7 -59596
22 -10 24 -4 -75230
-24 11 -24 14 -53868
-7 -11 -7 -15 -65146
-4 -22 -2 -21 -49902
24 -15 24 -4 -68150
-16 7 -15 4 -70176
-9 5 -9 4 -59262
6 -12 -10 -20 -89004
-6 15 -4 14 -59250
-2 -6 0 -1 -67342
3 -12 4 -11 -68326
16 -7 16 -9 -62588
-15 20 -10 22 -64632
-20 8 -18 11 -73086
-7 12 -7 13 -64448
0 -3 2 -4 -64866
15 -18 18 -24 -63574
-10 24 -9 23 -46364
17 24 16 14 -72272
10 -15 7 -13 -61518
24 -22 23 -22 -39714
23 -23 -6 -23 -63768
23 22 22 19 -49310
13 0 12 2 -67186
-23 -2 -24 -11 -66868
-15 -24 -18 -19 -51466
-23 4 -24 -4 -68698
15 -16 14 -21 -62200
-20 -14 -24 -24 -64234
-21 23 -19 22 -64700
-14 8 -16 8 -69036
24 18 -24 19 -63784
3 -3 1 -6 -68966
-23 -3 -24 0 -67256
-14 -21 -12 -24 -46230
8 -10 9 -9 -71326
-20 2 -17 2 -63214
-2 1 -6 -1 -67240
-5 -10 -5 -11 -58798
23 24 -9 15 -67248
-16 -22 -23 -23 -66370
-5 3 -5 1 -60018
23 -13 19 -10 -62804
-1 12 -2 11 -64820
18 22 24 24 -34554
-19 10 -19 12 -63950
-18 17 -18 16 -66338
11 -19 8 -24 -59696
-21 -17 -20 -21 -53028
11 12 9 12 -61040
7 13 5 14 -62518
18 22 18 9 -80662
-1 0 0 0 -61618
10 -13 10 -9 -61374
-20 -6 -21 -8 -68962
24 -17 19 -15 -63398
-3 -17 -2 -14 -58422
22 -2 22 -4 -66784
-7 -9 -12 -11 -61042
9 15 8 12 -66720
-20 -12 -23 -12 -64674
-20 -8 -20 -13 -63750
12 24 18 23 -66988
2 23 3 23 -65802
14 6 13 4 -69412
24 8 24 0 -59512
-2 -20 -3 -17 -61440
17 -3 18 -4 -69042
12 21 10 24 -52340
23 -6 18 -3 -68718
-9 -5 -10 -2 -67970
-1 19 0 21 -65652
22 -18 24 -18 -49714
13 2 14 2 -60368
-15 -15 -13 -13 -71820
23 0 24 21 -66386
-6 3 -4 4 -64346
6 11 6 10 -61050
14 -17 12 -21 -62212
-12 -10 -12 -15 -69054
21 16 21 20 -64924
20 8 20 3 -68658
-22 -22 -18 -24 -54744
-17 8 -15 10 -67470
-22 17 -23 18 -60692
8 24 7 24 -49510
15 -5 13 -6 -53384
-15 -13 -13 -15 -65538
-11 16 -11 15 -58196
-24 -23 -21 -24 -38932
-2 8 -1 8 -63468
19 1 24 3 -61966
17 24 -23 19 -64910
6 -12 6 -11 -59880
-21 7 -24 2 -60950
23 9 23 10 -56134
-20 -7 -23 -4 -68460
-11 0 -10 1 -74534
-1 -23 -1 -24 -36048
-2 -24 -6 -22 -63054
17 -23 16 -14 -68578
3 5 0 4 -68876
-24 -24 -19 -19 -51576
23 -24 23 -8 -67670
10 -15 11 -13 -65286
23 16 19 22 -68442
-12 -15 -11 -18 -64714
3 11 2 10 -57934
4 7 5 6 -73244
0 0 0 -2 -60278
-9 2 -10 4 -66602
14 -24 13 -23 -37682
10 -23 6 -18 -57772
5 -21 6 -20 -62190
-17 -15 -16 -11 -65614
-14 15 -14 12 -62582
12 19 11 18 -61956
-17 6 -20 8 -71352
-23 2 -24 6 -50638
-11 -2 -13 -5 -70608
24 1 23 0 -49122
-10 -3 4 -8 -88610
12 12 8 7 -74514
-6 15 -14 16 -73254
17 21 10 20 -64730
-9 -6 -8 -7 -64122
23 -18 20 -22 -64740
-24 23 -22 22 -40240
-17 -5 -17 -8 -65194
-21 15 -20 19 -68692
-21 -16 -23 -12 -67818
-1 -23 5 -24 -61706
5 24 22 23 -64566
-3 12 -3 10 -63136
23 19 23 22 -50070
-11 7 -8 7 -70228
20 -11 23 -19 -65850
9 7 11 6 -69812
-6 -22 -5 -23 -62792
-19 -16 -18 -16 -60524
-15 -22 -14 -19 -58986
20 19 21 20 -56474
9 -22 13 -23 -54394
10 -5 10 -6 -69566
4 0 3 -1 -66962
2 22 3 21 -69058
22 -8 23 -9 -54696
21 9 22 11 -59592
5 7 5 9 -61838
-1 5 -24 5 -72584
-9 -11 -5 -12 -69568
9 -23 8 -17 -54842
14 8 17 6 -60500
-14 0 -17 0 -59144
-4 12 -3 10 -61544
-16 18 -15 16 -69164
23 -20 13 -21 -52612
-10 -23 -14 -24 -58908
17 12 17 14 -59856
-20 11 -13 13 -75016
-17 18 -17 19 -58774
-4 22 -6 22 -57056
-9 0 -9 -1 -68628
15 -10 17 -10 -51674
-8 -1 -7 2 -70988
7 21 9 22 -64822
-21 -6 -19 -6 -63946
24 17 22 12 -50398
-24 -18 -19 -17 -65320
9 18 11 18 -56880
-6 -15 -8 -14 -65268
9 -17 8 -13 -53256
18 -19 16 -18 -56214
-12 11 -11 9 -63742
-20 -3 -24 0 -75458
-19 -6 -17 -2 -74398
13 11 11 10 -63022
-1 -12 0 -11 -70308
-20 -12 -23 -13 -62582
-3 24 -11 21 -60366
2 -19 1 -23 -57784
6 17 7 14 -69856
-18 6 -18 4 -65902
6 -22 3 -22 -62710
22 -17 21 -19 -61376
13 -18 18 -15 -56704
-15 14 -14 14 -62832
10 -20 7 -21 -63810
24 0 21 3 -61578
-3 -10 -1 -10 -67294
24 6 24 13 -58008
-6 8 -6 9 -56786
-22 15 -23 20 -58864
-14 14 -12 12 -70148
8 -8 9 -6 -73928
-15 -12 -14 -9 -68766
13 3 12 6 -65034
-24 24 -21 1 -64710
1 7 1 10 -57076
13 3 13 2 -60008
2 -9 3 9 -81210
23 -13 23 -21 -64174
3 23 3 24 -32280
-11 -24 -2 -24 -65740
-20 24 -19 21 -63110
16 6 19 6 -57926
8 -5 9 -5 -63096
3 -1 24 -24 -66858
-22 -16 -23 -16 -54936
-5 5 -5 6 -69004
22 2 22 6 -64452
24 -20 21 -23 -53892
13 -15 11 -15 -61238
9 19 9 14 -68306
12 -12 9 -15 -72674
-24 -12 -24 13 -68300
-7 -19 -8 -23 -64292
-24 -2 -19 -4 -71556
-2 12 -3 12 -57988
6 -10 2 -11 -68506
-8 -19 -11 -24 -66770
-18 -11 -19 -10 -62232
14 23 9 18 -69926
-15 7 -16 15 -74640
15 0 18 2 -65288
-23 14 -18 22 -75360
15 13 15 7 -67610
12 -3 10 -1 -67484
11 -3 11 -8 -76876
-4 19 -10 24 -66590
-7 -24 -5 -20 -58994
-24 5 -23 14 -58634
-11 -16 -12 -21 -70562
-13 -12 -11 -13 -63568
-9 1 -8 0 -74252
-9 -4 -9 -6 -63786
20 18 18 17 -56720
15 -19 12 12 -76268
3 -4 3 -5 -64016
-3 -22 -2 -23 -58596
-20 -23 -22 -23 -57244
-11 14 -12 12 -64928
9 6 9 7 -66810
-5 -11 -6 -8 -63206
-12 -22 -15 -23 -60382
-6 13 -6 14 -65648
0 6 -3 4 -70496
23 15 -24 11 -66836
-9 -14 -9 -15 -68678
9 1 8 0 -61196
9 1 9 4 -62980
24 19 20 21 -46034
-10 10 -9 11 -67632
-10 15 -1 16 -70908
-6 -8 11 1 -86426
-11 -20 -11 -24 -51298
-15 -3 -14 -1 -68268
-14 -17 -14 -16 -60648
-19 21 -20 24 -63488
10 -17 9 -17 -63638
-1 2 0 4 -63670
-14 1 -14 2 -63144
8 -21 5 -22 -61928
-2 -20 24 -21 -67952
18 14 18 16 -62784
2 19 0 20 -69858
23 -5 24 1 -63972
-3 -24 -23 -24 -65412
9 8 10 5 -73960
5 20 8 21 -66942
14 22 17 21 -65070
0 17 0 15 -67372
24 -5 20 -6 -61786
-16 -22 -15 -22 -56002
-12 -7 -11 -9 -67612
-1 -13 2 -16 -61492
11 -10 11 -8 -65722
-14 1 -14 -1 -69300
-4 22 1 20 -67810
-23 -17 -24 -15 -52190
20 -20 19 -19 -61570
4 -11 5 -12 -61520
24 -13 21 -17 -56344
16 -18 13 -17 -54858
0 -17 0 -19 -56728
-4 23 17 23 -67974
4 18 5 18 -60774
20 1 18 1 -63856
22 -7 16 -7 -65784
-20 15 -21 13 -68512
-7 24 -9 17 -59580
-12 9 -11 10 -64754
23 1 24 -4 -57390
9 -8 11 -9 -68088
-11 15 -14 24 -69754
-10 1 -9 1 -72948
-15 -4 -18 -5 -65372
7 -2 6 -5 -74988
21 -2 20 -3 -69260
19 -22 19 -19 -56042
8 7 9 7 -62476
-18 24 -24 22 -60250
-22 -12 -24 -7 -58008
-23 -5 -24 -2 -64144
10 21 10 16 -68104
19 -4 19 -3 -65208
24 -4 24 -8 -62056
14 8 13 11 -66304
16 -1 16 0 -63260
-21 15 -16 13 -69396
4 -21 5 -23 -47918
-16 -16 -18 -15 -62990
-18 2 -14 6 -68510
-9 -20 -10 -20 -57712
-13 21 -19 19 -61374
0 14 0 13 -64114
-6 -16 -3 -15 -62976
-22 -16 -22 -24 -48580
3 24 6 23 -58812
-8 -20 -7 -21 -61480
22 2 23 0 -60928
-11 -13 -16 -14 -70276
-14 -11 -16 -12 -69742
22 -24 24 0 -71390
9 -6 10 -9 -71156
6 22 7 24 -49908
-8 9 -5 10 -65006
4 22 -3 20 -67784
-24 -7 -24 -8 -60638
-5 -19 -7 -18 -65710
15 16 17 15 -54012
1 0 0 -24 -70232
3 -7 2 -11 -67876
8 17 9 24 -68088
21 6 20 8 -62930
-7 -15 -9 -18 -66526
11 -9 10 -9 -63112
1 12 4 12 -59440
-11 2 -10 3 -72196
24 -24 19 -22 -46606
-1 6 0 4 -66504
-16 7 -16 5 -66266
6 -6 -18 -18 -85780
-13 -9 -13 -7 -67024
-1 -21 0 -24 -51438
17 24 19 20 -53820
-12 -19 -12 -18 -61212
1 6 -1 6 -64256
17 17 23 12 -69574
-24 16 -19 17 -66122
14 -2 14 0 -62800
4 0 7 -2 -65096
20 13 21 16 -63584
19 -24 24 -24 -45674
-24 -6 -24 -10 -63032
-23 11 -21 13 -68824
4 22 2 19 -66628
-18 -3 -18 -1 -69366
14 21 22 22 -60506
-15 -7 -18 -6 -63836
16 8 12 7 -64272
-24 -11 -23 -17 -61876
1 0 -11 -5 -89530
-5 -3 -5 1 -66704
24 8 19 7 -55014
3 -6 2 -6 -65118
-18 1 -17 0 -68502
7 -1 7 -4 -69442
-3 22 -3 20 -55008
24 -10 20 -11 -59156
-24 20 -20 21 -64208
-24 9 -20 12 -66510
4 11 4 14 -68506
-4 8 -5 5 -70984
24 -4 22 -7 -68732
-24 -20 12 -17 -75724
-18 24 -24 19 -64114
1 22 1 20 -62782
-19 -16 -19 -17 -55540
-14 20 -13 21 -58912
-12 -7 -15 -6 -60686
3 -7 4 -11 -66952
-20 5 -23 -19 -73006
24 -17 24 22 -66350
15 24 14 24 -55774
-3 23 1 20 -68678
-20 11 -22 15 -60806
15 -16 13 -14 -51206
4 0 4 2 -62746
-23 4 -23 0 -64430
3 24 0 24 -60180
9 -3 5 -4 -69680
6 1 5 -13 -90138
-1 4 -1 6 -67970
0 19 0 17 -68926
0 15 4 10 -73734
-24 10 -19 6 -55142
-23 5 -22 6 -52324
-21 20 -15 19 -69382
-2 -10 0 -13 -58714
-11 20 -8 17 -67070
3 -1 2 -1 -66642
20 -7 20 -6 -63972
-8 -7 -5 -6 -72798
15 23 15 20 -50250
-6 -10 -5 -7 -65940
-18 21 -18 24 -43334
-22 -13 -22 -12 -57182
-21 -1 -21 -4 -68876
-1 -16 0 -15 -70086
6 11 8 12 -62372
14 5 15 7 -67440
8 0 8 -2 -62526
-7 0 -10 1 -77364
-6 -6 -3 -6 -69194
-18 10 -17 9 -68758
18 19 16 22 -64636
-15 -7 -15 -10 -69126
-24 3 -24 -1 -63184
17 -9 17 -13 -55046
18 -11 16 -13 -54826
-7 22 -11 23 -65812
17 -9 15 -5 -70936
-21 -20 23 -2 -73806
19 14 15 10 -62234
0 -9 -1 -9 -68656
-17 16 -20 18 -71264
-2 17 0 20 -69942
-10 6 -10 7 -56220
