22 1 23 3 -58878
20 4 21 9 -65432
-2 -9 -4 -3 -63410
9 23 10 21 -53246
3 -20 1 -21 -68794
21 -20 22 -23 -40510
6 17 5 22 -64278
-15 23 -8 20 -68722
17 3 18 0 -65424
-14 23 -17 24 -45810
-13 15 -12 20 -65598
6 3 6 5 -64164
2 -14 4 -14 -68160
24 11 17 10 -63468
7 -21 13 -22 -65284
-23 8 -22 20 -69544
-6 -2 -5 -3 -61692
20 10 18 13 -63938
1 -11 0 -15 -59098
4 -9 5 -8 -66080
-2 -16 1 -16 -74310
3 -21 -3 -23 -60684
16 -3 15 -4 -59334
-24 23 -19 18 -69878
-11 -2 -12 -2 -62420
9 0 12 1 -68692
-9 -24 -14 -23 -56460
5 16 4 15 -66098
5 -24 -21 -24 -65102
-20 3 -20 11 -69528
6 -23 0 -22 -70344
-8 23 -11 17 -64948
-11 10 -9 9 -64024
11 17 11 11 -62296
-16 -19 -19 -23 -63892
20 -7 21 -9 -67412
10 -22 10 -24 -32414
-3 15 -4 19 -64596
3 2 -1 5 -75678
-6 -22 -9 -23 -62256
20 21 20 18 -66306
-19 0 -23 -3 -60530
11 3 10 3 -68274
-7 -8 -8 -10 -64488
-9 12 -7 16 -71340
-12 1 -11 -1 -69008
6 5 2 6 -73006
-20 -8 -19 -7 -68978
-23 -9 23 -13 -67486
4 -18 4 -16 -49318
-21 -11 -23 -17 -64424
-9 -16 -8 -13 -71332
-3 23 -6 24 -50794
4 3 5 0 -66732
4 17 4 14 -68138
-19 -24 -14 -21 -61968
-9 -2 -10 -4 -62846
14 -3 15 -4 -67042
-19 2 -21 3 -72956
-3 18 -4 16 -65478
-14 9 -13 9 -66994
22 15 24 10 -49496
-22 0 -23 1 -59158
24 -8 22 -14 -67228
-16 -5 -16 -3 -55804
-19 24 -5 24 -64038
13 -19 -16 -24 -73038
8 7 6 9 -73334
-22 22 -24 -24 -67544
-24 -21 -23 -13 -56698
-3 -22 -3 -19 -60554
12 -22 13 -21 -49014
-2 -3 -3 -1 -63056
-23 24 1 24 -58960
8 -18 9 -14 -55424
24 -22 22 -13 -65248
23 -9 20 -13 -70182
24 12 19 13 -56016
10 11 10 10 -58822
17 -2 18 -2 -70538
23 -8 24 -14 -58642
0 -13 1 -13 -68346
24 4 21 7 -60758
22 -10 24 -4 -75318
-24 11 -24 14 -52736
-7 -11 -7 -15 -65170
-4 -22 -2 -21 -49022
24 -15 24 -4 -68480
-16 7 -15 4 -74208
-9 5 -9 4 -61418
-5 0 -20 4 -78258
-6 15 -4 14 -58446
-2 -6 0 -1 -63942
3 -12 4 -11 -66350
16 -7 16 -9 -64654
-15 20 -10 22 -62092
-20 8 -18 11 -71230
-7 12 -7 13 -64212
0 -3 2 -4 -60560
15 -18 18 -24 -63734
-10 24 -9 23 -46130
17 24 16 14 -67786
10 -15 7 -13 -62466
24 -22 23 -22 -40196
23 -23 -6 -23 -64820
23 22 22 19 -48878
13 0 12 2 -67374
-23 -2 -24 -11 -66292
-15 -24 -18 -19 -51134
-23 4 -24 -4 -67122
15 -16 14 -21 -63846
-20 -14 -24 -24 -63760
-21 23 -19 22 -64176
-14 8 -16 8 -70534
24 18 -24 19 -64426
3 -3 1 -6 -65542
-23 -3 -24 0 -61414
-14 -21 -12 -24 -45326
8 -10 9 -9 -74218
-20 2 -17 2 -64626
-2 1 -6 -1 -62582
-5 -10 -5 -11 -59364
23 24 -9 15 -70086
-16 -22 -23 -23 -66310
-5 3 -5 1 -62448
23 -13 19 -10 -64724
-1 12 -2 11 -68792
18 22 24 24 -34544
-19 10 -19 12 -57166
-18 17 -18 16 -64962
11 -19 8 -24 -59026
-21 -17 -20 -21 -52316
11 12 9 12 -60724
7 13 5 14 -63752
-1 -17 1 14 -79844
-1 0 0 0 -62068
10 -13 10 -9 -66910
-20 -6 -21 -8 -68550
24 -17 19 -15 -63796
-3 -17 -2 -14 -58172
22 -2 22 -4 -68102
-7 -9 -12 -11 -65860
9 15 8 12 -63120
-20 -12 -23 -12 -63872
-20 -8 -20 -13 -63338
12 24 18 23 -66778
2 23 3 23 -66410
14 6 13 4 -71804
24 8 24 0 -59920
-2 -20 -3 -17 -64930
17 -3 18 -4 -75202
12 21 10 24 -52430
23 -6 18 -3 -78336
-9 -5 -10 -2 -63190
-1 19 0 21 -66690
22 -18 24 -18 -50158
13 2 14 2 -63312
-15 -15 -13 -13 -70506
23 0 24 21 -64682
-6 3 -4 4 -61720
6 11 6 10 -60322
14 -17 12 -21 -63358
-12 -10 -12 -15 -67916
21 16 21 20 -61952
20 8 20 3 -68208
-22 -22 -18 -24 -55332
-17 8 -15 10 -66976
-22 17 -23 18 -60680
8 24 7 24 -49278
15 -5 13 -6 -55590
-15 -13 -13 -15 -65874
-11 16 -11 15 -57174
-24 -23 -21 -24 -38394
-2 8 -1 8 -68028
19 1 24 3 -64162
17 24 -23 19 -64176
6 -12 6 -11 -60616
-21 7 -24 2 -60370
23 9 23 10 -55462
-20 -7 -23 -4 -64194
-11 0 -10 1 -73222
-1 -23 -1 -24 -36364
-2 -24 -6 -22 -61994
17 -23 16 -14 -70154
3 5 0 4 -70128
-24 -24 -19 -19 -50718
23 -24 23 -8 -69472
10 -15 11 -13 -71348
23 16 19 22 -66308
-12 -15 -11 -18 -67050
3 11 2 10 -61374
4 7 5 6 -76088
0 0 0 -2 -57668
-9 2 -10 4 -66758
14 -24 13 -23 -38484
10 -23 6 -18 -58726
5 -21 6 -20 -62342
-17 -15 -16 -11 -64162
-14 15 -14 12 -57190
12 19 11 18 -60310
-17 6 -20 8 -75356
-23 2 -24 6 -52576
23 -4 16 -1 -86448
24 1 23 0 -49316
10 2 13 5 -72836
14 -24 -16 -1 -78900
-6 10 7 0 -92984
17 21 10 20 -64750
-9 -6 -8 -7 -64262
23 -18 20 -22 -65284
-24 23 -22 22 -40156
-17 -5 -17 -8 -63184
-21 15 -20 19 -68490
-21 -16 -23 -12 -66998
-1 -23 5 -24 -64502
5 24 22 23 -64968
-3 12 -3 10 -64166
23 19 23 22 -49642
-11 7 -8 7 -65946
20 -11 23 -19 -66964
9 7 11 6 -72256
-6 -22 -5 -23 -61310
-19 -16 -18 -16 -59962
-15 -22 -14 -19 -58692
20 19 21 20 -56338
9 -22 13 -23 -56540
10 -5 10 -6 -66714
4 0 3 -1 -65014
2 22 3 21 -69500
22 -8 23 -9 -55602
21 9 22 11 -58984
5 7 5 9 -62208
-1 5 16 5 -85950
-9 -11 -5 -12 -67582
9 -23 8 -17 -54362
14 8 17 6 -60734
-14 0 -17 0 -59042
-4 12 -3 10 -62322
-16 18 -15 16 -68812
23 -20 13 -21 -55250
-10 -23 -14 -24 -58688
17 12 17 14 -56390
-20 11 -13 13 -76680
-17 18 -17 19 -59404
-4 22 -6 22 -56068
-9 0 -9 -1 -65392
15 -10 17 -10 -55072
-8 -1 -7 2 -68848
7 21 9 22 -64334
-21 -6 -19 -6 -62496
24 17 22 12 -47918
-24 -18 -19 -17 -64866
9 18 11 18 -56694
-6 -15 -8 -14 -65870
9 -17 8 -13 -53706
18 -19 16 -18 -56810
-12 11 -11 9 -60478
-20 10 -15 0 -92486
9 -14 14 -9 -83868
13 11 11 10 -60260
-1 -12 0 -11 -64844
-20 -12 -23 -13 -61678
-3 24 -11 21 -58018
2 -19 1 -23 -56964
6 17 7 14 -68712
-18 6 -18 4 -70454
6 -22 3 -22 -63916
22 -17 21 -19 -62390
13 -18 18 -15 -61262
-15 14 -14 14 -62742
10 -20 7 -21 -64816
24 0 21 3 -65830
-3 -10 -1 -10 -55082
24 6 24 13 -57252
-6 8 -6 9 -57476
-22 15 -23 20 -58656
-14 14 -12 12 -65176
8 -8 9 -6 -71332
-15 -12 -14 -9 -66102
13 3 12 6 -65534
-24 24 -21 1 -63242
1 7 1 10 -58850
13 3 13 2 -62986
-3 12 13 -14 -93148
23 -13 23 -21 -65514
3 23 3 24 -32560
-11 -24 -2 -24 -64010
-20 24 -19 21 -62180
16 6 19 6 -58718
8 -5 9 -5 -65760
3 -1 24 -24 -70002
-22 -16 -23 -16 -53568
-5 5 -5 6 -71640
22 2 22 6 -64482
24 -20 21 -23 -54408
13 -15 11 -15 -63314
9 19 9 14 -66784
12 -12 9 -15 -80366
-24 -12 -24 13 -68010
-7 -19 -8 -23 -67894
-24 -2 -19 -4 -64486
-2 12 -3 12 -60802
6 -10 2 -11 -67702
-8 -19 -11 -24 -68332
-18 -11 -19 -10 -61450
14 23 9 18 -68094
-4 0 0 3 -70290
15 0 18 2 -68330
-23 14 -18 22 -74594
15 13 15 7 -64628
12 -3 10 -1 -69286
11 -3 11 -8 -74352
-4 19 -10 24 -63930
-7 -24 -5 -20 -60466
-24 5 -23 14 -56178
-11 -16 -12 -21 -75156
-13 -12 -11 -13 -66262
-9 1 -8 0 -65868
-9 -4 -9 -6 -58582
20 18 18 17 -56522
-7 7 5 17 -90030
3 -4 3 -5 -58148
-3 -22 -2 -23 -59760
-20 -23 -22 -23 -57254
-11 14 -12 12 -62706
9 6 9 7 -66436
-5 -11 -6 -8 -62584
-12 -22 -15 -23 -60126
-6 13 -6 14 -66078
0 6 -3 4 -72538
23 15 -24 11 -68156
-9 -14 -9 -15 -69376
9 1 8 0 -62244
9 1 9 4 -64394
24 19 20 21 -45394
-10 10 -9 11 -63548
-10 15 -1 16 -68750
4 -4 24 -8 -74488
-11 -20 -11 -24 -52242
-15 -3 -14 -1 -58668
-14 -17 -14 -16 -62088
-19 21 -20 24 -62582
10 -17 9 -17 -64668
-1 2 0 4 -63458
-14 1 -14 2 -62748
8 -21 5 -22 -62916
-2 -20 24 -21 -70632
18 14 18 16 -56096
2 19 0 20 -70136
23 -5 24 1 -64926
-3 -24 -23 -24 -64486
9 8 10 5 -73116
5 20 8 21 -66120
14 22 17 21 -64490
0 17 0 15 -66308
24 -5 20 -6 -64928
-16 -22 -15 -22 -55782
-12 -7 -11 -9 -67830
-1 -13 2 -16 -65318
11 -10 11 -8 -68474
-14 1 -14 -1 -65728
-4 22 1 20 -68818
-23 -17 -24 -15 -51284
20 -20 19 -19 -61456
4 -11 5 -12 -63340
24 -13 21 -17 -58126
16 -18 13 -17 -56448
0 -17 0 -19 -57684
-4 23 17 23 -69444
4 18 5 18 -61190
20 1 18 1 -69008
22 -7 16 -7 -73424
-20 15 -21 13 -65376
-7 24 -9 17 -59456
-12 9 -11 10 -62360
23 1 24 -4 -59322
9 -8 11 -9 -71324
-11 15 -14 24 -70134
-10 1 -9 1 -65294
-15 -4 -18 -5 -60306
7 -2 6 -5 -67794
21 -2 20 -3 -70554
19 -22 19 -19 -56464
8 7 9 7 -66748
-18 24 -24 22 -60186
-22 -12 -24 -7 -56990
-23 -5 -24 -2 -58180
10 21 10 16 -66548
19 -4 19 -3 -66916
24 -4 24 -8 -61698
14 8 13 11 -64544
16 -1 16 0 -65472
-21 15 -16 13 -69448
4 -21 5 -23 -47744
-16 -16 -18 -15 -62070
-18 2 -14 6 -68570
-9 -20 -10 -20 -57532
-13 21 -19 19 -60898
0 14 0 13 -62510
-6 -16 -3 -15 -57654
-22 -16 -22 -24 -48316
3 24 6 23 -59110
-8 -20 -7 -21 -62122
22 2 23 0 -63918
-11 -13 -16 -14 -69742
-14 -11 -16 -12 -67822
22 -24 24 0 -71728
9 -6 10 -9 -70756
6 22 7 24 -49692
-8 9 -5 10 -60942
4 22 -3 20 -68866
-24 -7 -24 -8 -60682
-5 -19 -7 -18 -65242
15 16 17 15 -52818
1 0 0 -24 -69434
3 -7 2 -11 -65874
8 17 9 24 -67186
21 6 20 8 -63632
-7 -15 -9 -18 -68584
11 -9 10 -9 -67300
1 12 4 12 -63460
-11 2 -10 3 -71604
24 -24 19 -22 -46904
-1 6 0 4 -68326
-16 7 -16 5 -68318
12 11 -7 11 -81906
-13 -9 -13 -7 -65170
-1 -21 0 -24 -53650
17 24 19 20 -53588
-12 -19 -12 -18 -65788
1 6 -1 6 -69368
17 17 23 12 -68226
-24 16 -19 17 -64714
14 -2 14 0 -64012
4 0 7 -2 -64538
20 13 21 16 -59682
19 -24 24 -24 -47232
-24 -6 -24 -10 -63170
-23 11 -21 13 -66374
4 22 2 19 -66830
-18 -3 -18 -1 -62610
14 21 22 22 -60202
-15 -7 -18 -6 -63646
16 8 12 7 -63148
-24 -11 -23 -17 -61334
15 -5 13 -19 -77940
-5 -3 -5 1 -64848
24 8 19 7 -56476
3 -6 2 -6 -62438
-18 1 -17 0 -70236
7 -1 7 -4 -63160
-3 22 -3 20 -54464
24 -10 20 -11 -61340
-24 20 -20 21 -63454
-24 9 -20 12 -64236
4 11 4 14 -67022
-4 8 -5 5 -72150
24 -4 22 -7 -68888
-24 -20 12 -17 -73658
-18 24 -24 19 -63818
1 22 1 20 -62284
-19 -16 -19 -17 -53940
-14 20 -13 21 -57300
-12 -7 -15 -6 -61112
3 -7 4 -11 -65136
-20 5 -23 -19 -71874
24 -17 24 22 -65758
15 24 14 24 -55668
-3 23 1 20 -69526
-20 11 -22 15 -59288
15 -16 13 -14 -51124
4 0 4 2 -60324
-23 4 -23 0 -65888
3 24 0 24 -61312
9 -3 5 -4 -69964
2 -19 -1 -18 -71224
-1 4 -1 6 -67810
0 19 0 17 -69254
-1 15 4 8 -78040
-24 10 -19 6 -53826
-23 5 -22 6 -51078
-21 20 -15 19 -69300
-2 -10 0 -13 -57258
-11 20 -8 17 -63640
3 -1 2 -1 -65832
20 -7 20 -6 -64448
-8 -7 -5 -6 -65644
15 23 15 20 -49392
-6 -10 -5 -7 -64590
-18 21 -18 24 -42768
-22 -13 -22 -12 -56926
-21 -1 -21 -4 -63192
-1 -16 0 -15 -65872
6 11 8 12 -60900
14 5 15 7 -66580
8 0 8 -2 -58482
-8 -20 -8 -16 -66858
-6 -6 -3 -6 -58926
-18 10 -17 9 -67794
18 19 16 22 -63622
-15 -7 -15 -10 -67424
-24 3 -24 -1 -63012
17 -9 17 -13 -60216
18 -11 16 -13 -60600
-7 22 -11 23 -62946
17 -9 15 -5 -73486
-21 -20 23 -2 -72260
19 14 15 10 -61970
-8 -9 -12 -9 -65974
-17 16 -20 18 -71268
-2 17 0 20 -70696
-10 6 -10 7 -56896
