22 1 23 3 -58952
20 4 21 9 -67176
-2 -9 -4 -3 -60090
9 23 10 21 -53506
3 -20 1 -21 -64454
21 -20 22 -23 -42880
6 17 5 22 -63236
-15 23 -8 20 -67544
17 3 18 0 -65582
-14 23 -17 24 -48564
-13 15 -12 20 -63418
6 3 6 5 -65416
2 -14 4 -14 -66342
-24 -24 -14 -21 -66950
7 -21 13 -22 -66322
-23 8 -22 20 -69950
-6 -2 -5 -3 -65444
20 10 18 13 -70438
0 -17 1 -19 -74124
4 -9 5 -8 -64668
11 -3 13 0 -67568
3 -21 -3 -23 -58412
16 -3 15 -4 -64868
-24 23 -19 18 -71952
-11 -2 -12 -2 -58710
19 23 6 20 -84540
-9 -24 -14 -23 -57840
5 16 4 15 -70616
5 -24 -21 -24 -68836
-20 3 -20 11 -71560
6 -23 0 -22 -68788
-8 23 -11 17 -62018
-11 10 -9 9 -66272
11 17 11 11 -68412
-16 -19 -19 -23 -66012
20 -7 21 -9 -71312
10 -22 10 -24 -33106
-3 15 -4 19 -61854
0 3 -7 7 -76354
-6 -22 -9 -23 -63484
20 21 20 18 -72508
-19 0 -23 -3 -63030
11 3 10 3 -56060
-7 -8 -8 -10 -64486
-24 1 -2 -1 -72432
2 15 1 14 -68404
6 5 2 6 -64036
-20 -8 -19 -7 -69610
-23 -9 23 -13 -68564
4 -18 4 -16 -54458
-21 -11 -23 -17 -65798
-9 5 -8 7 -68864
-3 23 -6 24 -49258
4 3 5 0 -64086
4 17 4 14 -70164
-19 -24 -14 -21 -66234
-9 -2 -10 -4 -59858
14 -3 15 -4 -64120
12 -10 18 -16 -74734
-3 18 -4 16 -63324
-14 9 -13 9 -56612
22 15 24 10 -52516
-22 0 -23 1 -56622
24 -8 22 -14 -64190
-16 -5 -16 -3 -57380
-19 24 -5 24 -62790
8 -19 -16 -24 -72220
-20 -11 -18 9 -84432
22 9 24 10 -44932
-24 -21 -23 -13 -56018
-3 -22 -3 -19 -64506
12 -22 13 -21 -63780
-2 -3 -3 -1 -59604
-23 24 1 24 -60080
8 -18 9 -14 -59574
24 -22 22 -13 -65364
23 -9 20 -13 -67400
24 12 19 13 -56120
10 11 10 10 -59912
17 -2 18 -2 -70446
23 -8 24 -14 -59632
0 -13 1 -13 -65818
24 4 21 7 -60374
-13 1 -14 2 -61182
-24 11 -24 14 -51410
-7 -11 -7 -15 -60018
-4 -22 -2 -21 -49812
24 -15 24 -4 -67966
-16 7 -15 4 -75108
-9 5 -9 4 -61116
9 7 11 10 -65474
-6 15 -4 14 -56742
-24 -13 -24 -5 -64390
3 -12 4 -11 -63752
16 -7 16 -9 -63776
-15 20 -10 22 -60584
-20 11 18 11 -74836
-7 12 -7 13 -59246
0 -3 2 -4 -60076
15 -18 18 -24 -62190
-10 24 -9 23 -44668
17 24 16 14 -72736
10 -15 7 -13 -63694
24 -22 23 -22 -39278
23 -23 -6 -23 -58640
23 22 22 19 -52218
13 0 12 2 -63402
-23 -2 -24 -11 -66290
-15 -24 -18 -19 -60610
-23 4 -24 -4 -67318
15 -16 14 -21 -66514
-20 -14 -24 -24 -64066
-21 23 -19 22 -62722
-12 9 -12 8 -63828
24 18 -24 19 -61840
3 -3 1 -6 -58152
-23 -3 -24 0 -61682
-14 -21 -12 -24 -48084
8 -10 9 -9 -69788
-20 2 -17 2 -72424
-2 1 -6 -1 -65160
-5 -10 -5 -11 -58904
23 24 -9 15 -71418
19 0 14 1 -75004
-5 3 -5 1 -63258
23 -13 19 -10 -67420
-1 12 -2 11 -63040
18 22 24 24 -34992
-19 10 -19 12 -54676
-18 17 -18 16 -64394
11 -19 8 -24 -66348
-21 -17 -20 -21 -54668
11 12 9 12 -66224
7 13 5 14 -70862
-23 14 9 20 -73426
-1 0 0 0 -64212
10 -13 10 -9 -64646
-20 -6 -21 -8 -69210
24 -17 19 -15 -63236
-3 -17 -2 -14 -54556
22 -2 22 -4 -70172
-7 -9 -12 -11 -71130
9 15 8 12 -66276
-20 -12 -23 -12 -65430
-20 -8 -20 -13 -66436
12 24 18 23 -73126
2 23 3 23 -58784
9 -22 8 0 -72826
24 8 24 0 -59450
-2 -20 -3 -17 -72226
17 -3 18 -4 -67942
12 21 10 24 -52754
0 -6 24 -24 -65414
-9 -5 -10 -2 -63646
-1 19 0 21 -65974
22 -18 24 -18 -50522
13 2 14 2 -59920
-15 -15 -13 -13 -66570
23 0 24 21 -67564
-6 3 -4 4 -64936
6 11 6 10 -59846
14 -17 12 -21 -73436
-12 -10 -12 -15 -66170
21 16 21 20 -72724
20 8 20 3 -68702
-22 -22 -18 -24 -59366
-17 8 -15 10 -58230
-22 17 -23 18 -62106
8 24 7 24 -50744
15 -5 13 -6 -59330
-15 -13 -13 -15 -64178
-11 16 -11 15 -53372
-24 -23 -21 -24 -39040
-2 8 -1 8 -65646
19 1 24 3 -60020
17 24 -23 19 -67226
6 -12 6 -11 -58430
-21 7 -24 2 -63512
23 9 23 10 -57684
-20 -7 -23 -4 -66592
-11 -13 -17 -10 -72468
-1 -23 -1 -24 -37018
-2 -24 -6 -22 -64288
8 13 6 13 -71224
3 5 0 4 -71530
-24 -24 -19 -19 -51744
23 -24 23 -8 -68236
10 -15 11 -13 -66618
23 16 19 22 -72904
-12 -15 -11 -18 -64820
3 11 2 10 -64134
0 -22 19 -12 -83712
0 0 0 -2 -51568
-9 2 -10 4 -63808
14 -24 13 -23 -40526
10 -23 6 -18 -58190
5 -21 6 -20 -62174
-17 -15 -16 -11 -64130
-14 15 -14 12 -54876
12 19 11 18 -66862
-17 6 -20 8 -71922
-23 2 -24 6 -55786
0 -13 -1 -12 -62928
24 1 23 0 -48672
10 2 13 5 -68106
2 -8 -2 -10 -68222
19 -8 18 -7 -69820
17 21 10 20 -76056
-9 -6 -8 -7 -64772
23 -18 20 -22 -69842
-24 23 -22 22 -39650
-17 -5 -17 -8 -63576
-21 15 -20 19 -63678
-21 -16 -23 -12 -67474
-1 -23 5 -24 -63166
5 24 22 23 -72066
-3 12 -3 10 -58302
23 19 23 22 -54732
1 -12 10 -12 -72326
20 -11 23 -19 -66184
9 7 11 6 -63328
-6 -22 -5 -23 -63434
-19 -16 -18 -16 -63798
-15 -22 -14 -19 -57976
20 19 21 20 -59246
9 -22 13 -23 -59944
10 -5 10 -6 -55650
4 0 3 -1 -65528
-19 0 -18 0 -72426
22 -8 23 -9 -58508
21 9 22 11 -62224
5 7 5 9 -57318
-1 -2 -2 -2 -62376
-9 -11 -5 -12 -70642
9 -23 8 -17 -56854
14 8 17 6 -68882
-14 0 -17 0 -63356
-4 12 -3 10 -59494
-16 18 -15 16 -67950
23 -20 13 -21 -60994
-10 -23 -14 -24 -59884
17 12 17 14 -58764
-22 6 -20 4 -68370
-17 18 -17 19 -58766
-4 22 -6 22 -54374
-9 0 -9 -1 -60712
15 -10 17 -10 -63842
-8 -1 -7 2 -63566
7 21 9 22 -68734
-21 -6 -19 -6 -64668
24 17 22 12 -51922
-24 -18 -19 -17 -66086
9 18 11 18 -64200
-6 -15 -8 -14 -68204
9 -17 8 -13 -55710
18 -19 16 -18 -61426
-12 11 -11 9 -68296
15 10 13 9 -64824
15 -4 15 -8 -64152
5 11 -13 -4 -87062
-1 -12 0 -11 -63328
-20 -12 -23 -13 -63296
-3 24 -11 21 -55374
2 -19 1 -23 -58616
6 17 7 14 -72536
-18 6 -18 4 -71682
6 -22 3 -22 -63564
22 -17 21 -19 -66744
13 -18 18 -15 -72476
-15 14 -14 14 -54970
10 -20 7 -21 -68650
24 0 21 3 -59674
-3 -10 -1 -10 -57754
24 6 24 13 -58650
-6 8 -6 9 -54224
-22 15 -23 20 -65070
-14 14 -12 12 -62004
8 -8 9 -6 -65820
-15 -12 -14 -9 -70990
13 3 12 6 -61736
-24 24 -21 1 -65786
1 7 1 10 -56902
13 3 13 2 -60482
2 4 2 3 -69370
23 -13 23 -21 -66198
3 23 3 24 -30364
-11 -24 -2 -24 -66198
-20 24 -19 21 -66372
16 6 19 6 -66692
8 -5 9 -5 -60358
17 11 19 10 -67326
-22 -16 -23 -16 -54928
5 13 -9 18 -75672
22 2 22 6 -64964
24 -20 21 -23 -55890
13 -15 11 -15 -69464
9 19 9 14 -70618
14 -12 10 -15 -75762
-24 -12 -24 13 -68438
-7 -19 -8 -23 -65410
-24 -2 -19 -4 -66214
-2 12 -3 12 -57844
9 9 -5 4 -87970
-8 -19 -11 -24 -65954
-18 -11 -19 -10 -64654
14 23 9 18 -75156
-13 -12 -11 -10 -66900
15 0 18 2 -69820
17 11 14 10 -68432
15 13 15 7 -66392
18 -14 17 -14 -65082
-19 -24 0 1 -73326
-4 19 -10 24 -60514
-7 -24 -5 -20 -59874
-24 5 -23 14 -54670
17 -9 15 -17 -69350
4 9 6 9 -67904
-9 1 -8 0 -64148
-9 -4 -9 -6 -58422
20 18 18 17 -58934
-4 5 -5 2 -70012
3 -4 3 -5 -52364
-3 -22 -2 -23 -64626
-20 -23 -22 -23 -55108
-11 14 -12 12 -59448
9 6 9 7 -55228
-5 -11 -6 -8 -63418
-12 -22 -15 -23 -61232
-6 13 -6 14 -59250
0 6 -3 4 -72398
8 15 11 11 -72418
-9 -14 -9 -15 -60542
9 1 8 0 -63380
9 1 9 4 -65320
24 19 20 21 -47568
-10 10 -9 11 -59540
0 5 0 8 -72500
-18 -21 -17 -22 -58744
-11 -20 -11 -24 -50776
-15 -3 -14 -1 -60462
-14 -17 -14 -16 -57126
-19 21 -20 24 -66730
10 -17 9 -17 -67214
-1 2 0 4 -70704
-14 1 -14 2 -60050
8 -21 5 -22 -62170
-1 -20 0 -21 -69940
18 14 18 16 -60384
-24 -17 -3 -17 -74280
23 -5 24 1 -65812
-3 -24 -23 -24 -68368
-9 -15 -11 -15 -65832
5 20 8 21 -69378
14 22 17 21 -70142
0 17 0 15 -67984
24 -5 20 -6 -56118
-16 -22 -15 -22 -59970
-12 -7 -11 -9 -66254
-1 -13 2 -16 -67542
11 -10 11 -8 -65158
-14 1 -14 -1 -62474
-4 22 1 20 -64836
-23 -17 -24 -15 -51652
20 -20 19 -19 -60390
4 -11 5 -12 -62876
24 -13 21 -17 -59410
16 -18 13 -17 -66124
0 -17 0 -19 -66092
-4 23 17 23 -68492
4 18 5 18 -60548
20 1 18 1 -66084
22 -7 16 -7 -69664
-20 15 -21 13 -61180
-7 24 -9 17 -56982
-12 9 -11 10 -61832
23 1 24 -4 -58394
9 -8 11 -9 -68526
-11 15 -14 24 -68184
-10 1 -9 1 -60132
-15 -4 -18 -5 -66292
7 -2 6 -5 -63792
21 -2 20 -3 -67708
19 -22 19 -19 -59394
8 7 9 7 -63788
-18 24 -24 22 -55304
-22 -12 -24 -7 -60620
-23 -5 -24 -2 -59986
10 21 10 16 -69746
19 -4 19 -3 -67060
24 -4 24 -8 -67208
14 8 13 11 -63908
16 -1 16 0 -65120
-21 15 -16 13 -63384
4 -21 5 -23 -49438
-16 -16 -18 -15 -65790
-18 2 -14 6 -66546
-9 -20 -10 -20 -61498
-13 21 -19 19 -55614
0 14 0 13 -61646
-6 -16 -3 -15 -57180
-22 -16 -22 -24 -50282
3 24 6 23 -52382
-8 -20 -7 -21 -62650
22 2 23 0 -59708
23 21 24 15 -62792
-14 -11 -16 -12 -67858
22 -24 24 0 -70480
9 -6 10 -9 -65424
6 22 7 24 -50148
-8 9 -5 10 -55218
4 22 -3 20 -66016
-24 -7 -24 -8 -56480
-5 -19 -7 -18 -66568
15 16 17 15 -60894
-24 22 -24 12 -58464
3 -7 2 -11 -64002
8 17 9 24 -68728
21 6 20 8 -65232
-7 -15 -9 -18 -65402
11 -9 10 -9 -62958
1 12 4 12 -63214
-11 2 -10 3 -62870
24 -24 19 -22 -46148
-1 6 0 4 -69218
-16 7 -16 5 -71906
-12 9 -11 8 -71822
-13 -9 -13 -7 -66398
-1 -21 0 -24 -57936
17 24 19 20 -54774
-12 -19 -12 -18 -56264
1 6 -1 6 -65440
17 17 23 12 -73432
-24 16 -19 17 -59122
14 -2 14 0 -64762
4 0 7 -2 -63168
20 13 21 16 -63720
19 -24 24 -24 -46700
16 -21 12 -22 -60990
-23 11 -21 13 -64896
4 22 2 19 -65786
-18 -3 -18 -1 -65048
14 21 22 22 -64046
-15 -7 -18 -6 -66674
-18 8 -19 7 -64810
-24 -11 -23 -17 -61742
23 -1 24 -10 -76450
-5 -3 -5 1 -60102
24 8 19 7 -55018
3 -6 2 -6 -62572
-18 1 -17 0 -69958
7 -1 7 -4 -59912
-3 22 -3 20 -51112
24 -10 20 -11 -57736
-24 20 -20 21 -58532
-24 9 -20 12 -64440
4 11 4 14 -66308
10 -20 11 -19 -74062
24 -4 22 -7 -64520
17 -22 19 -16 -72792
-18 24 -24 19 -56810
1 22 1 20 -57360
-19 -16 -19 -17 -53564
-14 20 -13 21 -55930
-12 -7 -15 -6 -62542
3 -7 4 -11 -63174
-20 5 -23 -19 -73110
24 -17 24 22 -68466
15 24 14 24 -61816
-3 23 1 20 -63580
-20 11 -22 15 -58930
15 -16 13 -14 -62264
4 0 4 2 -63004
-23 4 -23 0 -65878
3 24 0 24 -55244
9 -3 5 -4 -68302
17 -12 14 22 -79066
-1 4 -1 6 -75036
0 19 0 17 -68472
-15 20 -18 23 -59606
-24 10 -19 6 -56990
-23 5 -22 6 -54390
11 13 13 13 -62628
-2 -10 0 -13 -62670
-11 20 -8 17 -61668
3 -1 2 -1 -65184
20 -7 20 -6 -66340
-8 -7 -5 -6 -68798
15 23 15 20 -51336
-6 -10 -5 -7 -64272
-18 21 -18 24 -45492
-22 -13 -22 -12 -59364
-21 -1 -21 -4 -65042
-1 -16 0 -15 -59402
6 11 8 12 -71846
14 5 15 7 -57798
8 0 8 -2 -58586
-8 -20 -8 -16 -60706
-6 -6 -3 -6 -64576
-18 10 -17 9 -64018
18 19 16 22 -66784
-15 -7 -15 -10 -69776
-24 3 -24 -1 -62454
17 -9 17 -13 -63286
18 -11 16 -13 -67906
-7 22 -11 23 -59878
-15 1 5 -1 -84318
-21 -20 23 -2 -72194
19 14 15 10 -68960
-8 -9 -12 -9 -68064
-17 16 -20 18 -67728
-2 17 0 20 -71646
-10 6 -10 7 -63452
