22 1 23 3 -58993
20 4 21 9 -67783
-2 -9 -4 -3 -62041
9 23 10 21 -53165
3 -20 1 -21 -64481
21 -20 22 -23 -43053
6 17 5 22 -63071
-15 23 -8 20 -68751
17 3 18 0 -64601
-14 23 -17 24 -49081
-13 15 -12 20 -65595
6 3 6 5 -68419
2 -14 4 -14 -68765
-24 -24 -14 -21 -67053
7 -21 13 -22 -68877
-23 8 -22 20 -74045
-6 -2 -5 -3 -63647
20 10 18 13 -69829
0 -17 1 -19 -75185
4 -9 5 -8 -64887
11 -3 13 0 -72607
3 -21 -3 -23 -62309
16 -3 15 -4 -65579
-24 23 -19 18 -72319
-11 -2 -12 -2 -58699
9 0 12 1 -69953
-9 -24 -14 -23 -57107
5 16 4 15 -66051
5 -24 -21 -24 -69605
-20 3 -20 11 -69267
6 -23 0 -22 -70597
-8 23 -11 17 -64405
-11 10 -9 9 -57153
11 17 11 11 -66735
-16 -19 -19 -23 -64699
20 -7 21 -9 -71695
10 -22 10 -24 -33993
-3 15 -4 19 -66075
19 -6 -24 -12 -79851
-6 -22 -9 -23 -63385
20 21 20 18 -71319
-19 0 -23 -3 -60759
11 3 10 3 -66973
-7 -8 -8 -10 -63821
-24 1 -2 -1 -72603
-17 1 1 -1 -78499
6 5 2 6 -64991
-20 -8 -19 -7 -68689
-23 -9 23 -13 -76269
4 -18 4 -16 -54883
-21 -11 -23 -17 -65337
-9 5 -8 7 -71331
-3 23 -6 24 -48019
4 3 5 0 -75165
4 17 4 14 -68657
-19 -24 -14 -21 -65503
-9 -2 -10 -4 -58115
14 -3 15 -4 -61793
12 -10 18 -16 -75779
-3 18 -4 16 -64045
-14 9 -13 9 -53905
22 15 24 10 -51729
-22 0 -23 1 -53979
24 -8 22 -14 -65433
-16 -5 -16 -3 -55209
-19 24 -5 24 -64743
13 -19 -16 -24 -73403
8 7 6 9 -69867
22 9 24 10 -44575
-24 -21 -23 -13 -56041
-3 -22 -3 -19 -64283
12 -22 13 -21 -64497
-2 -3 -3 -1 -61045
-23 24 1 24 -60377
8 -18 9 -14 -59307
24 -22 22 -13 -65197
23 -9 20 -13 -67787
24 12 19 13 -55793
10 11 10 10 -62827
17 -2 18 -2 -64555
23 -8 24 -14 -60403
0 -13 1 -13 -68721
24 4 21 7 -59681
-13 1 -14 2 -60583
-24 11 -24 14 -53487
-7 -11 -7 -15 -60031
-4 -22 -2 -21 -51807
24 -15 24 -4 -68125
-16 7 -15 4 -70961
-9 5 -9 4 -62857
9 7 11 10 -71319
-6 15 -4 14 -52889
-24 -13 -24 -5 -63867
3 -12 4 -11 -64269
16 -7 16 -9 -65263
-15 20 -10 22 -62535
-20 8 -18 11 -70801
-7 12 -7 13 -61953
0 -3 2 -4 -61407
15 -18 18 -24 -65541
-10 24 -9 23 -45357
17 24 16 14 -70507
10 -15 7 -13 -67049
24 -22 23 -22 -40359
23 -23 -6 -23 -61107
23 22 22 19 -51379
13 0 12 2 -65469
-23 -2 -24 -11 -65077
-15 -24 -18 -19 -60243
-23 4 -24 -4 -64669
15 -16 14 -21 -66115
-20 -14 -24 -24 -63959
-21 23 -19 22 -62513
-12 9 -12 8 -61761
24 18 -24 19 -60491
3 -3 1 -6 -56541
-23 -3 -24 0 -60439
-14 -21 -12 -24 -47775
8 -10 9 -9 -70255
-20 2 -17 2 -69593
-2 1 -6 -1 -60419
-5 -10 -5 -11 -58587
23 24 -9 15 -66561
12 -19 17 -21 -77401
-5 3 -5 1 -62165
23 -13 19 -10 -68557
-1 12 -2 11 -60337
18 22 24 24 -34217
-19 10 -19 12 -60757
-18 17 -18 16 -64635
11 -19 8 -24 -67771
-21 -17 -20 -21 -53353
11 12 9 12 -64421
7 13 5 14 -64147
-23 14 9 20 -68965
-1 0 0 0 -60203
10 -13 10 -9 -64673
-20 -6 -21 -8 -67671
24 -17 19 -15 -63183
-3 -17 -2 -14 -54225
22 -2 22 -4 -69393
-7 -9 -12 -11 -70737
9 15 8 12 -65905
-20 -12 -23 -12 -65091
-20 -8 -20 -13 -66533
12 24 18 23 -68137
2 23 3 23 -57363
9 -22 8 0 -73487
24 8 24 0 -59167
-2 -20 -3 -17 -72139
17 -3 18 -4 -66505
12 21 10 24 -52445
0 -6 24 -24 -66815
-9 -5 -10 -2 -62759
-1 19 0 21 -64121
22 -18 24 -18 -51175
13 2 14 2 -62951
-15 -15 -13 -13 -65611
23 0 24 21 -66619
-6 3 -4 4 -62885
6 11 6 10 -61541
14 -17 12 -21 -72487
-12 -10 -12 -15 -66295
21 16 21 20 -71137
20 8 20 3 -69639
-22 -22 -18 -24 -58733
-17 8 -15 10 -60335
-22 17 -23 18 -62271
8 24 7 24 -49317
15 -5 13 -6 -61869
-15 -13 -13 -15 -65527
-11 16 -11 15 -57697
-24 -23 -21 -24 -38695
-2 8 -1 8 -59245
19 1 24 3 -60823
17 24 -23 19 -65401
6 -12 6 -11 -58251
-21 7 -24 2 -60297
23 9 23 10 -57009
-20 -7 -23 -4 -65473
-11 -13 -17 -10 -74271
-1 -23 -1 -24 -37123
-2 -24 -6 -22 -69213
7 11 13 0 -88973
3 5 0 4 -65655
-24 -24 -19 -19 -51567
23 -24 23 -8 -68829
10 -15 11 -13 -66791
23 16 19 22 -71429
-12 -15 -11 -18 -64071
3 11 2 10 -59579
-3 9 -5 4 -78023
0 0 0 -2 -55361
-9 2 -10 4 -62417
14 -24 13 -23 -44119
10 -23 6 -18 -59759
5 -21 6 -20 -61585
-17 -15 -16 -11 -63285
-14 15 -14 12 -56701
12 19 11 18 -62149
-17 6 -20 8 -66519
-23 2 -24 6 -50611
0 -13 -1 -12 -65223
24 1 23 0 -49327
10 2 13 5 -73609
2 -8 -2 -10 -69361
19 -8 18 -7 -69447
17 21 10 20 -65571
-9 -6 -8 -7 -63943
23 -18 20 -22 -69991
-24 23 -22 22 -40065
-17 -5 -17 -8 -62413
-21 15 -20 19 -63545
-21 -16 -23 -12 -67779
-1 -23 5 -24 -65915
5 24 22 23 -64527
-3 12 -3 10 -60121
23 19 23 22 -53929
1 -12 10 -12 -76705
20 -11 23 -19 -67151
9 7 11 6 -71743
-6 -22 -5 -23 -65303
-19 -16 -18 -16 -63809
-15 -22 -14 -19 -56713
20 19 21 20 -58343
9 -22 13 -23 -63037
10 -5 10 -6 -56409
4 0 3 -1 -64197
-19 0 -18 0 -70785
22 -8 23 -9 -59157
21 9 22 11 -62507
5 7 5 9 -64467
-1 -2 -2 -2 -59579
-9 -11 -5 -12 -70347
9 -23 8 -17 -57503
14 8 17 6 -67219
-14 0 -17 0 -62717
-4 12 -3 10 -59207
-16 18 -15 16 -69385
23 -20 13 -21 -63065
-10 -23 -14 -24 -59751
17 12 17 14 -58143
-4 1 -7 22 -79545
-17 18 -17 19 -58611
-4 22 -6 22 -52171
-9 0 -9 -1 -57717
15 -10 17 -10 -64135
-8 -1 -7 2 -61553
7 21 9 22 -64397
-21 -6 -19 -6 -64097
24 17 22 12 -51499
-24 -18 -19 -17 -65679
9 18 11 18 -58345
-6 -15 -8 -14 -67837
9 -17 8 -13 -56831
18 -19 16 -18 -68213
-12 11 -11 9 -61565
15 10 13 9 -67865
15 -4 15 -8 -65761
13 11 11 10 -67237
-1 -12 0 -11 -63785
-20 -12 -23 -13 -63481
-3 24 -11 21 -54297
2 -19 1 -23 -58225
6 17 7 14 -69229
-18 6 -18 4 -66823
6 -22 3 -22 -63305
22 -17 21 -19 -66725
13 -18 18 -15 -73143
-15 14 -14 14 -54071
10 -20 7 -21 -69681
24 0 21 3 -60175
-3 -10 -1 -10 -59675
24 6 24 13 -58129
-6 8 -6 9 -58237
-22 15 -23 20 -64799
-14 14 -12 12 -63141
8 -8 9 -6 -67377
-15 -12 -14 -9 -69899
13 3 12 6 -67735
-24 24 -21 1 -69841
1 7 1 10 -59811
13 3 13 2 -62417
12 -11 -19 -11 -86799
23 -13 23 -21 -66157
3 23 3 24 -28989
-11 -24 -2 -24 -67179
-20 24 -19 21 -66353
16 6 19 6 -62063
8 -5 9 -5 -64031
17 11 19 10 -65945
-22 -16 -23 -16 -54779
5 -4 3 6 -84607
22 2 22 6 -64897
24 -20 21 -23 -56449
13 -15 11 -15 -70007
9 19 9 14 -68743
14 -12 10 -15 -75669
-24 -12 -24 13 -65441
-7 -19 -8 -23 -65475
-24 -2 -19 -4 -64987
-2 12 -3 12 -52665
9 9 8 4 -77149
-8 -19 -11 -24 -65691
-18 -11 -19 -10 -64883
14 23 9 18 -68729
-13 -12 -11 -10 -66713
15 0 18 2 -67989
15 -14 -18 18 -89289
15 13 15 7 -68753
18 -14 17 -14 -66021
5 -24 -8 -21 -77099
-4 19 -10 24 -60547
-7 -24 -5 -20 -60313
-24 5 -23 14 -57613
17 -9 15 -17 -70261
4 9 6 9 -64079
-9 1 -8 0 -62043
-9 -4 -9 -6 -58261
20 18 18 17 -58019
-4 5 -5 2 -72601
3 -4 3 -5 -51991
-3 -22 -2 -23 -68661
-20 -23 -22 -23 -55097
-11 14 -12 12 -59487
9 6 9 7 -68601
-5 -11 -6 -8 -63707
-12 -22 -15 -23 -61261
-6 13 -6 14 -63975
0 6 -3 4 -70259
8 15 11 11 -70421
-9 -14 -9 -15 -59981
9 1 8 0 -66859
9 1 9 4 -69989
24 19 20 21 -46953
-10 10 -9 11 -60569
0 5 0 8 -72943
-18 -21 -17 -22 -58603
-11 -20 -11 -24 -50839
-15 -3 -14 -1 -57713
-14 -17 -14 -16 -56669
-19 21 -20 24 -66663
10 -17 9 -17 -68405
-1 2 0 4 -66733
-14 1 -14 2 -57925
8 -21 5 -22 -61805
-1 -20 0 -21 -73343
18 14 18 16 -59237
-24 -17 -3 -17 -75677
23 -5 24 1 -65003
-3 -24 -23 -24 -67573
-9 -15 -11 -15 -66667
5 20 8 21 -66819
14 22 17 21 -66137
0 17 0 15 -67293
24 -5 20 -6 -57433
-16 -22 -15 -22 -59243
-12 -7 -11 -9 -66475
-1 -13 2 -16 -69401
11 -10 11 -8 -65245
-14 1 -14 -1 -60033
-4 22 1 20 -61385
-23 -17 -24 -15 -51389
20 -20 19 -19 -61995
4 -11 5 -12 -64483
24 -13 21 -17 -59777
16 -18 13 -17 -74291
0 -17 0 -19 -65273
-4 23 17 23 -66007
4 18 5 18 -57969
20 1 18 1 -62673
22 -7 16 -7 -68719
-20 15 -21 13 -63145
-7 24 -9 17 -59281
-12 9 -11 10 -61625
23 1 24 -4 -57297
9 -8 11 -9 -71497
-11 15 -14 24 -69547
-10 1 -9 1 -59753
-15 -4 -18 -5 -65991
7 -2 6 -5 -65383
21 -2 20 -3 -67913
19 -22 19 -19 -59453
8 7 9 7 -67447
-18 24 -24 22 -55741
-22 -12 -24 -7 -59645
-23 -5 -24 -2 -58079
10 21 10 16 -68205
19 -4 19 -3 -67377
24 -4 24 -8 -66181
14 8 13 11 -68403
16 -1 16 0 -65507
-21 15 -16 13 -63389
4 -21 5 -23 -50293
-16 -16 -18 -15 -66779
-18 2 -14 6 -63425
-9 -20 -10 -20 -61443
-13 21 -19 19 -56431
0 14 0 13 -61067
-6 -16 -3 -15 -58849
-22 -16 -22 -24 -50047
3 24 6 23 -51599
-8 -20 -7 -21 -62595
22 2 23 0 -59533
23 21 24 15 -61725
-14 -11 -16 -12 -67471
22 -24 24 0 -71133
9 -6 10 -9 -67951
6 22 7 24 -48175
-8 9 -5 10 -55453
4 22 -3 20 -61799
-24 -7 -24 -8 -56195
-5 -19 -7 -18 -67049
15 16 17 15 -56693
-24 22 -24 12 -58811
3 -7 2 -11 -64811
8 17 9 24 -67263
21 6 20 8 -63733
-7 -15 -9 -18 -65511
11 -9 10 -9 -65429
1 12 4 12 -56113
-11 2 -10 3 -60399
24 -24 19 -22 -47039
-1 6 0 4 -63875
-16 7 -16 5 -68523
-7 -13 13 -14 -87499
-13 -9 -13 -7 -66173
-1 -21 0 -24 -59883
17 24 19 20 -53867
-12 -19 -12 -18 -56589
1 6 -1 6 -58813
17 17 23 12 -72275
-24 16 -19 17 -59475
14 -2 14 0 -65071
4 0 7 -2 -64349
20 13 21 16 -62863
19 -24 24 -24 -46589
16 -21 12 -22 -66287
-23 11 -21 13 -66497
4 22 2 19 -65033
-18 -3 -18 -1 -62453
14 21 22 22 -61963
-15 -7 -18 -6 -66395
16 8 12 7 -71923
-24 -11 -23 -17 -61657
23 -1 24 -10 -75403
-5 -3 -5 1 -59615
24 8 19 7 -54325
3 -6 2 -6 -64719
-18 1 -17 0 -69849
7 -1 7 -4 -62427
-3 22 -3 20 -51623
24 -10 20 -11 -58501
-24 20 -20 21 -58951
-24 9 -20 12 -64523
4 11 4 14 -65255
10 -20 11 -19 -74833
24 -4 22 -7 -64233
17 -22 19 -16 -71615
-18 24 -24 19 -56847
1 22 1 20 -56883
-19 -16 -19 -17 -53431
-14 20 -13 21 -57739
-12 -7 -15 -6 -63175
3 -7 4 -11 -64525
-20 5 -23 -19 -68427
24 -17 24 22 -67047
15 24 14 24 -57259
-3 23 1 20 -61083
-20 11 -22 15 -60095
15 -16 13 -14 -64051
4 0 4 2 -68881
-23 4 -23 0 -62787
3 24 0 24 -53123
9 -3 5 -4 -68837
2 -12 -1 7 -76265
-1 4 -1 6 -71231
0 19 0 17 -68651
-15 20 -18 23 -59799
-24 10 -19 6 -52199
-23 5 -22 6 -51145
-21 20 -15 0 -89347
-2 -10 0 -13 -64475
-11 20 -8 17 -62099
3 -1 2 -1 -64593
20 -7 20 -6 -66447
-8 -7 -5 -6 -66517
15 23 15 20 -50107
-6 -10 -5 -7 -64577
-18 21 -18 24 -45839
-22 -13 -22 -12 -59355
-21 -1 -21 -4 -63451
-1 -16 0 -15 -60427
6 11 8 12 -65737
14 5 15 7 -62819
8 0 8 -2 -62267
-8 -20 -8 -16 -60667
-6 -6 -3 -6 -62163
-18 10 -17 9 -62897
18 19 16 22 -64857
-15 -7 -15 -10 -69143
-24 3 -24 -1 -60617
17 -9 17 -13 -65131
18 -11 16 -13 -68625
-7 22 -11 23 -59883
-8 12 -6 19 -72435
-21 -20 23 -2 -73943
19 14 15 10 -62633
-8 -9 -12 -9 -68667
-17 16 -20 18 -67935
-2 17 0 20 -68373
-10 6 -10 7 -64375
