22 1 23 3 -60250
20 4 21 9 -69572
-2 -9 -4 -3 -69270
9 23 10 21 -56426
3 -20 1 -21 -61290
21 -20 22 -23 -42894
13 -8 15 -7 -66890
-15 23 -8 20 -68500
17 3 18 0 -65600
-14 23 -17 24 -44194
-13 15 -12 20 -71722
6 3 6 5 -65670
2 -14 4 -14 -61204
-24 -24 -14 -21 -70384
-19 -4 -23 -6 -68548
-13 -14 24 -17 -73254
-6 -2 -5 -3 -69170
20 10 18 13 -66088
10 -17 7 -19 -65500
4 -9 5 -8 -64668
11 -3 13 -3 -63150
3 -21 -3 -23 -59624
16 -3 15 -4 -58676
-24 1 -24 0 -59970
-11 -2 -12 -2 -56988
19 -24 -15 -24 -64734
-9 -24 -14 -23 -55666
5 16 4 15 -64760
5 -24 -21 -24 -61998
-20 3 -20 11 -68658
6 -23 0 -22 -66802
-8 23 -11 17 -71216
-11 10 -9 9 -60966
11 17 11 11 -60660
-22 -1 -24 -18 -70106
-24 -4 -24 -9 -59692
10 -22 10 -24 -32552
-3 15 -4 19 -67772
8 -22 6 -20 -54038
-6 -22 -9 -23 -60126
4 -7 2 -7 -63492
-19 0 -23 -3 -72858
11 3 10 3 -57872
-7 -8 -8 -10 -64288
5 -24 5 1 -69604
2 15 1 14 -59878
6 5 2 6 -64154
-9 -10 -14 -10 -64126
-23 -9 23 -13 -72842
4 -18 4 -16 -57774
-21 -11 -23 -17 -66694
16 18 14 -6 -77576
-3 23 -6 24 -52060
4 3 5 0 -65446
4 17 4 14 -63774
-19 -24 -14 -21 -66406
-9 -2 -10 -4 -60652
14 -3 15 -4 -62750
16 -24 18 -16 -65272
-3 18 -4 16 -62636
-14 9 -13 9 -56850
22 15 24 10 -51982
-22 0 -23 1 -61682
24 -8 22 -14 -64900
-16 -5 -16 -3 -59382
-19 24 -5 24 -66062
8 10 7 10 -65392
-18 -19 -19 -23 -61110
22 9 24 10 -49026
-24 -21 -23 -13 -57884
-3 -22 -3 -19 -65048
12 -22 13 -21 -56652
-2 -3 -3 -1 -62312
-23 24 1 24 -62330
8 -11 4 -16 -71558
24 -22 22 -13 -65308
23 -9 20 -13 -68222
24 12 19 13 -56250
10 11 10 10 -56778
17 -2 18 -2 -62244
23 -8 24 -14 -58164
0 -13 1 -13 -60778
24 4 21 7 -59468
-13 1 -14 2 -62182
-24 11 -24 14 -45580
-7 -11 -7 -15 -63980
-4 -22 -2 -21 -57272
24 -15 24 -4 -64276
1 21 -3 24 -46784
-9 5 -9 4 -63826
9 7 11 10 -66238
-6 15 -4 14 -63518
-24 -13 -24 -5 -67732
3 -12 4 -11 -66648
16 -7 16 -9 -64650
-15 20 -10 22 -67392
-20 20 6 22 -70820
-7 12 -7 13 -72564
0 -3 2 -4 -63456
15 -18 18 -24 -64406
-10 24 -9 23 -46034
17 24 16 14 -68344
10 -15 7 -13 -59280
24 -22 23 -22 -40692
23 -23 -6 -23 -62506
23 22 22 19 -53720
13 0 12 2 -64152
18 23 10 11 -80096
-15 -24 -18 -19 -61232
22 12 -23 8 -70920
15 -16 14 -21 -61984
-20 -14 -24 -24 -68240
-21 23 -19 22 -54858
-12 9 -12 8 -57018
24 18 -24 19 -67234
3 -3 1 -6 -62412
-23 -3 -24 0 -64154
-14 -21 -12 -24 -49704
8 -10 9 -9 -66134
-12 3 7 -9 -82366
1 -17 2 -14 -67384
-5 -10 -5 -11 -58884
23 24 -9 15 -70530
11 -7 14 -6 -70790
-5 3 -5 1 -60708
23 -13 19 -10 -65310
-1 12 -2 11 -59438
18 22 24 24 -37852
-19 10 -19 12 -54894
-18 17 -18 16 -64492
11 -19 8 -24 -60590
-21 -17 -20 -21 -55586
11 12 9 12 -64312
24 -3 21 -5 -66304
10 -3 4 -2 -71498
4 -4 23 -23 -73646
10 -13 10 -9 -65542
-20 -6 -21 -8 -61426
24 -17 19 -15 -62922
-3 -17 -2 -14 -63308
22 -2 22 -4 -64286
-11 19 -12 23 -52580
9 15 8 12 -60226
-20 -12 -23 -12 -68326
-20 -8 -20 -13 -68196
12 24 18 23 -66522
2 23 3 23 -51650
17 -19 14 -4 -75326
24 8 24 0 -61320
-2 -20 -3 -22 -65460
17 -3 18 -4 -65846
12 21 10 24 -54588
-14 -1 -14 -2 -67906
-9 -5 -10 -2 -65894
-1 19 0 21 -58550
22 -18 24 -18 -50744
13 2 14 2 -59872
-15 -15 -13 -13 -67298
23 0 24 21 -68922
-6 3 -4 4 -59646
6 11 6 10 -56856
14 -17 12 -21 -65840
-12 -10 -12 -15 -69758
21 16 21 20 -63740
20 8 20 3 -69614
-22 -22 -18 -24 -58778
-17 8 -15 10 -59986
-22 17 -23 18 -54946
8 24 7 24 -43670
-24 17 -22 24 -48022
-15 -13 -13 -15 -64186
-11 16 -11 15 -60468
-24 -23 -21 -24 -38754
8 -23 12 -24 -55332
19 1 24 3 -61688
17 24 -23 19 -68442
6 -12 6 -11 -67472
-21 7 -24 2 -64018
23 9 23 10 -60678
3 -7 5 -14 -84286
20 11 19 10 -69322
-1 -23 -1 -24 -41240
-2 -24 -6 -22 -62488
-24 4 -24 -4 -68716
-12 9 -14 13 -71600
-24 -24 -19 -19 -58228
23 -24 23 -8 -69638
10 -15 11 -13 -56572
-4 16 -4 14 -67594
-12 -15 -11 -18 -63432
3 11 2 10 -61174
-9 -13 -6 -11 -62802
0 0 0 -2 -54852
-9 2 -10 4 -65788
14 -24 13 -23 -42156
-8 16 -11 18 -58638
5 -21 6 -20 -56894
-17 -15 -16 -11 -68564
-14 15 -14 12 -61972
12 19 11 18 -56098
-7 10 -5 12 -68542
-23 2 -24 6 -57890
0 -13 -1 -12 -66804
24 1 23 0 -51824
10 2 13 5 -66834
-19 -2 17 21 -83292
19 -8 18 -7 -66838
6 21 5 23 -55390
-9 -6 -8 -7 -64262
23 -18 20 -22 -67634
-24 23 -22 22 -34012
-17 -5 -17 -8 -58468
-21 15 -20 19 -68342
-21 -16 -23 -12 -73248
-1 -23 5 -24 -61432
5 24 22 23 -67856
-3 12 -3 10 -66410
23 19 23 22 -56220
21 -5 22 -7 -65016
20 -11 23 -19 -66972
9 7 11 6 -61318
-6 -22 -5 -23 -60494
-19 -16 -18 -16 -61296
-15 -22 -14 -19 -57572
20 19 21 20 -66830
9 -22 13 -23 -59808
10 -5 10 -6 -54096
4 0 3 -1 -63176
-9 -2 -5 -3 -74340
22 -8 23 -9 -54300
21 9 22 11 -70824
5 7 5 9 -57874
-1 -2 -2 -2 -56232
4 -23 10 -24 -53908
9 -23 8 -17 -53652
14 8 17 6 -63200
-14 0 -17 0 -62850
-4 12 -3 10 -64396
-16 18 -15 16 -67456
23 -20 13 -21 -59480
-10 -23 -14 -24 -58132
17 12 17 14 -56764
-22 6 -20 4 -63988
-17 18 -17 19 -59946
-4 22 -6 22 -60318
-9 0 -9 -1 -63354
15 -10 17 -10 -63042
-8 -1 -7 2 -63508
7 21 9 22 -54280
-21 -6 -19 -6 -67242
24 17 22 12 -54794
-24 -18 -19 -17 -67412
9 18 11 18 -55290
-6 -15 -8 -14 -62670
9 -17 8 -13 -52062
18 -19 16 -18 -62584
21 15 15 12 -73906
15 10 13 9 -60010
15 -4 15 -8 -63434
-9 21 -7 22 -62280
-1 -12 0 -11 -63686
-20 -12 -23 -13 -63886
-3 24 -11 21 -67636
2 -19 1 -23 -60482
6 17 7 14 -60644
-15 -15 -14 -10 -73970
6 -22 3 -22 -60730
22 -17 21 -19 -62736
13 -18 18 -15 -64500
-15 14 -14 14 -63398
10 -20 7 -21 -63894
24 0 21 3 -61262
-3 -10 -1 -10 -56518
24 6 24 13 -61856
-6 8 -6 9 -64972
-22 15 -23 20 -59768
-14 14 -12 12 -69772
8 -8 9 -6 -64154
23 17 8 4 -85854
13 3 12 6 -59726
-8 6 -8 7 -66070
1 7 1 10 -64888
13 3 13 2 -59248
2 4 2 3 -64706
23 -13 23 -21 -65876
3 23 3 24 -34354
-11 -24 -2 -24 -62452
-20 24 -19 21 -61242
16 6 19 6 -60124
-14 4 -13 6 -67124
17 11 19 10 -64594
-22 -16 -23 -16 -56166
-14 -5 -15 -6 -64022
22 2 22 6 -64836
24 -20 21 -23 -56604
13 -15 11 -15 -58610
-11 -17 -23 -7 -89708
1 17 2 14 -65284
-24 -12 -24 13 -68514
-7 -19 -8 -23 -67842
-24 -2 -19 -4 -68540
-2 12 -3 12 -53252
-17 4 -17 6 -61986
-8 -19 -11 -24 -64656
-18 -11 -19 -10 -67844
-21 -1 24 -3 -73490
-13 -12 -11 -10 -63066
15 0 18 2 -64312
1 -13 3 -18 -70700
15 13 15 7 -65792
18 -14 17 -14 -62654
-1 16 -4 18 -63262
-4 19 -10 24 -63934
-7 -24 -5 -20 -63374
-24 5 -23 14 -56432
12 7 11 -14 -78012
4 9 6 9 -65390
-9 1 -8 0 -64432
-9 -4 -9 -6 -60718
20 18 18 17 -69296
-4 5 -5 2 -64746
3 -4 3 -5 -60716
-3 -22 -2 -23 -61800
-20 -23 -22 -23 -57144
-11 14 -12 12 -66552
9 6 9 7 -52334
-5 -11 -6 -8 -64706
-12 -22 -15 -23 -58220
-6 13 -6 14 -70482
0 6 -3 4 -63038
-3 8 -3 9 -66252
-9 -14 -9 -15 -63444
9 1 8 0 -58222
-5 -8 -6 -7 -67244
24 19 20 21 -42864
-10 10 -9 11 -58892
0 5 0 8 -71262
-18 -21 -17 -22 -57740
-11 -20 -11 -24 -53002
-15 -3 -14 -1 -67234
-14 -17 -14 -16 -57786
-19 21 -20 24 -61578
5 8 2 11 -71482
-1 2 0 4 -64078
-14 1 -14 2 -65150
-13 15 -18 15 -68472
-1 -20 0 -21 -62444
18 14 18 16 -56576
24 10 -24 -17 -68358
23 -5 24 1 -62734
-3 -24 -23 -24 -62928
-9 -15 -11 -15 -59110
0 14 5 10 -72578
14 22 17 21 -64822
16 -14 17 -11 -65770
24 -5 20 -6 -62332
-16 -22 -15 -22 -55640
-12 -7 -11 -9 -62586
-1 -13 2 -16 -71396
11 -10 11 -8 -67190
-14 1 -14 -1 -69392
-24 -2 -23 -2 -41856
-23 -17 -24 -15 -53928
20 -20 19 -19 -61076
4 -11 5 -12 -69628
24 -13 21 -17 -60232
16 -18 13 -17 -63658
0 -17 0 -19 -58850
-4 23 17 23 -64726
4 18 5 18 -55072
20 1 18 1 -59960
22 -7 16 -7 -66964
-20 15 -21 13 -58342
-7 24 -9 17 -64048
-22 18 -16 -21 -77586
23 1 24 -4 -56640
9 -8 11 -9 -69258
-10 13 -10 12 -70350
-10 1 -9 1 -57012
-15 -4 -18 -5 -68178
0 1 -23 -2 -72884
-1 -2 -2 -3 -60160
19 -22 19 -19 -60118
8 7 9 7 -65210
-18 24 -24 22 -56916
-22 -12 -24 -7 -68526
-23 -5 -24 -2 -58132
10 21 10 16 -58736
19 -4 19 -3 -63014
24 -4 24 -8 -58010
14 8 13 11 -61268
16 -1 16 0 -62356
-21 15 -16 13 -67322
4 -21 5 -23 -52506
-16 -16 -18 -15 -65284
-18 4 -14 6 -66436
-9 -20 -10 -20 -58278
-13 21 -19 19 -61774
0 14 0 13 -61330
-6 -16 -3 -15 -60106
-22 -16 -22 -24 -54746
3 24 6 23 -49880
0 20 -7 19 -64696
22 2 23 0 -61148
23 21 24 15 -56288
-14 -11 -16 -12 -63676
22 -24 24 0 -69594
9 -6 10 -9 -68378
6 22 7 24 -46064
-8 9 -5 10 -61820
-24 0 -18 3 -67648
-24 -7 -24 -8 -58020
-5 -19 -7 -18 -63910
15 16 17 15 -54662
-24 22 -24 12 -52534
3 -7 2 -11 -68910
8 17 9 24 -62540
21 6 20 8 -62638
-7 -15 -9 -18 -65354
11 -9 10 -9 -62866
1 12 4 12 -63978
-11 2 -10 3 -61998
24 -24 19 -22 -45954
-1 6 0 4 -62736
21 23 22 18 -61550
-12 9 -11 8 -63556
-13 -9 -13 -7 -56548
-1 -21 0 -24 -58510
17 24 19 20 -53718
-12 -19 -12 -18 -57178
1 6 -1 6 -55196
-7 9 2 5 -73160
-24 16 -19 17 -62560
14 -2 14 0 -59858
4 0 7 -2 -69344
20 13 21 16 -67152
19 -24 24 -24 -46182
16 -21 12 -22 -57230
-23 11 -21 13 -61734
4 22 2 19 -64458
-18 -3 -18 -1 -68582
14 21 22 22 -65886
-15 -7 -18 -6 -68426
-18 8 -19 7 -60696
-24 -11 -23 -17 -65920
0 -3 0 -7 -65702
-5 -3 -5 1 -61586
24 8 19 7 -58512
-23 -7 -20 -10 -72382
-18 1 -17 0 -59576
7 -1 7 -4 -53734
-3 22 -3 20 -52200
24 -10 20 -11 -58610
-24 20 -20 21 -62358
-24 9 -20 12 -61978
-23 5 -24 9 -52416
-18 -22 -19 -23 -58560
24 -4 22 -7 -65958
4 7 0 5 -71188
-18 24 -24 19 -65540
1 22 1 20 -62390
-19 -16 -19 -17 -54552
-14 20 -13 21 -64008
-12 -7 -15 -6 -64514
3 -7 4 -11 -74606
2 -1 5 -1 -68488
24 -17 24 22 -69352
15 24 14 24 -56260
4 22 4 19 -65334
-20 11 -22 15 -57180
15 -16 13 -14 -55400
4 0 4 2 -63384
-23 4 -23 0 -64344
3 24 0 24 -46962
8 22 15 24 -55228
7 2 7 3 -64280
-17 2 -17 4 -60868
0 19 0 17 -63716
-2 -5 -5 -9 -72114
-24 10 -19 6 -61512
-23 5 -22 6 -55670
11 13 13 13 -60104
-2 -10 0 -13 -67446
-11 20 -12 17 -69470
2 -1 0 -1 -62126
20 -7 20 -6 -63044
-8 -7 -5 -6 -70118
15 23 15 20 -49230
-6 -10 -5 -7 -68162
-18 21 -18 24 -44660
-22 -13 -22 -12 -63318
-21 -1 -21 -4 -64544
-1 -16 0 -15 -65438
6 11 8 12 -66328
14 5 15 7 -58636
8 0 8 -2 -56014
-8 -20 -8 -16 -61488
-6 -6 -3 -6 -68078
-18 10 -17 9 -60760
18 19 16 22 -63300
14 14 11 17 -62258
19 18 22 19 -66034
17 -9 17 -13 -64696
18 -11 16 -13 -71174
-7 22 -11 23 -64866
-19 18 -20 17 -67782
-21 -7 -24 24 -69436
2 -13 2 -14 -63964
-7 -21 -8 -19 -62528
-17 16 -20 18 -63420
9 -8 7 -8 -60196
-10 6 -10 7 -65082
