22 1 23 3 -58395
20 4 21 9 -65709
24 8 -19 9 -69645
9 23 10 21 -56247
3 -20 1 -21 -60841
21 -20 22 -23 -40653
13 -8 15 -7 -60649
19 10 19 7 -67417
17 3 18 0 -62499
-14 23 -17 24 -44641
15 -16 15 -19 -55739
1 11 2 9 -59017
2 -14 4 -14 -64509
-24 -24 -14 -21 -70035
-19 -4 -23 -6 -68311
1 4 0 4 -68591
-6 -2 -5 -3 -74199
20 10 18 13 -68897
10 -17 7 -19 -65715
8 -13 2 -15 -68149
11 -3 13 -3 -63457
3 -21 -3 -23 -62505
16 -3 15 -4 -56505
-24 1 -24 0 -54959
-11 -2 -12 -2 -57531
19 -24 -15 -24 -63783
-9 -24 -14 -23 -55269
5 16 4 15 -64983
5 -24 -21 -24 -63249
5 6 5 7 -64015
6 -23 0 -22 -69791
-8 23 -11 17 -70781
-11 10 -9 9 -63661
19 19 22 -8 -75921
0 14 -4 14 -70641
-24 -4 -24 -9 -58641
10 -22 10 -24 -39531
-3 15 -4 19 -64879
8 -22 6 -20 -58759
-6 -22 -9 -23 -59349
4 -7 2 -7 -63341
11 0 7 -3 -70785
11 3 10 3 -62317
-7 -8 -8 -10 -62577
24 -24 5 0 -66079
2 15 1 14 -62109
6 5 2 6 -68773
-9 -10 -14 -10 -63209
-23 -9 23 -13 -67505
4 -18 4 -16 -61741
-21 -11 -23 -17 -61963
-23 -2 -21 -4 -66745
-3 23 -6 24 -53837
4 3 5 0 -58061
4 17 4 14 -61329
-19 -24 -14 -21 -67931
-9 -2 -10 -4 -64341
14 -3 15 -4 -64209
16 -24 18 -16 -64979
-3 18 -4 16 -66227
-14 9 -13 9 -57169
22 15 24 10 -52743
-22 0 -23 1 -62435
24 -8 22 -14 -57011
-16 -5 -16 -3 -52659
-19 24 -5 24 -61657
8 10 7 10 -64965
-18 -19 -19 -23 -63155
22 9 24 10 -49579
-24 -21 -23 -13 -55905
-3 -22 -3 -19 -60851
12 -22 13 -21 -70435
-2 -3 -3 -1 -71237
-23 24 1 24 -62991
13 -24 16 -21 -60773
24 -22 22 -13 -57275
23 -9 20 -13 -62979
24 12 19 13 -56999
10 11 10 10 -57551
17 -2 18 -2 -64567
23 -8 24 -14 -48213
0 -13 1 -13 -62469
24 4 21 7 -56675
3 -12 3 -15 -63007
-24 11 -24 14 -43181
-7 -11 -7 -15 -69123
-4 -22 -2 -21 -55897
24 -15 24 -4 -57423
1 21 -3 24 -53895
-9 5 -9 4 -69021
12 -21 13 -19 -67035
-6 15 -4 14 -66185
-24 -13 -24 -5 -62107
3 -12 4 -11 -64435
16 -7 16 -9 -58547
-15 20 -10 22 -61297
-20 20 6 22 -74969
15 22 16 24 -41797
0 -3 2 -4 -60341
15 -18 18 -24 -66315
-10 24 -9 23 -39663
7 10 6 7 -69587
10 -15 7 -13 -61345
24 -22 23 -22 -41071
23 -23 -6 -23 -61249
23 22 22 19 -52907
13 0 12 2 -61477
18 -15 18 -19 -62037
-15 -24 -18 -19 -63749
12 -24 18 -24 -57191
3 -5 -9 -1 -88947
-20 -14 -24 -24 -68345
-21 23 -19 22 -59777
-12 9 -12 8 -68981
3 -3 5 0 -69741
3 -3 1 -6 -64451
-23 -3 -24 0 -63823
-14 -21 -12 -24 -47279
8 -10 9 -9 -62247
2 19 -2 18 -60819
1 -17 2 -14 -68433
-5 -10 -5 -11 -61975
-24 16 -23 24 -62457
-16 10 -15 0 -91441
-5 3 -5 1 -64483
23 -13 19 -10 -62045
-1 12 -2 11 -64543
18 22 24 24 -40059
-19 10 -19 12 -55619
-18 17 -18 16 -64485
11 -19 8 -24 -71217
-21 -17 -20 -21 -57909
11 12 9 12 -67749
24 -3 21 -5 -64001
13 20 13 18 -56759
9 -13 12 -18 -63111
10 -13 10 -9 -58173
-20 -6 -21 -8 -60645
24 -17 19 -15 -58639
-3 -17 -2 -14 -63199
22 -2 22 -4 -66993
-11 19 -12 23 -48795
9 15 8 12 -55619
-20 -12 -23 -12 -67191
-20 -8 -20 -13 -60747
12 24 18 23 -67191
2 23 3 23 -54311
-2 -1 -3 0 -76221
24 8 24 0 -55127
-6 3 -11 -8 -86597
17 -3 18 -4 -69687
12 21 10 24 -55765
4 0 0 3 -72821
-9 -5 -10 -2 -65239
-1 19 0 21 -65561
22 -18 24 -18 -49481
13 2 14 2 -63065
-15 -15 -13 -13 -57887
23 0 24 21 -67815
-6 3 -4 4 -61047
6 11 6 10 -60135
-14 -18 -16 -18 -61353
-12 -10 -12 -15 -61927
21 16 21 20 -60991
-3 12 -6 11 -72257
-22 -22 -18 -24 -59689
-17 8 -15 10 -65737
-22 17 -23 18 -60387
8 24 7 24 -48179
-24 17 -22 24 -62011
-15 -13 -13 -15 -61485
-11 16 -11 15 -52255
-24 -23 -21 -24 -41599
8 -23 12 -24 -61007
13 21 11 19 -62327
17 24 -23 19 -67779
6 -12 6 -11 -59723
-21 7 -24 2 -66441
23 9 23 10 -62613
-4 -5 -4 -4 -61667
20 11 19 10 -68375
-1 -23 -1 -24 -39017
-2 -24 -6 -22 -69437
8 -22 9 -22 -60465
-15 9 -14 14 -64805
-24 -24 -19 -19 -58383
-4 19 -3 21 -68301
10 -15 11 -13 -58419
-4 16 -4 14 -55693
-12 -15 -11 -18 -62853
3 11 2 10 -59981
-9 -13 -6 -11 -58949
0 0 0 -2 -56431
-9 2 -10 4 -69609
14 -24 13 -23 -44277
-8 16 -11 18 -56459
5 -21 6 -20 -62503
-17 -15 -16 -11 -56009
-14 15 -14 12 -62743
12 19 11 18 -61235
-7 10 -5 12 -68429
-23 2 -24 6 -55839
0 -13 -1 -12 -66805
24 1 23 0 -49231
10 2 13 5 -70365
24 23 -8 21 -65163
19 -8 18 -7 -71551
6 21 5 23 -55557
-9 -6 -8 -7 -63513
23 -18 20 -22 -69371
-24 23 -22 22 -35359
-17 -5 -17 -8 -57085
-21 15 -20 19 -72719
-21 -16 -23 -12 -68417
-1 -23 5 -24 -65713
5 24 22 23 -69877
-3 12 -3 10 -54437
23 19 23 22 -54431
21 -5 22 -7 -70987
-13 -2 -13 12 -92921
9 7 11 6 -63307
-6 -22 -5 -23 -63419
-19 -16 -18 -16 -60995
-15 -22 -14 -19 -58155
20 19 21 20 -67051
9 -22 13 -23 -65029
10 -5 10 -6 -49865
4 0 3 -1 -68481
0 4 -2 5 -74417
22 -8 23 -9 -52969
21 9 22 11 -72501
5 7 5 9 -65959
-1 -2 -2 -2 -70803
4 -23 10 -24 -59725
9 -23 8 -17 -62455
14 8 17 6 -64107
-14 0 -17 0 -63741
-22 12 -23 -13 -77537
-16 18 -15 16 -64967
23 -20 13 -21 -60267
-10 -23 -14 -24 -59217
17 12 17 14 -56683
-22 6 -20 4 -61483
-17 18 -17 19 -60837
-4 22 -6 22 -60227
-9 0 -9 -1 -65235
15 -10 17 -10 -64277
-8 -1 -7 2 -71537
7 21 9 22 -59893
-21 -6 -19 -6 -62839
24 17 22 12 -52961
-24 -18 -19 -17 -67441
9 18 11 18 -65925
-6 -15 -8 -9 -75821
9 -17 8 -13 -59721
18 -19 16 -18 -64291
21 15 15 12 -69083
15 10 13 9 -56295
15 -4 15 -8 -61759
-9 21 -7 22 -56439
-1 -12 0 -11 -63151
-20 -12 -23 -13 -63605
9 7 12 9 -73227
2 -19 1 -23 -57685
6 17 7 14 -58011
12 16 12 13 -50753
6 -22 3 -22 -62413
22 -17 21 -19 -66331
-18 2 -16 2 -63367
-15 14 -14 14 -63139
-6 6 -9 8 -69685
13 8 12 4 -72515
-3 -10 -1 -10 -59519
24 6 24 13 -62497
-6 8 -6 9 -63047
-22 15 -23 20 -66713
-14 14 -12 12 -64097
8 -8 9 -6 -59623
-19 4 -19 1 -72649
13 3 12 6 -61147
-8 6 -8 7 -70793
18 -2 -22 2 -75085
13 3 13 2 -56211
2 4 2 3 -57815
23 -13 23 -21 -58629
3 23 3 24 -33323
-11 -24 -2 -24 -63629
-20 24 -19 21 -68011
16 6 19 6 -61325
-14 4 -13 6 -75621
17 11 19 10 -66647
-22 -16 -23 -16 -56519
-14 -5 -15 -6 -59043
22 2 22 6 -58179
24 -20 21 -23 -56657
13 -15 11 -15 -58631
-6 -12 1 -19 -83217
1 17 2 14 -59407
-24 -12 -24 13 -72307
-7 -19 -8 -23 -66639
8 -19 7 -23 -68143
-2 12 -3 12 -67721
-17 4 -17 6 -73667
-8 -19 -11 -24 -65331
-18 -11 -19 -10 -62339
-24 23 23 23 -61087
-13 -12 -11 -10 -58685
15 0 18 2 -70049
-11 8 -3 -3 -95793
15 13 15 7 -69625
18 -14 17 -14 -65183
-1 16 -4 18 -68831
-4 19 -10 24 -60073
-7 -24 -5 -20 -60557
-24 5 -23 14 -52693
16 1 19 4 -71379
4 9 6 9 -62231
-9 1 -8 0 -64793
-9 -4 -9 -6 -62265
20 18 18 17 -68193
-4 5 -5 2 -63933
3 -4 3 -5 -59029
-3 -22 -2 -23 -70045
-20 -23 -22 -23 -56495
-11 14 -12 12 -62735
9 6 9 7 -63025
-5 -11 -6 -8 -65547
-12 -22 -15 -23 -62053
-22 2 -24 -5 -66263
0 6 -3 4 -63641
-3 8 -3 9 -57825
-9 -14 -9 -15 -63271
9 1 8 0 -62395
-5 -8 -6 -7 -65435
24 19 20 21 -42491
-10 10 -9 11 -57825
12 -6 7 -3 -68845
-18 -21 -17 -22 -60615
-11 -20 -11 -24 -52421
-7 8 15 -2 -88089
-14 -17 -14 -16 -55397
-19 21 -20 24 -68481
5 8 2 11 -68605
-1 2 0 4 -58029
-14 1 -14 2 -65191
-13 15 -18 15 -68329
-1 -20 0 -21 -71847
18 14 18 16 -54641
24 10 -24 -17 -64267
23 -5 24 1 -64269
-3 -24 -23 -24 -62573
-9 -15 -11 -15 -56137
8 -12 7 -15 -64327
14 22 17 21 -65169
16 -14 17 -11 -57857
24 -5 20 -6 -61511
-16 -22 -15 -22 -61073
-12 -7 -11 -9 -60645
11 20 -17 23 -72559
11 -10 11 -8 -55795
-12 1 -13 -1 -66367
-24 -2 -23 -2 -44477
-23 -17 -24 -15 -51739
20 -20 19 -19 -58771
4 -11 5 -12 -62455
24 -13 21 -17 -57615
16 -18 13 -17 -64335
0 -17 0 -19 -63125
-4 23 17 23 -67417
4 18 5 18 -56217
20 1 18 1 -63217
22 -7 16 -7 -70381
-20 15 -21 13 -60059
-7 24 -9 17 -66007
0 -17 -1 -15 -70601
23 1 24 -4 -58315
2 -19 0 -16 -72111
-10 13 -10 12 -58071
-10 1 -9 1 -57827
-15 -4 -18 -5 -64171
2 -1 -6 -5 -85057
-1 -2 -2 -3 -67897
19 -22 19 -19 -59055
1 -1 16 -3 -79357
-18 24 -24 22 -56131
-22 -12 -24 -7 -62927
-23 -5 -24 -2 -61893
10 21 10 16 -56897
19 -4 19 -3 -64733
24 -4 24 -8 -57825
14 8 13 11 -66567
16 -1 16 0 -60843
-21 15 -16 13 -67435
4 -21 5 -23 -56381
-16 -16 -18 -15 -64117
-18 4 -14 6 -71131
-9 -20 -10 -20 -56627
-13 21 -19 19 -58599
0 14 0 13 -53393
-6 -16 -3 -15 -58159
-22 -16 -22 -24 -59511
3 24 6 23 -52571
0 20 -7 19 -72725
22 2 23 0 -53381
23 21 24 15 -55305
3 -4 4 -4 -65933
22 -24 24 0 -62689
18 -14 15 -16 -67743
6 22 7 24 -44291
-8 9 -5 10 -66931
-24 0 -18 3 -62715
-24 -7 -24 -8 -56247
-5 -19 -7 -18 -63853
15 16 17 15 -55749
-24 22 -24 12 -58385
3 -7 2 -11 -57813
8 17 9 17 -64297
21 6 20 8 -63663
-7 -15 -9 -18 -62905
11 -9 10 -9 -58727
12 -7 13 -8 -62775
-11 2 -10 3 -67369
24 -24 19 -22 -46173
-1 6 0 4 -66103
21 23 22 18 -58959
-12 9 -11 8 -67315
-13 -9 -13 -7 -54445
-1 -21 0 -24 -60083
17 24 19 20 -53453
-12 -19 -12 -18 -56173
1 6 -1 6 -66749
-14 9 -14 7 -70355
-24 16 -19 17 -65341
14 -2 14 0 -58215
21 4 23 4 -56063
20 13 21 16 -64257
19 -24 24 -24 -45643
16 -21 12 -22 -68779
-23 11 -21 13 -61803
4 22 2 19 -63809
-18 -3 -18 -1 -57811
14 21 22 22 -68395
-15 -7 -18 -6 -64011
-18 8 -19 7 -65453
-24 -11 -23 -17 -61637
0 -3 0 -7 -62249
-5 -3 -5 1 -70393
24 8 19 7 -60227
-23 -7 -20 -10 -68643
-18 1 -17 0 -63897
7 -1 7 -4 -55121
-3 22 -3 20 -56509
24 -10 20 -11 -59495
-24 20 -20 21 -62337
-24 9 -20 12 -61739
-23 5 -24 9 -49139
-18 -22 -19 -23 -58459
24 -4 22 -7 -64325
2 -1 -24 0 -72871
-18 24 -24 19 -65475
1 22 1 20 -63451
-19 -16 -19 -17 -51995
-14 20 -13 21 -59523
-12 -7 -15 -6 -61119
3 -7 4 -11 -59989
22 -6 19 -4 -72035
24 -17 24 22 -67059
15 24 14 24 -56767
4 22 4 19 -62625
-20 11 -22 15 -56341
15 -16 13 -14 -57275
-24 -21 -23 -24 -32705
-23 4 -23 0 -62907
3 24 0 24 -50695
8 22 15 24 -60969
7 2 7 3 -51521
-17 2 -17 4 -76017
0 19 0 17 -64935
8 3 5 4 -66003
-24 10 -19 6 -58987
-23 5 -22 6 -56305
11 13 13 13 -61955
-2 -10 0 -13 -67193
-11 20 -12 17 -61171
2 -1 0 -1 -68155
20 -7 20 -6 -63023
-8 -7 -5 -6 -66717
15 23 15 20 -51223
-6 -10 -5 -7 -64461
-18 21 -18 24 -48257
-22 -13 -22 -12 -57525
-21 -1 -21 -4 -66011
-1 -16 0 -15 -67147
6 11 8 12 -68111
14 5 15 7 -67723
8 0 8 -2 -53673
-8 -20 -8 -16 -61383
-6 -6 -3 -6 -71343
-18 10 -17 9 -57773
18 19 16 22 -63069
14 14 11 17 -65233
19 18 22 19 -66109
-4 -22 1 -23 -68479
18 -11 16 -13 -68197
-7 22 -11 23 -55613
-19 18 -20 17 -70155
-21 -1 -24 -3 -61629
-19 18 -21 21 -71441
-7 -21 -8 -19 -61729
-17 16 -20 18 -65681
9 -8 7 -8 -59983
-10 6 -10 7 -74313
