22 1 23 3 -56297
23 15 23 18 -59415
24 8 -19 9 -70973
9 23 10 21 -56149
3 -20 1 -21 -58153
21 -20 22 -23 -40831
13 -8 15 -7 -60081
19 10 19 7 -58841
17 3 18 0 -61323
-14 23 -17 24 -44639
15 -16 15 -19 -58159
1 11 2 9 -59563
2 -14 4 -14 -66653
-24 -24 -14 -21 -71093
-19 -4 -23 -6 -68109
1 4 0 4 -70199
-6 -2 -5 -3 -67731
-2 -7 0 -7 -65819
10 -17 7 -19 -70117
8 -13 2 -15 -76181
11 -3 13 -3 -62329
3 -21 -3 -23 -60311
16 -3 15 -4 -56155
-24 1 -24 0 -56271
-11 -2 -12 -2 -62131
-5 6 -3 15 -81939
-9 -24 -14 -23 -56105
5 16 4 15 -65209
5 -24 -21 -24 -64691
5 6 5 7 -51627
19 4 -24 -2 -72269
4 3 6 1 -67087
-11 10 -9 9 -59629
-16 8 -6 0 -87207
2 21 -12 9 -89893
-24 -4 -24 -9 -58009
10 -22 10 -24 -37035
-3 15 -4 19 -65543
8 -22 6 -20 -64315
-6 -22 -9 -23 -59121
4 -7 2 -7 -62607
2 -15 2 13 -81099
11 3 10 3 -62505
-7 -8 -8 -10 -65965
24 -24 5 0 -66027
2 15 1 14 -62877
6 5 2 6 -67237
-9 -10 -14 -10 -67173
-23 -9 23 -13 -68873
4 -18 4 -16 -64333
-21 -11 -23 -17 -63109
-23 -2 -21 -4 -67291
-3 23 -6 24 -62777
4 3 5 0 -69591
4 17 4 14 -62451
-19 -24 -14 -21 -68619
-9 -2 -10 -4 -60007
14 -3 15 -4 -64199
16 -24 18 -16 -68727
-3 18 -4 16 -64405
-14 9 -13 9 -57335
22 15 24 10 -56265
-22 0 -23 1 -66817
24 -8 22 -14 -58493
-16 -5 -16 -3 -49763
-19 24 -5 24 -59471
8 10 7 10 -65233
-18 -19 -19 -23 -63707
22 9 24 10 -52745
-24 -21 -23 -13 -56481
-3 -22 -3 -19 -61761
12 -22 13 -21 -70295
-2 -3 -3 -1 -70939
-23 24 1 24 -62533
13 -24 16 -21 -64567
24 -22 22 -13 -55971
23 -9 20 -13 -64349
24 12 19 13 -62677
10 11 10 10 -52115
17 -2 18 -2 -60567
23 -8 24 -14 -48311
0 -13 1 -13 -64545
24 4 21 7 -56425
3 -12 3 -15 -61943
-24 11 -24 14 -44075
-7 -11 -7 -15 -62061
-4 -22 -2 -21 -54267
24 -15 24 -4 -57559
1 21 -3 24 -56989
-9 5 -9 4 -65313
12 -21 13 -19 -69393
-6 15 -4 14 -62933
-24 -13 -24 -5 -62793
3 -12 4 -11 -71207
16 -7 16 -9 -60083
-15 20 -10 22 -59305
5 -19 4 -23 -64623
15 22 16 24 -41825
0 -3 2 -4 -61393
15 -18 18 -24 -64331
-10 24 -9 23 -44185
7 -14 10 -14 -73813
10 -15 7 -13 -71845
24 -22 23 -22 -40503
23 -23 -6 -23 -61643
23 22 22 19 -54717
13 0 12 2 -64167
18 -15 18 -19 -60245
-15 -24 -18 -19 -64595
12 -24 18 -24 -57487
-11 15 -10 14 -60481
-20 -14 -24 -24 -68171
-21 23 -19 22 -61753
-12 9 -12 8 -63017
-20 1 -19 0 -72177
3 -3 1 -6 -66045
-23 -3 -24 0 -66327
-14 -21 -12 -24 -48937
8 -10 9 -9 -69475
2 19 -2 18 -65489
1 -17 2 -14 -68379
-5 -10 -5 -11 -60901
-24 16 -23 24 -69671
-24 21 -24 20 -53913
-5 3 -5 1 -62153
23 -13 19 -10 -62651
-1 12 -2 11 -63929
18 22 24 24 -39791
-19 10 -19 12 -55277
-18 17 -18 16 -62807
11 -19 8 -24 -67723
-21 -17 -20 -21 -58087
11 12 9 12 -68235
24 -3 21 -5 -70331
13 20 13 18 -56619
9 -13 12 -18 -71291
10 -13 10 -9 -59263
-20 -6 -21 -8 -62867
24 -17 19 -15 -59729
-3 -17 -2 -14 -63447
22 -2 22 -4 -65159
-11 19 -12 23 -54541
9 15 8 12 -56393
-20 -12 -23 -12 -64603
-20 -8 -20 -13 -63943
12 24 18 23 -61863
2 23 3 23 -55889
-2 -1 -3 0 -66037
24 8 24 0 -49793
-4 -10 4 6 -93113
17 -3 18 -4 -68573
12 21 10 24 -54605
-13 9 -16 11 -64541
-9 -5 -10 -2 -64555
-1 19 0 21 -71335
22 -18 24 -18 -48873
13 2 14 2 -68371
-15 -15 -13 -13 -56141
23 0 24 21 -63181
-6 3 -4 4 -58751
6 11 6 10 -52879
-14 -18 -16 -18 -62375
-12 -10 -12 -15 -58659
21 16 21 20 -67765
12 8 9 8 -70599
-22 -22 -18 -24 -61295
-17 8 -15 10 -60833
-22 17 -23 18 -59915
8 24 7 24 -47945
-24 17 -22 24 -68405
-15 -13 -13 -15 -60367
-11 16 -11 15 -60561
-24 -23 -21 -24 -42571
8 -23 12 -24 -61419
13 21 11 19 -61327
17 24 -23 19 -63665
6 -12 6 -11 -62141
-21 7 -24 2 -65071
23 9 23 10 -58863
-4 -5 -4 -4 -64333
20 11 19 10 -66927
-1 -23 -1 -24 -39357
19 -16 -10 -22 -73707
8 -22 9 -22 -63285
-15 9 -14 14 -66357
-24 -24 -19 -19 -58541
-5 -8 -11 9 -93357
10 -15 11 -13 -61317
-4 16 -4 14 -59059
-12 -15 -11 -18 -61397
3 11 2 10 -60691
-9 -13 -6 -11 -65279
0 0 0 -2 -60291
-9 2 -10 4 -72021
14 -24 13 -23 -42615
-8 16 -11 18 -62031
5 -21 6 -20 -62431
-17 -15 -16 -11 -56641
-14 15 -14 12 -66841
12 19 11 18 -60501
-7 10 -5 12 -69909
-23 2 -24 6 -54187
0 -13 -1 -12 -65147
24 1 23 0 -51159
10 2 13 5 -69811
24 23 -8 21 -62783
19 -8 18 -7 -70779
6 21 5 23 -56289
-9 -6 -8 -7 -66167
23 11 20 14 -64251
-24 23 -22 22 -35725
-17 -5 -17 -8 -58175
0 9 2 10 -61155
-21 -16 -23 -12 -68885
-1 -23 5 -24 -54217
-12 18 -11 23 -63567
-3 12 -3 10 -64501
23 19 23 22 -56307
21 -5 22 -7 -70319
-9 24 -2 23 -72437
0 -13 10 -8 -86261
-6 -22 -5 -23 -56293
-19 -16 -18 -16 -62009
-15 -22 -14 -19 -58519
20 19 21 20 -68119
9 -22 13 -23 -64135
10 -5 10 -6 -50567
4 0 3 -1 -65513
0 4 -2 5 -61129
22 -8 23 -9 -54939
21 9 22 11 -70015
-1 22 0 22 -57991
-1 -2 -2 -2 -63075
4 -23 10 -24 -60999
9 -23 8 -17 -65805
14 8 17 6 -64537
-14 0 -17 0 -58547
20 -20 16 -23 -57685
-16 18 -15 16 -66899
23 -20 13 -21 -66433
-10 -23 -14 -24 -60269
17 12 17 14 -56353
-22 6 -20 4 -62051
-17 18 -17 19 -63613
-4 22 -6 22 -67901
-9 0 -9 -1 -61709
15 -10 17 -10 -64281
-8 -1 -7 2 -65579
7 21 9 22 -59235
-21 -6 -19 -6 -61765
24 17 22 12 -57879
-24 -18 -19 -17 -67407
9 18 11 18 -64195
24 -4 23 -4 -47913
9 -17 8 -13 -64459
18 -19 16 -18 -65645
21 15 15 12 -68319
15 10 13 9 -58363
15 -4 15 -8 -62723
-9 21 -7 22 -55825
-1 -12 0 -11 -65619
-20 -12 -23 -13 -61627
3 7 0 -15 -88731
2 -19 1 -23 -63455
6 17 7 14 -59049
12 16 12 13 -51607
6 -22 3 -22 -57075
22 -17 21 -19 -58685
-18 2 -16 2 -58491
-15 14 -14 14 -62829
-6 6 -9 8 -74461
13 8 12 4 -66183
-3 -10 -1 -10 -62759
24 6 24 13 -58951
-6 8 -6 9 -68815
-22 15 -23 20 -64595
-5 -8 -12 -10 -72995
8 -8 9 -6 -61703
-19 4 -19 1 -71411
13 3 12 6 -60045
-8 6 -8 7 -70835
-3 8 -6 11 -70231
13 3 13 2 -57743
2 4 2 3 -54839
23 -13 23 -21 -56599
3 23 3 24 -35295
-11 -24 -2 -24 -59307
-20 24 -19 21 -70727
16 6 19 6 -59837
-14 4 -13 6 -65885
17 11 19 10 -62499
-22 -16 -23 -16 -54995
-8 -5 14 8 -87007
22 2 22 6 -51023
24 -20 21 -23 -48415
13 -15 11 -15 -63071
7 -1 9 -2 -64985
1 17 2 14 -61539
-24 -12 -24 13 -61729
-7 -19 -8 -23 -66705
0 -19 -23 -21 -74303
-2 12 -3 12 -56827
-17 4 -17 6 -62345
-8 -19 -11 -24 -65483
-18 -11 -19 -10 -63911
-24 23 23 23 -57513
-13 -12 -11 -10 -58175
-5 21 -3 24 -59067
10 -20 8 -15 -70691
15 13 15 7 -63275
18 -14 17 -14 -67073
-1 16 -4 18 -65885
-4 19 -10 24 -68627
-7 -24 -5 -20 -60359
-24 5 -23 14 -51279
16 1 19 4 -64183
4 9 6 9 -62265
-9 1 -8 0 -66349
-9 -4 -9 -6 -59865
20 18 18 17 -68335
-4 5 -5 2 -65015
3 -4 3 -5 -59255
-3 -22 -2 -23 -61669
-20 -23 -22 -23 -57457
-11 14 -12 12 -66851
9 6 9 7 -52891
-5 -11 -6 -8 -68125
-12 -22 -15 -23 -63271
-22 2 -24 -5 -65809
0 6 -3 4 -68981
-3 8 -3 9 -64479
-9 -14 -9 -15 -58655
9 1 8 0 -61939
-5 -8 -6 -7 -70933
24 19 20 21 -43091
-10 10 -9 11 -61435
12 -6 7 -3 -70417
-18 -21 -17 -22 -61351
-11 -20 -11 -24 -53019
-3 21 -2 22 -66551
-14 -17 -14 -16 -54727
-19 21 -20 24 -71215
5 8 2 11 -64435
-1 2 0 4 -63111
-14 1 -14 2 -62405
-13 15 -18 15 -66537
-1 -20 0 -21 -68551
18 14 18 16 -57653
24 10 -24 -17 -66681
23 -5 24 1 -63553
-3 -24 -23 -24 -68449
-9 -15 -11 -15 -59783
8 -12 7 -15 -67479
14 22 17 21 -61667
16 -14 17 -11 -58407
24 -5 20 -6 -68217
-16 -22 -15 -22 -62725
-12 -7 -11 -9 -61567
11 20 -17 23 -68877
11 -10 11 -8 -56781
-12 1 -13 -1 -61715
-24 -2 -23 -2 -44331
-23 -17 -24 -15 -51693
20 -20 19 -19 -58697
4 -11 5 -12 -61537
24 -13 21 -17 -56713
16 -18 13 -17 -66349
0 -17 0 -19 -64823
-4 23 17 23 -65499
4 18 5 18 -55663
20 1 18 1 -60653
22 -7 16 -7 -70531
-20 15 -21 13 -57199
-7 24 -9 17 -61203
0 -17 -1 -15 -66315
23 1 24 -4 -57135
2 -19 0 -16 -71305
-10 13 -10 12 -60169
-10 1 -9 1 -60079
-15 -4 -18 -5 -59689
-19 -10 -20 -6 -67239
-1 -2 -2 -3 -61683
19 -22 19 -19 -57031
14 5 13 5 -70045
-18 24 -24 22 -57429
-22 -12 -24 -7 -61901
-23 -5 -24 -2 -62541
10 21 10 16 -56815
19 -4 19 -3 -63807
24 -4 24 -8 -57133
14 8 13 11 -60349
16 -1 16 0 -61369
-21 15 -16 13 -67191
4 -21 5 -23 -57611
-16 -16 -18 -15 -63591
5 -4 13 0 -75605
-9 -20 -10 -20 -57715
-13 21 -19 19 -59095
0 14 0 13 -56873
-6 -16 -3 -15 -59431
-22 -16 -22 -24 -59591
3 24 6 23 -53417
5 -2 5 4 -73205
22 2 23 0 -53567
23 21 24 15 -63253
-22 -6 -4 -1 -76931
22 -24 24 0 -62297
18 -14 15 -16 -69223
6 22 7 24 -44519
-8 9 -5 10 -66461
-24 0 -18 3 -64851
-24 -7 -24 -8 -56611
-5 -19 -7 -18 -60119
15 16 17 15 -55063
-24 22 -24 12 -58959
3 -7 2 -11 -65897
8 17 9 17 -62847
21 6 20 8 -58881
-7 -15 -9 -18 -64651
11 -9 10 -9 -61761
12 -7 13 -8 -64381
-11 2 -10 3 -62131
24 -24 19 -22 -45947
-14 12 -14 21 -76397
21 23 22 18 -59757
0 0 4 2 -70801
-13 -9 -13 -7 -54647
-1 -21 0 -24 -59655
17 24 19 20 -53161
-12 -19 -12 -18 -56217
1 6 -1 6 -69337
-14 9 -14 7 -62097
-24 16 -19 17 -63755
14 -2 14 0 -58287
21 4 23 4 -59605
20 13 21 16 -67479
19 -24 24 -24 -46609
16 -21 12 -22 -71271
-23 11 -21 13 -61597
4 22 2 19 -65991
-18 -3 -18 -1 -56763
14 21 22 22 -65565
-15 -7 -18 -6 -63499
-18 8 -19 7 -59137
-24 -11 -23 -17 -61843
0 -3 0 -7 -63795
-5 -3 -5 1 -69931
24 8 19 7 -63917
-5 -5 -2 -10 -75387
-18 1 -17 0 -66947
7 -1 7 -4 -56447
-3 22 -3 20 -57873
24 -10 20 -11 -61949
-24 20 -20 21 -62439
-24 9 -20 12 -61493
-23 5 -24 9 -46393
-18 -22 -19 -23 -59175
24 -4 22 -7 -67265
2 1 -24 6 -72615
-18 24 -24 19 -67657
1 22 1 20 -66525
-19 -16 -19 -17 -51597
-14 20 -13 21 -60963
-12 -7 -15 -6 -61549
3 -7 4 -11 -61647
22 -6 19 -4 -72305
24 -17 24 22 -64635
15 24 14 24 -53045
4 22 4 19 -63295
-20 11 -22 15 -58225
15 -16 13 -14 -61025
-24 -21 -23 -24 -33357
-23 4 -23 0 -63005
3 24 0 24 -54377
8 22 15 24 -56299
7 2 7 3 -60623
-17 2 -17 4 -71031
0 19 0 17 -63847
8 3 5 4 -66859
-24 10 -19 6 -59533
-23 5 -22 6 -55515
11 13 13 13 -62893
-2 -10 0 -13 -67741
-11 20 -12 17 -65363
2 -1 0 -1 -67143
20 -7 20 -6 -63327
-8 -7 -5 -6 -65415
15 23 15 20 -52021
-6 -10 -5 -7 -66277
-18 21 -18 24 -51231
-22 -13 -22 -12 -59403
-21 -1 -21 -4 -65325
-1 -16 0 -15 -67855
6 11 8 12 -66463
14 5 15 7 -61253
8 0 8 -2 -58121
-8 -20 -8 -16 -61131
-6 -6 -3 -6 -64109
-18 10 -17 9 -59517
18 19 16 22 -62343
14 14 11 17 -65755
19 18 22 19 -66595
-4 -22 1 -23 -61445
18 -11 16 -13 -68001
-7 22 -11 23 -59733
-19 18 -20 17 -67581
-21 -1 -24 -3 -61493
-19 18 -21 21 -72809
-7 -21 -8 -19 -60691
-17 16 -20 18 -65545
9 -8 7 -8 -66045
-10 6 -10 7 -70195
