1 3 -1 7 -91883
8 -14 24 1 -103575
-20 20 -21 23 -40153
-4 -12 -10 -22 -93015
20 18 3 21 -87761
24 -11 10 -20 -77961
8 -2 4 2 -100679
8 -11 5 -15 -88705
-11 11 -14 14 -93785
6 -12 8 -10 -88423
13 0 23 9 -99503
6 3 6 5 -84167
-17 22 -12 17 -94257
-17 6 -13 1 -113701
7 14 5 8 -89021
14 -5 13 -10 -84409
-2 -6 -3 -11 -100799
-8 19 -8 18 -88111
22 -6 16 -3 -82979
5 8 10 6 -97419
9 4 11 5 -75401
17 -2 16 -13 -86987
-4 13 -3 22 -90867
3 -17 5 -7 -106265
12 0 19 -3 -91323
-1 -17 6 -20 -74927
8 10 -1 14 -108337
-1 9 -2 18 -89951
-14 -12 -16 -10 -72029
-5 -14 -4 -24 -60701
1 -12 2 -12 -82533
-10 24 -13 19 -82061
-14 5 -5 21 -135905
-7 24 -5 15 -101611
23 7 22 -13 -75073
-1 24 -4 22 -57925
-11 15 -12 8 -105787
17 2 14 -2 -78065
11 -23 -5 -5 -107693
-17 15 -16 11 -88143
-16 23 -23 14 -90271
9 0 13 9 -98703
10 22 15 2 -104627
-19 -13 -4 -24 -91889
-9 5 -13 3 -95439
-10 -22 -9 -10 -81933
-13 -5 -14 0 -70215
-9 -10 -12 -15 -76687
-6 22 -11 21 -86859
-18 9 24 14 -90605
-16 24 -16 21 -38673
-7 1 -3 2 -98739
-24 17 -13 3 -121733
17 7 24 24 -67579
19 13 6 17 -90849
-20 21 -17 13 -102351
22 3 21 -5 -56781
-1 -16 5 -24 -60969
24 23 2 5 -90739
6 -5 9 -7 -94225
-1 7 0 12 -94549
4 15 1 10 -88647
21 -14 4 -21 -99357
-8 1 -12 10 -98817
-14 17 -21 22 -95957
-5 -6 -10 -4 -97987
8 -13 -22 -18 -92789
17 1 13 7 -100361
2 11 4 13 -85297
17 -23 8 1 -94825
-1 -6 -5 -6 -88847
-9 20 -14 20 -102863
24 23 9 2 -93497
-19 1 -15 5 -98073
-1 -1 1 2 -84915
10 -7 6 -11 -95185
-11 24 -22 3 -122731
-10 24 -11 1 -117219
-7 -8 -12 -10 -80587
-6 6 -23 0 -113745
17 -20 7 -18 -67773
-9 19 -6 16 -104463
-12 22 -14 18 -94201
5 -23 14 -11 -86549
1 17 -8 24 -105695
2 -7 6 1 -105227
5 5 8 6 -95195
0 -8 0 -4 -101009
4 -2 6 -1 -95753
7 -2 8 6 -96867
-24 -8 -22 6 -79099
-8 20 -18 22 -106577
19 0 20 8 -71683
-10 6 -7 5 -90269
1 24 -2 16 -86907
-10 -3 -23 -23 -83459
0 -17 15 -21 -89297
13 -5 11 -8 -91537
4 24 1 19 -63713
23 11 15 0 -91127
-24 14 -16 16 -102043
-4 -24 -10 -18 -50265
-2 -23 -1 -11 -79485
-24 14 -18 15 -89265
13 24 13 5 -89285
-17 16 -21 20 -99031
-7 0 -1 -1 -98949
2 2 3 5 -93921
-15 13 -14 17 -93357
-21 6 -17 11 -107397
-14 -23 -19 -13 -79487
19 18 18 19 -40413
6 -11 13 -10 -97987
7 4 5 4 -95765
-24 21 -21 23 -39457
7 10 8 3 -85061
-6 18 4 16 -98275
-12 -5 -13 -12 -87679
-24 24 -15 22 -56785
8 -6 7 -14 -91701
9 1 12 11 -95479
-14 -15 -23 6 -104589
-13 -23 -7 -13 -78035
8 19 1 19 -78205
-5 3 -5 1 -81103
5 -8 12 -9 -103513
14 2 7 8 -101329
0 8 2 8 -87839
1 -9 0 -18 -97591
-5 20 -5 17 -90085
18 10 6 24 -88033
13 15 24 2 -98557
-21 15 -23 7 -79455
-6 -3 -5 -16 -107487
10 -13 22 -15 -83007
-11 0 -16 3 -105257
-23 -13 0 -14 -100129
9 15 3 19 -76621
21 10 8 -24 -94035
23 -22 2 16 -102977
-8 4 -9 0 -85227
-12 17 -13 14 -94181
-12 -14 -3 -10 -95245
-17 23 -2 22 -94507
-11 -3 -14 6 -102007
-2 2 -1 5 -86343
23 -8 11 -8 -93511
-22 9 -21 8 -93753
4 17 -11 17 -103261
-2 15 22 22 -94775
-19 13 -5 14 -127765
4 -22 0 -7 -105813
-12 18 -17 16 -106393
-9 -5 -10 -2 -78785
0 -9 -2 -7 -90745
0 5 2 5 -88755
-4 -13 -24 -11 -96947
2 -18 0 -20 -62513
-1 4 2 6 -95361
-16 1 -12 8 -102743
-13 0 -10 19 -128907
8 -8 9 -9 -84065
19 4 23 -22 -72341
-17 -5 -19 11 -106807
0 0 0 5 -90921
-17 4 -15 1 -106841
1 -13 2 -7 -100801
-15 9 -24 9 -108185
19 -10 6 -6 -107073
-21 7 -23 21 -99275
7 -5 12 1 -102349
-11 -16 -14 -2 -104127
15 12 24 -1 -94989
-8 -20 3 -13 -99567
24 -8 14 0 -102041
-12 6 -11 9 -91313
4 -1 -3 -24 -98227
-10 -23 -6 -14 -77907
0 -12 4 -24 -77901
5 -14 24 -10 -104507
-21 -6 -11 -11 -98351
24 -12 -4 -7 -105177
22 15 21 4 -83729
-20 -1 -17 -11 -82849
-14 0 -5 0 -103859
-20 9 -20 11 -83895
-13 9 -7 11 -114967
10 17 -4 20 -98135
7 19 10 7 -90135
18 22 0 21 -88241
1 -13 0 -6 -103975
-21 -7 -14 6 -107349
7 24 -8 21 -83681
-19 13 -9 15 -123517
-18 -1 -14 -1 -97875
6 -10 -2 -11 -101037
-23 7 -24 -5 -79851
9 -24 5 -5 -91819
14 -13 10 24 -98457
-23 24 -16 1 -112065
-2 8 -23 -18 -98917
-14 24 2 -9 -121073
-11 -4 -8 2 -92397
-19 -2 -18 -3 -71597
22 -3 20 -5 -40813
21 7 20 15 -75625
11 -1 11 3 -75265
5 -13 14 -21 -90991
1 -13 -1 -10 -88251
20 3 22 20 -93735
-2 24 -4 24 -58283
-4 3 -7 0 -95377
-11 18 -15 17 -109775
12 6 24 -16 -103411
15 -22 17 -8 -52527
7 -3 13 -19 -102135
3 9 6 24 -89825
10 -14 4 -9 -104027
12 23 9 4 -103265
-22 12 -19 7 -109957
3 7 23 -24 -95657
13 23 23 15 -57365
1 0 2 -2 -82707
0 19 3 22 -72325
0 6 -1 12 -102525
8 0 14 -2 -87871
-11 9 -9 10 -105813
-12 -4 -7 -6 -92779
-2 0 -2 -5 -94083
-9 -10 -7 -14 -77423
-10 -15 -14 -15 -65881
17 24 7 -14 -104435
-5 -5 -4 -10 -93745
-24 9 -20 0 -91169
-1 -15 1 -13 -81889
5 -10 6 -15 -87075
-18 21 -18 16 -81855
-17 24 -18 -23 -91873
-16 15 -12 23 -107905
-7 -21 -13 -15 -68773
-6 -11 10 -20 -105899
16 3 19 3 -69175
-21 -17 -23 -4 -69087
17 10 20 13 -60637
-19 3 -7 2 -117999
16 12 7 8 -86603
-18 -14 -23 -2 -83543
0 -6 -4 2 -97979
-2 6 1 9 -98261
-12 2 -14 -4 -89107
-24 24 -21 2 -95525
-15 6 -9 8 -105133
3 -21 9 -12 -83317
-3 17 -7 13 -86545
9 9 15 7 -84093
-5 8 24 6 -96665
-12 5 -13 1 -89167
3 4 0 6 -86351
-10 24 -11 20 -59587
-12 12 -13 7 -101603
-1 -12 0 -11 -84815
-2 -16 -19 -20 -84739
-13 -17 4 -19 -96337
13 -5 14 -1 -79335
-16 -2 -21 -5 -79663
-14 -3 -13 2 -85659
-7 -24 13 -16 -88911
-9 -2 -7 1 -92253
-3 -22 3 -18 -75693
8 9 19 19 -95533
0 10 -6 9 -103193
-20 7 -23 8 -81535
-12 1 -13 1 -90335
12 1 24 9 -94247
11 -16 12 -20 -38235
10 17 4 12 -87333
0 -19 -5 -23 -59787
-7 -5 -6 -3 -85393
17 0 14 4 -91469
-23 -1 -11 19 -123997
15 -21 6 -12 -90527
-1 -2 -1 -6 -96065
-1 7 -5 8 -96135
-15 1 -11 2 -99473
-4 3 -2 -2 -96625
1 -17 0 -17 -71921
-11 -21 18 -12 -98557
3 9 7 14 -97023
-4 -7 -6 -9 -88531
-7 -24 7 -15 -92343
-7 20 -12 22 -95729
21 -15 14 -2 -99081
24 20 18 8 -67949
23 -7 22 1 -61847
19 -23 -1 -4 -101921
-24 9 -17 13 -98411
-16 -11 -18 -15 -51939
-4 19 0 1 -121361
-23 -13 -21 -22 -44683
9 -8 4 -5 -102951
-13 -8 -16 -6 -79153
-7 5 -5 7 -98887
6 10 9 8 -91135
5 -5 -3 -5 -102511
3 -6 4 5 -102407
7 0 6 3 -84461
2 -11 0 -16 -91403
-21 14 -14 14 -103891
-6 14 -22 11 -128971
-2 14 3 5 -116261
10 -14 6 -12 -87993
17 6 17 9 -61519
18 -3 22 -8 -79513
7 -20 19 -8 -97193
-24 19 -2 16 -105143
-15 15 -16 12 -88867
0 17 -3 18 -81229
11 -6 10 2 -84337
-9 3 -9 16 -113083
-17 8 -8 19 -135751
20 -16 3 -20 -98699
11 -4 10 -9 -89661
-11 1 -13 -22 -102697
-23 -5 -21 12 -95191
-21 12 -18 9 -109025
6 -13 7 -14 -81057
-5 -11 -6 -8 -87271
-9 7 -4 9 -116411
-22 10 -19 0 -103207
16 9 13 10 -71225
10 23 8 14 -55743
2 13 6 12 -89213
-24 13 -18 9 -105521
-20 0 -21 8 -88313
-14 -3 -19 -17 -96193
0 8 9 9 -103235
-22 0 -20 24 -100951
-3 12 -20 23 -118379
-9 -17 2 -17 -91395
24 -24 11 -9 -59823
2 10 14 15 -101395
1 -8 4 -3 -95739
-3 14 -10 4 -137037
-19 -16 20 -5 -96035
-23 18 -24 10 -63523
13 17 -10 23 -98859
23 0 14 10 -101659
-5 9 -7 12 -84649
6 4 6 -10 -106709
17 -15 -1 -22 -97997
-1 22 -8 1 -118099
8 -14 9 0 -107443
5 19 19 17 -86215
-22 10 24 -17 -99551
-2 -3 4 -1 -97009
-2 17 -5 21 -99997
-15 -1 -24 0 -84281
16 2 22 -9 -100479
-1 -13 2 -16 -86341
-20 -14 -17 -22 -67803
2 20 3 12 -72319
8 9 -20 9 -110537
-5 12 1 12 -97577
22 6 -23 -3 -96727
23 -2 21 21 -93105
-5 7 -5 10 -91893
19 6 14 12 -86369
7 -6 11 -2 -100895
-22 0 -17 -2 -80127
20 -4 17 -9 -72119
-7 0 -6 -2 -88341
0 19 -7 23 -94031
-5 -10 -20 -21 -88389
21 21 22 -3 -93953
-12 6 -23 9 -113701
20 15 24 8 -54107
17 7 17 1 -73695
-6 13 -1 13 -95367
-10 -21 -11 12 -101479
-17 4 -15 2 -108405
-2 -8 6 -6 -104573
-1 12 1 10 -88519
-24 3 -21 7 -52633
21 -12 8 -9 -107041
-18 15 -19 3 -108759
23 -18 18 -3 -68523
0 -8 0 -13 -98427
12 8 17 3 -99125
-16 20 -11 22 -94901
-7 -17 -18 -10 -103647
16 16 11 8 -81933
13 -2 7 -20 -107855
16 -9 14 -11 -62929
-15 17 -12 17 -104365
-11 -5 -9 -18 -98189
19 6 5 2 -103447
-24 -7 -23 6 -78589
-13 9 -20 6 -111405
10 -8 -24 -8 -102063
-15 7 -17 13 -101857
17 -17 24 -6 -54155
-15 -11 -17 -7 -76461
-12 -6 -13 -9 -78893
-20 7 -18 10 -97889
-8 22 -10 21 -78669
-12 12 -1 0 -128413
-7 -23 -15 -9 -93793
-10 21 -4 12 -118827
-11 -19 -20 -12 -95065
-8 9 -5 10 -107063
10 22 7 6 -100861
-13 22 -21 21 -81599
-9 -7 -22 -6 -100953
13 -5 21 6 -99413
1 -18 -6 -11 -97569
7 -14 13 -10 -92781
8 1 13 -4 -89083
-18 -4 -18 8 -98765
17 -3 15 -9 -89059
-6 -3 -4 -1 -95533
-1 10 0 11 -81995
-14 8 -14 10 -84971
-21 0 -20 -14 -82121
1 14 11 21 -99103
-6 -7 -10 -2 -101209
-24 -20 -15 -8 -53451
15 24 -12 4 -105567
-5 15 -10 16 -95503
-3 9 -4 8 -95345
-18 11 -24 12 -96453
-17 14 -20 13 -97803
-12 -20 -22 -12 -91825
21 -5 13 0 -98109
3 -5 -1 -2 -96029
4 -1 8 1 -101941
-11 22 -9 17 -100191
17 10 21 19 -68947
-11 21 -9 17 -104209
-15 1 -17 2 -105811
-11 6 -4 0 -117275
18 0 16 3 -77273
-10 7 -5 11 -125105
-21 20 9 15 -97871
-11 -4 -12 -7 -75513
0 -10 5 -8 -95693
18 -2 17 -5 -71879
-21 -6 -23 -17 -51031
-7 3 -6 1 -95433
-8 19 0 0 -131133
-12 18 -12 17 -80755
-23 -14 -20 -19 -44679
-1 -4 0 -1 -91093
-11 12 -13 17 -95165
8 -8 8 24 -102695
-20 -17 -18 -22 -49601
-22 20 -18 14 -99027
5 -3 4 -4 -88671
-24 21 -20 11 -86531
23 -10 18 -9 -45791
-5 -18 -11 -20 -65985
-24 24 -23 24 -19985
1 -11 -6 -9 -98701
20 6 23 12 -59609
22 14 20 19 -41271
10 0 10 8 -91049
6 8 6 12 -77847
2 5 -3 6 -92677
0 7 1 -23 -100923
24 -16 -20 -9 -93615
17 19 22 2 -100639
-9 -13 -4 -9 -85585
-1 23 -2 18 -78551
-2 16 -12 5 -139879
13 -3 10 -6 -94793
-13 -10 -10 -11 -76375
0 19 17 21 -97863
0 -18 -13 -13 -98625
-22 5 -24 12 -83281
5 7 6 -1 -98569
4 12 10 6 -103957
-4 -10 -8 -8 -88697
-5 23 -7 17 -81817
2 -9 2 -3 -101723
8 -9 24 -13 -103357
3 -1 2 -1 -88459
3 8 3 9 -77841
23 -3 -1 -19 -101961
14 -19 1 -24 -70793
-6 -10 -5 -7 -89891
-17 19 -17 21 -69307
8 15 19 10 -91127
-6 16 16 23 -98019
-5 6 -5 8 -87793
-1 17 0 23 -81587
-21 -20 -10 1 -104133
-11 -9 -13 -20 -81443
-5 -8 0 -9 -94941
4 13 1 17 -80675
-17 -15 -18 -2 -90519
-12 -16 19 -20 -91539
-19 23 -20 9 -98931
22 9 15 -15 -95549
-7 21 -12 21 -97841
-9 -5 -9 -8 -77019
-5 16 -4 11 -81557
-15 6 -19 5 -103479
7 -20 -23 -10 -101031
-15 19 -9 14 -113969
10 -3 18 0 -91971
-22 -6 -13 -1 -98051
-8 12 -7 16 -82737
7 -5 3 -3 -100551
