20 -15 22 -19 -55918
-17 -18 -22 -20 -78626
-20 20 -21 23 -62010
19 -11 20 -3 -74800
20 -6 24 -13 -58886
-20 -3 -19 -23 -88916
-16 -10 -21 -6 -90628
19 -11 19 -15 -61666
24 -8 20 -11 -63902
6 -12 8 -10 -66774
13 1 16 3 -72354
6 3 6 5 -68378
-8 -22 -3 -21 -76938
-22 17 -21 17 -65604
7 14 5 8 -63100
-3 16 -2 17 -64738
16 -3 15 -1 -60686
-8 19 -8 18 -60146
6 14 11 19 -66748
-19 -21 -2 21 -97960
9 4 11 5 -61074
13 8 14 3 -65262
-17 3 -15 8 -70104
-21 21 -24 15 -67906
-21 -8 -22 -4 -63924
23 -20 24 -24 -36466
-14 3 -13 1 -62740
-12 16 -16 15 -64564
-14 -12 -16 -10 -76350
-5 -14 -4 -24 -81138
1 -12 2 -12 -68674
12 -8 13 -6 -67172
15 -23 14 -22 -49802
16 -9 16 -6 -64614
-6 -9 -3 -10 -75238
-1 24 -4 22 -59470
-23 -24 21 -4 -80498
17 2 14 -2 -75480
4 18 0 13 -70502
-19 10 22 -10 -82770
16 -15 14 -13 -50192
-23 -12 -16 -3 -93706
4 12 8 10 -82456
-13 -21 -19 -21 -80720
23 -1 24 -4 -57486
-9 -20 -8 -10 -93580
-13 -5 -14 0 -81936
8 -13 9 -15 -61200
2 16 3 19 -64248
-16 -21 -15 -20 -67870
-16 24 -16 21 -48820
11 -24 6 -18 -68782
14 12 13 8 -56738
17 7 24 24 -70390
-11 -16 -9 -21 -85326
-15 12 -19 13 -67382
22 3 21 -5 -73490
8 -4 6 -6 -76588
14 -7 6 -14 -84006
-7 19 -11 17 -73092
-17 10 -24 8 -71540
-2 -15 0 -12 -85192
-19 -7 -8 -2 -93560
22 19 18 10 -71622
1 -5 3 -12 -81552
-10 5 -11 3 -66750
8 -8 10 -6 -73884
7 21 20 18 -75772
2 11 4 13 -63846
7 4 8 -3 -79806
-1 -6 -5 -6 -78750
8 -22 10 -20 -66680
-7 -24 8 -21 -74878
5 -7 8 -19 -78724
-1 -1 1 2 -70808
14 11 14 15 -61176
-24 24 -21 24 -55122
-19 8 -20 5 -63416
-17 -2 -18 -4 -81986
23 22 24 -4 -75628
-18 -7 -14 -5 -80510
24 -3 22 -2 -44540
-19 -4 -20 -11 -74708
0 -15 0 -16 -74560
0 -10 3 -11 -69788
3 4 2 7 -75956
5 5 8 6 -70028
-16 -18 -18 -20 -81056
4 -2 6 -1 -72520
7 -1 8 3 -74218
20 -22 24 -22 -54802
-15 -22 -20 -21 -76088
19 0 20 8 -70216
-10 6 -7 5 -66300
-1 19 -1 20 -63838
-16 -18 -23 -24 -63202
23 -24 10 -24 -55356
13 -16 11 -16 -56066
4 24 1 19 -60724
-11 19 -3 17 -77402
9 23 15 23 -45716
-4 -24 -10 -18 -74188
18 10 16 6 -64380
-24 14 -18 15 -70332
-24 -6 -20 -9 -59880
-21 23 -23 20 -64190
11 -18 -13 -14 -95554
2 2 3 5 -76566
-20 4 -18 3 -71964
2 -20 1 -24 -63906
-8 -20 -13 -16 -87676
19 18 18 19 -49296
20 -9 19 -11 -71456
-14 -9 -15 -5 -75936
-24 21 -21 23 -63284
17 0 20 0 -67510
-11 -5 -3 -7 -83772
-10 -17 -4 -14 -94226
-24 24 -15 22 -74202
14 -21 17 -21 -52686
-10 -23 -20 -22 -74846
6 -16 4 -17 -85980
-9 10 -7 9 -68592
-15 -10 2 -14 -101106
11 20 24 19 -67960
-9 -8 -10 -7 -64628
-10 19 -13 19 -66146
-20 5 -21 1 -67404
-6 -21 -8 -14 -93126
-11 8 -10 7 -66800
-24 -2 -21 0 -63420
18 -21 19 -24 -61744
4 -20 7 -18 -86072
-8 22 -5 21 -63738
0 -18 8 -16 -96452
-13 -16 -16 -23 -78486
10 -18 11 -23 -62208
-1 5 -24 -23 -86866
-5 -5 -3 -4 -78588
24 -3 -8 -4 -80862
7 4 -2 8 -93182
-1 3 -4 1 -75314
18 23 0 21 -59492
3 -2 3 -1 -58544
24 10 -18 14 -73032
-2 2 -1 5 -68242
-8 -6 -7 -6 -70100
23 -20 -19 -24 -70122
-1 24 -11 24 -67230
11 1 11 -3 -69310
-6 -8 -6 -4 -74690
2 -24 -1 -21 -55388
-19 -2 -22 -4 -84294
-24 7 -23 5 -56976
0 -9 -2 -7 -75246
0 5 2 5 -75216
17 -6 18 -2 -68006
2 -18 0 -20 -76534
9 24 14 17 -54878
8 12 10 18 -71308
-21 17 -23 24 -66160
-22 -18 -7 -5 -95674
-2 -12 -1 -13 -73264
2 -20 0 -23 -69022
-13 19 -13 17 -77320
23 -11 24 20 -74382
10 -1 9 -3 -70034
-9 22 -9 21 -59620
-1 2 -2 1 -73222
-21 -23 -23 -9 -95154
-1 -19 -24 -15 -93804
23 -10 24 -18 -60900
-14 2 -16 -5 -86356
-22 1 -21 0 -61768
-12 7 -13 1 -69634
-12 6 -11 9 -75332
-23 0 -23 2 -55742
-10 -23 -6 -14 -88830
20 -21 20 -24 -57606
-8 -1 -9 -4 -71294
1 16 0 18 -67832
18 -23 22 -22 -59504
-20 -1 -20 0 -64912
8 -19 8 -21 -64626
6 -23 10 -23 -59826
20 -2 19 -2 -61940
-24 -23 -20 -7 -80924
-10 -15 -14 -23 -82600
23 -4 24 11 -69686
13 -5 14 -3 -70138
20 -14 21 -14 -59806
-5 -4 -10 -18 -109572
-24 22 10 17 -75908
-14 24 -13 23 -50620
-8 -19 -13 -19 -73246
22 -4 20 -6 -69298
-15 -13 -8 14 -99580
-4 20 -4 22 -68344
24 -2 23 -7 -51104
-19 12 -19 11 -65374
-17 22 -16 20 -74564
22 0 24 13 -68168
-4 6 -5 7 -68264
-19 -2 -18 -3 -62936
22 -3 20 -5 -68712
21 7 20 15 -61684
11 -1 11 3 -70994
-12 12 -18 12 -68290
22 -13 23 -22 -50588
-15 19 -16 21 -73738
-2 24 -4 24 -50878
23 -10 22 -14 -66318
19 13 23 0 -70320
-23 -6 -23 -11 -57280
15 -21 9 -24 -61146
-12 -15 -21 -10 -107458
7 -22 8 -23 -53580
5 0 -15 -24 -94730
1 0 0 5 -76316
0 24 -2 21 -56864
-18 -6 -18 -4 -67710
13 23 23 15 -70402
1 -6 0 -7 -65804
0 19 3 22 -69920
-14 21 -14 14 -78968
1 19 0 21 -59742
-11 9 -9 10 -66532
4 -4 2 -6 -66824
3 18 9 17 -57734
12 -4 11 19 -84134
-10 -15 -14 -15 -66578
8 -4 11 -2 -72306
14 -17 15 -21 -53900
-24 -14 -22 -12 -48244
10 13 10 17 -68968
-7 -13 -8 -14 -82608
4 9 9 8 -77240
-23 17 -23 -9 -74154
-19 24 -10 23 -65676
2 -24 4 -1 -87024
20 -15 18 -15 -54974
16 3 19 3 -63396
-10 -2 -13 -2 -76124
17 10 20 13 -57210
-24 3 -24 10 -58330
0 18 2 17 -69784
-4 6 -1 -14 -94700
-21 24 5 21 -75332
24 -22 1 -24 -62086
-20 -18 -23 -18 -67508
-24 24 -21 2 -72132
-6 8 -5 8 -64810
20 -19 24 -24 -58128
20 -20 24 -17 -47212
9 9 15 7 -75250
10 8 11 6 -62620
18 21 -18 24 -70744
3 4 0 6 -82414
-10 24 -11 20 -58926
-6 -2 -2 -16 -108656
-1 -12 0 -11 -76682
-19 2 -22 0 -79076
20 -13 19 -15 -58980
-22 -12 -21 -13 -70328
-16 -2 -21 -5 -93894
-17 23 -22 24 -67652
-2 2 -1 0 -67674
-24 4 -18 2 -76978
-23 -1 -23 -3 -58740
17 -2 16 -2 -63982
-9 -6 -24 -3 -91924
-20 7 -23 8 -68852
-12 1 -13 1 -71338
0 -2 2 -5 -72138
12 -18 -20 -18 -90702
-12 -17 -12 0 -97872
0 -19 -5 -23 -80150
-1 12 -4 16 -76790
-18 -19 -19 -16 -77002
-20 -16 -23 -15 -77142
-12 10 -9 13 -71702
11 -5 22 -7 -69484
-10 7 -10 8 -67756
-21 17 -21 21 -68732
16 -22 16 -18 -52664
-9 13 -2 15 -78996
13 -6 14 -11 -66104
11 9 17 13 -67844
0 -13 -20 -19 -95354
-15 0 -14 2 -67286
-7 20 -12 22 -72938
20 23 21 -1 -77412
24 20 18 8 -74524
-5 -21 -9 -16 -92320
7 24 7 15 -53002
2 -18 1 -18 -70352
-24 -16 -22 -9 -58922
-19 8 -19 10 -64500
-23 -13 -21 -22 -90124
14 24 -11 22 -64182
-13 -7 -22 -3 -93290
-24 9 -23 10 -48332
6 15 9 13 -64146
20 -10 17 -2 -69286
-7 -10 -8 -12 -79636
7 0 6 3 -71214
16 12 18 24 -51830
-18 -14 -16 -16 -82368
18 -22 17 -24 -48506
-20 19 -18 24 -63276
24 -9 22 -12 -60812
17 6 17 9 -56846
5 5 4 3 -78404
16 8 -23 -5 -87330
6 -4 6 -6 -66480
19 7 13 11 -72012
-9 -21 -9 -18 -67564
-2 -15 -2 -19 -77690
-6 14 -2 11 -78680
2 -9 3 -5 -74732
0 -18 0 -24 -74474
13 -23 14 -24 -44238
7 -7 8 -11 -58674
-15 10 -13 13 -70922
-22 5 -20 2 -70504
6 -13 7 -14 -65886
-21 -12 -24 -24 -68492
-6 20 -7 24 -58364
-24 20 -19 17 -74562
16 9 13 10 -68904
10 23 8 14 -60262
9 -18 7 -18 -66464
-1 -11 17 -5 -89454
-24 16 -23 11 -54772
-3 24 -24 24 -67140
8 8 24 9 -70698
-10 24 -12 24 -55212
-23 -16 -20 -19 -83614
4 3 6 2 -69098
-2 -19 -7 -22 -87716
1 -11 1 -14 -80090
0 -13 0 -16 -81600
14 3 10 3 -67716
-4 -13 1 -13 -76562
-23 18 -24 10 -62732
13 8 10 4 -63716
5 -16 2 -16 -78586
-24 9 -21 7 -64328
-11 -1 -12 -4 -78900
14 -19 12 -22 -64776
-3 19 -3 23 -69780
22 -6 21 -13 -71846
14 18 20 10 -80968
-12 -23 -22 -18 -86558
6 9 13 10 -64892
11 -24 17 -21 -61374
4 10 2 13 -74204
-1 10 0 11 -85216
-1 16 -2 17 -70684
-24 -12 -19 -21 -100720
11 24 24 22 -57544
20 -21 17 -20 -58130
-1 -9 -23 16 -90102
13 -2 -21 -1 -92588
24 16 -10 23 -69770
-5 7 -5 10 -74792
-24 22 -22 12 -68538
12 -13 11 -8 -61524
-10 -11 -11 -16 -75442
-18 19 -16 20 -65556
-7 0 -6 -2 -68090
-17 -11 -18 -14 -60038
-14 -13 -4 -18 -102150
-15 13 -14 8 -73774
1 8 0 8 -70108
20 15 24 8 -45014
17 7 17 1 -64572
-4 14 3 2 -99072
2 -2 4 -2 -77108
-21 12 -20 13 -69272
3 -21 2 -18 -77126
-1 12 1 10 -71392
-24 3 -21 7 -67328
-3 10 -3 11 -78732
1 -17 -2 -17 -71706
-5 21 -4 22 -63140
-10 12 -10 14 -53940
-21 22 -16 24 -63034
0 12 -4 11 -74414
19 2 21 -2 -64420
-4 -10 -5 -14 -86884
-21 -22 -4 15 -103444
16 -9 14 -11 -60270
-6 11 -5 13 -75204
-1 -19 -6 -18 -77544
-14 -14 -18 -15 -79924
-12 0 -9 4 -70480
-9 0 -3 0 -78790
22 21 21 12 -55800
-24 -9 -17 -13 -89680
-6 5 -7 2 -61412
-6 -16 -5 -11 -86310
-12 -6 -13 -9 -72450
1 21 10 21 -56858
-8 22 -10 21 -62576
-11 24 -14 21 -55044
-19 16 -15 14 -70922
-14 0 -17 -3 -81738
-24 -19 -22 -17 -41838
-6 20 -9 10 -72934
9 -21 3 -24 -68554
-8 -12 -4 -12 -83312
-2 15 0 18 -65054
-11 1 -10 -2 -68980
15 -2 12 0 -70744
-5 6 -4 10 -78334
18 22 8 17 -56700
-15 -17 -14 -14 -69268
19 -21 19 -24 -61526
2 18 -9 20 -76736
-1 10 0 11 -85216
-14 8 -14 10 -69672
-24 -13 -23 0 -69594
5 -16 6 -15 -77088
17 -22 24 -22 -68734
9 -19 14 -16 -65652
3 -20 4 -23 -66974
10 1 9 7 -73448
-3 9 -4 8 -73060
-17 -11 -19 -11 -83512
16 -2 23 7 -77562
14 15 18 10 -74264
5 7 3 12 -84584
11 19 12 12 -70666
-10 -3 -10 -6 -78194
-21 15 -20 17 -65696
20 -10 24 -14 -58772
22 -11 24 -16 -61030
-15 1 -17 2 -67480
4 -5 2 -2 -78288
18 0 16 3 -64102
0 -9 -1 -14 -87644
-22 14 -24 9 -61794
0 0 -1 -21 -96564
0 -18 0 -21 -77316
-8 -2 -7 -5 -72100
11 -13 12 -18 -55250
-4 -14 -4 -5 -96442
3 -23 -13 -21 -86160
-12 18 -12 17 -71662
-24 -14 -17 0 -98908
13 -2 11 -1 -66786
4 18 0 19 -66190
-7 -17 -13 -15 -87736
-20 -17 -18 -22 -68482
-23 0 -23 -2 -63158
24 15 24 -22 -69664
9 -13 10 -12 -60272
23 -10 18 -9 -55328
-5 -18 -11 -20 -83870
-24 24 -23 24 -41936
8 0 10 -2 -67632
20 6 23 12 -56760
22 14 20 19 -48144
-19 16 -20 19 -71204
0 7 9 13 -81036
-15 3 -18 5 -66972
13 21 21 23 -48894
-11 13 -9 10 -65330
0 -17 3 -21 -75468
0 -4 -2 -4 -69048
10 -6 6 -6 -67542
-2 -2 -4 -3 -74176
-3 -23 -2 -23 -55836
-12 4 -10 -7 -88544
6 -10 4 -17 -78166
5 -20 5 -17 -68566
-22 5 -24 12 -64926
23 7 24 -18 -67750
-5 -4 -4 -19 -107656
-21 0 13 -21 -91194
-16 14 -16 9 -72780
5 -24 2 -23 -50248
19 -22 24 -24 -56046
3 -1 2 -1 -74652
3 8 3 9 -63614
0 3 -1 3 -71894
14 -3 12 -5 -71872
-6 -10 -5 -7 -77380
-22 -20 -23 -12 -84574
-13 21 -11 15 -80092
-4 12 -4 10 -79070
5 -5 5 -1 -73546
-14 -1 -11 -24 -91110
9 -15 11 -19 -63150
-12 -16 -13 -20 -78062
14 19 12 20 -62054
-15 -11 -15 -13 -58378
8 6 4 12 -87060
-19 -22 -23 -20 -61668
-13 -14 -24 -11 -106492
-6 -15 -7 -18 -83112
-15 21 -17 21 -63260
-9 -5 -9 -8 -76416
-20 17 -20 13 -61960
23 4 23 -7 -71504
13 21 14 20 -55472
-22 5 -23 3 -63746
21 -22 24 -14 -44324
22 -2 23 -3 -58646
-13 -2 -12 -2 -76520
18 -3 20 1 -76254
