-5 -18 -1 -18 -68149
-7 14 -6 16 -69327
-20 20 -21 23 -59743
22 22 19 20 -70537
-12 -7 -11 -9 -70527
2 0 18 -8 -100729
-13 -3 10 4 -75453
-2 24 -24 22 -53755
3 -8 0 -10 -67991
24 -12 24 5 -72563
15 -12 17 -13 -76805
21 22 19 23 -57171
5 24 8 20 -61573
-14 -20 -16 -24 -64969
11 -24 5 -24 -63775
22 8 22 1 -61247
16 -3 15 -1 -74263
15 10 15 9 -49149
2 22 3 24 -70905
-6 -14 -5 -12 -53169
9 -20 10 -21 -88595
-23 6 -24 5 -48649
21 -17 21 -20 -65363
11 -15 12 -17 -86663
0 10 0 16 -69217
23 -20 24 -24 -38065
-19 18 -16 18 -64737
-23 7 -23 8 -46377
5 -5 4 -7 -72275
-5 -19 2 -22 -80213
-15 -3 -15 -8 -75415
-10 -6 -11 -6 -67427
6 6 6 -1 -88205
-10 -23 -8 -23 -58005
8 11 6 10 -56703
-16 20 -16 18 -57327
1 -15 1 -16 -70093
-15 17 -15 14 -57609
-15 23 -13 24 -70085
0 -23 -2 -23 -58995
-19 12 -18 16 -64775
-16 23 -14 21 -63615
21 -4 22 -13 -77369
-14 -24 -18 -23 -61521
23 -1 24 -4 -68397
-3 -7 -1 -1 -60601
-11 -8 -7 -8 -67625
-7 -24 -5 -23 -55299
-9 -24 -1 -24 -65665
-16 -21 -15 -20 -65859
-3 5 -1 6 -59335
-19 -23 -23 -22 -60329
8 -10 10 -13 -82863
17 16 17 14 -52583
7 -15 13 -19 -95987
8 -22 6 -1 -99867
-24 17 -24 22 -46863
23 24 18 24 -56813
-8 19 -7 18 -63575
-21 19 -23 14 -65233
16 -24 20 -1 -92475
-11 -19 -11 -20 -66685
6 20 5 23 -69505
20 -5 20 -3 -74961
7 18 10 17 -53639
-2 1 -1 0 -59667
3 6 4 2 -82921
-5 2 -5 -1 -59957
18 6 15 7 -73123
-17 12 -18 9 -67559
24 -5 24 -2 -55953
8 -22 10 -20 -66709
-3 -19 0 -15 -72523
-15 -6 -13 -7 -61189
-16 15 -19 15 -63733
9 -14 2 -18 -84231
-24 24 -21 24 -62017
12 -10 12 -12 -83199
22 22 15 24 -67403
23 1 22 4 -57727
-8 15 -8 13 -72781
24 -3 22 -2 -64925
0 13 1 14 -65765
11 4 10 -1 -92595
-24 -24 -20 -18 -65275
-9 -1 -9 0 -59387
9 -5 10 -4 -59103
-9 14 -9 13 -69785
4 -9 5 -11 -61219
22 7 21 12 -67117
20 -22 24 -22 -67297
-6 -11 -6 -9 -60825
-3 15 -4 16 -62533
18 19 18 20 -62713
-20 5 -17 1 -68521
3 5 3 0 -80389
23 -24 10 -24 -53099
-20 2 24 -8 -71089
-24 -5 -23 -11 -50071
-17 -22 -16 -24 -53687
9 23 15 23 -52233
-24 7 -23 6 -51219
22 10 24 6 -53895
-17 23 -19 19 -62877
-20 16 -22 15 -65323
-22 23 -21 23 -66689
-10 -12 -9 -12 -57337
-1 24 -3 23 -66063
-24 -23 -23 -20 -44425
2 -20 1 -24 -62727
22 12 18 12 -70079
17 -17 0 -8 -109501
20 -9 19 -11 -69331
-19 14 -10 12 -60387
2 22 1 19 -75305
-10 -19 -12 -24 -72371
-17 -8 -14 -7 -57013
-21 24 -23 22 -55897
-12 -1 -11 -2 -66239
22 -10 24 -8 -60119
-17 12 -17 10 -64365
-21 -6 -21 -4 -59717
-2 24 -3 23 -66767
-1 18 1 14 -68007
19 18 24 19 -62113
-13 -1 -13 1 -53339
6 7 5 6 -69827
2 -20 4 0 -91963
1 -2 2 -2 -69309
-24 -20 -23 -15 -57407
-24 -17 -24 17 -56429
16 0 17 -14 -100293
13 23 14 23 -46979
2 11 5 11 -81163
-16 -23 -16 -17 -66589
18 24 16 23 -51001
22 -18 22 -13 -54427
6 -11 6 -12 -68625
-12 -7 -12 -9 -69575
-19 20 -21 20 -65391
-6 -16 -7 -15 -61659
2 -21 4 -20 -57961
20 1 21 -3 -72731
1 -5 0 -10 -77011
-20 -12 -17 -12 -58141
-24 0 -23 1 -54133
23 -13 23 -10 -57623
7 -1 1 -1 -82715
22 -11 10 -17 -94003
11 3 9 3 -67027
9 1 10 4 -86489
2 -21 0 -24 -55879
-23 12 -21 11 -55601
-4 7 -5 10 -54353
-3 17 -5 16 -65573
10 -1 10 2 -76303
12 12 10 11 -63435
-8 -16 -8 -17 -60435
23 0 0 -18 -91201
-7 -9 -7 -10 -62873
-1 -22 -2 -23 -55027
13 -7 15 -6 -73129
24 -15 22 -20 -59447
1 6 3 1 -83425
-14 13 -14 14 -59621
-19 19 -23 24 -65915
20 -15 24 -24 -74569
-15 9 -16 5 -56305
-13 -4 -13 -5 -63597
16 -17 15 -22 -77217
-19 11 -21 11 -60231
-24 -20 24 -23 -48259
20 15 22 12 -62215
0 -9 5 -12 -63835
-18 -22 2 -24 -64963
0 13 1 15 -67195
-16 5 -15 3 -59733
-24 -21 -23 -18 -63637
20 -21 20 -24 -45131
16 -13 18 -14 -77507
-4 -24 -5 -20 -58077
18 -23 22 -22 -65069
-23 2 -24 5 -49493
17 -19 17 -18 -63877
-22 -4 -24 -3 -55951
6 -7 2 -10 -86963
-12 -12 -13 -12 -61135
-10 -18 -9 -19 -62825
23 -4 24 11 -65609
5 8 2 10 -80651
20 -14 21 -14 -75889
0 24 1 23 -63183
-24 7 -23 4 -55027
-14 24 -13 23 -52489
-24 -17 -23 -19 -40797
-17 -12 -16 -16 -55269
0 24 3 23 -57485
17 6 20 5 -66649
15 13 19 14 -77619
-19 12 -19 11 -63405
-8 -18 -8 -21 -68577
22 4 24 10 -57065
-23 -16 -23 -21 -57697
5 -4 7 -6 -77365
9 14 11 15 -55419
13 24 22 23 -64981
10 -15 11 -19 -89851
12 13 12 16 -48127
-8 -22 -13 -24 -63175
9 -20 10 -23 -80273
-2 24 -4 24 -56109
0 -4 11 -9 -97819
-4 -18 -6 -19 -58087
14 22 15 18 -66841
5 -3 -1 -21 -96535
2 22 1 24 -69509
7 -22 8 -23 -83953
-1 -16 -1 -17 -72159
-1 -18 -1 -19 -65899
0 24 -2 21 -75595
-12 18 -7 17 -63301
-24 -14 -22 -15 -41899
-1 2 1 5 -67347
-5 6 -10 5 -56133
-24 12 -24 10 -45219
10 -18 10 -7 -104173
-13 7 -12 6 -52877
12 9 17 8 -74779
2 19 3 17 -65169
16 -3 16 -5 -79495
16 -17 15 -19 -71707
20 -2 -23 -3 -67921
-22 0 -23 -14 -69323
-24 -14 -22 -12 -47185
8 4 9 0 -88041
-19 -5 -20 -6 -61559
-2 -10 -5 -9 -58281
-5 9 -2 12 -68837
-18 9 -16 10 -59863
20 -22 19 -24 -53055
20 -15 18 -15 -78321
0 18 0 19 -62225
11 20 10 16 -50347
-23 22 -24 21 -48795
-24 17 -24 16 -50493
14 -17 14 -2 -103987
22 -20 24 -19 -63883
7 8 10 1 -86957
-9 21 -10 23 -63957
-20 -18 -23 -18 -60097
22 -4 21 -5 -68913
-20 -10 -19 -10 -58895
-13 -19 -14 -20 -64631
3 -17 4 -17 -68101
-16 -5 -24 23 -73351
-23 16 -24 17 -56145
14 -7 14 -8 -65407
0 11 -1 14 -64579
-19 9 -21 10 -59559
19 -9 16 -7 -69689
-1 -12 0 -11 -54435
-15 -16 -17 -13 -57803
-21 16 -24 17 -61475
23 -13 3 -13 -92173
17 -17 0 -10 -108445
-16 20 -15 17 -64131
-6 -19 -8 -24 -64393
2 -5 3 -3 -63437
-23 -1 -23 -3 -60109
-9 -8 -9 -5 -64151
-20 -7 -17 -8 -63419
-11 23 -10 21 -62991
-10 21 -9 22 -57625
13 2 13 5 -80247
21 1 24 4 -52077
19 5 23 5 -58503
-19 -3 -15 -4 -62503
-13 8 -9 12 -62303
8 -9 12 -24 -107787
-19 -22 -19 -23 -48127
18 7 15 6 -66597
-12 -7 -14 -9 -64657
-10 7 -10 8 -57635
16 1 19 7 -71665
19 -8 24 -14 -87155
-9 21 -6 21 -70191
11 7 11 1 -91113
15 20 15 22 -65627
13 12 11 12 -65555
-7 21 -10 21 -68037
7 18 7 13 -51227
-10 -13 -10 -14 -47421
9 12 6 13 -65327
-15 -4 -18 0 -65549
10 -16 9 -14 -91099
-6 22 -3 18 -71551
-13 -13 -12 -8 -60993
-6 23 -4 22 -62883
0 -21 3 -24 -66113
20 13 19 12 -69571
3 -23 3 -24 -48427
-24 9 -23 10 -57447
-17 24 -16 24 -54265
7 20 8 24 -53507
-24 8 -23 9 -55435
-4 -20 -6 -18 -69889
21 3 -5 -3 -84503
-16 -9 -15 -13 -59937
18 -22 17 -24 -55045
21 12 23 8 -66419
24 -9 22 -12 -63587
23 -19 22 -19 -68151
-13 0 -10 0 -62991
-8 10 -5 10 -60027
16 -6 14 -8 -74215
2 -20 10 -23 -93573
-20 0 -19 -24 -64775
16 3 16 -2 -72119
-15 -24 -19 -23 -58543
-21 -21 -19 -20 -63189
-1 -5 0 -7 -68929
13 -23 14 -24 -33297
-2 -7 -2 -6 -69285
12 20 12 22 -58131
-22 -22 -20 -22 -61835
16 -16 21 0 -100951
-2 -22 -1 -24 -62447
-6 20 -7 24 -59707
-10 12 -10 10 -63447
14 0 13 1 -69333
5 16 3 14 -58485
20 20 17 2 -72651
-17 -24 -14 -23 -52421
-24 16 -23 11 -48931
-23 -7 -24 -7 -44247
5 -22 6 -13 -88147
19 15 17 14 -72755
4 6 6 5 -75935
13 -14 13 -7 -94531
17 19 17 21 -70049
-6 -17 -6 -18 -64605
12 -3 11 -1 -64665
20 4 21 -1 -68913
-17 -23 -19 -20 -61989
-14 24 -15 23 -70385
-6 12 -5 12 -62057
15 -2 15 -4 -76195
-24 -1 -23 -2 -53729
6 21 16 24 -53219
-2 11 8 9 -89183
-17 -16 -17 -7 -59783
11 -2 12 -2 -67643
23 -19 22 -20 -66567
6 3 5 -4 -64235
20 19 22 18 -55269
5 -6 1 -12 -89749
15 15 17 12 -60819
19 -9 22 -15 -84421
-9 9 -11 9 -50121
-24 -2 -21 -1 -56365
-11 -10 -12 -10 -66605
3 -14 8 -18 -94075
23 -12 20 -13 -68693
19 4 22 -24 -80935
-3 -13 -1 -13 -55489
9 -21 7 -24 -61491
3 2 1 4 -76103
-3 -23 -4 -22 -66457
24 -11 11 -17 -95155
-22 20 -23 22 -58057
-8 17 -7 11 -73841
-11 -2 -14 -3 -61093
7 9 8 7 -57147
-12 -21 -6 -23 -61929
-1 24 -1 23 -58469
14 14 15 14 -61591
-23 -4 -24 -7 -58491
0 -22 19 -15 -88905
-9 -21 -10 -22 -68407
6 -18 7 -23 -80659
-1 9 0 9 -51499
-15 24 -16 23 -65363
-1 17 -3 16 -61233
12 -22 13 -19 -64231
-5 0 -6 3 -72077
-23 -9 -22 -6 -57619
3 4 1 3 -68563
4 22 4 24 -64773
-13 -17 -12 -16 -57249
-6 -10 -9 -4 -69537
9 3 7 3 -68679
-14 5 -14 2 -52841
-6 8 -9 -1 -68205
16 -9 13 -14 -89763
6 -20 10 -24 -96109
-20 -23 -21 -19 -58065
-24 -13 -22 -10 -45259
9 -13 9 -12 -81871
22 21 21 12 -61607
0 21 -3 24 -68153
3 -7 13 -5 -83991
1 22 -2 17 -72999
-14 24 -16 24 -62859
23 -17 10 -10 -94541
-7 10 -7 11 -60873
-9 2 -10 2 -53991
-8 -8 -4 -7 -59163
3 11 4 10 -73931
-24 -19 -22 -17 -61955
24 -4 22 -2 -72957
12 -4 14 -5 -71853
22 -16 24 -21 -70131
-23 -9 -22 -10 -47355
-4 -3 -2 -4 -52171
-24 -4 -24 -3 -52879
15 -1 18 0 -65215
10 13 12 10 -57891
-17 9 -15 8 -52289
11 8 13 0 -92313
-11 11 -11 7 -64775
-8 0 -7 -3 -62237
-14 0 -22 -3 -62485
-12 -15 -12 -17 -50761
11 -19 13 -21 -71631
2 21 3 23 -77489
17 -4 16 -4 -61369
5 -2 3 0 -71043
3 -14 7 -13 -78463
9 5 12 5 -68297
16 15 17 15 -68373
23 22 22 21 -44077
16 20 18 24 -57315
3 -3 4 -6 -69195
20 18 24 22 -64053
1 -2 2 -1 -60805
-19 3 -18 3 -52223
5 -15 5 -20 -81019
-9 5 -8 0 -63801
-19 21 -17 23 -60749
-13 20 -12 19 -61627
-21 1 -20 0 -62515
-15 -20 -14 -20 -56381
-14 24 -14 23 -43273
2 -4 17 -8 -101429
1 17 0 19 -69733
0 -13 -1 -17 -71889
12 18 13 16 -54749
11 20 8 24 -57675
5 -15 10 -16 -86237
-12 18 -12 17 -51847
-5 19 -8 15 -68691
8 -23 8 -24 -46357
24 10 22 20 -56497
-13 -2 -13 -3 -58703
-5 1 -4 0 -65303
-23 0 -23 -2 -60729
20 -15 18 -14 -75525
9 -13 10 -12 -65165
8 -22 8 -1 -100913
14 9 12 8 -65185
-24 24 -23 24 -47675
24 -20 21 -18 -67509
-6 -13 -7 -12 -56425
22 14 20 19 -56427
-11 5 -12 4 -57795
22 -13 24 -17 -55157
14 4 14 9 -60403
-9 -8 -8 -7 -64415
-22 0 -21 2 -56349
-3 5 0 10 -69291
0 -4 -1 -4 -52465
0 -22 -2 -19 -73091
2 6 7 6 -83295
-3 -23 -2 -23 -63777
15 -24 18 -23 -49861
-10 24 -14 22 -61587
20 -8 22 -10 -76941
-24 -21 -21 -22 -50743
13 -16 16 -8 -97073
1 23 2 23 -51577
-12 -24 -13 -21 -53291
13 2 14 3 -69517
5 -24 2 -23 -59097
19 -22 24 -24 -58465
-1 8 -1 14 -64379
3 8 3 9 -46289
9 -14 9 -16 -79295
11 19 19 24 -65725
-12 -23 -14 -22 -55457
5 12 1 13 -75221
10 -22 12 -21 -54617
23 -4 21 -6 -67989
20 11 20 10 -61975
16 0 17 -8 -90609
-10 -1 -12 -4 -61263
7 -6 18 -21 -101929
-9 4 -9 6 -53279
7 0 5 1 -79359
23 -15 21 12 -79303
-24 11 -23 12 -51995
22 14 20 8 -70855
-9 -6 6 24 -79199
-24 1 -24 0 -49687
-22 14 -22 20 -63109
-23 8 -24 1 -53647
21 11 24 17 -56047
-15 -5 -15 -8 -72315
-9 20 -3 23 -66323
5 -18 6 -19 -84197
23 10 22 10 -45533
22 9 19 7 -66609
21 -3 24 -3 -56727
