-5 -18 -1 -18 -62474
-7 14 -6 16 -70816
-20 20 -21 23 -59840
14 0 -8 -1 -84402
4 4 -3 3 -84834
21 -14 23 -15 -49774
-13 -23 10 -24 -61164
-2 24 -24 22 -55700
3 -8 0 -10 -63070
24 -12 24 5 -74306
15 -12 17 -13 -47330
21 22 19 23 -63062
5 24 8 20 -70468
-14 -20 -16 -24 -60788
11 -24 5 -24 -40666
22 8 22 1 -74632
16 -3 15 -1 -73902
15 10 15 9 -76762
2 22 3 24 -57678
-6 -14 -5 -12 -48460
2 -4 0 -6 -55396
-23 6 -24 5 -50192
21 13 18 11 -73996
7 -14 11 -20 -57012
0 10 0 16 -79352
23 -20 24 -24 -34294
-19 18 -16 18 -64246
-23 7 -23 8 -46738
5 -5 4 -7 -57504
8 13 10 11 -80542
0 5 -15 7 -76304
-10 -6 -11 -6 -65000
23 -20 23 -19 -44698
-10 -23 -8 -23 -60588
8 11 6 10 -70068
-16 20 -16 18 -59192
1 -15 1 -16 -52718
-15 17 -15 14 -58342
-15 23 -13 24 -70304
0 -23 -2 -23 -53266
-19 12 -18 16 -65392
-16 23 -14 21 -64262
7 13 5 18 -73590
-14 -24 -18 -23 -62596
23 -1 24 -4 -74136
-3 -7 -1 -1 -55026
-11 -8 -7 -8 -66368
-7 -24 -5 -23 -54434
23 -10 22 -4 -63542
-16 -21 -15 -20 -63810
-3 5 -1 6 -66376
-19 -23 -23 -22 -61906
9 22 -2 18 -68592
17 16 17 14 -58744
4 5 0 4 -89718
13 5 -24 0 -74396
-24 17 -24 22 -46580
23 24 18 24 -59842
-8 19 -7 18 -62946
-21 19 -23 14 -64536
3 -2 2 -1 -70070
-11 -19 -11 -20 -65178
6 20 5 23 -75598
20 -5 20 -3 -70280
7 18 10 17 -65154
-2 1 -1 0 -61242
3 6 4 2 -80164
-5 2 -5 -1 -57422
18 6 15 7 -65750
-17 12 -18 9 -70062
24 -5 24 -2 -62934
8 -22 10 -20 -53962
-3 -19 0 -15 -64836
-15 -6 -13 -7 -59352
-16 15 -19 15 -64466
2 -18 4 -16 -65804
-24 24 -21 24 -62106
2 8 19 1 -94490
22 22 15 24 -72636
23 1 22 4 -59050
-8 15 -8 13 -76600
24 -3 22 -2 -70224
0 13 1 14 -83976
14 21 11 18 -76158
-24 -24 -20 -18 -66256
-9 -1 -9 0 -67210
9 -5 10 -4 -63780
-9 14 -9 13 -73660
4 -9 23 20 -91938
15 7 15 12 -82838
6 18 4 21 -74992
-6 -11 -6 -9 -57058
-3 15 -4 16 -70746
18 19 18 20 -76164
-20 5 -17 1 -69424
3 5 3 0 -80964
23 -24 10 -24 -54804
24 -17 24 -23 -46926
-24 -5 -23 -11 -50204
-17 -22 -16 -24 -53032
9 23 15 23 -59944
-24 7 -23 6 -50814
22 10 24 6 -56160
-17 23 -19 19 -63948
-20 16 -22 15 -65508
-22 23 -21 23 -66490
-10 -12 -9 -12 -57914
-1 24 -3 23 -69612
-24 -23 -23 -20 -45004
2 -20 1 -24 -62328
22 12 18 12 -80162
2 1 5 14 -102194
20 -9 19 -11 -65060
-19 14 -10 12 -61466
2 -11 1 -12 -66406
6 11 -2 11 -74810
-17 -8 -14 -7 -57894
-21 24 -23 22 -56546
-12 -1 -11 -2 -68910
22 -10 24 -8 -56596
-17 12 -17 10 -66276
-21 -6 -21 -4 -59354
-2 24 -3 23 -67080
-1 18 1 14 -77612
19 18 24 19 -67576
-13 -1 -13 1 -68068
6 7 5 6 -79390
20 -21 4 3 -77596
16 -5 17 -5 -58984
-24 -20 -23 -15 -57134
-24 -17 -24 17 -58352
16 -14 16 -13 -55252
13 23 14 23 -49444
6 14 4 -1 -106664
-16 -23 -16 -17 -65086
18 24 16 23 -46912
22 -18 22 -13 -48438
6 -11 6 -12 -50020
-12 -7 -12 -9 -58532
-19 20 -21 20 -65932
-6 -16 -7 -15 -63044
2 -21 4 -20 -57970
20 1 21 -3 -69866
0 -23 24 12 -93808
-20 -12 -17 -12 -58504
-24 0 -23 1 -53826
23 -13 23 -10 -49478
1 -1 0 -1 -71230
0 0 7 7 -101566
11 3 9 3 -74462
-12 0 -12 -2 -74732
2 -21 0 -24 -57362
-23 12 -21 11 -55936
-4 7 -5 10 -58822
-3 17 -5 16 -69306
10 -1 10 2 -73674
12 12 10 11 -80144
-8 -16 -8 -17 -65586
15 -12 13 -14 -60044
-7 -9 -7 -10 -58226
-1 -22 -2 -23 -56438
23 7 20 3 -90324
24 -15 22 -20 -52800
23 4 22 0 -72062
-14 13 -14 14 -61064
-19 19 -23 24 -67312
20 -10 18 -9 -49460
-15 9 -16 5 -58128
-13 -4 -13 -5 -58854
15 10 18 -13 -97520
-19 11 -21 11 -62218
-24 -20 24 -23 -45534
20 15 22 12 -69718
8 23 5 -12 -101304
-18 -22 2 -24 -64420
0 13 1 15 -80904
-16 5 -15 3 -62232
-24 -21 -23 -18 -64266
20 -21 20 -24 -42412
14 -23 16 -24 -42376
-4 -24 -5 -20 -59890
18 -23 22 -22 -68464
-23 2 -24 5 -51176
22 18 23 19 -62914
-22 -4 -24 -3 -55752
-14 0 -13 6 -71202
-12 -12 -13 -12 -60702
-10 -18 -9 -19 -64244
23 -4 24 11 -78122
-5 -17 -6 -23 -74236
7 11 7 12 -62874
0 24 1 23 -66610
-24 7 -23 4 -55852
-14 24 -13 23 -51012
-24 -17 -23 -19 -40758
-17 -12 -16 -16 -57972
0 24 3 23 -63176
17 6 20 5 -75120
15 -2 19 -4 -69616
-19 12 -19 11 -63876
-8 -18 -8 -21 -73160
22 4 24 10 -66748
-23 -16 -23 -21 -58650
0 21 -3 19 -70550
9 14 11 15 -73522
13 24 22 23 -68446
-10 -11 -10 -16 -66414
12 13 12 16 -61686
-8 -22 -13 -24 -64278
9 -20 10 -23 -62228
-2 24 -4 24 -60560
11 -1 12 0 -78980
-4 -18 -6 -19 -56826
14 22 15 18 -86976
5 -7 3 -2 -72598
2 22 1 24 -70902
7 -22 8 -23 -57056
-1 -16 -1 -17 -59584
-1 -18 -1 -19 -59950
0 24 -2 21 -68754
-12 18 -7 17 -62442
-24 -14 -22 -15 -42092
-1 2 1 5 -74080
-5 6 -10 5 -64048
-24 12 -24 10 -44700
15 19 18 18 -62682
-13 7 -12 6 -55854
24 1 -11 8 -77190
2 19 3 17 -76822
16 -3 16 -5 -63620
16 10 3 -19 -109256
20 -2 -23 -3 -68656
-22 0 -23 -14 -68166
-24 -14 -22 -12 -45904
21 -3 23 -1 -65728
-19 -5 -20 -6 -60504
-2 -10 -5 -9 -59692
-5 9 -2 12 -67194
-18 9 -16 10 -60632
20 -22 19 -24 -52254
12 21 11 20 -72132
0 18 0 19 -60186
11 20 10 16 -73640
-23 22 -24 21 -48720
-24 17 -24 16 -50672
23 -3 24 -5 -73546
22 -20 24 -19 -57716
16 4 17 1 -77046
-9 21 -10 23 -63946
-20 -18 -23 -18 -61022
12 8 12 12 -75524
-20 -10 -19 -10 -59606
-13 -19 -14 -20 -60796
3 -17 4 -17 -62994
-16 -5 -24 23 -74646
-23 16 -24 17 -57280
14 -7 14 -8 -43370
0 11 -1 14 -70410
-19 9 -21 10 -60976
17 8 22 10 -92436
-1 -12 0 -11 -61950
-15 -16 -17 -13 -60148
-21 16 -24 17 -62160
3 -23 4 -24 -61420
3 -10 -18 -13 -73858
-16 20 -15 17 -64884
-6 -19 -8 -24 -68920
20 -5 8 -20 -89476
-23 -1 -23 -3 -60428
-9 -8 -9 -5 -59798
-20 -7 -17 -8 -64392
-11 23 -10 21 -62706
-10 21 -9 22 -58358
13 2 13 5 -70392
21 1 24 4 -76538
19 5 23 5 -83922
-19 -3 -15 -4 -62960
-13 8 -9 12 -65270
11 -9 7 11 -99776
-19 -22 -19 -23 -46222
12 -2 15 -6 -73170
-12 -7 -14 -9 -65114
-10 7 -10 8 -59700
23 -20 16 -24 -70354
9 -23 -3 12 -88014
-9 21 -6 21 -70604
19 -20 21 -21 -56286
15 20 15 22 -75690
13 12 11 12 -74334
-7 21 -10 21 -69020
7 18 7 13 -71594
-10 -13 -10 -14 -60462
9 12 6 13 -73448
-15 -4 -18 0 -67314
2 13 0 12 -77734
-6 22 -3 18 -70076
-13 -13 -12 -8 -61156
-6 23 -4 22 -64586
0 -21 3 -24 -63084
9 -13 10 -11 -63638
3 -23 3 -24 -50102
-24 9 -23 10 -58214
-17 24 -16 24 -54040
7 20 8 24 -61728
-24 8 -23 9 -56896
-4 -20 -6 -18 -66496
2 -2 -5 -3 -70836
-16 -9 -15 -13 -56640
18 -22 17 -24 -52896
21 12 23 8 -63064
24 -9 22 -12 -59866
23 -19 22 -19 -57066
-13 0 -10 0 -64434
-8 10 -5 10 -65126
8 6 7 7 -79634
6 -13 4 -13 -58902
-20 0 -19 -24 -63834
22 6 21 6 -80268
-15 -24 -19 -23 -59524
-21 -21 -19 -20 -63324
16 -9 16 -16 -66996
13 -23 14 -24 -38926
13 -3 8 -1 -72780
12 20 12 22 -71872
-22 -22 -20 -22 -63252
19 -3 23 -3 -66756
-2 -22 -1 -24 -59942
-6 20 -7 24 -58384
-10 12 -10 10 -65796
14 0 13 1 -73308
5 16 3 14 -67434
20 8 17 5 -84556
-17 -24 -14 -23 -54026
-24 16 -23 11 -49388
-23 -7 -24 -7 -43642
9 -6 19 11 -110288
19 -9 17 -13 -71512
4 6 6 5 -73082
9 11 2 -24 -98314
17 19 17 21 -82992
-6 -17 -6 -18 -68078
12 -3 11 -1 -70162
14 12 12 -17 -101458
-17 -23 -19 -20 -62324
-14 24 -15 23 -70624
-6 12 -5 12 -64192
3 6 4 7 -87978
-24 -1 -23 -2 -54974
6 21 16 24 -66070
6 -10 5 -16 -67968
-17 -16 -17 -7 -58514
11 -2 12 -2 -70698
23 -19 22 -20 -59740
6 3 5 -4 -91330
20 19 22 18 -66212
17 -9 16 -11 -64184
15 15 17 12 -67974
20 -23 22 -23 -62442
-9 9 -11 9 -53830
-24 -2 -21 -1 -56658
-11 -10 -12 -10 -66100
6 -13 4 -17 -68212
23 -12 20 -13 -55502
10 15 6 11 -80240
-3 -13 -1 -13 -59192
9 -21 7 -24 -52976
3 2 1 4 -71356
-3 -23 -4 -22 -59220
13 1 12 0 -78520
-22 20 -23 22 -58238
-8 17 -7 11 -80380
-11 -2 -14 -3 -64020
7 9 8 7 -77054
-12 -21 -6 -23 -63766
-1 24 -1 23 -52936
14 14 0 14 -83874
-23 -4 -24 -7 -58342
0 -13 8 -13 -70586
-9 -21 -10 -22 -68800
6 -18 7 -23 -65654
-1 9 0 9 -62072
-15 24 -16 23 -66446
-1 17 -3 16 -69988
12 -22 13 -19 -58314
22 -21 22 0 -70272
-23 -9 -22 -6 -56598
3 4 1 3 -85868
4 22 4 24 -60638
-13 -17 -12 -16 -57592
9 -5 10 -1 -77044
9 3 7 3 -71246
-14 5 -14 2 -65290
-6 8 -9 -1 -68640
22 21 23 18 -51272
-9 -9 -8 -2 -68954
-20 -23 -21 -19 -58280
-24 -13 -22 -10 -44046
5 -3 3 -4 -65082
22 21 21 12 -70648
0 21 -3 24 -70182
-2 10 -8 18 -88576
1 -13 0 -13 -56980
-14 24 -16 24 -63088
16 3 16 6 -72208
-7 10 -7 11 -62004
-9 2 -10 2 -56172
-8 -8 -4 -7 -59256
19 5 17 -3 -78746
-24 -19 -22 -17 -63078
24 -4 22 -2 -78588
17 6 15 5 -70472
9 22 6 14 -79132
-23 -9 -22 -10 -46548
-4 -3 -2 -4 -58768
-24 -4 -24 -3 -53438
15 -1 18 0 -67210
10 13 12 10 -80598
-17 9 -15 8 -54120
13 -20 15 -19 -56716
-11 11 -11 7 -67088
-8 0 -7 -3 -63848
-14 0 -22 -3 -63226
-12 -15 -12 -17 -55772
11 -19 13 -21 -52526
9 21 7 -14 -103006
21 13 10 21 -91212
5 -2 3 0 -72868
20 -23 6 23 -88724
9 5 12 5 -77480
23 2 7 -20 -95642
23 22 22 21 -43400
16 20 18 24 -55458
5 -3 8 0 -80288
20 18 24 22 -67988
1 -2 2 -1 -66488
-19 3 -18 3 -52654
5 0 5 -4 -82784
-9 5 -8 0 -67110
-19 21 -17 23 -60984
-13 20 -12 19 -61692
-21 1 -20 0 -63538
-15 -20 -14 -20 -57358
-14 24 -14 23 -42876
5 -9 7 -8 -56504
1 17 0 19 -76156
23 -4 24 -13 -59542
12 18 13 16 -74758
11 20 8 24 -63384
13 2 17 -16 -87748
-12 18 -12 17 -52994
-5 19 -8 15 -70978
8 -23 8 -24 -43958
24 10 22 20 -63758
-13 -2 -13 -3 -66598
-5 1 -4 0 -61826
-23 0 -23 -2 -61218
16 -15 17 -18 -43012
9 -13 10 -12 -62214
-4 1 22 3 -85734
14 9 12 8 -74624
-24 24 -23 24 -48074
-9 -24 -8 -23 -58776
-6 -13 -7 -12 -59676
22 14 20 19 -71322
-11 5 -12 4 -60446
22 -13 24 -17 -43110
14 4 14 9 -73260
-9 -8 -8 -7 -65266
-22 0 -21 2 -57422
13 -16 12 -23 -60880
0 -4 -1 -4 -64390
0 -22 -2 -19 -66138
10 -12 16 -11 -58226
-3 -23 -2 -23 -54380
15 -24 18 -23 -52016
-10 24 -14 22 -61466
21 14 8 0 -98440
-24 -21 -21 -22 -51544
9 -1 8 8 -88610
1 23 2 23 -57038
-12 -24 -13 -21 -52618
13 2 14 3 -72740
5 -24 2 -23 -56758
19 -22 24 -24 -52388
-1 8 -1 14 -69520
3 8 3 9 -59094
9 -14 9 -16 -50344
6 -6 6 3 -95624
-12 -23 -14 -22 -56286
9 -13 20 20 -97910
10 -22 12 -21 -47954
23 -4 21 -6 -62560
20 11 20 10 -53730
17 16 22 -11 -90906
-10 -1 -12 -4 -68706
8 -3 8 10 -99988
-9 4 -9 6 -57196
13 20 13 18 -81684
23 16 20 12 -69110
-24 11 -23 12 -53568
5 -7 4 2 -87872
0 7 0 5 -65186
-24 1 -24 0 -51036
-22 14 -22 20 -63444
-23 8 -24 1 -55594
21 11 24 17 -64450
-15 -5 -15 -8 -59202
-9 20 -3 23 -69110
5 -18 6 -19 -56352
23 10 22 10 -59208
22 9 19 7 -91752
21 -3 24 -3 -65176
