12 -10 11 -12 -59939
15 19 14 18 -54473
14 17 13 21 -52625
4 -5 4 -8 -72267
4 -9 5 -21 -69641
0 23 3 24 -56401
-22 8 -19 10 -67961
-19 -20 -20 -22 -63549
13 -9 16 -7 -78041
-20 -13 -20 -14 -61919
-6 10 -6 13 -52279
8 -6 7 -5 -60853
-24 -20 -24 -16 -57151
-10 13 -9 15 -62311
19 -23 20 -24 -66827
12 -20 10 -23 -67597
12 20 11 21 -53363
-23 4 -19 2 -64557
-3 -6 -3 -9 -70651
10 -24 6 -24 -66745
0 15 0 12 -37887
-12 9 -10 24 -63381
24 2 23 3 -73625
20 14 20 13 -50337
-12 -10 -13 -11 -59335
22 -23 24 -24 -72925
24 8 24 6 -52505
-23 7 -23 8 -59143
-17 19 -17 13 -49659
-2 -20 -2 -19 -60273
24 -18 17 -10 -67785
-13 -24 -12 -23 -48817
23 24 22 24 -42335
-10 -23 -8 -23 -58355
24 16 24 14 -50495
-23 -7 -24 -11 -71383
-21 -16 -20 -19 -64955
-24 20 -24 22 -47265
6 -11 4 8 -87107
-15 0 -14 -2 -62851
1 7 0 9 -52059
7 -10 6 -11 -66359
23 23 8 24 -62313
-10 -22 -11 -24 -60797
-18 -6 -17 -4 -57619
22 24 21 23 -54465
-21 23 -21 22 -66387
23 -14 24 -14 -49687
-6 1 -6 0 -63829
-12 15 -13 15 -63613
1 20 1 18 -47109
8 10 17 7 -78839
23 9 24 9 -69013
21 -19 20 -22 -60515
-13 -9 -12 -8 -56321
23 11 24 11 -68717
15 -23 13 -24 -55725
0 -11 1 -11 -67883
18 23 17 23 -54165
-22 -14 -23 -12 -64109
19 -13 19 -14 -64507
-9 24 -8 23 -53391
-4 0 -6 0 -46731
-24 -4 -24 -5 -50007
11 -15 12 -12 -67741
0 11 0 13 -38553
24 -10 23 -10 -48303
8 -13 3 -14 -74463
17 2 18 1 -62111
-10 16 -10 14 -49885
0 18 -3 19 -59187
12 -14 12 -15 -67601
24 -23 22 -23 -62571
-22 24 -22 21 -65063
24 17 22 17 -62531
-1 22 0 24 -58903
0 8 -3 8 -60009
-7 -14 -7 -13 -61835
12 -3 14 -3 -65255
10 -6 11 -1 -93645
3 11 13 16 -62119
-13 -16 -10 -18 -61987
-22 -21 -23 -22 -61753
11 -7 19 -7 -86339
-21 -21 -18 -24 -61653
23 -3 23 -5 -56033
11 15 9 15 -59909
23 15 24 16 -65703
-5 0 -5 -1 -58687
21 -13 24 -11 -63117
24 -9 24 -10 -51009
17 -23 20 -24 -70121
-8 21 -10 20 -55865
5 0 7 0 -51737
24 -2 21 -3 -57999
-15 12 -11 11 -70199
-8 11 -9 11 -66657
-9 -8 -9 -10 -50173
-11 -10 -12 -16 -72053
-17 -22 -16 -24 -68373
-24 -1 -22 0 -67949
-24 7 -23 6 -54295
17 8 23 3 -77657
10 -8 10 -9 -51757
-19 -13 -16 -15 -57459
-2 6 -3 6 -58945
-7 23 -7 24 -57895
16 -18 16 -21 -47185
-24 -23 -23 -20 -51039
4 -11 3 -12 -73841
2 21 0 20 -64101
0 -6 0 -9 -72555
-20 -1 -18 0 -70617
8 -11 8 -9 -54417
9 -7 -6 -7 -79651
18 23 14 23 -63177
-24 19 -24 17 -44557
8 24 7 22 -42341
-13 9 -14 15 -66489
-13 2 -11 3 -58149
16 4 16 3 -52097
1 1 0 3 -53061
11 6 12 7 -57073
7 23 6 24 -62371
-10 0 -9 3 -62783
-9 -24 -10 -23 -56917
0 -3 3 -1 -55249
-10 11 -11 11 -67419
20 19 18 16 -64631
8 -2 8 -3 -83011
17 15 15 16 -52113
6 -6 6 1 -92287
3 -11 4 -11 -70629
8 -24 9 -23 -70357
13 12 6 15 -65893
12 7 10 9 -64109
-2 -15 -1 -20 -62793
-24 -12 -24 -15 -55549
23 5 24 -18 -68031
0 -23 -3 -23 -63639
19 -12 20 -11 -66127
-4 24 -4 23 -56899
-24 -3 -24 0 -55527
1 -16 7 -17 -76853
10 10 9 10 -61177
13 21 15 24 -57413
22 23 22 22 -55941
-5 -21 -3 -23 -69169
-8 16 -9 17 -55087
-11 -22 -9 -24 -61623
-24 14 -24 15 -49047
-6 -5 -6 -7 -57985
-3 -23 -4 -23 -52201
17 -6 17 -8 -64545
-17 -3 -16 -3 -54603
-15 21 -15 19 -46177
16 -22 -11 -21 -70451
14 13 19 -5 -80253
-2 7 0 8 -62355
8 -3 10 -1 -78081
-5 -7 -9 -8 -55067
-24 21 -22 22 -59859
-5 22 -8 20 -60941
-24 13 -23 13 -59771
22 10 22 9 -62159
21 -12 21 -16 -67597
-24 -23 -21 -23 -60673
-22 24 -21 22 -58863
-1 -4 -2 -3 -58027
12 12 12 14 -38735
7 -9 15 -12 -61625
9 -22 10 -23 -56567
-11 24 -12 21 -62199
7 -22 5 -22 -65829
-23 -9 -23 -13 -70373
24 -11 24 -12 -54889
24 -23 -12 -16 -70463
-24 -21 -23 -18 -62297
3 7 2 7 -54743
9 -21 8 -23 -74987
23 21 21 22 -57451
23 -22 24 -24 -58171
-17 -1 -17 0 -58707
22 18 23 19 -67677
-12 -23 -12 -21 -66471
19 0 20 0 -62503
-5 -8 -4 -10 -65759
1 -24 2 -24 -49675
19 -2 17 -12 -85051
-2 18 -1 19 -52131
8 2 8 4 -63359
0 24 1 23 -52427
-10 7 -12 6 -60215
-14 24 -13 23 -52843
-24 -17 -23 -19 -57149
-15 15 -17 15 -54021
18 -24 21 -24 -58691
-18 -22 -16 -24 -65745
18 12 19 13 -57307
24 -17 8 -22 -76095
-5 -23 -8 -24 -53881
0 7 0 10 -52271
17 -4 4 -11 -89847
-11 17 -12 18 -54005
-24 7 -24 10 -56721
16 -5 14 -4 -63537
23 1 24 1 -59741
10 -9 7 -21 -83815
19 0 21 -2 -71037
1 -14 4 -16 -69053
-2 24 -4 24 -40841
-24 24 -24 0 -57955
-9 11 -8 10 -61599
7 5 7 9 -58399
-8 14 -10 12 -65537
0 -21 23 -22 -69619
-18 -8 -17 -10 -57811
15 21 15 24 -55977
-23 -18 23 6 -58683
-23 -10 -24 -11 -63793
2 -14 0 -15 -67867
-24 -14 -22 -15 -56861
-24 -20 -23 -22 -49901
7 -24 17 -1 -90593
-24 12 -24 10 -49583
3 22 3 20 -53759
-19 18 -17 17 -58737
11 -23 10 -24 -66969
-6 -17 -5 -15 -57317
21 -3 13 -5 -84199
22 -23 24 -24 -72925
-23 -9 -22 -9 -59169
-19 8 -19 6 -60891
-6 -10 -5 -10 -56665
-21 0 -20 -1 -60505
-24 5 -24 6 -53481
-8 -19 -8 -21 -63593
24 -23 24 -24 -43749
-6 19 -6 23 -63215
24 18 23 21 -59911
12 13 7 -10 -89781
5 24 6 22 -64377
-6 -21 -5 -24 -70143
-21 0 -19 0 -70965
-24 17 -24 16 -48665
24 -10 23 0 -69167
22 -20 24 -19 -58025
22 -19 24 -20 -60501
3 8 4 8 -53535
23 15 24 17 -65697
-19 -7 -19 -5 -51711
-20 -10 -19 -10 -58407
-9 -1 -9 -2 -56531
10 5 14 5 -68633
-15 -18 -15 -19 -59639
-23 16 -24 17 -61131
-20 -16 -21 -18 -66589
-24 11 -23 10 -51955
21 -23 22 -22 -62441
-14 -23 -16 -24 -49047
0 -11 -2 -12 -60325
12 23 12 22 -56255
16 23 12 22 -60511
23 2 24 1 -70385
-19 7 -18 7 -55915
0 -24 -1 -24 -59487
-5 -21 -4 -18 -63963
-18 1 -15 1 -55173
-10 -1 -8 0 -57505
24 -14 24 -13 -52845
21 -4 23 -5 -63659
16 -21 17 -22 -69487
12 -12 13 -15 -71563
-3 20 -3 22 -61157
5 -24 6 -24 -55947
4 2 5 -12 -93731
14 7 15 6 -60945
-14 -5 -15 -2 -59589
23 -6 24 -5 -53045
-8 -18 -8 -17 -53897
-9 7 -9 6 -51193
-8 -21 -9 -21 -64203
23 -5 16 -6 -75659
9 -2 9 0 -74385
6 -15 6 -14 -61599
-22 24 -18 24 -58057
-19 22 -20 23 -61245
19 -7 20 -10 -69151
21 -23 21 -24 -55325
-19 21 -18 22 -61565
23 13 22 10 -62863
-11 24 -12 24 -45685
13 -23 13 -24 -57143
0 0 0 -2 -57749
17 -8 19 -8 -77949
-11 6 -13 -7 -75531
-13 -10 -13 -13 -62407
-1 -17 -3 -16 -64381
-6 0 -7 3 -69905
14 16 14 15 -35841
3 -23 3 -24 -54975
23 5 24 7 -56423
-17 24 -16 24 -48005
-2 -8 -4 -4 -73533
-24 8 -23 9 -62081
6 -22 6 -21 -58119
21 5 21 4 -57665
5 24 -21 24 -46675
2 -20 3 -21 -63699
-11 24 -11 23 -60387
14 0 14 -8 -77043
-11 22 -12 23 -59751
17 -22 15 -24 -64195
15 -14 17 -13 -62421
-6 0 -11 0 -62385
-12 12 -13 9 -63663
-5 -13 -5 -11 -58221
4 -24 3 -23 -53633
-13 10 -11 12 -66195
6 -19 7 -21 -62031
-4 23 -8 22 -51655
13 -23 14 -24 -63407
11 0 10 -3 -85957
10 -24 8 -24 -63293
10 5 9 1 -63753
0 -5 2 -15 -74719
-8 2 -10 4 -61377
19 -7 19 -1 -74063
-19 -23 -21 -24 -48789
23 18 24 17 -64265
-10 -16 -3 -16 -65195
-9 -20 -8 -19 -63763
9 10 10 12 -45173
17 -16 11 -14 -68855
-23 -7 -24 -7 -49739
23 23 24 22 -52665
-6 -23 -6 -22 -65151
9 18 11 19 -44819
-16 -19 -18 -20 -60525
15 -22 15 -23 -63303
0 -23 0 -24 -62795
-16 1 -16 0 -57691
22 9 16 10 -59933
-16 11 -14 11 -57767
-14 24 -15 23 -52475
-3 -21 -1 -24 -71513
-8 9 -9 9 -65283
-24 -1 -23 -2 -54915
-7 24 -9 24 -46761
-18 24 -19 22 -59773
24 -7 23 -6 -56279
-11 9 -10 6 -58239
6 22 11 -5 -70675
0 24 5 22 -62439
-1 -11 -1 -12 -55173
-23 11 -24 15 -54933
1 7 -1 5 -60009
-16 7 -16 8 -56033
-6 0 -6 12 -67417
21 -23 20 14 -76463
-18 12 -20 10 -62457
22 -9 23 -12 -65037
-16 19 23 18 -54377
-19 16 -21 15 -55569
-1 -22 -1 -24 -67915
5 -17 3 -19 -63703
-14 -17 -15 -18 -57605
-21 -8 -20 -12 -71189
6 23 7 22 -64083
-22 24 -21 24 -56679
4 4 3 5 -54347
-24 20 -21 24 -62965
-23 -12 -24 -7 -65691
24 -15 23 -17 -49921
-1 24 -1 23 -53263
3 13 2 13 -57051
21 21 17 20 -58091
23 -18 23 -19 -49071
24 3 22 4 -74891
19 19 18 21 -56339
2 -5 0 -6 -55081
-17 4 -16 5 -61479
4 -24 5 -22 -55905
22 -1 22 22 -68101
-6 -12 -10 -11 -59935
6 2 13 0 -70111
-16 -22 -14 -24 -62285
-14 -6 -13 -6 -49713
-23 6 -24 6 -55615
-1 24 0 24 -50125
10 -3 8 -6 -80155
10 -7 10 -3 -75637
15 24 16 23 -50683
-4 17 -5 15 -44969
-12 -2 -13 -7 -54843
-24 5 -24 4 -47937
9 -1 12 -1 -63499
-10 8 -11 11 -64327
-8 -24 -7 -23 -57447
6 0 5 -1 -56745
17 -9 18 -11 -65673
-22 -14 -24 -15 -58785
-14 24 -16 24 -47455
19 7 13 6 -63899
23 12 24 10 -58861
21 -5 21 -7 -68237
-15 4 -16 2 -58393
-12 -20 -12 -21 -62429
-24 -19 -22 -17 -63591
19 19 19 20 -60655
0 -14 0 -16 -52069
-19 13 -21 19 -60085
18 -19 17 -19 -66511
-1 16 -2 17 -52529
-24 -4 -24 -3 -54419
-18 20 -17 20 -59123
-6 -13 -6 -16 -62591
23 22 24 24 -47923
16 -10 20 -10 -76063
-8 -2 21 -2 -79721
0 -9 1 -11 -61053
11 -23 12 -24 -57867
-6 17 -1 17 -52319
7 10 9 8 -58455
-15 -8 -11 -11 -57893
-21 -24 -23 -24 -57443
-15 -14 -14 -18 -66575
-4 3 0 0 -60111
18 5 19 6 -57497
-1 9 -2 6 -60925
5 -14 -4 -13 -83891
3 -4 3 -3 -71015
0 -23 -1 -24 -55429
-13 -15 -13 -16 -61981
19 10 16 8 -61259
10 20 10 23 -55325
-9 5 -9 4 -48215
7 24 5 24 -37657
-24 20 -23 19 -57933
22 17 22 -13 -73473
12 -20 18 -23 -74995
-21 2 -21 3 -43951
-14 24 -14 23 -55913
-24 -23 -24 -5 -61217
-18 -23 -15 -22 -56171
21 24 20 22 -60041
-20 -6 -18 -5 -62457
23 17 24 16 -63679
9 -17 9 -19 -53777
8 4 10 1 -62293
2 15 0 14 -57397
21 -2 17 -19 -88447
-18 -16 -18 -17 -62513
14 -3 15 -1 -74767
-22 18 -24 18 -62381
4 7 4 2 -65461
1 -13 22 -8 -84445
7 -12 5 -14 -76765
-12 -17 -11 -17 -56419
14 14 15 6 -58639
-24 24 -23 24 -44343
8 -18 7 -17 -62391
0 -3 -1 -3 -53441
-24 14 -23 15 -57615
-13 -10 -11 -12 -60675
-2 -13 -6 -13 -58539
2 17 4 17 -65047
21 9 21 8 -62565
15 7 16 8 -57097
-22 -15 -17 -14 -63759
24 3 24 5 -50813
16 2 12 0 -68313
7 4 7 6 -64175
-23 3 -24 2 -57655
-23 -4 -22 -1 -64651
-6 21 -4 15 -51555
-5 5 -4 5 -53401
-24 -21 -21 -22 -60865
-21 -24 -22 -21 -50863
-1 -19 0 -19 -64579
24 17 24 19 -55059
24 9 22 8 -66053
2 -4 2 3 -70293
-14 11 -15 12 -65581
-24 2 -23 2 -61425
24 11 24 12 -51907
24 -22 22 -24 -59587
17 -21 16 -22 -65173
-23 -8 -24 -10 -68801
18 -24 17 -23 -66899
-23 -9 -24 -4 -52225
4 24 3 23 -42421
20 -2 20 0 -50469
-10 -1 -11 0 -60815
-8 -2 -8 -7 -54275
23 -18 23 -20 -51109
-16 -22 -16 -23 -61127
-16 -16 -14 -9 -72015
21 9 23 8 -69021
-24 11 -23 12 -63597
24 21 24 22 -51887
-22 -2 -20 -1 -75517
-24 1 -24 0 -44783
14 1 14 2 -50789
-17 11 -17 10 -57773
14 -20 8 -12 -78967
14 21 11 21 -54139
2 -5 1 -3 -62135
-24 -19 -6 -22 -59455
-16 -13 -17 -14 -59345
5 17 0 18 -71113
23 -23 -13 -1 -72605
