15 -9 11 -9 -81346
11 18 8 21 -53068
14 -11 13 16 -79220
13 11 15 13 -64080
2 -11 1 -10 -70796
0 23 3 24 -46190
-22 8 -19 10 -64514
-19 -20 -20 -22 -63260
-5 -2 -5 -3 -65728
-20 -13 -20 -14 -69386
0 3 -1 2 -53432
12 -13 13 -10 -61614
-24 -20 -24 -16 -57776
-10 13 -9 15 -57760
20 -14 16 -17 -65012
1 -17 0 -19 -57318
13 23 -15 24 -55374
-23 4 -19 2 -68702
-7 12 -5 10 -46930
-1 12 0 11 -45988
5 -10 0 -10 -82816
-12 9 -10 24 -60040
1 -4 2 -2 -64544
20 14 20 13 -50680
-12 -10 -13 -11 -56612
-18 -5 -17 -6 -65672
24 8 24 6 -57786
-23 7 -23 8 -55970
-17 19 -17 13 -52644
-2 -20 -2 -19 -60868
-1 -8 2 -8 -68068
-13 -24 -12 -23 -50418
23 24 22 24 -41148
-4 -1 -6 -2 -63266
24 16 24 14 -49654
1 -12 1 -13 -69804
-21 -16 -20 -19 -69512
-24 20 -24 22 -47110
-2 20 24 -15 -82906
20 -19 4 -19 -71508
10 -23 11 -23 -62312
7 -10 6 -11 -57226
-20 -19 -18 -19 -59784
-10 -22 -11 -24 -54846
-18 -6 -17 -4 -55976
22 24 21 23 -47926
-21 23 -21 22 -63670
23 -14 24 -14 -47838
-6 1 -6 0 -57540
-12 15 -13 15 -53248
11 9 14 9 -69480
21 16 18 15 -63024
23 9 24 9 -62400
22 -2 21 -1 -50096
-13 -9 -12 -8 -57100
23 11 24 11 -62984
15 -23 13 -24 -44386
15 -11 12 -10 -74882
23 11 24 4 -68116
-22 -14 -23 -12 -65242
23 -23 24 -24 -49724
-9 24 -8 23 -59704
7 -4 7 -6 -60734
-24 -4 -24 -5 -51832
6 -22 6 -24 -67260
0 11 0 13 -39800
24 -10 23 -10 -44510
13 14 16 14 -70788
17 2 18 1 -58164
-10 16 -10 14 -49410
21 2 22 3 -53260
14 1 14 -3 -48544
24 -23 22 -23 -57842
-22 24 -22 21 -62646
24 17 22 17 -60638
-1 22 0 24 -54028
0 8 -3 6 -50134
-7 -14 -7 -13 -58052
0 -3 0 -3 -237272
0 -21 1 -24 -69340
18 6 19 4 -64502
-13 -16 -10 -18 -59372
-22 -21 -23 -22 -61768
-16 -11 -16 -14 -69956
-21 -21 -18 -24 -57232
23 -3 23 -5 -50886
1 -1 0 -1 -60986
23 15 24 16 -57940
-5 0 -5 -1 -62984
0 -19 1 -20 -65170
24 -9 24 -10 -54482
18 17 -20 17 -64702
-8 21 -10 20 -61950
11 -16 12 -15 -57806
-18 23 -21 24 -68934
21 -21 21 -20 -63408
22 2 9 24 -85080
-9 -8 -9 -10 -52010
13 -18 15 -17 -60920
21 -20 22 -21 -64910
-24 -1 -22 0 -60352
-24 7 -23 6 -60116
23 -4 21 -6 -72400
4 16 2 14 -56126
-19 -13 -16 -15 -63054
-7 11 -7 14 -44600
-7 23 -7 24 -57276
8 -13 7 -1 -75704
-24 -23 -23 -20 -50020
-10 -24 -9 -24 -47430
23 -9 22 -7 -56406
8 -13 6 -17 -63924
3 -6 4 -4 -61432
5 17 4 15 -49494
-10 -5 -12 -4 -61664
17 24 18 21 -51354
-24 19 -24 17 -47636
8 24 5 -19 -92498
12 9 -14 -7 -75596
-13 2 -11 3 -63814
19 -16 20 -23 -69574
1 1 0 3 -47270
17 -4 16 -6 -61422
-23 3 -24 4 -59964
-10 0 -9 3 -60658
-9 -24 -10 -23 -54126
17 -1 16 -3 -61644
-10 11 -11 11 -53380
1 -18 -3 -1 -86434
-2 21 -5 16 -60204
17 15 15 16 -60230
3 -18 5 -17 -85408
24 -14 24 -15 -55242
8 -24 9 -23 -72630
4 0 3 -2 -67438
-8 15 -9 14 -57500
24 -23 13 -24 -54308
-24 -12 -24 -15 -55936
10 0 0 1 -63160
-3 -11 -2 -9 -61904
-3 -18 -4 -21 -61534
-4 24 -4 23 -54666
-24 -3 -24 0 -56342
-7 -4 -8 -5 -70262
8 24 7 23 -47094
13 21 15 24 -49244
22 -23 21 -23 -65898
24 -21 24 -20 -52796
-8 16 -9 17 -55016
-11 -22 -9 -24 -58600
-24 14 -24 15 -50832
-6 -5 -6 -7 -56490
-3 -23 -4 -23 -46296
5 -19 -1 -22 -82254
-17 -3 -16 -3 -58602
-15 21 -15 19 -47736
24 0 24 -23 -66902
0 -9 -1 -10 -60994
19 -1 20 0 -60276
10 -2 9 -3 -58582
5 12 6 11 -53414
-24 21 -22 22 -60882
1 11 0 10 -47050
-24 13 -23 13 -58746
22 10 22 9 -60498
7 1 22 -6 -83884
-24 -23 -21 -23 -62248
-22 24 -21 22 -61282
-1 -4 -2 -3 -57506
12 -7 2 -8 -70746
6 -11 6 -10 -56990
20 -17 22 -19 -58458
-11 24 -12 21 -65830
10 19 -9 -17 -85162
-23 -9 -23 -13 -62748
24 -11 24 -12 -50270
21 -2 18 -5 -78850
-24 -21 -23 -18 -61254
-10 -16 -8 -15 -52620
9 -16 3 15 -96046
23 21 21 22 -59452
23 -22 24 -24 -54362
-17 -1 -17 0 -54572
15 17 19 20 -57696
-12 -23 -12 -21 -60332
1 -21 1 -22 -68386
-5 -8 -4 -10 -64648
1 -24 2 -24 -55258
19 -2 4 -5 -87966
-2 18 -1 19 -56578
8 10 4 11 -57132
0 24 1 23 -51868
19 -23 21 -24 -56762
-14 24 -13 23 -56508
-24 -17 -23 -19 -58504
-15 15 -17 15 -51594
-13 0 -14 0 -62472
-18 -22 -16 -24 -53384
18 12 19 13 -63796
1 -23 0 -24 -64594
-5 -23 -8 -24 -48046
22 -23 19 -1 -71076
3 -16 1 -17 -73190
-11 17 -12 18 -53868
-24 7 -24 10 -54844
-3 -7 -2 -9 -65868
23 1 24 1 -48608
6 -23 5 -24 -78134
4 0 2 -24 -78356
0 -7 1 -10 -65498
-2 24 -4 24 -46672
-24 24 -24 0 -59606
-2 8 -5 3 -57932
-13 -11 -15 19 -75174
19 22 19 21 -49318
1 -2 2 -3 -55730
-18 -8 -17 -10 -61966
8 -7 10 -5 -57646
-23 -18 23 6 -60864
-23 -10 -24 -11 -58858
-4 7 -1 2 -54294
-24 -14 -22 -15 -55346
-24 -20 -23 -22 -49130
20 -12 10 8 -89518
-24 12 -24 10 -47566
3 22 3 20 -44540
-19 18 -17 17 -64022
11 -23 10 -24 -65720
6 -21 4 -22 -89828
24 -4 23 -5 -62602
23 7 21 6 -64176
-23 -9 -22 -9 -56232
7 8 4 -13 -83680
24 -13 -6 -11 -74530
-21 0 -20 -1 -63896
-24 5 -24 6 -52174
-8 -19 -8 -21 -58874
24 -23 24 -24 -40766
-6 19 -6 23 -53984
24 18 23 21 -49414
23 -6 23 17 -74128
5 24 6 22 -40254
23 21 22 -13 -79338
-21 0 -19 0 -60670
-24 17 -24 16 -50940
20 -14 20 -12 -57074
22 -20 24 -19 -60424
10 23 11 24 -45558
-24 5 0 12 -68850
23 15 24 17 -56196
-19 -7 -19 -5 -57122
-20 -10 -19 -10 -59204
-9 -1 -9 -2 -59254
7 14 5 14 -51464
-15 -18 -15 -19 -58508
-23 16 -24 17 -61500
-20 -16 -21 -18 -67336
-24 11 -23 10 -53302
4 -18 2 -14 -56746
-14 -23 -16 -24 -56876
1 17 2 18 -56336
-6 -6 -9 -3 -58158
7 0 7 -2 -62622
23 2 24 1 -45442
-19 7 -18 7 -60762
0 -24 -1 -24 -53954
14 -3 13 -3 -79644
-18 1 -15 1 -61478
-10 -1 -8 0 -68936
24 -14 24 -13 -55508
5 -22 13 -21 -78206
13 -8 12 -15 -63250
-18 -12 -19 -10 -67894
9 22 8 22 -36244
5 -24 6 -24 -67898
-2 11 -1 8 -45478
14 7 15 6 -54944
-14 -5 -15 -2 -63454
10 15 10 20 -41656
-8 -18 -8 -17 -47936
-9 7 -9 6 -48766
20 6 22 2 -65870
-16 20 -15 19 -60448
12 -23 12 -20 -64904
24 -21 22 -22 -61538
-22 24 -18 24 -67092
-19 22 -20 23 -70240
-1 -14 -2 -13 -64584
21 -23 21 -24 -47076
8 -3 14 -19 -77036
23 13 22 10 -63248
-11 24 -12 24 -49846
-12 -24 -15 -24 -48828
22 -23 19 -24 -59128
-18 15 -19 13 -54212
-12 6 -13 9 -57784
-13 -10 -13 -13 -59808
7 -19 6 -21 -84342
20 10 16 9 -65746
14 16 14 15 -35984
3 -23 3 -24 -62638
23 5 24 7 -60124
-17 24 -16 24 -52200
-4 -5 -5 -5 -59328
-24 8 -23 9 -60268
4 -24 5 -24 -65450
1 10 23 15 -72730
5 24 -21 24 -59174
2 -20 3 -21 -64780
-11 24 -11 23 -62930
24 -1 22 -3 -56436
-11 22 -12 23 -63104
19 -9 16 -7 -67168
2 22 1 24 -53422
12 -19 12 -18 -68200
5 9 5 8 -39364
-5 -13 -5 -11 -62804
4 -24 3 -23 -54762
14 12 12 12 -71776
15 22 18 21 -50946
-4 23 -8 22 -64364
13 -23 14 -24 -56812
5 4 6 3 -47402
10 -24 8 -24 -61420
17 -16 17 -14 -59782
14 2 13 2 -67346
-8 2 -10 4 -57648
-7 -11 -6 -10 -52752
-19 -23 -21 -24 -50546
18 10 19 8 -58208
-6 18 -5 17 -49980
-9 -20 -8 -19 -58116
9 10 10 12 -43856
20 14 23 13 -68012
-23 -7 -24 -7 -50142
23 23 24 22 -48660
12 -18 12 -19 -68352
15 -3 13 -3 -80494
-16 -19 -18 -20 -64424
-16 -14 -16 -15 -73538
0 -23 0 -24 -59174
-16 1 -16 0 -55052
-2 -2 0 -1 -66454
15 -14 15 -18 -61580
-14 24 -15 23 -55014
24 -5 13 19 -87660
-8 9 -9 9 -53120
-24 -1 -23 -2 -59288
-7 24 -9 24 -60130
-18 24 -19 22 -51906
12 -16 10 -14 -57968
-11 9 -10 6 -58080
3 11 0 11 -55312
6 24 5 22 -53248
17 -7 16 -7 -70430
-23 11 -24 15 -54572
4 -13 1 20 -86356
-16 7 -16 8 -52646
-4 -1 -6 0 -50492
24 -19 24 -15 -51446
12 -18 6 20 -97802
22 -20 21 -22 -64674
2 0 2 -1 -61166
-19 16 -21 15 -58574
8 8 8 6 -44014
-20 -11 -18 -9 -60424
-14 -17 -15 -18 -61534
13 -4 11 -5 -70772
-14 3 11 -23 -80716
-22 24 -21 24 -60820
21 -8 19 -8 -62426
-24 20 -21 24 -59636
-23 -12 -24 -7 -57234
24 -15 23 -17 -55810
-1 24 -1 23 -53662
-19 4 10 2 -72522
15 19 16 21 -52932
14 6 13 5 -60428
-2 -6 -1 -6 -62320
19 9 18 8 -64456
17 -9 8 -11 -84896
-17 4 -16 5 -61916
20 17 21 15 -59622
14 9 13 8 -63568
-6 -12 -10 -11 -53044
-9 23 -10 22 -63730
-16 -22 -14 -24 -54516
-14 -6 -13 -6 -56152
-23 6 -24 6 -59386
-1 24 0 24 -43694
24 -6 24 -12 -64082
20 3 20 4 -51976
15 24 16 23 -46958
-4 17 -5 15 -47574
-12 -2 -13 -7 -56144
-24 5 -24 4 -48852
-8 0 -11 0 -66646
11 20 11 22 -55340
-8 -24 -7 -23 -49106
-12 11 -15 5 -62140
17 -9 18 -11 -59112
-22 -14 -24 -15 -56286
-14 24 -16 24 -53418
14 -24 14 -16 -71410
23 12 24 10 -58224
0 -1 -1 -2 -69640
-15 4 -16 2 -58146
-12 -20 -12 -21 -58844
-24 -19 -22 -17 -62390
5 -4 6 -4 -58002
-14 6 -13 6 -55482
-19 13 -21 19 -63458
-7 24 -6 24 -59948
-1 16 -2 17 -41984
-24 -4 -24 -3 -57128
-18 20 -17 20 -61590
-6 -13 -6 -16 -56252
23 22 24 24 -41096
-8 21 -9 -5 -74640
9 -3 11 -3 -58060
-19 8 -17 7 -59566
11 -23 12 -24 -60774
2 -23 -20 -4 -82168
7 8 12 7 -53428
15 -14 17 -15 -63510
-21 -24 -23 -24 -58738
-15 -14 -14 -18 -71280
-15 3 -14 1 -56362
24 -5 23 -4 -47922
-24 15 -3 13 -64002
10 12 9 12 -55280
3 1 24 7 -67920
0 -23 -1 -24 -62866
-13 -15 -13 -16 -64970
4 6 1 6 -58716
10 20 10 23 -55938
6 -11 0 -12 -84598
-7 -4 -6 -3 -75130
-24 20 -23 19 -59482
8 -22 9 -24 -61832
19 -7 16 -10 -62684
-21 2 -21 3 -47726
-14 24 -14 23 -57562
-24 -23 -24 -5 -63868
-18 -23 -15 -22 -60634
21 24 20 22 -49786
-20 -6 -18 -5 -57218
23 17 24 16 -58892
-8 -20 2 -24 -67146
-7 5 -8 2 -52796
16 4 18 4 -59398
3 -12 3 -14 -63294
-18 -16 -18 -17 -68674
8 -4 8 -2 -61868
-22 18 -24 18 -64094
12 16 10 16 -61430
22 19 18 19 -56520
21 -14 23 -13 -59268
-12 -17 -11 -17 -55902
-1 -16 0 -17 -60938
-24 24 -23 24 -45832
8 -18 7 -17 -50954
15 -23 15 -24 -48684
-24 14 -23 15 -57862
-13 -10 -11 -12 -61030
-2 -13 -6 -13 -48344
2 8 1 8 -57122
15 -11 16 -11 -72910
-1 2 -1 8 -53264
10 -23 10 -24 -62492
-21 3 -20 -21 -72182
-6 -24 -7 -21 -51982
7 4 7 6 -44356
-23 3 -24 2 -53818
-23 -4 -22 -1 -62546
19 7 17 4 -58568
14 -19 17 -23 -65356
-24 -21 -21 -22 -61154
-21 -24 -22 -21 -46944
-2 17 -4 17 -48982
24 17 24 19 -43408
24 9 22 8 -68004
24 -8 24 -5 -55424
-14 11 -15 12 -50610
-24 2 -23 2 -64156
24 11 24 12 -53216
-14 -16 -15 -16 -55156
22 18 22 -23 -77712
-23 -8 -24 -10 -57868
8 -11 0 -11 -83676
-23 -9 -24 -4 -50992
4 24 3 23 -47638
8 24 17 -13 -93572
-10 -1 -11 0 -62150
-8 -2 -8 -7 -64954
4 -21 6 -18 -94824
-16 -22 -16 -23 -53020
17 -17 18 -17 -57360
0 -14 0 -9 -76774
-24 11 -23 12 -61004
24 21 24 22 -42130
6 -22 -12 -22 -69520
-24 1 -24 0 -44416
14 1 14 2 -40584
-17 11 -17 10 -46428
-8 24 -2 22 -62654
14 21 11 21 -59872
18 -6 21 -5 -72132
6 -18 5 -19 -89178
-16 -13 -17 -14 -63460
13 19 12 19 -64128
5 0 5 -1 -63436
