18 11 17 8 -56477
23 -23 23 -24 -55045
-17 1 -16 0 -71035
21 9 19 8 -54933
1 -5 1 -13 -76793
0 23 3 24 -52053
-4 3 -24 0 -63883
-9 21 -7 20 -64745
10 -23 8 -22 -53567
-20 -13 -20 -14 -59755
-18 0 -19 0 -55531
3 0 2 -3 -76535
-24 -20 -24 -16 -55513
-20 -8 -19 -5 -59905
-2 3 -2 1 -77339
-7 -13 -8 -13 -56629
-4 -22 -3 -24 -58889
9 7 10 8 -63511
-7 12 -5 10 -67365
0 -2 -2 -4 -64255
-14 16 -15 15 -62415
5 -7 5 -4 -68941
24 -5 22 0 -68065
18 -21 18 -24 -58619
0 -11 1 -14 -65545
13 14 23 -24 -63983
24 8 24 6 -48943
-23 7 -23 8 -52503
-17 19 -17 13 -66151
-3 14 -4 15 -72711
-3 -11 0 -6 -67885
-13 -24 -12 -23 -58125
23 24 22 24 -45307
16 19 17 20 -42891
24 16 24 14 -51875
4 13 5 15 -60761
3 11 4 5 -71027
-24 20 -24 22 -37603
23 -10 23 -6 -67631
13 -18 13 -20 -50361
-16 5 -16 3 -57069
-6 20 14 18 -74157
-20 -19 -18 -19 -58699
-10 -22 -11 -24 -63055
-18 -6 -17 -4 -65431
22 24 21 23 -52491
-12 7 -12 5 -63871
23 -14 24 -14 -51459
-6 1 -6 0 -60357
-1 15 -2 15 -55153
9 24 10 24 -38399
11 12 12 14 -47595
-16 -3 24 9 -76363
-10 -5 -10 -6 -58813
23 7 24 5 -49195
23 11 24 11 -43249
15 -23 13 -24 -50431
-21 -22 24 -3 -62059
-4 19 -4 9 -81945
-22 -14 -23 -12 -59561
24 0 24 -1 -52651
-9 24 -8 23 -60729
-13 5 -16 15 -81861
-24 -4 -24 -5 -53317
8 17 8 16 -46097
-13 -18 -14 -19 -63081
24 -10 23 -10 -47401
11 -23 20 -22 -56211
17 -20 17 -17 -51861
-10 16 -10 14 -66291
4 23 3 21 -54543
24 0 24 1 -54267
24 -23 22 -23 -49561
9 1 10 0 -66167
24 17 22 17 -54245
-1 22 0 24 -59801
22 17 22 18 -63773
-7 -14 -7 -13 -64499
9 -8 8 -9 -62463
15 24 16 20 -62961
16 0 15 -3 -57065
10 -5 10 -4 -55111
-22 -21 -23 -22 -61229
-16 -11 -16 -14 -63145
-21 -21 -18 -24 -57723
23 -3 23 -5 -56143
-20 -17 -23 -18 -71791
23 15 24 16 -59705
20 -2 19 -1 -52305
-3 10 0 8 -69383
24 -9 24 -10 -58577
4 0 16 -13 -80919
-9 0 -11 -4 -72085
13 0 13 -4 -58431
-18 23 -21 24 -57913
-5 -20 -7 -21 -65493
11 -22 9 -22 -67827
0 -17 -2 -16 -52891
-20 3 -19 0 -72515
14 7 13 9 -52723
-24 -1 -22 0 -57631
-24 7 -23 6 -61061
-12 9 -14 9 -58719
7 -16 8 -17 -57187
-19 -13 -16 -15 -60397
0 17 21 14 -67685
-7 23 -7 24 -52719
5 0 5 -1 -64731
-24 -23 -23 -20 -49227
-10 -24 -9 -24 -47281
23 -9 22 -7 -64111
-11 -12 -9 -14 -79579
-7 20 -20 21 -72063
9 -10 6 -11 -66143
13 -13 10 -13 -63389
-1 9 -2 2 -95605
-24 19 -24 17 -57199
8 3 8 1 -63285
24 -13 -19 -16 -64467
-6 2 24 8 -73561
-17 19 -16 17 -56555
24 -10 8 -10 -68879
16 -6 17 -8 -52327
-23 3 -24 4 -68277
-21 5 -19 3 -72251
-9 -24 -10 -23 -59733
2 -21 4 -24 -62059
-10 11 -11 11 -63687
6 -20 4 -24 -64365
-2 -4 0 -6 -68183
24 -6 22 -10 -62137
-10 0 -10 -4 -78439
24 -14 24 -15 -51407
-5 -24 -1 -23 -62787
18 -21 14 -18 -60691
7 -2 7 -3 -62223
-2 15 -4 20 -72747
-24 -12 -24 -15 -49877
5 5 3 1 -75647
23 -24 0 -24 -53603
-3 -18 -4 -21 -58855
-4 24 -4 23 -55041
-24 -3 -24 0 -59431
17 5 13 7 -52811
8 24 7 23 -39971
13 21 15 24 -44761
10 -5 11 -6 -57701
24 -21 24 -20 -41997
-8 16 -9 17 -66009
23 5 24 5 -43359
-24 14 -24 15 -57891
6 8 6 5 -61129
-1 -8 0 -9 -65965
10 -6 12 -6 -54915
-17 -3 -16 -3 -52555
-15 21 -15 19 -44623
-12 15 -12 16 -64087
3 -21 3 -19 -60535
21 -17 21 -14 -50301
8 0 9 -1 -67725
1 -7 0 -7 -57721
-24 21 -22 22 -44589
1 11 0 10 -59211
-24 13 -23 13 -53949
22 10 22 9 -54699
16 7 16 5 -56511
-24 -23 -21 -23 -64273
-22 24 -21 22 -38265
-8 -3 -11 -4 -67527
-16 5 -15 5 -57443
17 22 18 18 -61183
20 -17 22 -19 -59309
-11 24 -12 21 -66665
1 -8 4 -8 -65631
-23 -9 -23 -13 -59989
24 -11 24 -12 -51767
15 -16 15 -14 -51579
-24 -21 -23 -18 -63869
-10 -16 -8 -15 -60419
22 -22 23 -19 -56747
0 -15 0 -16 -54839
19 15 22 14 -61693
-17 -1 -17 0 -73889
23 -11 16 -11 -70969
-4 -5 -3 8 -88783
12 -6 12 -10 -47493
12 24 -24 9 -62723
-5 -23 -5 -21 -66771
4 -12 6 -11 -60723
-15 13 -19 17 -64423
0 -5 -2 -3 -67073
0 24 1 23 -52563
19 -23 21 -24 -58029
-14 24 -13 23 -52561
-24 -17 -23 -19 -52933
-15 15 -17 15 -51627
23 -7 24 16 -61849
-18 -22 -16 -24 -52447
4 24 4 23 -45133
-12 -7 -14 -6 -62261
-5 -23 -8 -24 -57209
10 3 7 1 -59533
5 -6 6 -5 -68917
-11 17 -12 18 -59649
-24 7 -24 10 -51295
4 24 5 24 -40081
23 1 24 1 -44983
12 -16 14 -14 -54605
-3 19 -3 20 -48093
-13 -3 -13 0 -81861
-2 24 -4 24 -61717
0 4 0 5 -85033
-11 -2 -11 3 -69047
-3 -13 -2 -16 -63085
19 22 19 21 -57029
5 9 8 9 -47725
-18 -8 -17 -10 -60769
1 0 1 1 -70595
-10 2 -18 14 -89567
-23 -10 -24 -11 -59549
0 5 1 5 -49725
-24 -14 -22 -15 -56169
-24 -20 -23 -22 -50735
1 1 2 2 -69605
-24 12 -24 10 -48315
3 -11 3 -13 -57817
21 15 20 7 -66217
-9 12 -6 12 -61185
-6 -9 -5 -13 -66551
24 -4 23 -5 -46847
12 14 13 13 -52035
-23 -9 -22 -9 -57601
21 -16 19 -17 -62955
-1 14 -1 15 -69713
-21 0 -20 -1 -70971
-24 5 -24 6 -51091
11 -9 11 -13 -48085
24 -23 24 -24 -47781
2 -6 1 -7 -62777
24 18 23 21 -54677
20 -6 19 -5 -61793
5 24 6 22 -44031
18 -16 15 -15 -60437
-9 0 11 0 -83601
-24 17 -24 16 -68199
-10 -18 -12 -17 -72151
-12 20 -11 21 -60519
18 24 24 23 -58493
7 6 -11 3 -79495
23 15 24 17 -64371
-8 -22 -8 -23 -66657
-20 -10 -19 -10 -54283
16 5 16 3 -52079
-4 6 -5 6 -61273
-15 -18 -15 -19 -65255
-23 16 -24 17 -59711
-20 -16 -21 -18 -65247
-24 11 -23 10 -53615
24 5 24 2 -51553
-14 -23 -16 -24 -59097
-6 -23 -6 0 -72021
-24 15 -24 18 -70473
20 2 19 1 -59721
-14 4 -15 9 -76047
-19 7 -18 7 -51077
0 -24 -1 -24 -56619
4 19 5 20 -51797
-13 3 -14 3 -56651
1 12 2 12 -44603
24 -14 24 -13 -52519
12 2 10 1 -59921
-3 12 -4 10 -57507
8 -19 8 -16 -56419
-11 -14 -10 -15 -83013
7 -23 6 -24 -52913
-4 6 -4 3 -89497
-6 21 -8 16 -58749
10 -22 11 -21 -70661
8 -14 8 -17 -53099
-11 -2 10 -1 -83903
20 -2 19 -4 -57449
10 16 7 18 -54657
-9 13 -9 12 -59847
2 -24 1 -24 -61569
24 -21 22 -22 -57713
-22 24 -18 24 -60989
-3 24 -1 21 -63531
8 8 9 7 -54295
21 -23 21 -24 -54865
-13 -7 -11 -10 -65277
2 -14 1 -14 -50617
-11 24 -12 24 -53515
-12 -24 -15 -24 -54295
10 22 14 23 -39733
-18 15 -19 13 -61131
-12 6 -13 10 -71023
-13 -10 -13 -13 -60179
-4 -21 -6 -21 -63611
-3 -12 0 -10 -58409
14 16 14 15 -48747
-12 5 -12 3 -58127
23 5 24 7 -53263
-17 24 -16 24 -53005
-4 -5 -5 -5 -56763
-24 8 -23 9 -55077
11 24 12 23 -49297
15 -11 15 -12 -49021
-14 1 -15 -3 -80861
0 8 -1 10 -70715
-11 24 -11 23 -59083
3 -24 0 -24 -62783
-11 22 -12 23 -61291
-15 -17 -15 -21 -67917
-3 -24 -4 -24 -57503
-13 -4 -13 -5 -69419
-24 -2 -23 -23 -57761
12 -3 9 19 -73043
4 -24 3 -23 -52013
3 -3 5 -2 -68303
4 22 24 21 -51291
17 -19 14 -22 -56935
13 -23 14 -24 -54537
5 4 6 3 -58021
10 -24 8 -24 -58263
1 15 0 13 -67301
22 2 20 0 -60189
15 -13 16 -15 -53397
-7 -11 -6 -10 -58131
-19 -23 -21 -24 -49063
19 -23 21 -23 -59755
17 14 18 14 -45383
10 12 9 15 -57031
9 -18 8 -20 -67631
15 -11 19 -12 -61097
-23 -7 -24 -7 -51531
23 23 24 22 -42787
13 1 15 1 -57111
16 -13 2 -15 -81785
-16 -19 -18 -20 -66671
-2 -1 -2 0 -70749
0 -23 0 -24 -47341
-2 -9 -1 -13 -71589
-3 -14 -4 -15 -59397
7 -15 8 -15 -62845
-14 24 -15 23 -56215
24 13 23 11 -54479
23 -13 18 -13 -71041
-24 -1 -23 -2 -62755
-7 24 -9 24 -55331
-18 24 -19 22 -40015
-3 13 0 10 -71379
19 -12 23 -7 -63353
13 -23 13 -24 -57185
2 10 0 6 -72141
1 9 1 11 -63383
-23 11 -24 15 -57839
11 24 12 22 -53927
-4 2 -3 3 -60953
-4 -15 -5 -15 -54953
2 0 3 -3 -71293
15 17 16 16 -54155
5 0 -1 2 -65503
10 10 9 8 -59661
-19 16 -21 15 -55983
-1 0 -1 -4 -77297
-20 -11 -18 -9 -63881
-14 -24 -15 -23 -52361
18 -18 17 -19 -55925
-5 0 -6 0 -68123
-22 24 -21 24 -54729
21 5 18 6 -49765
-24 18 -21 17 -58223
-23 -12 -24 -7 -56037
24 -15 23 -17 -45787
-1 24 -1 23 -56303
13 -3 13 -4 -54529
5 10 6 13 -59655
18 -23 16 -22 -52015
16 -9 14 -13 -52301
-17 8 -22 23 -75523
-6 17 -4 -4 -91297
-9 -3 -11 -3 -64991
20 17 21 15 -66633
14 9 13 8 -51431
-14 -3 -15 -2 -63725
-9 23 -10 22 -58711
-21 -21 -21 -18 -64725
-14 -6 -13 -6 -55925
-23 6 -24 6 -59631
-1 24 0 24 -56713
-5 17 -9 18 -65755
-10 5 -5 8 -75933
15 24 16 23 -43491
-4 17 -5 15 -61401
17 1 16 1 -45255
-24 5 -24 4 -49261
3 -20 4 -8 -69609
-9 -18 -9 -19 -46229
-8 -24 -7 -23 -55257
5 -24 3 -24 -45211
-12 -9 23 0 -75309
-22 -14 -24 -15 -61021
-14 24 -16 24 -54935
-10 -17 -9 -16 -58785
23 12 24 10 -50409
-22 17 1 0 -77557
15 -3 11 -3 -55225
-14 16 -13 11 -69913
-24 -19 -22 -17 -67719
-4 24 -3 24 -58295
-10 -1 -9 -3 -71991
-8 -2 -10 -18 -77621
-7 24 -6 24 -50919
-1 16 -2 17 -70645
-24 -4 -24 -3 -58371
-18 20 -17 20 -57373
-6 -13 -6 -16 -63601
23 22 24 24 -41039
11 3 14 5 -61105
-24 5 -21 1 -75269
-18 1 -19 -2 -68487
11 -23 12 -24 -54625
-4 7 -3 2 -95705
-24 5 0 15 -70929
7 -19 6 -20 -68775
-21 -24 -23 -24 -60771
23 -13 24 -14 -54565
-15 3 -14 1 -68625
24 -5 23 -4 -60581
24 -4 22 -3 -59557
10 12 9 12 -51707
0 -23 0 -19 -63519
-15 -3 -15 -4 -71443
-13 -15 -13 -16 -56759
0 16 0 18 -56415
4 -17 3 -14 -54095
11 1 3 -8 -82189
-10 -10 -10 -9 -55343
-3 5 -4 10 -81153
23 -9 24 -12 -59025
18 24 21 24 -48265
0 24 -3 23 -64207
-14 24 -14 23 -51913
3 -17 0 -19 -55221
-18 -23 -15 -22 -60091
21 24 20 22 -56067
-7 -7 -7 -8 -52617
23 17 24 16 -54917
-24 22 -24 18 -47915
-11 -23 -10 -24 -59445
-9 24 12 19 -69599
24 5 24 0 -57003
-18 -16 -18 -17 -56195
-18 -9 -18 -10 -61597
12 -23 10 -24 -66111
-6 10 -7 13 -69249
22 19 18 19 -59967
5 -22 6 -19 -69567
-12 -17 -11 -17 -68929
-11 -16 -12 -15 -78841
-24 24 -23 24 -36931
-13 -22 -13 -24 -57265
15 -23 15 -24 -56945
-24 14 -23 15 -57335
-7 9 -12 8 -70607
6 1 6 3 -66869
4 2 4 -12 -86037
16 14 17 10 -54057
-10 -6 -7 -7 -64913
10 -23 10 -24 -48539
23 -23 20 -22 -62737
-6 -24 -7 -21 -67091
-1 -20 -3 -24 -67191
-23 3 -24 2 -52023
-23 -4 -22 -1 -64005
11 3 10 6 -57595
16 22 16 24 -53631
-24 -21 -21 -22 -64093
-21 -24 -22 -21 -48687
18 5 19 7 -60355
24 17 24 19 -58439
2 -8 5 -7 -69225
24 -8 24 -5 -57229
4 13 4 14 -60265
-24 2 -23 2 -62543
24 11 24 12 -51629
-14 -16 -15 -16 -65305
-9 12 -12 4 -72721
-23 -8 -24 -10 -58491
-15 -14 -16 -14 -62447
-23 -9 -24 -4 -51787
-4 -3 -4 -1 -68459
-2 -22 0 -23 -59147
-16 -7 -15 -4 -66801
18 11 21 19 -61089
0 -8 0 -9 -64927
-16 -22 -16 -23 -52899
12 -15 10 -14 -60823
-8 3 -4 1 -78839
-24 11 -23 12 -57823
24 21 24 22 -44193
6 17 6 20 -45395
-24 1 -24 0 -48489
14 1 14 2 -47947
-17 11 -17 10 -51137
12 21 12 16 -46369
21 -23 22 -22 -60547
7 24 6 24 -39237
1 6 1 4 -84699
-16 -13 -17 -14 -62679
-13 10 -7 17 -77723
24 -20 21 -19 -61223
