6 11 6 10 -61953
23 -23 23 -24 -56741
-19 9 -20 9 -49229
3 5 10 5 -68111
-7 20 -10 20 -63451
-6 14 -6 15 -56349
-3 2 -18 2 -73665
-17 3 -16 -1 -51879
10 -23 8 -22 -53505
-20 -13 -20 -14 -65095
-12 18 -10 19 -58583
-22 24 -21 18 -61515
-24 -20 -24 -16 -56419
13 -13 11 -17 -70747
2 17 2 14 -65105
-7 -13 -8 -13 -57445
-4 -22 -3 -24 -52403
13 19 15 18 -64495
21 3 20 1 -60949
2 13 2 11 -67073
15 7 21 9 -70947
19 -8 16 -7 -49167
1 23 0 21 -72431
18 -21 18 -24 -63369
0 -11 1 -14 -55955
-14 -8 -16 -9 -50867
24 8 24 6 -46005
-23 7 -23 8 -62439
1 -7 0 -10 -66821
-24 8 -22 8 -57113
9 23 8 22 -56265
-13 -24 -12 -23 -53837
23 24 22 24 -53451
17 20 17 16 -70505
24 16 24 14 -43025
-1 5 0 6 -71621
-14 21 -14 19 -48025
-24 20 -24 22 -52143
-11 0 2 21 -95925
13 -18 13 -20 -51321
-6 6 -15 6 -60485
-10 1 -12 3 -63807
-20 -19 -18 -19 -62249
-10 -22 -11 -24 -59223
9 11 6 13 -65237
22 24 21 23 -60041
10 -7 8 -9 -63137
23 -14 24 -14 -50445
16 13 15 18 -69843
10 18 10 20 -65099
-8 3 -7 5 -55525
24 18 24 22 -46437
-7 -9 -9 -8 -65015
-10 -5 -10 -6 -48369
23 7 24 5 -59679
23 11 24 11 -53497
15 -23 13 -24 -44609
-21 -22 24 -3 -60051
7 -9 6 -6 -57249
-22 -14 -23 -12 -59461
24 0 24 -1 -56613
-9 24 -8 23 -64131
-15 24 -13 24 -59573
-24 -4 -24 -5 -53411
12 19 23 22 -71071
-13 -18 -14 -19 -56343
24 -10 23 -10 -48551
11 -23 20 -22 -51151
17 -20 17 -17 -49303
11 1 11 -5 -68049
17 23 15 22 -61783
24 0 24 1 -57367
24 -23 22 -23 -52389
8 -5 10 -5 -50513
24 17 22 17 -56515
-1 22 0 24 -67789
-12 14 -14 11 -62945
-7 -14 -7 -13 -56403
-14 9 -13 14 -64945
4 6 3 5 -80103
4 -23 3 -20 -58795
-8 -5 -6 -4 -57887
-22 -21 -23 -22 -57711
-16 -11 -16 -14 -56919
-21 -21 -18 -24 -60147
9 15 10 14 -59539
10 -1 11 -2 -54051
23 15 24 16 -55367
-20 17 -21 17 -78001
-11 -5 -12 -6 -57295
24 -9 24 -10 -55687
-5 -1 -4 3 -65067
-5 -12 -4 -5 -65873
5 10 4 6 -77473
-18 23 -21 24 -50169
1 0 1 -1 -68927
5 5 6 2 -71173
0 -17 -2 -16 -53465
18 0 20 2 -62455
11 10 12 -4 -88483
-24 -1 -22 0 -49757
-24 7 -23 6 -56043
15 20 13 17 -71671
7 -16 8 -17 -56385
-19 -13 -16 -15 -60545
-3 -3 -2 -3 -61437
-7 23 -7 24 -69325
13 10 13 7 -54601
-24 -23 -23 -20 -49369
-10 -24 -9 -24 -45677
-4 15 -2 15 -60899
-7 19 -5 18 -57887
4 2 3 2 -82363
-3 -8 2 -9 -62599
-1 -1 -3 -2 -62839
-21 -4 -21 -6 -50487
-24 19 -24 17 -48559
8 3 8 1 -65745
0 20 -2 17 -67195
5 0 4 -2 -75337
6 21 4 21 -70665
-21 -4 -22 -4 -48959
1 6 0 6 -62481
24 -8 24 4 -60557
-2 11 -3 12 -66725
-9 -24 -10 -23 -53979
21 13 22 12 -56129
-19 11 -23 14 -68803
6 -20 4 -24 -59855
-2 -4 0 -6 -66903
24 -6 22 -10 -58173
-6 19 -6 23 -57517
24 -14 24 -15 -55667
-5 -24 -1 -23 -59125
18 -21 14 -18 -57633
15 5 14 1 -74267
2 23 -13 22 -78897
-24 -12 -24 -15 -54051
-1 12 0 12 -71343
23 -24 0 -24 -49653
-3 -18 -4 -21 -56531
20 -12 20 -10 -60479
-24 -3 -24 0 -55597
-15 19 -14 19 -53771
8 24 7 23 -54453
0 9 -2 7 -76751
10 -22 9 -22 -60247
24 -21 24 -20 -45283
-24 -17 19 -17 -58011
23 5 24 5 -67973
-24 14 -24 15 -47079
24 0 24 -22 -53795
10 23 10 24 -40229
10 16 9 7 -72105
-17 -3 -16 -3 -52541
-9 12 -7 13 -64109
-12 15 -12 16 -47483
3 -21 3 -19 -58933
21 -17 21 -14 -54781
8 0 9 -1 -57757
16 8 15 10 -54471
-24 21 -22 22 -67935
-17 16 -18 13 -57311
-24 13 -23 13 -62977
10 -20 12 -12 -78509
24 -23 22 -20 -56077
-24 -23 -21 -23 -60693
-22 24 -21 22 -45613
-2 -4 -1 -2 -61027
20 -14 22 -13 -58549
15 -4 15 -5 -46099
20 -17 22 -19 -58367
-12 -15 -13 -14 -69859
0 -6 -3 -4 -70991
-23 -9 -23 -13 -58605
24 -11 24 -12 -59765
15 -16 15 -14 -62251
-24 -21 -23 -18 -63347
-10 -16 -8 -15 -61995
22 -22 23 -19 -55541
0 -15 0 -16 -65065
1 9 23 12 -69771
1 16 2 0 -93885
-1 12 0 10 -71779
-9 0 -11 3 -66409
12 -6 12 -10 -52129
14 3 -11 12 -87017
-5 -23 -5 -21 -56337
4 -12 6 -11 -62859
3 -11 5 -8 -73257
-10 -10 -9 -10 -64845
0 24 1 23 -48391
19 -23 21 -24 -60491
-7 9 -7 2 -66331
-24 -17 -23 -19 -51861
1 1 4 1 -82147
0 16 6 14 -89633
-18 -22 -16 -24 -54743
4 24 4 23 -49267
-12 -7 -14 -6 -63571
-5 -23 -8 -24 -52823
-21 24 -23 21 -67355
5 -6 6 -5 -64491
-11 17 -12 18 -50351
-24 7 -24 10 -57659
4 24 5 24 -64867
23 1 24 1 -63081
-15 23 -15 12 -63201
21 4 22 5 -59503
-1 7 0 6 -62225
14 21 15 21 -62561
-21 8 -21 6 -59079
3 3 3 2 -69335
-3 -13 -2 -16 -59617
24 9 12 7 -77193
-12 -21 14 -22 -62931
-18 -8 -17 -10 -55841
1 0 1 1 -69885
-11 12 -11 11 -62683
-23 -10 -24 -11 -59137
2 17 2 15 -63417
-24 -14 -22 -15 -51063
-24 -20 -23 -22 -49519
2 -5 -1 0 -73529
-24 12 -24 10 -49751
4 23 3 23 -66697
-1 -2 -2 -1 -64043
-4 24 -7 24 -55795
-6 -9 -5 -13 -57749
24 -4 23 -5 -49905
-9 19 -9 19 -238791
-23 -9 -22 -9 -54523
21 -16 19 -17 -55589
10 15 9 11 -58625
8 19 8 15 -58413
-24 5 -24 6 -58269
11 -9 11 -13 -57827
24 -23 24 -24 -49109
2 -6 1 -7 -60243
13 18 12 17 -59557
4 14 0 14 -87301
5 24 6 22 -58715
18 -16 15 -15 -54649
7 4 8 3 -62761
-24 17 -24 16 -46351
22 7 20 8 -60071
6 20 6 -3 -88573
3 17 3 21 -61539
-5 24 -5 23 -67417
-5 10 -5 13 -74717
-8 -22 -8 -23 -56541
-20 -10 -19 -10 -47261
-1 -8 -21 -8 -79823
18 2 20 0 -51155
-15 -18 -15 -19 -63131
-23 16 -24 17 -54939
-20 -16 -21 -18 -69177
-24 11 -23 10 -61543
24 5 24 2 -48249
-14 -23 -16 -24 -58861
8 -2 8 -3 -57303
-6 6 -5 9 -62839
4 -22 3 -22 -62725
-4 11 -4 16 -74977
24 -3 23 -3 -59265
0 -24 -1 -24 -56119
-18 20 -19 17 -56323
-14 10 -15 11 -47099
-17 24 3 20 -78079
24 -14 24 -13 -57789
22 -12 20 -10 -61369
1 16 0 16 -81083
8 -19 8 -16 -60997
14 0 14 -1 -58551
7 -23 6 -24 -52617
9 6 22 3 -65401
16 16 -17 11 -92715
-22 4 -24 -21 -60865
8 -14 8 -17 -64981
14 -7 13 -8 -52227
0 -7 4 -7 -68055
-5 7 -6 9 -68381
11 9 -10 12 -93949
2 -24 1 -24 -64639
24 -21 22 -22 -57003
-11 0 -12 -1 -48019
4 -9 4 -8 -69071
23 12 24 15 -52315
21 -23 21 -24 -58555
-13 -7 -11 -10 -61355
2 -14 1 -14 -52099
-11 24 -12 24 -49245
-12 -24 -15 -24 -50097
4 -9 4 -10 -67695
15 1 14 0 -59825
-8 23 -8 24 -64811
-13 -10 -13 -13 -51945
-4 -21 -6 -21 -56393
-3 -12 0 -10 -57083
-17 13 20 14 -88907
-1 18 -3 7 -91821
23 5 24 7 -49981
-17 24 -16 24 -49233
21 -4 20 -2 -51793
-24 8 -23 9 -54905
11 24 12 23 -38147
15 -11 15 -12 -55115
16 -23 17 -21 -53723
22 12 23 13 -56329
-5 12 -4 13 -72617
3 -24 0 -24 -66527
15 6 15 2 -70445
-15 -17 -15 -21 -64739
-3 -24 -4 -24 -54543
-17 3 -20 3 -46441
-7 23 -9 24 -64693
-19 9 -16 10 -45855
4 -24 3 -23 -49501
-15 22 -16 24 -55753
-14 -3 -17 -4 -59471
17 23 16 21 -54023
13 -23 14 -24 -55745
-21 -16 -20 -13 -70093
10 -24 8 -24 -56693
12 21 12 19 -70083
7 0 4 14 -94967
15 -13 16 -15 -62385
-7 -11 -6 -10 -54913
-19 -23 -21 -24 -50403
19 -23 21 -23 -57955
15 10 15 16 -65511
-9 11 -9 12 -64629
9 -18 8 -20 -61515
15 -11 19 -12 -53797
-23 -7 -24 -7 -50299
23 23 24 22 -44153
24 23 22 23 -54827
24 -4 24 21 -53729
-16 -19 -18 -20 -67937
-6 1 -9 0 -63875
0 -23 0 -24 -44703
-6 7 -8 8 -64193
-3 -14 -4 -15 -59659
7 -15 8 -15 -50985
-14 24 -15 23 -49613
20 24 21 24 -47903
2 -23 4 -2 -67061
-24 -1 -23 -2 -51691
10 14 -2 16 -93685
-18 24 -19 22 -47623
7 1 4 -3 -79723
19 -12 23 -7 -62067
13 -23 13 -24 -57597
-12 -5 -12 -4 -47585
20 16 19 22 -61803
-23 11 -24 15 -57503
13 18 13 22 -73025
12 -6 10 -8 -58821
-4 -15 -5 -15 -52897
-11 0 -11 -3 -47797
15 11 16 11 -64621
17 15 16 16 -62807
-15 3 -16 6 -48085
-12 -4 -13 -2 -52907
-12 0 17 16 -89017
-24 2 -23 1 -46409
-14 -24 -15 -23 -48001
-20 -9 4 -9 -79939
11 3 11 7 -74045
-22 24 -21 24 -56771
23 1 24 -1 -62941
-15 4 -14 5 -45431
-23 -12 -24 -7 -50737
24 -15 23 -17 -47543
-22 8 -23 0 -62965
13 -3 13 -4 -52913
-18 -23 -17 -23 -61429
18 -23 16 -22 -48663
-6 9 17 11 -85745
-10 16 -9 18 -54597
23 3 21 5 -65547
-6 14 -7 14 -61635
-15 21 19 21 -73585
6 -5 3 -6 -71827
17 9 -21 9 -82479
16 4 15 6 -61207
-21 -21 -21 -18 -64529
-14 -6 -13 -6 -64281
10 23 9 23 -39847
-1 24 0 24 -44023
19 16 20 17 -59889
-19 2 -18 1 -51633
15 24 16 23 -45243
-4 7 -6 6 -55763
-7 3 -7 0 -62977
-24 5 -24 4 -53229
15 21 15 13 -78839
-9 -18 -9 -19 -42329
-8 -24 -7 -23 -52273
5 -24 3 -24 -56113
13 20 18 19 -71025
-22 -14 -24 -15 -57823
-14 24 -16 24 -59681
-10 -17 -9 -16 -58305
23 12 24 10 -46167
-5 21 -6 20 -62391
-21 17 -20 17 -77915
11 -14 10 -15 -62003
-24 -19 -22 -17 -63365
24 -4 24 -8 -53773
1 9 0 2 -81207
-22 16 -23 16 -69165
11 -6 14 -8 -43029
0 -9 0 -11 -60143
-24 -4 -24 -3 -57383
-18 20 -17 20 -51563
-6 -13 -6 -16 -58303
23 22 24 24 -53011
3 0 4 0 -79277
0 1 0 2 -65395
-18 1 -19 -2 -53397
11 -23 12 -24 -54445
-8 1 -8 0 -57709
15 10 17 11 -67533
7 -19 6 -20 -61889
-21 -24 -23 -24 -58101
23 -13 24 -14 -56349
-3 18 -4 16 -62091
24 -5 23 -4 -56989
24 -4 22 -3 -64005
1 8 3 3 -70871
0 -23 0 -19 -62415
-18 10 -19 15 -55513
-13 -15 -13 -16 -53587
-2 23 -4 24 -52163
4 -17 3 -14 -57527
23 24 23 23 -42659
-10 -10 -10 -9 -52925
16 -1 18 0 -55311
23 -9 24 -12 -63313
-3 24 -3 22 -66627
15 -3 13 -4 -49079
-14 24 -14 23 -46137
3 -17 0 -19 -57813
-18 -23 -15 -22 -67637
21 24 20 22 -60527
-7 -7 -7 -8 -53241
23 17 24 16 -48401
-24 22 -24 18 -56629
-11 -23 -10 -24 -54587
-8 5 8 3 -81775
-19 -9 24 20 -74445
-18 -16 -18 -17 -60919
-18 -9 -18 -10 -50601
12 -23 10 -24 -52887
9 2 9 9 -78901
3 -1 3 -2 -61985
3 10 2 8 -79665
-12 -17 -11 -17 -57505
4 18 0 18 -83589
-24 24 -23 24 -45725
-13 -22 -13 -24 -54623
15 -23 15 -24 -59063
-24 14 -23 15 -54361
-23 18 11 15 -75639
-1 -6 6 -9 -73295
2 21 2 20 -61339
9 7 16 14 -67509
4 10 7 9 -63629
10 -23 10 -24 -47141
23 -23 20 -22 -67713
2 13 0 12 -75251
-1 -20 -3 -24 -61135
-23 3 -24 2 -48569
-23 -4 -22 -1 -60353
0 -15 0 -17 -65317
-18 20 -21 -8 -69865
-24 -21 -21 -22 -60349
-21 -24 -22 -21 -47999
-12 23 -13 24 -56507
23 11 23 7 -42757
-9 -12 -11 -11 -72611
24 -8 24 -5 -53499
23 4 24 4 -69343
5 23 -10 15 -88087
0 16 -22 0 -82067
-10 -16 -12 -14 -68557
8 -13 8 -12 -55019
-23 -8 -24 -10 -53275
-15 -14 -16 -14 -53711
-23 -9 -24 -4 -48533
-4 -3 -4 -1 -55061
-2 -22 0 -23 -57063
-24 22 -21 24 -70313
16 -11 13 -15 -59323
16 13 16 11 -54631
-16 -22 -16 -23 -50955
12 -15 10 -14 -47537
7 6 7 6 -238791
-24 11 -23 12 -55997
24 21 24 22 -49083
19 23 17 22 -58463
-24 1 -24 0 -46729
14 1 14 2 -66455
20 15 18 15 -54809
3 20 2 21 -67897
21 -23 22 -22 -60137
7 24 6 24 -54719
-12 6 -12 8 -44169
4 24 2 21 -64753
0 7 1 11 -81729
24 -20 21 -19 -65415
