6 11 6 10 -70335
23 -23 23 -24 -56449
-19 9 -20 9 -47815
-24 15 -23 16 -63157
-7 8 -15 9 -64349
-6 14 -6 15 -56419
-5 20 8 7 -101923
-17 3 -16 -1 -55727
10 -23 8 -22 -54425
-20 -13 -20 -14 -64423
-12 18 -10 19 -60215
-22 24 -21 18 -60241
-24 -20 -24 -16 -55715
13 -13 11 -17 -62249
9 0 10 3 -76503
-7 -13 -8 -13 -53767
-4 -22 -3 -24 -51855
-15 6 -17 8 -59569
2 1 20 0 -89393
2 13 2 11 -62443
-2 1 -2 0 -57547
19 -8 16 -7 -55319
-5 20 1 22 -68389
18 -21 18 -24 -62237
0 -11 1 -14 -52237
-14 -8 -16 -9 -48561
24 8 24 6 -51351
-23 7 -23 8 -62495
-10 -7 -8 -10 -67535
-24 8 -22 8 -58623
9 7 -11 22 -90917
-13 -24 -12 -23 -53613
23 24 22 24 -53375
23 6 10 9 -94629
24 16 24 14 -51989
-1 5 0 6 -51759
-14 21 -14 19 -44483
-24 20 -24 22 -50175
5 3 7 2 -71535
13 -18 13 -20 -46705
-6 8 15 12 -85717
-10 1 -12 3 -66169
-20 -19 -18 -19 -61037
-10 -22 -11 -24 -58105
4 -2 6 -4 -68153
22 24 21 23 -59503
10 -7 8 -9 -63611
23 -14 24 -14 -50735
15 10 13 10 -70771
10 18 10 20 -52149
-8 3 -7 5 -50253
24 18 24 22 -46587
-7 -9 -9 -8 -62899
-10 -5 -10 -6 -56411
23 7 24 5 -61019
23 11 24 11 -50983
15 -23 13 -24 -47479
-21 -22 24 -3 -65385
7 -9 6 -6 -56921
-22 -14 -23 -12 -58869
24 0 24 -1 -66591
-9 24 -8 23 -50953
-15 24 -13 24 -58885
-24 -4 -24 -5 -53057
12 13 23 8 -91583
-13 -18 -14 -19 -58287
24 -10 23 -10 -47719
11 -23 20 -22 -52739
17 -20 17 -17 -47523
11 1 11 -5 -68153
17 23 15 22 -64505
24 0 24 1 -61433
24 -23 22 -23 -53185
8 -5 10 -5 -61555
24 17 22 17 -54571
-1 22 0 24 -57655
-12 14 -14 11 -50591
-7 -14 -7 -13 -55805
19 9 19 17 -75929
-12 7 -10 5 -63873
4 -23 3 -20 -60027
-8 -5 -6 -4 -59745
-22 -21 -23 -22 -58269
-16 -11 -16 -14 -57075
-21 -21 -18 -24 -59873
9 15 10 14 -71597
10 -1 11 -2 -63617
23 15 24 16 -55497
11 7 12 6 -75667
-11 -5 -12 -6 -56115
24 -9 24 -10 -55499
-11 5 -4 4 -78275
-8 -2 -9 -6 -62039
6 10 9 11 -83027
-18 23 -21 24 -43065
1 0 1 -1 -66841
5 12 -10 13 -78327
0 -17 -2 -16 -53511
18 0 20 2 -65607
12 2 13 2 -68551
-24 -1 -22 0 -54699
-24 7 -23 6 -55873
10 5 8 6 -72895
7 -16 8 -17 -58723
-19 -13 -16 -15 -57973
-3 -3 -2 -3 -57043
-7 24 22 24 -69359
13 10 13 7 -57881
-24 -23 -23 -20 -49481
-10 -24 -9 -24 -45353
-4 15 -2 15 -59481
-7 19 -5 18 -49849
16 -2 8 -5 -80651
-3 -8 2 -9 -59145
5 4 5 -2 -66479
-21 -4 -21 -6 -49143
-24 19 -24 17 -48333
5 15 6 7 -83581
0 20 -2 17 -59805
-13 14 -8 16 -62371
-14 17 -14 18 -51843
-21 -4 -22 -4 -57235
19 24 20 3 -84263
24 -8 24 4 -73617
-2 11 -3 12 -67121
-9 -24 -10 -23 -53091
21 13 22 12 -63465
-19 11 -23 14 -56441
6 -20 4 -24 -59713
-2 -4 0 -6 -62441
24 -6 22 -10 -58047
5 10 1 12 -77607
24 -14 24 -15 -56053
-5 -24 -1 -23 -58893
18 -21 14 -18 -59587
10 0 11 1 -73495
-10 24 -7 23 -47751
-24 -12 -24 -15 -53929
-1 12 0 12 -59593
23 -24 0 -24 -54775
-3 -18 -4 -21 -57001
20 -12 20 -10 -62011
-24 -3 -24 0 -54525
-15 19 -14 19 -54199
8 24 7 23 -43615
12 17 7 14 -73613
10 -22 9 -22 -63205
24 -21 24 -20 -45309
-24 -17 19 -17 -61721
23 5 24 5 -67873
-24 14 -24 15 -46277
24 0 24 -22 -58641
10 23 10 24 -36135
-1 2 1 -4 -77455
-17 -3 -16 -3 -54385
6 22 1 0 -76227
-12 15 -12 16 -52127
3 -21 3 -19 -65519
21 -17 21 -14 -56161
8 0 9 -1 -69393
12 5 10 0 -83419
-24 21 -22 22 -62519
-17 16 -18 13 -50209
-24 13 -23 13 -63817
3 13 23 21 -81437
24 -23 22 -20 -57071
-24 -23 -21 -23 -60219
-22 24 -21 22 -44231
-2 -4 -1 -2 -55425
20 -14 22 -13 -61533
15 -4 15 -5 -50301
20 -17 22 -19 -58631
-12 -15 -13 -14 -65937
0 -6 -3 -4 -66501
-23 -9 -23 -13 -58313
24 -11 24 -12 -59165
15 -16 15 -14 -58613
-24 -21 -23 -18 -62971
-10 -16 -8 -15 -59015
22 -22 23 -19 -55507
0 -15 0 -16 -64077
17 24 12 23 -62319
-3 18 -1 4 -77691
-1 12 0 10 -66935
-9 0 -11 3 -66249
12 -6 12 -10 -51861
-15 10 -16 8 -51169
-5 -23 -5 -21 -55471
4 -12 6 -11 -59601
3 -11 5 -8 -68717
-10 -10 -9 -10 -56913
0 24 1 23 -54013
19 -23 21 -24 -61055
0 0 6 0 -65305
-24 -17 -23 -19 -51725
22 0 22 -1 -68293
0 -4 22 -6 -80199
-18 -22 -16 -24 -53909
4 24 4 23 -45373
-12 -7 -14 -6 -61297
-5 -23 -8 -24 -52239
-21 24 -23 21 -61069
5 -6 6 -5 -58301
-11 17 -12 18 -49791
-24 7 -24 10 -55549
3 23 1 24 -58863
23 1 24 1 -63177
-15 5 -15 12 -58847
21 4 22 5 -58235
-23 7 0 6 -72803
14 21 15 21 -57677
-21 8 -21 6 -61929
-1 11 -3 10 -56571
-3 -13 -2 -16 -58621
22 4 24 -8 -80715
-12 -21 14 -22 -69239
-18 -8 -17 -10 -55953
17 21 17 1 -86535
23 21 23 3 -78215
-23 -10 -24 -11 -57113
-15 19 10 20 -75225
-24 -14 -22 -15 -51595
-24 -20 -23 -22 -49055
7 13 8 11 -85675
-24 12 -24 10 -44451
16 14 18 10 -80039
-1 -2 -2 -1 -65145
-4 24 -7 24 -43731
-6 -9 -5 -13 -54483
24 -4 23 -5 -51223
14 -18 13 9 -73653
-23 -9 -22 -9 -56393
21 -16 19 -17 -57069
10 15 9 11 -68249
8 19 8 15 -58401
-24 5 -24 6 -59727
11 -9 11 -13 -57633
24 -23 24 -24 -48261
2 -6 1 -7 -57747
13 18 12 17 -54673
4 14 2 14 -67197
5 24 6 22 -58283
18 -16 15 -15 -56301
9 14 10 11 -79955
-24 17 -24 16 -47279
14 0 20 -2 -69493
11 12 3 12 -93285
1 15 1 21 -56913
-5 24 -5 23 -49847
-7 0 2 2 -64217
-8 -22 -8 -23 -56785
-20 -10 -19 -10 -47419
1 14 21 11 -101831
18 2 20 0 -68611
-15 -18 -15 -19 -63439
-23 16 -24 17 -51731
-20 -16 -21 -18 -68129
-24 11 -23 10 -57209
24 5 24 2 -47737
-14 -23 -16 -24 -59027
8 -2 8 -3 -53531
11 6 12 3 -81869
4 -22 3 -22 -61967
-21 -1 -18 -2 -59515
24 -3 23 -3 -57041
0 -24 -1 -24 -56187
-18 20 -19 17 -53739
-14 10 -15 11 -51539
-6 7 -9 6 -62189
24 -14 24 -13 -58503
22 -12 20 -10 -62583
-11 4 -12 8 -62347
8 -19 8 -16 -57507
14 0 14 -1 -63391
7 -23 6 -24 -53485
9 6 0 6 -88207
0 13 24 11 -92967
-22 4 -24 -21 -61465
8 -14 8 -17 -57961
14 -7 13 -8 -59703
0 -7 4 -7 -61141
-3 -7 -2 -6 -63985
10 7 18 6 -90045
2 -24 1 -24 -64225
24 -21 22 -22 -56389
-11 0 -12 -1 -52143
4 -9 4 -8 -65391
23 12 24 15 -60257
21 -23 21 -24 -57993
-13 -7 -11 -10 -64815
2 -14 1 -14 -49711
-11 24 -12 24 -46769
-12 -24 -15 -24 -50109
4 -9 4 -10 -64161
15 1 14 0 -71391
-8 23 -8 24 -44491
-13 -10 -13 -13 -53157
-4 -21 -6 -21 -54843
-3 -12 0 -10 -56161
17 15 16 17 -68923
19 -21 -16 -21 -70335
23 5 24 7 -53859
-17 24 -16 24 -47777
21 -4 20 -2 -61713
-24 8 -23 9 -58193
11 24 12 23 -48267
15 -11 15 -12 -55721
16 -23 17 -21 -54201
22 12 23 13 -58409
-5 12 -4 13 -54325
3 -24 0 -24 -66191
15 6 15 2 -71019
-15 -17 -15 -21 -66067
-3 -24 -4 -24 -54463
-17 3 -20 3 -55735
-7 18 -7 21 -46265
-19 9 -16 10 -48125
4 -24 3 -23 -49101
-15 22 -16 24 -49631
-14 -3 -17 -4 -57873
17 23 16 21 -53541
13 -23 14 -24 -55699
-21 -16 -20 -13 -68715
10 -24 8 -24 -59473
12 21 12 19 -46335
0 0 1 0 -58601
15 -13 16 -15 -60719
-7 -11 -6 -10 -53033
-19 -23 -21 -24 -50579
19 -23 21 -23 -59177
6 17 6 16 -52241
-9 11 -9 12 -45077
9 -18 8 -20 -60323
15 -11 19 -12 -56503
-23 -7 -24 -7 -51313
23 23 24 22 -45691
24 23 22 23 -54865
24 -4 24 21 -68949
-16 -19 -18 -20 -66977
3 20 2 20 -70657
0 -23 0 -24 -42611
8 19 5 23 -66149
-3 -14 -4 -15 -57987
7 -15 8 -15 -54107
-14 24 -15 23 -48069
20 24 21 24 -48487
16 21 -5 19 -88959
-24 -1 -23 -2 -53499
-1 6 -1 10 -50553
-18 24 -19 22 -45089
14 9 15 10 -59605
19 -12 23 -7 -64325
13 -23 13 -24 -56965
-12 -5 -12 -4 -53671
20 16 19 22 -56833
-23 11 -24 15 -50299
1 7 -10 -8 -84161
12 -6 10 -8 -64919
-4 -15 -5 -15 -51265
-11 0 -11 -3 -52607
10 17 7 16 -71779
17 15 16 16 -71441
-15 3 -16 6 -58931
-12 -4 -13 -2 -56729
18 7 19 12 -63689
-24 2 -23 1 -47007
-14 -24 -15 -23 -47949
12 2 12 6 -81883
1 7 3 0 -71387
-22 24 -21 24 -50353
23 24 0 22 -72611
-15 4 -14 5 -46147
-23 -12 -24 -7 -50781
24 -15 23 -17 -49383
-22 8 -23 0 -64313
13 -3 13 -4 -54759
-18 -23 -17 -23 -59693
18 -23 16 -22 -49943
3 -17 3 -20 -66569
-10 16 -9 18 -58077
23 3 21 5 -69409
-11 9 -13 20 -63375
16 21 19 18 -59759
6 -5 3 -6 -66231
5 10 7 12 -74769
16 4 15 6 -72237
-21 -21 -21 -18 -63907
-14 -6 -13 -6 -59925
10 23 9 23 -51847
-1 24 0 24 -50855
19 16 20 17 -57295
-19 2 -18 1 -59597
15 24 16 23 -40605
21 -8 -6 20 -93225
-7 3 -7 0 -55373
-24 5 -24 4 -53871
18 3 19 3 -71591
-9 -18 -9 -19 -43355
-8 -24 -7 -23 -50845
5 -24 3 -24 -55749
2 5 3 4 -62965
-22 -14 -24 -15 -57707
-14 24 -16 24 -59265
-10 -17 -9 -16 -57417
23 12 24 10 -52675
-5 21 -6 20 -51825
-5 12 -6 17 -61583
11 -14 10 -15 -56253
-24 -19 -22 -17 -63157
24 -4 24 -8 -58095
13 6 10 6 -75301
-22 16 -23 16 -61481
11 -6 14 -8 -54339
0 -9 0 -11 -56439
-24 -4 -24 -3 -57065
-18 20 -17 20 -43627
-6 -13 -6 -16 -58121
23 22 24 24 -50181
0 3 0 2 -58793
15 10 3 16 -100161
-18 1 -19 -2 -53237
11 -23 12 -24 -54463
-8 1 -8 0 -54991
15 -2 0 5 -101799
7 -19 6 -20 -63219
-21 -24 -23 -24 -57845
23 -13 24 -14 -55805
-3 18 -4 16 -51333
24 -5 23 -4 -58797
24 -4 22 -3 -63563
11 8 11 3 -72453
0 -23 0 -19 -63771
7 17 -19 16 -74165
-13 -15 -13 -16 -53709
-2 23 -4 24 -47507
4 -17 3 -14 -57441
23 24 23 23 -41537
-10 -10 -10 -9 -54179
16 -1 18 0 -67405
23 -9 24 -12 -64117
-3 24 -3 22 -53929
15 -3 13 -4 -66803
-14 24 -14 23 -40021
3 -17 0 -19 -57593
-18 -23 -15 -22 -66835
21 24 20 22 -59603
-7 -7 -7 -8 -55751
23 17 24 16 -51169
-24 22 -24 18 -55163
-11 -23 -10 -24 -54289
18 10 16 10 -70483
0 20 2 21 -70901
-18 -16 -18 -17 -59995
-18 -9 -18 -10 -51661
12 -23 10 -24 -56817
-18 4 1 5 -82561
3 -1 3 -2 -59001
10 9 4 7 -89157
-12 -17 -11 -17 -53385
0 0 0 7 -65149
-24 24 -23 24 -43359
-13 -22 -13 -24 -53633
15 -23 15 -24 -58717
-24 14 -23 15 -64917
12 24 11 24 -49545
0 19 9 22 -79717
2 21 2 20 -56553
-7 2 -13 0 -62441
4 10 7 9 -84103
10 -23 10 -24 -45887
23 -23 20 -22 -68599
2 8 0 8 -58067
-1 -20 -3 -24 -59557
-23 3 -24 2 -53821
-23 -4 -22 -1 -60139
0 -15 0 -17 -65357
17 4 22 3 -78405
-24 -21 -21 -22 -59459
-21 -24 -22 -21 -48549
-12 23 -13 24 -53221
23 11 23 7 -55131
-3 6 -10 7 -76619
24 -8 24 -5 -57073
23 4 24 4 -70081
9 11 9 9 -62743
-2 -8 -2 -9 -55617
-10 -16 -12 -14 -64265
8 -13 8 -12 -51547
-23 -8 -24 -10 -52725
-15 -14 -16 -14 -52161
-23 -9 -24 -4 -47551
-4 -3 -4 -1 -56447
-2 -22 0 -23 -57391
-24 22 -21 24 -64497
16 -11 13 -15 -62335
16 13 16 11 -65227
-16 -22 -16 -23 -51029
12 -15 10 -14 -52511
-11 18 23 4 -88639
-24 11 -23 12 -59305
24 21 24 22 -49051
19 23 17 22 -60643
-24 1 -24 0 -46101
14 1 14 2 -68213
20 15 18 15 -58237
3 20 2 21 -66451
21 -23 22 -22 -58667
7 24 6 24 -49823
-12 6 -12 8 -54537
4 24 2 21 -58425
-22 1 -20 2 -57959
24 -20 21 -19 -66377
