16 16 17 14 -63918
23 -23 23 -24 -57540
-19 9 -20 9 -52152
-24 15 -23 16 -66804
0 11 0 13 -60194
12 24 10 21 -58922
0 -2 1 -2 -60520
1 0 3 0 -71666
10 -23 8 -22 -55536
-20 -13 -20 -14 -65600
9 2 9 0 -70660
-5 10 -3 4 -78230
-24 -20 -24 -16 -57128
-7 3 -10 4 -60872
2 14 15 18 -82936
-7 -13 -8 -13 -55094
-4 -22 -3 -24 -52340
-11 22 -8 21 -47080
-16 1 -18 6 -54292
6 24 3 20 -71104
-2 1 -2 0 -46980
19 -8 16 -7 -57790
17 24 19 21 -56082
18 -21 18 -24 -64988
0 -11 1 -14 -52146
-14 -8 -16 -9 -52158
17 21 18 20 -60890
-23 7 -23 8 -55926
13 12 17 17 -62164
-24 8 -22 8 -58020
16 13 14 15 -62454
-13 -24 -12 -23 -53746
23 24 22 24 -59682
-2 11 14 10 -104192
24 16 24 14 -36440
-1 21 -1 21 -238638
-14 21 -14 19 -51092
-24 20 -24 22 -52014
21 -5 24 -6 -61884
13 -18 13 -20 -50392
7 -10 7 -13 -54126
-8 0 -10 0 -59606
-20 -19 -18 -19 -64686
-10 -22 -11 -24 -58040
1 23 1 24 -44448
22 24 21 23 -62006
1 18 1 10 -73248
23 -14 24 -14 -52158
-17 19 -15 22 -64362
10 18 10 20 -63586
5 0 4 0 -70896
24 18 24 22 -50704
-7 -9 -9 -8 -62600
-10 -5 -10 -6 -51110
2 13 23 21 -74912
23 11 24 11 -48068
15 -23 13 -24 -45236
-21 -22 24 -3 -71982
-4 -7 -6 -5 -58318
-22 -14 -23 -12 -60020
24 0 24 -1 -58744
-1 -21 -24 -21 -61886
-15 24 -13 24 -47292
-24 -4 -24 -5 -51922
-11 24 -12 23 -43636
-13 -18 -14 -19 -58452
24 -10 23 -10 -51432
11 -23 20 -22 -52448
17 -20 17 -17 -58350
0 21 12 3 -104198
19 9 20 6 -61802
24 0 24 1 -58398
24 -23 22 -23 -52864
10 9 11 8 -75084
24 17 22 17 -57514
-20 23 17 14 -73740
4 2 17 1 -100702
-7 -14 -7 -13 -55416
21 12 22 12 -55662
1 7 3 5 -76370
4 -23 3 -20 -67998
-8 -5 -6 -4 -62354
-22 -21 -23 -22 -58988
-16 -11 -16 -14 -61554
-21 -21 -18 -24 -62200
-17 16 23 14 -77692
20 0 21 0 -63246
23 15 24 16 -48976
-13 11 -9 11 -50930
-11 -5 -12 -6 -55038
24 -9 24 -10 -55712
10 -9 9 -9 -51518
1 21 0 22 -58220
14 -8 15 -9 -50504
-18 23 -21 24 -63456
23 12 23 11 -50270
4 15 3 14 -64712
0 -17 -2 -16 -52128
-6 21 -4 15 -58934
7 1 -4 14 -102346
-24 -1 -22 0 -52920
-24 7 -23 6 -52046
-1 10 -8 11 -65242
7 -16 8 -17 -59952
-19 -13 -16 -15 -60030
16 12 15 7 -70406
14 9 14 10 -68898
11 18 11 17 -58706
-24 -23 -23 -20 -49822
-10 -24 -9 -24 -46218
11 8 9 7 -62584
14 8 14 12 -72196
-5 1 -3 2 -45526
14 2 14 6 -76450
-17 16 -20 18 -61090
-21 -4 -21 -6 -52770
-24 19 -24 17 -57624
18 -16 18 -19 -59144
-18 -6 -17 -5 -55994
23 6 19 9 -68850
-14 17 -14 18 -64042
-21 -4 -22 -4 -64944
13 15 8 13 -61226
24 -8 24 4 -66838
2 17 0 21 -67604
-9 -24 -10 -23 -53158
21 2 -18 12 -90092
-24 17 -22 20 -61998
6 -20 4 -24 -59802
-2 -4 0 -6 -63430
24 -6 22 -10 -60150
-15 3 -13 4 -43432
24 -14 24 -15 -57892
-5 -24 -1 -23 -59656
18 -21 14 -18 -61092
22 22 24 19 -63010
-10 24 -7 23 -41602
-24 -12 -24 -15 -53680
13 2 15 0 -59754
23 -24 0 -24 -54928
-3 -18 -4 -21 -56582
20 -12 20 -10 -60690
-24 -3 -24 0 -51668
-19 23 -18 22 -67646
8 24 7 23 -56416
21 -2 -7 0 -92116
10 -22 9 -22 -64476
24 -21 24 -20 -46636
-24 -17 19 -17 -67732
23 5 24 5 -49118
-24 14 -24 15 -62784
24 0 24 -22 -56178
10 23 10 24 -43756
17 16 18 17 -56524
-17 -3 -16 -3 -54932
-2 20 -2 24 -54218
-12 15 -12 16 -66582
3 -21 3 -19 -68358
21 -17 21 -14 -59926
-18 12 -19 -7 -70942
14 15 14 13 -57726
-24 21 -22 22 -56292
-17 16 -18 13 -70770
-24 13 -23 13 -59684
0 19 1 21 -63698
24 -23 22 -20 -56578
-24 -23 -21 -23 -62428
-22 24 -21 22 -56532
-2 -4 -1 -2 -53100
20 -14 22 -13 -62990
15 -4 15 -5 -59244
20 -17 22 -19 -61760
-12 -15 -13 -14 -65120
7 20 10 24 -70042
-23 -9 -23 -13 -59044
24 -11 24 -12 -59532
15 -16 15 -14 -57484
-24 -21 -23 -18 -63292
-10 -16 -8 -15 -60022
22 -22 23 -19 -57378
0 -15 0 -16 -67714
17 24 12 23 -44242
-20 5 -18 7 -57800
-15 24 -18 22 -62152
11 4 14 4 -63610
8 9 8 5 -63930
-8 1 -8 10 -59506
-5 -23 -5 -21 -55808
4 -12 6 -11 -55126
3 -5 5 -5 -65412
-10 -10 -9 -10 -58602
17 1 17 3 -54334
19 -23 21 -24 -61168
14 20 12 19 -56384
-24 -17 -23 -19 -53154
-21 6 -21 5 -56068
1 -7 0 -4 -72236
-18 -22 -16 -24 -56998
7 9 5 8 -69134
-12 -7 -14 -6 -61246
-5 -23 -8 -24 -53378
-21 24 -23 21 -52970
5 -6 6 -5 -55766
6 22 6 0 -91160
-24 7 -24 10 -53900
18 7 1 10 -108740
23 1 24 1 -55184
2 -9 0 -6 -66452
3 1 5 20 -96234
-7 9 -7 10 -47044
20 21 19 21 -60840
-17 -1 -15 -3 -58940
-16 -11 -17 -12 -57172
-3 -13 -2 -16 -59854
-15 10 -16 13 -54896
-12 -21 14 -22 -64356
-18 -8 -17 -10 -56330
-1 21 -5 19 -53338
18 4 21 9 -63144
-23 -10 -24 -11 -59890
21 3 23 3 -65378
-24 -14 -22 -15 -53714
-24 -20 -23 -22 -49860
10 23 8 24 -48726
-24 12 -24 10 -53376
-22 15 8 17 -63338
-1 -2 -2 -1 -55776
10 6 7 3 -75540
-6 -9 -5 -13 -52284
24 -4 23 -5 -51382
24 3 23 -5 -67158
-23 -9 -22 -9 -66612
21 -16 19 -17 -60308
-7 16 -7 13 -66410
19 7 16 5 -62360
-24 5 -24 6 -56732
11 -9 11 -13 -51280
24 -23 24 -24 -49458
2 -6 1 -7 -50048
-11 24 14 2 -92928
12 16 12 16 -238638
5 24 6 22 -53506
18 -16 15 -15 -57780
1 10 3 2 -87688
-24 17 -24 16 -58510
20 -1 17 0 -59668
-13 18 -14 13 -80566
22 9 -4 3 -103678
2 2 -9 17 -94876
-20 2 -23 3 -57738
-8 -22 -8 -23 -55154
-20 -10 -19 -10 -56574
19 22 17 20 -59500
-3 2 -2 5 -68694
-15 -18 -15 -19 -63588
-23 16 -24 17 -58884
-20 -16 -21 -18 -70544
-24 11 -23 10 -54228
24 5 24 2 -47214
-14 -23 -16 -24 -60246
8 -2 8 -3 -46104
11 6 12 3 -76082
4 -22 3 -22 -65730
4 22 4 19 -68494
24 -3 23 -3 -56062
0 -24 -1 -24 -57136
-14 18 -15 10 -81808
5 0 4 -2 -54872
0 23 -2 21 -55946
24 -14 24 -13 -59162
22 -12 20 -10 -62090
24 9 24 12 -53420
8 -19 8 -16 -60446
14 0 14 -1 -46460
7 -23 6 -24 -53478
-11 3 -11 4 -45118
6 -15 5 -16 -61044
-22 4 -24 -21 -62010
8 -14 8 -17 -59862
14 -7 13 -8 -48874
-22 -7 -21 -7 -68770
-3 -7 -2 -6 -59752
-11 3 -13 4 -51582
2 -24 1 -24 -66058
24 -21 22 -22 -57462
-11 0 -12 -1 -50638
15 -5 15 -6 -55560
24 9 -3 8 -99722
21 -23 21 -24 -58662
-13 -7 -11 -10 -61166
2 -14 1 -14 -47622
-11 24 -12 24 -44880
-12 -24 -15 -24 -50932
24 -9 -24 -15 -66660
-8 15 -7 13 -62568
17 -4 1 -4 -90764
-13 -10 -13 -13 -54956
-4 -21 -6 -21 -56802
-3 -12 0 -10 -53422
8 16 9 13 -71874
19 17 17 17 -57942
24 2 24 3 -51600
-17 24 -16 24 -55590
21 -4 20 -2 -55384
-24 8 -23 9 -58512
11 24 12 23 -49124
15 -11 15 -12 -51774
16 -23 17 -21 -54618
-5 14 -1 12 -64714
-6 13 -5 16 -63456
3 -24 0 -24 -67908
-3 10 -1 11 -56582
-15 -17 -15 -21 -66516
-3 -24 -4 -24 -54192
-17 3 -20 3 -51380
-9 20 -5 19 -47338
-19 12 -16 13 -51046
4 -24 3 -23 -56728
-15 22 -16 24 -56068
-13 12 -10 13 -52674
17 23 16 21 -52950
13 -23 14 -24 -55088
-21 -16 -20 -13 -71014
10 -24 8 -24 -59464
12 21 12 19 -58872
-2 6 0 13 -66802
15 -13 16 -15 -59678
-7 -11 -6 -10 -52436
-19 -23 -21 -24 -51804
19 -23 21 -23 -60010
6 17 6 16 -62926
-9 11 -9 12 -60006
9 -18 8 -20 -64204
15 -11 19 -12 -62028
-23 -7 -24 -7 -57902
23 23 24 22 -56018
24 23 22 23 -59942
-23 23 -21 22 -67076
-16 -19 -18 -20 -69528
-8 -2 -7 -3 -52846
0 -23 0 -24 -44938
-9 6 24 7 -96096
-3 -14 -4 -15 -57662
7 -15 8 -15 -57172
-14 24 -15 23 -51586
20 24 21 24 -57432
9 11 10 10 -80506
-24 -1 -23 -2 -55396
24 6 4 8 -90932
-18 24 -19 22 -52294
19 4 19 5 -55462
19 -12 23 -7 -66972
13 -23 13 -24 -57830
-12 -5 -12 -4 -51794
2 3 20 2 -107222
-23 11 -24 15 -62668
-11 11 -11 14 -69248
2 10 7 6 -87232
-4 -15 -5 -15 -51710
-11 0 -11 -3 -48168
8 2 8 1 -71782
6 -3 5 -7 -55882
7 13 8 12 -74150
-12 -4 -13 -2 -56596
-20 20 -21 22 -68256
-24 2 -23 1 -51436
-14 -24 -15 -23 -49656
7 4 7 1 -70276
1 3 0 3 -61636
-22 24 -21 24 -57882
17 17 17 16 -55376
20 23 -8 3 -77326
-23 -12 -24 -7 -52970
24 -15 23 -17 -51386
0 24 0 19 -68214
13 -3 13 -4 -53576
-18 -23 -17 -23 -64284
18 -23 16 -22 -50746
3 -17 3 -20 -67614
-8 16 -7 18 -58792
-23 18 -19 16 -68930
8 5 10 4 -71350
20 19 21 18 -63398
-3 -8 0 -8 -51896
6 22 4 20 -69600
1 23 8 22 -58282
-21 -21 -21 -18 -63630
-14 -6 -13 -6 -57738
15 6 13 8 -67314
-1 24 0 24 -41654
0 12 2 12 -62148
9 0 10 2 -72878
15 24 16 23 -44818
12 1 12 6 -78924
4 14 4 15 -66994
-24 5 -24 4 -51348
18 3 19 3 -64010
-9 -18 -9 -19 -41950
-8 -24 -7 -23 -52052
5 -24 3 -24 -59060
-22 13 -22 15 -67434
-22 -14 -24 -15 -59016
5 15 6 13 -74794
-10 -17 -9 -16 -57344
23 12 24 10 -57168
-4 7 -6 7 -55084
5 20 6 16 -71092
11 -14 10 -15 -53354
-24 -19 -22 -17 -64882
24 -4 24 -8 -56296
2 2 3 0 -60800
3 23 3 -5 -86836
11 -6 14 -8 -59452
0 -9 0 -11 -48336
-24 -4 -24 -3 -53184
-18 20 -17 20 -61638
-6 -13 -6 -16 -58860
23 22 24 24 -51848
0 3 0 2 -66074
-17 1 -16 -6 -63670
-18 1 -19 -2 -58414
11 -23 12 -24 -53752
-4 11 9 8 -96018
23 20 20 16 -58818
7 -19 6 -20 -65944
-21 -24 -23 -24 -59768
23 -13 24 -14 -58392
-23 13 -21 15 -74138
24 -5 23 -4 -54156
3 15 1 0 -92314
12 -4 7 -2 -65350
0 -23 0 -19 -65154
-15 2 -15 0 -53096
-13 -15 -13 -16 -54236
-7 1 -8 4 -59134
4 -17 3 -14 -60234
23 24 23 23 -44620
-10 -10 -10 -9 -48852
-22 10 -21 13 -66650
23 -9 24 -12 -63920
-10 16 -7 22 -58438
15 -3 13 -4 -59364
-14 24 -14 23 -44002
3 -17 0 -19 -57914
-18 -23 -15 -22 -70132
21 24 20 22 -60994
-7 -7 -7 -8 -50144
23 17 24 16 -47362
-24 22 -24 18 -58576
-11 -23 -10 -24 -53870
4 -5 3 -3 -68032
17 1 15 0 -52986
-18 -16 -18 -17 -59436
-18 -9 -18 -10 -54026
12 -23 10 -24 -55328
-1 17 -4 16 -57484
15 0 -22 19 -86690
-19 -3 -18 -3 -57080
-12 -17 -11 -17 -54216
19 -9 16 -10 -61186
-24 24 -23 24 -43262
-13 -22 -13 -24 -54158
15 -23 15 -24 -59238
-12 -2 -8 -2 -61910
12 24 11 24 -46166
10 -5 12 -7 -59636
-1 6 -2 4 -69488
1 18 3 16 -63516
-13 9 -13 12 -53684
10 -23 10 -24 -46602
23 -23 20 -22 -67818
2 8 0 8 -62900
-1 -20 -3 -24 -61508
-23 3 -24 2 -47904
-2 11 0 8 -63760
0 -15 0 -17 -68138
0 23 3 23 -49768
-24 -21 -21 -22 -62452
-21 -24 -22 -21 -49168
-12 23 -13 24 -46196
3 12 5 13 -67468
-17 14 -14 16 -62610
24 -8 24 -5 -55758
7 4 5 4 -76070
5 -21 4 -20 -67942
-2 -8 -2 -9 -53402
-10 -16 -12 -14 -63732
8 -13 8 -12 -55714
-23 -8 -24 -10 -55526
-15 -14 -16 -14 -56970
-23 -9 -24 -4 -49896
-4 -3 -4 -1 -46218
-2 -22 0 -23 -58466
-5 20 -3 19 -55146
16 -11 13 -15 -57760
5 2 5 -15 -62378
-16 -22 -16 -23 -51594
12 -15 10 -14 -51750
9 11 10 9 -76906
-24 11 -23 12 -65338
24 21 24 22 -53534
0 5 0 4 -73186
-24 1 -24 0 -45354
14 6 14 5 -70516
-16 18 -16 17 -64448
1 1 21 5 -104838
21 -23 22 -22 -60726
7 24 6 24 -48794
23 8 23 10 -47914
-7 11 17 11 -98386
-19 1 -19 2 -55998
24 -20 21 -19 -65312
