-18 24 -17 23 -56301
23 -23 23 -24 -61887
-19 9 -20 9 -58345
-24 15 -23 16 -58539
-22 12 -22 13 -52139
-18 6 -20 8 -66543
-1 14 -1 13 -63491
-11 -20 -11 -18 -63229
21 -6 -24 -4 -65845
-20 -13 -20 -14 -61607
-3 24 -3 23 -49923
6 -23 5 -21 -57255
-24 -20 -24 -16 -59991
-11 -2 -10 -1 -67205
-2 -9 -4 -8 -64317
-7 -13 -8 -13 -72041
-4 -22 -3 -24 -49125
-7 0 -3 0 -54321
-1 22 3 24 -58593
15 -12 15 -15 -63223
23 0 22 4 -85997
19 15 21 12 -68815
17 -20 20 -20 -70091
18 -21 18 -24 -65897
-1 -11 1 -14 -64789
-14 -8 -16 -9 -65405
14 -1 15 -2 -64771
15 14 16 14 -43559
16 9 16 7 -61765
19 4 18 13 -80971
5 5 -12 0 -81989
-13 -24 -12 -23 -54399
23 24 22 24 -59211
21 0 22 6 -90281
24 16 24 14 -75361
-11 8 -13 8 -53223
-10 -14 -8 -17 -69425
-24 20 -24 22 -55425
0 -10 -6 -13 -66925
13 -18 13 -20 -71267
-7 3 -7 4 -60727
18 3 19 24 -88083
-1 -3 -1 -2 -64697
-10 -22 -11 -24 -62687
1 23 1 24 -40069
2 11 4 8 -60699
-24 6 -22 1 -63277
23 -14 24 -14 -52517
-22 20 -19 19 -55499
3 1 4 2 -52663
16 -4 18 -4 -68101
13 -14 15 -14 -61755
-7 -9 -9 -8 -65405
3 -13 0 -15 -53697
10 0 11 0 -60365
23 11 24 11 -50855
-6 18 3 13 -79515
-13 -4 -14 -2 -60415
-6 -15 -6 -17 -51899
-22 -14 -23 -12 -61167
2 11 2 12 -68087
-10 24 -11 24 -46211
-15 24 -13 24 -52765
-24 -4 -24 -5 -60511
-11 24 -12 23 -52213
14 -18 14 -19 -65939
24 -10 23 -10 -53815
-6 -12 -7 -13 -62437
3 -18 2 -19 -57731
24 20 24 19 -51633
13 -8 14 -8 -58355
24 -2 24 -5 -44259
24 -23 22 -23 -44777
-16 -11 -16 -13 -59505
-11 1 -12 0 -62313
-19 12 -19 17 -58699
23 11 22 8 -62677
9 0 8 -2 -70029
-6 1 5 2 -72529
20 -2 12 24 -86775
12 20 12 21 -62149
3 -17 2 -15 -51495
-22 -21 -23 -22 -62613
-3 10 -1 9 -64069
-21 -21 -18 -24 -54531
5 5 7 3 -68459
16 -1 15 -2 -74667
23 15 24 16 -51213
15 -17 16 -16 -61879
11 -2 10 -5 -69529
24 -9 24 -10 -53079
10 -9 9 -9 -62615
10 5 8 2 -62619
15 -8 15 -10 -58983
-18 23 -21 24 -52361
14 21 14 24 -62641
18 22 17 24 -64767
0 -17 -2 -16 -52423
-9 -7 -11 -8 -59867
-16 8 -13 7 -64905
-24 -1 -22 0 -50567
-24 7 -23 6 -53391
-2 0 0 1 -68525
7 -16 8 -17 -54671
14 5 12 5 -60109
-4 10 -5 8 -54731
-19 -17 -19 -16 -70397
-18 3 -19 13 -56859
-24 -23 -23 -20 -52811
-10 -24 -9 -24 -62191
9 23 24 24 -51629
-15 9 -16 11 -61277
7 11 8 10 -48509
-7 22 -7 20 -61613
-21 8 6 6 -79857
-21 -4 -21 -6 -63993
-24 19 -24 17 -54549
0 18 5 16 -66717
-18 -6 -17 -5 -61537
-11 -3 -13 -2 -55983
-14 17 -14 18 -50919
-21 -4 -22 -4 -54485
23 24 -22 6 -62481
14 11 14 13 -65993
-8 -14 -9 -15 -59541
-9 -24 -10 -23 -65329
17 0 16 0 -69541
-21 20 -23 17 -58293
22 -6 22 -7 -64953
11 -18 11 -21 -69519
19 -2 17 0 -68647
19 19 19 20 -64009
24 -14 24 -15 -57031
-5 -24 -1 -23 -64323
23 -22 24 0 -65067
14 -11 13 -12 -63531
3 11 3 13 -70691
-24 -12 -24 -15 -53571
-10 8 -11 10 -53729
23 -24 0 -24 -61083
-3 -18 -4 -21 -56833
10 -8 14 -5 -73949
-23 -7 -23 -9 -68001
10 -9 10 -8 -54463
21 -9 21 -14 -72331
24 -4 21 -2 -62359
10 -22 9 -22 -55873
24 -21 24 -20 -44065
16 -12 20 -19 -76781
23 5 24 5 -49993
-24 14 -24 15 -49259
0 -7 1 -8 -81837
10 23 10 24 -41483
0 7 -1 8 -61789
15 17 15 16 -55895
5 -2 -2 -3 -67891
-12 15 -12 16 -45369
16 12 15 11 -51081
-20 -24 -19 -23 -53513
-23 21 -1 24 -54039
-6 5 -6 4 -58343
2 24 3 24 -52985
24 12 22 13 -62071
-24 13 -23 13 -52557
20 -20 19 0 -80695
-4 -17 22 -21 -72131
-24 -23 -21 -23 -61253
-22 24 -21 22 -55925
-6 23 -6 24 -54487
-18 6 -19 6 -64729
20 1 19 -1 -66099
20 -17 22 -19 -66103
-12 -15 -13 -14 -60049
6 19 5 19 -50417
-23 -9 -23 -13 -64675
24 -11 24 -12 -55999
-11 -7 -10 -8 -57501
-24 -21 -23 -18 -65857
-8 -17 -11 -19 -64233
22 -22 23 -19 -54653
-1 -6 0 -5 -64653
18 20 18 17 -66289
-19 -10 -17 -13 -65871
4 -6 6 -5 -69891
-23 24 -24 24 -50157
-5 19 -4 19 -54391
16 19 19 20 -54959
-5 -23 -5 -21 -58767
4 -12 6 -11 -50067
15 2 10 -1 -79873
4 -4 2 -6 -70535
19 9 18 10 -63975
19 -23 21 -24 -58379
1 -6 3 -9 -88877
-24 -17 -23 -19 -55309
-6 24 -6 20 -68625
-7 0 -8 -2 -71281
-18 -22 -16 -24 -56277
-5 3 -3 1 -55371
17 -14 17 -16 -60467
-5 -23 -8 -24 -70023
23 2 24 23 -80745
-20 19 -20 17 -60123
18 -12 22 -12 -61245
23 8 22 10 -67121
22 24 24 24 -60429
23 1 24 1 -51559
19 -21 13 -24 -67691
-5 19 -4 21 -57141
-14 0 -14 -3 -69239
-3 -24 -2 -22 -57731
18 -5 18 -6 -55851
3 -3 3 -2 -73267
20 -2 16 -5 -72911
4 7 10 -1 -82523
-11 17 -20 17 -65625
-21 -6 -21 -7 -65759
4 -8 1 15 -87371
5 -12 6 -16 -51843
-23 -10 -24 -11 -54643
-9 22 -8 24 -55073
-24 -14 -22 -15 -52201
-24 -20 -23 -22 -48393
23 -9 23 -5 -66505
-24 12 -24 10 -41275
-1 -14 -2 -17 -57595
-17 -9 -18 -9 -62383
-24 23 -23 2 -55385
-9 -7 -8 -4 -59187
24 -4 23 -5 -53891
12 -17 13 -16 -59993
-20 -16 22 -16 -67823
21 -16 19 -17 -58591
-1 5 -2 4 -48597
-24 -2 -24 -3 -51125
-24 5 -24 6 -45711
-16 5 -17 5 -60533
24 -23 24 -24 -54119
2 -6 1 -7 -61735
9 -2 10 -5 -62427
-15 20 -15 19 -52269
5 24 6 22 -54861
18 -16 15 -15 -65399
24 20 24 22 -53197
-24 17 -24 16 -54151
-13 -6 -13 0 -65131
-8 10 -7 9 -52619
22 13 21 11 -68565
-16 -2 -14 -1 -51221
-20 2 -23 3 -64867
-8 -22 -8 -23 -63553
-20 -10 -19 -10 -53791
-24 24 -24 21 -58829
6 -6 7 -7 -71271
-15 -18 -15 -19 -61123
-23 16 -24 17 -48405
-20 -16 -21 -18 -65643
-24 11 -23 10 -46747
24 5 24 2 -74721
-14 -23 -16 -24 -55011
13 11 13 13 -62973
6 -22 6 -23 -54463
-10 -21 -13 -19 -69653
7 3 7 2 -51681
-1 -7 0 -11 -72787
0 -24 -1 -24 -57319
3 -3 12 -5 -80751
10 3 6 10 -64681
0 23 -2 21 -55831
24 -14 24 -13 -58853
10 2 12 4 -70009
-14 10 -13 9 -62485
8 -19 8 -16 -53337
14 0 14 -1 -60033
7 -23 6 -24 -46479
-11 3 -11 4 -51979
-2 10 -7 10 -62827
7 2 8 2 -66091
0 -24 2 -23 -61855
-9 19 -9 18 -50049
5 -9 6 -10 -64453
1 -9 2 -10 -77811
8 0 8 -1 -61009
2 -24 1 -24 -56519
24 -21 22 -22 -52955
16 23 19 22 -59553
3 9 2 6 -55893
-18 18 -16 17 -57755
21 -23 21 -24 -61693
16 8 16 3 -63661
-16 15 -13 16 -59851
-2 14 -4 13 -57257
-12 -24 -15 -24 -60031
0 -6 2 -12 -85793
-7 6 -7 9 -51989
-6 16 -6 17 -59599
-13 -10 -13 -13 -58473
-4 -21 -6 -21 -64207
3 16 1 21 -70171
-15 24 16 24 -53631
1 19 0 17 -52273
24 2 24 3 -75571
-17 24 -16 24 -47093
21 -4 20 -2 -62775
-24 8 -23 9 -46427
11 24 12 23 -41121
15 -11 15 -12 -63369
16 -23 17 -21 -66041
-10 4 -9 8 -51793
19 24 -21 23 -54377
9 -24 23 -23 -70389
0 9 1 10 -53273
-23 8 -24 8 -53979
-3 -24 -4 -24 -57323
3 10 1 17 -83853
-8 12 -9 11 -50629
-19 12 -16 13 -57021
4 -24 3 -23 -50931
-15 22 -16 24 -59617
-12 -5 -13 8 -74195
17 23 16 21 -58531
7 15 0 6 -72203
4 9 1 10 -53523
10 -24 8 -24 -50297
18 -14 18 -5 -78899
-6 0 -8 -4 -76211
-20 5 4 2 -84001
-17 -8 -17 -9 -60869
-19 -23 -21 -24 -57799
19 -23 21 -23 -63403
-10 -10 -12 -9 -63157
-13 21 -15 19 -60101
6 0 7 -1 -72893
-9 1 -11 2 -57109
-23 -7 -24 -7 -41067
23 23 24 22 -49419
22 -7 23 -10 -68325
10 -19 9 -23 -65349
-19 19 -19 23 -64799
10 -5 7 -7 -79539
0 -23 0 -24 -42441
10 -7 10 -5 -60459
22 14 10 -3 -78957
19 -24 10 -23 -60789
-14 24 -15 23 -51639
20 24 21 24 -48131
-1 -1 -1 0 -61361
-24 -1 -23 -2 -53981
24 22 24 24 -52399
-18 24 -19 22 -49253
6 -10 6 -6 -64437
11 14 17 9 -66047
13 -23 13 -24 -58745
19 2 19 1 -77767
-10 22 -9 22 -44703
13 -9 11 20 -76447
4 1 3 2 -62021
-7 -14 -9 -13 -72409
-4 -15 -5 -15 -61589
-13 14 -13 11 -55185
-24 21 -24 24 -59059
-16 -11 -14 -10 -62917
0 -1 -2 -3 -72883
-2 -12 -2 -14 -56863
23 23 24 23 -54769
-24 2 -23 1 -58039
-14 -24 -15 -23 -60041
-15 -2 -16 2 -72533
6 -11 -13 -14 -81659
-22 24 -21 24 -47665
-5 17 -4 16 -61619
-5 23 -3 23 -49597
-23 -12 -24 -7 -65477
24 -15 23 -17 -45797
22 8 19 8 -52343
7 20 7 21 -51531
-18 -23 -17 -23 -50209
18 -23 16 -22 -60165
-4 5 -1 -19 -73351
23 14 23 12 -75491
-2 17 -1 15 -73257
20 5 20 2 -88911
4 21 4 22 -52637
-3 -8 0 -8 -61213
1 -16 1 18 -82331
-1 -22 1 -16 -62069
-21 -21 -21 -18 -65515
-24 -4 -24 -21 -64405
9 -10 11 -13 -54729
-1 24 0 24 -52253
17 -22 15 -18 -63261
22 -21 24 -24 -50999
15 24 16 23 -53253
18 24 19 23 -61985
-16 -19 -15 -18 -58665
-24 5 -24 4 -48291
-7 -2 -7 -7 -58013
-9 -18 -9 -19 -57801
-8 -24 -7 -23 -64599
5 -24 3 -24 -48243
18 22 19 23 -50463
-22 -14 -24 -15 -53169
3 -2 3 0 -75117
-19 0 -20 0 -60117
22 12 24 9 -68717
5 0 16 7 -84165
-4 17 -4 15 -67867
11 -14 10 -15 -54433
-24 -19 -22 -17 -64153
-16 13 -16 11 -54163
15 10 17 6 -70735
2 15 1 18 -75001
-14 3 -4 6 -68329
3 11 4 17 -74455
-24 -4 -24 -3 -58629
-5 21 -8 24 -46911
3 -17 5 -18 -53039
23 22 24 24 -49339
-9 16 -10 7 -63671
-15 18 -14 17 -59085
-18 1 -19 -2 -61651
11 -23 12 -24 -49113
20 11 22 12 -57391
-16 23 -16 22 -56593
7 -19 6 -20 -56525
-21 -24 -23 -24 -58681
23 -13 24 -14 -59693
10 -4 7 -5 -77621
-1 24 5 24 -60223
9 18 9 12 -56271
24 23 24 10 -78869
-6 3 -6 1 -54587
-15 2 -15 0 -64969
-13 -15 -13 -16 -53219
5 23 4 24 -52671
18 -7 20 -9 -68677
23 24 23 23 -49967
-10 -10 -10 -9 -50217
-10 -23 -5 -24 -74273
0 11 -1 11 -56359
15 17 14 14 -58221
-12 -8 -14 -10 -62017
24 -1 23 -2 -52837
24 1 24 0 -58307
18 9 22 21 -90033
19 5 19 3 -78493
-7 -7 -7 -8 -48403
23 17 24 16 -52143
-7 14 -6 14 -51349
-11 -23 -10 -24 -65013
-21 -14 -15 -16 -59775
-15 -22 -14 -22 -63443
-18 -16 -18 -17 -69367
-18 -9 -18 -10 -64037
12 -23 10 -24 -50809
14 22 14 19 -69411
14 7 11 8 -58367
7 2 3 -8 -92031
-12 -17 -11 -17 -60421
0 -4 1 -6 -63435
-24 24 -23 24 -49593
-13 -22 -13 -24 -61115
15 -23 15 -24 -58651
23 7 23 9 -59761
12 24 11 24 -28657
-16 0 -18 1 -62421
24 7 24 6 -51069
23 -9 21 -9 -62649
0 -22 1 -21 -63423
10 -23 10 -24 -52999
8 -21 9 -22 -57067
-3 24 -1 24 -52181
-6 -11 -5 -15 -62413
-23 3 -24 2 -47553
1 0 -1 3 -52305
20 -6 19 6 -86307
1 -9 23 -13 -75395
-24 -21 -21 -22 -58625
-21 -24 -22 -21 -47515
-12 23 -13 24 -48911
13 -24 -23 -24 -52887
10 19 10 16 -51629
-3 18 -1 -9 -87271
16 -11 17 -12 -67007
14 -2 13 -4 -69279
17 0 14 0 -74025
-7 -23 -8 -23 -73777
-8 -10 -5 -8 -65227
-23 -8 -24 -10 -60865
-20 -4 -16 -4 -67475
-23 -9 -24 -4 -67953
22 -15 23 -18 -59013
-2 -22 0 -23 -53701
4 -3 5 0 -78209
24 14 24 15 -76795
-22 14 -20 15 -60577
-16 -22 -16 -23 -55699
12 -15 10 -14 -57809
23 -5 24 -5 -55405
-24 11 -23 12 -57155
19 -4 22 -4 -61601
2 13 3 17 -67665
-24 1 -24 0 -44253
6 19 8 18 -51145
-15 7 0 13 -78061
21 15 21 13 -80963
21 -23 22 -22 -61755
7 24 6 24 -37261
20 2 21 1 -71163
-11 -21 -11 -22 -64697
-19 1 -19 2 -56777
24 -20 21 -19 -59263
