-6 22 -6 21 -61036
8 8 8 9 -48198
-22 7 -23 22 -72562
24 -3 24 0 -47298
-8 -24 -7 -22 -67230
24 10 23 7 -58768
-12 24 -12 21 -67682
23 -21 20 -19 -72178
-4 3 -4 1 -59330
-7 -2 -7 -3 -63466
20 14 18 12 -58320
-19 -14 -21 -11 -73892
15 8 17 7 -53166
-23 -23 -22 -23 -68742
0 10 2 12 -49810
-16 -24 -20 -23 -65312
23 22 22 24 -54956
8 -17 7 -18 -61104
17 17 16 18 -56538
-13 2 -17 5 -65884
19 -11 17 -18 -69564
0 23 -1 24 -59832
-1 -13 -11 -15 -73430
18 23 18 22 -53882
-23 -7 -23 -6 -63482
-13 -10 -14 7 -73038
-6 14 -7 18 -49744
-19 -4 -21 -5 -73000
24 6 21 7 -50368
16 24 17 24 -54052
6 -1 3 -1 -73200
9 20 7 18 -56704
1 -24 3 -22 -70452
-19 22 -18 23 -64062
23 19 24 20 -55558
0 2 0 1 -56310
-6 7 -7 8 -47126
-24 -24 -24 -22 -42742
18 -6 15 -6 -53428
1 -7 0 -7 -50556
6 10 -24 7 -73038
-24 -17 -24 -14 -57232
0 4 0 5 -66760
6 -14 9 -15 -54762
11 7 13 7 -54034
14 -2 15 -2 -57412
-21 -19 -24 -17 -65288
0 24 2 23 -57220
11 -1 -18 -3 -83382
-16 2 -14 3 -66144
-22 -22 -3 8 -71418
-17 -6 -16 -5 -70460
3 -12 2 -10 -52316
5 -2 5 0 -58406
-24 -6 0 -4 -109870
-16 -3 -16 -4 -64160
-11 -1 -12 2 -56032
-8 -18 -8 -17 -58850
-14 -12 -15 -12 -63808
-23 -2 -21 -2 -72964
-24 -6 -21 -8 -64404
8 10 10 11 -47164
-20 -14 -18 -12 -62914
19 -5 21 -3 -56484
-5 22 -5 3 -64680
-13 16 -10 18 -64106
-19 4 -23 6 -61366
24 -21 23 -14 -59750
12 -20 13 -19 -66902
-17 -23 -19 -24 -53236
24 18 22 21 -52266
-8 -4 -7 -1 -74740
10 22 8 24 -45872
-22 -17 -23 -15 -64794
-6 0 -6 0 -238188
10 -22 11 -24 -50004
-24 3 -7 -10 -99360
10 7 10 8 -49430
-5 21 -6 19 -49310
4 -15 3 -13 -60810
12 8 0 7 -59886
9 -4 9 -5 -54734
21 2 23 0 -54588
-13 18 -19 16 -68580
22 -19 23 -19 -59618
-24 24 -24 19 -63346
13 22 11 24 -51866
-24 -6 -22 -6 -62828
-16 -20 -16 -18 -77702
-12 -10 -11 -12 -61314
-1 -21 3 -18 -75546
18 22 17 24 -55376
2 15 3 15 -43802
-24 10 -23 7 -52128
-15 -6 -14 -11 -70814
23 14 24 16 -47348
-24 9 -23 11 -70248
23 22 23 24 -43446
4 -1 5 -1 -70874
12 18 12 19 -40794
21 -4 24 -5 -60038
-15 18 -16 15 -61016
-21 14 -21 16 -63112
-14 -14 -13 -12 -62814
-24 -6 -1 -5 -111856
3 15 2 19 -39274
16 -9 14 -8 -57570
18 23 20 22 -59252
7 -14 7 -17 -56008
3 7 4 5 -62784
0 -24 1 -24 -60108
2 2 0 3 -60252
-7 13 -10 11 -57058
7 9 6 12 -50420
0 24 -3 22 -50616
-23 -24 -23 -22 -49020
-6 -9 -23 -8 -99314
-22 23 -24 23 -64882
-18 22 -16 20 -63304
1 10 2 10 -45234
0 18 -1 18 -48278
-4 -15 -3 -12 -63106
4 1 3 2 -52084
24 2 23 4 -49048
-14 21 -21 24 -63244
7 -23 8 -24 -58242
24 2 23 9 -61472
-16 -21 -14 -19 -70682
-23 11 -24 11 -58232
-1 -10 -2 -9 -55222
21 12 24 13 -51426
16 20 16 21 -47938
-3 -8 24 -6 -73108
-12 8 -12 10 -51198
23 -5 24 -7 -46066
-20 -21 -19 -22 -71698
-1 3 -4 3 -66046
-23 0 -23 -1 -61870
9 3 9 2 -54174
-10 -18 -10 -19 -62900
-4 -20 -6 1 -77120
-21 -24 -24 -24 -66228
-16 -24 -16 -21 -70630
-8 11 -10 14 -61858
-14 -24 -14 -22 -64220
19 -22 20 -22 -69344
6 24 5 24 -44712
-6 11 -9 9 -57620
-14 24 -15 22 -64366
13 11 5 15 -59026
-19 -2 -17 -1 -70074
0 -5 -24 1 -106302
-18 21 23 21 -50720
-23 -1 -23 -3 -72220
15 -22 14 -24 -56620
-2 1 -3 2 -74084
-9 -12 -8 -11 -59842
17 24 14 24 -55668
6 22 5 21 -59802
-9 22 -10 23 -55856
12 -22 24 -20 -78294
-23 7 -24 6 -48012
-19 -7 -19 -6 -66176
-3 -22 -2 -21 -77862
11 -21 9 -24 -57434
24 18 22 18 -51160
9 24 11 24 -47154
-10 19 -11 20 -55584
-22 0 -20 4 -60216
-24 -7 -24 -10 -49176
-10 -1 -10 0 -55498
24 21 23 23 -53092
-21 24 -21 23 -48160
-14 -12 -14 -13 -59308
-9 16 -10 10 -54976
-6 14 -5 13 -52566
24 19 23 18 -57734
13 17 10 15 -57104
21 -13 21 -11 -67436
-19 -20 21 -21 -73842
-1 -22 -3 -22 -66414
-21 -23 -3 -24 -69212
22 23 23 24 -37542
24 18 24 19 -46212
21 12 21 14 -51852
19 -24 22 -23 -60776
22 -14 20 -14 -66884
-24 14 -24 13 -52268
8 -8 8 -10 -58570
-3 23 -2 23 -46158
-5 -13 -5 -12 -52204
2 22 2 24 -50500
20 -13 8 -9 -72594
-23 9 -24 10 -58882
-12 -20 -17 -18 -74566
-21 -14 -10 -19 -89398
-23 -18 -22 -21 -64340
-19 -24 -22 -24 -62264
16 9 16 10 -58896
-4 6 0 5 -63370
-9 -22 -7 -24 -68600
-13 20 -15 16 -69160
7 -2 7 -1 -51462
5 19 2 19 -49398
-24 -10 -24 -13 -52498
-23 -3 0 -11 -103562
1 24 0 24 -53592
7 -9 6 -9 -51920
18 -14 -7 -1 -81800
-23 16 -23 14 -61842
10 -4 -12 -1 -77346
-19 16 -20 17 -59862
-20 -21 -20 -22 -61792
-24 -7 -23 -5 -61024
0 8 -2 6 -55984
-13 -24 -14 -20 -80370
-11 -9 -12 -9 -61226
-18 0 -18 1 -56016
-22 -14 -24 -15 -49908
3 -24 12 -24 -60328
13 -20 15 -18 -65506
18 -24 15 -24 -67630
-23 -6 -12 -4 -88094
-16 -24 -13 -23 -64526
0 13 1 15 -47676
13 -13 13 -4 -69610
-24 24 -24 22 -48166
-17 -9 -21 -11 -69028
22 -22 22 -21 -51336
-8 -24 -10 -21 -69228
8 -13 9 -12 -55044
23 -11 23 -12 -58270
13 21 15 24 -58270
11 -11 11 -10 -61778
21 -15 24 -16 -61706
17 -13 17 -12 -63894
-11 23 -14 22 -62368
-9 21 -11 18 -66076
-20 6 -16 0 -71886
-13 -9 -14 -8 -69762
13 14 15 15 -59282
14 -17 16 -19 -59632
-9 -7 -10 -13 -57156
15 6 17 8 -58110
-20 -16 -19 -16 -64488
13 24 15 24 -51370
24 0 24 19 -56832
-15 20 -16 20 -58514
9 0 12 1 -59990
24 -6 22 -8 -62846
12 -15 13 -17 -52088
-2 24 -2 23 -57614
13 -10 13 -11 -62236
-24 19 -23 18 -64182
24 22 20 22 -53250
-4 -1 -3 -1 -64900
22 -12 24 -9 -66526
14 10 15 3 -58028
10 24 10 23 -49014
-10 15 -11 16 -57720
-2 -9 -2 -8 -52442
21 16 20 17 -52778
-7 -24 -8 -24 -67038
-15 0 -13 -21 -90428
-13 8 -12 8 -50616
-10 -9 -7 -10 -61158
4 -15 4 -12 -57784
23 -2 3 0 -71086
-13 -23 -14 -21 -77776
22 -4 23 -24 -62048
5 10 5 12 -42986
-4 24 -3 22 -64440
18 -18 18 -16 -61178
-16 -20 -16 -19 -77934
-1 -8 -5 -11 -64356
9 24 -23 24 -55632
-5 1 -12 0 -74094
11 -7 12 -9 -61492
19 -2 19 -4 -48516
-13 -18 -14 -14 -69408
-18 -5 -19 1 -74952
0 -24 -2 -23 -59118
12 24 12 22 -55932
15 -2 13 0 -52186
-14 -1 -15 -24 -85000
-23 -14 -24 -17 -55410
-15 -4 -15 -6 -67900
24 -2 23 -4 -48678
22 -19 24 -14 -62182
5 -21 5 -20 -55512
-16 18 -19 14 -65338
-18 11 -18 10 -61368
23 -6 24 -5 -55942
-17 7 -19 8 -59972
-23 24 -19 24 -66320
19 20 17 19 -55848
20 -15 20 -17 -63160
-23 20 -23 16 -65852
-23 18 -22 18 -63926
-11 24 -10 0 -68604
18 -14 17 -12 -64280
6 -24 5 -23 -58580
9 13 10 13 -50666
-12 -20 -11 -21 -65152
11 -4 9 -4 -64236
23 -21 21 -23 -58644
-3 -13 -4 -14 -64272
20 -12 18 -13 -60806
-2 -20 -3 -18 -68630
12 -22 10 -23 -57738
18 -23 14 -23 -68880
3 -19 2 -21 -65364
-8 -6 -8 -6 -238188
14 -6 14 -7 -50100
17 -24 18 -22 -54854
22 -11 21 -7 -58394
-24 -10 -22 -9 -59490
-12 -3 -14 -3 -60184
-2 10 -4 8 -55270
14 -5 13 -6 -54214
11 -11 11 -16 -56436
2 3 0 2 -54336
1 -8 1 -11 -52330
-5 0 -9 -10 -87888
11 13 11 14 -39662
-15 11 -17 7 -59044
6 4 4 3 -62426
-24 -11 -23 -10 -56152
-18 2 -19 2 -66708
18 10 19 12 -58084
12 24 11 23 -54200
-4 12 -6 11 -51460
-4 -23 -3 -24 -61982
17 -17 14 -16 -59788
-24 20 -23 17 -70402
5 -20 4 -19 -53042
-6 -24 -5 -22 -68398
-19 11 -19 7 -62486
17 9 17 10 -60124
-23 -21 -22 -18 -56546
0 22 2 24 -57086
15 -24 9 -24 -54742
20 -23 19 -20 -63422
11 -22 11 -21 -56836
-6 -7 -7 -5 -62734
-7 -22 -8 -22 -73148
24 -18 23 -21 -59012
21 11 22 10 -52814
-6 -23 -6 -22 -66890
-7 -1 -9 -2 -72526
-10 24 -10 23 -55634
4 -16 4 -19 -53940
17 18 17 16 -46524
-15 3 -15 7 -47218
15 2 15 1 -38662
-9 24 -14 24 -58242
5 14 6 15 -45926
-2 -3 -1 -3 -56668
-7 -18 -9 -19 -68052
-21 -2 -23 1 -76282
19 -20 19 -18 -62672
-24 14 -1 15 -69390
-17 2 -15 3 -66258
-18 -9 -20 -8 -71724
-4 -24 -1 -21 -82378
15 -19 -13 -16 -74872
-12 -19 -12 -19 -238188
23 -20 21 -18 -71086
-24 20 -24 19 -61522
19 1 21 6 -55782
15 5 16 8 -58656
-14 21 -14 19 -61360
-3 -3 -5 -6 -80372
22 7 24 8 -54548
20 1 17 0 -49060
12 -23 14 -24 -48182
-13 -24 -9 -23 -58082
-18 13 -17 12 -59776
-12 -16 -12 -15 -60768
-6 -2 -7 1 -62422
-16 24 -19 23 -58856
-23 -14 -24 -12 -60474
8 -4 8 -3 -53784
-10 -3 -11 -4 -55624
7 -23 8 -23 -55932
-24 14 -23 10 -58964
-16 -24 -18 -22 -67260
24 -18 21 -22 -66924
3 4 3 3 -64988
-3 21 -3 24 -66028
1 8 2 4 -70184
19 -24 20 -20 -60398
-23 11 -24 9 -70448
-14 -20 -12 -19 -66108
15 13 13 15 -52962
10 -21 10 -18 -58048
12 23 11 23 -52754
10 23 -24 0 -76056
-23 8 -20 9 -64968
23 7 23 9 -60508
17 16 18 16 -55328
20 4 -22 -9 -74208
0 -22 1 -24 -56148
-9 -14 -12 -15 -60530
1 -20 0 -23 -71924
-22 -4 -22 -5 -71762
-24 -2 -2 -4 -108958
23 -11 24 -16 -54662
20 -23 17 -21 -67398
7 -24 7 -23 -44728
-23 20 -24 24 -62700
1 21 0 19 -50594
24 -20 -22 -24 -62714
-1 -24 0 -22 -70062
2 -23 3 -24 -53750
-9 10 -8 9 -53176
-21 -19 -21 -18 -63612
7 -15 8 -14 -61674
-12 23 -14 24 -52226
-24 -2 -22 -2 -64876
2 -22 0 -23 -75194
-16 9 -14 6 -62772
-1 -4 -2 -8 -75778
-19 -24 -22 -1 -81138
8 5 8 3 -58826
22 -12 24 -10 -64426
24 10 24 3 -63956
3 16 3 13 -39084
12 0 14 1 -58738
-21 16 -24 15 -65970
-22 -23 -24 -23 -64210
14 14 15 16 -55292
4 17 4 22 -48758
1 -17 0 -14 -62878
11 -7 9 -6 -62566
10 1 7 0 -59198
-23 0 -24 1 -56458
-14 13 -14 8 -61356
-12 2 -12 3 -49434
-5 -4 -5 -6 -71654
-2 -12 0 -12 -54902
-9 24 -10 23 -54420
1 -15 3 -14 -58068
20 2 22 4 -52586
-23 -14 -23 -12 -62070
-2 -6 -3 -5 -57416
17 8 10 8 -62702
11 -2 8 -1 -62334
-15 12 -21 15 -66356
-23 16 -24 15 -58696
23 14 23 13 -45484
-18 -14 -17 -15 -72266
-24 23 -23 23 -55898
-8 19 -8 18 -49108
-13 -20 -11 -15 -73112
-20 23 -24 18 -66508
-6 -22 -10 -24 -72406
-22 24 -21 24 -65066
22 -7 21 -7 -62280
7 -6 6 -9 -60456
18 23 19 24 -48068
-12 14 -10 13 -61338
2 -18 1 -18 -60878
4 -1 4 0 -53694
-5 -22 -4 -24 -66360
13 -8 9 -9 -56654
-7 23 -5 22 -45680
24 18 24 16 -45042
7 -6 7 -5 -58506
-23 0 -22 -5 -83624
-15 -9 -15 -6 -66672
-22 -23 -21 -22 -52722
24 11 23 12 -45348
3 -1 1 -8 -66158
4 -13 2 -13 -54832
22 6 23 7 -58256
-7 2 -7 4 -50676
-6 -14 -5 -15 -55278
7 24 6 21 -56186
21 -12 18 -12 -63382
24 -10 22 -8 -53900
-17 -19 -19 -17 -79444
24 0 24 -1 -43542
-2 -23 -5 -24 -63052
-1 17 -7 19 -57678
17 -24 19 -24 -66020
10 3 10 4 -55430
-24 1 -22 6 -50296
-9 23 -8 23 -45048
1 -7 3 -6 -55798
17 10 16 10 -53494
-17 21 -17 22 -63282
-24 11 -20 10 -67970
7 23 9 24 -46898
20 -2 20 -1 -51518
3 24 5 24 -46160
18 24 22 24 -51678
20 4 19 5 -50024
6 -24 4 -24 -51390
23 -3 21 -2 -59328
-2 -19 -3 -15 -64080
24 -6 24 -8 -44618
-13 -22 -16 -24 -66942
22 -13 1 -12 -74430
-3 -21 -4 -19 -70096
-6 5 -6 6 -46118
-23 -3 -23 -4 -71554
-14 -6 -16 -4 -70182
-14 24 -14 23 -56410
-1 -1 0 -3 -55464
-24 24 -1 0 -79202
-5 -4 -9 -3 -72802
