7 -22 -6 -19 -69441
0 -3 -1 -2 -56751
23 -18 22 -19 -59689
24 -3 24 0 -52005
-8 -24 -7 -22 -64349
24 10 23 7 -53135
-13 -23 -10 -24 -70181
23 23 20 24 -57061
-23 -7 -23 -4 -70659
-7 -2 -7 -3 -56701
-3 -18 -3 -20 -61785
8 23 10 18 -70291
-2 6 -4 7 -88293
-23 -23 -22 -23 -65323
9 15 11 18 -69125
-16 -24 -20 -23 -55203
23 22 22 24 -58589
8 -17 7 -18 -50555
17 17 16 18 -53671
-6 1 -1 2 -92393
-7 4 -6 -6 -78447
0 -3 0 -4 -65081
-17 -24 -19 -20 -64179
18 23 18 22 -59443
-23 -7 -23 -6 -66095
-12 1 -11 2 -59053
-24 3 -23 3 -55927
-8 0 1 -1 -98543
24 6 21 7 -58517
16 24 17 24 -62945
-10 -8 -9 -7 -63475
4 21 4 23 -59761
1 -24 3 -22 -48383
-20 24 -23 24 -57777
23 19 24 20 -56937
-23 -10 -1 -10 -84445
-4 18 -6 17 -64167
-24 -24 -24 -22 -44171
18 -6 15 -6 -47161
-23 -5 -24 -5 -49905
-22 2 -23 5 -66909
-24 -17 -24 -14 -54267
0 4 0 5 -53851
6 -14 9 -15 -62773
11 7 13 7 -58393
-4 7 -5 7 -80765
-21 -19 -24 -17 -58583
0 24 2 23 -52893
2 8 3 11 -46793
-9 20 -5 20 -64677
10 5 9 5 -56593
-23 -3 -2 0 -100855
6 19 8 21 -66451
-4 20 -3 22 -57961
3 -2 -7 0 -87707
-12 4 -11 6 -76677
-11 -1 -12 2 -58631
-2 9 -4 9 -76551
0 2 0 1 -63205
-17 17 -15 19 -69593
6 12 6 14 -56525
2 2 0 -4 -74685
-20 -14 -18 -12 -55915
4 -6 5 -12 -58891
-9 5 -11 3 -76391
7 12 -3 13 -50505
-2 -11 -1 -11 -53839
24 -21 23 -14 -49633
17 -20 18 -19 -64005
-17 -23 -19 -24 -54623
24 18 22 21 -55313
-15 9 -12 16 -78819
-7 23 -7 20 -55473
-13 16 -15 12 -71369
-2 -16 -4 -17 -53771
10 -22 11 -24 -51343
-3 -20 -3 -21 -61123
-19 21 -20 21 -78225
12 -1 12 -3 -50013
4 -15 3 -13 -55429
-24 2 -24 0 -54085
-9 -16 -10 -18 -59877
21 2 23 0 -63557
-2 -12 -5 -15 -62209
22 -19 23 -19 -48667
-24 24 -24 19 -54701
13 22 11 24 -60673
-23 3 -21 24 -80385
9 -4 10 -3 -53365
-12 -10 -11 -12 -58893
9 0 10 3 -53745
18 22 17 24 -54197
-16 15 -14 15 -68035
-24 10 -23 7 -52713
0 3 -21 2 -115825
23 14 24 16 -60543
-23 21 -22 22 -66663
23 22 23 24 -50955
-9 8 -9 6 -55853
12 18 12 19 -55809
21 -4 24 -5 -57853
5 12 7 11 -49965
-2 -7 -6 11 -89695
1 13 0 14 -54747
22 24 21 22 -60179
-9 4 -7 3 -79421
6 10 6 12 -50915
-8 -23 -11 -24 -68055
20 3 22 4 -63955
-6 5 -7 3 -72817
0 -24 1 -24 -49267
-21 18 -18 16 -72507
-6 3 -6 18 -72559
-2 24 -3 23 -41537
4 -5 2 -4 -52625
-23 -24 -23 -22 -50401
11 9 11 11 -47123
-21 0 0 17 -96299
-6 1 -3 6 -84145
-15 -13 -10 -12 -58183
22 12 20 11 -62687
17 14 18 14 -52573
4 1 3 2 -54613
24 2 23 4 -57707
1 0 2 -5 -69453
7 -23 8 -24 -61651
1 -4 0 -4 -51899
-16 -21 -14 -19 -61099
-23 11 -24 11 -43677
15 16 15 14 -62271
21 12 24 13 -55177
16 20 16 21 -56133
11 -12 12 -12 -61967
-12 8 -12 10 -60097
23 -5 24 -7 -54987
16 10 18 13 -54643
4 3 4 1 -59045
-18 23 -15 21 -86185
-7 -17 -10 -17 -57011
-10 -18 -10 -19 -51913
-16 -1 -16 -2 -52083
-21 -24 -24 -24 -61807
-16 -24 -16 -21 -65291
-10 -9 -9 -7 -65079
-14 -24 -14 -22 -62713
19 -22 20 -22 -62727
6 24 5 24 -52545
10 20 8 20 -63359
-14 24 -15 22 -66231
5 -22 5 -23 -51341
-2 4 -3 5 -80343
0 -12 1 -9 -47639
-11 -19 -9 -20 -63403
-23 -1 -23 -3 -49963
15 -22 14 -24 -45715
19 -18 17 -15 -65739
-1 15 -2 16 -60791
17 24 14 24 -66165
6 22 5 23 -52459
-19 22 -20 23 -68299
3 24 2 24 -55969
-23 7 -24 6 -47717
-24 -20 -24 12 -60821
14 -16 14 -18 -58979
-23 0 2 23 -92061
0 20 1 14 -66671
9 24 11 24 -57171
2 9 -12 8 -89163
-22 -9 -12 -10 -71123
-24 -7 -24 -10 -49761
-23 -1 -21 0 -61601
24 21 23 23 -55887
-21 24 -21 23 -56111
-14 -12 -14 -13 -53465
-23 1 -23 22 -80449
-7 -24 -8 -22 -69677
24 19 23 18 -57349
6 -12 4 -12 -51263
-9 -3 -7 -3 -81411
6 -6 3 -7 -52145
-1 -22 -3 -22 -61515
14 -13 16 -3 -57317
22 23 23 24 -48045
24 18 24 19 -55427
-6 16 -8 17 -54671
19 -24 22 -23 -54409
22 -14 20 -14 -65473
-24 14 -24 13 -51175
13 1 11 1 -61307
-18 5 -16 5 -57499
9 4 20 2 -63057
2 22 2 24 -51035
11 -15 15 -14 -57949
-23 9 -24 10 -55125
-1 -17 -1 -21 -60039
-23 13 -18 12 -62653
-23 -18 -22 -21 -55383
-19 -24 -22 -24 -56005
5 7 7 7 -52707
1 -11 0 -9 -48157
-9 -22 -7 -24 -70205
-23 4 23 5 -77057
-22 23 -1 3 -95189
8 -10 8 -13 -50985
-24 -10 -24 -13 -50169
5 -7 5 -6 -56375
1 24 0 24 -50701
-16 -16 -15 -19 -51225
-8 -19 -8 -21 -59145
-23 16 -23 14 -59013
-16 -4 -14 -5 -70877
-18 24 -18 22 -63453
-20 -21 -20 -22 -58163
-24 -7 -23 -5 -63301
0 12 2 16 -62153
9 15 11 16 -67947
-11 -9 -12 -9 -59061
14 21 18 22 -72269
-22 -14 -24 -15 -55291
-8 1 -10 2 -76421
8 20 7 17 -66447
18 -24 15 -24 -57119
-12 20 -11 23 -66109
-16 -24 -13 -23 -73369
-10 19 -9 12 -69601
-12 16 -10 16 -53347
-24 24 -24 22 -46885
0 -23 0 -22 -61263
22 -22 22 -21 -45387
-8 -24 -10 -21 -74245
8 -13 9 -12 -56505
23 -11 23 -12 -46461
13 21 15 24 -65419
-2 -10 0 -10 -56195
21 -15 24 -16 -52391
-13 18 -19 24 -91771
-17 4 -2 5 -105757
12 -15 11 -11 -53961
-8 -7 -6 -11 -60875
-13 -9 -14 -8 -63579
17 -12 16 -14 -52715
0 -13 0 -15 -53829
-18 11 -17 11 -63549
15 6 17 8 -50447
-20 -16 -19 -16 -53787
13 24 15 24 -58519
16 -20 18 -20 -67485
-15 20 -16 20 -73181
-14 0 -16 -5 -59147
24 -6 22 -8 -54967
12 -15 13 -17 -64647
-2 24 -2 23 -45749
13 -10 13 -11 -45623
-24 19 -23 18 -59567
24 22 20 22 -57355
-17 -24 -12 -23 -73499
22 -12 24 -9 -61513
24 22 -12 21 -57689
10 24 10 23 -52251
-7 0 -10 -2 -73179
-2 -9 -2 -8 -46991
7 5 6 4 -60051
-7 -24 -8 -24 -57121
11 -21 6 -17 -68927
-13 8 -12 8 -60191
23 3 24 5 -63721
9 20 10 19 -66793
20 -11 21 -10 -65087
14 8 15 0 -56049
22 -4 23 -24 -55337
10 -10 8 -9 -70603
-4 24 -3 22 -50523
18 -18 18 -16 -62973
6 3 -21 4 -92655
-13 13 -12 13 -59659
-16 -9 -14 -7 -59845
-15 18 -14 14 -66545
19 17 18 16 -63363
18 6 18 17 -62333
20 -9 16 -6 -54355
-20 -24 -19 -22 -61693
0 -24 -2 -23 -60421
12 24 12 22 -60015
-13 -17 -11 -13 -66885
-24 -9 -1 -7 -87025
-23 -14 -24 -17 -54967
-15 -1 -15 -6 -62297
24 -2 23 -4 -48459
22 -19 24 -14 -61219
-2 -24 -5 -24 -58383
13 -18 12 -14 -66109
23 1 24 12 -68577
23 -6 24 -5 -52073
13 16 15 19 -60205
-24 0 -23 7 -65773
19 20 17 19 -66999
-6 -8 -8 -7 -65183
-23 20 -23 16 -63557
-23 21 -22 20 -60631
7 9 7 7 -43913
18 -14 17 -12 -56373
6 -24 5 -23 -61623
9 13 10 13 -63679
-23 4 -23 7 -58947
22 2 18 0 -61887
23 -21 21 -23 -52673
9 5 8 7 -50193
20 -12 18 -13 -66265
20 -4 20 -6 -48655
12 -22 10 -23 -54999
7 6 7 1 -57221
5 -9 9 -8 -62273
-11 8 -12 3 -72993
-12 -5 -12 -7 -58797
17 -24 18 -22 -52385
19 -1 20 0 -56673
-24 -10 -22 -9 -58747
-7 14 0 12 -77829
18 7 -3 6 -69357
14 -5 13 -6 -51889
-9 -15 -9 -13 -62047
9 10 8 21 -68891
-16 -17 -15 -15 -55451
-10 -9 -10 -10 -58273
11 13 11 14 -57719
-8 14 -9 11 -58581
-17 14 -17 10 -57945
-24 -11 -23 -10 -58055
-14 -4 -5 -4 -88561
-14 1 -13 0 -62797
12 24 11 23 -57487
15 4 13 2 -53935
-4 -23 -3 -24 -58643
17 -17 14 -16 -57807
-24 20 -23 17 -63815
12 11 11 9 -55885
-6 -24 -5 -22 -64221
-2 2 -12 9 -99853
-5 -5 -6 -1 -69503
-23 -21 -22 -18 -54791
15 -21 14 -21 -57083
15 -24 9 -24 -57643
20 -23 19 -20 -52091
11 -22 11 -21 -48993
-18 -9 -17 -4 -67979
9 -22 12 -22 -64271
24 -18 23 -21 -53835
-24 -15 -23 -18 -52809
-22 23 -21 24 -68731
21 1 20 3 -66075
-10 24 -10 23 -44913
4 -16 4 -19 -42037
-12 -24 -12 -21 -62599
-18 22 -16 19 -83161
-19 24 -20 23 -71947
-9 24 -14 24 -50481
5 14 6 15 -53801
-8 3 -8 1 -64295
-4 0 -2 5 -78223
12 14 13 13 -54391
19 -20 19 -18 -58571
24 -6 23 -3 -54389
-21 23 -13 24 -82747
-18 -9 -20 -8 -58473
21 11 20 23 -75389
22 16 23 14 -63539
22 5 22 2 -65311
0 13 -4 13 -66525
-9 15 -9 19 -66513
-14 -23 -11 -24 -66533
-4 20 -4 19 -54849
-14 21 -14 19 -58865
11 -2 11 1 -47291
22 7 24 8 -57713
21 8 20 8 -61603
12 -23 14 -24 -48873
-13 -24 -9 -23 -70769
-18 13 -17 12 -64031
-12 -16 -12 -15 -58387
-12 23 -14 21 -66305
-16 24 -19 23 -77841
-23 -14 -24 -12 -52675
8 -4 8 -7 -50979
12 -10 11 -9 -59169
7 -23 8 -23 -54319
-24 14 -23 10 -54747
-16 -24 -18 -22 -56183
0 15 0 22 -66109
-22 -5 -23 16 -71337
-8 18 -9 17 -61735
-5 4 -4 3 -89375
19 -24 20 -20 -57355
7 11 10 12 -64513
-23 1 -23 0 -54319
-10 18 -11 -12 -77899
10 -21 10 -18 -49537
12 23 11 23 -61055
-5 1 -4 2 -80319
-23 2 -20 4 -63337
23 7 23 9 -50145
-8 -14 -6 -9 -64703
8 -14 5 -7 -67479
0 -22 1 -24 -61839
0 -9 2 -8 -52419
0 3 2 -1 -67663
-22 -4 -22 -5 -67131
-2 0 -16 22 -95827
23 -11 24 -16 -50909
20 -23 17 -21 -58127
7 -24 7 -23 -45393
0 2 -23 1 -112151
1 21 0 19 -55065
24 -20 -22 -24 -51989
-1 -24 0 -22 -57699
2 -23 3 -24 -55643
-5 4 -5 -9 -81327
-21 -19 -21 -18 -53857
-3 -16 -2 18 -76269
-12 23 -14 24 -56459
-24 -2 -22 -2 -58707
-23 -20 24 -10 -58989
11 -4 6 -3 -64651
23 7 23 4 -61255
-20 -10 -20 -11 -51413
21 -15 21 -13 -56723
22 -12 24 -10 -61403
24 4 22 2 -62825
-15 -7 -15 -11 -64829
14 22 -14 23 -64155
-2 12 0 15 -62635
-22 -23 -24 -23 -60565
-1 11 -1 16 -65667
0 22 3 23 -59409
1 -17 0 -14 -57591
11 -7 9 -6 -70387
-23 -4 -19 -5 -57045
-23 0 -24 1 -54507
-5 21 -6 12 -74475
18 -21 -2 -21 -67571
-7 -12 -6 -17 -64537
-14 19 -14 16 -61465
13 4 12 8 -49571
-18 8 -17 7 -60031
21 7 -24 3 -78417
-23 -14 -23 -12 -56459
-2 -6 -3 -5 -55845
4 23 -19 22 -65405
-10 0 -23 0 -75177
-24 -14 -22 -14 -53941
-23 16 -24 15 -48509
23 14 23 13 -57893
-18 -14 -17 -15 -55975
-24 23 -23 23 -40497
-14 16 -13 15 -65589
-3 -17 -4 -15 -54691
-20 23 -24 18 -73857
-6 -22 -10 -24 -67749
-10 10 -10 12 -56887
0 0 -1 -2 -70669
-6 -14 -6 -12 -60153
18 23 19 24 -56481
-4 -1 -6 -1 -84939
2 -18 1 -18 -49447
2 -5 1 -7 -64019
-10 -5 -8 -6 -75467
13 -8 9 -9 -64159
-7 23 -5 22 -52279
24 18 24 16 -59737
8 -16 11 -16 -65761
12 7 10 4 -61769
-15 -9 -15 -6 -69365
-22 -23 -21 -22 -59487
24 11 23 12 -38933
-2 21 -10 2 -91655
22 23 22 0 -67761
5 -21 4 -21 -50875
-23 10 -2 8 -86875
24 14 24 15 -62059
7 24 6 21 -59131
21 -12 18 -12 -66715
24 -10 22 -8 -46359
18 14 18 15 -64915
24 0 24 -1 -49625
-2 -23 -5 -24 -57891
12 0 9 1 -61887
17 -24 19 -24 -60719
-4 -24 -4 -23 -58939
-22 5 -23 6 -65579
-9 23 -8 23 -49037
-19 22 -18 22 -82325
17 10 16 10 -48533
-22 21 -24 11 -72931
9 -4 9 -3 -49925
7 23 9 24 -52819
17 -3 16 -2 -49197
3 24 5 24 -55449
18 24 22 24 -54567
20 4 19 5 -60265
6 -24 4 -24 -49575
23 -3 21 -2 -60241
-18 7 -24 6 -61647
24 -6 24 -8 -43189
-13 -22 -16 -24 -70605
-14 10 -14 9 -58277
-15 9 -16 8 -62657
-20 7 -19 2 -60717
-23 -3 -23 -4 -58751
-14 -6 -16 -4 -72335
-14 24 -14 23 -55885
19 2 19 -2 -55195
3 2 0 -2 -58985
13 -5 11 -2 -57925
