24 7 24 6 -77346
0 -3 -1 -2 -49428
23 -18 22 -19 -55440
1 10 1 -5 -86456
-8 -24 -7 -22 -51288
24 10 23 9 -56584
6 7 21 8 -88728
23 23 20 24 -67112
0 -15 -1 -14 -50048
-7 -2 -7 -3 -32990
-1 -14 -1 -10 -65386
4 15 2 14 -66588
0 -21 -2 -22 -59922
-23 -23 -22 -23 -66742
-4 -22 -22 -24 -49826
-16 -24 -20 -23 -53332
23 22 22 24 -62484
-10 -13 -12 -18 -56480
4 14 6 15 -68334
-24 4 -23 1 -47712
19 -6 18 22 -82356
-23 21 -24 15 -58766
-9 1 -9 2 -56210
18 23 18 22 -64200
-23 -7 -23 -6 -56456
-4 -11 -4 -12 -55694
-11 13 -10 13 -48152
-17 2 -15 -1 -57634
24 6 21 7 -66464
16 24 17 24 -61548
-10 -8 -9 -7 -36654
3 5 5 -6 -101224
1 -24 3 -22 -62616
-20 24 -23 24 -57088
23 19 24 20 -65828
23 12 24 13 -58014
24 17 23 5 -79638
-24 -24 -24 -22 -49558
18 -6 15 -6 -77288
-23 -5 -24 -5 -51324
-9 -10 -10 -12 -49246
-24 -17 -24 -14 -59680
0 4 0 5 -55724
6 12 6 8 -60916
12 1 13 0 -71718
-16 -21 -17 -20 -55882
-21 -19 -24 -17 -58856
10 8 10 6 -67956
-19 -24 -19 -22 -55132
22 -7 24 -13 -67414
15 18 15 16 -61492
21 -19 22 -23 -63714
6 24 7 23 -56836
24 13 6 15 -78884
12 3 12 0 -73336
12 10 12 7 -68220
-21 7 -18 4 -54498
-19 24 -19 23 -61822
23 20 24 10 -79586
-2 12 -3 9 -55178
17 3 17 5 -85760
21 -23 21 -21 -62906
-20 -14 -18 -12 -63744
-14 -21 -13 -18 -61444
22 10 20 9 -66658
7 -10 8 18 -85616
24 -21 21 -13 -68904
24 -21 23 -14 -58088
17 -20 18 -19 -67866
-17 -23 -19 -24 -46046
24 18 22 21 -60402
16 10 -5 5 -84298
-13 -21 -12 -24 -60086
17 21 17 23 -64316
-2 -16 -4 -17 -59150
10 -22 11 -24 -59218
10 -6 16 -8 -91884
-17 17 -17 15 -55922
16 -1 17 0 -61892
-13 12 -13 16 -67428
-1 10 0 9 -56140
-9 -16 -10 -18 -53350
-23 1 -23 9 -58180
22 13 23 13 -59368
22 -19 23 -19 -60838
-24 24 -24 19 -55718
13 22 11 24 -61738
3 24 3 23 -47188
23 12 23 -20 -70662
-10 18 -12 17 -54238
-11 -22 -6 -23 -56306
18 22 17 24 -61236
-23 -19 -22 -16 -65874
12 22 13 19 -58188
-22 6 -23 8 -58008
4 5 4 11 -75530
-23 21 -22 22 -60060
23 22 23 24 -52238
-6 -22 -5 -23 -59068
17 -13 19 -17 -63968
-7 -11 -6 -10 -48216
-6 11 -5 9 -60704
9 15 9 17 -58966
10 2 7 -6 -80958
23 6 24 2 -84636
-10 23 -9 24 -60154
-15 -11 -15 -14 -51494
24 0 23 0 -61618
24 16 24 13 -77318
22 -19 22 -18 -55078
0 -24 1 -24 -45400
21 5 21 1 -84220
8 7 8 5 -68932
-2 24 -3 23 -43072
12 7 0 12 -83408
-23 -24 -23 -22 -55848
-2 -19 -1 -19 -59062
-7 -22 -6 -21 -59642
5 4 6 2 -67484
-9 0 -6 1 -47336
18 -12 19 1 -72252
17 14 18 14 -65902
18 -18 17 -23 -72770
24 2 23 4 -77970
5 17 5 15 -64290
7 -23 8 -24 -64484
22 19 18 19 -79296
-16 -21 -14 -19 -57154
-23 11 -24 11 -51346
-20 24 -16 23 -42180
1 -21 4 -14 -62964
7 -15 6 -13 -53568
-13 21 -14 24 -66546
-4 7 -5 6 -54634
23 -5 24 -7 -58188
-17 18 -18 20 -60104
4 18 5 17 -58142
24 12 24 9 -58828
6 10 5 3 -83702
17 9 19 10 -69544
-16 -1 -16 -2 -63388
-21 -24 -24 -24 -63734
13 -14 13 -13 -61408
19 19 17 19 -73466
-14 -24 -14 -22 -57012
-14 -12 -15 -11 -43650
6 24 5 24 -46318
-18 -8 -16 -11 -50724
-14 24 -15 22 -58008
5 -22 5 -23 -59946
23 -5 23 -3 -58228
-7 14 7 18 -71206
-11 -19 -9 -20 -46912
-23 -1 -23 -3 -47254
15 -22 14 -24 -56334
-3 1 -3 0 -52584
-15 -24 -17 -22 -54364
17 24 14 24 -63638
21 -5 22 -24 -69690
20 -11 19 -12 -65438
3 24 2 24 -51198
-23 7 -24 6 -55198
-24 -20 -24 12 -56326
19 21 -14 20 -64506
-20 -12 -17 -9 -56592
23 -9 9 -8 -85582
-21 8 -22 7 -55546
18 4 15 6 -82064
-8 23 -4 22 -49372
-24 -7 -24 -10 -51846
11 -17 11 -19 -55012
24 21 23 23 -59346
-21 24 -21 23 -62196
-1 -7 0 -9 -50112
-7 20 -6 14 -69730
-7 -24 -8 -22 -53810
8 -6 4 -7 -49270
1 -12 1 -11 -62010
10 20 6 17 -60358
-22 23 -24 23 -64324
-4 7 0 9 -56938
-21 14 -20 11 -63580
22 23 23 24 -59318
24 18 24 19 -54154
-9 13 -9 12 -61352
19 -24 22 -23 -60656
0 -16 0 -19 -49252
-24 14 -24 13 -48570
4 -17 3 -17 -66582
-7 13 -6 12 -61138
-23 -4 -24 -5 -54042
-5 -12 -1 -11 -56376
-20 -1 -13 -1 -56234
-23 9 -24 10 -54726
-12 12 -12 11 -62582
0 -11 0 -10 -57900
-23 -18 -22 -21 -59214
-19 -24 -22 -24 -56302
11 -24 13 -23 -56588
-15 10 -14 10 -44474
7 7 6 18 -72892
-19 -13 -19 -14 -61360
15 3 17 -6 -82072
18 5 18 12 -75268
-24 -10 -24 -13 -54408
5 -7 5 -6 -53312
1 24 0 24 -48602
20 7 20 6 -80602
4 -19 5 -20 -57084
-23 16 -23 14 -51616
-6 12 -4 15 -58360
-5 16 -5 15 -63326
-20 -21 -20 -22 -60840
-24 -7 -23 -5 -59442
-2 -19 -2 -20 -48146
-18 -3 10 -1 -59010
8 -19 7 -18 -57524
-13 11 -10 9 -54610
-22 -14 -24 -15 -58924
21 -12 21 -14 -56270
23 20 24 21 -67900
18 -24 15 -24 -51822
12 -11 12 -10 -70428
10 8 9 8 -85974
7 14 8 15 -69744
3 -12 2 -15 -58168
-24 24 -24 22 -51594
0 -23 0 -22 -62126
19 -12 21 -11 -66240
-21 6 -21 7 -55556
-1 24 1 22 -50562
24 -1 23 0 -61448
1 15 1 18 -66626
3 -14 2 -14 -65526
21 -15 24 -16 -62500
24 8 24 7 -70718
-21 12 -21 11 -69420
-18 0 -15 -3 -66210
23 0 22 2 -73298
-13 6 -14 4 -44260
13 -7 14 -7 -81784
12 7 13 8 -75180
14 19 11 17 -60104
5 -12 6 -9 -55626
-20 -16 -19 -16 -54226
13 24 15 24 -55000
0 20 0 18 -70046
-22 9 -22 11 -68056
17 -18 14 -17 -58590
24 -6 22 -8 -69518
-14 -18 -10 -17 -49736
-13 -10 -12 -9 -41098
13 -10 13 -11 -70434
-24 19 -23 18 -51192
2 -15 3 -16 -57604
0 21 0 20 -67852
-8 -17 -5 -16 -55924
-13 4 -15 -6 -63224
10 24 10 23 -54694
17 14 15 16 -68338
-21 -21 -20 -22 -60808
-1 16 0 13 -61846
-7 -24 -8 -24 -49708
14 -9 13 -11 -67972
3 21 3 18 -67510
23 3 24 5 -64720
-24 24 -23 0 -57064
-13 19 -11 16 -59858
-6 -18 -7 -20 -54702
22 -13 23 -13 -60376
10 23 8 23 -50080
-4 24 -3 22 -52144
-22 -21 21 -19 -60868
9 -16 8 -19 -50966
8 22 8 24 -63832
22 -9 20 -7 -68448
21 0 24 0 -74906
17 2 15 2 -69396
-24 12 -23 13 -59460
-12 -22 11 -21 -64630
21 -24 24 -22 -62752
16 4 16 5 -82302
13 14 13 12 -62426
-5 23 -7 21 -65082
10 22 9 23 -61822
-23 -14 -24 -17 -61934
-23 17 -23 18 -52320
24 -2 23 -4 -62182
-2 -11 -5 -10 -53912
-2 -24 -5 -24 -53794
-16 -5 -16 -2 -60386
19 18 19 17 -60736
23 -6 24 -5 -67298
0 5 1 4 -55120
-7 9 -6 9 -49676
-17 16 -16 16 -50080
-15 7 -15 10 -60406
-9 10 -10 8 -56198
24 18 9 22 -83200
-22 -2 -21 0 -58566
-2 9 -2 7 -67232
6 -24 5 -23 -67414
17 -1 18 -2 -73362
-24 14 -22 14 -55010
9 -23 5 -22 -67484
23 -21 21 -23 -66780
-12 18 -12 19 -63450
19 4 11 7 -81800
-6 23 -7 21 -69156
12 -22 10 -23 -56700
17 21 16 19 -59296
15 12 15 9 -62162
-4 -4 -6 -3 -39490
7 -8 8 -10 -65178
17 -24 18 -22 -58298
-16 3 -18 2 -49812
-24 -10 -22 -9 -62962
2 -17 1 -18 -60638
18 -9 13 8 -97240
15 -10 14 -6 -64740
-8 3 -9 2 -53442
-21 -2 -17 -2 -52350
-16 -17 -15 -15 -52682
5 18 2 11 -77506
2 2 4 -5 -82632
-23 2 -24 1 -56002
24 23 23 22 -61102
-24 -11 -23 -10 -62254
7 0 9 -4 -74168
12 -8 9 -2 -67500
12 24 11 23 -47318
18 14 19 16 -74514
-4 -23 -3 -24 -53964
-12 -4 -14 -3 -40602
4 4 2 3 -53872
5 9 8 9 -67024
1 4 3 8 -73762
-22 23 -21 22 -63692
14 -4 15 -4 -77130
-23 -21 -22 -18 -62710
11 3 11 -3 -82044
15 -24 9 -24 -53962
8 9 9 8 -70720
11 -22 11 -21 -66740
3 22 1 22 -58060
23 1 19 0 -74058
5 -23 4 -24 -55756
-24 -15 -23 -18 -55548
-22 23 -21 24 -56446
-20 14 -18 14 -59262
-10 24 -10 23 -56178
-1 -9 -3 -9 -52770
-12 -24 -12 -21 -60992
-6 5 -8 2 -58016
-10 24 -11 20 -70302
-9 24 -14 24 -53614
-6 22 -3 19 -58470
20 3 21 4 -69916
10 4 8 3 -80278
-21 -2 -24 -2 -52648
24 -2 24 -3 -52808
9 7 11 7 -86040
3 9 2 9 -55230
-18 -9 -20 -8 -52508
23 -24 20 -23 -57854
2 4 4 -3 -94870
-21 1 -20 2 -58766
-24 -6 -22 -9 -57274
12 -4 11 -5 -61964
-14 -23 -11 -24 -41738
9 -9 12 -10 -65028
-19 12 -18 12 -59612
-19 -5 -19 -9 -48718
-16 -2 -16 -3 -66454
-11 17 -11 13 -68110
12 -23 14 -24 -50786
-19 15 -19 22 -68040
-19 11 -18 9 -64570
20 1 19 2 -77314
15 5 15 7 -76564
-15 22 -18 23 -48026
-23 -14 -24 -12 -58040
22 9 23 8 -67978
17 16 14 13 -70750
7 -23 8 -23 -55610
13 -12 14 -16 -65746
3 1 3 0 -77642
21 -5 19 -6 -72524
-24 10 -24 11 -56924
-6 18 -8 17 -62096
0 -3 2 -2 -43172
23 -24 21 -23 -52808
10 -7 11 -9 -71476
-21 23 14 24 -49510
12 20 15 18 -64120
-13 18 -13 20 -65506
5 22 5 21 -63368
-20 20 -19 23 -63862
-11 24 -16 22 -52726
10 -19 9 -23 -64288
23 7 23 5 -84316
8 -7 8 -9 -62600
0 -22 1 -24 -58444
0 -9 2 -8 -52636
-13 14 -14 12 -57296
-24 -24 -22 -20 -54314
-5 -8 -7 -5 -35808
23 -11 24 -16 -55256
20 -23 17 -21 -58954
7 -24 7 -23 -53970
-8 17 -8 15 -66502
-3 6 -3 8 -69698
24 -20 -22 -24 -55196
-1 -24 0 -22 -61406
2 -23 3 -24 -57354
-9 16 -7 16 -56656
-21 -19 -21 -18 -61438
7 2 8 3 -79534
-12 23 -14 24 -52634
14 14 14 16 -68366
19 8 16 0 -91278
24 -6 24 -11 -61050
23 -22 23 -23 -46900
-20 -10 -20 -11 -56472
7 -6 -1 4 -91790
22 -12 24 -10 -55280
-6 7 -7 9 -62350
2 -6 0 -8 -47486
-23 5 -24 4 -55698
18 -13 15 -12 -64936
-22 -23 -24 -23 -62200
16 -22 17 -24 -51662
16 -10 17 -11 -68792
12 12 10 11 -69374
18 -3 1 1 -79354
20 10 20 17 -78256
-23 0 -24 1 -44660
23 20 24 20 -57886
20 -3 18 -3 -76048
11 5 7 4 -84108
1 9 -1 9 -55182
-9 -14 -9 -13 -46584
-12 5 -14 8 -49620
4 0 4 2 -79458
-23 -14 -23 -12 -63668
9 -2 -9 16 -83238
19 12 20 11 -64892
-23 0 -23 1 -47508
-24 -14 -22 -14 -55104
16 -13 15 -18 -74188
15 3 17 0 -87244
-18 -14 -17 -15 -51902
-24 23 -23 23 -56462
-1 14 0 14 -49262
-3 -17 -4 -15 -47846
-10 2 -9 1 -47836
-8 23 -7 21 -58828
-12 24 -8 21 -57486
21 21 20 21 -76176
-6 -14 -6 -12 -53546
18 23 19 24 -56354
-1 2 -2 3 -49392
2 -18 1 -18 -64134
13 -6 11 -6 -79134
10 -3 10 -2 -61542
4 -6 3 -5 -61466
9 -8 10 -7 -55322
24 18 24 16 -60766
16 -17 16 -16 -62938
0 24 -2 23 -45974
14 -17 12 -17 -54688
13 6 11 6 -71394
24 11 23 12 -57696
-18 12 -19 9 -65988
-20 -6 -22 -3 -62912
-10 0 -10 -1 -47480
8 4 7 2 -79050
24 14 24 15 -73704
7 24 6 21 -61346
-14 -18 -14 -20 -54222
24 -10 22 -8 -63836
24 10 -23 6 -55892
24 0 24 -1 -48866
-2 -23 -5 -24 -55284
-2 3 -3 1 -56114
17 -24 19 -24 -54960
-4 -24 -4 -23 -48822
24 -5 15 -4 -85360
-9 23 -8 23 -51580
15 -16 16 -15 -65746
0 2 1 24 -73740
-15 24 -15 23 -59384
5 3 4 -7 -80340
7 23 9 24 -49674
12 -19 13 -23 -69962
2 15 3 14 -58680
18 24 22 24 -65586
9 8 11 11 -74848
6 -24 4 -24 -58058
4 -11 3 -11 -55888
24 17 1 6 -82718
24 -6 24 -8 -61034
-13 -22 -16 -24 -43758
-8 2 -8 4 -56254
-24 15 -23 16 -55058
-9 -15 -13 -14 -40560
-23 -3 -23 -4 -47664
17 0 17 -21 -73554
-23 24 -22 23 -58252
-3 20 -3 21 -65218
-12 8 -12 9 -58860
-18 8 -17 8 -52444
