24 7 24 6 -35436
0 -3 -1 -2 -71798
-17 3 -20 5 -67936
-4 -11 11 -8 -85544
-8 -24 -7 -22 -47360
1 -15 1 -14 -58350
0 6 2 8 -73864
23 23 20 24 -62094
3 -10 3 -4 -65186
5 9 -5 10 -66330
10 -7 11 -9 -55090
11 6 11 3 -46918
0 -1 -6 -2 -80070
-23 -23 -22 -23 -69008
-4 -22 -22 -24 -61824
-16 -24 -20 -23 -55524
23 22 22 24 -53894
-10 -13 -12 -18 -60634
-17 -13 -16 -13 -61008
-24 4 -23 1 -50944
11 -13 10 -13 -56562
-23 21 -24 15 -54558
-9 1 -9 2 -65226
18 23 18 22 -63104
-23 -7 -23 -6 -62564
-7 -24 -7 -1 -72828
-11 13 -10 13 -65790
-17 2 -15 -1 -65360
8 -3 -17 -1 -78060
16 24 17 24 -44320
-10 -8 -9 -7 -69908
-3 14 0 15 -54612
-1 14 4 11 -58126
-20 24 -23 24 -53154
23 19 24 20 -54612
23 12 24 13 -43236
-11 -24 -15 -24 -61292
-24 -24 -24 -22 -46942
24 24 4 22 -54072
-23 -5 -24 -5 -59540
-9 -10 -10 -12 -67126
-24 -17 -24 -14 -56922
3 22 6 22 -54434
20 24 22 22 -65060
19 0 18 2 -63716
6 10 7 10 -47042
-21 -19 -24 -17 -63958
-9 -10 -7 -12 -61012
-19 -24 -19 -22 -56056
7 -3 7 -4 -44310
15 18 15 16 -49490
21 -19 22 -23 -67806
6 24 7 23 -51364
11 -19 12 -17 -67900
0 24 0 21 -54788
12 10 12 7 -48626
-21 7 -18 4 -64264
-19 24 -19 23 -58454
22 -23 21 -7 -65904
-15 -6 -16 -7 -61628
22 4 24 1 -58710
21 -23 21 -21 -62284
11 -11 5 -13 -68654
-14 -21 -13 -18 -68708
17 -22 15 -23 -63694
19 -18 21 -14 -62808
9 1 11 1 -37196
24 -21 23 -14 -54120
17 -20 18 -19 -59800
-17 -23 -19 -24 -59316
13 -10 15 -9 -56110
-4 -12 -4 -14 -63464
-13 -21 -12 -24 -62408
17 21 17 23 -60910
10 5 8 8 -50230
10 -22 11 -24 -46540
10 -7 10 -9 -54744
-17 17 -17 15 -49806
16 -1 17 0 -50300
-2 -14 -2 21 -75780
-17 -12 -17 -10 -61342
-9 -16 -10 -18 -52970
-23 1 -23 9 -52922
10 18 9 17 -50024
22 -19 23 -19 -44510
-24 24 -24 19 -51260
13 22 11 24 -45394
3 24 3 23 -47444
17 -4 18 -3 -55970
0 -3 0 -1 -69436
13 20 15 20 -55008
18 22 17 24 -55170
4 0 0 3 -68642
-15 19 -17 17 -57644
-22 6 -23 8 -49228
-12 -2 -11 -1 -76920
-23 21 -22 22 -55860
23 22 23 24 -49214
-6 -22 -5 -23 -57518
21 6 -12 8 -69062
-7 -11 -6 -10 -62366
17 -10 21 -11 -60436
-5 5 -3 4 -65248
-7 4 -6 5 -71764
0 -1 -2 -2 -73854
-10 23 -9 24 -55196
-15 -11 -15 -14 -61466
24 0 23 0 -40690
-15 -19 24 -24 -71300
22 -19 22 -18 -55838
0 -24 1 -24 -50380
-1 -2 -24 -6 -68812
-11 3 -9 4 -66486
-2 24 -3 23 -45472
-21 13 8 17 -67060
-23 -24 -23 -22 -52570
18 3 18 2 -57758
-22 -2 -24 -1 -66098
5 4 6 2 -49468
4 1 3 1 -60466
3 -22 23 -23 -81064
-18 -17 -15 -16 -67106
14 -22 9 -22 -74360
8 -8 9 -6 -56280
14 9 14 6 -53286
7 -23 8 -24 -50390
1 17 0 16 -46754
-16 -21 -14 -19 -71124
-23 11 -24 11 -57982
-20 24 -16 23 -47300
20 -1 -24 -7 -63068
7 -18 6 -18 -65276
-13 21 -14 24 -64144
1 -1 1 -1 -237202
23 -5 24 -7 -55754
-17 18 -18 20 -57378
-11 -4 -10 -1 -77796
24 12 24 9 -38846
-14 -15 -11 -17 -55266
23 -24 22 -23 -53002
16 -4 15 0 -62094
-21 -24 -24 -24 -65950
13 -14 13 -13 -62428
-11 -6 -11 -4 -74546
-14 -24 -14 -22 -59404
-14 -12 -15 -11 -60626
6 24 5 24 -48776
16 7 14 6 -46608
-14 24 -15 22 -57916
5 -22 5 -23 -61880
-4 -7 -3 -8 -65126
-22 -11 -19 -10 -69568
7 -24 8 -23 -64490
-23 -1 -23 -3 -49832
15 -22 14 -24 -55780
-3 1 -3 0 -63176
-15 -24 -17 -22 -53368
4 12 1 10 -57474
10 -10 13 -13 -64226
23 -6 21 -3 -60654
3 24 2 24 -44696
-23 7 -24 6 -58820
-24 -20 -24 12 -59450
9 -17 8 -16 -67356
3 -12 -2 -13 -71030
6 14 6 15 -45282
-21 8 -22 7 -62484
2 22 4 23 -52948
-8 23 -4 22 -49366
-24 -7 -24 -10 -52168
11 -17 11 -19 -64818
4 -4 2 -6 -64554
-21 24 -21 23 -58076
-1 -7 0 -9 -68802
-19 -8 -22 -8 -73050
-7 -24 -8 -22 -52614
0 0 1 23 -66898
23 8 8 9 -63330
19 15 19 14 -55772
-22 23 -24 23 -61148
14 12 15 12 -51216
-21 14 -20 11 -58892
22 23 23 24 -57824
24 18 24 19 -44658
-9 13 -9 12 -58428
2 -18 1 -22 -73564
7 -14 4 -13 -65606
-24 14 -24 13 -45292
-9 3 -10 3 -56908
-21 -4 -20 -5 -68810
-23 -4 -24 -5 -62060
-7 16 -8 17 -54908
5 8 13 -19 -77956
-23 9 -24 10 -52328
-12 12 -12 11 -62904
14 -3 11 -2 -47268
-23 -18 -22 -21 -58798
-19 -24 -22 -24 -59460
11 -24 13 -23 -64548
-15 10 -14 10 -60522
18 -23 19 -24 -61054
-19 -13 -19 -14 -62216
-6 -11 -5 -13 -68824
-21 -1 -18 -2 -69022
-24 -10 -24 -13 -54540
20 -13 19 -14 -55114
-11 11 -13 12 -67448
-24 22 5 24 -51124
4 -19 5 -20 -70364
-23 16 -23 14 -48848
-2 -17 19 -19 -89768
-5 16 -5 15 -44228
-20 -21 -20 -22 -62210
-24 -7 -23 -5 -65522
16 -8 13 -5 -59212
-11 2 -13 -1 -81784
-1 3 1 3 -59424
15 -19 15 -16 -70370
-22 -14 -24 -15 -57504
-5 6 -6 -9 -85352
16 -17 17 -11 -70260
18 -24 15 -24 -62816
22 -8 20 -9 -63106
0 -4 1 -5 -64246
1 1 0 -1 -62494
-11 1 -14 -14 -99188
-24 24 -24 22 -47726
0 -23 0 -22 -64696
2 -23 -3 -24 -56576
-3 11 -4 12 -56404
-1 24 1 22 -48528
24 -1 23 0 -53550
17 15 15 13 -56256
3 -14 2 -14 -65558
21 -15 24 -16 -43554
3 -12 3 -9 -55968
10 -14 11 -16 -68164
13 2 13 0 -51758
23 0 22 2 -61602
-13 6 -14 4 -63220
-12 9 -12 8 -61940
-8 12 -10 14 -63002
6 -12 6 -16 -63882
-17 -22 -18 -23 -65050
-20 -16 -19 -16 -62576
13 24 15 24 -43344
-7 20 -7 18 -53848
-22 9 -22 11 -54108
24 -23 -7 -15 -79096
24 -6 22 -8 -63728
-14 -18 -10 -17 -60648
-13 -10 -12 -9 -59898
-11 -6 -11 -7 -67608
-24 19 -23 18 -50886
2 -15 3 -16 -65008
4 7 6 9 -60322
21 16 20 16 -62720
19 16 18 15 -59950
10 24 10 23 -46156
15 -4 14 -6 -56758
-21 -21 -20 -22 -61482
22 -15 2 -15 -85014
-7 -24 -8 -24 -40824
0 24 14 5 -72084
-15 5 -15 0 -69842
23 3 24 5 -49928
-16 12 -17 7 -64802
-13 19 -11 16 -60708
-6 -18 -7 -20 -50576
16 -19 17 -20 -59088
12 18 11 18 -52648
-4 24 -3 22 -55308
-3 8 -9 9 -59928
9 -16 8 -19 -67482
8 22 8 24 -52320
5 6 2 -14 -77148
21 3 21 6 -55092
4 -7 6 -7 -60420
-24 12 -23 13 -60392
-10 -3 -11 -2 -60078
12 -13 13 -11 -58064
20 10 24 11 -51312
6 13 8 10 -44346
1 6 5 8 -74702
15 -8 16 -8 -53594
-23 -14 -24 -17 -55414
-23 17 -23 18 -48148
24 -2 23 -4 -46656
-17 17 -19 16 -56090
-2 -24 -5 -24 -54876
-16 -20 -17 -17 -59730
19 18 19 17 -51866
23 -6 24 -5 -53364
14 -1 15 7 -64396
-7 -12 -7 -11 -69692
-17 16 -16 16 -56596
1 -3 0 -4 -69080
-9 10 -10 8 -69980
-9 8 -11 -11 -92516
14 14 12 16 -52490
0 8 0 10 -40980
-2 7 0 10 -62318
19 -16 13 -16 -64258
-24 14 -22 14 -56394
-13 -23 -9 -22 -57996
2 -7 -3 -8 -70952
-12 18 -12 19 -52892
5 19 5 20 -41056
-6 23 -7 21 -60148
18 -17 18 -20 -64122
17 21 16 19 -50202
1 -11 0 -12 -65966
-3 20 -5 20 -49480
14 -3 12 -24 -72782
17 -24 18 -22 -55696
-16 3 -18 2 -67900
-1 24 -3 24 -42544
2 -17 1 -18 -59976
20 6 19 9 -53446
17 -2 16 -1 -58888
-10 12 -12 11 -68218
16 -13 18 -14 -60560
-16 -17 -15 -15 -61126
-3 4 -4 1 -68088
24 24 -13 22 -52652
-23 2 -24 1 -56644
24 23 23 22 -57472
-24 -11 -23 -10 -54342
21 -12 24 -11 -57810
-17 4 -19 3 -68956
12 24 11 23 -45746
2 13 1 15 -55630
-4 -23 -3 -24 -57686
-12 -4 -14 -3 -60604
18 -4 19 -17 -72664
6 -18 -12 -22 -71422
-18 -4 -17 -4 -59764
0 -3 -3 -1 -74690
-7 5 -6 6 -70894
-7 14 -8 13 -52836
18 8 21 8 -55658
15 -24 9 -24 -69186
14 19 22 20 -65850
-2 -11 -3 -8 -71142
11 0 11 -4 -50282
-18 0 -18 -8 -82462
5 -23 4 -24 -56422
-24 -15 -23 -18 -56146
-22 23 -21 24 -52458
0 -16 0 -17 -58206
-10 24 -10 23 -52668
3 -19 3 -20 -68370
-12 -24 -12 -21 -61950
14 -3 14 -5 -53816
17 -1 15 7 -72072
-18 19 -10 -6 -84336
4 -10 3 -14 -65926
-1 7 -2 6 -62306
-11 2 -11 4 -64724
-21 -2 -24 -2 -70578
24 -2 24 -3 -42610
7 -15 7 -17 -67016
-3 -13 -4 -17 -60390
-18 -9 -20 -8 -67318
23 -24 20 -23 -56436
11 11 13 12 -53432
-21 1 -20 2 -63208
-24 -6 -22 -9 -63252
6 -10 -15 -9 -78940
-14 -23 -11 -24 -60026
-14 1 -15 -13 -94148
19 7 16 10 -56548
-19 -5 -19 -9 -68650
4 -20 22 -20 -86760
2 -17 4 -20 -75664
12 -23 14 -24 -54834
14 10 16 12 -56816
-4 -2 -3 -2 -70206
19 16 24 15 -63280
0 -19 -1 -21 -64282
-15 22 -18 23 -52540
-23 -14 -24 -12 -60288
22 12 21 14 -57750
3 3 8 7 -71266
7 -23 8 -23 -60162
-16 -1 -17 -8 -82980
-21 22 -20 20 -58054
-4 13 -3 13 -51644
-24 10 -24 11 -47742
-6 23 -6 21 -64678
3 13 4 15 -53836
23 -24 21 -23 -57488
5 15 7 16 -47544
-21 23 14 24 -53978
2 -1 1 0 -70034
-10 20 -8 21 -60134
5 22 5 21 -52916
2 3 1 2 -60996
-11 24 -16 22 -56560
15 -9 15 -11 -65678
-2 -14 -3 -14 -56528
-14 9 -13 10 -67926
0 -22 1 -24 -64262
-9 17 -11 16 -61442
-13 14 -14 12 -64880
-24 -24 -22 -20 -51710
24 17 23 1 -57000
23 10 23 -9 -60040
-13 7 -14 -3 -84912
7 -24 7 -23 -52354
-15 7 -12 5 -70176
1 -6 -1 -9 -68644
24 -20 -22 -24 -60724
-1 -24 0 -22 -57020
2 -23 3 -24 -54954
-15 -4 -16 0 -68810
-21 -19 -21 -18 -55224
-2 -19 0 -20 -61268
-12 23 -14 24 -53972
14 14 14 16 -49668
5 -10 2 -11 -70994
24 -6 24 -11 -56016
23 -22 23 -23 -48938
-20 -10 -20 -11 -58372
-7 10 -7 11 -55370
22 -12 24 -10 -59740
-17 13 -19 9 -66198
20 6 21 6 -51134
-23 5 -24 4 -59264
-1 23 1 24 -44762
-22 -23 -24 -23 -64368
16 -22 17 -24 -57156
22 19 17 21 -66218
-18 14 -17 12 -57322
-3 -3 -4 -1 -67394
-8 -20 -10 -18 -54396
-23 0 -24 1 -57298
23 20 24 20 -45908
20 -3 18 -3 -48994
21 -7 20 -6 -61474
-9 -5 -9 -4 -68802
-9 -14 -9 -13 -56128
-12 5 -14 8 -68858
23 2 24 3 -47216
-23 -14 -23 -12 -61506
12 23 6 24 -48448
11 -22 9 -24 -64584
-23 0 -23 1 -47960
-24 -14 -22 -14 -57168
-9 9 -9 7 -62370
-10 -6 -7 -5 -61860
-18 -14 -17 -15 -63986
-24 23 -23 23 -53924
-11 0 -15 -1 -69234
-3 -17 -4 -15 -55198
-3 6 -3 0 -71390
-8 23 -7 21 -61020
-12 24 -8 21 -60364
22 14 23 19 -62776
5 -23 7 -19 -69636
18 23 19 24 -53320
23 -24 22 -1 -64974
4 -5 10 -4 -57992
20 -23 20 -24 -52824
10 21 9 19 -49022
1 15 1 14 -51308
0 4 0 5 -60042
24 18 24 16 -51576
16 -17 16 -16 -66828
0 6 1 4 -58810
19 12 19 11 -50174
-15 20 -15 21 -54842
24 11 23 12 -44448
14 11 14 9 -47602
-3 0 -19 -20 -80602
-10 0 -10 -1 -68252
7 12 11 13 -50498
24 14 24 15 -48512
-4 1 -5 0 -74160
-14 -18 -14 -20 -60482
24 -10 22 -8 -47190
-8 -8 -8 -10 -64130
24 0 24 -1 -43900
-2 -23 -5 -24 -54618
10 -4 12 -2 -51174
17 -24 19 -24 -57710
-4 -24 -4 -23 -48852
-24 -5 -24 24 -56742
-9 23 -8 23 -51834
22 -10 23 -8 -64776
22 21 23 23 -65500
-15 24 -15 23 -56412
-11 20 -14 20 -59098
7 23 9 24 -45708
-5 -7 -6 -9 -64924
-10 12 -10 21 -58120
18 24 22 24 -59558
-18 1 -24 -10 -85196
6 -24 4 -24 -49352
-21 -21 -20 -20 -62820
15 -10 15 -11 -65316
24 -6 24 -8 -57066
-13 -22 -16 -24 -62376
-6 -6 -8 -5 -56304
-24 15 -23 16 -54832
0 -12 -1 -11 -61194
-23 -3 -23 -4 -53668
-24 8 -19 9 -65512
-23 24 -22 23 -51086
-3 20 -3 21 -51384
0 2 -1 -4 -80162
-18 8 -17 8 -57566
