24 7 24 6 -37185
8 2 8 0 -75533
-17 3 -20 5 -61661
11 5 9 7 -60023
-8 -24 -7 -22 -43791
21 2 23 -4 -80295
-21 -10 -19 -7 -64335
23 23 20 24 -65321
-7 0 -7 2 -64651
8 -20 16 -23 -59011
24 1 24 -2 -74933
0 -7 1 -5 -58779
23 5 1 19 -84173
-23 -23 -22 -23 -67187
1 -12 -2 -11 -61717
-16 -24 -20 -23 -54815
23 22 22 24 -54019
-4 -16 -2 -16 -58157
-17 -13 -16 -13 -66207
-24 4 -23 1 -51607
11 6 22 2 -80211
-23 21 -24 15 -58601
-9 1 -9 2 -66333
9 3 9 2 -69001
-23 -7 -23 -6 -63867
-5 15 0 17 -66201
-2 14 -4 14 -61923
11 -1 13 -4 -66961
12 18 19 11 -84099
16 24 17 24 -52369
-10 -8 -9 -7 -50959
-4 11 -6 12 -58145
-14 -24 -12 -20 -64971
-20 24 -23 24 -41425
23 19 24 20 -61433
23 12 24 13 -52737
-11 -24 -15 -24 -54209
-24 -24 -24 -22 -50971
10 21 14 15 -77823
-23 -5 -24 -5 -54501
-1 11 0 11 -53825
-24 -17 -24 -14 -56241
13 5 14 5 -67595
20 24 22 22 -65083
19 -20 13 -20 -76155
6 10 7 10 -64765
-21 -19 -24 -17 -60645
14 -7 14 -11 -43031
-19 -24 -19 -22 -70637
7 -3 7 -4 -68485
15 18 15 16 -66099
20 23 20 21 -57299
6 24 7 23 -49037
14 -19 15 -17 -66887
-20 -24 -20 -22 -70155
-8 -20 -10 -19 -61841
-21 7 -18 4 -58231
-19 24 -19 23 -57769
-8 -14 -5 -18 -62845
-15 -6 -16 -7 -58037
22 4 24 1 -58535
21 -23 21 -21 -64355
13 -20 13 -23 -58121
-14 -21 -13 -18 -70443
17 -22 15 -23 -69047
19 -18 21 -14 -65667
9 15 15 11 -95101
24 -21 23 -14 -61235
17 -20 18 -19 -68261
-17 -23 -19 -24 -58523
15 -11 14 -23 -76559
24 -12 24 -14 -37845
10 -1 10 -2 -72011
-12 17 -14 18 -55203
2 -2 13 -1 -60217
10 -22 11 -24 -47483
18 21 10 17 -85599
-17 17 -17 15 -47299
24 8 20 12 -75539
3 22 7 24 -61363
-17 -12 -17 -10 -58281
-9 -16 -10 -18 -48501
-23 1 -23 9 -52587
10 18 9 17 -76175
22 -19 23 -19 -63299
-24 24 -24 19 -51495
13 22 11 24 -53073
3 24 3 23 -41695
13 -8 19 -10 -95825
0 3 0 0 -60477
13 20 15 20 -79749
18 22 17 24 -54261
14 -8 13 -7 -65361
14 5 15 7 -58725
-22 6 -23 8 -45573
2 -7 1 -9 -55539
-23 21 -22 22 -49665
23 22 23 24 -51047
13 15 13 9 -85593
14 24 7 -12 -97189
-7 -11 -6 -10 -54295
13 12 13 8 -75507
-19 20 -24 15 -64559
23 -5 24 -5 -61037
15 -17 22 -16 -79213
-10 23 -9 24 -49153
-15 -11 -15 -14 -52605
24 0 23 0 -51205
24 15 24 12 -61945
22 -19 22 -18 -60353
8 9 7 4 -74895
9 13 12 14 -76549
20 -24 -9 -24 -57245
-2 24 -3 23 -43037
11 -12 21 11 -94043
-23 -24 -23 -22 -58135
-3 -5 -4 -4 -54399
-22 -2 -24 -1 -64051
5 19 8 20 -77839
0 -20 3 -21 -57275
24 10 22 -20 -64267
-18 -17 -15 -16 -65821
24 2 20 3 -63889
0 10 2 4 -66383
-6 18 -7 19 -61281
7 -23 8 -24 -47929
1 17 0 16 -51795
8 -19 8 -21 -52169
-23 11 -24 11 -55105
-20 24 -16 23 -57681
7 -7 24 -12 -83439
-14 -8 -15 -9 -61059
-13 21 -14 24 -61957
-2 -7 0 -7 -55633
10 12 8 11 -75573
-17 18 -18 20 -54525
24 17 1 16 -78511
24 12 24 9 -53041
-14 -15 -11 -17 -57435
23 -24 22 -23 -52349
5 -15 6 -18 -57059
-21 -24 -24 -24 -64535
5 -10 3 -12 -59287
-2 -1 -3 -2 -58169
-14 -24 -14 -22 -58573
-14 -12 -15 -11 -60447
2 -15 0 -12 -54563
4 4 -4 -3 -82127
-14 24 -15 22 -51759
5 -22 5 -23 -53801
9 -5 10 -5 -44641
-22 -11 -19 -10 -58835
7 -24 8 -23 -54317
-23 -1 -23 -3 -46861
15 -22 14 -24 -59525
-3 1 -3 0 -57311
-15 -24 -17 -22 -55841
16 -19 19 -20 -76955
2 -1 0 0 -62341
20 16 24 -11 -83791
3 24 2 24 -48121
-23 7 -24 6 -54863
-24 -20 -24 12 -63411
-5 -22 -4 -22 -60237
3 13 6 11 -70229
6 14 6 15 -55623
-21 8 -22 7 -58219
3 5 5 3 -67647
-8 23 -4 22 -55607
-24 -7 -24 -10 -56081
0 24 -1 24 -57315
2 -22 1 -19 -52689
-21 24 -21 23 -57615
8 16 9 -12 -99833
9 8 10 10 -80133
-7 -24 -8 -22 -54973
-6 -3 -8 -2 -54561
-2 -9 -1 -12 -62717
-24 18 19 14 -60361
6 0 3 -11 -78767
14 12 15 12 -66703
-21 14 -20 11 -51673
22 23 23 24 -62887
24 18 24 19 -49649
-9 13 -9 12 -53825
-2 18 -1 22 -44879
22 -22 22 -24 -62961
-24 14 -24 13 -43503
23 -10 21 -10 -70551
-21 -4 -20 -5 -60763
-23 -4 -24 -5 -55487
-7 16 -8 17 -56811
-13 -15 -13 -20 -64627
-23 9 -24 10 -48727
-12 12 -12 11 -52851
20 -18 22 -18 -71881
-23 -18 -22 -21 -56509
-19 -24 -22 -24 -57119
11 -24 13 -23 -51455
-15 10 -14 10 -47781
-1 -19 7 -21 -67573
22 -4 22 -2 -66643
5 7 6 5 -70547
-21 -1 -18 -2 -62613
-24 -10 -24 -13 -53489
-24 9 -23 -12 -67887
-11 11 -13 12 -44495
-22 -10 22 5 -68997
2 4 1 2 -61665
-23 16 -23 14 -48591
-15 1 -19 0 -66365
-5 16 -5 15 -46249
-4 0 -6 -1 -60145
-24 -7 -23 -5 -62825
1 24 0 24 -55485
24 -16 22 -20 -61711
-3 -5 -4 -5 -56521
-10 -19 -11 -19 -54879
-22 -14 -24 -15 -54959
21 16 22 16 -61397
-14 -18 -17 -17 -65253
18 -24 15 -24 -64809
-18 -1 -18 2 -54803
0 -4 1 -5 -57893
1 1 0 -1 -70797
-20 -11 -17 -14 -67929
-24 24 -24 22 -47641
0 -23 0 -22 -56025
-8 0 -3 -1 -63469
15 -12 15 -13 -42841
-1 24 1 22 -55809
24 -1 23 0 -63363
17 15 15 13 -68809
7 14 4 14 -74365
21 -15 24 -16 -71027
3 -12 3 -9 -47077
10 -14 11 -16 -66337
13 2 13 0 -63811
6 -10 2 -10 -60603
-13 6 -14 4 -43905
-12 9 -12 8 -48807
15 23 14 1 -80665
-1 -9 0 -11 -64117
-17 -22 -18 -23 -64847
10 14 10 12 -70555
13 24 15 24 -56765
-7 20 -7 18 -55121
-22 9 -22 11 -46477
-4 2 -17 5 -55739
-24 0 6 0 -65201
-14 -18 -10 -17 -59209
-13 -10 -12 -9 -57457
-11 -6 -11 -7 -45009
-24 19 -23 18 -42503
7 -16 5 -19 -67121
20 6 20 9 -53067
-6 16 -7 15 -54565
19 16 18 15 -63871
10 24 10 23 -46237
15 -4 14 -6 -57883
-21 -21 -20 -22 -60459
-10 12 -9 11 -50489
-7 -24 -8 -24 -48161
-9 -9 12 -9 -73307
-15 -6 -15 1 -66155
23 3 24 5 -46091
-5 21 24 24 -64999
-13 19 -11 16 -63681
-6 -18 -7 -20 -49063
16 -8 3 -20 -70547
12 18 11 18 -73153
-4 24 -3 22 -51519
2 15 0 8 -66451
9 -16 8 -19 -66739
8 22 8 24 -54905
9 0 9 -9 -76845
-13 -1 -13 0 -63519
6 -5 7 -3 -64153
-24 12 -23 13 -56883
-10 -3 -11 -2 -51343
20 -2 22 20 -82075
20 10 24 11 -67347
1 8 1 2 -64721
5 -12 -20 -14 -71285
15 -8 16 -8 -84777
-23 -14 -24 -17 -55673
-23 17 -23 18 -50001
6 8 7 11 -81267
-17 17 -19 16 -56239
-2 -24 -5 -24 -56979
-16 -20 -17 -17 -66719
19 18 19 17 -59301
23 -6 24 -5 -58925
14 15 13 11 -79227
-7 -12 -7 -11 -45645
-17 16 -16 16 -51945
23 -7 24 -7 -64237
10 -14 12 -16 -64229
-4 -20 -4 -22 -54557
1 12 -3 17 -58425
0 8 0 10 -51431
22 7 8 6 -84301
6 -13 3 -16 -68629
-24 14 -22 14 -52775
-24 -23 -23 0 -62461
6 11 6 9 -72799
-12 18 -12 19 -54277
-8 0 -9 24 -70533
-6 23 -7 21 -50575
-14 -10 -12 -10 -57929
17 21 16 19 -54105
17 7 -8 12 -81883
3 -1 1 -3 -71923
7 4 7 3 -70227
17 -24 18 -22 -62307
-16 3 -18 2 -63283
-1 24 -3 24 -56139
2 7 -2 7 -59145
10 18 10 21 -63303
24 0 23 -2 -63801
12 -14 13 -21 -73981
17 1 15 2 -63671
-16 -17 -15 -15 -57009
-10 4 -11 6 -52289
24 24 -13 22 -62805
-23 2 -24 1 -53271
24 23 23 22 -63317
-24 -11 -23 -10 -53179
21 -12 24 -11 -72755
16 19 12 20 -83607
12 24 11 23 -50713
-16 -22 -16 -23 -67063
-4 -23 -3 -24 -54775
-12 -4 -14 -3 -52241
22 14 20 9 -73667
10 12 12 9 -80913
-18 -4 -17 -4 -57539
-7 -4 -8 -6 -58205
-7 5 -6 6 -45917
17 6 23 8 -71945
13 -15 21 -19 -80097
17 -9 20 -10 -76897
23 16 23 17 -62333
1 -13 1 -17 -50445
-16 10 -21 8 -63069
23 17 24 17 -57765
5 -23 4 -24 -56547
-24 -15 -23 -18 -54601
-22 23 -21 24 -47207
8 18 7 17 -76107
-10 24 -10 23 -46819
24 21 24 0 -71633
-5 -13 -10 -11 -46651
20 -1 18 2 -62587
4 14 2 14 -59813
22 -12 23 -17 -53585
-6 -24 -8 -23 -57187
-1 7 -2 6 -58467
-11 2 -11 4 -55795
-21 -2 -24 -2 -62673
24 -2 24 -3 -64441
7 -15 7 -17 -64117
-3 -13 -4 -17 -46875
-18 -9 -20 -8 -57825
23 -24 20 -23 -57913
-13 0 -15 -2 -56619
-21 1 -20 2 -62503
-24 -6 -22 -9 -61693
9 -10 10 -14 -48195
-14 -23 -11 -24 -54729
13 -13 18 -7 -67097
2 3 1 3 -61167
-19 -5 -19 -9 -60055
-9 3 -8 1 -66833
17 -2 16 -6 -57355
9 5 8 4 -60695
2 21 1 22 -53593
-21 -22 13 -23 -60769
11 -21 12 -21 -54749
0 -19 -1 -21 -51025
-15 22 -18 23 -55031
-23 -14 -24 -12 -57235
22 -10 13 -12 -87255
24 -4 24 -5 -50545
20 24 19 24 -64183
14 11 10 8 -83647
-21 22 -20 20 -58159
3 -3 3 -2 -60815
-24 10 -24 11 -44415
8 -4 4 -4 -57705
15 0 15 -2 -64481
23 -24 21 -23 -58889
5 15 7 16 -76573
-10 5 1 6 -69273
24 -15 24 -23 -60559
-10 20 -8 21 -52913
5 22 5 21 -54459
6 -21 5 -21 -60297
-11 24 -16 22 -43245
-5 24 -3 24 -49573
10 13 15 10 -91959
4 20 5 21 -69569
11 22 11 14 -74387
3 7 1 18 -75109
-13 14 -14 12 -47625
-24 -24 -22 -20 -53965
-13 21 -15 -21 -72805
24 -16 23 -16 -55415
18 18 8 -10 -108873
7 -24 7 -23 -48533
15 -7 21 -10 -86545
0 -9 -1 -6 -60721
24 -20 -22 -24 -53281
-1 -24 0 -22 -53085
2 -23 3 -24 -44867
-15 -4 -16 0 -62405
-21 -19 -21 -18 -55147
-2 -19 0 -20 -55087
-12 23 -14 24 -46533
14 14 14 16 -69659
14 -7 17 -8 -88227
24 -6 24 -11 -45525
23 -22 23 -23 -58433
-20 -10 -20 -11 -60045
-7 10 -7 11 -49895
22 -12 24 -10 -61437
13 0 10 1 -56531
20 6 21 6 -69449
-23 5 -24 4 -55957
19 -15 22 -18 -67593
-22 -23 -24 -23 -62713
16 -22 17 -24 -52805
-1 -12 -4 -14 -55581
-18 14 -17 12 -52173
-3 -3 -4 -1 -58657
17 11 17 9 -63571
-23 0 -24 1 -57123
23 20 24 20 -56927
20 -3 18 -3 -54827
21 8 23 10 -64999
-9 -5 -9 -4 -52937
-9 -14 -9 -13 -43367
12 -9 11 -8 -55611
7 2 7 0 -73657
-23 -14 -23 -12 -59155
12 23 6 24 -51459
11 -22 9 -24 -55907
-23 0 -23 1 -49799
-24 -14 -22 -14 -53565
-9 9 -9 7 -54765
-7 4 -9 9 -63805
-18 -14 -17 -15 -64785
3 8 9 -12 -90733
15 0 17 1 -61577
-3 -17 -4 -15 -55827
12 0 12 -2 -73961
-8 23 -7 21 -55085
-12 24 -8 21 -51941
8 -11 9 17 -103227
21 9 19 10 -67925
18 23 19 24 -51763
2 -14 0 -14 -52511
1 0 2 -2 -61035
20 -23 20 -24 -56403
10 21 9 19 -73219
1 15 1 14 -52313
5 12 3 10 -70629
24 18 24 16 -60753
16 -17 16 -16 -59315
5 7 1 9 -66891
-9 -20 -8 -21 -62403
-15 20 -15 21 -52361
24 11 23 12 -60209
9 -20 7 -20 -54939
9 5 9 4 -67177
-10 0 -10 -1 -62429
17 -19 17 -20 -60257
24 14 24 15 -59635
-5 12 -3 13 -61509
-14 -18 -14 -20 -67097
24 -10 22 -8 -53641
21 5 19 2 -54165
24 0 24 -1 -73025
-2 -23 -5 -24 -56695
7 8 10 10 -78841
17 -24 19 -24 -61075
-4 -24 -4 -23 -46675
-24 -5 -24 24 -55727
-9 23 -8 23 -47407
22 -10 23 -8 -56159
22 21 23 23 -70125
-15 24 -15 23 -55525
-10 -22 -11 -19 -63327
7 23 9 24 -53769
-5 -7 -6 -9 -54753
-10 12 -10 21 -62957
18 24 22 24 -69403
3 -5 2 -6 -60439
6 -24 4 -24 -52885
-21 -21 -20 -20 -59557
-17 22 -20 23 -61341
24 -6 24 -8 -46165
-13 -22 -16 -24 -58637
15 -4 14 -4 -66591
-24 15 -23 16 -55715
5 -21 0 -24 -59321
-23 -3 -23 -4 -49565
-24 8 -19 9 -64541
-23 24 -22 23 -41799
-12 6 13 15 -78603
-4 -3 -4 -4 -53303
-18 8 -17 8 -60393
