24 7 24 6 -49629
10 -7 11 -8 -44251
22 -9 20 5 -81773
-20 -18 -20 -19 -71513
1 -11 2 -18 -80347
-16 -17 -18 -19 -70617
-3 -4 -2 -7 -61271
23 23 20 24 -52921
10 0 -10 -3 -82991
-4 -22 3 -24 -65709
-23 16 24 15 -58779
2 -11 3 -14 -70685
-15 5 -17 5 -61215
-14 -15 -12 -15 -54943
18 -8 18 -5 -51265
-16 -24 -20 -23 -69123
23 22 22 24 -49149
-9 15 18 13 -73667
-17 -21 -13 -21 -67779
-24 4 -23 1 -55689
-4 1 -3 4 -58029
-23 21 -24 15 -55749
-5 -20 -4 -21 -65799
-8 3 -8 6 -61581
-8 -22 -8 -21 -69435
15 -22 12 -21 -53591
-2 14 -4 14 -54403
-22 -21 -23 -23 -65073
-8 14 -8 16 -54251
16 24 17 24 -45813
-10 -8 -9 -7 -57867
2 12 -1 11 -68235
8 -13 9 -9 -56817
-20 24 -23 24 -44921
15 19 16 16 -44897
23 12 24 13 -42351
6 -15 -11 18 -92699
-24 -24 -24 -22 -50359
-13 -17 -12 -22 -70535
-23 -5 -24 -5 -55089
-1 11 0 11 -66607
4 -22 2 -14 -65841
10 -4 10 -5 -53993
10 17 9 17 -56349
9 1 8 3 -55187
21 -16 24 -20 -60289
13 -6 15 -4 -61531
-7 -15 -6 -19 -70893
19 5 17 5 -42141
-16 2 -15 5 -70579
-14 3 -19 23 -70945
-1 -15 -3 -15 -62333
6 24 7 23 -49629
24 -12 22 -16 -55725
0 -20 -18 -21 -83725
-11 22 -13 22 -60423
-21 7 -18 4 -67349
-19 24 -19 23 -60097
15 -2 14 4 -55977
15 -10 13 -12 -55465
22 4 24 1 -64509
-18 -12 -14 -11 -69017
13 -20 13 -23 -60015
15 -22 20 -22 -65097
10 19 10 18 -52593
19 -18 21 -14 -57335
3 13 1 11 -60917
-17 -2 -16 -7 -59323
-5 -12 -5 -5 -65875
-17 -23 -19 -24 -61815
-22 -15 -21 -17 -55235
24 -12 24 -14 -54497
3 -15 2 -19 -65531
0 -7 1 -10 -56295
5 0 6 1 -60765
10 -22 11 -24 -53511
15 -15 17 -16 -57311
-17 17 -17 15 -51385
-16 -23 -12 5 -85623
11 7 11 6 -47469
24 7 24 2 -58565
-19 -13 -15 -12 -69377
-23 1 -23 9 -55675
4 -15 5 -13 -65965
22 -19 23 -19 -56895
-24 24 -24 19 -56079
13 22 11 24 -51275
3 24 3 23 -53923
18 21 19 22 -62381
14 21 12 20 -63601
-21 -21 -23 0 -85489
-6 0 -4 -1 -57727
-9 17 -14 19 -63591
17 15 16 14 -42263
-22 6 -23 8 -48289
11 -7 -11 -7 -87855
-23 21 -22 22 -50909
23 22 23 24 -44761
1 2 3 2 -60719
2 5 2 4 -47797
14 10 16 9 -63421
-15 -14 -15 -17 -63485
-21 -21 -21 -20 -67755
23 -5 24 -5 -62285
11 4 12 3 -60395
-10 23 -9 24 -54617
-5 -5 -4 -6 -62007
24 0 23 0 -57553
24 15 24 12 -39043
22 -19 22 -18 -50031
21 -1 20 -2 -62415
-13 -6 13 -6 -87389
20 -24 -9 -24 -68463
-2 24 -3 23 -51857
-6 8 -4 6 -64011
-23 -24 -23 -22 -56039
-10 14 -16 14 -56965
-22 -2 -24 -1 -66327
-3 -15 -5 -17 -67829
0 4 -1 5 -57521
14 -4 15 -3 -56159
1 -9 2 -9 -58447
24 2 20 3 -64965
24 -9 24 -12 -57207
-6 18 -7 19 -60953
7 -23 8 -24 -66309
24 -16 24 5 -67437
8 -19 8 -21 -61095
-23 11 -24 11 -52447
13 0 15 0 -50475
19 5 19 6 -47629
10 15 13 13 -55249
-13 21 -14 24 -68557
2 12 3 11 -59961
17 18 20 19 -60233
-17 18 -18 20 -59059
22 15 21 16 -54979
24 12 24 9 -42359
-15 22 -20 20 -51885
23 -24 22 -23 -50959
5 -15 6 -18 -63157
-21 -24 -24 -24 -48193
-10 1 -11 1 -44577
23 -24 -7 -21 -69049
-14 -24 -14 -22 -57033
-19 -17 -17 -15 -69511
20 -17 15 -20 -59221
12 24 10 23 -57903
-14 24 -15 22 -62659
5 -22 5 -23 -59829
-3 -12 -8 -13 -68627
-22 -11 -19 -10 -60491
7 -24 8 -23 -52047
-23 -1 -23 -3 -56389
15 -22 14 -24 -59549
-3 1 -3 0 -57765
-15 -24 -17 -22 -67061
8 -5 8 0 -54043
-2 -13 -3 -11 -59055
-5 9 -2 19 -70375
3 24 2 24 -46189
-23 7 -24 6 -55515
-14 -2 -15 -3 -56793
-6 -24 -6 -23 -65525
23 24 24 16 -54095
6 14 6 15 -49595
-21 8 -22 7 -58119
13 6 15 6 -53835
6 19 9 17 -66615
-24 -7 -24 -10 -55991
0 24 -1 24 -60585
4 -20 -22 -21 -82449
-21 24 -21 23 -59649
-11 -18 -6 -20 -79411
16 19 13 17 -60139
-7 -24 -8 -22 -72561
8 -9 7 -9 -60829
1 8 0 7 -57647
-24 -3 -23 -1 -57665
0 -18 4 -17 -67119
3 22 1 24 -63611
-21 14 -20 11 -52207
22 23 23 24 -56651
24 18 24 19 -48515
-9 13 -9 12 -56147
-24 -24 -5 14 -82031
22 -22 22 -24 -54099
-8 6 -10 9 -58759
23 -10 21 -10 -61603
3 17 3 15 -55503
-23 -4 -24 -5 -57559
-7 16 -8 17 -61623
-16 2 -20 1 -70963
-23 9 -24 10 -49887
-12 18 -12 11 -63219
20 24 21 21 -53269
-23 -18 -22 -21 -61305
-19 -24 -22 -24 -55417
11 -24 13 -23 -47087
-6 0 -8 -3 -57067
-15 4 -14 1 -59673
14 -10 15 -10 -54353
10 -15 11 -14 -54285
-21 -9 -21 -14 -68161
-24 -10 -24 -13 -51847
-16 0 -13 -2 -58579
-21 -17 -8 -19 -81757
-18 -19 16 0 -83945
12 7 11 9 -58983
-23 16 -23 14 -41541
20 1 20 0 -69745
-13 -1 -5 22 -91869
20 23 18 24 -52845
-23 -24 -23 1 -80509
1 24 0 24 -57075
24 -16 22 -20 -54365
-13 -4 -13 -24 -90787
2 2 19 -6 -79271
-22 -14 -24 -15 -57269
5 6 5 -1 -55105
-20 3 -21 1 -65105
18 -24 15 -24 -58033
-18 -1 -18 2 -58147
1 -23 4 -22 -68823
7 24 3 23 -49787
12 1 12 3 -45577
-24 24 -24 22 -49127
10 2 11 2 -50839
-13 -5 -18 -14 -81751
15 -12 15 -13 -46839
-1 24 1 22 -67891
24 -1 23 0 -66063
-5 -23 -5 -13 -78391
22 5 22 6 -58011
21 -15 24 -16 -65749
3 -12 3 -9 -55505
1 8 -2 13 -71669
21 -12 20 -12 -66931
21 23 23 24 -57705
-13 6 -14 4 -58501
-12 9 -12 8 -51893
20 -1 20 0 -74883
-18 15 -20 15 -56051
-17 -22 -18 -23 -66089
-23 8 22 19 -61567
13 24 15 24 -46667
-7 20 -7 18 -55381
-22 9 -22 11 -46811
14 20 13 22 -55835
-7 -19 -7 -18 -65123
-12 11 -8 11 -54675
4 19 22 17 -69553
-11 -6 -11 -7 -53471
-24 19 -23 18 -50231
13 16 11 16 -60073
-5 8 -3 10 -53553
-8 -5 -12 -24 -86105
-1 4 -2 4 -54707
10 24 10 23 -50599
21 -4 20 -2 -67469
-21 -21 -20 -22 -58671
-19 14 -20 15 -57273
-7 -24 -8 -24 -50853
9 23 9 21 -63511
4 1 6 0 -59035
23 3 24 5 -51795
-18 -23 -19 -22 -66931
7 -23 8 -24 -66309
-4 -22 -3 -20 -63725
-3 -9 1 -8 -67231
11 7 11 8 -48293
-4 24 -3 22 -54951
-4 -8 -4 -6 -62539
22 -2 22 0 -77893
-8 -22 -8 -24 -67623
21 12 18 13 -59295
-13 -1 -13 0 -48077
5 3 6 2 -57247
-24 12 -23 13 -50693
9 -8 5 -8 -66411
-17 -5 -17 -9 -66685
1 24 1 23 -52873
-14 14 -13 19 -61761
10 -17 10 -18 -65955
24 3 24 0 -57413
-23 -14 -24 -17 -52903
-23 17 -23 18 -49759
-15 -15 -16 -12 -65383
-11 -12 -12 -9 -62503
-2 -24 -5 -24 -58183
-10 -21 -10 0 -90131
19 18 19 17 -45617
23 -6 24 -5 -57399
10 -22 9 -23 -54201
-7 -12 -7 -11 -54751
-17 16 -16 16 -53607
23 -7 24 -7 -59785
-4 19 -8 17 -61779
-21 5 -20 4 -66873
-10 -21 -8 -23 -74161
0 8 0 10 -52369
12 -21 17 -24 -59037
9 -1 8 -1 -52249
-24 14 -22 14 -51867
7 -14 12 -15 -54143
2 16 -2 9 -74001
-12 18 -12 19 -54221
5 15 3 12 -57375
-6 23 -7 21 -58865
-19 -4 2 -19 -87989
20 -1 22 -2 -70339
14 -4 14 -7 -50437
-13 20 -14 21 -67793
9 19 9 20 -59187
17 -24 18 -22 -53177
-16 3 -18 2 -72291
-1 24 -3 24 -61487
0 -7 -2 -7 -63977
-9 18 -11 0 -91139
24 0 23 -2 -64791
9 5 -23 -13 -77369
24 1 24 -22 -60631
9 -15 10 -18 -66825
0 8 23 2 -69969
20 23 19 23 -55223
-23 2 -24 1 -55569
24 23 23 22 -51695
-24 -11 -23 -10 -52361
-21 -5 -20 -8 -66151
8 9 16 4 -77553
12 24 11 23 -59655
-16 -22 -16 -23 -61019
-4 -23 -3 -24 -60583
-3 21 -4 21 -63035
5 21 5 19 -58935
-10 -23 -7 -12 -78123
3 14 3 13 -57975
1 0 0 -1 -70417
-7 5 -6 6 -52043
17 -13 19 -13 -62025
7 -8 8 -4 -59189
-1 19 0 18 -59225
-14 -7 -23 -7 -70387
-24 -9 -22 -11 -54137
2 -4 -1 -4 -62623
23 17 24 17 -51047
14 24 14 21 -54695
5 -12 2 -13 -57139
-22 23 -21 24 -54209
17 -10 17 -9 -50395
-10 24 -10 23 -51115
-1 16 0 18 -61615
-23 18 -24 21 -57729
18 -9 17 -12 -58551
-10 -15 -7 -13 -59447
22 -12 23 -17 -58057
-17 -6 -14 -6 -61671
-1 -4 0 2 -75273
-11 2 -11 4 -62913
-21 -2 -24 -2 -66205
24 -2 24 -3 -59129
-13 -19 -8 -20 -67421
-9 0 -7 -1 -57445
-21 -14 -22 -14 -58145
23 -24 20 -23 -53903
-24 -10 -24 -3 -68795
24 -7 0 -4 -69643
-5 -1 17 -23 -77877
17 0 16 1 -50631
5 15 1 15 -56613
-1 14 1 13 -65295
7 15 9 14 -65783
4 -11 5 -12 -62329
-1 -24 -1 -22 -58973
1 -13 -4 -21 -77793
9 5 8 4 -42857
-11 -17 -14 -10 -77423
1 -6 1 0 -66015
-14 4 -16 0 -75309
0 23 0 -17 -79975
-4 0 -5 16 -90867
-23 -20 -24 10 -71255
10 -10 9 -12 -58245
24 -4 24 -5 -48655
20 -13 19 -13 -66031
-6 -1 -8 16 -96401
-21 22 -20 20 -59505
-1 7 -2 8 -68673
-24 10 -24 11 -43009
14 13 17 11 -59489
-10 -23 -7 -22 -55635
23 -24 21 -23 -56161
1 22 -22 -1 -80601
8 17 7 16 -43463
-4 -3 -3 -3 -57243
-10 20 -8 21 -61961
5 22 5 21 -61537
24 11 23 11 -51153
-11 24 -16 22 -58663
-5 24 -3 24 -54607
3 12 6 9 -57847
-12 -7 -8 -6 -54913
-4 -14 -7 -14 -65845
-9 -3 -7 -2 -59403
-13 14 -14 12 -54855
-24 -24 -22 -20 -63929
15 -15 11 -14 -55337
24 -16 23 -16 -49853
11 -22 12 -20 -62257
7 -24 7 -23 -56599
-6 0 -6 3 -59247
-21 21 -20 21 -49749
24 -20 -22 -24 -60703
-1 -24 0 -22 -61323
2 -23 3 -24 -50969
-8 13 -10 14 -57143
-21 -19 -21 -18 -70901
-2 -19 0 -20 -62857
-12 23 -14 24 -57647
20 10 20 11 -47079
21 4 24 5 -55257
24 -6 24 -11 -55059
23 -22 23 -23 -50675
-20 -10 -20 -11 -63487
-7 10 -7 11 -56479
-9 -19 -8 -20 -77467
4 2 6 4 -63761
-2 -9 0 -6 -61179
-23 5 -24 4 -56911
19 -15 22 -18 -63459
-22 -23 -24 -23 -45045
16 -22 17 -24 -51389
4 6 5 5 -52555
-14 2 -8 -15 -81115
-3 -3 -4 -1 -55579
17 11 17 9 -42935
-23 0 -24 1 -61025
23 20 24 20 -47417
20 -3 22 -3 -63503
8 -9 7 -4 -58521
2 -3 3 -2 -67569
9 -18 9 -19 -65953
-14 23 -16 20 -65819
-15 10 -17 8 -54005
-17 -4 -19 -8 -67471
2 -17 2 -12 -77879
2 -11 1 -14 -64897
-23 0 -23 1 -53383
-24 -14 -22 -14 -53385
-9 9 -9 7 -63299
17 22 15 20 -61595
12 -4 11 2 -56043
-3 19 -2 24 -59207
5 -22 2 -23 -67715
11 -17 9 -12 -59255
23 11 23 22 -59229
-8 23 -7 21 -55395
-12 24 -8 21 -62225
-19 -1 -21 0 -64857
21 9 19 10 -56845
18 23 19 24 -53183
2 -14 0 -14 -62635
24 -11 24 -12 -56317
20 -23 20 -24 -50733
14 23 -24 16 -58347
4 -22 3 -24 -62935
-13 -7 -13 -10 -60039
24 18 24 16 -48957
16 -17 16 -16 -48327
0 -3 0 1 -70499
24 13 24 4 -52623
-15 20 -15 21 -62505
24 11 23 12 -50833
24 -20 24 -21 -42545
0 -1 3 0 -70949
-10 -3 -22 -4 -76559
17 -19 17 -20 -50457
-12 -24 -14 -22 -62005
9 -21 7 -21 -50931
-15 -20 -15 -18 -62159
24 -10 22 -8 -57177
-6 -17 -10 14 -86601
22 12 23 12 -57973
-2 -23 -5 -24 -59553
-22 -14 -22 -17 -58611
17 -24 19 -24 -55221
-4 -24 -4 -23 -62567
-24 -5 -24 24 -56733
-9 23 -8 23 -51171
3 -3 2 -6 -61725
18 -9 16 -8 -49511
-15 24 -15 23 -58123
-24 -4 -24 -7 -61073
7 23 9 24 -51141
-8 -15 -8 -13 -59015
3 23 10 23 -55793
6 14 8 14 -57483
-14 -13 -14 -14 -65207
6 -24 4 -24 -49853
-21 -21 -20 -20 -64203
2 -24 0 -24 -53253
24 -6 24 -8 -49315
-13 -22 -16 -24 -55473
-20 6 -22 6 -61603
-24 15 -23 16 -47973
-9 13 -7 14 -57353
-23 -3 -23 -4 -56905
1 17 1 19 -54995
-23 24 -22 23 -42079
15 -19 14 -20 -60013
5 -16 -20 -16 -89327
-18 8 -17 8 -58867
