24 7 24 6 -51260
-9 -19 -4 -21 -72094
12 -7 12 -1 -63722
-21 -9 -24 -11 -68190
7 -8 5 -7 -56866
13 23 16 24 -53432
22 -13 24 -13 -68602
23 23 20 24 -51796
-16 21 -20 20 -56558
-5 -10 -2 -10 -66256
-6 -9 -8 -10 -66630
-16 -12 -16 -10 -52818
13 21 13 22 -53060
5 12 4 24 -67218
20 -3 17 -4 -63602
10 4 10 2 -63300
23 22 22 24 -50390
21 -15 21 -17 -50768
-17 -21 -13 -21 -49890
-24 4 -23 1 -47812
-9 0 -10 -3 -61972
24 -11 15 20 -81114
-5 -11 -7 -12 -70972
-21 15 -24 17 -60004
-8 -22 -8 -21 -64866
17 24 20 24 -55096
8 -12 10 -14 -57426
-22 -21 -23 -23 -58550
20 15 18 17 -51408
16 24 17 24 -49648
-24 -11 -24 -14 -51684
11 17 7 -11 -87576
12 -12 13 -14 -61436
-20 24 -23 24 -48140
24 -8 23 -11 -67754
17 -13 16 -16 -57344
0 24 -23 21 -60106
-24 -24 -24 -22 -44400
0 -24 -2 -21 -58870
-23 -5 -24 -5 -49226
15 -9 18 -8 -60372
21 21 0 -7 -88814
16 -4 16 -3 -54172
-2 4 -4 1 -57968
24 18 23 15 -61262
21 -16 24 -20 -56042
-13 15 -12 16 -61998
19 -24 21 -24 -59082
16 2 17 16 -77658
22 17 22 15 -54248
-2 -10 0 -12 -60806
3 23 6 24 -55370
6 24 7 23 -49226
24 -12 22 -16 -66408
11 -13 11 -10 -52564
-11 22 -13 22 -67444
-14 -22 17 -23 -63738
-19 24 -19 23 -61436
16 22 13 19 -62216
1 -13 2 8 -85148
11 6 11 5 -58654
-1 6 0 7 -56948
-21 6 -19 4 -56210
-3 -13 -3 -16 -66422
12 -13 15 -19 -73850
18 12 17 14 -50992
-5 7 -8 -15 -84458
1 -11 3 -14 -66566
11 9 10 8 -57410
-17 -23 -19 -24 -48686
-22 -15 -21 -17 -57520
24 -12 24 -14 -66654
-22 10 -22 12 -74682
-9 -24 -12 -24 -60648
-15 -3 -15 -23 -71946
8 -24 8 -23 -54386
-18 -22 2 -9 -80374
-17 17 -17 15 -54626
23 12 24 15 -55112
5 -1 4 -3 -68798
-11 -9 -12 -9 -56472
-5 21 -4 22 -61194
-23 -6 -24 22 -68118
-3 -12 -1 -10 -64092
22 -19 23 -19 -69670
-24 24 -24 19 -58210
13 22 11 24 -49022
3 24 3 23 -59964
1 -8 2 -7 -66290
19 19 17 18 -57070
1 -18 0 -19 -55356
19 5 17 8 -62372
-19 -5 -18 -5 -63262
8 -10 10 -15 -68482
5 -14 4 -15 -51272
-1 -1 0 -1 -53830
-23 21 -22 22 -51312
23 22 23 24 -45828
-3 4 0 -13 -86288
-17 -3 -17 -4 -65616
7 10 8 14 -65606
19 -24 21 -23 -56472
18 -9 21 -10 -69552
23 -5 24 -5 -66958
3 -13 2 -13 -58174
-10 23 -9 24 -50394
13 -2 14 -3 -58954
24 0 23 0 -59498
24 15 24 12 -53212
24 24 23 23 -51084
-12 6 -9 6 -60996
5 15 10 15 -46890
13 -7 13 -8 -56578
-2 24 -3 23 -51996
-3 -10 -3 -12 -55036
-23 -24 -23 -22 -47700
-6 -4 -7 -8 -63810
-6 -14 -7 -16 -62330
23 -13 23 -14 -65666
19 -14 20 -14 -62092
-12 -2 -11 0 -66618
-18 0 -20 0 -67412
-8 -21 -3 0 -80356
22 -5 20 -5 -66846
11 18 13 15 -53690
12 2 -4 0 -75464
11 4 10 5 -64840
8 -19 8 -21 -54918
15 -3 13 -3 -63172
-2 -4 -2 -5 -55062
-16 -11 -14 -8 -65142
12 18 12 19 -50044
-13 21 -14 24 -62718
-4 -22 -4 -20 -62266
-12 0 -14 0 -49878
-17 18 -18 20 -61018
22 -14 24 -15 -65760
24 12 24 9 -50738
19 9 5 6 -72770
23 -24 22 -23 -54794
21 21 10 -2 -88094
-21 -24 -24 -24 -48070
-15 8 0 7 -72232
-22 18 24 18 -57180
-14 -24 -14 -22 -56176
19 9 22 8 -61722
15 10 16 11 -52546
11 1 11 0 -71410
-14 24 -15 22 -55894
6 -20 7 -23 -58866
14 0 14 3 -76064
9 -23 10 -20 -59652
8 10 8 8 -61872
-23 -1 -23 -3 -56202
15 -22 14 -24 -51884
15 -23 13 -22 -49540
-7 7 -8 5 -52418
21 21 -14 23 -57676
21 -19 23 -18 -68428
16 -9 15 -7 -65680
3 24 2 24 -48658
-23 7 -24 6 -60206
-21 -2 -19 -2 -67890
2 9 1 9 -56610
23 24 24 16 -53524
-23 10 -24 13 -65606
-21 8 -22 7 -65540
21 -7 21 -8 -67794
-7 -23 -7 -24 -54252
-24 -7 -24 -10 -48298
0 24 -1 24 -43680
8 24 11 24 -34668
-21 24 -21 23 -62232
10 -19 14 -24 -59114
-5 -17 -5 -20 -70228
-6 -5 6 -24 -79412
5 2 10 -16 -84618
7 19 3 18 -55164
-24 -3 -23 -1 -58096
17 5 17 0 -77822
3 22 1 24 -59914
-14 21 -13 21 -70248
18 -7 17 -10 -67212
24 18 24 19 -48112
-9 13 -9 12 -60360
15 -17 14 -15 -66514
22 -22 22 -24 -58582
1 0 3 3 -71766
-4 -16 -6 -17 -67650
21 12 -14 1 -77232
-23 -4 -24 -5 -56622
22 4 21 4 -63370
-13 -18 -14 -13 -62630
-23 9 -24 10 -50028
23 2 24 1 -60322
20 24 21 21 -53618
-23 -18 -22 -21 -48096
-19 -24 -22 -24 -46528
11 -24 13 -23 -48926
-14 -21 -12 -19 -63870
-14 -7 -16 -8 -62086
-11 -22 -11 -23 -62494
1 23 1 22 -61920
24 8 22 5 -60676
-24 -10 -24 -13 -52774
-3 -7 -1 -8 -66994
-9 -11 -12 -7 -58832
21 -17 20 -21 -58930
20 -11 16 -14 -63124
-23 16 -23 14 -56774
8 0 9 -1 -57564
18 -18 10 -18 -66106
20 23 18 24 -53934
-11 7 -12 5 -54634
-13 18 -10 18 -65396
17 6 20 -1 -75432
20 9 20 8 -59938
14 -1 13 -2 -67158
-22 -14 -24 -15 -59982
9 9 9 12 -63730
21 14 22 13 -60240
18 -24 15 -24 -49022
7 -8 7 -3 -69106
-9 22 -7 14 -53504
7 24 3 23 -54716
-10 5 -8 5 -61406
-24 24 -24 22 -52860
-22 2 -20 6 -65786
-5 15 -4 16 -50890
10 -17 17 -22 -70886
-22 -5 -22 -6 -60936
24 -1 23 0 -62482
10 8 9 9 -58584
2 4 3 1 -61560
-12 10 -13 12 -58200
3 -23 -22 -23 -61768
13 13 12 11 -59468
-15 -14 -15 -15 -62326
21 23 23 24 -56214
12 -23 19 -4 -78088
-12 9 -12 8 -52234
-18 21 -19 23 -62856
-18 15 -20 15 -56678
-17 -22 -18 -23 -57582
-19 -6 -19 -7 -59790
9 -23 10 0 -74372
-7 20 -7 18 -49960
13 21 12 21 -57030
14 20 13 22 -59260
-7 -19 -7 -18 -68070
18 2 18 4 -66418
-19 0 -18 -4 -69628
-8 8 -7 7 -57130
-24 19 -23 18 -58140
-5 0 -12 0 -65086
0 -17 0 -13 -70930
-18 3 -16 -3 -66132
3 2 5 1 -62214
10 24 10 23 -44054
3 -24 2 -23 -70012
-21 -21 -20 -22 -48034
-19 14 -20 15 -61472
-7 -24 -8 -24 -52118
18 0 19 -4 -60976
-2 -8 0 -6 -66396
1 9 1 11 -44648
6 -4 4 -5 -60540
8 -2 6 -6 -68664
-3 16 -3 14 -55468
2 -23 2 -24 -55676
12 18 18 19 -64242
-4 24 -3 22 -46536
9 -8 10 -5 -61070
3 13 4 4 -61530
-8 -22 -8 -24 -63928
23 -10 24 -13 -63542
-22 1 -20 2 -71462
-5 -9 -5 -7 -58136
-24 12 -23 13 -59528
-5 3 -6 1 -50890
18 -13 17 -12 -64866
1 24 1 23 -58364
7 2 8 11 -73256
23 -11 24 -10 -68108
24 3 24 0 -62688
-23 -14 -24 -17 -51484
-23 17 -23 18 -47928
-11 -14 -7 -13 -60088
6 24 6 23 -52644
-2 -24 -5 -24 -52890
11 -4 12 -4 -58530
5 -8 4 -10 -51430
23 -6 24 -5 -61756
4 -17 3 -18 -59422
-19 -7 -18 -11 -59054
-17 16 -16 16 -53128
23 -7 24 -7 -65434
3 15 0 12 -64436
9 -21 11 -20 -47352
-23 1 22 5 -64054
-6 0 -7 2 -58024
8 16 11 22 -61256
6 13 -3 -9 -92020
-24 14 -22 14 -54268
8 -3 11 -7 -64374
-15 -15 -17 -18 -59654
-12 18 -12 19 -46584
2 17 1 17 -56818
-6 23 -7 21 -59864
-13 -21 -15 -24 -60760
-9 5 -11 8 -58564
24 10 24 5 -58168
2 9 0 8 -62182
9 19 9 20 -56898
17 -24 18 -22 -55624
-5 -18 -23 -19 -66320
-1 24 -3 24 -47272
0 -7 -2 -7 -63124
-7 0 -5 -3 -57970
24 0 23 -2 -54060
14 5 12 6 -63272
24 1 24 -22 -60872
20 12 22 13 -49636
-17 2 -15 5 -51394
-11 1 -12 0 -60128
-23 2 -24 1 -58258
24 23 23 22 -58118
-24 -11 -23 -10 -61826
-21 23 -18 24 -52338
13 12 14 12 -53338
12 24 11 23 -48986
-16 -22 -16 -23 -53902
-9 -7 -9 -8 -48908
20 -7 21 -12 -72752
-13 0 -13 12 -65748
8 -19 4 -5 -80000
-20 2 -14 0 -60066
-7 14 -5 13 -54242
-12 12 -12 13 -56324
6 -19 -1 -15 -66592
-14 -3 -14 -2 -62734
2 9 5 7 -51430
-4 -2 -3 -2 -50306
-24 -9 -22 -11 -52608
-24 -8 -23 -7 -60532
23 17 24 17 -53512
-5 4 22 14 -78740
-20 21 -19 -8 -77500
-22 23 -21 24 -56152
-17 10 -17 9 -54678
-10 24 -10 23 -46114
-2 4 -5 5 -54272
-23 18 -24 21 -62402
2 17 1 15 -60054
-7 -24 -9 -23 -58648
24 5 22 1 -64318
-5 13 -1 13 -45726
-16 -5 -18 -8 -68594
14 7 14 6 -56726
13 1 13 0 -75146
24 -2 24 -3 -48490
-12 -21 -9 -20 -61790
0 -12 2 -13 -64618
-21 -14 -22 -14 -61850
23 -24 20 -23 -65414
1 -7 2 -8 -64640
-17 -16 -13 -16 -56126
9 -24 7 -24 -36716
-15 10 -13 11 -51538
-1 18 -1 17 -53508
4 -17 4 -16 -52624
10 17 11 17 -50658
9 9 7 9 -46062
-1 -24 -1 -22 -59706
-10 16 -11 15 -59922
22 -3 24 -5 -66422
24 2 24 1 -60896
-19 -17 -21 -9 -70074
11 8 12 7 -65016
-17 16 -17 11 -64696
2 -6 5 8 -92706
22 -11 20 -11 -66704
-21 13 -21 9 -75522
24 -4 24 -5 -49592
24 -21 24 24 -69472
2 -21 2 -19 -52268
-24 22 -23 20 -63308
23 1 24 24 -68280
-24 10 -24 11 -60692
19 19 19 21 -51498
17 -8 18 -10 -70782
23 -24 21 -23 -64436
-14 -3 -15 -6 -59334
20 4 19 4 -57242
-6 13 -6 12 -58310
0 20 -2 18 -58284
-1 3 -2 4 -53178
24 11 23 11 -46982
-21 24 -7 22 -67330
-5 24 -3 24 -45036
-2 -18 -1 -19 -56348
-6 17 -6 3 -69322
-9 -24 -14 -24 -62166
0 -20 3 -11 -76344
-17 -11 -19 -10 -60968
-24 -24 -22 -20 -56892
0 1 0 0 -63316
24 -16 23 -16 -61758
16 0 19 1 -58218
7 -24 7 -23 -56878
21 -4 20 -7 -64864
-23 -10 1 -11 -72818
24 -20 -22 -24 -57956
-1 -24 0 -22 -56094
2 -23 3 -24 -69914
-8 13 -10 14 -54166
-21 -19 -21 -18 -48314
24 19 22 17 -62738
-12 23 -14 24 -64958
20 10 20 11 -57402
21 4 24 5 -63552
4 -24 2 -24 -50134
23 -22 23 -23 -57132
-14 -11 -11 -12 -62192
-7 10 -6 11 -57168
-23 4 -24 4 -54724
9 -2 11 -2 -58770
-1 -24 0 -24 -52284
-23 5 -24 4 -62380
-14 0 -14 -1 -59938
-22 -23 -24 -23 -45716
16 -22 17 -24 -44820
1 -7 2 -6 -65162
2 19 0 20 -57852
-1 19 -1 21 -56608
10 14 10 12 -54170
-23 0 -24 1 -52636
23 20 24 20 -51258
-19 15 -17 21 -60264
-24 5 -21 -8 -72650
-16 24 -12 24 -59454
3 4 1 3 -66720
-8 -17 -6 -17 -67724
-7 -10 -3 -12 -64842
-9 -20 -10 -15 -71218
17 -10 12 -8 -63432
24 -20 23 -22 -53022
-23 0 -23 1 -52272
-24 -14 -22 -14 -58590
16 -19 17 -19 -58992
3 -1 2 0 -70286
6 0 6 -1 -59870
0 24 0 -10 -83734
3 -3 3 -1 -61644
-7 -16 -6 -19 -74590
-10 -15 -9 -18 -63962
-8 23 -7 21 -48662
-10 -3 -12 0 -56918
-4 -21 -6 -22 -62710
-13 -10 -12 -9 -58764
18 23 19 24 -49086
18 1 17 -1 -67580
24 -11 24 -12 -64808
20 -23 20 -24 -52438
-17 -11 -21 -12 -59736
-1 -10 -2 -16 -72898
-23 17 -24 14 -59080
-4 11 -5 10 -58666
16 -17 16 -16 -54852
-7 24 -9 24 -51504
2 14 4 13 -49804
-15 20 -15 21 -57598
24 11 23 12 -56288
24 -20 24 -21 -46306
-17 -9 -16 -9 -58858
5 16 6 21 -61128
17 -19 17 -20 -49062
-12 -24 -14 -22 -50050
11 2 12 3 -66554
-15 -20 -15 -18 -52174
7 -22 8 -22 -42384
4 -22 3 -23 -51054
0 14 0 13 -51572
-2 -23 -5 -24 -58608
-22 -14 -22 -17 -57374
17 -24 19 -24 -53760
0 4 0 1 -62166
10 1 9 0 -61874
-9 23 -8 23 -54014
1 -1 3 -2 -70140
-18 9 -16 8 -48110
-15 24 -15 23 -55754
-24 -4 -24 -7 -54946
-15 15 -11 14 -59282
-17 14 -19 11 -62970
22 -2 1 -4 -72870
-1 -4 -2 -1 -62164
-14 -13 -14 -14 -58262
23 -13 -22 -20 -63828
-21 -21 -20 -20 -56874
2 -24 0 -24 -54714
24 -6 24 -8 -55524
-10 -15 -6 17 -82266
-20 6 -22 6 -61878
-24 15 -23 16 -55130
-21 -24 -23 -1 -65732
-21 6 -17 9 -63816
-24 -2 -24 13 -57722
-23 24 -22 23 -48812
15 -19 14 -20 -54480
6 14 6 16 -51564
-17 5 -17 6 -49924
