24 7 24 6 -41718
24 16 22 22 -62888
-11 20 -11 18 -65696
-24 12 24 16 -59868
1 -13 0 -10 -81910
13 23 16 24 -50772
20 -11 22 -12 -52154
23 23 20 24 -52744
-12 -17 -12 -21 -70080
14 -19 12 0 -72214
-3 0 3 -2 -60740
4 12 9 9 -57264
13 21 13 22 -57506
11 -9 8 -10 -47272
-10 -4 -8 -5 -60956
19 17 17 17 -64912
23 22 22 24 -54480
6 -2 4 -3 -58160
9 -2 12 -2 -47938
-24 4 -23 1 -57900
23 -8 21 -10 -63584
-6 0 -6 -1 -55630
-3 -6 -3 -10 -68142
-21 15 -24 17 -69828
-19 -7 -14 0 -84414
17 24 20 24 -56688
-20 -3 -19 -3 -69008
11 0 8 -3 -58962
-22 -10 -21 -11 -67944
16 24 17 24 -47996
-24 -11 -24 -14 -48216
20 21 22 23 -63862
12 -12 13 -14 -60746
-20 24 -23 24 -54878
23 -3 23 -2 -33650
15 16 14 15 -53896
0 24 -23 21 -60890
-24 -24 -24 -22 -52626
3 10 1 8 -58414
-23 -5 -24 -5 -58212
-12 -7 -10 -6 -70376
21 -11 21 -15 -65448
16 -4 16 -3 -39846
6 -16 4 -15 -60798
1 0 6 6 -61936
14 10 -17 9 -72900
-13 15 -12 16 -67168
19 -24 21 -24 -62424
-1 -11 -5 -17 -86772
22 17 22 15 -48668
-22 -17 -24 -14 -53486
-21 3 -21 6 -58558
13 22 14 20 -60178
-23 9 -21 7 -76872
18 11 17 10 -62502
-11 22 -13 22 -58390
14 -10 13 -9 -54272
-19 24 -19 23 -58956
16 22 13 19 -65000
5 -18 3 -19 -61214
-22 -15 -23 -12 -58896
13 -15 4 -16 -69948
-12 0 -12 -2 -67052
9 -13 11 -14 -55230
12 15 14 14 -51778
-18 0 -15 -1 -58792
11 -18 12 -17 -50368
-14 6 -15 6 -59460
6 -19 -19 -21 -97296
-17 -23 -19 -24 -55126
4 -11 4 -14 -61962
17 0 18 0 -61180
0 21 0 22 -59494
-9 -24 -12 -24 -74730
-21 0 -24 -2 -72898
8 -24 8 -23 -53160
-14 6 -12 7 -64362
-17 17 -17 15 -77140
23 -11 24 -10 -61994
13 -22 13 -23 -51290
-12 -19 -11 -23 -74208
-14 24 -14 23 -62124
-3 -18 -1 -18 -79910
0 -18 1 -24 -61476
22 -19 23 -19 -65302
-24 24 -24 19 -59338
13 22 11 24 -62058
3 24 3 23 -59768
23 -17 24 -20 -64168
19 19 17 18 -65904
-13 11 -11 8 -64666
-9 -10 -12 -10 -70162
-19 14 -18 15 -67944
14 18 16 16 -54954
-24 3 -24 12 -56730
-23 -2 -24 -2 -60594
-23 21 -22 22 -56610
23 22 23 24 -50684
12 23 2 20 -59602
-16 -10 -5 2 -102256
9 -15 10 -17 -49300
19 -24 21 -23 -66568
24 7 23 10 -52654
23 -5 24 -5 -63220
17 13 17 11 -50126
-10 23 -9 24 -53022
-5 -9 -7 -12 -78250
24 0 23 0 -54228
24 15 24 12 -50556
24 24 23 23 -52810
16 -3 17 -4 -47422
5 -9 1 -9 -62280
-2 -24 -6 -21 -68908
-2 24 -3 23 -59832
-5 -18 -7 -18 -77852
-23 -24 -23 -22 -54908
-14 -13 -14 -15 -82594
24 -6 24 -12 -54300
23 -13 23 -14 -52938
24 -17 24 -19 -50228
14 -13 14 -14 -59964
22 -20 21 -19 -69502
8 22 9 24 -53748
22 -5 20 -5 -57674
11 18 13 15 -56142
-24 6 -23 3 -56698
19 10 18 10 -57394
2 -17 0 -21 -59552
-17 22 -18 22 -58968
-8 -21 -9 -23 -62002
-7 0 -16 -13 -96966
12 18 12 19 -51136
-2 -13 -2 -14 -69048
1 -8 0 -10 -65076
5 8 12 4 -47846
-17 18 -18 20 -68004
22 -14 24 -15 -56278
24 12 24 9 -48564
-10 -4 10 -13 -84450
23 -24 22 -23 -53218
-20 9 -21 10 -78956
-21 -24 -24 -24 -51604
-2 9 -2 8 -51352
16 -10 16 -11 -65146
-14 -24 -14 -22 -63968
-8 -6 -8 -10 -65896
15 10 16 11 -60252
-15 3 -14 0 -71656
-14 24 -15 22 -60196
6 -20 7 -23 -51898
22 -16 21 -17 -61116
-11 7 -10 5 -57922
-21 -20 -24 -21 -62622
-23 -1 -23 -3 -52414
15 -22 14 -24 -53854
15 -23 13 -22 -47988
-7 7 -8 5 -62636
-2 -7 2 -5 -68180
-1 -20 8 0 -80854
-2 -16 -2 -18 -54956
3 24 2 24 -37422
-23 7 -24 6 -58426
-15 -3 -14 -9 -72632
2 9 1 9 -51828
23 24 24 16 -63018
-23 10 -24 13 -59572
-21 8 -22 7 -60088
-19 -20 -18 -20 -53688
-7 -23 -7 -24 -52846
-24 -7 -24 -10 -42788
0 24 -1 24 -40848
8 24 11 24 -48692
-21 24 -21 23 -59444
-14 -7 -14 -8 -59770
1 -6 2 -3 -63476
0 7 1 3 -52162
-14 0 -6 0 -75162
-8 -13 -7 -13 -73072
-24 -3 -23 -1 -61668
-20 2 -19 1 -62230
3 22 1 24 -49236
-20 22 -18 22 -66356
-9 5 -5 1 -69548
24 18 24 19 -47708
-9 13 -9 12 -59924
-19 17 -17 17 -70356
22 -22 22 -24 -60004
-11 15 -13 17 -68916
-5 -5 -4 -8 -63634
-11 -1 -13 -2 -65590
16 20 -24 18 -65950
6 -8 6 -10 -57632
0 -2 0 -3 -54192
-23 9 -24 10 -65186
23 2 24 1 -42474
20 24 21 21 -58714
-23 -18 -22 -21 -46516
-19 -24 -22 -24 -49448
24 24 0 1 -60492
1 16 -5 -4 -84850
-7 13 -5 13 -56844
-11 -22 -11 -23 -67606
-11 -18 -14 -17 -79884
-17 1 -19 0 -64440
-12 -4 -13 -23 -79490
-5 0 -4 -1 -61146
-6 -24 -6 -21 -60694
23 -5 24 -7 -47874
-21 -1 -21 0 -61766
-23 16 -23 14 -63118
-15 -19 -16 -21 -71778
19 8 13 8 -57352
20 23 18 24 -56038
8 -2 8 -3 -42584
0 3 -1 -1 -60178
-1 -1 -6 -3 -66436
20 9 20 8 -48976
-7 23 -7 22 -60852
-22 -14 -24 -15 -62210
9 9 9 12 -55452
21 14 22 13 -58324
18 -24 15 -24 -43238
13 -4 13 -11 -59408
-3 -18 6 -19 -80144
-14 -10 -12 -15 -85062
-10 5 -8 5 -60546
-24 24 -24 22 -51696
-24 18 -23 17 -70728
-19 20 -19 18 -68042
0 -11 0 -10 -75180
12 -1 12 -3 -40018
-24 -5 -24 -7 -40102
8 0 9 2 -48314
-10 -23 -12 -23 -78606
-15 -13 -14 -13 -66076
20 -20 20 -11 -62852
13 13 12 11 -52042
-6 -2 -8 -3 -72784
21 23 23 24 -59576
-15 -16 -17 -17 -68010
8 -8 8 -10 -55694
17 -12 16 -15 -63600
-1 -18 -16 -22 -105340
-17 -22 -18 -23 -63190
22 4 21 3 -56860
3 13 1 13 -46308
-19 6 -20 6 -65454
2 3 4 0 -48154
1 12 -4 13 -50784
24 -19 23 -18 -64992
18 -9 18 -8 -59010
-15 -18 -15 -21 -69272
5 1 5 3 -42552
-24 19 -23 18 -70632
0 10 -2 6 -62470
-15 18 -12 14 -76572
-1 14 -2 17 -45004
-14 -2 -21 -7 -88090
10 24 10 23 -51054
-12 -11 -7 -16 -89980
1 -18 -19 -20 -107684
10 -3 8 -3 -53240
8 -6 5 -6 -55646
2 -2 3 -3 -47766
-4 -9 -4 -12 -73068
1 9 1 11 -49782
20 -19 18 -21 -63474
-6 24 -2 23 -62528
-1 -10 -3 -12 -74152
2 -23 2 -24 -50064
-7 5 -6 7 -61950
-4 24 -3 22 -57622
-6 8 -4 8 -55182
1 4 2 4 -53994
-13 -12 -13 -17 -88482
3 22 8 18 -55010
12 -20 14 -22 -53796
6 -12 5 -11 -62548
-24 12 -23 13 -56972
-7 3 -7 1 -56804
-17 -14 -18 -17 -68552
1 24 1 23 -59822
-3 19 -1 18 -55510
-12 -20 14 -19 -83128
0 20 -1 18 -49292
-23 -14 -24 -17 -48074
-23 17 -23 18 -64392
24 -22 0 -23 -54146
6 24 6 23 -54178
-2 -24 -5 -24 -55328
-17 16 -1 -7 -90538
14 24 -19 23 -61070
23 -6 24 -5 -53858
-9 4 -10 2 -60204
-20 -8 -23 -8 -68428
-17 16 -16 16 -65928
23 -7 24 -7 -61512
-11 -10 -18 -11 -68954
6 2 6 -7 -51712
7 -20 7 -19 -43406
-17 4 -17 1 -65370
-6 -17 -6 -14 -66058
-12 9 -12 8 -52768
-24 14 -22 14 -61128
19 -9 17 -9 -38692
-3 18 -4 17 -51582
-12 18 -12 19 -66618
14 15 14 13 -44062
-6 23 -7 21 -60738
-13 -21 -15 -24 -67812
-18 -4 -18 -10 -64914
24 10 24 5 -51860
15 -9 15 -10 -66016
9 19 9 20 -49180
17 -24 18 -22 -57506
0 -13 -6 -14 -90262
16 5 17 7 -47812
-13 -21 -12 -21 -75190
21 -14 21 -1 -68656
24 0 23 -2 -41368
-9 19 -10 16 -63942
-16 -21 -15 -22 -61756
20 12 22 13 -56110
3 13 2 11 -46204
3 -5 0 -8 -69732
13 10 15 8 -52594
24 23 23 22 -59630
-24 -11 -23 -10 -53914
-21 23 -18 24 -63764
6 17 10 16 -60822
12 24 11 23 -51278
-9 -14 20 -11 -79598
-7 13 -6 11 -64212
-21 11 -18 10 -73690
23 15 23 14 -50868
24 14 22 10 -53514
-2 23 -1 24 -59124
-8 1 -10 -7 -76832
-12 12 -12 13 -62090
-14 -21 -17 -21 -64044
-2 4 -4 2 -57500
2 9 5 7 -54200
-15 0 -15 -1 -65954
-24 -9 -22 -11 -62430
-24 -8 -23 -7 -54862
23 17 24 17 -50486
23 -21 23 5 -53464
1 -22 -1 -24 -63986
-22 23 -21 24 -59996
-17 10 -17 9 -58050
-10 24 -10 23 -55232
-24 -24 -24 -23 -47092
-23 18 -24 21 -68926
-17 -18 -7 -19 -98002
-20 17 -20 15 -75536
5 -14 -21 -14 -90396
-16 19 -16 15 -77352
-8 -11 -10 -6 -69268
14 7 14 6 -42314
-16 21 -14 20 -62246
-8 -15 -12 -17 -78614
15 -14 11 -16 -49254
12 -23 10 -24 -44734
-17 15 -17 10 -68672
-14 9 -13 -1 -74728
4 -1 2 -3 -60652
0 5 -2 5 -52858
9 -24 7 -24 -43948
-6 -18 -8 -12 -81020
-22 21 -21 -9 -68790
15 -22 13 -22 -48120
10 17 11 17 -51058
-4 -14 -8 -15 -85850
-1 -24 -1 -22 -54498
-10 16 -11 15 -59956
22 -3 24 -5 -54036
24 2 24 1 -31764
10 24 12 22 -62316
14 10 17 8 -57176
9 -23 8 -24 -51190
11 5 10 4 -34760
0 -3 -1 -5 -66186
12 -8 17 -5 -44630
-12 2 -11 0 -64540
7 24 16 24 -58544
-14 12 -13 14 -68416
-24 22 -23 20 -64316
-12 16 2 14 -74134
-24 10 -24 11 -54214
19 19 19 21 -55760
-3 -11 -6 -12 -86180
23 -24 21 -23 -59334
0 5 -21 2 -73614
-20 -5 -21 -6 -68042
-6 9 -7 12 -59924
-2 -11 -4 -23 -73902
-1 3 -2 4 -57938
24 11 23 11 -43368
-6 -6 -3 -6 -68876
-5 24 -3 24 -58072
-21 9 -22 9 -70338
19 0 15 -1 -62100
-2 -1 -2 1 -58822
-17 -2 -21 -4 -83410
-7 17 -6 13 -61128
-21 -11 -22 -14 -59884
-17 -8 -16 -20 -81024
24 -16 23 -16 -57864
22 -1 -8 -4 -71866
7 -24 7 -23 -54300
21 3 21 2 -31448
-21 10 -21 11 -63202
24 -20 -22 -24 -56418
14 -17 15 -19 -51402
1 22 3 24 -55176
-10 -15 -10 -13 -74326
-21 -19 -21 -18 -47688
-23 -18 -24 -19 -52692
-12 23 -14 24 -56464
-13 -15 -15 -11 -83048
21 4 24 5 -62216
4 -24 2 -24 -46568
23 -22 23 -23 -57510
8 11 8 8 -56940
-12 -1 -12 -4 -65544
-23 4 -24 4 -60890
-11 -15 -12 -17 -74550
-1 -24 0 -24 -55434
-23 5 -24 4 -58518
17 19 16 16 -56524
-22 -23 -24 -23 -51846
16 -22 17 -24 -47826
-1 -6 0 -7 -53690
-1 14 -2 -9 -76148
-1 19 -1 21 -55046
7 10 8 11 -47410
-23 0 -24 1 -59570
23 20 24 20 -50014
17 -8 -14 -8 -82286
-15 -3 -15 -6 -68430
-16 24 -12 24 -55496
-9 9 -14 8 -68868
23 -22 19 -24 -67326
-17 9 -14 11 -64832
16 -12 17 -15 -63060
-21 17 -19 19 -71908
24 -20 23 -22 -52138
-23 0 -23 1 -56180
-24 -14 -22 -14 -59880
-7 -24 -12 -23 -76020
10 18 4 18 -61756
6 -17 8 -16 -61758
-3 12 -4 11 -57618
-1 -17 0 -18 -63456
-16 -11 -19 -7 -62370
-9 -16 -10 -20 -66182
-8 23 -7 21 -59894
1 -10 3 -11 -66222
-2 -22 -4 -24 -60464
-22 -21 -22 -22 -52730
18 23 19 24 -54604
7 -14 4 -15 -65992
24 -11 24 -12 -48472
20 -23 20 -24 -55962
-17 -11 -21 -12 -61318
-14 -18 2 -18 -112554
-23 17 -24 14 -67090
-6 17 -6 16 -53414
-24 -22 0 -1 -71732
-7 24 -9 24 -53844
22 5 24 6 -56710
20 15 19 15 -62574
24 11 23 12 -50842
24 -20 24 -21 -52810
-17 -6 -16 -6 -63772
-5 -13 -3 -14 -80522
17 -19 17 -20 -52598
-12 -24 -14 -22 -65512
-6 -10 -4 -13 -75332
11 -19 11 -16 -46206
0 -16 -2 -15 -74854
4 -22 3 -23 -58220
10 10 10 6 -51100
-13 -6 -10 24 -78878
24 -14 23 -15 -54486
17 -24 19 -24 -51648
-7 24 -5 23 -55790
-17 -20 -1 -24 -95648
-9 23 -8 23 -55232
2 -21 1 -20 -55812
-18 9 -16 8 -60808
-15 24 -15 23 -62636
-9 -4 -10 -5 -73594
-15 15 -11 14 -66734
21 2 18 3 -57018
-5 -24 -7 -23 -59330
-15 -20 -15 -24 -74162
8 -22 10 -23 -49468
5 -14 -6 -19 -90530
-21 -21 -20 -20 -64068
2 -24 0 -24 -54498
24 -6 24 -8 -45588
19 0 16 -2 -55926
20 -17 19 -18 -60132
-24 15 -23 16 -62244
-22 0 -23 -12 -62022
3 18 5 20 -50782
1 -10 1 -14 -82414
-23 24 -22 23 -51980
20 1 21 1 -60838
6 14 6 16 -30480
-17 5 -17 6 -52846
