23 -8 23 7 -71967
2 -15 3 -19 -63039
-6 11 2 11 -97535
6 -24 20 -10 -100061
0 23 12 15 -100493
1 -14 -3 -14 -102119
8 -2 4 2 -101457
8 -11 5 -15 -92765
22 1 18 13 -84529
6 -12 8 -10 -90657
21 18 19 -5 -96143
6 3 6 5 -93705
-24 -20 13 9 -104819
11 22 -8 21 -97007
7 14 5 8 -92961
17 -5 16 -10 -96605
5 6 10 2 -100977
-17 11 -6 12 -107541
-10 7 -16 4 -94001
13 1 18 7 -91085
-13 23 -18 -10 -108109
17 7 -20 19 -112271
-14 -7 -20 5 -114861
23 12 12 4 -101067
12 0 19 -3 -100775
-1 2 -1 -4 -108041
16 -4 14 -11 -106623
10 -7 21 -5 -103159
-8 -23 -13 1 -115559
-4 0 -4 -4 -100689
1 -12 2 -12 -100397
-18 1 -21 3 -76491
4 -16 -21 -22 -100007
16 2 21 1 -74899
16 9 23 18 -64603
-2 8 2 19 -113981
20 -24 2 5 -106883
15 1 11 -8 -105655
2 4 1 5 -97389
13 11 17 7 -97247
24 15 0 6 -106429
-24 9 -10 5 -104315
1 16 15 21 -92771
-15 3 -23 -5 -98991
-18 -4 -14 -6 -92999
10 -14 12 -5 -107553
10 17 1 24 -86559
8 -8 16 -15 -109161
8 22 14 0 -114215
-1 -8 -2 -8 -96477
3 -14 -4 -21 -96857
-7 1 -3 2 -99345
-20 19 -2 17 -92293
-5 -10 -6 -13 -81599
14 18 -9 19 -107733
-14 -15 -21 -4 -114889
-21 -11 -18 9 -113533
18 20 14 3 -103161
-13 -11 -17 1 -114249
-8 12 -11 2 -108859
20 15 22 6 -68823
4 15 1 10 -95485
-14 6 -14 0 -99525
10 5 24 0 -113131
21 -13 24 -1 -72577
14 -5 14 -20 -103467
8 -13 -22 -18 -112841
-1 4 -1 0 -107513
22 11 18 15 -56087
-4 9 -2 13 -96239
-1 -6 -5 -6 -97473
11 -1 7 -2 -98221
21 13 14 1 -103483
19 -6 15 7 -112297
-1 -13 -13 -18 -109105
10 -7 6 -11 -102937
-24 -6 -2 -1 -109053
-22 -18 -12 23 -105551
4 -19 -10 -20 -107731
-16 7 -17 0 -97805
17 -20 7 -18 -80325
-14 -21 -23 0 -103879
-19 10 8 23 -108011
-20 -4 -18 3 -90151
-4 -16 -12 -15 -92517
-9 2 -24 -20 -98183
4 24 6 -23 -105629
7 17 -24 16 -97149
4 -2 6 -1 -101047
-10 -16 -15 -2 -129405
-1 -8 -9 -7 -109001
-11 14 -6 8 -107761
-1 2 0 5 -100027
6 -15 -1 -18 -101279
11 -7 5 -8 -109287
20 -8 14 -15 -97745
-3 -18 3 -17 -101319
13 -5 11 -8 -96423
7 21 0 24 -68971
1 -24 20 -20 -81853
19 -5 19 -8 -82241
-9 -3 -13 -14 -108395
24 -6 11 -15 -105257
-15 13 -8 14 -87511
19 4 19 0 -65253
-10 -12 -12 -18 -88001
5 0 24 -22 -107113
-16 6 -13 -2 -110665
-8 6 -3 13 -112703
-4 -20 -9 12 -122719
-14 -23 -19 -13 -66447
1 -8 -2 -11 -107197
6 -11 13 -10 -111479
-23 12 -19 8 -52059
-7 -2 -6 2 -102969
-4 4 -6 7 -108699
17 22 0 10 -106065
14 -20 11 -9 -83221
1 -19 -17 -17 -112351
-20 -11 -20 -13 -46249
17 10 -17 12 -112311
-11 1 -11 0 -88363
-17 -14 -19 0 -99721
15 16 18 22 -35041
-5 3 -5 1 -106283
21 -1 17 6 -85715
14 2 7 8 -107223
15 7 17 0 -90955
1 -9 0 -18 -104811
0 0 -22 18 -117441
-8 6 -10 7 -105699
-9 13 -11 6 -98217
2 -13 10 -19 -104825
5 -1 3 -7 -107389
-15 -2 -13 6 -108429
-5 13 -19 20 -95819
16 12 12 -1 -108037
-9 10 0 12 -105021
22 -20 5 -8 -113889
8 -19 18 -11 -107101
-8 4 -9 0 -99763
10 1 24 -6 -107997
-12 -14 -3 -10 -108027
-3 -23 -2 17 -112531
-10 -8 -6 -5 -107983
3 19 15 10 -105121
14 0 17 -14 -111679
-19 -1 -14 -7 -98605
4 17 -11 17 -105777
8 -24 13 9 -108273
-15 0 -22 10 -110585
-17 -13 -10 -10 -108735
-13 23 -10 2 -111491
-9 -5 -10 -2 -96973
0 -9 -2 -7 -100583
0 5 2 5 -95187
-17 -18 -7 -19 -84749
2 24 2 17 -38999
-1 4 2 6 -99681
21 14 11 12 -89393
0 -3 -2 -5 -101571
8 -8 9 -9 -89735
-13 0 -19 8 -113065
5 -5 7 -15 -111747
-5 13 6 22 -97937
-8 0 -11 0 -98827
1 -13 2 -7 -106725
2 -10 -5 -24 -94349
-22 -20 -10 -22 -61341
14 -23 21 -3 -105453
14 -18 14 20 -111177
-12 -23 -7 -16 -67141
2 13 6 8 -96059
0 -20 3 -23 -48837
-10 -13 -10 -20 -80433
9 8 21 9 -109315
0 18 -9 20 -83639
23 14 14 9 -75985
-8 -1 -4 -2 -102915
10 -14 3 -17 -97667
9 6 7 12 -93157
24 -12 -4 -7 -109023
0 4 -5 3 -98347
3 -3 -1 -7 -106271
24 -8 24 -16 -37805
-9 -6 -23 23 -102577
22 16 5 18 -86881
19 2 19 -8 -94269
21 8 15 12 -85435
8 6 10 -7 -109145
1 -13 0 -6 -110987
-7 -20 -13 -24 -49971
-13 -9 -11 -18 -96973
20 -22 21 -11 -44915
-24 -4 0 -21 -108867
-13 -6 -6 -4 -108953
-10 24 18 9 -107509
-7 5 -8 7 -104663
-2 18 19 19 -101151
-19 11 -18 -1 -96085
0 22 -23 -18 -110149
-22 0 -15 16 -87367
-11 6 -8 6 -104421
-4 13 -6 5 -108927
13 -24 -8 -15 -97811
7 -5 -24 -14 -110917
11 -1 11 3 -79611
6 1 23 23 -100863
24 -20 -11 -10 -100909
10 -17 0 -17 -105995
-8 -2 -8 1 -95351
-9 8 -8 22 -105593
3 -20 -8 -23 -88337
12 6 24 -16 -104269
-9 -12 -16 -23 -91139
-14 -8 -16 -11 -88447
-24 -13 -3 -12 -104575
14 19 11 7 -87853
-2 7 -1 11 -91943
-11 -3 -8 0 -104317
-17 -8 -15 -14 -91303
-24 -7 -15 -7 -63675
-1 -9 6 -8 -104831
0 19 3 9 -100899
14 -16 14 -5 -103139
8 0 14 -2 -96957
22 19 -6 11 -106619
0 -7 8 -12 -114399
-4 21 -7 10 -108587
-9 -10 -7 -14 -89877
-10 -15 -14 -15 -82851
21 -7 24 -2 -52737
24 -12 5 -19 -102325
-3 3 -3 0 -109895
3 6 6 9 -100719
5 -10 6 -15 -94375
3 4 0 -1 -112751
-12 -16 -15 -13 -77833
-13 -7 -6 -14 -113879
9 -5 10 -18 -108571
-4 0 24 18 -111267
24 4 20 4 -23405
-3 -10 -1 -20 -91405
-9 -8 -24 -8 -104667
-9 18 -4 11 -102445
16 12 7 8 -96311
3 -14 9 -12 -101091
-20 2 -23 5 -56777
12 2 10 10 -97417
-13 -18 4 2 -128631
-1 9 -23 18 -106339
-9 -7 -10 0 -106037
19 16 20 9 -66829
-2 -1 2 -7 -111023
9 9 15 7 -93673
5 -1 23 -22 -111907
19 16 6 11 -101039
3 4 0 6 -102961
5 -9 12 -9 -115443
1 8 1 3 -99117
-1 -12 0 -11 -99829
2 -11 6 -17 -103079
20 -1 20 -8 -86525
-11 -15 -6 -9 -97111
-21 15 -17 12 -55147
0 -20 5 -8 -115087
22 -23 3 -13 -92053
-14 24 -10 -2 -110275
-19 11 -18 22 -50565
-15 7 -16 11 -67917
-7 2 -6 9 -107953
8 -16 17 -10 -108863
10 0 24 2 -101235
-13 -4 -14 0 -93337
-23 13 -7 18 -94833
13 7 8 2 -94713
0 -19 -5 -23 -64649
-7 -5 -6 -3 -104483
-22 11 22 -9 -112317
-11 2 -16 -3 -102287
15 -21 6 -12 -98175
-12 14 -14 11 -73475
-18 -19 -11 -6 -111115
-11 -10 -15 -9 -94247
-4 3 -2 -2 -111717
-13 -6 -19 -8 -99421
-11 -1 -13 -3 -90329
0 2 1 -3 -99633
-4 -7 -6 -9 -102977
6 -10 13 -11 -110855
20 -3 -24 -10 -106457
18 14 10 19 -71885
8 0 10 5 -98023
-4 7 -6 1 -110393
-22 7 -15 -14 -113003
-2 -3 -2 -2 -96121
0 3 -2 4 -101707
15 8 21 -6 -114601
14 -8 23 7 -99141
-9 -2 -6 -1 -108987
3 20 -13 17 -98515
-7 5 -5 7 -94021
6 10 9 8 -83003
-13 10 -15 9 -74753
3 -6 4 5 -113045
-4 -10 -9 -5 -105395
2 -11 0 -16 -101085
4 -3 7 -5 -101543
-14 1 -8 5 -107307
-21 17 -13 6 -96047
0 -13 -23 -18 -105001
17 6 17 9 -62699
-18 23 -22 13 -48127
-16 -10 -7 -6 -108673
0 -21 20 -11 -114575
-14 2 -23 -10 -107329
-8 4 -11 4 -106747
-3 23 -24 12 -96689
5 8 -2 10 -99797
-23 11 14 24 -96691
23 -17 8 -3 -112261
10 9 23 5 -114455
8 3 6 -5 -111267
-13 -11 -11 -23 -83141
-9 7 -18 11 -104519
6 -13 7 -14 -90331
-5 -11 -6 -8 -87005
17 1 6 -2 -111127
15 -12 11 -7 -89103
16 9 13 10 -89259
8 2 2 2 -107725
0 -19 -4 -16 -81343
-13 -14 3 -20 -112377
4 -19 -2 -20 -91453
-9 -9 -8 -5 -97005
-14 -3 -18 -23 -92835
5 -8 24 -9 -111819
-8 2 -9 8 -105257
21 24 2 -10 -108515
-3 -11 -17 11 -133859
-24 10 -8 22 -94481
1 -8 4 -3 -105367
-21 -13 9 -21 -111093
-2 -20 -16 24 -117603
3 24 -2 2 -111169
-12 -3 -8 -10 -112231
-10 -10 11 -23 -111377
6 -2 7 4 -103957
22 -4 17 -14 -94591
-1 -6 0 -12 -107097
20 5 -23 21 -99787
3 -2 -4 1 -104523
10 17 4 6 -112711
16 0 11 0 -91293
-2 -3 4 -1 -107177
0 -15 -6 -16 -94843
-10 -19 22 -20 -98337
4 -12 0 -13 -106711
-1 -13 2 -16 -95043
-5 21 13 22 -96993
-5 7 -7 11 -105893
1 24 -4 23 -46479
10 1 8 -5 -101287
22 6 -23 -3 -105555
6 11 3 4 -110451
10 -20 -8 -22 -100435
-11 10 -3 17 -111481
7 -6 11 -2 -107009
-22 0 -17 -2 -67181
4 6 6 0 -100289
-21 6 -17 3 -88391
-5 -9 -19 -8 -121653
24 0 1 -24 -102173
7 -6 9 16 -121567
4 24 9 23 -56397
-10 0 -6 -6 -110869
20 -14 15 -15 -62149
14 -24 17 5 -98969
-10 -21 -11 12 -116131
24 24 12 21 -30649
-18 -8 -15 2 -105223
0 20 -1 9 -104469
17 11 16 21 -54829
9 -11 12 -6 -103825
-21 -6 -22 3 -70329
-6 15 -5 10 -91975
-20 -5 -9 -23 -114025
-1 -11 3 -10 -110229
5 4 11 13 -112749
12 -20 4 -20 -79983
9 23 16 3 -105137
1 -12 -6 -9 -108163
-14 9 -7 5 -113241
-14 4 -11 16 -102595
17 -12 17 5 -112817
3 3 1 14 -109187
-9 5 -7 4 -106113
-12 -9 -17 -11 -103353
-21 13 -17 13 -53531
-15 22 -9 13 -73817
5 13 14 11 -89765
-15 -11 -17 -7 -89975
-9 -12 -15 -24 -87139
20 3 11 7 -113957
17 23 14 -6 -102613
-9 21 -13 8 -103079
-13 17 -9 14 -73961
4 13 -6 14 -98727
23 1 -16 21 -108475
-8 9 -5 10 -91111
-1 -19 7 -23 -75847
4 9 0 17 -99855
9 -9 7 -3 -99293
-20 -11 -15 0 -103863
-23 4 3 11 -107403
-5 -1 -2 2 -100513
24 20 24 9 -38857
-18 -4 -18 8 -110769
-23 5 -11 6 -97965
6 14 8 4 -106123
-16 0 -5 24 -111469
-10 -17 -17 17 -120663
-24 0 -14 -16 -104405
-19 8 -21 -7 -111691
-9 -22 -10 -11 -89677
-19 0 -10 -1 -96447
22 -12 9 -11 -103929
-12 4 -12 22 -107485
-5 17 -10 11 -100107
0 -2 4 -24 -102945
-5 9 -7 12 -100335
2 9 -1 -22 -114171
11 -5 9 -5 -91587
3 -5 -1 -2 -108417
4 -1 8 1 -108717
-16 -11 -2 -16 -116365
-8 -9 -7 -3 -107205
-3 -1 0 4 -110655
10 1 10 19 -115173
4 20 8 6 -108801
-11 6 -9 0 -108205
0 12 4 24 -76395
-2 8 4 14 -110731
9 -14 17 -20 -81443
5 -7 4 -4 -103527
18 -2 17 -5 -78069
12 -1 10 -23 -106589
-7 3 -6 1 -108693
3 -18 1 -22 -47827
-1 -8 -11 -11 -115003
-20 -6 -13 -16 -116355
-1 -4 0 -1 -102899
-21 -7 -19 12 -109403
8 -8 8 24 -106695
-5 12 -6 22 -83445
18 -17 -4 -22 -100783
5 -3 4 -4 -94439
7 7 7 1 -101875
23 -10 18 -9 -30571
-10 -11 -22 -16 -96311
-2 16 -11 23 -77363
-8 -3 -6 -9 -101383
15 -7 -17 -20 -108331
7 -3 7 -11 -103543
-3 -10 2 -18 -109827
2 3 -2 0 -109333
2 5 -3 6 -103967
3 -7 0 -5 -109823
-23 1 -11 10 -101761
8 19 2 17 -76697
0 6 -3 11 -99049
21 13 16 -13 -110999
11 -10 12 -2 -104571
0 -13 3 -7 -112103
15 -5 11 7 -110869
0 3 -16 24 -115129
4 15 -2 14 -86393
-5 16 0 20 -75283
18 24 -7 6 -110179
-17 -5 -17 -16 -94901
18 -3 16 -17 -111745
-22 -5 6 24 -111329
-14 -21 -12 -6 -106285
8 2 24 12 -110645
3 -1 2 -1 -94743
-14 -15 23 12 -113043
9 0 12 -5 -89871
0 -8 2 -11 -101443
-6 -10 -5 -7 -99793
-7 24 4 15 -86813
17 -19 -19 -5 -115111
-4 22 -8 11 -101539
0 9 -4 22 -102537
-23 -12 -19 15 -94973
-16 4 -19 2 -79853
-14 1 -12 -3 -99367
15 18 13 1 -112003
12 11 18 4 -109753
-10 17 -6 9 -107859
10 -13 20 -15 -91447
9 11 1 8 -104457
18 15 19 -15 -107795
1 16 11 14 -96167
19 -4 18 -8 -90409
22 -9 10 -19 -112105
14 -22 22 -7 -97859
-10 14 -7 5 -113249
-22 -20 0 6 -111739
-10 -15 -13 -3 -122111
-1 24 7 14 -88591
-16 5 -23 15 -84535
6 -19 8 -19 -75507
