23 -8 23 7 -74530
2 -15 3 -19 -66216
-6 11 2 11 -98836
6 -24 20 -10 -93274
-10 -9 -12 -12 -91638
1 -14 -3 -14 -95818
8 -2 4 2 -98502
8 -11 5 -15 -87186
22 1 18 13 -91412
6 -12 8 -10 -90358
21 18 19 -5 -97628
6 3 6 5 -92026
-24 -20 13 9 -98796
11 22 -8 21 -92340
7 14 5 8 -89984
17 -5 16 -10 -92072
5 6 10 2 -94948
0 -8 -2 -1 -101830
-10 7 -16 4 -93490
13 1 18 7 -96164
-10 -16 -12 -19 -81898
24 -4 15 2 -80478
3 12 -1 18 -84690
23 12 12 4 -91610
-1 -3 -4 -3 -97018
-8 0 3 3 -120390
16 -4 14 -11 -98996
-9 18 -12 8 -100332
7 -14 -1 -20 -96180
-4 0 -4 -4 -89950
1 -12 2 -12 -83182
-18 1 -21 3 -84002
4 -16 -21 -22 -99078
16 2 21 1 -84742
16 9 23 18 -65146
4 8 -2 10 -98658
20 -24 2 5 -99678
15 1 11 -1 -98408
2 4 1 5 -89086
13 11 17 7 -90202
24 15 0 6 -91580
4 4 3 5 -84752
1 16 15 21 -98754
12 -15 9 -8 -92382
-18 -4 -14 -6 -93626
-16 -16 -17 -17 -52630
10 17 1 24 -85286
23 -3 12 0 -103216
17 0 14 0 -94748
-1 -8 -2 -8 -89268
3 -14 -4 -21 -93178
-7 1 -3 2 -101128
-20 19 -2 17 -99976
-5 -10 -6 -13 -82768
11 8 9 11 -83258
-14 14 -15 7 -80966
-21 -11 -18 9 -101028
10 -10 4 -11 -102756
-19 19 -12 13 -81394
-8 12 -11 2 -103006
20 15 22 6 -72412
4 15 1 10 -94348
-14 6 -14 0 -92670
-19 -17 -15 -22 -59086
21 -13 24 -1 -83846
14 -5 14 -20 -96244
7 4 4 5 -88886
-1 4 -1 0 -89012
22 11 18 15 -56112
-4 9 -2 13 -91220
-1 -6 -5 -6 -95554
11 -1 7 -2 -93196
21 -7 14 -1 -94206
13 0 8 2 -91594
-17 18 -19 14 -74970
10 -7 6 -11 -101758
22 24 15 13 -58238
-22 -18 -12 23 -100562
-20 11 -11 12 -101820
-16 7 -17 0 -87460
17 -20 7 -18 -88660
-2 -2 -23 -24 -88068
-9 8 -24 23 -85656
-20 -4 -18 3 -89774
-4 -16 -12 -15 -78994
-9 2 -24 -20 -96780
4 24 6 -23 -96852
7 17 -24 16 -99782
4 -2 6 -1 -86772
-12 12 -19 6 -94376
-17 -5 2 -23 -105902
-7 15 -2 11 -98514
-1 2 0 5 -84358
6 -15 -1 -18 -96900
11 -7 5 -8 -103462
20 -8 14 -15 -93986
13 18 14 20 -53688
13 -5 11 -8 -88824
7 21 0 24 -73558
1 -24 20 -20 -86640
19 -5 19 -8 -83666
-17 5 -14 0 -94964
24 -6 11 -15 -99624
-15 13 -8 14 -87112
19 4 19 0 -63312
-10 -12 -12 -18 -91874
5 0 24 -22 -91702
0 16 1 23 -71268
4 3 7 5 -99680
-20 -23 10 23 -100990
-14 -23 -19 -13 -77632
1 -8 -2 -11 -93554
23 -3 20 -12 -86874
-23 12 -19 8 -64990
13 -8 8 -14 -98986
-18 -9 -15 -2 -89550
17 1 20 10 -89914
14 -20 11 -9 -86820
1 -19 -17 -17 -100524
-20 -11 -20 -13 -47422
-16 -16 24 -17 -94036
-11 1 -11 0 -90930
-17 -14 -19 0 -99156
15 16 18 22 -54004
-5 3 -5 1 -95564
21 -1 17 6 -82002
-24 2 -21 -7 -69306
15 7 17 0 -87430
1 -9 0 -18 -92624
0 24 0 22 -22214
-8 6 -10 7 -96884
-9 13 -11 6 -95768
2 -13 10 -19 -102054
12 15 17 20 -74126
-15 -12 -21 -10 -83760
7 -14 9 -18 -74068
-20 -4 -21 4 -83686
11 24 18 16 -55128
-14 8 4 6 -118562
14 -10 13 -8 -84308
-8 4 -9 0 -95144
22 -9 23 21 -85480
-12 -14 -3 -10 -93864
13 -16 5 -18 -90816
14 -8 21 -5 -95026
-12 17 -1 21 -90960
6 3 6 2 -85422
2 11 4 7 -99092
4 17 -4 17 -90080
-7 -4 -4 -22 -99930
-9 7 -3 10 -103550
13 -7 17 -7 -88686
-15 23 -10 13 -86754
-9 -5 -10 -2 -92188
0 -9 -2 -7 -90022
0 5 2 5 -92652
-17 -18 -7 -19 -77066
2 24 2 17 -59632
-1 4 2 6 -90560
21 14 11 12 -84840
0 -3 -2 -5 -98282
8 -8 9 -9 -86998
8 8 14 22 -97696
-14 7 -24 8 -90936
-5 13 6 22 -97788
-8 0 -11 0 -94222
1 -13 2 -7 -82486
2 -10 -5 -24 -90866
-22 -20 -10 -22 -60036
9 -15 22 -17 -89232
14 4 14 5 -70236
-12 -23 -7 -16 -79320
2 13 6 8 -105848
0 -20 3 -23 -53640
-10 -13 -10 -20 -86846
9 8 21 9 -99544
0 18 -9 20 -86114
23 14 14 9 -69618
-8 -1 -4 -2 -96554
-5 -14 3 13 -112168
9 6 7 12 -89720
6 -24 -4 -15 -90906
-15 0 -15 -10 -95790
-21 0 -24 -12 -60192
24 -8 24 -16 -38038
18 15 -23 23 -85078
22 16 5 18 -89586
-17 -11 -13 -24 -82206
21 8 15 12 -83148
8 -24 10 -7 -81238
20 16 22 -3 -94982
-7 -20 -13 -24 -56970
-13 -9 -11 -18 -88744
20 -22 21 -11 -46582
-24 -4 0 -21 -101748
-7 1 -7 0 -91936
-10 24 18 9 -99144
-7 5 -8 7 -99290
-2 14 -6 19 -93092
-19 11 -18 -1 -92958
20 22 -23 16 -94180
-22 0 -15 16 -99244
-11 6 -8 6 -97944
-7 1 -9 5 -110334
13 -24 -8 -15 -95220
1 -5 -24 -14 -98028
11 -1 11 3 -84352
6 1 23 23 -95852
24 -20 -11 -10 -97424
-23 -4 3 0 -110234
-8 -2 -8 1 -100050
-9 8 -8 22 -102170
3 -20 -8 -23 -90628
12 6 24 -16 -96674
-9 -12 -16 -23 -103266
-14 -8 -16 -11 -85674
15 19 17 4 -93160
14 19 11 7 -88140
-2 7 -1 11 -93110
-11 -3 -8 0 -100656
-17 -8 -15 -14 -81962
-24 -7 -15 -7 -81118
-1 -9 6 -8 -91162
-20 -5 -21 -2 -67334
14 -16 14 -5 -94230
8 0 14 -2 -98668
19 5 15 10 -91302
-21 -6 -16 -12 -91138
-4 -3 -22 24 -99466
-9 -10 -7 -14 -86790
-10 -15 -14 -15 -77972
21 -7 24 -2 -65610
24 -12 5 -19 -93688
-3 3 -3 0 -93304
3 6 6 9 -95470
5 -10 6 -15 -83048
0 20 -2 13 -85530
-12 -16 -15 -13 -69328
18 -13 24 -16 -32362
-18 -5 -11 -11 -107134
-21 12 -12 8 -105444
24 4 20 4 -26284
-3 -10 -1 -20 -87022
-11 12 -12 11 -84074
-16 18 -22 14 -92692
16 12 7 8 -97934
3 -14 9 -12 -92794
-20 2 -23 5 -60456
12 2 10 10 -88984
17 -3 13 -4 -99444
3 6 0 6 -96384
-9 -7 -10 0 -102908
19 16 20 9 -68156
-2 -18 3 -19 -90310
9 9 15 7 -90438
-14 -11 -20 -8 -99546
-20 19 -4 19 -91622
-11 -4 -8 -7 -88286
8 16 5 11 -82328
1 8 1 3 -92944
-1 -12 0 -11 -88728
2 -11 6 -17 -96524
20 -1 20 -8 -92044
-11 -15 -6 -9 -93460
-21 15 -17 12 -74564
12 9 4 17 -100968
22 -23 3 -13 -89490
-14 24 -10 -2 -103780
-19 11 -18 22 -65716
-15 7 -16 11 -71758
-7 2 -6 9 -97334
7 3 9 12 -96652
10 0 24 2 -101894
-13 -4 -14 0 -92432
-23 13 -16 18 -90150
13 7 8 2 -94594
0 -19 -5 -23 -63830
-7 -5 -6 -3 -99070
-22 -2 -15 0 -100184
-24 2 0 15 -105748
15 -21 6 -12 -101840
-12 14 -14 11 -82440
-18 -19 -18 2 -97676
-11 -10 -15 -9 -85122
18 3 13 -2 -98124
-13 -6 -19 -8 -97968
-11 -1 -13 -3 -89642
0 2 1 -3 -81992
-4 -7 -6 -9 -95754
6 -10 13 -11 -100394
20 -3 -24 -10 -97032
18 14 10 19 -80674
8 0 10 5 -99560
0 -1 1 -1 -86296
-17 -3 -24 -16 -74624
-2 -3 -2 -2 -89306
0 3 -2 4 -94072
-12 -1 -11 0 -91606
14 -8 23 7 -100598
-9 -2 -6 -1 -102312
3 20 -13 17 -99956
-7 5 -5 7 -87680
6 10 9 8 -87468
-13 10 -15 9 -83366
12 -4 13 -4 -82580
-4 -10 -9 -5 -93726
2 -11 0 -16 -89164
4 -3 7 -5 -101078
-14 1 -8 5 -102346
17 -13 11 -17 -80980
0 -13 -23 -18 -95038
17 6 17 9 -73322
-18 23 -22 13 -68000
17 8 16 5 -79502
6 11 11 21 -84284
-14 -2 -16 5 -101920
-8 4 -11 4 -101574
-3 23 -24 12 -98458
14 -15 9 -14 -86306
-23 11 14 24 -99014
23 -18 18 -23 -28568
9 -21 16 -9 -92906
-9 0 -16 -5 -102110
-13 -11 -11 -23 -89092
-9 7 -18 11 -99002
6 -13 7 -14 -85064
-5 -11 -6 -8 -83076
-3 23 1 15 -88080
15 -12 11 -7 -94542
16 9 13 10 -84396
-21 -5 -19 21 -95946
0 -19 -4 -16 -84834
19 -21 14 3 -95982
4 -19 -2 -20 -90474
-9 -9 -8 -5 -91640
-14 -3 -18 -23 -95406
-20 5 -16 6 -85824
-8 2 -9 8 -100900
-2 11 -2 6 -98664
-4 20 -7 11 -102086
-24 10 -8 22 -97784
1 -8 4 -3 -94648
-1 24 1 0 -103648
-19 10 -15 2 -97962
-17 -7 -23 -7 -70464
0 7 -2 13 -99932
-10 -9 -8 -12 -84326
6 -2 7 4 -94386
22 -4 17 -14 -95874
-1 -5 -3 -12 -101166
15 24 3 18 -76230
-8 -13 0 -21 -97478
0 12 -5 9 -97042
16 0 11 0 -100100
9 3 9 -1 -87564
0 -15 -6 -16 -91944
-10 -19 22 -20 -100010
-13 -2 -13 -8 -87644
-1 -13 2 -16 -87846
-5 21 13 22 -94184
-5 7 -7 11 -99618
1 24 -4 23 -46764
10 1 8 -5 -89822
22 6 -23 -3 -99064
-22 4 -23 2 -47464
10 -20 -8 -22 -96014
-14 13 -3 15 -101282
7 -6 11 -2 -95770
-22 0 -17 -2 -83174
0 -4 2 -2 -90494
-21 6 -17 3 -91628
-8 -10 -15 -12 -94106
24 0 1 -24 -95516
4 -12 1 -10 -87962
4 24 9 23 -57528
-24 24 17 4 -87498
20 -14 15 -15 -67026
14 -24 17 5 -91140
-10 -21 -11 12 -100824
24 24 12 21 -34578
0 -22 13 -17 -95904
0 20 -1 9 -95444
17 11 16 21 -63588
9 -11 12 -6 -96280
-21 -6 -22 3 -82120
-6 15 -5 10 -86132
11 -4 14 3 -96726
11 -23 13 -24 -35204
-14 18 -5 19 -81418
12 -20 4 -20 -85926
9 23 16 3 -97156
-17 0 -23 -3 -90878
-18 -1 -22 -3 -86072
-19 16 12 15 -102438
0 -19 18 -22 -100192
17 -7 17 1 -89794
-9 5 -7 4 -104652
-12 -9 -17 -11 -94396
-21 13 -17 13 -80888
-15 22 -9 13 -97102
5 13 14 11 -94580
-15 -11 -17 -7 -88702
-9 -12 -15 -24 -101148
20 3 16 4 -83064
17 23 14 -6 -99264
-3 1 1 -2 -93378
-13 17 -9 14 -87120
4 13 3 5 -100920
23 -21 -16 -24 -84886
-8 9 -5 10 -93924
-1 -19 7 -23 -76978
4 9 1 11 -96126
9 -9 7 -3 -95002
22 22 -15 13 -94394
7 -6 7 0 -84872
-5 -1 -2 2 -101724
24 20 24 9 -42440
-9 0 -9 -2 -96850
-16 -23 -15 -20 -22856
16 14 8 7 -100022
-16 -5 -19 0 -87544
0 13 -6 14 -94350
-24 0 -14 -16 -98448
18 15 8 16 -91886
-9 -22 -10 -11 -92318
-19 0 -10 -1 -96778
-1 -4 0 -7 -94680
-12 4 -12 22 -102874
-5 17 -10 11 -96034
0 -2 4 -24 -97558
-5 9 -7 12 -94866
5 15 1 11 -96466
11 -5 9 -5 -89588
3 -5 -1 -2 -97856
20 -7 22 0 -88256
3 19 19 18 -90904
-8 -9 -7 -3 -101410
15 -12 -16 7 -113120
-9 9 -12 13 -82966
4 -6 8 -6 -97682
-11 6 -9 0 -108818
0 12 4 24 -84374
5 12 4 15 -74098
9 -14 17 -20 -85992
5 -7 4 -4 -99404
18 -2 17 -5 -86874
12 19 13 -23 -98032
-7 3 -6 1 -103878
3 -18 1 -22 -48692
-13 -13 -9 -8 -100422
19 22 -15 6 -110482
-1 -4 0 -1 -96646
-21 -7 -19 12 -100186
8 -8 8 24 -95296
-5 12 -6 22 -88666
18 -17 -4 -22 -100786
5 -3 4 -4 -84536
7 7 7 1 -98630
23 -10 18 -9 -39618
-10 -11 -22 -16 -94382
-2 16 -11 23 -83788
-8 -3 -6 -9 -93166
-6 -18 -5 -8 -92444
7 -3 7 -11 -92494
19 -10 15 -18 -82530
-3 2 -5 23 -109120
-3 0 0 2 -99936
3 -7 0 -5 -98558
-23 1 -23 15 -62954
8 19 2 17 -79670
0 6 -3 11 -105258
3 -20 -10 -24 -90862
11 -10 12 -2 -93342
-24 -22 6 -21 -81488
-13 18 -23 15 -89816
-21 20 -17 2 -90594
4 15 -2 14 -90438
-5 16 0 20 -80174
-8 -13 -1 -11 -95208
-17 -5 -17 -16 -89560
-8 -12 -1 -15 -93046
-18 0 -16 24 -92562
-14 -21 -12 -6 -102972
9 -6 11 -8 -89510
3 -1 2 -1 -84978
-19 -2 -13 0 -96418
9 0 12 -5 -87626
0 -8 2 -11 -84650
-6 -10 -5 -7 -95816
-7 24 4 15 -97724
-19 14 -21 15 -58050
-4 22 -8 11 -103866
0 3 -4 2 -100050
-23 -12 -19 15 -91296
-16 4 -19 2 -86046
-14 1 -12 -3 -98472
23 3 22 -7 -74084
-15 -24 1 -15 -96706
-10 17 -6 9 -98414
10 -13 20 -15 -91574
9 11 1 8 -100314
18 15 19 -15 -98090
1 16 11 14 -93806
19 -4 18 -8 -95256
5 17 -1 20 -89686
14 -22 22 -7 -92184
13 -7 22 -11 -85436
-8 13 -13 21 -96476
18 3 19 8 -79862
-1 24 7 14 -99056
-16 5 -23 15 -96030
6 -19 8 -19 -75638
