23 -8 23 7 -77420
2 -15 3 -19 -67470
0 11 0 -11 -102246
6 -24 20 -10 -90362
-10 -9 -12 -12 -76660
1 -14 -3 -14 -89836
8 -2 4 2 -90344
8 -11 5 -15 -92100
22 1 18 13 -93748
6 -12 8 -10 -91536
21 18 19 -5 -100722
6 3 6 5 -78554
-1 8 -4 9 -87184
11 22 -8 21 -92484
7 14 5 8 -91228
17 -5 16 -10 -90806
20 11 10 15 -101126
2 3 0 -3 -97330
-10 7 -16 4 -89260
13 1 18 7 -87776
-10 -16 -12 -19 -79506
24 -4 15 2 -87306
3 12 -1 18 -90224
23 12 12 4 -99992
-1 -3 -4 -3 -90940
15 -20 8 -22 -70440
16 -4 14 -11 -99668
-20 -24 -20 15 -87974
-15 -14 -10 -20 -91370
-4 0 -4 -4 -100654
1 -12 2 -12 -86442
-18 1 -21 3 -83734
-19 4 -22 1 -76048
16 2 21 1 -89686
16 9 23 18 -76488
24 13 14 8 -86298
14 3 17 -6 -98702
15 1 11 -1 -92694
2 4 1 5 -87678
13 11 17 7 -95120
24 15 0 6 -98480
4 4 3 5 -87168
-20 -16 -19 -3 -87072
12 -15 9 -8 -92472
-18 -4 -14 -6 -89990
-16 -16 -17 -17 -56024
10 17 1 24 -77936
19 3 17 5 -87918
17 0 14 0 -87294
-1 -8 -2 -8 -84966
3 -14 -4 -21 -93444
-7 1 -3 2 -91520
16 -6 -2 6 -119542
-5 -10 -6 -13 -81272
11 8 9 11 -87864
-14 14 -15 7 -82582
5 -14 0 -13 -92052
-5 -16 -10 -23 -79294
-19 19 -12 13 -86692
-9 5 24 4 -102400
20 15 22 6 -74720
4 15 1 10 -93694
-14 6 -14 0 -84150
-19 -17 -15 -22 -70508
21 -13 24 -1 -86972
2 -5 -3 -6 -97010
7 4 4 5 -91438
-1 4 -1 0 -92374
22 11 18 15 -61778
-4 9 -2 13 -86392
-20 -22 -19 -6 -78230
11 -1 7 -2 -93524
-2 17 3 12 -93576
13 0 8 2 -97516
-17 18 -19 14 -75258
10 -7 6 -11 -96782
22 24 15 13 -60872
-10 8 -10 12 -84250
-20 0 -21 12 -90054
-16 7 -17 0 -86330
17 -20 7 -18 -92510
-2 -2 -23 -24 -82172
-9 8 -24 23 -91914
-20 -4 -18 3 -91334
-4 -16 -12 -15 -75300
-9 2 -24 -20 -94332
-13 0 -20 24 -99936
7 17 -24 16 -98010
4 -2 6 -1 -88198
-12 12 -19 6 -87778
15 -1 18 -6 -94716
-15 13 -15 2 -89054
-1 2 0 5 -87510
6 -15 -1 -18 -90216
24 -20 1 -11 -94872
-22 20 -8 0 -112394
13 18 14 20 -56056
13 -5 11 -8 -92442
7 21 0 24 -70106
1 -24 20 -20 -82660
19 -5 19 -8 -84664
-17 5 -14 0 -86042
24 -6 13 0 -95402
-15 13 -8 14 -84790
19 4 19 0 -66008
-10 -12 -12 -18 -86258
5 0 24 -22 -87578
0 16 1 23 -67744
15 3 7 5 -100732
24 -20 7 14 -98412
-14 -23 -19 -13 -93758
1 -8 -2 -11 -89946
23 -3 20 -12 -86680
-23 12 -19 8 -68800
13 -8 8 -14 -94510
-18 -9 -15 -2 -83796
-22 22 -17 10 -73290
14 -20 11 -9 -90268
16 0 -3 -12 -119228
-20 -11 -20 -13 -52384
-16 -16 24 -17 -86544
-11 1 -11 0 -84446
17 -21 17 -4 -88618
15 16 18 22 -56322
-5 3 -5 1 -88362
21 -1 17 6 -88246
-24 2 -21 -7 -75374
15 7 17 0 -90928
1 -9 0 -18 -95782
0 24 0 22 -21244
-8 6 -10 7 -90586
-9 13 -11 6 -92800
-21 -16 -20 7 -94330
12 15 17 20 -78668
-15 -12 -21 -10 -82502
7 -14 9 -18 -71304
-20 -4 -21 4 -86702
11 24 18 16 -57200
-5 -17 -1 -17 -77456
14 -10 13 -8 -82402
-8 4 -9 0 -85738
22 -9 23 21 -85904
-12 -14 -3 -10 -89630
13 -16 5 -18 -89614
14 -8 21 -5 -95178
-12 17 -1 21 -83586
6 3 6 2 -76896
2 11 4 7 -90840
4 17 -4 17 -90842
-17 -23 -16 7 -94216
-9 7 -3 10 -96350
13 -7 17 -7 -89624
-15 23 -10 13 -85842
-9 -5 -10 -2 -81592
0 -9 -2 -7 -86094
0 5 2 5 -93188
-17 -18 -7 -19 -83576
2 24 2 17 -58000
-1 4 2 6 -92170
21 14 11 12 -94888
0 -3 -2 -5 -96566
8 -8 9 -9 -87334
11 0 12 1 -84814
-14 7 -24 8 -88454
7 9 3 8 -88042
-8 0 -11 0 -83946
1 -13 2 -7 -80586
2 -10 -5 -24 -97234
-22 -20 -10 -22 -65982
9 -15 22 -17 -90516
14 4 14 5 -67864
-12 -23 -7 -16 -83648
20 -18 24 0 -87680
0 -20 3 -23 -52906
-10 -13 -10 -20 -87540
24 -6 11 -9 -97320
0 18 -9 20 -83896
23 14 14 9 -89722
-8 -1 -4 -2 -91328
-15 -19 -12 -19 -64984
9 6 7 12 -94420
6 -24 -4 -15 -88500
-22 20 -1 22 -84552
-21 0 -24 -12 -63722
24 -8 24 -16 -40262
18 15 -23 23 -96598
22 16 5 18 -96818
-17 -11 -13 -24 -95318
21 8 15 12 -87916
8 -24 10 -7 -81306
20 16 22 -3 -95404
-7 -20 -13 -24 -57758
-13 -9 -11 -18 -88454
20 -22 21 -11 -49096
-24 -4 0 -21 -97606
-7 1 -7 0 -89384
-10 24 18 9 -98638
-7 5 -8 7 -83740
-2 14 -6 19 -87936
-19 11 -18 -1 -95454
20 22 -23 16 -93198
-15 -20 -18 -14 -82682
-11 6 -8 6 -95646
0 -14 -1 -19 -76620
13 -24 -8 -15 -88548
1 -5 -24 -14 -92164
11 -1 11 3 -78404
3 12 3 4 -94682
-20 -20 -11 -10 -96984
-10 -4 -14 0 -94726
7 18 4 13 -87386
-9 8 -8 22 -91496
3 -20 -8 -23 -88722
-21 -1 24 -16 -90352
9 2 14 -1 -96582
-14 -8 -16 -11 -80502
15 19 17 4 -97448
14 19 11 7 -90206
-2 7 -1 11 -87324
-11 -3 -8 0 -95238
-17 -8 -15 -14 -77970
-24 -7 -15 -7 -85402
-1 -9 6 -8 -97296
-20 -5 -21 -2 -70856
14 -16 14 -5 -91570
8 -11 5 -13 -93346
19 5 15 10 -94260
-21 -6 -16 -12 -86334
7 -5 13 -8 -103086
-9 -10 -7 -14 -84160
-10 -15 -14 -15 -81504
21 -7 24 -2 -71332
24 -12 5 -19 -92026
-3 3 -3 0 -93632
3 6 6 9 -87212
5 -10 6 -15 -83056
0 20 -2 13 -80224
-12 -16 -15 -13 -79434
18 -13 24 -16 -32728
-23 18 -15 18 -71870
-13 8 -12 23 -85116
24 4 20 4 -33614
-3 -10 -1 -20 -91322
-11 12 -12 11 -80306
-16 18 -22 14 -94642
-2 7 0 7 -85264
3 -14 9 -12 -91924
-20 2 -23 5 -62380
12 2 10 10 -88002
17 -3 13 -4 -94210
3 6 0 6 -94026
-15 -13 0 -24 -84292
19 16 20 9 -71314
-2 -18 3 -19 -87822
9 9 15 7 -95402
-14 -11 -20 -8 -95462
-20 19 -4 19 -91606
-11 -4 -8 -7 -82934
8 16 5 11 -91480
1 8 1 3 -90788
-1 -12 0 -11 -86446
2 -11 6 -17 -94444
20 -1 20 -8 -98294
-11 -15 -6 -9 -86622
-21 15 -17 12 -81838
10 6 3 6 -98756
22 -23 3 -13 -90084
-6 -1 -6 0 -93102
-19 11 -18 22 -72036
-15 7 -16 11 -74038
-7 2 -6 9 -85982
-5 -1 -2 -6 -95692
4 21 -7 21 -84058
-13 -4 -14 0 -87904
-23 13 -16 18 -92468
13 7 8 2 -85772
0 -19 -5 -23 -67100
-7 -5 -6 -3 -90348
4 0 -1 -2 -103272
13 -1 23 2 -94364
-22 -20 -22 -14 -33408
-12 14 -14 11 -78806
17 -12 16 -14 -69690
-11 -10 -15 -9 -82962
9 14 11 15 -68162
-13 -6 -19 -8 -95634
-11 -1 -13 -3 -88666
0 2 1 -3 -91366
-4 -7 -6 -9 -87062
6 -10 13 -11 -96058
20 -3 -24 -10 -94770
18 14 10 19 -86232
-21 19 -22 0 -88632
0 -1 1 -1 -90600
-17 -3 -24 -16 -77802
-2 -3 -2 -2 -93614
0 3 -2 4 -91406
-12 -1 -11 0 -91168
-23 23 23 14 -88978
-14 17 -9 16 -80062
3 20 -13 17 -95396
-7 5 -5 7 -82608
6 10 9 8 -93148
-13 10 -15 9 -77484
12 -4 13 -4 -83972
-4 -10 -9 -5 -92966
2 -11 0 -16 -90414
-24 -12 7 -23 -88380
2 1 3 4 -90502
17 -13 11 -17 -77690
-15 7 -8 8 -95812
17 6 17 9 -75634
-18 23 -22 13 -70240
17 8 16 5 -80584
6 11 11 21 -90338
-14 6 15 4 -107138
-8 4 -11 4 -96188
-3 23 -24 12 -92324
14 -15 9 -14 -85724
-23 11 14 24 -92860
23 -18 18 -23 -28720
14 11 16 17 -74972
-9 0 -16 -5 -99814
-13 -11 -11 -23 -94960
-9 7 -18 11 -95144
6 -13 7 -14 -79678
-5 -11 -6 -8 -79650
-3 23 1 15 -83156
15 -12 11 -7 -93590
16 9 13 10 -89734
-21 -5 -19 21 -101708
0 -19 -4 -16 -78596
19 -21 14 3 -98122
4 -19 -2 -20 -85768
-9 -9 -8 -5 -82048
-14 -3 -18 -23 -95536
-20 5 -16 6 -87914
-8 2 -9 8 -83232
-2 11 -2 6 -88766
-4 20 -7 11 -85894
-24 10 -8 22 -92316
1 -8 4 -3 -95922
-1 24 1 0 -90982
24 8 0 -21 -98688
-17 -7 -23 -7 -75724
0 7 -2 13 -93364
-10 -9 -8 -12 -82494
6 -2 7 4 -91876
9 -1 7 -7 -100676
22 3 18 -5 -86518
15 24 3 18 -78502
-21 3 -15 4 -95682
0 12 -5 9 -92124
-3 -2 -3 0 -95850
9 3 9 -1 -80628
-3 -10 -2 -16 -86524
20 5 23 9 -54514
-13 -2 -13 -8 -73954
-2 11 -1 10 -82742
-5 21 13 22 -92984
8 9 5 11 -92086
1 24 -4 23 -51308
10 1 8 -5 -94780
17 1 21 10 -91790
-22 4 -23 2 -53752
10 -20 -8 -22 -89816
14 -19 11 -15 -71506
7 -6 11 -2 -100582
-22 0 -17 -2 -85076
0 -4 2 -2 -96730
-21 6 -17 3 -88696
-8 -10 -15 -12 -91092
-5 -4 -7 -4 -87980
4 -12 1 -10 -90152
4 24 9 23 -55334
-24 24 17 4 -95642
20 -14 15 -15 -67166
14 -24 17 5 -90806
8 4 8 10 -81630
24 24 12 21 -44386
0 -22 13 -17 -88838
0 20 -1 9 -91386
17 11 16 21 -65138
-22 -5 -20 15 -98694
-21 -6 -22 3 -87902
-6 15 -5 10 -82212
10 -19 10 -9 -84790
11 -23 13 -24 -37890
-14 18 -5 19 -80508
12 -20 4 -20 -84256
9 23 16 3 -99266
-17 0 -23 -3 -90548
-18 -1 -22 -3 -86334
5 16 12 21 -82062
0 -19 18 -22 -97458
17 -7 17 1 -99150
-9 5 -7 4 -90298
-12 -9 -17 -11 -92548
-21 13 -17 13 -82892
-19 1 -22 -7 -84532
-13 13 -15 21 -76316
-15 -11 -17 -7 -80174
-9 -12 -15 -24 -94096
20 3 16 4 -90288
17 23 14 -6 -96146
-3 1 1 -2 -97642
-13 17 -9 14 -86994
-22 -19 2 -21 -89896
23 -21 -16 -24 -76940
-8 9 -5 10 -84974
-1 -19 7 -23 -74376
4 9 1 11 -84114
9 -9 7 -3 -95168
22 22 -15 13 -89506
7 -6 7 0 -89972
-5 -1 -2 2 -96736
24 20 24 9 -43750
-9 0 -9 -2 -90638
-16 -23 -15 -20 -23394
16 14 8 7 -93262
-16 -5 -19 0 -86504
0 13 -6 14 -86738
-24 0 -14 -16 -93520
18 15 8 16 -97076
-9 -22 -10 -11 -93334
-19 0 -10 -1 -93912
-1 -4 0 -7 -84290
8 14 8 8 -82794
-5 17 -10 11 -84190
0 -2 4 -24 -91680
-5 9 -7 12 -86848
5 15 1 11 -97232
11 -5 9 -5 -89704
3 -5 -1 -2 -94742
20 -7 22 0 -97218
3 19 19 18 -92754
-8 -9 -7 -3 -92416
-1 -12 -4 -24 -77974
-9 9 -12 13 -87560
4 -6 8 -6 -88946
12 8 15 8 -84226
0 12 4 24 -86536
5 12 4 15 -69488
9 -14 17 -20 -90740
5 -7 4 -4 -92418
18 -2 17 -5 -91104
12 19 13 -23 -95706
10 -13 21 0 -120024
3 -18 1 -22 -48608
2 14 7 24 -79840
15 -16 23 -8 -84842
-1 -4 0 -1 -98100
14 24 8 22 -46620
8 -8 8 24 -92174
-5 12 -6 22 -79914
16 13 -19 23 -99568
5 -3 4 -4 -88348
-11 11 -9 6 -87990
23 -10 18 -9 -42244
-10 -11 -22 -16 -95288
-2 16 -11 23 -79000
-8 -3 -6 -9 -89960
-6 -18 -5 -8 -92124
7 -3 7 -11 -94376
19 -10 15 -18 -85364
0 9 23 22 -94484
-3 0 0 2 -97872
3 -7 0 -5 -96236
-23 1 -23 15 -74490
8 19 2 17 -81914
-24 -3 -16 -7 -83494
3 -20 -10 -24 -87698
11 -10 12 -2 -99368
-24 -22 6 -21 -77840
-13 18 -23 15 -93282
23 20 12 18 -67502
4 15 -2 14 -86658
-5 16 0 20 -73746
-8 -13 -1 -11 -88410
-17 -5 -17 -16 -87628
-8 -12 -1 -15 -86520
-18 0 -16 24 -91478
10 -7 9 -9 -84950
9 -6 11 -8 -94744
3 -1 2 -1 -87900
-19 -2 -13 0 -91710
9 0 12 -5 -89738
0 -8 2 -11 -83444
-6 -10 -5 -7 -86810
-7 24 4 15 -95034
-19 14 -21 15 -66642
-12 3 -13 0 -87100
0 3 -4 2 -95154
-23 -12 -19 15 -92490
-16 4 -19 2 -88680
-14 1 -12 -3 -94992
23 3 22 -7 -80932
-15 -24 1 -15 -91382
-10 17 -6 9 -94444
10 -13 20 -15 -93412
-21 -9 -23 8 -91700
18 15 19 -15 -96666
1 16 11 14 -87044
19 -4 18 -8 -95646
5 17 -1 20 -87050
14 -22 22 -7 -92220
13 -7 22 -11 -85066
-8 13 -13 21 -92032
18 3 19 8 -82418
-9 23 -14 24 -45640
-16 5 -23 15 -100182
6 -19 8 -19 -71752
