23 -8 23 7 -73589
2 -15 3 -19 -71883
0 14 3 16 -86221
6 -24 20 -10 -96531
-10 -9 -12 -12 -77185
1 -14 -3 -14 -95097
7 -8 9 -13 -91495
8 -11 5 -15 -93251
22 1 18 13 -90821
6 -12 8 -10 -95053
-13 6 -16 12 -84587
6 3 6 5 -83247
-1 8 -4 9 -91113
11 22 -8 21 -91703
7 14 5 8 -86325
17 -5 16 -10 -76889
-10 15 -6 14 -78879
2 3 0 -3 -91385
-10 7 -16 4 -87773
13 1 18 7 -89911
-10 -16 -12 -19 -76115
24 -4 15 2 -81889
3 12 -1 18 -92159
19 -8 24 -6 -53691
-1 -3 -4 -3 -86725
15 -20 8 -22 -71433
6 -4 -7 2 -111387
-20 -24 -20 15 -84555
-15 -14 -10 -20 -86093
-18 -9 -15 -4 -87525
1 -12 2 -12 -90349
-18 1 -21 3 -79229
-19 4 -22 1 -77109
16 2 21 1 -87997
16 9 23 18 -83073
24 13 14 8 -85563
14 3 17 -6 -99127
15 1 11 -1 -89089
2 4 1 5 -84313
13 11 17 7 -90215
24 15 0 6 -93369
4 4 3 5 -84517
-20 -16 -19 -3 -93629
12 -15 9 -8 -97265
-18 -4 -14 -6 -83599
-16 -16 -17 -17 -56081
10 17 1 24 -86277
19 3 17 5 -87117
17 0 14 0 -83331
-1 -8 -2 -8 -81047
-21 -9 -15 -16 -91451
-7 1 -3 2 -88581
16 15 24 15 -59563
-5 -10 -6 -13 -76485
11 8 9 11 -87641
-14 14 -15 7 -80469
5 -14 0 -13 -96373
-5 -16 -10 -23 -78387
-19 19 -12 13 -85085
10 6 8 3 -84633
20 15 22 6 -70223
4 15 1 10 -87889
-14 6 -14 0 -83601
-19 -17 -15 -22 -69599
21 -13 24 -1 -88549
-6 -13 6 11 -110317
7 4 4 5 -90123
-1 4 -1 0 -92383
22 11 18 15 -64337
-4 9 -2 13 -83103
-20 -22 -19 -6 -78701
11 -1 7 -2 -88341
2 16 -1 20 -97377
13 0 8 2 -93289
-17 18 -19 14 -71499
10 -7 6 -11 -97989
22 24 15 13 -71181
-10 8 -10 12 -80871
-20 0 -21 12 -81343
-16 7 -17 0 -85071
17 -20 7 -18 -89967
-2 -2 -23 -24 -79181
-9 8 -24 23 -87235
-20 -4 -18 3 -93081
-4 -16 -12 -15 -80355
-9 2 -24 -20 -92469
19 17 15 24 -49519
-9 17 -18 15 -86397
4 -2 6 -1 -83977
-12 12 -19 6 -87781
15 -1 18 -6 -89863
-15 13 -15 2 -87881
-1 2 0 5 -87255
6 -15 -1 -18 -96515
24 -20 1 -11 -92837
2 7 -2 9 -89081
13 18 14 20 -60547
13 -5 11 -8 -77301
7 21 0 24 -72353
1 -24 20 -20 -84185
19 -5 19 -8 -80061
-17 5 -14 0 -83401
1 -11 0 -11 -87607
-15 13 -8 14 -92659
19 4 19 0 -64689
-10 -12 -12 -18 -79649
5 0 24 -22 -83575
0 16 1 23 -74763
15 3 7 5 -94209
-2 19 0 16 -94679
-14 -23 -19 -13 -91243
1 -8 -2 -11 -87289
23 -3 20 -12 -87903
-23 12 -19 8 -60759
13 -8 8 -14 -95695
-22 0 -18 9 -85879
-22 22 -17 10 -72143
14 -20 11 -9 -93919
-3 10 -8 11 -90489
-20 -11 -20 -13 -55197
-16 -16 24 -17 -91537
-11 1 -11 0 -82859
17 -21 17 -4 -87553
15 16 18 22 -65697
-5 3 -5 1 -89861
21 -1 17 6 -87813
-24 2 -21 -7 -81195
5 4 8 4 -89413
6 14 12 11 -87099
0 24 0 22 -20053
-8 6 -10 7 -91821
-9 13 -11 6 -90487
-21 -16 -20 7 -98213
12 15 17 20 -81329
-15 -12 -21 -10 -90657
7 -14 9 -18 -80545
-20 -4 -21 4 -88495
11 24 18 16 -63059
-5 -17 -1 -17 -83223
14 -10 13 -8 -82545
-8 4 -9 0 -86033
22 -9 23 21 -82809
-4 0 7 11 -116719
13 -16 5 -18 -91809
14 -8 21 -5 -93197
-12 17 -1 21 -93575
6 3 6 2 -80525
2 11 4 7 -88841
4 17 -4 17 -93443
-17 -23 -16 7 -94905
-23 -10 -23 3 -88359
13 -7 17 -7 -84875
-15 23 -10 13 -84183
-9 -5 -10 -2 -76069
0 -9 -2 -7 -84281
-8 -17 -5 -13 -75289
-17 -18 -7 -19 -83973
2 24 2 17 -62601
-1 4 2 6 -86745
6 -13 -8 -1 -118863
0 -3 -2 -5 -84067
8 -8 9 -9 -85919
11 0 12 1 -84299
-14 7 -24 8 -81287
7 9 3 8 -84311
-8 0 -11 0 -83093
1 -13 2 -7 -78389
-23 -9 -16 -12 -83515
-22 -20 -10 -22 -66193
9 -15 22 -17 -83077
14 4 14 5 -77063
-12 -23 -7 -16 -82607
20 -18 24 0 -86377
0 -20 3 -23 -57461
-10 -13 -10 -20 -72281
24 -6 11 -9 -93527
0 18 -9 20 -83929
23 14 14 9 -90097
-8 -1 -4 -2 -90377
-15 -19 -12 -19 -64725
9 6 7 12 -94615
6 -24 -4 -15 -95031
-22 20 -1 22 -88089
-21 0 -24 -12 -73861
24 -8 24 -16 -38889
18 15 -23 23 -89321
22 16 5 18 -92347
-17 -11 -13 -24 -89059
21 8 15 12 -88709
8 -24 10 -7 -87323
20 16 22 -3 -87467
-7 -20 -13 -24 -58089
-13 -9 -11 -18 -87741
20 -22 21 -11 -50637
16 -3 15 0 -80983
-7 1 -7 0 -86939
-10 24 18 9 -93347
-7 5 -8 7 -90953
-2 14 -6 19 -91765
-20 -7 -18 -2 -89381
20 22 -23 16 -90749
-15 -20 -18 -14 -82307
-11 6 -8 6 -93657
0 -14 -1 -19 -74005
13 -24 -8 -15 -94477
3 -19 1 -19 -87127
11 -1 11 3 -85321
-14 -14 -20 -15 -75769
21 16 -24 4 -92341
-8 -17 21 -21 -98977
7 18 4 13 -87297
-9 8 -8 22 -89469
3 -20 -8 -23 -93097
-21 -1 24 -16 -92925
9 2 14 -1 -92205
-14 -8 -16 -11 -83929
15 0 20 4 -85385
-6 2 -7 7 -95409
-2 7 -1 11 -82099
-11 -3 -8 0 -93545
-17 -8 -15 -14 -88041
-24 -7 -15 -7 -88571
-2 -9 -11 -10 -89141
-20 -5 -21 -2 -76619
14 -16 14 -5 -89445
8 -11 5 -13 -95943
19 5 15 10 -93053
-21 -6 -16 -12 -91519
-24 -12 17 -18 -94279
-9 -10 -7 -14 -82151
-10 -15 -14 -15 -82483
21 -7 24 -2 -74233
24 -12 5 -19 -93221
-3 3 -3 0 -92871
3 6 6 9 -88019
5 -10 6 -15 -85343
0 20 -2 13 -91131
-12 -16 -15 -13 -80913
18 -13 24 -16 -33929
-23 18 -15 18 -75925
-13 8 -12 23 -81315
24 4 20 4 -32035
-3 -10 -1 -20 -86427
-11 12 -12 11 -81325
-16 18 -22 14 -86725
-2 7 0 7 -85829
3 -14 9 -12 -95325
-20 2 -23 5 -58705
12 2 10 10 -91609
17 -3 13 -4 -89635
3 -1 2 -24 -88437
-15 -13 0 -24 -92719
19 16 20 9 -70749
-2 -18 3 -19 -96917
9 9 15 7 -90865
-13 -11 -20 -14 -86481
8 11 4 19 -91795
-11 -4 -8 -7 -81199
8 16 5 11 -88527
1 8 1 3 -89897
-1 -12 0 -11 -84169
2 -11 6 -17 -96297
20 -1 20 -8 -91171
-11 -15 -6 -9 -86057
-21 15 -17 12 -77609
24 0 -20 1 -93601
22 -23 3 -13 -88933
-6 -1 -6 0 -85583
-19 11 -18 22 -67683
-15 7 -16 11 -74197
-7 2 -6 9 -91747
-5 -1 -2 -6 -91207
4 21 -7 21 -83127
-13 -4 -14 0 -82069
-23 13 -16 18 -84795
6 1 7 0 -83939
0 -19 -5 -23 -68209
-7 -5 -6 -3 -86713
-10 14 -13 19 -85077
18 22 19 12 -66349
-22 -20 -22 -14 -35201
-12 14 -14 11 -78361
17 -12 16 -14 -70353
-11 -10 -15 -9 -81419
9 14 11 15 -72529
-8 8 2 -22 -114241
-11 -1 -13 -3 -84151
0 2 1 -3 -85943
-4 -7 -6 -9 -87023
6 -10 13 -11 -94023
17 -10 10 -23 -86033
18 14 10 19 -80645
-21 19 -22 0 -78641
0 -1 1 -1 -84987
-17 -3 -24 -16 -82177
-2 -3 -2 -2 -77327
0 3 -2 4 -91949
-12 -1 -11 0 -89217
-23 23 23 14 -84511
-14 17 -9 16 -90091
7 14 2 21 -92653
-7 5 -5 7 -79989
6 10 9 8 -89677
-13 10 -15 9 -77151
12 -4 13 -4 -78623
10 14 14 15 -74923
2 -11 0 -16 -81683
-24 -12 7 -23 -93197
2 1 3 4 -88955
17 -13 11 -17 -80429
-15 7 -8 8 -93513
17 6 17 9 -73605
-18 23 -22 13 -63741
17 8 16 5 -78979
6 11 11 21 -92761
11 3 12 6 -81467
-8 4 -11 4 -94135
-23 22 -13 19 -64643
14 -15 9 -14 -85639
-23 11 14 24 -90015
23 -18 18 -23 -30521
14 11 16 17 -79733
5 6 4 9 -87721
-13 -7 -12 -14 -85037
6 -15 2 -22 -73439
6 -13 7 -14 -83649
-5 -11 -6 -8 -77473
-3 23 1 15 -93211
15 -12 11 -7 -94907
16 9 13 10 -83045
-16 23 0 21 -83351
0 -19 -4 -16 -83177
19 -21 14 3 -95877
4 -19 -2 -20 -94117
-9 -9 -8 -5 -83633
-14 -3 -18 -23 -96087
-20 5 -16 6 -79547
-8 2 -9 8 -91725
-2 11 -2 6 -83005
-4 20 -7 11 -93201
-24 10 -8 22 -89645
1 -8 4 -3 -88161
-1 24 1 0 -93343
-15 -19 0 -21 -91367
-17 -7 -23 -7 -79457
15 -3 21 -1 -90591
-10 -9 -8 -12 -83073
6 -2 7 4 -95783
-18 -1 -17 -13 -95917
22 3 18 -5 -86137
15 24 3 18 -81629
14 7 15 0 -88889
0 12 -5 9 -92601
-3 -2 -3 0 -81681
9 3 9 -1 -88041
-3 -10 -2 -16 -78349
20 5 23 9 -50735
-13 -2 -13 -8 -74839
-2 11 -1 10 -79495
-5 21 13 22 -94579
23 -13 16 -1 -84487
1 24 -4 23 -52831
10 1 8 -5 -93297
17 1 21 10 -87289
-22 4 -23 2 -54949
10 -20 -8 -22 -95833
14 -19 11 -15 -71141
7 -6 11 -2 -90345
-22 0 -17 -2 -83179
0 -4 2 -2 -83905
-21 6 -17 3 -81265
-8 -10 -15 -12 -88639
-5 -4 -7 -4 -87429
4 -12 1 -10 -89911
4 24 9 23 -58907
-24 24 17 4 -88355
20 -14 15 -15 -63269
14 -24 17 5 -88613
8 4 8 10 -86493
24 24 12 21 -53217
0 -22 13 -17 -94643
0 20 -1 9 -94593
17 11 16 21 -77059
-22 -5 -20 15 -91853
-21 -6 -22 3 -94349
-6 15 -5 10 -76635
10 -19 10 -9 -90849
11 -23 13 -24 -37233
-14 18 -5 19 -92963
12 -20 4 -20 -85639
-23 21 -12 21 -68855
-17 0 -23 -3 -90801
-18 -1 -22 -3 -87839
5 16 12 21 -85265
-2 -19 18 -14 -105797
-7 -24 -7 -4 -84159
-9 5 -7 4 -91337
-12 -9 -17 -11 -87357
-21 13 -17 13 -77951
-19 1 -22 -7 -95747
-13 13 -15 21 -75007
-15 -11 -17 -7 -85899
-9 -12 -15 -24 -87127
20 3 16 4 -88759
17 23 14 -6 -95063
-3 1 1 -2 -97979
-13 17 -9 14 -90187
-22 -19 2 -21 -92987
23 -21 -16 -24 -80055
-8 9 -5 10 -81739
-1 -19 7 -23 -80467
4 9 1 11 -82187
9 -9 7 -3 -89363
22 22 -15 13 -91679
7 -6 7 0 -86917
-5 -1 -2 2 -90815
24 20 24 9 -45183
-9 0 -9 -2 -84863
-16 -23 -15 -20 -28367
16 14 8 7 -90249
-16 -5 -19 0 -88365
0 13 -6 14 -91825
18 20 15 9 -93673
1 17 -4 14 -92971
-1 -24 -4 4 -96201
-19 0 -10 -1 -89779
-1 -4 0 -7 -78625
8 14 8 8 -80289
-5 17 -10 11 -89451
10 -21 5 -14 -86447
-5 9 -7 12 -85031
-4 21 -24 18 -88293
11 -5 9 -5 -83413
3 -5 -1 -2 -90507
20 -7 22 0 -95173
3 19 19 18 -92165
-8 -9 -7 -3 -92877
-1 -12 -4 -24 -75043
-9 9 -12 13 -84435
4 -6 8 -6 -89097
12 8 15 8 -78247
0 12 4 24 -91049
5 12 4 15 -76921
9 -14 17 -20 -87477
5 -7 4 -4 -86125
18 -2 17 -5 -84003
12 19 13 -23 -95269
7 22 11 7 -93179
3 -18 1 -22 -56519
2 14 7 24 -82711
15 -16 23 -8 -84697
15 24 24 24 -37367
14 24 8 22 -48081
8 -8 8 24 -92759
-5 12 -6 22 -82383
-13 15 -3 22 -94503
5 -3 4 -4 -82049
-11 11 -9 6 -86471
23 -10 18 -9 -47771
-15 18 -8 19 -86803
-2 16 -11 23 -76823
-8 -3 -6 -9 -88077
13 16 14 6 -84123
7 -3 7 -11 -89627
19 -10 15 -18 -87529
0 9 23 22 -93853
-3 0 0 2 -93405
3 -10 7 -9 -90697
-23 1 -23 15 -67111
8 19 2 17 -80955
-24 -3 -16 -7 -83251
3 -20 -10 -24 -92357
-16 -8 3 -17 -112491
-24 -22 6 -21 -81085
17 14 18 14 -68879
23 20 12 18 -72603
4 15 -2 14 -90685
-5 16 0 20 -85879
-8 -13 -1 -11 -91473
-17 -5 -17 -16 -95861
-8 -12 -1 -15 -89915
-18 0 -16 24 -81361
10 -7 9 -9 -79677
9 -6 11 -8 -87841
3 -1 2 -1 -87137
-19 -2 -13 0 -84495
9 0 12 -5 -89005
0 -8 2 -11 -82613
-6 -10 -5 -7 -86969
8 2 8 -5 -90577
-19 14 -21 15 -66855
-12 3 -13 0 -86487
0 3 -4 2 -93293
-23 -12 -19 15 -92227
-16 4 -19 2 -83043
-14 1 -12 -3 -87105
23 3 22 -7 -77223
-15 -24 1 -15 -95099
-7 -3 -18 -5 -92053
-4 -21 0 -15 -79661
-21 -9 -23 8 -94489
18 15 19 -15 -93971
1 16 11 14 -90269
19 -4 18 -8 -89155
5 17 -1 20 -94467
14 -22 22 -7 -94463
13 -7 22 -11 -84937
1 0 4 -1 -91285
18 3 19 8 -78879
-9 23 -14 24 -51953
-21 -22 -17 -19 -28657
6 -19 8 -19 -74679
