23 -8 23 7 -72931
2 -15 3 -19 -75881
0 14 3 16 -85879
22 -2 19 5 -76045
-10 -9 -12 -12 -74177
1 -14 -3 -14 -87669
7 -8 9 -13 -83769
-22 -3 -19 -16 -90461
-12 -16 -11 -18 -67499
6 -12 8 -10 -78885
-13 6 -16 12 -87553
6 3 6 5 -78557
-1 8 -4 9 -84493
24 24 1 14 -82115
7 14 5 8 -86261
17 -5 16 -10 -81489
-10 15 -6 14 -75645
2 3 0 -3 -87319
-10 7 -16 4 -90725
-7 -3 -24 3 -100895
-10 -16 -12 -19 -76503
24 -4 15 2 -80571
3 12 -1 18 -87447
19 -8 24 -6 -51003
-1 -3 -4 -3 -79203
15 -20 8 -22 -68113
-20 12 -18 9 -78451
-20 -24 -20 15 -82765
13 -1 16 -5 -83309
-18 -9 -15 -4 -82343
1 -12 2 -12 -80383
-18 1 -21 3 -83575
-19 4 -22 1 -80353
16 2 21 1 -85299
16 9 23 18 -86409
24 13 14 8 -79797
15 -14 16 -10 -78565
-21 -4 -20 -4 -76321
2 4 1 5 -81055
13 11 17 7 -81847
-6 7 -6 5 -78647
4 4 3 5 -78543
-20 -16 -19 -3 -92167
12 -15 9 -20 -63385
-18 -4 -14 -6 -89099
-16 -16 -17 -17 -60279
10 17 1 24 -80649
19 3 17 5 -84753
17 0 14 0 -81553
-1 -8 -2 -8 -76571
-21 -9 -15 -16 -89483
12 -20 -3 -24 -79817
16 15 24 15 -61611
-5 -10 -6 -13 -82683
11 8 9 11 -85479
-14 14 -15 7 -80295
22 -21 23 -4 -75149
-5 -16 -10 -23 -76865
-19 19 -12 13 -91597
10 6 8 3 -82031
20 15 22 6 -85411
4 15 1 10 -88027
-14 6 -14 0 -87607
-19 -17 -15 -22 -67449
21 -13 24 -1 -84565
-23 -4 -20 -11 -72341
-6 -12 -3 -21 -79125
0 22 -6 20 -74313
22 11 18 15 -67435
-4 9 -2 13 -80023
-20 -22 -19 -6 -75115
11 -1 7 -2 -83005
-3 9 -21 1 -106025
13 0 8 2 -78835
-17 18 -19 14 -73367
-4 -23 22 -13 -87859
22 24 15 13 -81565
-10 8 -10 12 -81645
-20 -24 13 -9 -87765
-16 7 -17 0 -89575
17 -20 7 -18 -84337
-2 -2 -23 -24 -79583
-9 8 -24 23 -89761
-20 -4 -18 3 -84403
-4 -16 -12 -15 -80643
-9 2 -24 -20 -90099
19 17 15 24 -59255
-9 17 -18 15 -98961
4 -2 6 -1 -89863
10 -11 -10 8 -106171
-22 1 21 9 -92075
-15 13 -15 2 -87621
-1 2 0 5 -80739
6 -15 -1 -18 -89897
8 9 9 8 -86043
2 7 -2 9 -88359
13 18 14 20 -68927
13 -5 11 -8 -79305
7 21 0 24 -71447
1 -24 20 -20 -76163
19 -5 19 -8 -77343
-17 5 -14 0 -90275
1 -11 0 -11 -80443
14 15 12 14 -82783
19 4 19 0 -65907
-10 -12 -12 -18 -77215
5 0 24 -22 -78941
0 16 1 23 -72643
14 12 10 11 -82289
-2 19 0 16 -81831
-14 -23 -19 -13 -87505
1 -8 -2 -11 -86411
23 -3 20 -12 -84723
-23 12 -19 8 -72839
13 -8 8 -14 -86535
-22 0 -18 9 -88759
-22 22 -17 10 -72775
14 -20 11 -9 -89927
-3 10 -8 11 -86995
-20 -11 -20 -13 -52257
-16 -16 24 -17 -86023
-11 1 -11 0 -83371
17 -21 17 -4 -89819
15 16 18 22 -73813
-5 3 -5 1 -83529
21 -1 17 6 -91707
-24 2 -21 -7 -74789
5 4 8 4 -82463
6 14 12 11 -89381
0 24 0 22 -20741
-8 6 -10 7 -88567
12 13 15 20 -87949
17 24 15 22 -38951
12 15 17 20 -90127
-15 -12 -21 -10 -91139
7 -14 9 -18 -77331
-20 -4 -21 4 -79243
11 24 18 16 -74493
-5 -17 -1 -17 -76977
14 -10 13 -8 -76939
-8 4 -9 0 -85229
22 -9 23 21 -80453
13 -1 10 -4 -85377
13 -16 5 -18 -82359
14 -8 21 -5 -87411
15 11 9 5 -83433
6 3 6 2 -76295
5 23 -2 23 -65611
4 17 -4 17 -92353
-17 -23 -16 7 -90993
-23 -10 -23 3 -80631
13 -7 17 -7 -80631
2 -17 2 -20 -64793
-9 -5 -10 -2 -77677
0 -9 -2 -7 -78089
-8 -17 -5 -13 -73737
-17 -18 -7 -19 -85209
2 24 2 17 -63987
-1 4 2 6 -83291
-10 11 -8 17 -80117
0 -3 -2 -5 -77651
8 -8 9 -9 -83341
11 0 12 1 -78777
-14 7 -24 8 -87867
7 9 3 8 -80999
-8 0 -11 0 -78823
1 -13 2 -7 -75013
-23 -9 -16 -12 -84161
-22 -20 -10 -22 -67735
9 -15 22 -17 -79087
14 4 14 5 -71475
-12 -23 -7 -16 -81693
20 -18 24 0 -87003
0 -20 3 -23 -54181
-10 -13 -10 -20 -74367
19 11 22 13 -60215
0 18 -9 20 -81091
-22 1 -10 -1 -104777
-8 -1 -4 -2 -88565
-15 -19 -12 -19 -65955
6 -13 4 -15 -71413
6 15 7 20 -79203
-22 20 -1 22 -93885
-21 0 -24 -12 -73467
24 -8 24 -16 -45839
18 15 -23 23 -91909
19 -11 23 -21 -50623
-17 -11 -13 -24 -83899
21 8 21 12 -65057
8 -24 10 -7 -82331
20 16 22 -3 -88385
-7 -20 -13 -24 -59631
4 9 10 9 -85431
20 -22 21 -11 -66829
16 -3 15 0 -73991
-7 1 -7 0 -84769
-3 18 -7 14 -80445
-7 5 -8 7 -88139
-2 14 -6 19 -86427
-20 -7 -18 -2 -83885
20 22 -23 16 -94759
-15 -20 -18 -14 -78333
-11 6 -8 6 -86313
0 -14 -1 -19 -75971
13 -24 -8 -15 -85225
3 -19 1 -19 -83605
11 -1 11 3 -83041
-14 -14 -20 -15 -78399
20 16 22 4 -91267
-4 -13 -4 -11 -75117
6 19 7 9 -84025
-9 8 -8 22 -88769
3 -20 -8 -23 -85637
-21 -1 24 -16 -90007
7 2 3 -1 -96469
-14 -8 -16 -11 -77853
15 0 20 4 -78069
6 -4 6 0 -76935
-2 7 -1 11 -82043
14 -8 15 -1 -83611
-17 -8 -15 -14 -86149
-24 -7 -15 -7 -93479
22 10 20 -24 -76491
-20 -5 -21 -2 -77039
14 16 -21 13 -100731
8 -11 5 -13 -79649
19 22 -16 21 -87637
-10 17 -16 22 -81629
-18 -6 -11 -7 -87529
-9 -10 -7 -14 -82631
-10 -15 -14 -15 -77905
21 -7 24 -2 -66077
24 -12 5 -19 -86995
-3 3 -3 0 -83565
-9 -11 5 1 -111985
5 -10 6 -15 -79223
0 20 -2 13 -84963
-12 -16 -15 -13 -72839
18 -13 24 -16 -38747
-23 18 -15 18 -81541
-13 8 -12 23 -79457
24 4 20 4 -35005
-16 6 -10 -1 -101823
-11 12 -12 11 -81179
-16 18 -22 14 -91665
-2 7 0 7 -80989
3 14 5 16 -82135
-20 2 -23 5 -66505
6 21 7 15 -74833
17 -3 13 -4 -89275
3 -1 2 -24 -81737
-15 -13 0 -24 -89147
19 16 20 9 -78225
-2 -18 3 -19 -89797
-2 23 3 17 -79239
-13 -11 -20 -14 -86967
15 23 13 24 -42559
13 0 12 4 -80793
8 16 5 11 -84147
1 8 1 3 -84603
-1 -12 0 -11 -84505
2 -11 6 -17 -89525
0 -3 -2 0 -87321
-11 -15 -6 -9 -85287
-21 15 -17 12 -83901
1 17 3 16 -79723
22 -23 3 -13 -78867
-6 -1 -6 0 -83523
-19 11 -18 22 -67229
-15 7 -16 11 -77233
-18 15 4 24 -92141
-5 -1 -2 -6 -90259
4 21 -7 21 -86211
-13 -4 -14 0 -83419
-23 13 -16 18 -88691
6 1 7 0 -78079
0 -19 -5 -23 -65401
-7 -5 -6 -3 -84131
-10 14 -13 19 -83129
18 22 19 12 -74501
-22 -20 -22 -14 -35501
-12 14 -14 11 -81143
17 -12 16 -14 -79929
-11 -10 -15 -9 -75709
9 14 11 15 -75639
-24 -12 -1 -13 -87793
-11 -1 -13 -3 -81321
0 2 1 -3 -83725
-4 -7 -6 -9 -90231
6 -10 13 -11 -86083
17 -10 10 -23 -85473
18 14 10 19 -86711
-21 19 -22 0 -77565
0 -1 1 -1 -78581
-17 -3 -24 -16 -80299
-2 -3 -2 -2 -74569
0 3 -2 4 -84747
-12 -1 -11 0 -85789
-23 23 23 14 -83195
-14 17 -9 16 -95329
7 12 9 10 -85103
-7 5 -5 7 -77893
21 21 23 23 -21475
-13 10 -15 9 -79527
12 -4 13 -4 -77363
10 14 14 15 -87439
2 -11 0 -16 -81387
-24 -12 7 -23 -89635
2 1 3 4 -86225
17 -13 11 -17 -78905
-15 7 -8 8 -92841
17 6 17 9 -68385
-18 23 -22 13 -66493
17 8 16 5 -73435
18 -22 22 -12 -73029
11 3 12 6 -77691
-9 -6 -10 -5 -75845
-23 22 -13 19 -69833
14 -15 9 -14 -78299
-23 11 14 24 -93791
23 -18 18 -23 -35415
14 11 16 17 -79695
5 6 4 9 -81635
-13 -7 -12 -14 -85241
6 -15 2 -22 -74255
6 -13 7 -14 -76863
-5 -11 -6 -8 -77091
-4 13 -4 7 -86855
15 -12 11 -7 -86377
16 9 13 10 -79017
-16 23 0 21 -85363
0 -19 -4 -16 -81759
-20 8 -19 5 -75153
4 -19 -2 -20 -91111
-9 -9 -8 -5 -88979
-10 5 -8 12 -89823
-20 5 -16 6 -85571
-8 2 -9 8 -85793
-2 11 -2 6 -83951
-4 20 -7 11 -90651
14 -6 13 -10 -77511
-4 -3 -6 -1 -85943
-1 24 1 0 -88799
-15 -19 0 -21 -86371
-17 -7 -23 -7 -85133
15 -3 21 -1 -86255
-10 -9 -8 -12 -81805
6 -2 7 4 -91551
24 1 19 22 -85197
-14 -20 6 -2 -103505
15 24 3 18 -81633
14 7 15 0 -86141
22 23 19 7 -80349
-3 -2 -3 0 -79947
9 3 9 -1 -84235
-3 -10 -2 -16 -77379
20 5 23 9 -52283
-13 -2 -13 -8 -76403
-2 11 -1 10 -79319
-5 21 13 22 -87963
23 -13 16 -1 -85183
1 24 -4 23 -58727
-15 5 -17 3 -85455
17 1 21 10 -82795
-22 4 -23 2 -63497
19 -21 -24 -15 -84193
14 -19 11 -15 -71469
-8 14 -19 14 -104607
-22 0 -17 -2 -92105
0 -4 2 -2 -76485
-21 6 -17 3 -88875
-17 1 -15 -12 -99177
-5 -4 -7 -4 -86595
4 -12 1 -10 -80769
4 24 9 23 -55237
-24 24 17 4 -87605
20 -14 15 -15 -67207
14 -24 17 5 -83913
8 4 8 10 -79953
24 24 12 21 -65839
-15 -22 -10 -17 -73189
0 20 -1 9 -90437
17 11 16 21 -82445
9 20 23 19 -84511
-7 4 -8 3 -75983
-6 15 -5 10 -79633
10 -19 10 -9 -84807
11 -23 13 -24 -36537
-14 18 -5 19 -91257
12 -20 4 -20 -77625
-23 21 -12 21 -76393
20 0 10 -3 -102543
-18 -1 -22 -3 -81831
5 16 12 21 -86045
-11 21 -13 22 -68225
-7 -24 -7 -4 -81805
-9 5 -7 4 -87693
-12 -9 -17 -23 -86359
-21 13 -17 13 -84471
-19 1 -22 -7 -87783
-13 13 -15 21 -73367
-15 -11 -17 -7 -86245
0 -20 -2 -16 -74079
20 3 16 4 -85963
24 8 6 9 -86511
-23 11 -19 2 -87885
-13 17 -9 14 -89593
-22 -19 2 -21 -91587
23 -21 -16 -24 -76039
-8 9 -5 10 -78367
-1 -19 7 -23 -76909
4 9 1 11 -82039
9 -9 7 -3 -87107
5 -24 0 -24 -56337
7 -6 7 0 -81909
-23 5 -24 1 -59717
24 20 24 9 -53925
-9 0 -9 -2 -83181
-16 -23 -15 -20 -29253
16 11 22 8 -78487
-16 -5 -19 0 -91491
0 13 -6 14 -85683
7 11 5 6 -84277
-19 9 -14 12 -81671
-8 -16 -11 -14 -76981
8 0 5 -2 -92925
-1 -4 0 -7 -72793
8 14 8 8 -77499
-22 17 -10 21 -91677
10 -21 5 -14 -82027
-5 9 -7 12 -88007
-4 21 -24 18 -96163
11 -5 9 -5 -78545
3 -5 -1 -2 -85281
15 21 17 16 -68991
3 19 19 18 -89483
-8 -9 -7 -3 -94227
-1 -12 -4 -24 -76915
-9 9 -12 13 -82759
4 -6 8 -6 -83685
12 8 15 8 -76231
21 -13 15 -18 -81473
5 12 4 15 -70931
9 -14 17 -20 -85459
5 -7 4 -4 -81327
18 -2 17 -5 -77757
21 -3 22 0 -62207
1 8 3 7 -82711
3 -18 1 -22 -59525
2 14 7 24 -86207
15 -16 23 -8 -84449
15 24 24 24 -44397
14 24 8 22 -53297
8 -8 8 24 -88641
-5 12 -6 22 -77241
-13 15 -3 22 -88029
5 -3 4 -4 -78821
-11 11 -9 6 -87119
23 -10 18 -9 -48397
-15 18 -8 19 -93123
-2 16 -11 23 -74139
-8 -3 -6 -9 -86987
13 16 14 6 -77175
7 -3 7 -11 -84041
18 -10 15 -18 -92421
0 8 3 11 -81153
-3 0 0 2 -82643
3 -10 7 -9 -78391
-23 1 -23 15 -69403
8 19 2 17 -79651
-24 -3 -16 -7 -94163
3 -20 -10 -24 -84627
10 5 9 6 -73397
-24 -22 6 -21 -80083
17 14 18 14 -65907
23 20 12 18 -80391
4 15 -2 14 -90253
-5 16 0 20 -82691
-8 -13 -1 -11 -88377
-3 -16 -5 -20 -70725
-8 -12 -1 -15 -86521
-18 0 -16 24 -81599
10 -7 9 -9 -72707
9 -6 11 -8 -85069
3 -1 2 -1 -84407
-19 -2 -13 0 -85853
9 0 12 -5 -82715
0 -8 2 -11 -77181
-6 -10 -5 -7 -90971
-4 -7 -11 -8 -85185
-19 14 -21 15 -69361
-12 3 -13 0 -88123
0 3 -4 2 -83021
-23 -12 -19 15 -84855
-16 4 -19 2 -90277
-14 1 -12 -3 -90315
23 3 22 -7 -74585
-9 -2 -12 -3 -81665
-16 -15 -16 -5 -92423
18 -8 19 -13 -60881
-21 -9 -23 8 -86525
-10 -7 -10 -10 -79035
1 16 11 14 -86913
19 -4 18 -8 -85831
5 17 5 20 -74863
20 1 22 -7 -73319
13 -7 22 -11 -81467
1 0 4 -1 -86039
18 3 19 8 -75063
-9 23 -14 24 -62197
-21 -22 -17 -19 -30903
6 -19 8 -19 -66525
