23 -8 23 7 -83585
2 -15 3 -19 -83363
0 14 3 16 -76467
22 -2 19 5 -83031
-10 -9 -12 -12 -83297
1 -14 -3 -14 -83341
7 -8 9 -13 -88275
-22 -3 -19 -16 -86969
-12 -16 -11 -18 -65037
6 -12 8 -10 -82569
-13 6 -16 12 -82299
6 3 6 5 -85309
-1 8 -4 9 -78829
24 24 1 14 -82095
-21 -15 -2 9 -98743
17 -5 16 -10 -75943
-10 15 -6 14 -80635
22 -19 12 -13 -85869
5 1 4 19 -97137
-24 -16 -24 -12 -40367
-10 -16 -12 -19 -81501
24 -4 15 2 -85777
-24 6 -22 0 -67247
19 -8 24 -6 -53179
-1 -3 -4 -3 -80563
15 -20 8 -22 -69785
-20 12 -18 9 -74247
-20 -24 -20 15 -78889
13 -1 16 -5 -82395
-18 -9 -15 -4 -89081
1 -12 2 -12 -74307
-18 1 -21 3 -84067
-19 4 -22 1 -74313
24 4 -23 -5 -82639
6 22 5 20 -57503
24 13 14 8 -83117
15 -14 16 -10 -71659
-21 -4 -20 -4 -71907
2 4 1 5 -84675
13 11 17 7 -85531
-6 7 -6 5 -72681
4 4 3 5 -81613
-18 -13 -16 -10 -81987
12 -15 9 -20 -74765
-18 -4 -14 -6 -82723
-16 -16 -17 -17 -63919
-17 -9 -16 -18 -80745
19 3 17 5 -75877
17 0 14 0 -73391
-1 -8 -2 -8 -80981
-21 -9 -15 -16 -90185
12 -20 -3 -24 -84481
16 15 24 15 -73751
-5 -10 -6 -13 -81693
11 8 9 11 -84891
-14 14 -15 7 -74825
22 -21 23 -4 -72323
-5 -16 -10 -23 -78605
-4 -8 -2 -8 -80239
10 6 8 3 -81121
20 15 22 6 -71007
4 15 1 10 -77825
-14 6 -14 0 -83137
-19 -17 -15 -22 -55487
21 -13 24 -1 -80415
-23 -4 -20 -11 -69987
-6 -12 -3 -21 -88471
0 22 -6 20 -70917
22 11 18 15 -78679
-4 9 -2 13 -79605
-20 -22 -19 -6 -80087
11 -13 7 -4 -101419
-18 -21 -24 17 -86455
13 0 8 2 -77859
-17 18 -19 14 -65677
-7 -23 23 -24 -71317
-7 24 -13 13 -76299
-10 8 -10 12 -74577
-20 -24 13 -9 -83131
8 -11 6 -10 -86001
-8 -15 -7 -11 -82013
-2 -2 -23 -24 -72779
-9 8 -24 23 -84817
-10 -8 -11 -13 -87653
-4 -16 -12 -15 -74453
10 17 10 22 -64205
19 17 15 24 -68233
-8 -17 -8 13 -94395
4 -2 6 -1 -82671
-9 4 -8 1 -83139
2 -1 3 -3 -73289
0 23 -1 17 -74113
-1 2 0 5 -79617
8 1 8 -1 -76777
8 9 9 8 -84061
10 7 11 10 -71815
13 18 14 20 -70581
13 -5 11 -8 -75709
7 21 0 24 -80337
1 -24 20 -20 -83573
19 -5 19 -8 -66123
-17 5 -14 0 -87809
1 -11 0 -11 -75603
14 15 12 14 -80661
19 4 19 0 -73953
-10 -12 -12 -18 -84355
5 0 24 -22 -84505
0 16 1 23 -81225
14 12 10 11 -84673
-2 19 0 16 -77575
-9 -7 -11 -6 -80187
6 -4 2 -10 -89091
23 -3 20 -12 -78653
-23 12 -19 8 -70001
13 -8 8 -14 -84573
-22 0 -18 9 -82201
-22 22 -17 10 -70213
-23 10 22 21 -81695
-23 4 -20 17 -66103
-20 -11 -20 -13 -64961
-16 -16 24 -17 -85617
-11 1 -11 0 -74713
14 -8 15 -22 -80115
15 16 18 22 -76187
-5 3 -5 1 -83989
1 18 -1 13 -72123
-24 2 -21 -7 -82877
5 4 8 4 -78471
14 -14 8 -23 -80465
0 24 0 22 -28411
-8 6 -10 7 -85763
15 21 15 19 -60439
17 24 15 22 -38759
12 15 17 20 -84009
-15 -12 -21 -10 -86767
7 -14 9 -18 -81257
-20 -4 -21 4 -84675
11 24 18 16 -84303
-5 -17 -1 -17 -78583
14 -10 13 -8 -77261
0 -19 0 -22 -60387
22 -9 23 21 -77937
13 -1 10 -4 -80295
13 -16 5 -18 -87311
14 -8 21 -5 -86451
16 5 9 5 -80403
6 3 6 2 -80323
5 23 -2 23 -67225
17 3 16 0 -74207
6 20 0 23 -82403
-23 -10 -23 3 -79285
13 -7 17 -7 -78423
2 -17 2 -20 -79235
-9 -5 -10 -2 -78367
0 -9 -2 -7 -81231
-8 -17 -5 -13 -77673
10 -23 18 -24 -51549
2 24 2 17 -71397
-1 4 2 6 -74995
-10 11 -8 17 -80185
0 -3 -2 -5 -84287
8 -8 9 -9 -88243
11 0 12 1 -77407
-14 7 -24 8 -82755
7 9 3 8 -78295
-8 0 -11 0 -75643
1 -13 2 -7 -73211
-23 -9 -16 -12 -78671
-22 -20 -10 -22 -62767
-12 -16 -14 -17 -83919
14 4 14 5 -72471
-12 -23 -7 -16 -82699
20 -18 24 0 -82889
0 -20 3 -23 -58565
-10 -13 -10 -20 -77621
19 11 22 13 -66647
0 18 -9 20 -83969
13 1 13 -1 -74639
13 -13 19 -17 -82985
-15 -19 -12 -19 -69363
6 -13 4 -15 -73467
1 -23 -7 -15 -95537
-22 20 -1 22 -83827
-21 0 -24 -12 -69609
24 -8 24 -16 -46325
-13 2 -16 4 -77205
19 -11 23 -21 -54949
-12 -6 -8 -3 -78495
21 8 21 12 -57263
-11 -19 -13 -19 -73447
-2 16 22 16 -91163
-7 -20 -13 -24 -59009
4 9 10 9 -79627
20 -22 21 -11 -65407
16 -3 15 0 -79487
-7 1 -7 0 -80883
-3 18 -7 14 -79697
-7 5 -8 7 -81511
-2 14 -6 19 -84611
-20 -7 -18 -2 -85311
-19 -11 -17 -4 -87593
-15 -20 -18 -14 -66491
-11 6 -8 6 -80789
5 20 6 17 -70851
13 -24 -8 -15 -88119
3 -19 1 -19 -68989
-10 0 -15 1 -75315
-14 -14 -20 -15 -79889
-3 -23 1 -18 -77401
-4 -13 -4 -11 -75981
-1 0 -2 -1 -80211
-9 8 -8 22 -85885
11 12 -24 5 -86425
-21 -1 24 -16 -86009
5 4 6 1 -83431
-14 -8 -16 -11 -85173
-3 -4 -5 -6 -86877
6 -4 6 0 -77789
-17 -2 -17 0 -71161
14 -8 15 -1 -81013
-17 -8 -15 -14 -88337
-24 -17 -15 -7 -85615
22 10 20 -24 -78269
-20 -5 -21 -2 -77623
8 0 10 -4 -82555
8 -11 5 -13 -84485
-21 -8 -24 -17 -59645
-10 17 -16 22 -74281
-18 -6 -11 -7 -87345
-9 -10 -7 -14 -81893
-10 -15 -14 -15 -83503
21 -7 24 -2 -64683
2 12 2 7 -73211
-3 3 -3 0 -85629
4 -19 3 -21 -70707
5 -10 6 -15 -77507
18 5 18 3 -68593
-12 -16 -15 -13 -71213
18 -13 24 -16 -48827
-23 18 -15 18 -77607
-13 0 -12 8 -86435
24 4 20 4 -41029
-9 17 -4 23 -68161
-11 12 -12 11 -72193
-1 18 16 14 -97943
-2 7 0 7 -72401
3 14 5 16 -73853
-20 2 -23 5 -71547
-12 -17 -13 11 -93293
17 -3 13 -4 -81367
3 0 2 -22 -90349
14 12 12 9 -76997
19 16 20 9 -75099
-4 16 -2 16 -77481
-2 23 3 17 -80731
-13 -11 -20 -14 -90289
15 23 13 24 -43443
13 0 12 4 -78391
3 -20 -3 -23 -71277
1 8 1 3 -85237
-1 -12 0 -11 -71627
-22 20 21 24 -74325
0 -3 -2 0 -77213
7 -18 3 -16 -85477
-21 15 -17 12 -80615
1 17 3 16 -73011
22 -23 3 -13 -86759
-6 -1 -6 0 -81619
-19 11 -18 22 -62899
-15 7 -16 11 -71959
-18 15 4 24 -83745
-5 -1 -2 -6 -84103
-11 -10 -5 -11 -73751
-13 -4 -14 0 -74469
-23 13 -16 18 -75619
6 1 7 0 -80671
0 -19 -5 -23 -73185
-7 -5 -6 -3 -81981
-10 14 -13 19 -77005
18 22 19 12 -78571
-22 -20 -22 -14 -35945
-12 14 -14 11 -73183
17 -12 16 -14 -71399
-11 -10 -15 -9 -78937
9 14 11 15 -73805
-24 -12 -1 -13 -80939
-11 -1 -13 -3 -79339
6 24 8 -1 -89675
14 5 18 11 -86259
15 -10 23 -11 -80179
17 -10 10 -23 -88059
18 14 10 19 -91529
-21 19 -22 0 -80191
0 -1 1 -1 -71117
-17 -3 -24 -16 -86811
-2 -3 -2 -2 -75069
0 3 -2 4 -82191
-12 -1 -11 0 -79751
-23 23 23 14 -78013
-14 17 -9 16 -85043
7 12 9 10 -80363
-7 5 -5 7 -73363
21 21 23 23 -21653
-13 10 -15 9 -65513
12 -4 13 -4 -72715
10 14 14 15 -86083
2 -11 0 -16 -74467
-24 -12 7 -23 -82239
2 1 3 4 -83307
17 -13 11 -17 -75495
11 16 11 17 -69815
17 6 17 9 -69791
-18 23 -22 13 -60703
17 8 16 5 -78367
18 -22 22 -12 -71353
11 3 12 6 -80517
-9 -6 -10 -5 -82015
-23 22 -13 19 -69579
14 -15 9 -14 -82469
-8 11 -4 12 -85171
23 -18 18 -23 -43493
14 11 16 17 -76169
5 6 4 9 -81927
7 -4 9 -4 -77945
6 -15 2 -22 -84065
6 -13 7 -14 -82263
-5 -11 -6 -8 -77363
-4 13 -4 7 -79861
15 -12 11 -7 -85883
16 9 13 10 -83089
-16 23 0 21 -81983
0 -19 -4 -16 -90783
-20 8 -19 5 -69921
0 -24 -10 -23 -67437
-9 -9 -8 -5 -77357
21 16 18 11 -75265
-20 5 -16 6 -80791
-3 15 0 10 -79899
-2 11 -2 6 -78021
3 -23 7 -24 -60629
14 -6 13 -10 -78177
-4 -3 -6 -1 -76545
24 -19 2 -21 -83165
-15 -19 0 -21 -81495
-17 -7 -23 -7 -74897
15 -3 21 -1 -79003
-22 22 -16 23 -55127
-12 2 -10 5 -77963
24 1 19 22 -76599
11 2 10 7 -84371
15 24 3 18 -81959
23 21 21 14 -52849
22 23 19 7 -81617
-3 -2 -3 0 -78793
9 3 9 -1 -83637
-3 -10 -2 -16 -79603
20 5 23 9 -54185
-13 -2 -13 -8 -77779
-2 11 -1 10 -74757
-5 21 13 22 -86977
-1 17 -16 -1 -105483
1 24 -4 23 -53725
-15 5 -17 3 -77953
23 1 17 2 -70199
-22 4 -23 2 -61573
-4 17 -10 13 -90277
14 -19 11 -15 -75467
22 8 22 -6 -85631
-22 0 -17 -2 -89169
0 -4 2 -2 -79639
10 -24 7 3 -88951
-17 6 -15 4 -76587
-5 -4 -7 -4 -75593
4 -12 1 -10 -78269
4 24 9 23 -56251
-24 24 17 4 -83231
20 -14 15 -15 -77531
14 -24 17 5 -87749
8 4 8 10 -83679
24 24 12 21 -65977
-15 -22 -10 -17 -76269
10 13 9 17 -76251
17 11 16 21 -84577
9 20 23 19 -85297
-7 4 -8 3 -72851
-6 15 -5 10 -75017
10 -19 10 -9 -79715
11 -23 13 -24 -41451
-14 18 -5 19 -89175
12 -20 4 -20 -85065
-23 21 -12 21 -75143
8 17 7 13 -71557
-18 -1 -22 -3 -79475
5 16 12 21 -84345
-11 21 -13 22 -64485
-7 -24 -7 -4 -83837
-9 5 -7 4 -84449
3 10 0 10 -78369
-21 13 -17 13 -78675
-19 1 -22 -7 -85379
-13 13 -15 21 -68547
-15 -11 -17 -7 -85669
-6 -15 -2 -19 -85831
20 3 16 4 -76825
-3 -17 -2 -15 -74525
-23 11 -19 2 -85945
-13 17 -9 14 -84293
13 -15 17 -20 -72569
23 -21 -16 -24 -76979
-8 9 -5 10 -80383
-1 -19 7 -23 -82337
4 9 1 11 -84037
18 10 -9 23 -92653
5 -24 0 -24 -60943
7 -6 7 0 -81951
-23 5 -24 1 -60867
24 20 24 9 -55085
-9 0 -9 -2 -78805
-16 -23 -15 -20 -26447
16 11 22 8 -86069
-16 -5 -19 0 -86855
0 13 -6 14 -85003
7 14 5 16 -77379
-19 9 -14 12 -74465
-8 -16 -11 -14 -73419
8 0 5 -2 -85079
-1 -4 0 -7 -70819
8 14 8 8 -71983
-22 17 -10 21 -79525
10 -21 5 -16 -90081
5 -4 7 -5 -86033
0 -20 -2 -16 -84807
11 -5 9 -5 -74641
18 0 23 -10 -81569
15 21 17 16 -78959
-9 -23 2 -24 -72201
-11 10 -8 9 -82261
-1 -12 -4 -24 -87925
-9 9 -12 13 -84973
-2 -11 -5 -9 -85029
12 8 15 8 -81327
21 -13 15 -18 -83505
5 12 4 15 -74869
-15 0 -18 -5 -86359
5 -7 4 -4 -81639
18 -2 17 -5 -74369
21 -3 22 0 -65179
1 8 3 7 -82307
3 -18 1 -22 -77733
1 -1 0 4 -84653
15 -16 23 -8 -85915
15 24 24 24 -45639
14 24 8 22 -50819
11 17 10 18 -73141
-5 12 -6 22 -73309
-16 23 10 17 -85639
5 -3 4 -4 -77855
-11 11 -9 6 -82407
23 -10 18 -9 -60173
-15 18 -8 19 -84625
-2 16 -11 23 -78369
-8 -3 -6 -9 -80687
13 16 14 6 -80193
7 -3 7 -11 -84143
18 2 20 -2 -84271
0 8 3 11 -77061
-3 0 0 2 -79241
3 -10 7 -9 -81495
-23 1 -23 15 -69743
8 19 2 17 -82143
-24 -3 -16 -7 -86511
0 20 8 23 -79905
10 5 9 6 -78139
-24 -22 6 -21 -69351
17 14 18 14 -72235
23 20 12 18 -81143
-10 9 -11 16 -81607
-5 16 0 20 -79903
3 -13 4 -17 -78721
-3 -16 -5 -20 -81067
-14 20 -11 24 -38535
-18 0 -16 24 -79233
10 -7 9 -9 -73573
9 -6 11 -8 -85643
3 -1 2 -1 -71845
-19 -2 -13 0 -83109
-22 -2 -24 1 -58329
0 -8 2 -11 -75909
-6 -10 -5 -7 -76647
-3 1 -6 7 -95077
-19 14 -21 15 -67405
-12 -24 -13 -10 -75633
23 -16 14 -21 -70815
-4 -10 9 2 -104577
-16 4 -19 2 -83205
-14 -13 -12 -9 -88687
23 3 22 -7 -80441
21 13 18 14 -80155
11 -22 8 -16 -68761
18 -8 19 -13 -58009
-21 -9 -23 8 -89913
-10 -7 -10 -10 -76783
18 12 22 11 -81701
-15 -4 -14 -10 -84497
5 17 5 20 -70991
20 1 22 -7 -80597
13 -7 22 -11 -88347
13 -15 9 -14 -82157
18 3 19 8 -73221
-9 23 -14 24 -60947
-21 -22 -17 -19 -30893
6 -19 8 -19 -76695
