23 -8 23 7 -73158
2 -15 3 -19 -65886
0 14 3 16 -75504
-17 16 -24 16 -61612
-10 -9 -12 -12 -72136
1 -14 -3 -14 -76322
-5 -9 16 -5 -97032
23 0 21 -3 -70834
-12 -16 -11 -18 -68548
6 -12 8 -10 -75748
-3 20 -5 23 -67150
-24 -14 -18 -12 -57662
-1 8 -4 9 -77142
24 24 1 14 -86622
-24 -4 21 -24 -77420
17 -5 16 -10 -75430
-10 15 -6 14 -73470
6 -5 4 -8 -75782
-21 2 -21 0 -57612
-24 -16 -24 -12 -46798
-10 -16 -12 -19 -75852
-7 -5 -7 -2 -72926
-24 6 -22 0 -62106
19 -8 24 -6 -64284
24 -3 21 -3 -52378
15 -20 8 -22 -71700
-20 12 -18 9 -68542
-20 -24 -20 15 -70602
-6 16 -13 24 -89796
-10 -21 -16 -21 -79512
11 13 9 14 -73016
-18 1 -21 3 -73582
-19 4 -22 1 -70600
-9 2 -10 5 -70872
6 22 5 20 -58132
14 -3 21 -6 -80124
15 -14 16 -10 -71086
-21 -4 -20 -4 -69162
2 4 1 5 -69312
-12 13 -10 12 -77212
-6 7 -6 5 -67724
11 -13 14 -11 -76564
-18 -13 -16 -10 -73428
12 -15 9 -20 -79134
-13 6 -11 7 -79756
-16 -16 -17 -17 -69614
-6 -18 -4 -17 -72982
19 3 17 5 -74830
17 0 14 0 -82060
-1 -8 -2 -8 -73610
13 9 16 5 -78030
-24 8 -24 3 -65706
16 15 24 15 -79040
-5 -10 -6 -13 -76494
20 15 23 9 -60522
11 0 13 -2 -81550
22 -21 23 -4 -70240
-16 9 -16 7 -69138
-4 -8 -2 -8 -73100
-9 11 -9 23 -81350
-11 -22 14 -19 -84368
-24 -6 -22 -12 -63088
-14 6 -14 0 -63576
-19 -17 -15 -22 -61522
24 7 24 11 -44928
-23 -4 -20 -11 -81418
1 -17 3 -16 -75754
-4 -12 -6 -19 -81550
11 11 13 5 -78016
-4 9 -2 13 -79362
-13 -16 -11 -14 -77768
10 -13 12 -6 -80190
-23 -21 -23 -4 -76534
-16 -6 -15 -6 -69486
-17 18 -19 14 -71618
-7 -23 23 -24 -71404
20 6 23 0 -69688
-10 8 -10 12 -66904
7 19 7 21 -65998
12 -11 11 -10 -65542
-7 -16 -9 -19 -74622
-2 -2 -23 -24 -72864
17 8 24 5 -75876
-18 23 -8 24 -65312
24 10 14 10 -82232
10 17 10 22 -68726
19 17 15 24 -69188
-13 21 -19 13 -79312
4 -2 6 -1 -74168
17 13 14 18 -79256
2 -1 3 -3 -75778
0 23 -1 17 -64204
-1 2 0 5 -67288
8 1 8 -1 -74844
-4 5 -2 9 -76010
10 7 11 10 -69774
13 18 14 20 -66524
13 -5 11 -8 -74862
7 21 0 24 -74744
22 -24 -16 -21 -79528
19 -5 19 -8 -67954
24 -3 21 0 -55468
1 -11 0 -11 -66980
14 15 12 14 -69588
19 4 19 0 -70708
10 -15 15 -15 -76590
-2 14 24 19 -90048
-22 -13 -20 -10 -66552
14 12 10 11 -80906
-2 19 0 16 -74648
-9 -7 -11 -6 -75238
0 3 2 3 -76774
21 15 23 17 -61008
5 -7 -17 2 -100146
-5 -16 -11 -15 -76858
-4 -8 -4 -9 -66076
-13 10 -11 10 -79248
6 8 5 -24 -80510
-23 4 -20 17 -72354
-20 -11 -20 -13 -60832
-22 13 -22 10 -48552
-11 1 -11 0 -65594
14 -8 15 -22 -82204
15 16 18 22 -76566
-5 3 -5 1 -66412
1 18 -1 13 -81094
-24 2 -21 -7 -76534
-5 16 -6 12 -77368
14 -14 8 -23 -84766
0 24 0 22 -33086
7 24 16 19 -72626
15 21 15 19 -62676
17 24 15 22 -39706
-21 23 -19 3 -75652
20 -12 15 -13 -76284
7 -14 9 -18 -72676
-16 -23 -21 -21 -55952
-8 -24 -22 -21 -81600
-5 -17 -1 -17 -76312
14 -10 13 -8 -66912
0 -19 0 -22 -54226
22 -9 23 21 -73948
-12 -14 -12 -13 -71258
24 14 21 14 -51444
22 -8 23 -5 -63866
1 10 4 8 -75434
6 3 6 2 -68734
5 23 -2 23 -64410
17 9 16 17 -66668
6 20 0 23 -77140
-23 -10 -23 3 -77252
13 -7 17 -7 -76738
0 21 -9 24 -83536
14 -1 9 2 -85398
0 -9 -2 -7 -75890
-5 -7 -8 -7 -78780
10 -23 18 -24 -52920
2 24 2 17 -66526
-1 4 2 6 -76724
-10 11 -8 17 -76392
0 -3 1 -5 -72470
8 -8 9 -9 -72032
11 0 12 1 -81296
-11 24 -5 20 -76044
7 9 3 8 -73820
-8 0 -11 0 -74428
1 -13 2 -7 -70146
-23 -9 -16 -12 -78344
-22 13 -20 9 -63524
-4 -8 -6 -9 -79372
14 4 14 5 -69138
24 13 22 12 -52000
-2 -1 -7 0 -71210
0 -20 3 -23 -55316
-10 -13 -10 -20 -79974
19 11 22 13 -73250
-24 3 -23 8 -68828
13 1 13 -1 -74112
10 -5 9 -2 -69940
-15 -19 -12 -19 -77528
6 -13 4 -15 -80782
2 11 3 15 -76916
5 -13 3 -14 -76714
-21 0 -24 -12 -79650
24 -8 24 -16 -50340
-13 2 -16 4 -71356
19 -11 23 -21 -57962
22 -22 24 -24 -4102
21 8 21 12 -60054
-11 -19 -13 -19 -77454
-6 16 -4 16 -72414
-7 -20 -13 -24 -58090
11 9 10 9 -69166
20 -22 21 -11 -70354
-5 -18 -6 -23 -61920
-7 1 -7 0 -72102
-3 18 -7 14 -80454
-7 5 -8 7 -73670
20 -6 21 -9 -60942
-20 -7 -18 -2 -74978
-23 -11 -24 0 -77462
-15 -20 -18 -14 -69084
-11 6 -8 6 -81394
5 20 6 17 -79056
-23 22 -17 23 -57620
3 -19 1 -19 -71372
-10 -1 -18 1 -79414
-15 -14 -20 -15 -76476
-3 -23 1 -18 -78892
-4 -13 -4 -11 -70886
-1 0 -2 -1 -68226
-15 -16 -20 -11 -74084
11 -24 4 -14 -79944
-20 0 24 1 -81420
8 12 9 14 -70332
-14 -8 -16 -11 -74770
-24 -13 -19 -3 -78106
6 -4 6 0 -72888
-17 -2 -17 0 -65664
14 -8 15 -1 -72778
-12 15 -15 18 -73506
-17 -19 -15 -18 -73120
22 10 20 -24 -73090
-20 -5 -21 -2 -75730
-19 -2 -19 -3 -67832
8 -11 5 -13 -78934
-21 -8 -24 -17 -68846
-3 12 -3 11 -74966
-6 -7 -8 -9 -83684
-9 -10 -7 -14 -75942
-10 -15 -14 -15 -80472
21 -7 24 -2 -70452
2 12 2 7 -72196
-21 -23 -5 -20 -86884
4 -19 3 -21 -68210
5 -10 6 -15 -65676
18 5 18 3 -71916
-12 -16 -15 -13 -73948
18 -13 24 -16 -46732
-13 -7 12 -5 -97728
-6 -22 -7 -18 -71990
24 4 20 4 -53564
-9 17 -4 23 -68398
-11 12 -12 11 -74840
24 -4 17 -4 -73592
-2 7 0 7 -78072
3 14 5 16 -73858
-20 2 -23 5 -65112
-22 19 2 23 -74006
17 -3 13 -4 -81276
18 17 16 22 -74184
14 12 12 9 -72328
10 18 17 17 -75536
-4 16 -2 16 -71888
5 14 8 14 -69522
8 3 10 3 -70736
15 23 13 24 -45726
13 0 12 4 -79306
3 -20 -3 -23 -77062
19 24 18 13 -77082
-1 -12 0 -11 -71324
-22 20 21 24 -69288
15 -10 18 -6 -80266
18 10 16 7 -73788
9 -5 7 5 -90184
1 17 3 16 -75488
-5 -10 -6 -6 -69800
-6 -1 -6 0 -76146
-19 11 -18 22 -71758
-15 7 -16 11 -70950
-9 -5 -12 -1 -82128
17 -18 14 -24 -38710
-11 -10 -5 -11 -81254
-13 -4 -14 0 -75690
-23 13 -16 18 -74862
-4 5 0 5 -81852
0 -19 -5 -23 -75444
-7 -5 -6 -3 -76484
-14 -4 -18 -6 -71744
18 22 19 12 -78368
-22 -20 -22 -14 -42606
-12 14 -14 11 -72648
17 -12 16 -14 -71332
-11 -10 -15 -9 -72624
9 14 11 15 -72052
22 -11 18 -17 -71980
-11 -1 -13 -3 -72584
-24 -17 -22 -16 -27342
-8 22 2 24 -79138
15 -10 23 -11 -74436
-24 -20 -21 0 -82114
-16 -8 -15 -11 -70196
20 -19 11 -18 -68066
-16 -23 -23 -12 -66434
9 -4 10 0 -75558
-2 -3 -2 -2 -67828
0 3 -2 4 -75848
-12 -1 -11 0 -73666
-23 23 23 14 -73906
-14 17 -9 16 -84092
7 12 9 10 -69932
-7 5 -5 7 -72086
21 21 23 23 -25380
-13 10 -15 9 -69646
12 -4 13 -4 -75958
-8 -18 1 -24 -78474
2 -11 0 -16 -75422
-24 -12 7 -23 -78638
2 1 3 4 -72054
17 -13 11 -17 -77056
11 16 11 17 -65100
17 6 17 9 -71620
-18 23 -22 13 -68036
17 8 16 5 -82434
18 -22 22 -12 -74358
0 14 -3 17 -78516
-9 -6 -10 -5 -74472
-23 22 -13 19 -63662
14 17 15 14 -73506
5 5 6 3 -69198
23 -18 18 -23 -43228
18 -24 15 -3 -80308
5 6 4 9 -74852
7 -4 9 -4 -74850
24 20 1 23 -84080
6 -13 7 -14 -65348
-11 -11 -6 -8 -82020
-20 6 -20 10 -80624
13 -23 5 -22 -68126
16 9 13 10 -71498
-16 23 0 21 -86816
0 -19 -4 -16 -74314
-20 8 -19 5 -76200
0 -24 -10 -23 -69060
-9 -9 -8 -5 -74686
21 16 18 11 -75494
-20 5 -16 6 -64400
-22 10 -20 10 -52526
-2 11 -2 6 -72088
3 -23 7 -24 -63654
16 4 18 6 -76294
-4 -3 -6 -1 -74222
24 -19 2 -21 -72624
23 -5 20 -11 -67854
-17 -7 -23 -7 -77224
5 11 0 8 -82638
-22 22 -16 23 -62564
-12 2 -10 5 -74380
24 1 19 22 -74040
11 2 10 7 -77050
15 24 3 18 -81944
23 21 21 14 -62258
-12 -19 -24 -24 -60484
-3 -2 -3 0 -72486
2 -21 6 -23 -67300
-3 -10 -2 -16 -73110
20 5 23 9 -58854
-13 -2 -13 -8 -77518
-2 11 -1 10 -72584
-19 6 -23 5 -59774
-18 -9 -19 -4 -76816
1 24 -4 23 -67282
-15 5 -17 3 -62154
23 1 17 2 -75066
-22 4 -23 2 -63850
5 -22 8 -21 -71268
14 -19 11 -15 -79332
22 8 22 16 -66368
-22 0 -17 -2 -79484
0 -4 2 -2 -67582
-8 -13 -5 -14 -77628
-17 6 -15 4 -65184
-12 17 -12 22 -62308
4 -12 1 -10 -70546
4 24 9 23 -57832
-24 24 17 4 -77516
20 -14 15 -15 -72598
-21 -7 -18 -8 -78852
15 -15 13 -13 -70868
24 24 12 21 -66990
-15 -22 -10 -17 -75978
10 -11 12 -21 -83446
-6 23 16 23 -75298
-1 0 1 -1 -77614
-7 4 -8 3 -72496
-6 15 -5 10 -78576
-8 18 -13 15 -77612
11 -23 13 -24 -46142
-22 20 -20 13 -49270
15 5 12 3 -74884
-23 21 -12 21 -68982
8 17 7 13 -74522
-18 -1 -22 -3 -73502
16 1 14 1 -78996
-11 21 -13 22 -73584
-15 -10 -17 -10 -75154
-9 5 -7 4 -76470
3 10 0 10 -75420
-21 13 -17 13 -68428
6 14 0 15 -83960
-13 13 -15 21 -74318
-13 0 -15 -7 -78588
4 13 4 12 -68376
8 21 11 24 -49476
-3 -17 -2 -15 -68618
-20 7 -20 9 -77504
-13 -11 -13 -15 -73560
13 -15 17 -20 -71370
23 -21 -16 -24 -78110
-8 9 -5 10 -68536
-7 24 0 17 -87474
-6 -24 -8 -15 -79160
-5 20 -8 20 -70702
5 -24 0 -24 -65324
17 2 16 0 -72458
-23 5 -24 1 -64034
24 20 24 9 -56810
-9 0 -9 -2 -75282
-16 -23 -15 -20 -33594
6 -24 8 -13 -77900
10 4 9 -1 -85348
-1 -24 6 -21 -76242
7 14 5 16 -77456
-19 9 -14 12 -69342
-4 23 -1 23 -73972
8 0 5 -2 -78884
-1 -4 0 -7 -70782
8 14 8 8 -70246
4 -22 10 -18 -80630
-4 3 -6 1 -70284
5 -4 7 -7 -77644
7 -21 11 -16 -81864
11 -5 9 -5 -76522
-10 24 -9 2 -84072
-1 0 0 0 -75582
-9 -23 2 -24 -73208
-11 10 -8 9 -79044
-11 21 -10 24 -40482
-9 22 -12 24 -66306
-11 22 -13 18 -67262
1 -10 3 -4 -73798
1 18 1 14 -74614
8 17 4 19 -80572
16 0 18 -1 -75632
24 17 -17 12 -81372
18 -2 17 -5 -69030
21 -3 22 0 -73406
5 10 5 7 -71574
3 -18 1 -22 -73720
1 -1 0 4 -69442
-6 -21 -5 -12 -82524
15 24 24 24 -49212
14 24 8 22 -59980
11 17 10 18 -72440
-5 12 -6 22 -79156
7 6 7 8 -69432
5 -3 4 -4 -71416
-11 11 -9 6 -74958
23 -10 18 -9 -62048
23 -15 23 -12 -50212
22 22 6 24 -79872
0 -1 24 -24 -71744
-10 16 -13 18 -83160
7 -3 7 -11 -75568
18 2 20 -2 -74380
2 1 3 -2 -73346
-3 13 -2 11 -75702
3 -10 7 -9 -76794
-23 1 -23 15 -75812
11 2 10 1 -81634
-6 -22 -8 -19 -69122
0 20 8 23 -73350
10 5 9 6 -74864
-24 -22 6 -21 -75842
17 14 18 14 -67698
23 20 12 18 -80864
-10 9 -11 16 -75042
-5 16 0 20 -79786
3 -13 4 -17 -68300
15 -6 -11 -4 -99464
-14 20 -11 24 -56944
-18 0 -16 24 -83944
10 -7 9 -9 -72540
9 -6 11 -8 -75528
3 -1 2 -1 -68742
-22 -21 -4 -23 -87580
-22 -2 -24 1 -52200
0 -8 2 -11 -71524
-12 3 -10 2 -78768
6 3 9 4 -75314
-19 14 -21 15 -61686
-12 -24 -13 -10 -77348
23 -16 14 -21 -63580
10 12 11 17 -73496
-6 -22 -10 -21 -61258
-14 -13 -12 -9 -78086
23 3 22 -7 -77364
21 13 18 14 -69708
11 -22 8 -16 -69878
18 -8 19 -13 -60528
16 9 20 8 -74390
-10 -7 -10 -10 -66506
0 7 24 12 -84624
-15 -4 -14 -10 -77824
5 17 5 20 -75204
20 1 22 -7 -74876
-19 -12 -21 -8 -73864
13 -15 9 -14 -73664
18 3 19 8 -79232
-9 23 -14 24 -70952
-21 -22 -17 -19 -49124
6 -19 8 -19 -71458
