23 -8 23 7 -71154
2 -15 3 -19 -76540
0 14 3 16 -72062
-17 16 -24 16 -65056
-10 -9 -12 -12 -59842
1 -14 -3 -14 -75828
-17 22 -12 17 -80428
23 0 21 -3 -83944
-12 -16 -11 -18 -67018
6 -12 8 -10 -80376
-3 20 -5 23 -66910
-24 -14 -18 -12 -53464
-1 8 -4 9 -79042
24 24 1 14 -76798
-24 -4 21 -24 -75470
17 -5 16 -10 -71434
-10 15 -6 14 -78618
6 -5 4 -8 -76690
-21 2 -21 0 -66700
-24 -16 -24 -12 -44646
-10 -16 -12 -19 -73640
-7 -5 -7 -2 -72594
-24 6 -22 0 -70570
19 -8 24 -6 -67588
24 -3 21 -3 -58830
15 -20 8 -22 -66546
-20 12 -18 9 -68816
-20 -24 -20 15 -75582
-20 13 -21 8 -63728
-10 -21 -16 -21 -75372
11 13 9 14 -72044
-18 1 -21 3 -80678
-19 4 -22 1 -75684
-9 2 -10 5 -71338
6 22 5 20 -59182
14 -3 -23 -24 -76596
15 -14 16 -10 -72278
-21 -4 -20 -4 -69538
2 4 1 5 -63504
-12 13 -10 12 -74430
-6 7 -6 5 -67112
14 14 14 19 -76110
-18 -13 -16 -10 -68654
12 -15 9 -20 -69430
-13 6 -11 7 -80370
-2 -3 -6 -5 -78474
-6 -18 -4 -17 -67450
19 3 17 5 -75976
21 -15 16 -8 -80144
-1 -8 -2 -8 -73348
12 -19 11 10 -83398
-24 8 -24 3 -58214
16 15 24 15 -77976
-5 -10 -6 -13 -68518
20 15 23 9 -63854
-10 17 -6 17 -77644
22 -21 23 -4 -72208
-16 9 -16 7 -59508
-4 -8 -2 -8 -74772
23 2 21 5 -73800
-12 0 -12 1 -70730
-24 -6 -22 -12 -62564
-14 6 -14 0 -70722
-19 -17 -15 -22 -64890
24 7 24 11 -45394
-23 -4 -20 -11 -79658
1 -17 3 -16 -81046
9 0 11 0 -76708
-17 -4 -21 -12 -85602
-4 9 -2 13 -81124
-13 -16 -11 -14 -73716
2 19 -3 22 -75172
-23 -21 -23 -4 -70928
-16 -6 -15 -6 -68752
-17 18 -19 14 -72626
-7 -23 23 -24 -65636
20 6 23 0 -81116
-10 8 -10 12 -66546
7 19 7 21 -66534
12 -11 11 -10 -68012
-7 -16 -9 -19 -70406
-2 -2 -23 -24 -72416
17 8 24 5 -80726
-18 23 -8 24 -70022
18 -17 15 -21 -59778
10 17 10 22 -71276
19 17 15 24 -66820
-13 21 -19 13 -79506
4 -2 6 -1 -72236
11 0 14 1 -75278
2 -1 3 -3 -75288
0 23 -1 17 -61648
-1 2 0 5 -72776
8 1 8 -1 -69804
-4 5 -2 9 -75926
10 7 11 10 -66048
13 18 14 20 -75380
6 24 -21 24 -67388
7 21 0 24 -69978
22 -24 -16 -21 -66846
19 -5 19 -8 -70374
24 -3 21 0 -55498
1 -11 0 -11 -68484
14 15 12 14 -70702
19 4 19 0 -71090
10 -15 15 -15 -70064
13 -6 12 -11 -72712
-22 -13 -20 -10 -62674
14 12 10 11 -79220
-2 19 0 16 -68730
-9 -7 -11 -6 -69958
24 -4 -24 -5 -73730
21 15 23 17 -61550
-2 1 0 3 -73504
-5 -16 -11 -15 -80390
-4 -8 -4 -9 -62896
-13 10 -11 10 -78262
-3 -14 -4 -15 -71402
-23 8 -23 14 -63178
-20 -11 -20 -13 -57488
-22 13 -22 10 -63502
-8 8 4 17 -100586
14 -8 15 -22 -74096
15 16 18 22 -82690
-5 3 -5 1 -67754
-24 21 -22 6 -67716
-24 2 -21 -7 -82260
-5 16 -6 12 -76056
14 2 15 2 -67662
0 24 0 22 -32990
7 24 16 19 -70698
15 21 15 19 -65242
17 24 15 22 -40454
-21 23 -19 3 -80290
20 -12 15 -13 -79232
7 -14 9 -18 -67240
-16 -23 -21 -21 -57168
-8 -24 -22 -21 -70880
-5 -17 -1 -17 -73466
14 -10 13 -8 -69216
0 -19 0 -22 -59774
22 -9 23 21 -82800
-12 -14 -12 -13 -63828
24 14 21 14 -50790
22 -8 23 -5 -69742
1 10 4 8 -71254
6 3 6 2 -66648
5 23 -2 23 -67660
17 9 16 17 -68024
-2 14 -1 15 -72866
-23 -10 -23 3 -80340
13 -7 17 -7 -71068
0 21 -9 24 -77848
-7 -13 -3 -18 -80370
0 -9 -2 -7 -75964
-5 -7 -8 -7 -72260
10 -23 18 -24 -52900
1 -5 2 -5 -70048
-1 4 2 6 -77708
-10 11 -8 17 -81142
0 -3 1 -5 -73590
8 -8 9 -9 -74570
21 -18 21 -14 -61328
-11 24 -5 20 -68182
7 9 3 8 -70022
-8 0 -11 0 -69850
1 -13 2 -7 -73290
-23 -9 -16 -12 -77540
-22 13 -20 9 -70512
-4 -8 -6 -9 -73786
14 4 14 5 -70732
24 13 22 12 -51990
-2 -1 -7 0 -75678
0 -20 3 -23 -56084
-10 -13 -10 -20 -73608
19 11 22 13 -70780
-24 3 -23 8 -61352
13 1 13 -1 -66520
10 -5 9 -2 -71128
-15 -19 -12 -19 -73020
-19 12 -22 -23 -78734
2 11 3 15 -75720
5 -13 3 -14 -78938
-15 -2 -16 1 -79328
24 -8 24 -16 -53054
-13 2 -16 4 -73422
19 -11 23 -21 -67012
22 -22 24 -24 -4302
21 8 21 12 -60424
-11 -19 -13 -19 -78032
-6 16 -4 16 -73340
-7 -20 -13 -24 -61432
11 9 10 9 -67964
20 -22 21 -11 -75786
-5 -18 -6 -23 -66778
-7 1 -7 0 -71100
-21 1 -1 22 -88188
-7 5 -8 7 -74118
20 -6 21 -9 -63770
-20 -7 -18 -2 -79860
-23 -11 -24 0 -74610
-15 -20 -18 -14 -71888
-11 6 -8 6 -79802
-3 8 -5 8 -74066
-23 22 -17 23 -56020
3 -19 1 -19 -70634
-9 21 -9 23 -48692
-24 2 -22 0 -65184
7 -2 14 -14 -95038
-4 -13 -4 -11 -67256
-1 18 -2 23 -64592
-15 -16 -20 -11 -72448
11 9 11 13 -70648
21 -3 24 0 -76680
8 12 9 14 -71954
-14 -8 -16 -11 -70000
-24 -13 -19 -3 -78454
6 -4 6 0 -69752
-17 -2 -17 0 -75880
14 -8 15 -1 -75494
-12 15 -15 18 -73480
4 -23 4 -18 -62272
22 10 20 -24 -73680
-20 -5 -21 -2 -76030
-19 -2 -19 -3 -71344
8 -11 5 -13 -82316
-21 -8 -24 -17 -64216
-3 12 -3 11 -76174
3 -13 2 -14 -80022
23 -20 0 -24 -72588
-10 -15 -14 -15 -80544
21 -7 24 -2 -80964
2 12 2 7 -69890
10 -12 13 -9 -73998
4 -19 3 -21 -78154
5 -10 6 -15 -69118
18 5 18 3 -73604
-12 -16 -15 -13 -72338
18 -13 24 -16 -50350
7 17 -24 16 -77922
-6 -22 -7 -18 -64826
24 4 20 4 -57986
-9 17 -4 23 -70226
-11 12 -12 11 -76352
24 -4 17 -4 -78640
-2 7 0 7 -73228
3 14 5 16 -69146
-20 2 -23 5 -80220
-20 3 -23 4 -73250
9 -20 7 -23 -56482
18 17 16 22 -71840
14 12 12 9 -76390
10 18 17 17 -76270
-4 16 -2 16 -74552
5 14 8 14 -67674
8 3 10 3 -74724
15 23 13 24 -46526
13 0 12 4 -73340
3 -20 -3 -23 -69108
19 24 18 13 -78844
-1 -12 0 -11 -70880
-22 20 21 24 -66802
-15 -15 -19 -22 -61878
18 10 16 7 -73384
18 -4 19 -6 -68372
1 17 3 16 -70720
-5 -10 -6 -6 -66870
-6 -1 -6 0 -74236
-19 11 -18 22 -76912
-15 7 -16 11 -65090
-18 15 -20 19 -71322
17 -18 14 -24 -43430
-11 -10 -5 -11 -74656
-13 -4 -14 0 -77586
-23 13 -16 18 -75100
-22 19 -24 -2 -71710
0 -19 -5 -23 -69064
-7 -5 -6 -3 -78638
-14 -4 -18 -6 -74956
18 22 19 12 -78798
-22 -20 -22 -14 -43638
-12 14 -14 11 -75684
17 -12 16 -14 -71476
-11 -10 -15 -9 -69856
9 14 11 15 -68862
22 -11 18 -17 -72400
-11 -1 -13 -3 -75904
-24 -17 -22 -16 -26006
-8 22 2 24 -77918
15 -10 23 -11 -77178
-24 -8 -21 0 -68672
-16 -8 -15 -11 -67784
20 -19 11 -18 -69704
-16 -23 -23 -12 -69556
9 -4 10 0 -75576
-2 -3 -2 -2 -67292
0 3 -2 4 -72084
-12 -1 -11 0 -77424
-23 23 23 14 -67574
16 5 13 6 -76174
7 12 9 10 -69552
-7 5 -5 7 -72800
21 21 23 23 -26318
-13 10 -15 9 -72770
12 -4 13 -4 -71244
-5 18 10 13 -93488
-6 -3 -8 0 -76740
-24 -12 7 -23 -74796
2 1 3 4 -76238
11 7 12 5 -77976
11 16 11 17 -66900
17 6 17 9 -70064
-18 23 -22 13 -69090
17 8 16 5 -81604
-14 0 -19 2 -75212
2 19 7 20 -77440
-9 -6 -10 -5 -70230
-23 22 -13 19 -72866
14 17 15 14 -69036
5 5 6 3 -65924
23 -18 18 -23 -49192
5 7 1 5 -81546
16 -1 21 0 -79264
7 -4 9 -4 -74202
24 20 1 23 -75316
6 -13 7 -14 -66340
7 -13 5 -15 -81624
-15 -20 -20 -19 -69822
13 -23 5 -22 -64474
16 9 13 10 -75904
22 0 21 -6 -79846
0 -19 -4 -16 -75092
-20 8 -19 5 -66264
0 -24 -10 -23 -62808
-9 -9 -8 -5 -69222
21 16 18 11 -76258
-20 5 -16 6 -70216
-22 10 -20 10 -58364
-2 11 -2 6 -71602
3 -23 7 -24 -61172
16 4 18 6 -78516
11 16 16 20 -81514
-11 14 -9 17 -78030
23 -5 20 -11 -71162
-17 -7 -23 -7 -78114
19 11 16 12 -81142
-22 22 -16 23 -64084
-12 2 -10 5 -77800
24 1 19 22 -78136
11 2 10 7 -78148
15 -19 18 -22 -47458
23 21 21 14 -62620
-12 -19 -24 -24 -57952
-3 -2 -3 0 -68936
2 -21 6 -23 -65324
-3 -10 -2 -16 -78920
20 5 23 9 -55670
-13 -2 -13 -8 -76356
-2 11 -1 10 -74616
-19 6 -23 5 -68766
-18 -9 -19 -4 -75644
1 24 -4 23 -68980
-15 5 -17 3 -68308
23 1 17 2 -83592
-22 4 -23 2 -67138
5 -22 8 -21 -70272
14 -19 11 -15 -67866
22 8 22 16 -68508
0 -16 -1 -12 -77740
0 -4 2 -2 -67702
-8 -13 -5 -14 -76950
-17 6 -15 4 -68606
-12 17 -12 22 -64748
4 -12 1 -10 -72162
4 24 9 23 -54100
23 7 12 10 -94170
20 -14 15 -15 -80116
-21 -7 -18 -8 -77940
15 -15 13 -13 -67054
24 24 12 21 -66896
-15 -22 -10 -17 -74280
0 -13 1 -17 -78780
-6 23 16 23 -73356
-1 0 1 -1 -73908
-7 4 -8 3 -72494
-6 15 -5 10 -76420
-8 18 -13 15 -81110
11 -23 13 -24 -44174
-22 20 -20 13 -64558
15 5 12 3 -73962
-17 -2 -15 0 -72190
8 17 7 13 -70800
-18 -1 -22 -3 -77276
-8 21 -6 16 -69072
-11 21 -13 22 -76182
-15 -10 -17 -10 -71406
-9 5 -7 4 -77562
3 10 0 10 -70420
-21 13 -17 13 -73806
3 10 1 14 -83474
-13 13 -15 21 -76506
-14 3 -13 4 -74128
4 13 4 12 -71532
8 21 11 24 -47768
-3 -17 -2 -15 -70338
23 -11 23 19 -80038
-13 -11 -13 -15 -66476
13 3 -14 0 -84984
18 0 14 -24 -79508
-8 9 -5 10 -72860
20 -14 21 -24 -49064
-11 -15 -8 -16 -73690
-5 20 -8 20 -69370
5 -24 0 -24 -61866
17 2 16 0 -71586
-23 5 -24 1 -67694
24 20 24 9 -58984
-9 0 -9 -2 -75988
-16 -23 -15 -20 -33712
6 -24 8 -13 -79486
6 17 5 24 -67226
-1 -24 6 -21 -73330
7 14 5 16 -77002
-19 9 -14 12 -75126
-4 23 -1 23 -73746
9 -3 10 -7 -72626
-1 -4 0 -7 -72504
-2 -1 -3 -1 -69884
-14 23 -20 22 -63048
-4 3 -6 1 -71466
5 -4 7 -7 -78118
7 -21 11 -16 -77000
11 -5 9 -5 -76996
11 13 11 11 -68152
-1 0 0 0 -73136
-9 -23 2 -24 -64470
-11 10 -8 9 -78682
-11 21 -10 24 -49124
-9 22 -12 24 -64862
-11 22 -13 18 -68676
1 -10 3 -4 -77146
1 18 1 14 -62600
8 17 4 19 -76976
16 0 18 -1 -68838
3 -18 4 -16 -81414
18 -2 17 -5 -69540
21 -3 22 0 -80104
5 10 5 7 -61506
3 -18 1 -22 -79964
1 -1 0 4 -70012
0 -16 0 -20 -73958
15 24 24 24 -48840
14 24 8 22 -56992
11 17 10 18 -72176
-5 12 -6 22 -73410
7 6 7 8 -62008
5 -3 4 -4 -69314
-11 11 -9 6 -74334
23 -10 18 -9 -64590
23 -15 23 -12 -54148
22 22 6 24 -76502
0 -1 24 -24 -71978
-10 16 -13 18 -72566
7 -3 9 -1 -77178
18 2 20 -2 -73446
2 1 3 -2 -70960
-3 13 -2 11 -75768
3 -10 7 -9 -77910
8 -7 6 -12 -79418
11 2 10 1 -75380
-6 -22 -8 -19 -61766
0 20 8 23 -76350
10 5 9 6 -76358
-24 -22 6 -21 -70316
17 14 18 14 -72480
23 20 12 18 -80266
-10 9 -11 16 -73426
-5 16 0 20 -77828
3 -13 4 -17 -77588
-12 -6 -11 -2 -77966
-14 20 -11 24 -59074
-5 -17 -6 -24 -67068
10 -7 9 -9 -69824
9 -6 11 -8 -79714
3 -1 2 -1 -70376
17 -18 20 -17 -67916
-22 -2 -24 1 -65972
0 -8 2 -11 -72406
-12 3 -10 2 -74450
6 3 9 4 -76806
-19 14 -21 15 -70294
-12 -24 -13 -10 -74338
23 -16 14 -21 -73732
9 4 9 -4 -82524
-6 -22 -10 -21 -59124
-6 -20 -17 -23 -79060
10 -8 18 -6 -80840
21 13 18 14 -72298
11 -22 8 -16 -61100
18 -8 19 -13 -66168
16 9 20 8 -83514
-10 -7 -10 -10 -59850
24 -9 2 -18 -83074
-15 -4 -14 -10 -75024
5 17 5 20 -67506
-17 22 -14 20 -64606
-19 -12 -21 -8 -73262
13 -15 9 -14 -70660
18 3 19 8 -79900
-9 23 -14 24 -70766
-21 -22 -17 -19 -49670
6 -19 8 -19 -70030
