23 -8 23 7 -70030
2 -15 3 -19 -72776
0 14 3 16 -63782
-17 16 -24 16 -68196
10 -20 13 -20 -73756
21 -22 24 -23 -25048
-7 23 -6 17 -67568
-23 20 -22 14 -59444
-10 -6 -13 -9 -75746
6 -12 8 -10 -71826
-3 20 -5 23 -69644
-24 -14 -18 -12 -56736
-20 8 -21 4 -72524
3 -15 -6 -14 -77392
-24 -4 21 -24 -74902
17 -5 16 -10 -67912
-18 -4 -24 -5 -73350
6 -5 4 -8 -72596
-21 2 -21 0 -59142
-24 -16 -24 -12 -51142
-10 -16 -12 -19 -68702
-7 -5 -7 -2 -70844
-24 6 -22 0 -67984
19 -8 24 -6 -69148
24 -3 21 -3 -53670
15 -20 8 -22 -75934
-20 12 -18 9 -73836
-20 -24 -20 15 -72696
-20 13 -21 8 -68740
-10 -21 -16 -21 -76366
11 13 9 14 -75522
-18 1 -21 3 -70886
6 9 10 11 -70310
-9 2 -10 5 -78124
6 22 5 20 -62142
-17 -7 -18 -10 -72162
15 -14 16 -10 -76440
-21 -4 -20 -4 -69582
2 4 1 5 -61820
-12 13 -10 12 -74640
-6 7 -6 5 -78670
12 24 10 22 -55734
-18 -13 -16 -10 -73228
12 -15 9 -20 -73232
-13 6 -11 7 -74872
-2 20 0 22 -61940
-6 -18 -4 -17 -66604
19 3 17 5 -73126
4 -16 4 -15 -67596
-1 -8 -2 -8 -64086
12 20 10 18 -65938
-24 8 -24 3 -65356
16 15 24 15 -79220
-5 -10 -6 -13 -69476
20 15 23 9 -59850
21 -9 19 -15 -74972
22 -21 23 -4 -74664
-16 9 -16 7 -69120
-4 -8 -2 -8 -65678
23 2 21 5 -64188
-12 0 -12 1 -73446
-24 -6 -22 -12 -60744
-19 4 -18 5 -73510
-19 -17 -15 -22 -65212
24 7 24 11 -47762
-23 -4 -20 -11 -74934
0 2 -3 1 -76920
9 0 11 0 -73528
9 9 14 9 -79790
-4 9 -2 13 -72358
15 4 14 11 -76204
16 -23 18 -16 -66346
17 -19 19 -20 -63742
-16 -6 -15 -6 -73570
-17 18 -19 14 -69628
-7 -23 23 -24 -68846
11 -14 9 -16 -69202
-10 8 -10 12 -71934
7 19 7 21 -66020
12 -11 11 -10 -68724
-7 -16 -9 -19 -66094
-2 -2 -23 -24 -70392
17 8 24 5 -71344
-18 23 -8 24 -69566
18 -17 15 -21 -71942
-18 -21 -11 -24 -63842
19 17 15 24 -65100
15 2 16 5 -80102
4 -2 6 -1 -65834
3 -7 1 -12 -74702
2 -7 3 -3 -68426
1 0 0 2 -67944
0 6 0 11 -75136
5 -4 7 -7 -72226
1 -22 2 -18 -68192
10 7 11 10 -65050
13 18 14 20 -62712
6 24 -21 24 -68922
7 21 0 24 -59324
22 -24 -16 -21 -68468
19 -5 19 -8 -71060
24 -3 21 0 -51004
1 -11 0 -11 -65030
14 15 12 14 -63132
19 4 19 0 -78480
-8 -4 -9 -5 -71404
21 17 18 16 -73706
-22 -13 -20 -10 -67460
11 -18 12 -20 -60020
-2 19 0 16 -64336
5 15 2 14 -63138
24 -4 -24 -5 -71510
21 15 23 17 -65650
-2 1 0 3 -73846
-12 0 -12 2 -75300
-4 -8 -4 -9 -64328
-13 10 -11 10 -74596
-3 -14 -4 -15 -67410
-23 8 -23 14 -64380
-20 -11 -20 -13 -61902
-22 13 -22 10 -64408
12 17 13 16 -72936
-10 -4 -12 -2 -73032
-3 21 -4 20 -62480
-5 3 -5 1 -69866
-24 21 -22 6 -67250
1 -12 1 -6 -74186
-18 12 -23 12 -69758
14 2 15 2 -65234
0 24 0 22 -55036
7 24 16 19 -68694
15 21 15 19 -63098
17 24 15 22 -52086
7 -1 7 0 -67004
20 -12 15 -13 -74848
7 -14 9 -18 -66248
-16 -23 -21 -21 -59726
15 -11 18 -14 -74108
-21 -1 -24 -6 -74440
14 -10 13 -8 -66728
0 -19 0 -22 -61172
-16 -3 -15 -2 -79648
-12 -14 -12 -13 -61542
24 14 21 14 -52448
22 -8 23 -5 -69884
1 10 4 8 -68920
6 3 6 2 -67708
5 23 -2 23 -55272
17 9 16 17 -69862
-2 14 -1 15 -69708
-19 -21 -22 -15 -71144
13 -7 17 -7 -72984
0 21 -9 24 -78082
-7 -13 -3 -18 -68186
2 -15 0 -15 -67800
-5 17 -6 17 -77712
10 -23 18 -24 -60872
7 -1 7 3 -76764
-1 4 2 6 -67544
-5 14 -5 17 -82358
0 -3 1 -5 -63146
8 -8 9 -9 -73658
21 -18 21 -14 -66606
-11 24 -5 20 -70988
7 9 3 8 -61892
-8 0 -11 0 -66952
12 -17 16 -20 -71856
-23 -9 -16 -12 -76658
-22 13 -20 9 -71174
-13 -3 -11 -4 -72874
14 4 14 5 -72208
24 13 22 12 -54764
-22 -14 -19 -22 -73830
0 -20 3 -23 -55378
-10 -13 -10 -20 -64396
19 11 22 13 -72876
-24 3 -23 8 -68790
13 1 13 -1 -80136
10 -5 9 -2 -70746
-15 -19 -12 -19 -73090
-2 5 -2 4 -60050
4 23 3 19 -69906
5 -13 3 -14 -71406
-8 -8 -10 -9 -70400
24 -8 24 -16 -61758
-13 2 -16 4 -76128
19 -11 23 -21 -76616
22 -22 24 -24 -16792
21 8 21 12 -61494
-11 -19 -13 -19 -76042
-6 16 -4 16 -78146
-7 -20 -13 -24 -55334
11 9 10 9 -74078
-9 -10 -8 22 -81784
-5 -18 -6 -23 -69198
-7 1 -7 0 -68028
13 -16 13 -9 -69228
-7 5 -8 7 -77718
20 -6 21 -9 -63844
-12 2 -12 7 -79256
-23 -11 -24 0 -69274
-13 2 -13 5 -77276
24 -14 4 -14 -79060
-3 8 -5 8 -62188
-23 22 -17 23 -58800
3 -19 1 -19 -67576
-9 21 -9 23 -60378
-24 2 -22 0 -59072
-17 -24 -23 -16 -63628
-4 -13 -4 -11 -61226
-1 18 -2 23 -64300
-15 -16 -20 -11 -72264
-14 3 -12 3 -75966
21 -3 24 0 -65064
8 12 9 14 -68724
-14 -8 -16 -11 -71328
-24 -13 -19 -3 -79112
10 -1 8 -5 -80986
-17 -2 -17 0 -61444
15 -8 15 -1 -73824
-12 15 -15 18 -75166
4 -23 4 -18 -56810
22 10 20 -24 -70176
-20 -5 -21 -2 -68532
-19 -2 -19 -3 -64814
23 14 21 9 -69040
-21 -8 -24 -17 -69128
-3 12 -3 11 -63316
-24 -2 -24 -4 -55846
23 -20 0 -24 -74928
-10 -15 -14 -15 -73872
21 -7 24 -2 -75770
2 12 2 7 -71312
14 2 23 3 -81334
-13 -5 -14 -8 -72670
5 19 6 15 -71892
18 5 18 3 -71936
-5 -5 -7 -2 -76364
18 -13 24 -16 -61184
-19 -10 -17 -9 -73062
-6 -22 -7 -18 -64694
24 4 20 4 -51808
-9 17 -4 23 -76608
-11 12 -12 11 -70832
8 -14 9 -10 -69028
-2 7 0 7 -69070
4 -14 5 -10 -74774
-7 11 -3 20 -89414
-20 3 -23 4 -64514
9 -20 7 -23 -51058
18 17 16 22 -68382
14 12 12 9 -71474
-17 -2 -14 -2 -80916
-4 16 -2 16 -68838
5 14 8 14 -68296
8 3 10 3 -71908
15 23 13 24 -38050
13 0 12 4 -78798
3 -20 -3 -23 -68766
-16 -12 -18 -18 -77508
-1 -12 0 -11 -68248
-22 20 21 24 -65236
-15 -15 -19 -22 -70648
18 10 16 7 -66278
18 -4 19 -6 -68242
1 17 3 16 -59468
-5 -10 -6 -6 -69108
18 -7 5 6 -103076
-19 11 -18 22 -75950
-15 7 -16 11 -80658
-18 15 -20 19 -74628
17 -18 14 -24 -61400
10 -11 14 -11 -69126
21 -1 21 5 -71842
-23 13 -16 18 -74118
0 22 0 24 -55448
0 -19 -5 -23 -70962
-7 -5 -6 -3 -74372
-14 -4 -18 -6 -83164
-19 -3 -13 0 -89836
-22 -20 -22 -14 -68462
-12 14 -14 11 -71100
17 -12 16 -14 -78738
-11 -10 -15 -9 -67576
9 14 11 15 -72086
-8 7 -8 5 -77196
-11 -1 -13 -3 -79826
-24 -17 -22 -16 -28330
23 19 23 18 -50688
15 -10 23 -11 -78488
-24 -8 -21 0 -77626
-16 -8 -15 -11 -66024
20 -19 11 -18 -79888
22 -14 19 -16 -62524
9 -4 10 0 -80792
-2 -3 -2 -2 -60908
-20 18 7 22 -78048
-12 -1 -11 0 -79806
-23 23 23 14 -68756
16 5 13 6 -70736
7 12 9 10 -69686
-7 5 -5 7 -72000
21 21 23 23 -29106
-13 10 -15 9 -67146
12 -4 13 -4 -76546
0 8 -2 9 -70670
23 -6 23 -3 -56350
-21 22 -20 16 -53002
2 1 3 4 -66932
11 7 12 5 -71550
11 16 11 17 -64718
17 6 17 9 -64582
-18 23 -22 13 -71232
17 23 16 20 -65224
-14 10 -15 11 -72744
4 22 10 21 -70034
-9 -6 -10 -5 -68110
-23 22 -13 19 -76496
14 17 15 14 -68664
5 5 6 3 -62240
23 -18 18 -23 -54898
6 0 11 2 -83758
16 -1 21 0 -74858
-7 0 -6 -1 -73060
24 20 1 23 -68248
6 -13 7 -14 -69524
12 -6 14 -5 -73962
-15 -20 -20 -19 -70374
13 -23 5 -22 -69272
16 9 13 10 -67676
0 22 -4 23 -69434
22 3 24 20 -74878
-20 8 -19 5 -73054
0 -24 -10 -23 -63072
-6 -5 -7 -5 -67440
-22 -15 -22 -18 -64970
-20 5 -16 6 -71658
-22 10 -20 10 -62662
-2 11 -2 6 -73972
3 -23 7 -24 -62900
16 4 18 6 -73190
-7 18 -10 18 -68570
-11 14 -9 17 -63258
23 -5 20 -11 -72096
2 -7 1 -7 -62022
1 15 23 7 -87402
-22 22 -16 23 -66894
5 19 10 18 -74576
24 1 19 22 -76534
11 2 10 7 -74708
15 -19 18 -22 -59516
23 21 21 14 -69992
-12 -19 -24 -24 -65492
-3 -2 -3 0 -63420
2 -21 6 -23 -67266
2 -15 7 -17 -78048
20 5 23 9 -55496
-13 -2 -13 -8 -70550
5 24 -12 22 -78726
-19 6 -23 5 -65086
-18 -9 -19 -4 -71696
1 24 -4 23 -63220
-15 5 -17 3 -77078
2 1 0 0 -69524
-22 4 -23 2 -62638
5 -22 8 -21 -66226
17 -5 11 -2 -83964
21 8 12 6 -78076
0 -16 -1 -12 -64098
0 -4 2 -2 -67252
-8 -13 -5 -14 -73366
-17 6 -15 4 -69300
-12 17 -12 22 -67268
4 -12 1 -10 -69246
4 24 9 23 -57056
-20 16 -19 2 -85754
-10 -17 -24 -24 -74774
-21 -7 -18 -8 -73936
15 -15 13 -13 -66888
24 24 12 21 -59382
-15 -22 -10 -17 -73892
17 23 15 20 -68548
20 -8 -3 4 -94596
-1 0 1 -1 -72448
-7 4 -8 3 -68560
-24 9 -24 -10 -68426
17 -18 18 -15 -73006
11 -23 13 -24 -53084
22 -9 24 -19 -73134
-5 -13 -6 -13 -72738
-5 14 -5 16 -79270
8 17 7 13 -69612
12 0 12 1 -81582
-14 12 -14 8 -77590
-11 21 -13 22 -75040
5 -17 9 -23 -69016
0 -22 -6 -23 -64542
3 10 0 10 -63538
-9 -13 -11 -11 -70064
13 1 12 -1 -79942
-13 13 -15 21 -76256
-14 3 -13 4 -77952
4 13 4 12 -58084
8 21 11 24 -57762
-3 -17 -2 -15 -64462
23 -11 23 19 -73032
-13 -11 -13 -15 -66674
23 13 23 18 -58792
18 -20 14 -24 -56944
-8 9 -5 10 -61902
20 -14 21 -24 -54242
-11 -15 -8 -16 -65090
-5 20 -8 20 -72458
5 -24 0 -24 -60672
17 2 16 0 -75524
-23 5 -24 1 -65336
24 20 24 9 -65742
-9 0 -9 -2 -69166
-16 -23 -15 -20 -36592
24 16 -3 15 -76300
6 17 5 24 -71914
-1 -24 6 -21 -69420
7 14 5 16 -73508
19 17 17 12 -67788
-14 23 -13 21 -57082
9 -3 10 -7 -70554
-1 -4 0 -7 -65268
-2 -1 -3 -1 -62720
-14 23 -20 22 -63992
-4 3 -6 1 -69002
22 17 22 23 -50346
7 -21 11 -16 -74304
11 -5 9 -5 -75782
11 13 11 11 -61242
-1 0 0 0 -75644
-9 -23 2 -24 -66750
-11 10 -8 9 -68622
-11 21 -10 24 -64518
-9 22 -12 24 -64662
-11 22 -13 18 -72152
-24 -3 -24 -20 -66746
1 18 1 14 -62830
12 17 12 12 -71692
16 0 18 -1 -72138
3 -18 4 -16 -67210
18 -2 17 -5 -66692
21 -3 22 0 -67920
5 10 5 7 -62710
7 -5 5 -6 -69566
3 -14 8 -12 -77814
0 -16 0 -20 -70364
15 24 24 24 -44652
14 24 8 22 -63052
11 17 10 18 -73200
-13 22 -12 24 -60382
7 6 7 8 -59428
5 -3 4 -4 -69918
-11 11 -9 6 -77782
23 -10 18 -9 -68136
23 -15 23 -12 -63470
23 -6 18 -6 -71264
0 -1 24 -24 -73404
-10 16 -13 18 -74722
7 -3 9 -1 -80542
18 2 20 -2 -74010
2 1 3 -2 -61210
-3 13 -2 11 -60096
-5 13 -5 19 -83940
18 -12 17 -17 -81480
11 2 10 1 -78052
-6 -22 -8 -19 -60790
9 -19 11 -23 -54160
-20 -2 -22 -4 -75364
-24 -22 6 -21 -66386
17 14 18 14 -61342
-17 18 -19 18 -70976
-10 9 -11 16 -77420
17 24 -11 24 -65594
5 -13 4 -9 -70874
-11 -6 -9 -11 -75304
-14 20 -11 24 -72384
-5 -17 -6 -24 -69186
10 -7 9 -9 -57806
9 -6 11 -8 -79296
-6 -11 -9 -12 -69870
17 -18 20 -17 -74186
-22 -2 -24 1 -58886
0 -8 2 -11 -70016
-12 3 -10 2 -73652
-17 20 3 4 -93846
-19 14 -21 15 -71262
-12 -24 -13 -10 -71852
-2 0 -3 2 -70942
-9 -23 -14 -19 -63232
-6 -22 -10 -21 -55576
16 -19 23 -18 -70828
-23 -21 -3 -24 -70334
21 13 18 14 -69056
14 18 16 -4 -86244
18 -8 19 -13 -66546
-18 -14 -18 -17 -65962
-10 -7 -10 -10 -67730
-4 -11 -3 -9 -73796
2 -13 2 -16 -69776
5 17 5 20 -71978
-17 22 -14 20 -66142
-19 -12 -21 -8 -71184
-12 6 -11 22 -82320
-23 17 -23 15 -50086
-9 23 -14 24 -69122
-21 -22 -17 -19 -54062
6 -19 8 -19 -69552
