23 -8 23 7 -64685
2 -15 3 -19 -74279
0 14 3 16 -69973
-17 16 -24 16 -66473
10 -20 13 -20 -73821
21 -22 24 -23 -25321
-7 23 -6 17 -71433
-23 20 -22 14 -54335
-10 -6 -13 -9 -72797
6 -12 8 -10 -74721
-3 20 -5 23 -70541
-24 -14 -18 -12 -57955
-20 8 -21 4 -71991
-6 -3 -7 -24 -79753
-24 -4 21 -24 -79567
17 -5 16 -10 -67881
-18 -4 -24 -5 -72733
6 -5 4 -8 -75359
-21 2 -21 0 -59911
-24 -16 -24 -12 -50671
-10 -16 -12 -19 -71299
-7 -5 -7 -2 -70811
-24 6 -22 0 -66541
19 -8 24 -6 -69849
24 -3 21 -3 -51815
15 -20 8 -22 -76091
-20 12 -18 9 -73163
-20 -24 -20 15 -76391
-20 13 -21 8 -64275
-9 -5 24 -4 -83509
11 13 9 14 -73455
-18 1 -21 3 -70831
6 9 10 11 -72121
5 4 -2 4 -82083
6 22 5 20 -63987
-17 -7 -18 -10 -72521
15 -14 16 -10 -73369
-21 -4 -20 -4 -69289
2 4 1 5 -64043
-12 13 -10 12 -75509
-6 7 -6 5 -73837
12 24 10 22 -58237
-18 -13 -16 -10 -73149
12 -15 9 -20 -75779
-13 6 -11 7 -75285
-2 20 0 22 -68783
-6 -18 -4 -17 -67345
19 -1 18 -2 -73405
4 -16 4 -15 -72065
-1 -8 -2 -8 -64815
12 20 10 18 -74433
-24 8 -24 3 -64987
8 -13 8 -10 -77795
-5 -10 -6 -13 -71403
20 15 23 9 -71133
21 -9 19 -15 -71149
22 -21 23 -4 -74085
-16 9 -16 7 -62667
-4 -8 -2 -8 -65543
23 2 21 5 -60255
-12 0 -12 1 -68353
-24 -6 -22 -12 -61849
-19 4 -18 5 -72739
-19 -17 -15 -22 -68531
24 7 24 11 -52555
-23 -4 -20 -11 -77073
0 2 -3 1 -72949
9 0 11 0 -66179
14 17 -5 12 -94325
-4 9 -2 13 -71859
-11 -2 -10 -4 -76633
16 -23 18 -16 -65345
17 -19 19 -20 -65021
-16 -6 -15 -6 -64559
-17 18 -19 14 -63013
-7 -23 23 -24 -70237
11 -14 9 -16 -71445
18 4 16 12 -81415
7 19 7 21 -68593
12 -11 11 -10 -74119
-7 -16 -9 -19 -71347
-2 -2 -23 -24 -72239
17 8 24 5 -70477
-18 23 -8 24 -70405
18 -17 15 -21 -71279
-18 -21 -11 -24 -59509
19 17 15 24 -67453
-18 22 -7 11 -100589
4 -2 6 -1 -70855
3 -7 1 -12 -73021
2 -7 3 -3 -71049
1 0 0 2 -69437
-21 -14 15 -9 -92665
5 -4 7 -7 -71875
1 -22 2 -18 -68799
10 7 11 10 -63849
13 18 14 20 -68973
6 24 -21 24 -69261
7 21 0 24 -70455
22 -24 -16 -21 -71853
19 -5 19 -8 -70499
24 -3 21 0 -49417
1 -11 0 -11 -63917
14 15 12 14 -71417
19 4 19 0 -69431
-8 -4 -9 -5 -65081
21 17 18 16 -72197
-22 -13 -20 -10 -67439
11 -18 12 -20 -59717
-2 19 0 16 -67817
5 15 2 14 -70649
24 -4 -24 -5 -78497
21 15 23 17 -65853
-13 13 -15 16 -76777
-12 0 -12 2 -70549
-4 -8 -4 -9 -64417
-13 10 -11 10 -76197
-3 -14 -4 -15 -68315
-23 8 -23 14 -61071
-20 -11 -20 -13 -61167
-22 13 -22 10 -61571
12 17 13 16 -73091
-10 -4 -12 -2 -80995
-3 21 -4 20 -67185
-5 3 -5 1 -69989
-24 21 -22 6 -62053
1 -12 0 -4 -75659
-18 12 -23 12 -69989
14 2 15 2 -58685
0 24 0 22 -55765
7 24 16 19 -76019
15 21 15 19 -65851
17 24 15 22 -52439
7 -1 7 0 -63925
20 -12 15 -13 -69533
7 -14 9 -18 -66967
-16 -23 -21 -21 -61835
15 -11 18 -14 -69985
-21 -1 -24 -6 -74591
14 -10 13 -8 -68681
0 -19 0 -22 -61673
-16 -3 -15 -2 -64235
-12 -14 -12 -13 -63589
24 14 21 14 -53467
22 -8 23 -5 -70169
1 10 4 8 -70151
6 3 6 2 -65985
5 23 -2 23 -65301
17 9 16 17 -72053
-2 14 -1 15 -70311
-19 -21 -22 -15 -74415
13 -7 17 -7 -66587
0 21 -9 24 -76649
-7 -13 -3 -18 -68693
2 -15 0 -15 -64951
-5 17 -6 17 -74135
10 -23 18 -24 -61401
7 -1 7 3 -73787
-1 4 2 6 -74923
-5 14 -5 17 -70613
0 -3 1 -5 -66857
8 -8 9 -9 -70751
21 -18 21 -14 -62325
-11 24 -5 20 -67731
7 9 3 8 -69573
-8 0 -11 0 -64275
12 -17 16 -20 -70667
-23 -9 -16 -12 -76743
-22 13 -20 9 -69541
-13 -3 -11 -4 -74095
14 4 14 5 -59479
24 13 22 12 -52697
-22 -14 -19 -22 -76679
0 -20 3 -23 -56063
-10 -13 -10 -20 -70437
19 11 22 13 -73305
-24 3 -23 8 -69989
13 1 13 -1 -78027
10 -5 9 -2 -67109
-15 -19 -12 -19 -65083
-2 5 -2 4 -62217
4 23 3 19 -71307
5 -13 3 -14 -70385
-8 -8 -10 -9 -68941
24 -8 24 -16 -60973
-13 2 -16 4 -70769
19 -11 23 -21 -75989
22 -22 24 -24 -17023
21 8 21 12 -69115
-11 -19 -13 -19 -69715
-6 16 -4 16 -75395
-7 -20 -13 -24 -58995
11 9 10 9 -64839
-7 16 -6 22 -70397
-5 -18 -6 -23 -73769
-7 1 -7 0 -67691
13 -16 13 -9 -71743
-7 5 -8 7 -70263
20 -6 21 -9 -61439
-12 2 -12 7 -73407
-23 -11 -24 0 -70613
-13 2 -13 5 -71261
0 22 0 12 -78821
-3 8 -5 8 -59927
-23 22 -17 23 -54163
3 -19 1 -19 -67173
-9 21 -9 23 -62357
-24 2 -22 0 -58063
-17 -24 -23 -16 -66953
-4 -13 -4 -11 -64051
-1 18 -2 23 -68579
-15 -16 -20 -11 -72405
-14 3 -12 3 -68793
21 -3 24 0 -63245
8 12 9 14 -72545
-14 -8 -16 -11 -70179
-24 -13 -19 -3 -79841
10 3 8 -21 -80569
-17 -2 -17 0 -59633
15 -8 15 -1 -69139
-12 15 -15 18 -85203
4 -23 4 -18 -56527
22 10 20 -24 -67783
-20 -5 -21 -2 -69251
-19 -2 -19 -3 -64389
23 14 21 9 -70945
-21 -8 -24 -17 -67395
-3 12 -3 11 -64289
-24 -2 -24 -4 -56245
23 -20 0 -24 -74767
-10 -15 -14 -15 -72233
21 -7 24 -2 -76307
2 12 2 7 -68435
-11 14 -10 -9 -80809
-13 -5 -14 -8 -69129
5 19 6 15 -76301
18 5 18 3 -59483
-5 -5 -7 -2 -73437
18 -13 24 -16 -66047
-19 -10 -17 -9 -72307
-6 -22 -7 -18 -67463
24 4 20 4 -48613
-24 5 19 -14 -81543
-11 12 -12 11 -71873
8 -14 9 -10 -82201
-2 7 0 7 -71285
4 -14 5 -10 -83619
-16 -22 -19 22 -80665
-20 3 -23 4 -65477
9 -20 7 -23 -51667
18 17 16 22 -70799
14 12 12 9 -75399
-17 -2 -14 -2 -68479
-4 16 -2 16 -71749
5 14 8 14 -72767
8 3 10 3 -61757
15 23 13 24 -40915
13 0 12 4 -74669
3 -20 -3 -23 -69957
-16 -12 -18 -18 -77083
-1 -12 0 -11 -68463
-22 20 21 24 -67601
-15 -15 -19 -22 -70529
18 10 16 7 -59521
18 -4 19 -6 -62847
1 17 3 16 -64005
-5 -10 -6 -6 -70051
-1 21 -4 20 -77235
9 -10 -18 -12 -87655
-15 7 -16 11 -74147
-18 15 -20 19 -70637
17 -18 14 -24 -61147
10 -11 14 -11 -75169
21 -1 21 5 -64073
-23 13 -16 18 -71205
0 22 0 24 -56191
0 -19 -5 -23 -72261
-7 -5 -6 -3 -74003
3 -17 7 -10 -92969
1 11 -2 6 -75437
-22 -20 -22 -14 -69017
-12 14 -14 11 -71895
17 -12 16 -14 -71143
-11 -10 -15 -9 -65605
9 14 11 15 -77577
-8 7 -8 5 -70405
-7 -1 -4 2 -76285
-24 -17 -22 -16 -28533
23 19 23 18 -49869
15 -4 -22 -10 -90655
-24 -8 -21 0 -78085
-16 -8 -15 -11 -64623
20 -19 11 -18 -78673
22 -14 19 -16 -60369
9 -4 10 0 -67611
-2 -3 -2 -2 -64103
-20 18 7 22 -78599
-6 -22 -5 -11 -80373
-23 23 23 14 -69733
16 5 13 6 -67933
7 12 9 10 -68589
-7 5 -5 7 -69471
21 21 23 23 -31327
-13 10 -15 9 -68251
12 -4 13 -4 -71977
0 8 -2 9 -69459
23 -6 23 -3 -55339
-21 22 -20 16 -48181
2 1 3 4 -70639
11 7 12 5 -65307
11 16 11 17 -66951
17 6 17 9 -65473
-18 23 -22 13 -64541
17 23 16 20 -65633
-14 10 -15 11 -72481
11 3 10 5 -68371
-9 -6 -10 -5 -69485
-10 9 -9 14 -70753
14 17 15 14 -69821
5 5 6 3 -60557
23 -18 18 -23 -54399
11 -9 12 -9 -75737
16 -1 21 0 -67617
-7 14 -6 11 -68573
24 20 1 23 -70719
6 -13 7 -14 -71577
12 -6 14 -5 -71053
-15 -20 -20 -19 -70181
13 -23 5 -22 -69503
16 9 13 10 -61707
0 22 -4 23 -75609
22 3 24 20 -75285
-20 8 -19 5 -69315
0 -24 -10 -23 -68803
-6 -5 -7 -5 -65977
-22 -15 -22 -18 -65417
-20 5 -16 6 -71005
-22 10 -20 10 -63663
-2 11 -2 6 -68973
3 -23 7 -24 -63599
2 4 23 6 -73143
-7 18 -10 18 -63261
-11 14 -9 17 -59009
23 -5 20 -11 -73893
2 -7 1 -7 -65103
0 4 -1 0 -72309
-22 22 -16 23 -62331
5 19 10 18 -81067
24 12 19 16 -64407
5 24 12 20 -80901
15 -19 18 -22 -60621
23 21 21 14 -69677
-12 -19 -24 -24 -64175
-3 -2 -3 0 -66269
2 -21 6 -23 -67441
2 -15 7 -17 -76217
20 5 23 9 -53771
-13 -2 -13 -8 -70997
19 17 11 15 -75421
-19 6 -23 5 -70113
-18 -9 -19 -4 -73051
1 24 -4 23 -67425
-15 5 -17 3 -72253
2 1 0 0 -74623
-22 4 -23 2 -69861
5 -22 8 -21 -67005
-19 18 -14 19 -66997
8 22 -4 24 -78869
0 -16 -1 -12 -68799
0 -4 2 -2 -69111
17 -13 23 -14 -71485
-17 6 -15 4 -66277
-12 17 -12 22 -65137
4 -12 1 -10 -70711
4 24 9 23 -71373
-20 4 -22 2 -73223
-10 -17 -24 -24 -71729
-21 -7 -18 -8 -73815
15 -15 13 -13 -64207
24 24 12 21 -59203
-15 -22 -10 -17 -71759
17 23 15 20 -69497
20 14 24 4 -78039
-1 0 1 -1 -73639
-7 4 -8 3 -70701
-24 9 -24 -10 -69483
17 -18 18 -15 -66475
11 -23 13 -24 -54019
22 -9 24 -19 -71509
-5 -13 -6 -13 -63939
-5 14 -5 16 -69937
8 17 7 13 -71147
12 0 12 1 -79411
-14 12 -14 8 -69989
-11 21 -13 22 -77933
5 -17 9 -23 -67151
0 -22 -6 -23 -66875
3 10 0 10 -70607
-9 -13 -11 -11 -67419
13 1 12 -1 -77083
-13 13 -15 21 -77431
-14 3 -13 4 -71781
4 13 4 12 -58223
8 21 11 24 -61789
-3 -17 -2 -15 -68479
23 -11 23 19 -71157
-13 -11 -13 -15 -68057
23 13 23 18 -60863
18 -20 14 -24 -56453
-8 9 -5 10 -61191
20 -14 21 -24 -53265
-11 -15 -8 -16 -62775
-5 20 -8 20 -65403
5 -24 0 -24 -62707
17 2 16 0 -70641
-23 5 -24 1 -68431
24 20 24 9 -66635
-9 0 -9 -2 -66273
-16 -23 -15 -20 -36593
24 16 -3 15 -77519
6 17 5 24 -76079
-1 -24 6 -21 -71319
7 14 5 16 -74381
19 17 17 12 -78539
-14 23 -13 21 -58629
9 -3 10 -7 -67481
-1 -4 0 -7 -69829
-2 -1 -3 -1 -63123
-14 23 -20 22 -62939
-4 3 -6 1 -75479
22 17 22 23 -49505
7 -21 11 -16 -76011
11 -5 9 -5 -72757
11 13 11 11 -64669
-1 0 0 0 -74805
-9 -23 2 -24 -69861
-11 10 -8 9 -65347
-11 21 -10 24 -63665
-9 22 -12 24 -64969
-11 22 -13 18 -69223
-24 -3 -24 -20 -67609
1 18 1 14 -69001
6 -2 4 -4 -79837
16 0 18 -1 -58657
3 -18 4 -16 -71063
18 -2 17 -5 -70595
21 -3 22 0 -67237
5 10 5 7 -65027
7 -5 5 -6 -73877
3 13 14 21 -96201
0 -16 0 -20 -72651
15 24 24 24 -44711
14 24 8 22 -68141
11 17 10 18 -74563
-13 22 -12 24 -60119
7 6 7 8 -58505
5 -3 4 -4 -79777
14 9 22 1 -86551
23 -10 18 -9 -65645
23 -15 23 -12 -61505
23 -6 18 -6 -69611
0 -1 24 -24 -72947
-10 16 -13 18 -81149
12 10 13 14 -76727
18 2 20 -2 -68307
2 1 3 -2 -61871
-3 13 -2 11 -63479
4 23 9 22 -77847
18 15 17 14 -76761
11 2 10 1 -72297
-6 -22 -8 -19 -62873
9 -19 11 -23 -54713
-20 -2 -22 -4 -75007
-24 -22 6 -21 -70297
17 14 18 14 -62941
-17 18 -19 18 -71693
-10 9 -11 16 -74339
17 24 -11 24 -70187
5 -13 4 -9 -74711
-11 -6 -9 -11 -74273
-14 20 -11 24 -71629
-5 -17 -6 -24 -73835
10 -7 9 -9 -59237
9 -6 11 -8 -76705
-6 -11 -9 -12 -67095
17 -18 20 -17 -72249
-22 -2 -24 1 -57785
0 -8 2 -11 -69531
-12 3 -10 2 -68069
15 18 15 15 -70411
-19 14 -21 15 -70679
-12 -24 -13 -10 -76009
-2 0 -3 2 -69075
-9 -23 -14 -19 -62027
-6 -22 -10 -21 -64037
16 -19 23 -18 -71407
-23 -21 -3 -24 -72289
21 13 18 14 -66801
-4 -22 -12 -23 -67061
18 -8 19 -13 -66583
-18 -14 -18 -17 -66655
-10 -7 -10 -10 -67239
-4 -11 -3 -9 -72459
2 -13 2 -16 -75167
5 17 5 20 -76037
-17 22 -14 20 -64533
-19 -12 -21 -8 -72639
3 6 6 11 -75471
-23 17 -23 15 -46865
-9 23 -14 24 -70239
-21 -22 -17 -19 -53987
6 -19 8 -19 -68581
