23 -8 23 7 -77334
2 -15 3 -19 -77660
0 14 3 16 -66366
-17 16 -24 16 -68820
10 -20 13 -20 -72706
21 -22 24 -23 -27758
-7 23 -6 17 -68500
-23 20 -22 14 -56342
-10 -6 -13 -9 -70478
6 -12 8 -10 -66834
-3 20 -5 23 -69716
-24 -14 -18 -12 -53812
-20 8 -21 4 -70414
6 -3 7 -11 -69724
-24 -4 21 -24 -77034
17 -5 16 -10 -69818
-4 -4 -7 -6 -75874
13 2 16 7 -72924
-21 2 -21 0 -61276
-24 -16 -24 -12 -51872
-10 -16 -12 -19 -71916
-7 -5 -7 -2 -65816
-24 6 -22 0 -69544
19 -8 24 -6 -71930
24 -3 21 -3 -59834
15 -20 8 -22 -75408
-20 12 -18 9 -75836
5 11 8 9 -78212
-20 13 -21 8 -77278
-4 5 -5 5 -71320
11 13 9 14 -71000
-18 1 -21 3 -70684
-17 -13 -16 -24 -72572
-15 17 -16 12 -69440
6 22 5 20 -60876
-17 -7 -18 -10 -71678
15 -14 16 -10 -73824
-21 -4 -20 -4 -65610
2 4 1 5 -64358
-11 9 -8 4 -70146
-6 7 -6 5 -72526
12 24 10 22 -53248
-18 -13 -16 -10 -72110
12 -15 9 -20 -74862
-13 6 -11 7 -69598
-2 20 0 22 -61812
-6 -18 -4 -17 -66658
19 -1 18 -2 -69918
4 -16 4 -15 -70162
-1 -8 -2 -8 -68114
-3 8 0 18 -82992
-24 8 -24 3 -64078
8 -13 8 -10 -69006
-5 -10 -6 -13 -75120
20 15 23 9 -70486
21 -9 19 -15 -73814
22 -21 23 -4 -75820
-16 9 -16 7 -57472
-4 -8 -2 -8 -66896
23 2 21 5 -67808
-12 0 -12 1 -71912
-24 -6 -22 -12 -61904
-19 4 -18 5 -75020
-19 -17 -15 -22 -73698
24 7 24 11 -55448
-23 -4 -20 -11 -72568
0 2 -3 1 -66284
9 0 11 0 -68798
11 -3 11 -4 -65804
4 -14 8 -15 -74074
-11 -2 -10 -4 -66572
16 -23 18 -16 -69438
17 -19 19 -20 -66824
-16 -6 -15 -6 -64656
-17 18 -19 14 -73212
-7 -23 23 -24 -68582
11 -14 9 -16 -66584
-19 -3 16 8 -85052
7 19 7 21 -64112
12 -11 11 -10 -69710
-7 -16 -9 -19 -71074
-2 -2 -23 -24 -74536
17 8 24 5 -73388
-18 23 -8 24 -70592
18 -17 15 -21 -71844
-18 -21 -11 -24 -58012
19 17 15 24 -66812
-13 15 -10 16 -68572
4 -2 6 -1 -62772
3 -7 1 -12 -67174
2 -7 3 -3 -62584
1 0 0 2 -72098
8 4 11 5 -70604
2 15 6 18 -71498
1 -22 2 -18 -71622
10 7 11 10 -61942
13 18 14 20 -62508
6 24 -21 24 -66666
7 21 0 24 -60758
22 -24 -16 -21 -69980
19 -5 19 -8 -72304
24 -3 21 0 -60916
1 -11 0 -11 -73034
14 15 12 14 -61688
19 4 19 0 -73270
-8 -4 -9 -5 -65412
21 17 18 16 -69056
-22 -13 -20 -10 -71858
11 -18 12 -20 -65946
-2 19 0 16 -65644
5 15 2 14 -68162
24 -4 -24 -5 -75648
21 15 23 17 -65256
-13 13 -15 16 -66036
-12 0 -12 2 -74630
-4 -8 -4 -9 -67136
11 23 13 21 -50586
-3 -14 -4 -15 -68832
-23 8 -23 14 -69668
-20 -11 -20 -13 -69192
-22 13 -22 10 -71172
20 0 23 7 -66534
9 -19 8 -18 -72584
-3 21 -4 20 -59362
-5 3 -5 1 -73862
-24 21 -22 6 -68780
-1 -4 0 -3 -62076
-18 12 -23 12 -71042
14 2 15 2 -64470
0 24 0 22 -55380
4 11 13 4 -91256
15 21 15 19 -62888
17 24 15 22 -56468
7 -1 7 0 -61180
20 -12 15 -13 -79940
7 -14 9 -18 -76344
-16 -23 -21 -21 -64418
15 -11 18 -14 -76710
-21 -1 -24 -6 -69268
14 -10 13 -8 -66840
0 -19 0 -22 -64406
-16 -3 -15 -2 -65998
-12 -14 -12 -13 -63866
24 14 21 14 -53292
22 -8 23 -5 -71830
1 10 4 8 -67940
6 3 6 2 -66986
5 23 -2 23 -54900
17 9 16 17 -68550
-2 14 -1 15 -68476
-19 -21 -22 -15 -75864
13 -7 17 -7 -75188
0 21 -9 24 -74590
-7 -13 -3 -18 -68134
2 -15 0 -15 -69096
-5 17 -6 17 -74152
10 -23 18 -24 -57650
7 -1 7 3 -71426
-5 8 0 10 -75730
-5 14 -5 17 -69668
0 -3 1 -5 -65672
8 -8 9 -9 -66936
21 -18 21 -14 -68508
-11 24 -5 20 -70364
7 9 3 8 -64308
17 1 10 11 -92492
12 -17 16 -20 -71252
0 -1 -24 -2 -78960
-22 13 -20 9 -75770
-13 -3 -11 -4 -64962
14 4 14 5 -63980
24 13 22 12 -52976
-22 -14 -19 -22 -78236
0 -20 3 -23 -57352
-10 -13 -10 -20 -66688
19 11 22 13 -71460
5 3 5 10 -76290
2 -11 -2 -10 -76646
10 -5 9 -2 -71074
-15 -19 -12 -19 -65038
-2 5 -2 4 -62654
4 23 3 19 -68424
5 -13 3 -14 -64856
-8 -8 -10 -9 -68852
24 -8 24 -16 -60902
8 -12 21 -15 -83372
19 -11 23 -21 -79934
22 -22 24 -24 -16914
21 8 21 12 -67778
-11 -19 -13 -19 -69324
-6 16 -4 16 -75264
-7 -20 -13 -24 -63582
11 9 10 9 -69756
-7 16 -6 22 -66122
-5 -18 -6 -23 -73792
-7 1 -7 0 -72442
13 -16 13 -9 -71432
-7 5 -8 7 -71294
20 -6 21 -9 -65936
-5 14 -5 10 -76716
-23 -11 -24 0 -69224
-13 2 -13 5 -63112
18 -2 16 0 -77738
-3 8 -5 8 -71606
-23 22 -17 23 -56930
3 -19 1 -19 -66996
-9 21 -9 23 -60418
-24 2 -22 0 -57778
-17 -24 -23 -16 -69712
-4 -13 -4 -11 -66578
-1 18 -2 23 -63552
-15 -16 -20 -11 -76530
-14 3 -12 3 -63782
21 -3 24 0 -69438
8 12 9 14 -67006
-14 -8 -16 -11 -69794
-24 -12 -19 -5 -71854
-2 -15 0 -21 -79364
-17 -2 -17 0 -61030
15 -8 15 -1 -73218
-1 -6 -2 -13 -80588
4 -23 4 -18 -61174
22 10 20 -24 -71816
-20 -5 -21 -2 -68466
-19 -2 -19 -3 -65162
23 14 21 9 -69132
-21 -8 -24 -17 -72756
-3 12 -3 11 -70816
-24 -2 -24 -4 -54930
23 -20 0 -24 -72938
-10 -15 -14 -15 -72346
21 -7 24 -2 -79236
2 -13 2 -14 -64728
16 -9 18 -9 -75260
-13 -5 -14 -8 -68144
5 19 6 15 -72824
18 5 18 3 -66348
-5 -5 -7 -2 -70498
18 -13 24 -16 -70346
-19 -10 -17 -9 -68824
-6 -22 -7 -18 -69412
24 4 20 4 -58534
13 8 10 7 -71218
-11 -19 -12 -22 -58196
8 -14 9 -10 -72642
-2 7 0 7 -68964
-20 -3 -18 -3 -69430
-9 0 -9 3 -77538
-20 3 -23 4 -64678
9 -20 7 -23 -55022
18 17 16 22 -68834
14 12 12 9 -71746
-17 -2 -14 -2 -66640
-4 16 -2 16 -70466
5 14 8 14 -67694
8 3 10 3 -68916
15 23 13 24 -43750
13 0 12 4 -69898
3 -20 -3 -23 -69638
-23 -16 15 -15 -78620
-1 -12 0 -11 -72548
-22 20 21 24 -67148
-15 -15 -19 -22 -69324
18 10 16 7 -63260
18 -4 19 -6 -68844
1 17 3 16 -65766
-5 -10 -6 -6 -67770
9 -7 3 -6 -73412
-21 -10 -21 -12 -71884
8 7 23 4 -84132
-18 15 -20 19 -69198
17 -18 14 -24 -60924
-15 -20 -4 12 -90270
21 -1 21 5 -73228
-23 13 -16 18 -79304
0 22 0 24 -55912
0 -19 -5 -23 -71372
-7 -24 -2 1 -82714
23 4 24 -10 -72310
1 11 -2 6 -70658
-22 -20 -22 -14 -69024
-12 14 -14 11 -70952
17 -12 16 -14 -74076
-11 -10 -15 -9 -65804
17 17 16 15 -71114
-8 7 -8 5 -69088
-11 8 -9 10 -70824
-24 -17 -22 -16 -28288
23 19 23 18 -50884
7 -16 7 -17 -68908
-24 -8 -21 0 -73644
-16 -8 -15 -11 -64442
19 -19 24 -15 -68870
22 -14 19 -16 -72294
9 -4 10 0 -67842
-2 -3 -2 -2 -63158
-24 18 22 9 -76058
-2 16 2 13 -73212
-23 23 23 14 -70998
16 5 13 6 -72724
7 12 9 10 -76204
-7 5 -5 7 -74560
21 21 23 23 -32186
-13 10 -15 9 -65918
12 -4 13 -4 -69628
0 8 -2 9 -68526
23 -6 23 -3 -61902
-21 22 -20 16 -48454
2 1 3 4 -67904
11 7 12 5 -73110
11 16 11 17 -63094
17 6 17 9 -62884
-18 23 -22 13 -71012
17 23 16 20 -65420
-14 10 -15 11 -60040
11 3 10 5 -74590
-9 -6 -10 -5 -66858
-10 9 -9 14 -69570
14 17 15 14 -68066
5 5 6 3 -67030
23 -18 18 -23 -60452
11 -9 12 -9 -65944
16 -1 21 0 -74628
-7 14 -6 11 -70000
24 20 1 23 -63954
6 -13 7 -14 -71768
12 -6 14 -5 -71012
-15 -20 -20 -19 -73440
13 -23 5 -22 -73592
16 9 13 10 -66416
0 22 -4 23 -66872
22 3 24 20 -75078
-20 8 -19 5 -67402
0 -24 -10 -23 -69960
-6 -5 -7 -5 -68994
-22 -15 -22 -18 -65022
-20 5 -16 6 -72746
-22 10 -20 10 -64014
-2 11 -2 6 -64824
3 -23 7 -24 -67046
-24 -20 -22 18 -70724
-7 18 -10 18 -67140
-11 14 -9 17 -66042
23 -5 20 -11 -74328
2 -7 1 -7 -63500
0 4 -1 0 -72334
-22 22 -16 23 -64072
5 19 10 18 -68292
24 12 19 16 -63170
-22 9 8 20 -82976
15 -19 18 -22 -63262
23 21 21 14 -71194
-12 -19 -24 -24 -65418
-3 -2 -3 0 -65822
2 -21 6 -23 -70590
-3 7 -10 -10 -94476
20 5 23 9 -59276
-13 -2 -13 -8 -68680
-18 10 -16 14 -74178
-19 6 -23 5 -70946
16 23 17 23 -54778
1 24 -4 23 -59544
-15 5 -17 3 -72754
2 1 0 0 -60084
-22 4 -23 2 -70198
5 -22 8 -21 -74172
12 -19 0 -21 -92648
-23 5 -23 4 -67924
0 -16 -1 -12 -68600
-19 12 -19 8 -75124
17 -13 23 -14 -78906
-17 6 -15 4 -59014
-12 17 -12 22 -63596
4 -12 1 -10 -73286
4 24 9 23 -59944
-20 4 -22 2 -74638
-10 -17 -24 -24 -73882
-21 -7 -18 -8 -66836
15 -15 13 -13 -69718
24 24 12 21 -63824
-15 -22 -10 -17 -77174
17 23 15 20 -70714
20 14 24 4 -84664
-1 0 1 -1 -65532
-7 4 -8 3 -69528
-24 9 -24 -10 -69144
17 -18 18 -15 -72318
11 -23 13 -24 -52382
22 -9 24 -19 -72252
-5 -13 -6 -13 -63726
-5 14 -5 16 -70966
8 17 7 13 -69048
12 0 12 1 -60870
-14 12 -14 8 -66360
-11 21 -13 22 -74982
5 -17 9 -23 -77484
0 -22 -6 -23 -66934
3 10 0 10 -65082
-9 -13 -11 -11 -68518
-7 -20 -7 -9 -73660
-13 13 -15 21 -70580
-14 3 -13 4 -70754
4 13 4 12 -55436
8 21 11 24 -54458
-3 -17 -2 -15 -68904
23 -11 23 19 -73138
-13 -11 -13 -15 -68802
23 13 23 18 -61628
18 -20 14 -24 -54332
-8 9 -5 10 -68200
20 -14 21 -24 -59274
-11 -15 -8 -16 -61430
-5 20 -8 20 -67712
5 -24 0 -24 -64314
-8 -1 -11 -1 -64190
-23 5 -24 1 -69804
24 20 24 9 -67676
-9 0 -9 -2 -67450
-16 -23 -15 -20 -41210
-23 15 -3 15 -81082
6 17 5 24 -70766
-1 -24 6 -21 -72330
7 14 5 16 -72548
-14 -17 -17 -12 -77764
-14 23 -13 21 -55494
9 -3 10 -7 -68918
-1 -4 0 -7 -65716
-2 -1 -3 -1 -62352
-14 23 -20 22 -64220
-4 3 -6 1 -72660
22 17 22 23 -50508
7 -21 11 -16 -77450
11 -5 9 -5 -67550
11 13 11 11 -63792
-14 20 -18 18 -62456
-9 -23 2 -24 -70834
-11 10 -8 9 -62992
-11 21 -10 24 -61666
-9 22 -12 24 -65158
-11 22 -13 18 -70792
-24 -3 -24 -20 -69624
1 18 1 14 -65338
6 -2 4 -4 -65778
16 0 18 -1 -76698
3 -18 4 -16 -73330
18 -2 17 -5 -70210
21 -3 22 0 -70834
5 10 5 7 -63266
7 -5 5 -6 -65540
-16 -2 -17 -7 -70108
0 -16 0 -20 -79314
15 24 24 24 -47388
14 24 8 22 -58898
11 17 10 18 -68946
-13 22 -12 24 -58628
7 6 7 8 -65118
-24 4 -19 22 -76414
21 1 24 0 -62984
23 -10 18 -9 -70486
23 -15 23 -12 -62384
23 -6 18 -6 -74440
3 -4 1 2 -78812
-10 16 -13 18 -69712
12 10 13 14 -71902
18 2 20 -2 -76304
2 1 3 -2 -71106
-3 13 -2 11 -70166
4 23 9 22 -65484
18 15 17 14 -71460
11 2 10 1 -68062
-6 -22 -8 -19 -65250
9 -19 11 -23 -58022
-20 -2 -22 -4 -70642
-24 -22 6 -21 -70614
17 14 18 14 -60616
-17 18 -19 18 -71414
16 -13 20 -23 -79168
17 24 -11 24 -60910
5 -13 4 -9 -70194
-11 -6 -9 -11 -74540
-14 20 -11 24 -72214
-5 -17 -6 -24 -74512
10 -7 9 -9 -56060
17 -3 16 -3 -71090
-6 -11 -9 -12 -68080
17 -18 20 -17 -78364
-22 -2 -24 1 -58130
0 -8 2 -11 -71352
-12 3 -10 2 -65388
15 18 15 15 -68136
-19 14 -21 15 -70960
21 12 24 4 -76810
-2 0 -3 2 -72312
-9 -23 -14 -19 -60554
-6 -22 -10 -21 -64342
16 -19 23 -18 -75852
-23 -21 -3 -24 -72166
21 13 18 14 -65626
-4 -22 -12 -23 -68414
18 -8 19 -13 -65778
-18 -14 -18 -17 -65404
-10 -7 -10 -10 -66674
-4 -11 -3 -9 -78138
11 18 16 17 -65630
5 17 5 20 -71638
-17 22 -14 20 -61158
-19 -12 -21 -8 -70304
0 22 -18 20 -79074
-23 17 -23 15 -50296
-9 23 -14 24 -69154
-21 -22 -17 -19 -54044
6 -19 8 -19 -76836
