0 -4 -3 -2 -75612
4 -21 -3 0 -86770
0 14 3 16 -66230
-17 16 -24 16 -64988
10 -20 13 -20 -69828
21 -22 24 -23 -27912
-7 23 -6 17 -72348
-23 20 -22 14 -55676
-10 -6 -13 -9 -73182
6 -12 8 -10 -65728
-3 20 -5 23 -74442
-24 -14 -18 -12 -56070
-20 8 -21 4 -74832
6 -3 7 -11 -71264
-11 -18 -8 -24 -64184
17 -5 16 -10 -73592
-4 -4 -7 -6 -75346
-12 -4 -11 -10 -74356
-21 2 -21 0 -61514
-24 -16 -24 -12 -51036
-10 -16 -12 -19 -66670
-7 -5 -7 -2 -65180
-24 6 -22 0 -69414
19 -8 24 -6 -74626
24 -3 21 -3 -68994
15 -20 8 -22 -72196
-20 12 -18 12 -69114
11 -4 9 -1 -72446
-20 13 -21 8 -78178
-4 5 -5 5 -77114
11 13 9 14 -66666
-18 1 -21 3 -71448
-17 -13 -16 -24 -65878
-15 17 -16 12 -67166
6 22 5 20 -65648
7 24 7 20 -57580
15 -14 16 -10 -75826
-21 -4 -20 -4 -71914
2 4 1 5 -63054
-16 -17 -19 -17 -64138
-6 7 -6 5 -67784
12 24 10 22 -56344
-18 -13 -16 -10 -70768
12 -15 9 -20 -75706
-13 6 -11 7 -70322
-2 20 0 22 -70844
-6 -18 -4 -17 -63538
19 -1 18 -2 -70206
4 -16 4 -15 -64856
-1 -8 -2 -8 -69872
5 3 0 3 -73426
-24 8 -24 3 -64580
8 -13 8 -10 -69980
-5 -10 -6 -13 -77068
20 15 23 9 -66706
21 -9 19 -15 -74460
22 -21 23 -4 -73356
-16 9 -16 7 -57914
-4 -8 -2 -8 -69670
23 2 21 5 -63962
-12 0 -12 1 -67366
-24 -6 -22 -12 -65040
-19 4 -18 5 -77184
-19 -17 -15 -22 -65644
24 7 24 11 -50832
-23 -4 -20 -11 -77808
0 2 -3 1 -72972
9 0 11 0 -70344
11 -3 11 -4 -63568
4 -14 8 -15 -69446
-11 -2 -10 -4 -65178
16 -23 18 -16 -72808
17 -19 19 -20 -62620
-16 -6 -15 -6 -62088
-17 18 -19 14 -67050
-7 -23 23 -24 -60356
11 -14 9 -16 -66848
-1 20 0 6 -80496
7 19 7 21 -68630
12 -11 11 -10 -70740
-7 -16 -9 -19 -65612
-2 -2 -23 -24 -74966
17 8 24 5 -68408
-18 23 -8 24 -70734
18 -17 15 -21 -72734
-18 -21 -11 -24 -57220
19 17 15 24 -67672
-13 15 -10 16 -70932
4 -2 6 -1 -72546
3 -7 1 -12 -63724
2 -7 3 -3 -65136
1 0 0 2 -68550
8 4 11 5 -69928
-9 0 -15 19 -88800
4 -9 3 -8 -81206
10 7 11 10 -59188
13 18 14 20 -65656
6 24 -21 24 -65606
7 21 0 24 -67248
22 -24 -16 -21 -63810
19 -5 19 -8 -73766
24 -3 21 0 -62196
1 -11 0 -11 -68078
14 15 12 14 -71010
19 4 19 0 -67264
-8 -4 -9 -5 -64232
21 17 18 16 -68582
-22 -13 -20 -10 -72588
11 -18 12 -20 -65412
-2 19 0 16 -73772
5 15 2 14 -65750
24 -4 -24 -5 -69810
21 15 23 17 -65522
-13 13 -15 16 -66252
-12 0 -12 2 -68594
-4 -8 -4 -9 -63818
11 23 13 21 -53522
-3 -14 -4 -15 -69686
-23 8 -23 14 -70106
-20 -11 -20 -13 -67826
-22 13 -22 10 -70304
20 0 23 7 -64186
9 -19 8 -18 -68248
-3 21 -4 20 -65184
-5 3 -5 1 -68608
-24 21 -22 6 -69090
-1 -4 0 -3 -68278
-18 12 -23 12 -73036
14 2 15 2 -62066
0 24 0 22 -64232
14 -1 15 -3 -67730
15 21 15 19 -64946
17 24 15 22 -56708
7 -1 7 0 -60470
20 -12 15 -13 -75942
7 -14 9 -18 -72416
-16 -23 -21 -21 -58514
15 -11 18 -14 -73014
-21 -1 -24 -6 -64106
14 -10 13 -8 -75952
0 -19 0 -22 -55870
-16 -3 -15 -2 -62844
-12 -14 -12 -13 -61382
24 14 21 14 -52756
22 -8 23 -5 -71582
1 10 4 8 -66042
6 3 6 2 -63956
5 23 -2 23 -61042
17 9 16 17 -66202
-2 14 -1 15 -66140
-19 -21 -22 -15 -59158
13 -7 17 -7 -70950
0 21 -9 24 -76564
-21 -13 -3 6 -87444
2 -15 0 -15 -71574
-5 17 -6 17 -76214
10 -23 18 -24 -55024
7 -1 7 3 -68904
-5 8 0 10 -78738
-5 14 -5 17 -71706
0 -3 1 -5 -65942
8 -8 9 -9 -67666
21 -18 21 -14 -64644
-11 24 -5 20 -69142
7 9 3 8 -64008
8 1 4 1 -71616
12 -17 16 -20 -67854
-13 -24 -6 -21 -72022
-22 13 -20 9 -69788
-13 -3 -11 -4 -65418
14 4 14 5 -55738
24 13 22 12 -51502
21 -15 21 -24 -61864
0 -20 3 -23 -65218
-10 -13 -10 -20 -63028
19 11 22 13 -69690
-8 5 -17 7 -82012
-12 -11 -13 10 -81702
-14 -4 -14 -7 -65898
-15 -19 -12 -19 -62486
-2 5 -2 4 -65014
4 23 3 19 -75064
5 -13 3 -14 -64078
-8 -8 -10 -9 -70028
24 -8 24 -16 -59298
3 -9 2 -8 -80606
-1 4 -1 2 -67770
22 -22 24 -24 -18374
21 8 21 12 -63606
-11 -19 -13 -19 -70106
-6 16 -4 16 -78508
-7 -20 -13 -24 -73030
11 9 10 9 -67378
-7 16 -6 22 -70676
-5 -18 -6 -23 -71864
-7 1 -7 0 -64978
13 -16 13 -9 -73260
-7 5 -8 7 -67792
20 -6 21 -9 -67540
-19 15 -4 10 -85992
-23 -11 -24 0 -74572
-13 2 -13 5 -62370
22 -1 21 -1 -78132
-3 8 -5 8 -74548
-23 22 -17 23 -54518
3 -19 1 -19 -69768
-9 21 -9 23 -62202
-24 2 -22 0 -59752
-17 -24 -23 -16 -60276
-4 -13 -4 -11 -71596
-1 18 -2 23 -76152
-15 -16 -20 -11 -67700
-14 3 -12 3 -68560
21 -3 24 0 -70414
8 12 9 14 -71568
-14 -8 -16 -11 -65766
-24 -12 -19 -5 -72274
9 12 7 11 -69378
-17 -2 -17 0 -59082
15 -8 15 -1 -73602
-1 -6 0 -7 -69324
4 -23 4 -18 -53136
22 10 20 -24 -72018
-20 -5 -21 -2 -72022
-19 -2 -19 -3 -63090
23 14 21 9 -67204
-21 -8 -24 -17 -73146
-3 12 -3 11 -68568
-24 -2 -24 -4 -57422
1 13 0 14 -72904
-10 -15 -14 -15 -70870
21 -7 24 -2 -79096
2 -13 2 -14 -64622
16 -9 18 -9 -71514
-13 -5 -14 -8 -70950
-11 19 -6 24 -73470
18 5 18 3 -59552
-5 -5 -7 -2 -72414
18 -13 24 -16 -66364
-19 -10 -17 -9 -67302
-6 -22 -7 -18 -68308
24 4 20 4 -60280
13 8 10 7 -69484
-11 -19 -12 -22 -57548
8 -14 9 -10 -73134
-2 7 0 7 -76830
-20 -3 -18 -3 -70304
1 23 0 24 -56344
-20 3 -23 4 -65692
9 -20 7 -23 -51414
18 17 16 22 -69684
14 12 12 9 -73006
-17 -2 -14 -2 -66110
-4 16 -2 16 -72322
5 14 8 14 -67422
8 3 10 3 -69486
15 23 13 24 -45244
13 0 12 4 -67372
3 -20 -3 -23 -71454
-23 -16 15 -15 -75028
-1 -12 0 -11 -71694
-22 20 21 24 -67580
-15 -15 -19 -22 -68964
18 10 16 7 -63130
18 -4 19 -6 -68930
1 17 3 16 -67032
-5 -10 -6 -6 -67872
-9 -9 -5 -17 -79674
-21 -10 -21 -12 -71298
-23 15 -20 13 -58968
-18 15 -20 19 -67554
17 -18 14 -24 -62420
-16 17 -13 16 -68632
21 -1 21 5 -65856
-3 12 -2 8 -75268
0 22 0 24 -64626
0 -19 -3 -18 -67246
-1 2 -9 3 -85108
23 4 24 -10 -64800
1 11 -2 6 -72254
-22 -20 -22 -14 -61800
-12 14 -14 11 -71616
17 -12 16 -14 -73966
-11 -10 -15 -9 -61386
17 17 16 15 -68450
-8 7 -8 5 -62594
0 -17 2 -14 -75500
-24 -17 -22 -16 -29036
23 19 23 18 -51622
7 -16 7 -17 -65340
14 -6 -1 -6 -87414
-16 -8 -15 -11 -63716
19 -19 24 -15 -69816
22 -14 19 -16 -72746
9 -4 10 0 -67044
-2 -3 -2 -2 -66180
-24 18 22 9 -77894
22 19 24 -19 -73116
-23 23 23 14 -74030
16 5 13 6 -71550
7 12 9 10 -64346
-3 5 2 8 -79232
21 21 23 23 -31978
-13 10 -15 9 -67266
12 -4 13 -4 -68900
0 8 -2 9 -74862
23 -6 23 -3 -58180
-21 22 -20 16 -47954
2 1 3 4 -70778
11 7 12 5 -64056
11 16 11 17 -62652
17 6 17 9 -56906
-18 23 -22 13 -65210
17 23 16 20 -66788
-14 10 -15 11 -65236
11 3 10 5 -68818
-9 -6 -10 -5 -66576
-10 9 -9 14 -67278
14 17 15 14 -66112
5 5 6 3 -59506
23 -18 18 -23 -63160
11 -9 12 -9 -65008
16 -1 21 0 -74332
-7 14 -6 11 -68990
24 20 1 23 -63264
6 -13 7 -14 -69184
12 -6 14 -5 -69810
-1 -20 0 -23 -60034
13 -23 5 -22 -68128
16 9 13 10 -66746
0 22 -4 23 -73084
22 3 24 20 -72426
-20 8 -19 5 -66330
0 -24 -10 -23 -71816
-6 -5 -7 -5 -69034
-22 -15 -22 -18 -58512
-20 5 -16 6 -74596
-22 10 -20 10 -66554
-2 11 -2 6 -69962
3 -23 7 -24 -62344
-24 -20 -22 18 -78696
-7 18 -10 18 -68886
-11 14 -9 17 -63406
23 -5 20 -11 -75444
2 -7 1 -7 -65240
0 22 -1 19 -74694
-22 22 -16 23 -62260
5 19 10 18 -69802
24 12 19 16 -62828
-8 12 -11 10 -68996
15 -19 18 -22 -61864
23 21 21 14 -72374
-12 -19 -24 -24 -64992
-3 -2 -3 0 -64898
2 -21 6 -23 -69266
13 8 19 7 -73444
20 5 23 9 -58786
14 -7 15 -11 -75800
-18 10 -16 14 -71848
-19 6 -23 5 -75478
16 23 17 23 -54144
1 24 -4 23 -64570
-15 5 -17 3 -72928
2 1 0 0 -67788
-22 4 -23 2 -72986
5 -22 8 -21 -65006
2 1 -2 -9 -80940
-23 5 -23 4 -68418
0 -16 -1 -12 -66134
-19 12 -19 8 -73310
17 -13 23 -14 -75958
-17 6 -15 4 -63066
-12 17 -12 22 -55980
4 -12 1 -10 -77420
4 24 9 23 -63142
-20 4 -22 2 -76972
-10 -17 -24 -24 -73996
-21 -7 -18 -8 -69912
15 -15 13 -13 -64814
24 24 12 21 -63482
11 16 13 17 -68504
17 23 15 20 -71842
-23 -6 -20 -6 -62202
-1 0 1 -1 -73230
-7 4 -8 3 -64374
-24 9 -24 -10 -70770
17 -18 18 -15 -72458
11 -23 13 -24 -51794
22 -9 24 -19 -66108
-5 -13 -6 -13 -62420
-5 14 -5 16 -71418
8 17 7 13 -70394
12 0 12 1 -60974
-14 12 -14 8 -64730
-11 21 -13 22 -75778
5 -17 9 -23 -73688
0 -22 -6 -23 -70702
3 10 0 10 -67462
-9 -13 -11 -11 -68012
-7 -20 -7 -9 -73522
7 19 5 22 -72992
-14 3 -13 4 -70482
4 13 4 12 -57688
8 21 11 24 -58204
-3 -17 -2 -15 -63862
23 -11 23 19 -73744
-13 -11 -13 -15 -65502
23 13 23 18 -61410
18 -20 14 -24 -52826
-8 9 -5 10 -65436
20 -14 21 -24 -67958
-11 -15 -8 -16 -66798
-5 20 -8 20 -68788
5 -24 0 -24 -61314
-8 -1 -11 -1 -63712
-23 5 -24 1 -71146
24 20 24 9 -67072
-9 0 -9 -2 -61800
-16 -23 -15 -20 -41568
-17 -23 -17 24 -79780
-20 -24 -19 14 -81826
-1 -24 6 -21 -68026
7 14 5 16 -69364
-23 -5 -23 -4 -63174
-14 23 -13 21 -56248
9 -3 10 -7 -66922
-3 -22 -2 -24 -46474
-2 -1 -3 -1 -69924
-14 23 -20 22 -62774
-4 3 -6 1 -70084
22 17 22 23 -51376
7 -21 11 -16 -75856
11 -5 9 -5 -70336
11 13 11 11 -62592
-14 20 -18 18 -61692
-9 -23 2 -24 -75018
-11 10 -8 9 -66772
-11 21 -10 24 -65752
-9 22 -12 24 -65850
9 22 -13 22 -77142
-24 -3 -24 -20 -71156
1 18 1 14 -68286
6 -2 4 -4 -68266
16 0 18 -1 -67592
3 -18 4 -16 -68350
18 -2 17 -5 -69768
21 -3 22 0 -67888
5 10 5 7 -54260
7 -5 5 -6 -67764
-3 -9 -2 -11 -68430
-4 -22 0 -20 -70572
15 24 24 24 -47258
14 24 8 22 -61218
11 17 10 18 -67718
-13 22 -12 24 -58602
7 6 7 8 -52990
-24 4 -19 22 -78748
21 1 24 0 -69090
23 -10 18 -9 -71270
23 -15 23 -12 -58918
23 -6 18 -6 -78530
-19 -6 -19 -8 -62496
-10 16 -13 18 -72292
12 10 13 14 -72462
18 2 20 -2 -69490
2 1 3 -2 -64200
-3 13 -2 11 -76130
4 23 9 22 -68276
-24 8 -23 9 -46710
11 2 10 1 -64972
-6 -22 -8 -19 -67732
9 -19 11 -23 -57302
-20 -2 -22 -4 -68506
-24 -22 6 -21 -70516
17 14 18 14 -64834
-17 18 -19 18 -69236
16 -13 20 -23 -76828
17 24 -11 24 -66512
5 -13 4 -9 -71284
-5 19 -2 14 -80962
-14 20 -11 24 -68584
-5 -17 -6 -24 -72106
10 -7 9 -9 -58076
17 -3 16 -3 -66942
-6 -11 -9 -12 -68548
17 -18 20 -17 -75976
-22 -2 -24 1 -60728
5 19 4 15 -70988
-12 3 -10 2 -67090
15 18 15 15 -66882
18 14 15 13 -69980
21 12 24 4 -65184
-2 0 -3 2 -73018
-9 -23 -14 -19 -65294
-6 -22 -10 -21 -67406
16 -19 23 -18 -73276
-23 -21 -3 -24 -71304
21 13 18 14 -66596
-4 -22 -12 -23 -73258
18 -8 19 -13 -69572
-18 -14 -18 -17 -57174
-10 -7 -10 -10 -65526
-4 -11 -3 -9 -76028
11 18 16 17 -68166
5 17 5 20 -73194
-17 22 -14 20 -63118
-19 -12 -21 -8 -71140
24 7 -24 5 -71144
-23 17 -23 15 -49198
-9 23 -14 24 -70612
-21 -22 -17 -19 -54896
6 -19 8 -19 -70494
