18 -20 21 -16 -65921
13 -24 14 -21 -43759
9 -22 8 -1 -75897
-12 8 -12 4 -62201
14 -11 18 -10 -77281
21 -22 24 -23 -31869
-7 23 -6 17 -65727
-23 20 -22 14 -54517
-1 -21 0 -21 -59131
-2 -17 -5 -15 -64733
-3 20 -5 23 -63959
-24 -14 -18 -12 -64277
-20 8 -21 4 -65729
0 -7 0 -5 -68417
-11 -18 -8 -24 -66073
17 -5 16 -10 -65025
-22 17 -18 20 -60017
-2 22 6 24 -78187
-21 2 -21 0 -60061
-24 -16 -24 -12 -53959
-10 -16 -12 -19 -64843
-7 -5 -7 -2 -62123
-24 24 -15 22 -50555
19 -8 24 -6 -65043
24 -3 21 -3 -53701
0 -2 1 0 -72167
-20 12 -18 12 -62839
7 8 7 9 -63115
-20 13 -21 8 -67767
-4 5 -5 5 -63111
11 13 9 14 -69935
-8 8 -6 8 -67937
-16 19 -14 21 -61863
-4 24 -1 23 -60751
6 22 5 20 -62127
7 24 7 20 -52357
12 -15 12 -16 -55749
24 -11 -24 17 -73611
2 4 1 5 -68067
-16 -17 -19 -17 -67243
-19 14 -15 15 -68065
12 24 10 22 -65153
6 -11 8 -8 -75465
-2 14 -2 16 -64091
-13 6 -11 7 -69081
-2 20 0 22 -69851
-6 -18 -4 -17 -64129
19 -1 18 -2 -63645
4 -16 4 -15 -59289
-1 -8 -2 -8 -55307
24 -13 22 -5 -53107
-24 8 -24 3 -58257
8 -15 11 -17 -68453
7 5 10 3 -72823
20 15 23 9 -62603
-8 16 -11 20 -71255
4 8 3 7 -67283
0 14 2 15 -65127
11 11 13 8 -66837
-14 24 0 24 -63573
-3 -3 -4 -4 -72185
-24 -6 -22 -12 -65243
18 -22 19 -22 -48265
-19 -17 -15 -22 -74241
24 7 24 11 -49199
-13 -13 -15 -12 -68781
-3 18 -2 16 -69875
9 0 11 0 -74193
11 -3 11 -4 -62543
4 -14 8 -15 -73363
-11 -2 -10 -4 -63673
-3 1 -5 -22 -79209
17 -19 19 -20 -65693
-16 -6 -15 -6 -60759
1 -9 1 -11 -62239
-7 -23 23 -24 -65247
11 -14 9 -16 -67769
21 -9 23 4 -83617
7 19 7 21 -62341
12 -11 11 -10 -66601
-7 -16 -9 -19 -63749
-2 -2 -23 -24 -69661
-16 0 -17 0 -64711
-24 -20 -23 -19 -29035
23 0 24 8 -57639
-18 -21 -11 -24 -59459
19 17 15 24 -59645
0 5 -2 5 -64929
-8 -10 -9 -13 -65269
14 -20 14 -18 -59499
20 24 -12 17 -81379
1 0 0 2 -64659
11 20 11 19 -64363
22 -18 22 -24 -42673
-13 -6 -13 -5 -57721
10 7 11 10 -66395
13 18 14 20 -68157
6 24 -21 24 -63459
7 21 11 24 -72219
22 -24 -16 -21 -67655
-8 -17 -8 -15 -56027
24 -3 21 0 -58765
-14 -16 -16 -13 -76621
0 -14 0 -23 -71201
19 4 19 0 -56473
10 -10 6 -11 -72279
21 17 18 16 -62565
-22 -13 -20 -10 -69253
11 -18 12 -20 -69179
-2 19 0 16 -71731
5 1 2 1 -75563
-4 4 -3 12 -78535
21 15 23 17 -61923
-13 13 -15 16 -73635
-12 2 -12 0 -58959
-4 -8 -4 -9 -63463
11 23 13 21 -56267
-3 -14 -4 -15 -68927
-11 12 -12 13 -66679
-20 -11 -20 -13 -62003
16 13 14 10 -60843
-23 -4 -20 -5 -76861
9 -19 8 -18 -68631
-3 21 -4 20 -63849
-5 3 -5 1 -63597
-24 21 -22 6 -66619
-1 -4 0 -3 -72815
-17 1 -18 6 -67889
14 2 15 2 -58341
0 24 0 22 -55399
14 -1 15 -3 -64575
15 21 15 19 -64223
17 24 15 22 -60943
13 5 8 -14 -89687
17 -12 15 -10 -65771
10 -15 7 -17 -68507
-16 -23 -21 -21 -60555
-23 -12 -23 -4 -65505
-21 -1 -24 -6 -68389
16 4 14 2 -62125
0 -19 0 -22 -64165
-16 -3 -15 -2 -66693
-12 -14 -12 -13 -66119
24 14 21 14 -51093
22 -8 23 -5 -68249
1 10 4 8 -61763
6 3 6 2 -58349
3 -10 1 -11 -66867
15 -3 -24 -22 -74707
-2 14 -1 15 -68099
-19 -21 -22 -15 -64853
6 11 4 10 -69215
16 4 16 7 -66789
-4 -11 -2 -11 -61229
2 -15 0 -15 -63531
9 -15 9 -18 -59537
10 -23 18 -24 -55441
7 -1 7 3 -59647
0 -12 0 -14 -66489
9 14 9 15 -58013
0 -3 1 -5 -64017
8 -8 9 -9 -65961
21 -18 21 -14 -57951
7 15 6 15 -67707
7 9 3 8 -70739
-15 0 -13 1 -64423
2 -3 1 -4 -70733
-13 -24 -6 -21 -64869
-22 13 -20 9 -69253
-13 -3 -11 -4 -60991
14 4 14 5 -59029
24 13 22 12 -46587
21 -15 21 -24 -60695
-19 -20 -18 -23 -45755
20 14 18 14 -60343
-18 13 -2 1 -88669
0 -20 -3 -23 -60261
-13 -17 -15 -15 -73965
1 -15 1 -16 -62473
-15 -19 -12 -19 -68367
9 16 6 16 -70369
5 -20 6 -22 -67125
5 -13 3 -14 -72209
-8 -8 -10 -9 -62895
24 -8 24 -16 -53577
3 -9 2 -8 -68781
-1 4 -1 2 -67247
22 -22 24 -24 -23129
21 8 21 12 -62127
-11 -19 -13 -19 -70107
-12 -7 -9 24 -78495
-7 -20 -13 -24 -66829
11 9 10 9 -62347
18 -8 12 -6 -74959
-5 -18 -6 -23 -73225
-7 1 -7 0 -61105
23 4 24 6 -59647
-7 5 -8 7 -66583
20 -6 21 -9 -59677
-24 -10 -22 -20 -66323
-7 15 -11 16 -75985
-13 2 -13 5 -60965
19 22 9 24 -73381
-24 5 -24 15 -63021
-23 22 -17 23 -54433
3 -19 1 -19 -66495
-9 21 -9 23 -57789
-24 2 -22 0 -53147
-17 -24 -23 -16 -66965
8 -3 4 -4 -77789
0 18 3 19 -72817
-8 -15 -8 -12 -64571
-14 3 -12 3 -67383
21 -3 24 0 -63099
8 12 9 14 -62783
-14 -8 -16 -11 -74453
-24 -12 -19 -5 -74629
9 12 7 11 -70777
-17 -2 -17 0 -65487
8 -24 6 -22 -55107
2 -11 4 -11 -70629
4 -23 4 -18 -59341
-18 -1 -20 -2 -70265
-20 -5 -21 -2 -72617
-19 -2 -19 -3 -66533
23 14 21 9 -56921
-21 0 -24 0 -59547
-3 12 -3 11 -62443
-24 -2 -24 -4 -52227
6 -21 5 -21 -70733
-10 -15 -14 -15 -71475
21 -18 24 -19 -40219
2 -13 2 -14 -65323
16 -9 18 -9 -69099
-11 -5 -9 -10 -64429
-6 -13 -5 -15 -64099
18 5 18 3 -60671
4 -1 2 -1 -74433
18 -13 24 -16 -62359
-19 -10 -17 -9 -73063
-6 -22 -7 -18 -72769
24 4 20 4 -61461
-13 10 -11 13 -69503
-11 -19 -12 -22 -57541
8 -13 9 -10 -66817
-2 7 0 7 -62743
1 0 1 -2 -66541
1 23 0 24 -60913
-1 -20 23 -23 -69841
9 -20 7 -23 -50167
-9 -4 -7 -2 -67227
13 0 12 -2 -67437
2 9 2 12 -62189
-4 16 -2 16 -65975
-16 8 -16 7 -59031
8 3 10 3 -74717
15 23 13 24 -53399
-7 14 -6 18 -69657
-24 -17 -24 -21 -35213
12 -12 12 -7 -67831
18 -17 16 -17 -63267
3 23 -2 24 -76767
-15 -15 -19 -8 -79141
-24 3 -21 -17 -72487
18 -4 19 -6 -64151
-16 -9 -15 -7 -70935
-1 12 -6 9 -71231
4 -6 3 -9 -67797
8 -5 8 -6 -66601
-23 15 -20 13 -57327
-18 15 -20 19 -66659
17 -18 14 -24 -65045
-16 17 -13 16 -73439
-23 -10 -19 -9 -70723
18 -24 22 0 -79099
0 22 0 24 -55921
0 -19 -3 -18 -64671
-20 16 -22 16 -53421
23 4 24 -10 -70993
1 11 -2 6 -73975
-17 -16 -18 -19 -62339
-16 -8 -18 -12 -77729
17 -12 16 -14 -69993
-7 -6 -6 -10 -65443
-3 -13 -2 -10 -68825
-8 7 -8 5 -59927
16 14 15 14 -61873
-24 -17 -22 -16 -38977
23 19 23 18 -55673
4 -24 1 -20 -62843
4 20 0 23 -71121
15 -15 16 -10 -68265
14 8 -16 6 -78245
4 19 5 14 -69797
9 -4 10 0 -68083
-2 -3 -2 -2 -71767
15 -13 10 -14 -75945
22 6 20 4 -64941
-23 23 23 14 -67313
2 22 5 23 -64861
7 12 9 10 -67867
24 -24 23 4 -69379
21 21 23 23 -35453
-13 10 -15 9 -66925
12 -4 13 -4 -66819
-4 9 -4 7 -66919
23 -6 23 -3 -59375
-21 22 -20 16 -50001
-24 -18 19 -18 -71559
11 7 12 5 -64397
11 16 11 17 -60541
17 6 17 9 -68975
-18 23 -22 13 -61423
17 23 16 20 -67695
-14 10 -15 11 -70039
9 -3 12 -5 -76091
1 5 0 2 -71409
-10 9 -9 14 -67631
14 17 15 14 -61521
5 5 6 3 -63777
23 -18 18 -23 -56081
11 -9 12 -9 -68921
-17 15 -17 10 -62159
-7 14 -6 11 -62363
24 20 1 23 -66603
6 -13 7 -14 -65837
11 0 12 0 -71319
-1 -20 0 -23 -61985
23 -6 5 -22 -78075
16 9 13 10 -60389
4 15 5 17 -67195
-9 21 -6 23 -62979
-20 8 -19 5 -66439
0 -24 -10 -23 -60025
-6 -5 -7 -5 -60851
-22 -15 -22 -18 -58749
-20 5 -16 6 -65955
-22 10 -20 10 -52507
-22 -11 -24 23 -68641
3 -23 7 -24 -66665
-24 -20 -22 18 -71131
-7 18 -10 18 -73613
-16 0 -16 1 -62103
23 -5 20 -11 -72693
2 -7 1 -7 -64317
0 22 -1 19 -63983
-1 2 3 6 -76061
10 -22 13 -22 -55817
24 12 19 16 -58247
-15 -9 -16 -7 -64969
15 -19 18 -22 -66079
21 21 22 14 -64237
-12 -19 -24 -24 -58413
-3 -2 -3 0 -69259
-23 -13 -24 -15 -51837
15 12 15 13 -55105
2 -19 6 -17 -72947
14 -7 15 -11 -67175
9 2 11 4 -71273
-15 -20 -14 -17 -62153
16 23 17 23 -60131
1 24 -4 23 -66785
-14 15 -13 18 -67443
2 1 0 0 -69435
-22 4 -23 2 -68919
5 -22 8 -21 -64887
24 23 -17 23 -67555
-23 5 -23 4 -59355
23 19 22 18 -55333
-19 12 -19 8 -69607
17 -13 23 -14 -64783
-17 6 -15 4 -67823
-12 17 -12 22 -62971
0 10 1 7 -67175
4 24 9 23 -59751
12 -15 15 -15 -69719
23 1 18 3 -72789
-21 -7 -18 -8 -73455
15 -15 13 -13 -64389
24 24 12 21 -66585
11 16 13 17 -61035
17 23 15 20 -74385
-23 -6 -20 -6 -75277
-1 0 1 -1 -63843
-7 4 -8 3 -62775
-4 16 -7 16 -69269
17 -18 18 -15 -64867
11 -23 13 -24 -51763
22 -9 24 -19 -62297
-5 -13 -6 -13 -64107
-8 18 -9 16 -70669
-18 6 -15 6 -69047
12 0 12 1 -53345
-14 12 -14 8 -63795
-11 21 -13 22 -67989
-11 -6 -10 -5 -62179
0 -22 -6 -23 -59705
24 2 24 -20 -74085
23 -13 20 -16 -52397
10 -4 10 -7 -68515
5 16 4 20 -67819
-14 3 -13 4 -68297
4 13 4 12 -58261
8 21 11 24 -72493
-3 -17 -2 -15 -65905
20 -7 21 -6 -70143
-13 -11 -13 -15 -69887
23 13 23 18 -58627
18 -20 14 -24 -54999
-8 9 -5 10 -70107
-20 -11 -17 -15 -72233
-11 -15 -8 -16 -61333
-5 20 -8 20 -67873
5 -24 0 -24 -59295
-8 -1 -11 -1 -62545
-23 5 -24 1 -66533
24 20 24 9 -62247
-9 0 -9 -2 -60099
-16 -23 -15 -20 -43215
21 4 22 24 -71195
-5 16 -3 18 -71037
-1 -24 6 -21 -66899
8 7 9 8 -72243
-23 -5 -23 -4 -58659
-14 23 -13 21 -54671
-12 13 -11 19 -72829
-3 -22 -2 -24 -46383
-2 -1 -3 -1 -60327
-14 23 -20 22 -63679
-4 3 -6 1 -65637
22 17 22 23 -53815
-4 -9 -4 -10 -64479
11 -5 9 -5 -71261
11 13 11 11 -57991
-14 20 -18 18 -70521
-13 15 -15 17 -76353
-11 10 -8 9 -66643
-11 21 -10 24 -63179
-9 22 -12 24 -59357
12 -20 13 -23 -59685
-24 12 -24 11 -48927
1 18 1 14 -68847
3 5 2 7 -70735
16 0 18 -1 -61603
-17 -14 -15 -13 -67865
18 -2 17 -5 -67267
21 -3 22 0 -67237
-21 0 -17 0 -71805
7 -5 5 -6 -73061
19 -18 20 -21 -59395
-4 -6 -5 -5 -57991
15 24 24 24 -47649
14 24 8 22 -70611
11 17 10 18 -71387
-13 22 -12 24 -56435
7 6 7 8 -64609
17 -10 16 -11 -69115
21 1 24 0 -63509
23 -10 18 -9 -58205
23 -15 23 -12 -53121
-9 12 -13 11 -71425
-19 -6 -19 -8 -63075
0 -11 -1 -10 -63577
24 7 23 4 -60871
18 2 20 -2 -66135
-13 -5 -13 -2 -63473
-3 13 -2 11 -62593
4 23 9 22 -63493
-24 8 -23 9 -40749
2 22 1 22 -75553
-6 -22 -8 -19 -71335
9 -19 11 -23 -68917
-20 -2 -22 -4 -74419
-24 -22 6 -21 -70607
17 14 18 14 -60793
-17 18 -19 18 -69395
16 6 20 6 -57961
17 24 -11 24 -71693
5 -13 4 -9 -64391
-9 14 -10 13 -67329
-14 20 -11 24 -66367
-5 -17 -6 -24 -74349
10 -7 9 -9 -67499
-24 0 -22 2 -61775
-6 -11 -9 -12 -65227
15 6 17 7 -59297
-22 -2 -24 1 -55635
-17 -23 4 -24 -69851
-12 3 -10 2 -63627
15 18 15 15 -58903
24 3 21 5 -60563
21 12 24 4 -63507
-2 0 -3 2 -68385
-9 -23 -14 -19 -68239
-6 -22 -10 -21 -62835
18 8 18 9 -65553
-23 -21 -3 -24 -70671
6 -4 6 2 -63483
-23 7 -21 6 -51069
19 22 -4 15 -81473
-18 -14 -18 -17 -62327
-10 -7 -10 -10 -63011
-23 -5 -20 -8 -74415
11 18 16 17 -70327
5 1 8 0 -76329
-17 22 -14 20 -63499
-19 -12 -21 -8 -69275
24 7 -24 5 -66205
-23 17 -23 15 -44269
-9 23 -14 24 -62557
-21 -22 -17 -19 -53039
6 -3 7 -5 -70289
