18 -20 21 -16 -64944
13 -24 14 -21 -42002
0 -22 -7 -24 -69754
-12 8 -12 4 -59110
9 -19 14 -20 -70204
21 -22 24 -23 -43108
-7 23 -6 17 -67824
-23 20 -22 14 -64648
-1 -21 0 -21 -57412
-2 -17 -5 -15 -66648
-3 20 -5 23 -66436
-24 -14 -18 -12 -64194
-20 8 -21 4 -61070
0 -7 0 -5 -72202
-11 -18 -8 -24 -56154
17 -5 16 -10 -64330
-22 17 -18 20 -64698
18 24 16 24 -62666
-21 2 -21 0 -57810
-24 -16 -24 -12 -59156
-10 -16 -12 -19 -68292
-7 -5 -7 -2 -58586
-24 24 -15 22 -52900
19 -8 24 -6 -67798
24 -3 21 -3 -57026
0 -2 1 0 -79318
-20 12 -18 12 -64810
7 8 7 9 -64072
-20 13 -21 8 -65348
-4 5 -5 5 -65210
11 13 9 14 -66280
-8 8 -6 8 -67934
-16 19 -14 21 -65508
-4 24 -1 23 -61850
6 22 5 20 -61372
7 24 7 20 -53934
12 -15 12 -16 -49544
24 -11 -24 17 -73826
2 4 1 5 -68790
-16 -17 -19 -17 -64112
-19 14 -15 15 -72094
12 24 10 22 -61260
6 -11 8 -8 -70312
-2 14 -2 16 -68680
-13 6 -11 7 -67964
-2 20 0 22 -67860
-6 -18 -4 -17 -64716
19 -1 18 -2 -67344
4 -16 4 -15 -60052
-1 -8 -2 -8 -58290
24 -13 22 -5 -52270
-24 8 -24 3 -56702
-6 0 -7 -1 -78558
15 5 13 7 -70326
20 15 23 9 -64164
-8 16 -11 20 -70322
4 8 3 7 -72106
0 14 2 15 -68550
11 11 13 8 -67412
-14 24 0 24 -65654
-3 -3 -4 -4 -76192
-24 -6 -22 -12 -63774
18 -22 19 -22 -52290
-19 -17 -15 -22 -73088
24 7 24 11 -51254
-13 -13 -15 -12 -63150
-3 18 -2 16 -68104
9 0 11 0 -71048
11 -3 11 -4 -61918
23 -9 19 -12 -63502
-11 -2 -10 -4 -60386
-9 19 -7 15 -70668
17 -19 19 -20 -68862
-16 -6 -15 -6 -64072
1 -9 1 -11 -66690
-7 -23 23 -24 -65180
11 -14 9 -16 -63964
-15 -11 -16 -8 -66248
7 19 7 21 -66404
12 -11 11 -10 -61012
-7 -16 -9 -19 -65812
-2 -2 -23 -24 -70538
-16 0 -17 0 -66942
-24 -20 -23 -19 -27960
23 0 24 8 -62096
-18 -21 -11 -24 -58496
19 17 15 24 -61956
0 5 -2 5 -65672
-8 -10 -9 -13 -62714
14 -20 14 -18 -57126
1 -6 0 -9 -72472
1 0 0 2 -66534
11 20 11 19 -65802
22 -18 22 -24 -42088
-13 -6 -13 -5 -56894
10 7 11 10 -66456
13 18 14 20 -65286
6 24 -21 24 -67688
7 21 11 24 -71068
22 -24 -16 -21 -66126
-8 -17 -8 -15 -66524
24 -3 21 0 -60884
10 17 -11 2 -88694
-11 -12 -11 -21 -77144
19 4 19 0 -57940
10 -10 6 -11 -65060
21 17 18 16 -69814
-22 -13 -20 -10 -71422
11 -18 12 -20 -65620
-2 -16 24 20 -81456
18 1 20 1 -71966
4 -17 2 -15 -59130
21 15 23 17 -65602
-13 13 -15 16 -66084
-12 2 -12 0 -50126
-4 -8 -4 -9 -67978
11 23 13 21 -51424
-19 -10 -19 -16 -77724
-11 12 -12 13 -63988
-20 -11 -20 -13 -69866
16 13 14 10 -60862
-2 17 0 15 -70036
9 -19 8 -18 -57022
-3 21 -4 20 -64008
-5 3 -5 1 -63010
2 0 1 -4 -83948
-7 12 -7 13 -72662
-17 1 -18 6 -63072
14 2 15 2 -62322
0 24 0 22 -56228
14 -1 15 -3 -64922
15 21 15 19 -60898
17 24 15 22 -51610
-14 -4 -11 -1 -73350
17 -12 15 -10 -61416
10 -15 7 -17 -65330
-16 -23 -21 -21 -59866
-23 -12 -23 -4 -66996
-21 -1 -24 -6 -70224
16 4 14 2 -62756
0 -19 0 -22 -52218
-16 -3 -15 -2 -72280
-12 -14 -12 -13 -68750
24 14 21 14 -57248
22 -8 23 -5 -60004
1 10 4 8 -66072
6 3 6 2 -57854
-24 7 -18 7 -66668
6 17 5 20 -75324
-2 14 -1 15 -68044
-19 -21 -22 -15 -65064
4 22 3 22 -68818
16 4 16 7 -71368
-4 -11 -2 -11 -62296
2 -15 0 -15 -51758
-6 -4 19 -6 -82906
10 -23 18 -24 -54720
7 -1 7 3 -60496
0 -12 0 -14 -70368
9 14 9 15 -60314
0 -3 1 -5 -63952
8 -8 9 -9 -60760
21 -18 21 -14 -60976
7 15 6 15 -59168
7 9 3 8 -73850
-15 0 -13 1 -68850
2 -3 1 -4 -70072
-13 -24 -6 -21 -65104
-22 13 -20 9 -66354
-13 -3 -11 -4 -62764
14 4 14 5 -62338
24 13 22 12 -50504
21 -15 21 -24 -59634
-19 -20 -18 -23 -45526
20 14 18 14 -66224
-2 10 -2 11 -71124
0 -20 -3 -23 -60172
-13 -17 -15 -15 -69372
1 -15 1 -16 -59688
-15 -19 -12 -19 -67314
-1 1 19 -7 -85568
5 -20 6 -22 -60736
5 -13 3 -14 -60734
-8 -8 -10 -9 -67494
24 -8 24 -16 -54498
3 -9 2 -8 -61952
-1 4 -1 2 -66794
22 -22 24 -24 -27200
21 8 21 12 -63248
-11 -19 -13 -19 -70238
8 -17 8 -15 -52172
-7 -20 -13 -24 -66894
11 9 10 9 -58594
20 -8 18 -5 -74236
-5 -18 -6 -23 -56344
-7 1 -7 0 -56804
23 4 24 6 -62100
-7 5 -8 7 -63854
20 -6 21 -9 -63152
-24 -10 -22 -20 -71352
-3 15 -6 14 -76024
-13 2 -13 5 -57296
-6 -11 -10 -9 -73052
-24 5 -24 15 -61152
-23 22 -17 23 -56780
20 -5 10 -1 -78952
-9 21 -9 23 -59340
-24 2 -22 0 -54386
-17 -24 -23 -16 -67158
-10 20 -8 22 -69886
0 18 3 19 -73852
-8 -15 -8 -12 -67298
-14 3 -12 3 -68364
21 -3 24 0 -61480
8 12 9 14 -61902
-14 -8 -16 -11 -70112
-24 -12 -19 -5 -74930
9 12 7 11 -65262
-17 -2 -17 0 -58790
8 -24 6 -22 -54156
3 -2 7 -1 -67800
-23 -7 9 13 -88558
-18 -1 -20 -2 -72282
-20 -5 -21 -2 -69740
-19 -2 -19 -3 -66624
23 14 21 9 -58632
-21 0 -24 0 -57280
-3 12 -3 11 -74694
-24 -2 -24 -4 -54048
21 -21 23 -21 -52632
-10 -15 -14 -15 -71642
21 -18 24 -19 -53252
2 -13 2 -14 -69622
16 -9 18 -9 -61694
22 -16 21 -15 -65778
-6 -13 -5 -15 -73162
18 5 18 3 -63178
4 13 2 17 -71630
18 -13 24 -16 -74748
-19 -10 -17 -9 -71504
-6 -22 -7 -18 -55840
24 4 20 4 -59600
-13 10 -11 13 -71902
-11 -19 -12 -22 -55552
8 -13 9 -10 -63734
-2 7 0 7 -63904
1 0 1 -2 -75000
1 23 0 24 -60244
-1 -20 23 -23 -68814
9 -20 7 -23 -42866
-9 -4 -7 -2 -73126
13 0 12 -2 -64264
2 9 2 12 -66630
-4 16 -2 16 -68300
-16 8 -16 7 -52984
8 3 10 3 -68024
15 23 13 24 -45612
-7 14 -6 18 -73382
-24 -17 -24 -21 -37354
12 -12 12 -7 -64524
18 -17 16 -17 -60284
3 23 -2 24 -73776
2 -13 3 -11 -69792
-24 3 -21 -17 -73914
18 -4 19 -6 -69142
-16 -9 -15 -7 -68044
-1 12 -6 9 -76928
4 -6 3 -9 -69648
8 -5 8 -6 -64374
-23 15 -20 13 -57584
-18 15 -20 19 -68260
17 -18 14 -24 -60780
-16 17 -13 16 -66896
-23 -10 -19 -9 -69832
20 9 22 -22 -76666
0 22 0 24 -56556
0 -19 -3 -18 -63894
-20 16 -22 16 -55080
23 4 24 -10 -65202
1 11 -2 6 -74486
-17 -16 -18 -19 -64730
22 -1 22 20 -70370
17 -12 16 -14 -64476
-7 -6 -6 -10 -68428
-3 -13 -2 -10 -69042
-8 7 -8 5 -56462
16 14 15 14 -62790
-24 -17 -22 -16 -37166
23 19 23 18 -53858
4 -24 1 -20 -58496
4 20 0 23 -74458
15 -15 16 -10 -64428
-23 24 0 21 -68344
-24 19 -24 14 -55424
9 -4 10 0 -68132
-2 -3 -2 -2 -73912
3 -23 3 -21 -46076
22 6 20 4 -66876
-23 23 23 14 -69372
2 22 5 23 -65650
7 12 9 10 -64838
24 -24 23 4 -69938
21 21 23 23 -36128
-13 10 -15 9 -66534
12 -4 13 -4 -64646
-4 9 -4 7 -59258
23 -6 23 -3 -54518
-21 22 -20 16 -53578
-23 -23 -20 -1 -73398
11 7 12 5 -68060
11 16 11 17 -62252
17 6 17 9 -72336
-18 23 -22 13 -68296
17 23 16 20 -54058
-14 10 -15 11 -67242
-24 -4 -23 18 -72610
1 5 0 2 -68496
-10 9 -9 14 -74054
14 17 15 14 -62724
5 5 6 3 -59196
23 -18 18 -23 -58236
11 -9 12 -9 -60974
-17 15 -17 10 -62526
-7 14 -6 11 -74894
24 20 1 23 -65366
6 -13 7 -14 -56838
11 0 12 0 -69690
-1 -20 0 -23 -56000
-7 -14 -6 -19 -71108
16 9 13 10 -65812
4 15 5 17 -65648
-9 21 -6 23 -65312
3 10 5 10 -71394
0 -24 -10 -23 -65402
-6 -5 -7 -5 -70082
-22 -15 -22 -18 -60964
-20 5 -16 6 -69136
-22 10 -20 10 -59996
-22 -11 -24 23 -72986
3 -23 7 -24 -55144
-24 -20 -22 18 -73402
-22 -8 -3 -5 -79548
8 -1 5 -5 -74666
23 7 -24 -11 -76684
2 -7 1 -7 -53618
0 22 -1 19 -63712
-1 2 3 6 -71704
10 -22 13 -22 -59812
24 12 19 16 -63412
-15 -9 -16 -7 -67472
15 -19 18 -22 -66458
21 21 22 14 -61078
-12 -19 -24 -24 -56154
-3 -2 -3 0 -70586
-23 -13 -24 -15 -53938
15 12 15 13 -54144
2 -19 6 -17 -57976
14 -7 15 -11 -65950
9 2 11 4 -67448
-15 -20 -14 -17 -64702
16 23 17 23 -65434
1 24 -4 23 -64702
-14 15 -13 18 -73398
2 1 0 0 -64824
-22 4 -23 2 -69468
5 -22 8 -21 -49776
24 23 -17 23 -63934
-23 5 -23 4 -57748
23 19 22 18 -57728
-19 12 -19 8 -65530
17 -13 23 -14 -71888
-17 6 -15 4 -65752
-12 17 -12 22 -64662
0 10 1 7 -66822
4 24 9 23 -61640
12 -15 15 -15 -58414
2 13 5 14 -74476
-21 -7 -18 -8 -71786
15 -15 13 -13 -59036
24 24 12 21 -70342
11 16 13 17 -60450
15 23 15 -13 -74732
-23 -6 -20 -6 -66968
-1 0 1 -1 -62786
-7 4 -8 3 -67644
-4 16 -7 16 -72510
17 -18 18 -15 -63090
11 -23 13 -24 -53342
22 -9 24 -19 -67552
-5 -13 -6 -13 -67892
-8 18 -9 16 -70954
-18 6 -15 6 -70242
12 0 12 1 -52378
-14 12 -14 8 -62204
-11 21 -13 22 -66110
-11 -6 -10 -5 -67950
0 -22 -6 -23 -72122
24 2 24 -20 -72892
23 -13 20 -16 -57758
10 -4 10 -7 -65998
5 16 4 20 -75474
-14 3 -13 4 -68582
4 13 4 12 -60578
8 21 11 24 -71418
-3 -17 -2 -15 -55344
20 -7 21 -6 -67716
-13 -11 -13 -15 -70606
23 13 23 18 -58120
18 -20 14 -24 -51692
-8 9 -5 10 -69992
-20 -11 -17 -15 -71736
-11 -15 -8 -16 -65908
-5 20 -8 20 -66364
5 -24 0 -24 -49568
-8 -1 -11 -1 -64356
-23 5 -24 1 -66600
24 20 24 9 -61888
-15 20 -12 24 -62748
-16 -23 -15 -20 -41696
2 -2 -9 -6 -92162
20 -2 19 -2 -70360
-1 -24 6 -21 -55742
8 7 9 8 -69628
-23 -5 -23 -4 -59436
-14 23 -13 21 -54838
-12 13 -11 19 -77890
-3 -22 -2 -24 -42942
-2 -1 -3 -1 -66492
-14 23 -20 22 -67246
-4 3 -6 1 -71448
22 17 22 23 -49876
-4 -9 -4 -10 -68708
11 -5 9 -5 -66076
11 13 11 11 -59074
-14 20 -18 18 -75744
-18 13 -15 18 -75338
-11 10 -8 9 -62682
-11 21 -10 24 -63238
-9 22 -12 24 -57566
12 -20 13 -23 -58478
-24 12 -24 11 -47404
1 18 1 14 -69962
3 5 2 7 -70742
16 0 18 -1 -67636
-17 -14 -15 -13 -67888
18 -2 17 -5 -62998
21 -3 22 0 -61822
-21 0 -17 0 -71190
7 -5 5 -6 -67540
19 -18 20 -21 -62024
-4 -6 -5 -5 -64960
15 24 24 24 -56108
14 24 8 22 -63926
11 17 10 18 -68102
-13 22 -12 24 -54176
7 6 7 8 -66140
17 -10 16 -11 -61748
21 1 24 0 -64278
23 -10 18 -9 -65204
23 -15 23 -12 -55646
-9 12 -13 11 -67562
-19 -6 -19 -8 -62556
0 -11 -1 -10 -62794
24 7 23 4 -63826
18 2 20 -2 -66528
-13 -5 -13 -2 -63088
-3 13 -2 11 -70028
4 23 9 22 -64834
-24 8 -23 9 -42538
2 22 1 22 -73122
-22 0 -22 0 -241162
9 -19 11 -23 -67642
-20 -2 -22 -4 -76034
-24 -22 6 -21 -66240
17 14 18 14 -63016
-17 18 -19 18 -72618
16 6 20 6 -62074
17 24 -11 24 -65870
5 -13 4 -9 -65018
-9 14 -10 13 -66682
13 4 -11 23 -86744
-5 -10 -6 -9 -74660
10 -7 9 -9 -62906
-24 0 -22 2 -60948
-6 -11 -9 -12 -69048
15 6 17 7 -61802
-22 -2 -24 1 -56330
-17 -23 4 -24 -69020
-12 3 -10 2 -60848
15 18 15 15 -59168
24 3 21 5 -57980
21 12 24 4 -66016
-2 0 -3 2 -69564
-9 -23 -14 -19 -64866
-6 -22 -10 -21 -56800
18 8 18 9 -67302
-23 -21 -3 -24 -67386
6 -4 6 2 -67004
-23 7 -21 6 -55462
22 17 20 17 -63562
-18 -14 -18 -17 -65980
-10 -7 -10 -10 -58962
-23 -5 -20 -8 -68002
11 18 16 17 -67704
5 1 8 0 -69746
-17 22 -14 20 -65230
-19 -12 -21 -8 -70984
24 7 -24 5 -68384
-23 17 -23 15 -56472
-9 23 -14 24 -60838
-21 -22 -17 -19 -52280
6 -3 7 -5 -68234
