18 -20 21 -16 -64823
13 -24 14 -21 -41961
0 -22 -7 -24 -69385
-12 8 -12 4 -60191
9 -19 14 -20 -71615
21 -22 24 -23 -43141
-7 23 -6 17 -69523
-23 20 -22 14 -63845
-1 -21 0 -21 -58711
-2 -17 -5 -15 -66985
-3 20 -5 23 -65881
-24 -14 -18 -12 -64391
-20 8 -21 4 -61983
0 -7 0 -5 -68325
-11 -18 -8 -24 -57043
17 -5 16 -10 -67205
-22 17 -18 20 -64699
18 24 16 24 -63115
-21 2 -21 0 -57117
-24 -16 -24 -12 -58091
-10 -16 -12 -19 -69013
-7 -5 -7 -2 -57105
-24 24 -15 22 -52527
19 -8 24 -6 -68031
24 -3 21 -3 -57377
0 -2 1 0 -71363
-20 12 -18 12 -64591
7 8 7 9 -64347
-20 13 -21 8 -65877
-4 5 -5 5 -61283
11 13 9 14 -68039
-8 8 -6 8 -66381
-16 19 -14 21 -68417
-4 24 -1 23 -60383
6 22 5 20 -60395
7 24 7 20 -53471
12 -15 12 -16 -49893
24 -11 -24 17 -72737
2 4 1 5 -72219
-16 -17 -19 -17 -63855
-19 14 -15 15 -72011
12 24 10 22 -61581
6 -11 8 -8 -71723
-2 14 -2 16 -68315
-13 6 -11 7 -70297
-2 20 0 22 -69215
-6 -18 -4 -17 -64251
19 -1 18 -2 -66539
4 -16 4 -15 -60769
-1 -8 -2 -8 -55971
24 -13 22 -5 -53153
-24 8 -24 3 -57237
-6 0 -7 -1 -71943
15 5 13 7 -68905
20 15 23 9 -64011
-8 16 -11 20 -70345
4 8 3 7 -70321
0 14 2 15 -71239
11 11 13 8 -66237
-14 24 0 24 -63601
-3 -3 -4 -4 -68347
-24 -6 -22 -12 -63475
18 -22 19 -22 -52291
-19 -17 -15 -22 -72253
24 7 24 11 -50643
-13 -13 -15 -12 -62725
-3 18 -2 16 -67107
9 0 11 0 -69769
11 -3 11 -4 -62915
23 -9 19 -12 -63743
-11 -2 -10 -4 -59687
-9 19 -7 15 -70493
17 -19 19 -20 -70089
-16 -6 -15 -6 -63179
1 -9 1 -11 -66699
-7 -23 23 -24 -66437
11 -14 9 -16 -63511
-15 -11 -16 -8 -66885
7 19 7 21 -65747
12 -11 11 -10 -61083
-7 -16 -9 -19 -67053
-2 -2 -23 -24 -69029
-16 0 -17 0 -66693
-24 -20 -23 -19 -27987
23 0 24 8 -61199
-18 -21 -11 -24 -58771
19 17 15 24 -61955
0 5 -2 5 -66867
-8 -10 -9 -13 -62563
14 -20 14 -18 -57331
1 -6 0 -9 -70897
1 0 0 2 -67605
11 20 11 19 -65339
22 -18 22 -24 -41279
-13 -6 -13 -5 -56213
10 7 11 10 -66437
13 18 14 20 -65419
6 24 -21 24 -66199
7 21 11 24 -71319
22 -24 -16 -21 -67303
-8 -17 -8 -15 -67127
24 -3 21 0 -60611
20 -24 -3 -6 -77631
-11 -12 -11 -21 -76675
19 4 19 0 -56547
10 -10 6 -11 -64237
21 17 18 16 -70555
-22 -13 -20 -10 -70869
11 -18 12 -20 -67245
-2 15 24 20 -74959
18 1 20 1 -71729
4 -17 2 -15 -68441
21 15 23 17 -66459
-13 13 -15 16 -66661
-12 2 -12 0 -49257
-4 -8 -4 -9 -67853
11 23 13 21 -51145
-19 -10 -19 -16 -77535
-11 12 -12 13 -65037
-20 -11 -20 -13 -69901
16 13 14 10 -60957
-2 17 0 15 -68749
9 -19 8 -18 -57221
-3 21 -4 20 -62859
-5 3 -5 1 -64415
-19 0 -5 13 -90775
-7 12 -7 13 -71641
-17 1 -18 6 -62621
14 2 15 2 -62043
0 24 0 22 -56161
14 -1 15 -3 -63447
15 21 15 19 -61309
17 24 15 22 -51575
-14 -4 -11 -1 -73087
17 -12 15 -10 -62769
10 -15 7 -17 -64143
-16 -23 -21 -21 -58849
-23 -12 -23 -4 -67215
-21 -1 -24 -6 -70275
16 4 14 2 -63673
0 -19 0 -22 -52517
-16 -3 -15 -2 -71369
-12 -14 -12 -13 -67647
24 14 21 14 -57405
22 -8 23 -5 -60271
1 10 4 8 -74319
6 3 6 2 -57469
-24 7 -18 7 -66165
6 17 5 20 -74587
-2 14 -1 15 -66187
-19 -21 -22 -15 -64899
4 22 3 22 -69519
16 4 16 7 -71283
-4 -11 -2 -11 -60647
2 -15 0 -15 -65867
11 -16 13 -1 -86151
10 -23 18 -24 -55871
7 -1 7 3 -59473
0 -12 0 -14 -70763
9 14 9 15 -60337
0 -3 1 -5 -59395
8 -8 9 -9 -62271
21 -18 21 -14 -61267
7 15 6 15 -59931
7 9 3 8 -73491
-15 0 -13 1 -69931
2 -3 1 -4 -65137
-13 -24 -6 -21 -65547
-22 13 -20 9 -66507
-13 -3 -11 -4 -63469
14 4 14 5 -62263
24 13 22 12 -50399
21 -15 21 -24 -59823
-19 -20 -18 -23 -45299
20 14 18 14 -66525
-2 10 -2 11 -71613
0 -20 -3 -23 -59615
-13 -17 -15 -15 -69045
1 -15 1 -16 -60353
-15 -19 -12 -19 -67121
-1 -13 6 -15 -83309
5 -20 6 -22 -60685
5 -13 3 -14 -66979
-8 -8 -10 -9 -67673
24 -8 24 -16 -55203
3 -9 2 -8 -68009
-1 4 -1 2 -67451
22 -22 24 -24 -27113
21 8 21 12 -62587
-11 -19 -13 -19 -69925
8 -17 8 -15 -52855
-7 -20 -13 -24 -67599
11 9 10 9 -59635
20 -8 18 -5 -75377
-5 -18 -6 -23 -57245
-7 1 -7 0 -56323
23 4 24 6 -60991
-7 5 -8 7 -63875
20 -6 21 -9 -64427
-24 -10 -22 -20 -70655
5 -13 -1 -12 -78385
-13 2 -13 5 -57019
-6 -11 -10 -9 -73339
-24 5 -24 15 -62275
-23 22 -17 23 -56789
20 -5 10 -1 -76599
-9 21 -9 23 -62511
-24 2 -22 0 -53555
-17 -24 -23 -16 -66845
-10 20 -8 22 -73333
0 18 3 19 -76023
-8 -15 -8 -12 -67257
-14 3 -12 3 -69297
21 -3 24 0 -59867
8 12 9 14 -61751
-14 -8 -16 -11 -69105
-24 -12 -19 -5 -75341
9 12 7 11 -65695
-17 -2 -17 0 -58197
8 -24 6 -22 -53929
3 -2 7 -1 -66327
-6 13 14 11 -83089
-18 -1 -20 -2 -70921
-20 -5 -21 -2 -69761
-19 -2 -19 -3 -66307
23 14 21 9 -58405
-21 0 -24 0 -57013
-3 12 -3 11 -74125
-24 -2 -24 -4 -53273
21 -21 23 -21 -52903
-10 -15 -14 -15 -71121
21 -18 24 -19 -53383
2 -13 2 -14 -69861
16 -9 18 -9 -61181
22 -16 21 -15 -65957
-6 -13 -5 -15 -71837
18 5 18 3 -62471
4 13 2 17 -71797
18 -13 24 -16 -74965
-19 -10 -17 -9 -70597
-6 -22 -7 -18 -56469
24 4 20 4 -59785
-13 10 -11 13 -72951
-11 -19 -12 -22 -56231
8 -13 9 -10 -65527
-2 7 0 7 -65575
1 0 1 -2 -66173
1 23 0 24 -60159
-1 -20 23 -23 -70207
9 -20 7 -23 -44089
-9 -4 -7 -2 -69039
13 0 12 -2 -63539
2 9 2 12 -68031
-4 16 -2 16 -62145
-16 8 -16 7 -54227
8 3 10 3 -66789
15 23 13 24 -45749
-7 14 -6 18 -71545
-24 -17 -24 -21 -37451
12 -12 12 -7 -70189
18 -17 16 -17 -61339
3 23 -2 24 -73425
2 -13 3 -11 -69547
-24 3 -21 -17 -73583
18 -4 19 -6 -70657
-16 -9 -15 -7 -67423
-1 12 -6 9 -69659
4 -6 3 -9 -69507
8 -5 8 -6 -66153
-23 15 -20 13 -57749
-18 15 -20 19 -68289
17 -18 14 -24 -60471
-16 17 -13 16 -67463
-23 -10 -19 -9 -69293
20 9 22 -22 -77149
0 22 0 24 -56461
0 -19 -3 -18 -66467
-20 16 -22 16 -55283
23 4 24 -10 -65027
1 11 -2 6 -72661
-17 -16 -18 -19 -65433
22 -1 22 20 -68649
17 -12 16 -14 -64423
-7 -6 -6 -10 -68169
-3 -13 -2 -10 -68543
-8 7 -8 5 -58397
16 14 15 14 -62627
-24 -17 -22 -16 -37693
23 19 23 18 -53741
4 -24 1 -20 -59575
4 20 0 23 -74303
15 -15 16 -10 -65719
-23 24 0 21 -67157
-24 19 -24 14 -55195
9 -4 10 0 -68549
-2 -3 -2 -2 -66753
3 -23 3 -21 -45617
22 6 20 4 -66631
-23 23 23 14 -68669
2 22 5 23 -66615
7 12 9 10 -65963
24 -24 23 4 -71225
21 21 23 23 -36237
-13 10 -15 9 -67615
12 -4 13 -4 -61941
-4 9 -4 7 -63185
23 -6 23 -3 -54969
-21 22 -20 16 -53751
-23 -23 -20 -1 -73791
11 7 12 5 -67147
11 16 11 17 -62655
17 6 17 9 -72481
-18 23 -22 13 -67853
17 23 16 20 -54175
-14 10 -15 11 -67245
-24 -4 -23 18 -72575
1 5 0 2 -67195
-10 9 -9 14 -74269
14 17 15 14 -63347
5 5 6 3 -59663
23 -18 18 -23 -58337
11 -9 12 -9 -59017
-17 15 -17 10 -62513
-7 14 -6 11 -74017
24 20 1 23 -69517
6 -13 7 -14 -61397
11 0 12 0 -68421
-1 -20 0 -23 -56781
-7 -14 -6 -19 -71341
16 9 13 10 -64653
4 15 5 17 -66343
-9 21 -6 23 -65449
3 10 5 10 -73817
0 -24 -10 -23 -64977
-6 -5 -7 -5 -65377
-22 -15 -22 -18 -60831
-20 5 -16 6 -69317
-22 10 -20 10 -60757
-22 -11 -24 23 -71983
3 -23 7 -24 -55801
-24 -20 -22 18 -73085
-22 -9 -3 -6 -78239
8 -1 5 -5 -74853
23 7 -24 -11 -72665
2 -7 1 -7 -57575
0 22 -1 19 -64437
-1 2 3 6 -70049
10 -22 13 -22 -60577
24 12 19 16 -63675
-15 -9 -16 -7 -68641
15 -19 18 -22 -67947
21 21 22 14 -61181
-12 -19 -24 -24 -55997
-3 -2 -3 0 -66553
-23 -13 -24 -15 -53543
15 12 15 13 -54435
2 -19 6 -17 -63639
14 -7 15 -11 -68923
9 2 11 4 -66893
-15 -20 -14 -17 -65521
16 23 17 23 -65913
1 24 -4 23 -64001
-14 15 -13 18 -73173
2 1 0 0 -63549
-22 4 -23 2 -69041
5 -22 8 -21 -50759
24 23 -17 23 -62595
-23 5 -23 4 -57893
23 19 22 18 -58109
-19 12 -19 8 -66139
17 -13 23 -14 -71649
-17 6 -15 4 -65257
-12 17 -12 22 -65949
0 10 1 7 -74897
4 24 9 23 -61631
12 -15 15 -15 -60145
2 13 5 14 -76669
-21 -7 -18 -8 -70595
15 -15 13 -13 -60975
24 24 12 21 -70995
11 16 13 17 -61051
15 23 15 -13 -74907
-23 -6 -20 -6 -66803
-1 0 1 -1 -61683
-7 4 -8 3 -66561
-4 16 -7 16 -63315
17 -18 18 -15 -62653
11 -23 13 -24 -54613
22 -9 24 -19 -67431
-5 -13 -6 -13 -67401
-8 18 -9 16 -70137
-18 6 -15 6 -70397
12 0 12 1 -51579
-14 12 -14 8 -62751
-11 21 -13 22 -66797
-11 -6 -10 -5 -66767
0 -22 -6 -23 -71569
24 2 24 -20 -74317
23 -13 20 -16 -58181
10 -4 10 -7 -69155
5 16 4 20 -74795
-14 3 -13 4 -70211
4 13 4 12 -61427
8 21 11 24 -71479
-3 -17 -2 -15 -55817
20 -7 21 -6 -68105
-13 -11 -13 -15 -69313
23 13 23 18 -58109
18 -20 14 -24 -51995
-8 9 -5 10 -68121
-20 -11 -17 -15 -70719
-11 -15 -8 -16 -66661
-5 20 -8 20 -62543
5 -24 0 -24 -51443
-8 -1 -11 -1 -63715
-23 5 -24 1 -66351
24 20 24 9 -61823
-15 20 -12 24 -75579
-16 -23 -15 -20 -42327
2 -10 7 17 -87873
20 -2 19 -2 -71369
-1 -24 6 -21 -58781
8 7 9 8 -69809
-23 -5 -23 -4 -59405
-14 23 -13 21 -55461
-12 13 -11 19 -76899
-3 -22 -2 -24 -43421
-2 -1 -3 -1 -59441
-14 23 -20 22 -68145
-4 3 -6 1 -66989
22 17 22 23 -49193
-4 -9 -4 -10 -69259
11 -5 9 -5 -63889
11 13 11 11 -58683
-14 20 -18 18 -76221
-18 13 -15 18 -74927
-11 10 -8 9 -64083
-11 21 -10 24 -70157
-9 22 -12 24 -57435
12 -20 13 -23 -59585
-24 12 -24 11 -47791
1 18 1 14 -70233
3 5 2 7 -74233
16 0 18 -1 -66581
-17 -14 -15 -13 -68159
18 -2 17 -5 -63323
21 -3 22 0 -59905
-21 0 -17 0 -70131
7 -5 5 -6 -67393
19 -18 20 -21 -62657
-4 -6 -5 -5 -62579
15 24 24 24 -57109
14 24 8 22 -64941
11 17 10 18 -68861
-13 22 -12 24 -65591
7 6 7 8 -66429
17 -10 16 -11 -61023
21 1 24 0 -63931
23 -10 18 -9 -65529
23 -15 23 -12 -56227
-9 12 -13 11 -70565
-19 -6 -19 -8 -62455
0 -11 -1 -10 -65999
24 7 23 4 -62845
18 2 20 -2 -65099
-13 -5 -13 -2 -62799
-3 13 -2 11 -70841
4 23 9 22 -64791
-24 8 -23 9 -41875
2 22 1 22 -73761
2 6 -1 9 -81765
9 -19 11 -23 -68667
-20 -2 -22 -4 -75033
-24 -22 6 -21 -67819
17 14 18 14 -62675
-17 18 -19 18 -72235
16 6 20 6 -61963
17 24 -11 24 -63425
5 -13 4 -9 -69195
-9 14 -10 13 -68079
-14 20 -11 24 -80111
-5 -10 -6 -9 -73459
10 -7 9 -9 -66421
-24 0 -22 2 -59887
-6 -11 -9 -12 -69587
15 6 17 7 -62303
-22 -2 -24 1 -55015
-17 -23 4 -24 -69443
-12 3 -10 2 -61235
15 18 15 15 -60055
24 3 21 5 -57923
21 12 24 4 -65939
-2 0 -3 2 -69227
-9 -23 -14 -19 -65375
-6 -22 -10 -21 -56769
18 8 18 9 -66599
-23 -21 -3 -24 -67643
6 -4 6 2 -64901
-23 7 -21 6 -55223
22 17 20 17 -63619
-18 -14 -18 -17 -65771
-10 -7 -10 -10 -58113
-23 -5 -20 -8 -67589
11 18 16 17 -68913
5 1 8 0 -66417
-17 22 -14 20 -64427
-19 -12 -21 -8 -70645
24 7 -24 5 -67533
-23 17 -23 15 -55941
-9 23 -14 24 -61711
-21 -22 -17 -19 -52517
6 -3 7 -5 -65605
