18 -20 21 -16 -70230
13 -24 14 -21 -46234
0 -22 -7 -24 -73682
-12 8 -12 4 -60558
4 12 3 12 -71478
21 -22 24 -23 -45954
-7 23 -6 17 -65232
-23 20 -22 14 -64714
-1 -21 0 -21 -62356
-2 -17 -5 -15 -69702
-3 20 -5 23 -63898
-24 -14 -18 -12 -67366
-20 8 -21 4 -60380
0 -7 0 -5 -60282
-11 -18 -8 -24 -58618
17 -5 16 -10 -66412
-22 17 -18 20 -72070
18 24 16 24 -60790
-21 2 -21 0 -55576
-24 -16 -24 -12 -55488
-10 -16 -12 -19 -63750
-7 -5 -7 -2 -63640
-24 24 -15 22 -55984
18 -5 18 -2 -71436
24 -3 21 -3 -59750
-5 -15 -5 -16 -62770
-20 12 -18 12 -72998
7 8 7 9 -61400
-20 13 -21 8 -52558
-4 5 -5 5 -60368
11 13 9 14 -59824
-8 8 -6 8 -66892
-16 19 -14 21 -57480
-4 24 -1 23 -62116
6 22 5 20 -58440
7 24 7 20 -47232
12 -15 12 -16 -53282
-13 13 -16 14 -72438
-18 -12 -16 -13 -76868
-16 -17 -19 -17 -74056
-5 24 -12 24 -69802
12 24 10 22 -53828
6 -11 8 -8 -69530
-2 14 -2 16 -65894
17 15 16 16 -70714
-16 11 -21 9 -72060
-6 -18 -4 -17 -66156
19 -1 18 -2 -66266
4 -16 4 -15 -63470
-1 -8 -2 -8 -63018
24 -13 22 -5 -49738
-24 8 -24 3 -61844
-9 3 -8 -1 -68644
15 5 13 7 -73156
-24 12 -20 6 -75538
-24 -4 -20 -6 -74574
4 8 3 7 -67162
0 14 2 15 -67780
11 11 13 8 -64856
15 -1 14 0 -71980
-3 -3 -4 -4 -65036
-24 -6 -22 -12 -62148
18 -22 19 -22 -62862
-19 -17 -15 -22 -71652
24 7 24 11 -54514
-13 -13 -15 -12 -66344
-3 18 -2 16 -66120
-16 -10 -17 -17 -72628
11 -3 11 -4 -59728
23 -9 19 -12 -66840
-11 -2 -10 -4 -68522
-9 19 -7 15 -64614
17 -19 19 -20 -76230
-16 -6 -15 -6 -63808
1 -9 1 -11 -59422
-7 -23 23 -24 -66228
11 -14 9 -16 -66774
-15 -11 -16 -8 -73502
7 19 7 21 -58776
12 -11 11 -10 -70220
-7 -16 -9 -19 -63528
-2 -2 -23 -24 -63930
-16 0 -17 0 -62362
-24 -20 -23 -19 -29538
23 0 24 8 -65172
-18 -21 -11 -24 -57216
19 17 15 24 -65376
0 5 -2 5 -65064
-8 -10 -9 -13 -70940
14 -20 14 -18 -60948
5 -24 -20 -20 -81854
-10 -10 14 -23 -82632
11 20 11 19 -58976
22 -18 22 -24 -51970
-13 -6 -13 -5 -62084
10 7 11 10 -65380
13 18 14 20 -71068
6 24 -21 24 -65224
-7 23 -10 24 -68448
22 -24 -16 -21 -68098
-8 -17 -8 -15 -62770
24 -3 21 0 -66428
8 -3 10 -2 -68960
-12 22 -11 19 -73624
19 4 19 0 -62556
10 -10 6 -11 -67872
21 17 18 16 -72074
-22 -13 -20 -10 -67222
11 -18 12 -20 -67854
14 -23 -6 -22 -75400
18 1 20 1 -66876
4 -17 2 -15 -63678
21 15 23 17 -65286
16 -18 14 -19 -68840
-12 2 -12 0 -55924
-4 -8 -4 -9 -59318
11 23 13 21 -51658
-11 14 -5 14 -70102
-11 12 -12 13 -58424
-20 -11 -20 -13 -61948
16 13 14 10 -61242
-2 17 0 15 -68742
9 -19 8 -18 -64244
-3 21 -4 20 -57584
-5 3 -5 1 -62402
17 5 16 6 -70638
-7 12 -7 13 -66744
-17 1 -18 6 -64180
14 2 15 2 -66016
0 24 0 22 -53076
14 -1 15 -3 -71192
15 21 15 19 -59392
17 24 15 22 -49844
-14 -4 -11 -1 -66908
17 -12 15 -10 -69212
10 -15 7 -17 -68342
-16 -23 -21 -21 -60146
-23 -12 -23 -4 -61248
-21 -1 -24 -6 -67438
16 4 14 2 -63788
0 -19 0 -22 -59982
23 5 24 -2 -57498
-12 -14 -12 -13 -61200
24 14 21 14 -56726
22 -8 23 -5 -63458
1 10 4 8 -72878
6 3 6 2 -53620
-24 7 -18 7 -75304
6 17 5 20 -59248
-2 14 -1 15 -62448
-19 -21 -22 -15 -65568
4 8 -1 9 -74678
16 4 16 7 -69238
-4 -11 -2 -11 -66460
2 -15 0 -15 -51954
-12 5 -10 7 -65876
10 -23 18 -24 -66268
7 -1 7 3 -58576
-11 -8 -10 -11 -70096
9 14 9 15 -53300
0 -3 1 -5 -61060
8 -8 9 -9 -64156
21 -18 21 -14 -60362
7 15 6 15 -58948
0 0 -3 -5 -72970
-15 0 -13 1 -61040
2 -3 1 -4 -58728
-13 -24 -6 -21 -63054
19 -7 24 -8 -65806
-13 -3 -11 -4 -72142
14 4 14 5 -62244
24 13 22 12 -50938
21 -15 21 -24 -71882
-19 -20 -18 -23 -48828
20 14 18 14 -70864
-2 10 -2 11 -68112
0 -20 -3 -23 -62476
-13 -17 -15 -15 -64940
1 -15 1 -16 -64212
-15 -19 -12 -19 -63014
22 5 20 5 -64990
5 -20 6 -22 -66202
5 -13 3 -14 -59816
-8 -8 -10 -9 -67752
24 -8 24 -16 -51496
3 -9 2 -8 -59150
-1 4 -1 2 -49776
22 -22 24 -24 -30850
21 8 21 12 -62802
-11 -19 -13 -19 -63974
8 -17 8 -15 -55638
-7 -20 -13 -24 -65388
11 9 10 9 -60290
20 -8 18 -5 -76150
-5 -18 -6 -23 -57564
-7 1 -7 0 -60640
23 4 24 6 -60284
-7 5 -8 7 -64818
20 -6 21 -9 -64748
-24 -10 -22 -20 -67654
4 -19 6 -18 -59544
-13 2 -13 5 -62368
-5 -6 -6 -1 -71234
-24 5 -24 15 -59796
-23 22 -17 23 -65174
1 1 3 -4 -70148
-9 21 -9 23 -60206
-24 2 -22 0 -55696
-17 -24 -23 -16 -68236
-10 20 -10 -24 -71520
0 18 3 19 -70316
-8 -15 -8 -12 -67868
-14 3 -12 1 -65838
21 -3 24 0 -62068
8 12 9 14 -64324
-14 -8 -16 -11 -70498
10 -13 14 -14 -74986
9 12 7 11 -64746
-17 -2 -17 0 -58554
8 -24 6 -22 -59056
3 -2 7 -1 -58128
0 -20 -2 -14 -68138
-16 13 -17 16 -57782
-20 -5 -21 -2 -72072
-19 -2 -19 -3 -65300
23 14 21 9 -58294
-21 0 -24 0 -63194
-3 12 -3 11 -71332
-24 -2 -24 -4 -50958
21 -21 23 -21 -53742
12 -10 14 -9 -74132
21 -18 24 -19 -56206
2 -13 2 -14 -62878
16 -9 18 -9 -68554
22 -16 21 -15 -60108
-6 -13 -5 -15 -70752
18 5 18 3 -64446
4 13 2 17 -67380
4 -24 11 -23 -64702
-19 -10 -17 -9 -72308
-6 -22 -7 -18 -57518
24 4 20 4 -66100
-13 10 -11 13 -59276
-11 -19 -12 -22 -57574
8 -13 9 -10 -62366
-2 7 0 7 -63902
1 0 1 -2 -65914
1 23 0 24 -54102
-10 10 -9 18 -74704
9 -20 7 -23 -50744
-9 -4 -7 -7 -71456
13 0 12 -2 -64410
2 9 2 12 -62544
-4 16 -2 16 -62172
-16 8 -16 7 -48524
8 3 10 3 -60248
15 23 13 24 -50234
-7 14 -6 18 -69814
-24 -17 -24 -21 -37962
12 -12 12 -7 -65854
18 -17 16 -17 -70028
3 23 -2 24 -66988
2 -13 3 -11 -65138
-24 12 -21 6 -70186
18 -4 19 -6 -72952
-16 -9 -15 -7 -68740
11 21 13 22 -67428
4 -6 3 -9 -61870
8 -5 8 -6 -61976
-23 15 -20 13 -61138
-18 15 -20 19 -70354
17 -18 14 -24 -71364
-16 17 -13 16 -72062
-23 -10 -19 -9 -70184
16 -10 7 -7 -90168
0 22 0 24 -53354
0 -19 -3 -18 -70310
-20 16 -22 16 -60358
23 4 24 -10 -66278
1 11 -2 6 -66730
-17 -16 -18 -19 -66408
22 -1 22 20 -72682
17 -12 16 -14 -69942
1 -12 -14 -3 -94010
-3 -13 -2 -10 -62548
-8 7 -8 5 -57664
16 14 15 14 -70752
-24 -17 -22 -16 -38504
23 19 23 18 -52850
4 -24 1 -20 -68688
2 20 6 23 -62340
15 -15 16 -10 -67692
-23 24 0 21 -68636
-24 19 -24 14 -57178
-20 -15 -17 -14 -76686
15 -12 17 -12 -75004
3 -23 3 -21 -52828
-20 4 -21 4 -70394
-23 23 23 14 -67690
-11 -13 -11 -10 -68796
-18 12 -15 10 -72762
24 -24 23 4 -58960
21 21 23 23 -34666
-13 10 -15 9 -62580
12 -4 13 -4 -70948
-4 9 -4 7 -56640
23 -6 23 -3 -56722
-21 22 -20 16 -53630
-23 -23 -20 -1 -70130
11 7 12 5 -65788
8 -3 7 -1 -58866
-16 -24 -16 -23 -23478
-18 23 -22 13 -71498
17 23 16 20 -53676
-14 10 -15 11 -65600
-24 -4 -23 18 -69962
20 -16 22 -23 -75932
-12 6 -9 6 -63526
14 17 15 14 -64394
5 5 6 3 -53710
23 -18 18 -23 -61692
11 -9 12 -9 -77582
24 -8 22 -10 -55744
-7 14 -6 11 -69614
24 20 1 23 -63484
6 -13 7 -14 -61670
11 0 12 0 -65508
-1 -20 0 -23 -68178
-2 17 4 17 -75530
16 9 13 10 -69186
4 15 5 17 -60134
-9 21 -6 23 -61654
3 10 5 10 -70288
0 -24 -10 -23 -70482
-6 -5 -7 -5 -64830
-22 -15 -22 -18 -60736
17 -19 6 -19 -79724
-22 10 -20 10 -69368
-22 -11 -24 23 -70224
3 -23 7 -24 -63360
-24 -20 -22 18 -69402
21 15 20 17 -62590
-10 19 -9 19 -66974
23 7 -24 -11 -68734
2 -7 1 -7 -53864
0 22 -1 19 -55630
-1 2 3 6 -60086
10 -22 13 -22 -63904
24 12 19 16 -62866
-15 -9 -16 -7 -73556
15 -19 18 -22 -74402
20 -22 18 -21 -65966
-12 -19 -24 -24 -57928
-3 -2 -3 0 -62934
-23 -13 -24 -15 -53108
15 12 15 13 -53658
3 -3 4 -1 -67250
14 -7 15 -11 -67436
9 2 11 4 -63994
-15 -20 -14 -17 -66504
5 0 15 16 -89042
1 24 -4 23 -68194
-14 15 -13 18 -64584
2 1 0 0 -59024
-22 4 -23 2 -68992
5 -22 8 -21 -64760
24 23 -17 23 -63792
-23 5 -23 4 -60318
23 19 22 18 -55724
3 -22 -18 8 -89448
17 -13 23 -14 -66318
-17 6 -15 4 -65586
-12 17 -12 22 -68570
0 10 1 7 -66334
4 24 9 23 -59840
1 23 13 23 -68396
2 5 5 4 -62004
-21 -7 -18 -8 -74594
15 -15 13 -13 -66020
24 24 12 21 -69440
11 16 13 17 -64566
18 23 15 24 -61612
-23 -6 -20 -6 -73690
-1 0 1 -1 -60636
-7 4 -8 3 -65908
-4 16 -7 16 -65994
17 -18 18 -15 -68124
11 -23 13 -24 -56596
22 -9 24 -19 -63030
-5 -13 -6 -13 -68462
-8 18 -9 16 -68352
-18 6 -15 6 -67884
12 0 12 1 -52922
1 12 -24 9 -72914
-11 21 -13 22 -77306
-11 -6 -10 -5 -65244
0 -22 -6 -23 -76480
16 -22 14 -22 -64968
23 -13 20 -16 -58928
10 -4 10 -7 -65452
21 -9 23 20 -73564
-14 3 -13 4 -64892
4 13 4 12 -56464
0 -20 2 -24 -69564
-3 -17 -2 -15 -60286
20 -7 21 -6 -67840
-14 19 -12 15 -74744
23 13 23 18 -56608
18 -20 14 -24 -63310
-8 9 -5 10 -67768
-20 -11 -17 -15 -75754
-11 -15 -8 -16 -59840
-5 20 -8 20 -65836
5 -24 0 -24 -53382
-8 -1 -11 -1 -69004
-23 5 -24 1 -66074
24 20 24 9 -57880
-15 20 -12 24 -58728
-16 -23 -15 -20 -48596
-17 21 -23 19 -76340
1 -2 24 -2 -68772
-1 -24 6 -21 -59282
8 7 9 8 -66688
-23 -5 -23 -4 -57862
-14 23 -13 21 -61132
-16 -3 -17 -4 -68020
-3 -22 -2 -24 -50260
-2 -1 -3 -1 -60064
-14 23 -20 22 -63414
-4 3 -6 1 -67544
22 17 22 23 -50644
-4 -9 -4 -10 -62770
11 -5 9 -5 -73100
11 13 11 11 -55850
19 20 20 18 -60034
-18 13 -15 18 -68240
21 7 21 8 -64186
-11 21 -10 24 -59322
-9 22 -12 24 -72970
12 -20 13 -23 -59540
-24 12 -24 11 -42720
1 18 1 14 -64078
3 5 2 7 -60968
16 0 18 -1 -67584
-17 -14 -15 -13 -70468
18 -2 17 -5 -72258
21 -3 22 0 -65272
-21 0 -17 0 -69622
7 -5 5 -6 -64522
19 -18 20 -21 -74352
-4 -6 -5 -5 -70694
15 24 24 24 -56812
14 24 8 22 -62922
-1 -7 -5 -6 -74090
-13 22 -12 24 -51514
7 6 7 8 -63920
17 -10 16 -11 -68290
21 1 24 0 -67158
23 -10 18 -9 -68202
23 -15 23 -12 -52538
0 23 -2 23 -70058
-19 -6 -19 -8 -60808
0 -11 -1 -10 -63812
24 7 23 4 -64410
18 2 20 -2 -70754
-13 -5 -13 -2 -64338
-3 13 -2 11 -68538
4 23 9 22 -64026
-24 8 -23 9 -42388
-10 -4 -8 -4 -68692
12 15 7 14 -65450
9 -19 11 -23 -68780
-20 -2 -22 -4 -74338
-24 -22 6 -21 -70756
17 14 18 14 -69728
-17 18 -19 18 -70268
16 6 20 6 -64924
17 24 -11 24 -66714
5 -13 4 -9 -62588
-9 14 -10 13 -64148
14 17 15 18 -67770
-5 -10 -6 -9 -71634
10 -7 9 -9 -66260
-24 0 -22 2 -60802
-6 -11 -9 -12 -68122
15 6 17 7 -62200
-22 -2 -24 1 -56532
-17 -23 4 -24 -78158
-12 3 -10 2 -67598
15 18 15 15 -58390
24 3 21 5 -62706
21 12 24 4 -69674
-2 0 -3 2 -61240
-9 -23 -14 -19 -63430
-6 -22 -10 -21 -57068
18 8 18 9 -62108
-7 18 9 22 -80468
6 -4 6 2 -66708
-23 7 -21 6 -65552
22 17 20 17 -66952
-18 -14 -18 -17 -64686
-10 -7 -10 -10 -66854
-23 -5 -20 -8 -75338
11 18 16 17 -70362
9 -6 11 -3 -75408
-17 22 -14 20 -63590
-19 -12 -21 -8 -67916
24 7 -24 5 -66746
-23 17 -23 15 -57482
-9 23 -14 24 -70096
-21 -22 -17 -19 -55270
-11 -7 -13 -6 -71508
