18 -20 21 -16 -66929
13 -24 14 -21 -49297
0 -22 -7 -24 -59691
-12 8 -12 4 -65665
4 12 3 12 -66369
21 -22 24 -23 -47729
-7 23 -6 17 -68217
-23 20 -22 14 -63271
-1 -21 0 -21 -56043
-2 -17 -5 -15 -67109
18 0 15 3 -78697
-24 -14 -18 -12 -60881
-24 -1 -24 -3 -55021
0 -7 0 -5 -62967
9 1 10 3 -62421
9 -21 8 -19 -78925
-5 9 -2 8 -66991
18 24 16 24 -57445
-21 2 -21 0 -56431
-24 -16 -24 -12 -53045
-12 17 -12 18 -63463
-7 -5 -7 -2 -62329
-24 24 -15 22 -59263
18 -5 18 -2 -68661
24 -3 21 -3 -59533
-5 -15 -5 -16 -60969
-20 12 -18 12 -61041
7 8 7 9 -60715
-20 13 -21 8 -66083
1 0 1 -1 -62551
11 13 9 14 -65531
-8 8 -6 8 -64055
-16 19 -14 21 -62157
-4 24 -1 23 -55031
6 22 5 20 -67085
7 24 7 20 -54547
12 -15 12 -16 -59025
6 5 6 8 -64857
0 -17 2 -18 -64667
-16 -17 -19 -17 -68497
-5 24 -12 24 -67939
12 24 10 22 -61675
-1 9 0 11 -62365
-2 14 -2 16 -62345
-6 20 -5 24 -60949
15 -17 17 -18 -69811
-6 -18 -4 -17 -64937
19 -1 18 -2 -70253
4 -16 4 -15 -71571
-1 -8 -2 -8 -61759
24 -13 22 -5 -57867
-24 8 -24 3 -57781
-14 23 -21 16 -68609
4 15 4 19 -65461
-17 -23 23 -17 -68523
-11 -4 -10 -1 -60515
4 8 3 7 -68827
0 14 2 15 -60919
11 11 13 8 -65733
15 -1 14 0 -75769
-3 -8 -4 -12 -73367
-24 -6 -22 -12 -53351
18 -22 19 -22 -59281
6 -17 6 -19 -65751
24 7 24 11 -54537
-13 -13 -15 -12 -70517
2 0 1 -19 -77887
-10 18 -10 16 -68629
11 -3 11 -4 -65591
23 -9 19 -12 -65337
-11 -2 -10 -4 -65409
10 -22 -9 -22 -72593
17 -13 19 -13 -69325
-16 -6 -15 -6 -56797
1 -9 1 -11 -71545
-7 -23 23 -24 -65751
11 -14 9 -16 -65955
-23 7 -24 6 -57195
7 19 7 21 -63777
12 -11 11 -10 -59955
-7 -16 -9 -19 -68349
5 -12 6 -14 -75359
-16 0 -17 0 -58393
-24 -20 -23 -19 -33207
23 0 24 8 -67045
-18 -21 -11 -24 -57193
19 17 15 24 -65475
0 5 -2 5 -69781
24 -13 22 -13 -45807
14 -20 14 -18 -62621
-19 -19 -20 -18 -69533
24 -24 17 -2 -72513
11 20 11 19 -60265
22 -18 22 -24 -39649
-13 -6 -13 -5 -61613
10 7 11 10 -62425
-5 -4 -5 -5 -62047
6 24 -21 24 -59483
-7 23 -10 24 -65243
22 -24 -16 -21 -68865
-8 -17 -8 -15 -67033
24 -3 21 0 -62913
8 -3 10 -2 -61095
11 24 4 23 -66901
19 4 19 0 -63253
10 -10 6 -11 -62481
-3 7 -1 4 -73013
-22 -13 -20 -10 -60563
11 -18 12 -20 -78227
9 -19 11 -18 -62847
18 1 20 1 -65295
20 12 22 11 -62811
21 15 23 17 -65661
16 -18 14 -19 -61147
-12 2 -12 0 -61415
-4 -8 -4 -9 -63633
11 23 13 21 -53705
0 18 5 20 -69979
-11 12 -12 13 -56181
-20 -11 -20 -13 -53159
16 13 14 10 -65871
-2 17 0 15 -58507
9 -19 8 -18 -72069
-3 21 -4 20 -60091
-5 3 -5 1 -67369
17 5 16 6 -69847
-7 12 -7 13 -59339
-17 1 -18 6 -64583
14 2 15 2 -68649
0 24 0 22 -61507
14 -1 15 -3 -73577
15 21 15 19 -60355
17 24 15 22 -48429
3 5 1 4 -66913
17 -12 15 -10 -61451
-12 -16 -12 -17 -65803
-16 -23 -21 -21 -59779
-23 -12 -23 -4 -60135
8 -9 8 -6 -71219
16 4 14 2 -65827
0 -19 0 -22 -56155
23 5 24 -2 -62087
-12 -14 -12 -13 -59319
24 14 21 14 -57071
22 -8 23 -5 -69339
1 10 4 8 -72573
6 3 6 2 -52807
3 -9 6 -10 -72327
6 17 5 20 -63755
-2 14 -1 15 -62523
-19 -21 -22 -15 -73597
-20 17 -24 10 -62797
16 4 16 7 -61201
-4 -11 -2 -11 -63693
2 -15 0 -15 -64211
8 13 6 15 -68023
10 -23 18 -24 -66057
8 -4 9 -6 -71973
-11 -8 -10 -11 -68049
9 14 9 15 -60613
0 -3 1 -5 -67061
-24 24 -18 20 -44729
21 -18 21 -14 -59023
7 15 6 15 -64305
-18 -21 -22 -24 -47713
-15 0 -13 1 -59083
2 -3 1 -4 -59957
-13 -24 -6 -21 -55819
19 -7 24 -8 -60525
-10 -8 -13 -9 -63545
14 4 14 5 -55667
24 13 22 12 -52703
21 -15 21 -24 -54915
-19 -20 -18 -23 -49513
20 14 18 14 -67071
-2 10 -2 11 -64213
0 -20 -3 -23 -59195
-13 -17 -15 -15 -76383
1 -15 1 -16 -66511
-15 -19 -12 -19 -60873
22 5 20 5 -65531
5 -20 6 -22 -66091
5 -13 3 -14 -67059
-8 -8 -10 -9 -68325
24 -8 24 -16 -55531
16 -4 15 -7 -68851
-1 4 -1 2 -60315
22 -22 24 -24 -32445
21 8 21 12 -65533
10 6 8 6 -70917
8 -17 8 -15 -69595
-2 4 -4 4 -63919
11 9 10 9 -64621
24 0 23 0 -50451
-5 -18 -6 -23 -60735
-7 1 -7 0 -59003
23 4 24 6 -60267
-12 -18 -12 -19 -62631
20 -6 21 -9 -59987
-24 -10 -22 -20 -64329
4 -19 6 -18 -67581
-13 2 -13 5 -67595
9 21 10 23 -63181
-24 5 -24 15 -63959
-23 22 -17 23 -55233
3 -8 4 -8 -68019
-9 21 -9 23 -58129
-24 2 -22 0 -60087
-17 -24 -23 -16 -72713
23 24 24 21 -27271
-12 -3 -11 -5 -69479
-8 -15 -8 -12 -61725
-14 3 -12 1 -60349
21 -3 24 0 -63911
8 12 9 14 -64523
-14 -8 -16 -11 -57047
10 -13 14 -14 -64937
19 -19 17 -18 -70401
-17 -2 -17 0 -53459
8 -24 6 -22 -59919
18 0 18 -1 -67705
-15 -17 -17 -15 -79141
-16 13 -17 16 -56381
-20 -5 -21 -2 -63431
10 2 4 9 -82969
23 14 21 9 -60883
-21 0 -24 0 -57065
24 -7 24 -6 -56989
-24 -2 -24 -4 -60205
21 -21 23 -21 -56409
12 -10 14 -9 -62195
21 -18 24 -19 -55589
2 -13 2 -14 -70435
16 -9 18 -9 -64851
22 -16 21 -15 -60997
3 -16 4 -18 -66579
2 -18 24 -24 -70313
13 14 13 16 -64173
4 -24 11 -23 -63487
-19 -10 -17 -9 -63815
-6 -22 -7 -18 -55467
24 4 20 4 -66989
0 1 -1 3 -64129
-11 -19 -12 -22 -55737
8 -13 9 -10 -64849
-2 7 0 7 -68123
-9 20 -7 18 -68737
1 23 0 24 -50621
16 6 13 -22 -81583
9 -20 7 -23 -53161
-11 17 -16 17 -65503
13 0 12 -2 -70511
2 9 2 12 -66621
-4 16 -2 16 -57779
-16 8 -16 7 -56659
8 3 10 3 -66943
15 23 13 24 -50611
-7 14 -6 18 -69671
-24 -17 -24 -21 -41935
12 -12 12 -7 -60025
-23 -21 20 -3 -67237
-9 -22 -2 -24 -59625
2 -13 3 -11 -72757
-24 12 -21 6 -58345
18 -4 19 -6 -61591
-2 6 -12 -4 -86295
11 21 13 22 -69691
4 -6 3 -9 -65743
8 -5 8 -6 -73595
-23 15 -20 13 -56937
-18 15 -20 19 -65757
3 -11 3 -10 -73509
-16 17 -13 16 -66703
-23 -10 -19 -9 -62247
-11 3 -10 5 -71167
0 22 0 24 -61739
23 -16 23 14 -69017
-20 16 -22 16 -57301
23 4 24 -10 -69553
-2 -3 -1 -4 -67391
-17 -16 -18 -19 -68685
22 -1 22 20 -71903
17 -12 16 -14 -67993
-6 -20 -7 -21 -66121
-3 -13 -2 -10 -70541
-8 7 -8 5 -57591
-5 17 -6 19 -60939
-24 -17 -22 -16 -37931
23 19 23 18 -54689
-19 6 -18 8 -60499
2 20 6 23 -72455
15 -15 16 -10 -67397
-23 24 0 21 -67553
-24 19 -24 14 -56415
-9 -23 -8 -24 -41011
-12 9 -12 8 -51157
3 -23 3 -21 -46331
-20 4 -21 4 -65719
-23 23 23 14 -63803
-11 -13 -11 -10 -61239
-18 12 -15 10 -69911
24 -24 23 4 -66539
21 21 23 23 -37135
-13 10 -15 9 -61435
17 15 18 17 -70067
-4 9 -4 7 -58103
23 -6 23 -3 -60805
-21 22 -20 16 -50807
3 -1 6 3 -70563
11 7 12 5 -62467
8 -3 7 -1 -63591
-16 -24 -16 -23 -27779
17 13 19 11 -68603
17 23 16 20 -55557
-15 12 -15 11 -50689
5 -2 0 -3 -72931
-16 -6 -16 -7 -62561
-12 6 -9 6 -56477
-7 -7 -7 -8 -62337
5 5 6 3 -66321
23 -18 18 -23 -59467
-10 -24 -6 -20 -60427
24 -8 22 -10 -56305
-7 14 -6 11 -61875
24 20 1 23 -64723
6 -13 7 -14 -68999
11 0 12 0 -59181
-1 -20 0 -23 -55511
0 7 -2 4 -60839
16 9 13 10 -63295
4 15 5 17 -66569
-9 21 -6 23 -66155
3 11 1 12 -68159
1 0 2 -2 -68227
-6 -5 -7 -5 -62631
-22 -15 -22 -18 -62099
10 -8 12 -9 -63605
-22 10 -20 10 -61987
-22 -11 -24 23 -66491
3 -23 7 -24 -63627
-24 -20 -22 18 -67173
21 15 20 17 -64543
-10 19 -9 19 -64541
9 -19 10 -16 -70469
2 -7 1 -7 -64473
0 22 -1 19 -63977
-2 24 -1 0 -73589
10 -22 13 -22 -63377
-9 10 0 -20 -89147
-15 -9 -16 -7 -65547
15 0 14 -1 -70771
20 -22 18 -21 -59913
-12 -19 -24 -24 -64565
-3 -2 -3 0 -58155
-23 -13 -24 -15 -50121
15 12 15 13 -59931
3 -3 4 -1 -70031
-15 -20 -11 -21 -63463
-16 11 -15 9 -63405
-15 -20 -14 -17 -68517
18 17 18 14 -67651
-10 -15 -8 -17 -71453
-14 15 -13 18 -66353
2 1 0 0 -67241
-22 4 -23 2 -67305
5 -22 8 -21 -66881
24 23 -17 23 -57861
-23 5 -23 4 -56413
23 19 22 18 -55513
17 -5 18 -4 -71175
17 -13 23 -14 -69903
-17 6 -15 4 -65629
-23 6 -21 5 -67673
0 10 1 7 -70431
4 24 9 23 -68283
-19 -22 -18 -20 -59493
2 5 5 4 -72649
-21 -7 -18 -8 -63387
15 -15 13 -13 -64869
16 -22 16 -23 -44261
11 16 13 17 -71637
18 23 15 24 -59893
-23 -6 -20 -6 -56567
-1 0 1 -1 -66197
-7 4 -8 3 -68251
-4 16 -7 16 -63697
17 -18 18 -15 -64297
11 -23 13 -24 -62369
22 -9 24 -19 -65185
-5 -13 -6 -13 -64723
-8 18 -9 16 -72201
-18 6 -15 6 -66927
12 0 12 1 -57851
-23 12 -24 9 -62227
-14 -10 -12 -12 -72425
-11 -6 -10 -5 -64819
-24 17 -22 18 -36877
16 -22 14 -22 -62819
23 -13 20 -16 -60235
10 -4 10 -7 -75021
12 -21 14 -24 -64909
-14 3 -13 4 -67863
4 13 4 12 -59585
-21 4 -20 -24 -66215
-3 -17 -2 -15 -61457
20 -7 21 -6 -70497
-5 23 -4 22 -60907
23 13 23 18 -60063
18 -20 14 -24 -58741
-8 9 -5 10 -65511
-20 -11 -17 -15 -68231
-11 -15 -8 -16 -65159
-5 20 -8 20 -69385
5 -24 0 -24 -53565
-8 -1 -11 -1 -66411
-23 5 -24 1 -63807
24 20 24 9 -60229
-15 20 -12 24 -60379
-16 -23 -15 -20 -55141
3 24 6 23 -56553
6 4 5 4 -68421
-1 -24 6 -21 -65289
8 7 9 8 -65673
-23 -5 -23 -4 -62471
-14 23 -13 21 -47889
-16 -3 -17 -4 -60165
-3 -22 -2 -24 -41309
-2 -1 -3 -1 -56379
-14 23 -20 22 -64727
-4 3 -6 1 -64841
22 17 22 23 -55741
0 -15 -2 -14 -65577
11 -5 9 -5 -61045
11 13 11 11 -58425
19 20 20 18 -60185
-18 13 -15 18 -63197
21 7 21 8 -63479
-11 21 -10 24 -59829
-9 22 -12 24 -58623
12 -20 13 -23 -70525
-24 12 -24 11 -52533
1 18 1 14 -65881
3 5 2 7 -69319
16 0 18 -1 -71957
-17 -14 -15 -13 -60703
10 13 14 15 -74291
21 -3 22 0 -66645
-21 0 -17 0 -62821
7 -5 5 -6 -66803
-13 2 -14 -1 -66623
-4 -6 -5 -5 -66645
15 24 24 24 -55329
14 24 8 22 -67711
-1 -7 1 -8 -71399
-13 22 -12 24 -52237
7 13 5 12 -66095
17 -10 16 -11 -66461
23 4 24 2 -60157
-22 -5 -21 -3 -66547
23 -15 23 -12 -55167
0 23 -2 23 -54603
-19 -6 -19 -8 -61953
0 -11 -1 -10 -69625
24 7 23 4 -64311
0 22 1 22 -55185
-8 10 -6 -7 -82985
-3 13 -2 11 -63273
4 23 9 22 -70827
-24 8 -23 9 -56015
-10 -4 -8 -4 -67547
12 15 7 14 -70069
9 -19 11 -23 -79521
-24 -9 -22 -3 -61633
-24 -22 6 -21 -59555
17 14 18 14 -63499
-17 18 -19 18 -62443
16 6 20 6 -68539
17 24 -11 24 -61109
5 -13 4 -9 -78021
-9 14 -10 13 -60715
14 17 15 18 -65831
-5 -10 -6 -9 -65361
10 -7 9 -9 -65735
-24 0 -22 2 -55419
-6 -11 -9 -12 -65701
15 6 17 7 -63251
-22 -2 -24 1 -61095
17 21 22 22 -61233
-12 3 -10 2 -59605
15 18 15 15 -66799
24 3 21 5 -66623
21 12 24 4 -70239
-4 17 -11 9 -84225
-9 -23 -14 -19 -59703
-6 -22 -10 -21 -61075
18 8 18 9 -62333
0 -19 3 -16 -65291
6 -4 6 0 -66247
-23 7 -21 6 -66269
22 17 20 17 -63767
-18 -14 -18 -17 -63459
-10 -7 -10 -10 -66363
3 24 0 20 -68235
11 18 16 17 -65669
-17 9 -15 10 -66053
-17 22 -14 20 -59017
-19 -12 -21 -8 -61513
24 7 -24 5 -60989
-23 17 -23 15 -57095
-9 23 -14 24 -58221
-21 -22 -17 -19 -67893
-11 -7 -13 -6 -66969
