18 -20 21 -16 -65854
13 -24 14 -21 -46710
0 -22 -7 -24 -58090
-12 8 -12 4 -64226
4 12 3 12 -59884
21 -22 24 -23 -47188
-7 23 -6 17 -67038
-23 20 -22 14 -76924
-1 -21 0 -21 -57626
-2 -17 -5 -15 -63812
18 8 17 3 -74800
-24 -14 -18 -12 -61802
-24 -1 -24 -3 -54070
0 -7 0 -5 -63364
9 1 10 3 -60254
4 -21 0 -17 -76106
-5 9 -2 8 -67452
18 24 16 24 -58270
-21 2 -21 0 -55834
-24 -16 -24 -12 -53018
-12 17 -12 18 -63898
-7 -5 -7 -2 -61088
-24 24 -15 22 -59604
18 -5 18 -2 -68564
24 -3 21 -3 -59212
-5 -15 -5 -16 -59030
-20 12 -18 12 -61606
7 8 7 9 -57346
-20 13 -21 8 -65808
1 0 1 -1 -61594
11 13 9 14 -66284
-8 8 -6 8 -61230
-16 19 -14 21 -62344
-4 24 -1 23 -55322
6 22 5 20 -60620
7 24 7 20 -52798
12 -15 12 -16 -58552
6 5 6 8 -60598
0 -17 2 -18 -71044
-16 -17 -19 -17 -63678
-5 24 -12 24 -66770
12 24 10 22 -61006
-1 9 0 11 -62968
-2 14 -2 16 -61652
-6 20 -5 24 -61218
15 -17 17 -18 -69932
-6 -18 -4 -17 -62844
19 -1 18 -2 -71568
4 -16 4 -15 -70498
-1 -8 -2 -8 -61392
24 -13 22 -5 -57474
-24 8 -24 3 -58284
-14 23 -21 16 -69004
4 15 4 19 -64810
-17 -23 23 -17 -71002
-11 -4 -10 -1 -58192
4 8 3 7 -69890
0 14 2 15 -59516
11 11 13 8 -64056
15 -1 14 0 -70410
-3 -8 -4 -12 -71774
-24 -6 -22 -12 -53206
18 -22 19 -22 -59364
6 -17 6 -19 -64432
24 7 24 11 -55342
-13 -13 -15 -12 -66274
-11 14 5 -9 -89464
-10 18 -10 16 -67532
11 -3 11 -4 -66038
23 -9 19 -12 -68158
-11 -2 -10 -4 -63578
10 -22 -9 -22 -73690
17 -13 19 -13 -73526
-16 -6 -15 -6 -54986
1 -9 1 -11 -65106
-7 -23 23 -24 -69370
11 -14 9 -16 -65678
-23 7 -24 6 -62104
7 19 7 21 -61724
12 -11 11 -10 -61150
-7 -16 -9 -19 -67422
5 -12 6 -14 -70214
-16 0 -17 0 -58448
-24 -20 -23 -19 -38188
23 0 24 8 -68692
-18 -21 -11 -24 -55310
19 17 15 24 -64808
0 5 -2 5 -64894
24 -13 22 -13 -46408
14 -20 14 -18 -58006
-19 -19 -20 -18 -65430
24 -24 17 -2 -72768
11 20 11 19 -59806
22 -18 22 -24 -38868
-13 -6 -13 -5 -61122
10 7 11 10 -64474
-5 -4 -5 -5 -62210
6 24 -21 24 -60332
-7 23 -10 24 -64064
22 -24 -16 -21 -72066
-8 -17 -8 -15 -65412
24 -3 21 0 -62892
8 -3 10 -2 -61812
11 24 4 23 -66106
19 4 19 0 -63116
10 -10 6 -11 -64436
24 -21 0 0 -80540
-22 -13 -20 -10 -60728
11 -18 12 -20 -65128
9 -19 11 -18 -63502
18 1 20 1 -64822
20 12 22 11 -61558
21 15 23 17 -66514
16 -18 14 -19 -61726
-12 2 -12 0 -57018
-4 -8 -4 -9 -63230
11 23 13 21 -53090
0 18 5 20 -68592
-11 12 -12 13 -54438
-20 -11 -20 -13 -53354
16 13 14 10 -61902
-2 17 0 15 -60408
9 -19 8 -18 -62132
-3 21 -4 20 -60370
-5 3 -5 1 -59438
17 5 16 6 -67174
-7 12 -7 13 -57604
-17 1 -18 6 -64158
14 2 15 2 -70772
0 24 0 22 -59136
14 -1 15 -3 -70834
15 21 15 19 -60002
17 24 15 22 -48736
3 5 1 4 -69922
17 -12 15 -10 -62334
-12 -16 -12 -17 -64132
-16 -23 -21 -21 -58166
-23 -12 -23 -4 -59626
8 -9 8 -6 -68766
16 4 14 2 -72570
0 -19 0 -22 -57916
23 5 24 -2 -62280
-12 -14 -12 -13 -55866
24 14 21 14 -56852
22 -8 23 -5 -69812
-22 7 -24 7 -63498
6 3 6 2 -50338
3 -9 6 -10 -73294
6 17 5 20 -62372
-2 14 -1 15 -60388
-19 -21 -22 -15 -71192
-20 17 -24 10 -64796
16 4 16 7 -70216
-4 -11 -2 -11 -63122
2 -15 0 -15 -65046
8 13 6 15 -65158
10 -23 18 -24 -67004
8 -4 9 -6 -74362
-11 -8 -10 -11 -66502
9 14 9 15 -59108
0 -3 1 -5 -70578
-24 24 -18 20 -45388
21 -18 21 -14 -59932
7 15 6 15 -61954
-18 -21 -22 -24 -50392
-15 0 -13 1 -58744
2 -3 1 -4 -57908
-13 -24 -6 -21 -55212
19 -7 24 -8 -60670
-10 -8 -13 -9 -61332
14 4 14 5 -59604
24 13 22 12 -53454
21 -15 21 -24 -54528
-19 -20 -18 -23 -48220
20 14 18 14 -66154
-2 10 -2 11 -65184
0 -20 -3 -23 -57592
-13 -17 -15 -15 -68794
1 -15 1 -16 -64326
-15 -19 -12 -19 -59322
22 5 20 5 -65238
5 -20 6 -22 -58516
5 -13 3 -14 -68156
-8 -8 -10 -9 -66712
24 -8 24 -16 -56330
16 -4 15 -7 -69938
-1 4 -1 2 -55060
22 -22 24 -24 -31588
21 8 21 12 -65864
10 6 8 6 -70072
8 -17 8 -15 -69444
-2 4 -4 4 -58986
11 9 10 9 -70724
24 0 23 0 -50144
-5 -18 -6 -23 -61466
-7 1 -7 0 -51808
23 4 24 6 -61596
-12 -18 -12 -19 -62726
20 -6 21 -9 -59016
-24 -10 -22 -20 -64360
4 -19 6 -18 -66054
-13 2 -13 5 -64418
9 21 10 23 -62300
-24 5 -24 15 -63708
-23 22 -17 23 -56000
3 -8 4 -8 -71550
-9 21 -9 23 -57718
-24 2 -22 0 -61812
-17 -24 -23 -16 -69890
23 24 24 21 -27272
-12 -3 -11 -5 -68366
-8 -15 -8 -12 -59366
-14 3 -12 1 -59890
21 -3 24 0 -64372
8 12 9 14 -63662
-14 -8 -16 -11 -55490
10 -13 14 -14 -64746
19 -19 17 -18 -71486
-17 -2 -17 0 -52366
8 -24 6 -22 -51092
18 0 18 -1 -66146
22 23 -1 5 -79522
-16 13 -17 16 -56410
-20 -5 -21 -2 -63058
2 23 4 23 -57452
23 14 21 9 -60884
-21 0 -24 0 -59406
24 -7 24 -6 -56886
-24 -2 -24 -4 -59392
21 -21 23 -21 -55604
12 -10 14 -9 -62270
21 -18 24 -19 -56444
2 -13 2 -14 -64398
16 -9 18 -9 -71654
22 -16 21 -15 -62160
3 -16 4 -18 -73240
2 -18 24 -24 -71318
13 14 13 16 -62398
4 -24 11 -23 -61574
-19 -10 -17 -9 -62198
-6 -22 -7 -18 -55074
24 4 20 4 -66544
0 1 -1 3 -57470
-11 -19 -12 -22 -56108
8 -13 9 -10 -59442
-2 7 0 7 -63174
-9 20 -7 18 -67134
1 23 0 24 -51848
19 -8 17 -9 -74046
9 -20 7 -23 -51034
-11 17 -16 17 -65044
13 0 12 -2 -69678
2 9 2 12 -66398
-4 16 -2 16 -59214
-16 8 -16 7 -56818
8 3 10 3 -68000
15 23 13 24 -50494
-7 14 -6 18 -66200
-24 -17 -24 -21 -45920
12 -12 12 -7 -57578
-23 -21 20 -3 -67676
-9 -22 -2 -24 -57616
2 -13 3 -11 -69396
-24 12 -21 6 -59958
18 -4 19 -6 -62818
10 -3 0 1 -88408
11 21 13 22 -69190
4 -6 3 -9 -63678
8 -5 8 -6 -73184
-23 15 -20 13 -60964
-18 15 -20 19 -72706
3 -11 3 -10 -62256
-16 17 -13 16 -66344
-23 -10 -19 -9 -62162
-11 3 -10 5 -66004
0 22 0 24 -59202
23 -16 23 14 -69936
-20 16 -22 16 -58784
23 4 24 -10 -69576
-2 -3 -1 -4 -69928
-17 -16 -18 -19 -71404
22 -1 22 20 -72298
17 -12 16 -14 -67522
-6 -20 -7 -21 -65448
-3 -13 -2 -10 -68044
-8 7 -8 5 -54454
-5 17 -6 19 -60160
-24 -17 -22 -16 -42844
23 19 23 18 -54792
-19 6 -18 8 -60326
2 1 15 -9 -93690
15 -15 16 -10 -66350
-23 24 0 21 -66824
-24 19 -24 14 -65134
-9 -23 -8 -24 -39924
-12 9 -12 8 -51972
3 -23 3 -21 -42764
-20 4 -21 4 -68204
-23 23 23 14 -65404
-11 -13 -11 -10 -59020
-18 12 -15 10 -68324
24 -24 23 4 -66244
21 21 23 23 -37650
-13 10 -15 9 -61012
17 15 18 17 -70468
-4 9 -4 7 -56118
23 -6 23 -3 -60628
-21 22 -20 16 -58338
3 -1 6 3 -71668
11 7 12 5 -60036
8 -3 7 -1 -68166
-16 -24 -16 -23 -27322
17 13 19 11 -67602
17 23 16 20 -55438
-15 12 -15 11 -49720
5 -2 0 -3 -77724
-16 -6 -16 -7 -61830
-12 6 -9 6 -55754
-7 -7 -7 -8 -62824
5 5 6 3 -60736
23 -18 18 -23 -58048
-10 -24 -6 -20 -60426
24 -8 22 -10 -56524
-7 14 -6 11 -64316
24 20 1 23 -66248
6 -13 7 -14 -68896
11 0 12 0 -63582
-1 -20 0 -23 -59974
0 7 -2 4 -60628
16 9 13 10 -64020
4 15 5 17 -65400
-9 21 -6 23 -65192
3 11 1 12 -60886
1 0 2 -2 -72204
-6 -5 -7 -5 -59618
-22 -15 -22 -18 -65060
10 -8 12 -9 -66096
-22 10 -20 10 -66530
-22 -11 -24 23 -67614
3 -23 7 -24 -61362
-24 -20 -22 18 -67102
21 15 20 17 -65008
-10 19 -9 19 -62412
9 -19 10 -16 -70404
2 -7 1 -7 -67340
0 22 -1 19 -61932
-2 24 -1 0 -72922
10 -22 13 -22 -63138
-20 -15 -23 -21 -73422
-15 -9 -16 -7 -65086
15 0 14 -1 -72990
20 -22 18 -21 -60688
-12 -19 -24 -24 -64988
-3 -2 -3 0 -55496
-23 -13 -24 -15 -52832
15 12 15 13 -58460
3 -3 4 -1 -69000
-15 -20 -11 -21 -61844
-16 11 -15 9 -62596
-15 -20 -14 -17 -69104
18 17 18 14 -69430
-10 -15 -8 -17 -70364
-14 15 -13 18 -65928
2 1 0 0 -69372
-22 4 -23 2 -68060
5 -22 8 -21 -65902
24 23 -17 23 -61298
-23 5 -23 4 -56990
23 19 22 18 -56092
17 -5 18 -4 -74314
17 -13 23 -14 -73296
-17 6 -15 4 -65376
-23 6 -21 5 -74202
0 10 1 7 -62616
4 24 9 23 -69144
-19 -22 -18 -20 -63898
2 5 5 4 -71544
-21 -7 -18 -8 -62764
15 -15 13 -13 -64350
16 -22 16 -23 -42564
11 16 13 17 -64824
18 23 15 24 -60152
-23 -6 -20 -6 -56586
-1 0 1 -1 -68144
-7 4 -8 3 -62920
-4 16 -7 16 -61942
17 -18 18 -15 -63006
11 -23 13 -24 -61412
22 -9 24 -19 -66620
-5 -13 -6 -13 -63906
-8 18 -9 16 -69318
-18 6 -15 6 -66222
12 0 12 1 -55436
-23 12 -24 9 -62800
-14 -10 -12 -12 -69548
-11 -6 -10 -5 -64276
-24 17 -22 18 -37950
16 -22 14 -22 -63606
23 -13 20 -16 -61306
10 -4 10 -7 -74604
12 -21 14 -24 -61128
-14 3 -13 4 -65538
4 13 4 12 -59938
-21 4 -20 -24 -65828
-3 -17 -2 -15 -60410
20 -7 21 -6 -72332
-5 23 -4 22 -59434
23 13 23 18 -60582
18 -20 14 -24 -57572
-8 9 -5 10 -58920
-20 -11 -17 -15 -66572
-11 -15 -8 -16 -64284
-5 20 -8 20 -67558
5 -24 0 -24 -55320
-8 -1 -11 -1 -63850
-23 5 -24 1 -63664
24 20 24 9 -60944
-15 20 -12 24 -60156
-16 -23 -15 -20 -56856
3 24 6 23 -61102
6 4 5 4 -70858
-1 -24 6 -21 -65308
-22 20 -21 13 -81044
-23 -5 -23 -4 -61530
-14 23 -13 21 -48372
-16 -3 -17 -4 -59012
-3 -22 -2 -24 -43364
-2 -1 -3 -1 -52302
-14 23 -20 22 -65766
-4 3 -6 1 -59906
22 17 22 23 -55826
0 -15 -2 -14 -63172
11 -5 9 -5 -62976
11 13 11 11 -57256
19 20 20 18 -60096
-18 13 -15 18 -64834
21 7 21 8 -66332
-11 21 -10 24 -59564
-9 22 -12 24 -58144
12 -20 13 -23 -61572
-24 12 -24 11 -52988
1 18 1 14 -65346
3 5 2 7 -60626
16 0 18 -1 -66568
-17 -14 -15 -13 -58796
-5 -1 14 -24 -86090
21 -3 22 0 -67324
-21 0 -17 0 -62826
7 -5 5 -6 -67988
-13 2 -14 -1 -63668
-4 -6 -5 -5 -66984
15 24 24 24 -54696
14 24 8 22 -67550
-1 -7 1 -8 -73960
-13 22 -12 24 -51716
7 13 5 12 -64034
17 -10 16 -11 -69518
23 4 24 2 -59730
-22 -5 -21 -3 -65912
23 -15 23 -12 -56034
0 23 -2 23 -55358
-19 -6 -19 -8 -61236
0 -11 -1 -10 -67470
24 7 23 4 -66136
0 22 1 22 -57846
-3 10 -5 12 -72496
-3 13 -2 11 -69834
4 23 9 22 -71288
-24 8 -23 9 -60790
-10 -4 -8 -4 -64164
12 15 7 14 -66552
12 8 10 7 -74784
-24 -9 -22 -3 -61248
-24 -22 6 -21 -60066
17 14 18 14 -62494
-17 18 -19 18 -62986
16 6 20 6 -66472
17 24 -11 24 -63702
10 4 15 6 -79604
-9 14 -10 13 -54492
14 17 15 18 -65078
-5 -10 -6 -9 -65360
10 -7 9 -9 -63816
-24 0 -22 2 -56910
-6 -11 -9 -12 -65468
15 6 17 7 -66556
-22 -2 -24 1 -61626
17 21 22 22 -61500
-12 3 -10 2 -59848
15 18 15 15 -67046
24 3 21 5 -66742
21 12 24 4 -71360
3 14 0 -13 -76158
-9 -23 -14 -19 -59380
-6 -22 -10 -21 -58818
18 8 18 9 -64196
0 -19 3 -16 -62434
6 -4 6 0 -67232
-23 7 -21 6 -73560
22 17 20 17 -63464
-18 -14 -18 -17 -62056
-10 -7 -10 -10 -65830
3 24 0 20 -63596
11 18 16 17 -63916
-17 9 -15 10 -65482
-17 22 -14 20 -59524
-19 -12 -21 -8 -61170
24 7 -24 5 -61370
-23 17 -23 15 -66086
-9 23 -14 24 -57846
-21 -22 -17 -19 -72278
-11 -7 -13 -6 -64924
