-1 -2 -1 7 -169252
-1 -14 3 -3 -172992
-2 1 2 11 -172330
14 13 20 -2 -100556
2 13 0 -1 -181166
-24 -17 -3 -11 -83754
8 -2 4 2 -153044
8 -11 5 -15 -105758
-23 -6 -9 8 -134570
6 -12 8 -10 -110498
-1 -3 1 8 -178298
6 3 6 5 -115628
-6 -7 -5 5 -168584
-2 22 -8 -11 -160128
7 14 5 8 -105046
14 -1 -14 -5 -179550
9 14 -7 2 -173278
-3 7 6 22 -130824
6 -6 -5 -8 -163888
-4 -19 -6 7 -164932
-7 -3 -18 -10 -125524
9 0 10 0 -115412
3 2 10 9 -173648
-20 3 -6 4 -143080
12 0 19 -3 -95576
15 1 -5 -11 -178780
-1 14 8 7 -166928
-23 7 5 -5 -149750
-6 0 17 -10 -176808
-4 8 -4 -3 -176204
1 -12 2 -12 -112384
8 0 22 3 -111774
10 -13 0 -9 -154150
17 -16 10 6 -124080
22 -3 0 -5 -163906
-12 2 -2 19 -177886
-6 3 -15 -4 -160366
3 8 14 0 -172108
0 -12 3 0 -174916
-7 11 1 7 -161520
12 6 3 21 -148778
2 -3 1 14 -183270
9 -13 -2 21 -170198
-18 11 -23 -6 -91856
18 6 -10 5 -168764
11 -12 22 17 -119764
4 -18 5 -6 -150030
4 10 -7 4 -172244
0 22 -18 7 -142050
6 -1 18 8 -143388
22 -4 3 -5 -151278
-7 1 -3 2 -162096
-20 19 -2 17 -72570
-10 3 24 -8 -145550
5 -11 5 -8 -114472
0 18 -2 10 -108434
12 4 -19 0 -178674
13 20 5 3 -132992
23 0 4 -15 -130796
22 -2 -2 14 -157344
-11 6 -22 -3 -124492
4 15 1 10 -110142
14 4 -6 15 -181570
10 5 24 0 -97508
6 3 -2 22 -158618
14 -13 -4 4 -181514
8 -13 -22 -18 -105908
-1 -1 3 -7 -175788
-12 -19 3 4 -161926
10 8 -2 13 -170216
-1 -6 -5 -6 -142760
-21 2 2 -3 -171540
5 23 16 19 -63728
-5 -6 -1 -12 -152626
-1 1 18 9 -171710
10 -7 6 -11 -128356
3 4 -7 19 -174068
5 -18 5 -4 -158920
0 4 4 -20 -175010
-11 7 12 18 -154546
17 -20 7 -18 -58412
15 2 -11 19 -160536
6 -18 3 -7 -146474
1 -4 13 -14 -170876
3 17 -8 2 -176740
2 -7 6 1 -161810
-9 17 8 -2 -185702
-6 -8 12 -1 -182128
4 -2 6 -1 -146190
7 -2 8 6 -137594
-1 -8 -9 -7 -151836
-9 8 0 15 -159182
22 0 -15 -4 -151208
14 -14 2 -11 -135138
-4 -7 -7 17 -177516
3 -18 0 -7 -151242
-7 5 7 7 -181060
13 -5 11 -8 -92282
5 22 11 10 -106832
-11 5 -6 -9 -175180
-6 2 -20 3 -147462
2 -6 2 5 -171262
-6 -6 7 -15 -177408
-3 -6 1 2 -171094
0 11 2 -3 -183542
-12 7 5 14 -173828
-7 0 -1 -1 -163154
0 -16 8 6 -179686
11 22 -3 0 -154214
0 19 -17 5 -165870
-14 -23 -19 -13 -34122
10 -8 -2 -11 -158268
6 -11 13 -10 -121952
-7 1 0 14 -175260
1 -12 -5 -5 -166872
7 4 -1 8 -173936
-17 -1 -7 -10 -157444
-12 -11 -11 -4 -96628
-6 3 -18 10 -136538
-13 -7 10 -13 -169376
9 -1 5 6 -146826
14 -19 -14 8 -154586
18 3 0 4 -175200
-18 -9 0 11 -175274
-5 3 -5 1 -132134
-4 -5 -5 19 -175992
14 2 7 8 -132634
9 3 2 8 -168882
1 -9 0 -18 -127548
0 -1 8 -10 -179794
9 0 -10 -14 -178094
1 8 -14 11 -163854
5 1 10 10 -156898
-6 -3 -5 -16 -151296
-16 3 0 7 -180104
10 -23 2 1 -134756
-5 16 -1 4 -163264
-1 -4 -5 -13 -170810
13 10 8 -11 -162286
20 19 2 -9 -149844
-8 4 -9 0 -124122
10 -14 19 15 -139488
-12 -14 -3 -10 -122496
-3 -23 -2 17 -144750
-11 -3 -14 6 -129790
-2 19 2 -4 -179356
4 -5 1 3 -171474
13 19 4 -5 -158502
4 17 -11 17 -110966
-2 -7 23 1 -153184
13 8 -16 1 -180598
-5 -13 -17 1 -171038
-7 4 -9 -8 -163014
-9 -5 -10 -2 -107296
0 -9 -2 -7 -138244
0 5 2 5 -138912
7 8 3 2 -164360
-15 2 12 -2 -177836
-1 4 2 6 -147526
10 -2 -8 14 -191460
-15 1 -2 5 -180442
8 -8 9 -9 -102706
18 21 2 13 -91940
10 -4 4 -9 -154172
12 6 5 2 -155598
-2 -3 23 0 -158660
1 -13 2 -7 -143124
-10 -1 -18 7 -129876
-15 0 -10 -5 -121518
-1 -23 2 6 -149060
-3 -5 2 3 -173464
12 0 3 0 -169224
2 15 -3 -10 -174992
-8 -20 3 -13 -106552
-12 -19 -11 5 -127848
-13 -17 2 -3 -171954
4 10 0 9 -128008
-1 -11 -6 -14 -122644
16 -4 15 0 -72418
10 13 2 7 -143838
21 13 6 -11 -148774
24 -12 -4 -7 -127078
16 4 -14 3 -176576
13 -3 13 -7 -79048
-4 0 -5 7 -163150
-9 -17 -7 13 -161634
-6 22 5 -11 -164138
-8 2 -11 23 -112154
6 0 -2 -1 -170652
18 14 6 -11 -162742
1 -13 0 -6 -148646
-21 -7 -14 6 -113634
19 18 -6 -4 -157044
-21 4 2 -11 -169650
21 -1 -5 1 -170134
6 -10 -2 -11 -143510
-3 18 7 -1 -184516
-9 -3 10 -5 -177910
14 -13 -3 17 -171698
-19 11 -18 -1 -81706
-2 8 -23 -18 -121958
-5 0 -9 -2 -167872
-11 -4 -8 2 -141762
6 14 11 8 -127120
0 -3 0 -15 -172498
4 -9 -9 -15 -163734
11 -1 11 3 -94582
-16 -10 7 -7 -168630
-10 -2 -2 -10 -168816
-3 -5 -23 5 -151140
-8 13 -11 -15 -161446
11 -15 -6 6 -182598
-3 -16 2 -2 -180372
12 6 24 -16 -94400
-1 -10 -18 20 -137048
7 -7 -7 -19 -151106
16 5 -3 9 -178604
7 13 -16 -7 -176892
0 0 19 19 -151100
1 21 7 8 -138868
-1 -21 17 -22 -76106
12 -8 6 9 -158074
-7 11 -6 -8 -176594
0 19 3 9 -122932
-7 1 -11 -5 -148798
8 0 14 -2 -118998
-2 12 -6 -15 -174082
12 4 -21 0 -169324
-4 17 -7 -6 -180578
-9 -10 -7 -14 -95402
-10 -15 -14 -15 -60652
-5 -7 -12 5 -177670
-1 -7 -18 -2 -177556
2 5 -23 -6 -153568
-21 -4 4 -6 -168302
5 -10 6 -15 -115630
-3 4 5 -1 -171988
19 -4 -4 -23 -121686
17 -4 -11 13 -173266
12 23 -21 -18 -108388
-6 -11 10 -20 -131048
5 4 20 3 -140194
-20 -8 1 3 -172228
9 -19 -3 9 -173950
15 18 -4 11 -132270
16 12 7 8 -106764
-8 -14 9 -3 -179168
0 -6 -4 2 -166738
4 -12 1 0 -179374
-7 8 18 -6 -177848
12 9 -23 -7 -147952
-6 8 2 5 -173448
6 -9 -7 -12 -167604
-2 -1 2 -7 -169830
9 9 15 7 -102200
2 6 6 -6 -174548
12 16 19 0 -103752
3 4 0 6 -144064
-10 -13 -7 -6 -121710
1 8 1 3 -150864
-1 -12 0 -11 -120242
-11 15 9 -4 -184118
3 -1 4 -19 -169894
-11 -1 -19 -1 -106012
-10 1 -4 -10 -170582
3 -2 11 6 -182076
-1 -17 -8 -9 -132506
-14 24 -10 -2 -110216
-3 -3 -6 -18 -153328
-10 -13 -1 -7 -162990
-7 2 -6 9 -143826
-4 2 -13 6 -167244
-4 4 3 -2 -172560
-15 -1 13 9 -181384
5 -11 -11 -6 -179752
-2 4 -9 11 -170368
0 -19 -5 -23 -45656
-7 -5 -6 -3 -137308
21 -6 0 12 -158486
-11 12 -16 -8 -147218
15 -21 6 -12 -69844
-7 -2 16 12 -173364
3 6 0 3 -155488
17 20 12 6 -84882
-4 3 -2 -2 -153580
-14 0 0 19 -180286
-19 -10 2 8 -172072
3 2 7 11 -160742
-4 -7 -6 -9 -139242
-21 2 -19 -5 -64692
-7 3 -5 -10 -166642
14 22 -10 -3 -154062
8 0 1 5 -172178
0 1 3 -7 -176474
4 8 -3 -11 -179354
9 -15 17 8 -144564
2 0 17 -9 -168508
-11 -6 -3 -10 -148710
-9 1 -13 15 -129502
-13 -6 15 14 -169270
4 10 -17 -6 -182526
-7 5 -5 7 -135480
6 10 9 8 -129670
7 -5 -3 -18 -161842
3 -6 4 5 -166290
-13 -10 -3 -5 -163158
2 -11 0 -16 -117856
-21 7 -13 -5 -112806
-14 -14 -4 -4 -152630
0 -20 -5 -3 -155174
-9 7 -8 10 -109438
17 6 17 9 -59636
6 -12 23 -16 -81178
-16 -6 8 -6 -176490
5 -13 0 -11 -129040
2 3 16 12 -166650
-8 13 -6 0 -165388
0 10 -11 4 -181056
5 8 -2 10 -151450
-7 18 7 5 -178082
4 2 -3 -7 -177410
-2 -14 16 -11 -147636
-6 11 6 7 -175444
-23 10 -9 -3 -115536
8 -8 -12 -12 -170534
6 -13 7 -14 -92946
-5 -11 -6 -8 -119114
-6 7 3 6 -171002
10 -4 1 5 -181222
16 9 13 10 -67644
10 -17 8 2 -139242
1 -5 -4 4 -175088
8 -14 2 -5 -163990
18 4 21 11 -56616
-4 13 -10 7 -152192
-8 -10 15 -10 -164774
5 -8 24 -9 -106414
-8 2 -9 8 -130206
17 -4 2 -5 -175218
0 14 9 -9 -179172
15 11 5 -6 -170132
1 -8 4 -3 -142030
-21 9 2 10 -137368
-1 5 -12 4 -182070
3 24 -2 2 -135090
17 -8 -10 -14 -154318
5 6 7 -13 -172752
-3 -7 -1 17 -180256
6 4 6 -10 -164504
-10 6 -15 9 -96194
-1 3 -15 8 -179602
-4 1 -10 -3 -178788
-7 2 -9 2 -140392
-3 -11 1 -6 -153782
-2 -3 4 -1 -154306
-4 13 -6 15 -88802
-8 7 -18 -20 -120282
-7 2 -3 3 -160724
-1 -13 2 -16 -104948
14 5 -17 -10 -169744
8 15 -14 3 -171982
-12 -13 15 6 -169700
-8 2 6 2 -182218
22 6 -23 -3 -119400
-7 -2 0 -6 -163776
-12 13 6 5 -179104
7 6 12 -10 -155090
7 -6 11 -2 -132936
-22 0 -17 -2 -49838
-1 -4 -14 -11 -177900
-8 -22 -12 -17 -44358
-5 12 -13 7 -144838
16 7 0 6 -172312
8 0 23 -3 -116014
12 6 -11 13 -178182
-10 -21 8 10 -146990
6 -21 -1 7 -167524
-6 7 -12 -5 -170652
-10 -21 -11 12 -134178
-11 -5 -11 8 -151556
20 -20 -4 -15 -104656
-9 8 -1 7 -162680
-23 11 -5 21 -87868
-7 -1 2 -10 -181942
8 -6 12 8 -155962
5 -2 19 -2 -152742
-20 -5 9 -12 -160812
12 -6 3 -11 -158240
5 4 11 13 -139540
12 2 -12 13 -183556
-15 1 7 -20 -162670
15 0 -16 -3 -178396
2 -3 14 -2 -177404
-14 4 -11 16 -110470
3 -13 10 23 -144158
-19 9 5 2 -163328
2 -15 2 -12 -109042
-13 19 15 -11 -149914
0 0 -5 -2 -155130
-4 11 -6 0 -167644
-2 0 -8 17 -177370
-15 -11 -17 -7 -66910
3 2 -8 18 -182850
-10 -13 -12 7 -154974
-13 0 -6 23 -147748
-17 18 -8 -7 -130854
-4 1 -10 4 -169870
4 13 -6 14 -123854
-2 -19 5 -1 -169064
-8 9 -5 10 -133512
-1 7 7 5 -169418
-10 9 0 19 -152702
5 -3 -7 -3 -173532
1 15 -17 -5 -179160
-1 2 0 -4 -153128
7 -1 -2 2 -177948
-20 1 -6 -9 -164744
-18 -4 -18 8 -102382
-2 -16 -6 7 -179362
-6 -3 -4 -1 -155026
-16 0 -5 24 -140684
-2 17 20 11 -128112
2 -8 15 -6 -170026
-6 -1 -12 24 -123670
6 7 7 24 -93528
-9 -7 -6 12 -177436
15 24 -1 -8 -142910
-9 15 -15 -3 -152814
-5 17 -10 11 -117824
13 -2 4 -15 -162518
-1 -2 -23 4 -153300
3 -16 -14 -7 -163980
-5 -3 -9 -10 -157350
3 -5 -1 -2 -161392
4 -1 8 1 -157234
9 12 -14 9 -162060
17 -9 0 -3 -174212
4 5 -6 13 -180416
-8 -1 10 19 -166810
-11 24 9 -15 -143554
-9 -12 -5 -4 -157582
0 12 4 24 -73534
-2 8 4 14 -132708
-2 2 -13 -3 -191298
-1 -1 -17 -8 -176822
18 -2 17 -5 -57384
-2 8 -2 -9 -178168
-7 3 -6 1 -145392
-22 -5 -2 -5 -153394
11 3 1 11 -182784
-13 -4 -4 3 -181366
-1 -4 0 -1 -142146
-21 -7 -19 12 -97196
8 -8 8 24 -125694
-6 -9 7 -14 -166256
-11 -5 -4 -22 -122466
5 -3 4 -4 -132542
24 -16 -9 7 -136356
23 -10 18 -9 -22470
12 1 21 17 -98356
-6 24 -11 -3 -143476
17 -7 -6 1 -180646
4 4 -7 2 -177206
6 14 3 -12 -164308
0 -6 13 -16 -163306
5 -10 12 7 -180524
2 5 -3 6 -152512
0 7 1 -23 -150858
-8 15 -10 9 -104954
-1 -3 6 6 -181504
-22 -15 -7 -12 -80600
10 4 7 -4 -145154
-5 -4 4 4 -178738
0 -2 -10 0 -181406
-12 2 -3 -6 -176756
0 16 3 -3 -182300
-1 5 0 2 -143026
11 5 2 7 -168818
6 -19 -6 -1 -172808
4 12 10 6 -153186
24 -10 -15 3 -135288
10 4 5 -14 -174144
-14 11 0 -13 -176264
8 2 24 12 -96016
3 -1 2 -1 -144120
-14 9 3 -23 -155216
-6 -8 23 -20 -111946
14 -15 -10 10 -174912
-6 -10 -5 -7 -133562
-13 5 0 -20 -170328
0 1 8 1 -174638
-6 -11 -18 -4 -150758
0 9 -4 22 -109992
-1 -5 4 -9 -160576
2 -20 6 1 -163400
14 1 3 -9 -179154
15 5 -6 4 -182162
4 19 11 4 -151540
-21 -3 -11 8 -134546
1 13 -11 12 -146180
9 11 1 8 -145382
22 9 15 -15 -93668
-7 -7 -23 1 -136032
13 -5 2 -8 -170228
-5 3 -11 11 -154782
-18 3 -5 14 -152950
7 -20 -23 -10 -112296
-5 -2 0 6 -166420
-13 -17 2 -3 -171954
-1 0 0 14 -177510
-16 -12 6 15 -161730
-2 -12 -19 3 -177754
