-1 -2 -1 7 -157270
-1 -14 3 -3 -161718
-2 1 2 11 -158292
14 13 20 -2 -102134
2 -21 6 -3 -148168
-24 -17 -3 -11 -86890
8 -2 4 2 -139128
8 -11 5 -15 -106588
-23 -6 -9 8 -136898
6 -12 8 -10 -107642
-9 -5 10 -14 -171982
6 3 6 5 -108164
-6 -7 -5 5 -164182
-2 22 -8 -11 -157000
7 14 5 8 -106630
-13 -1 -14 -14 -109394
4 23 9 6 -137098
-3 7 6 22 -138344
6 -6 -5 -8 -154054
-4 -19 -6 7 -160206
-7 -3 -18 -10 -126478
9 0 10 0 -106668
3 2 10 9 -161900
-20 3 -6 4 -149538
12 0 19 -3 -97368
-17 8 23 1 -139424
-1 14 8 7 -155206
-23 7 5 -5 -153500
-6 0 17 -10 -164288
5 8 -4 8 -153704
1 -12 2 -12 -108970
8 0 22 3 -120618
10 -13 0 -9 -158988
17 -16 10 6 -127460
22 -3 0 -5 -160816
-12 2 -2 19 -166058
-6 3 -15 -4 -149946
3 8 14 0 -162104
0 -12 3 0 -164686
-7 11 1 7 -159274
12 6 3 21 -152944
1 -3 -2 -22 -144576
-2 -13 -2 21 -159782
-18 11 -23 -6 -94132
18 6 -10 5 -161910
11 -12 22 17 -120818
4 -18 5 -6 -149342
4 10 -7 4 -162456
0 22 -18 7 -140362
6 -1 18 8 -143596
22 -4 3 -5 -148896
-7 1 -3 2 -155480
-20 19 -2 17 -77000
-10 3 24 -8 -142704
5 -11 5 -8 -109940
0 18 -2 10 -110202
-9 4 -5 6 -139606
13 20 5 3 -136778
23 0 4 -15 -132676
22 -2 -2 14 -155368
-11 6 -22 -3 -130048
4 15 1 10 -113082
-6 4 -6 13 -135928
10 5 24 0 -101190
6 3 -2 22 -152904
7 -13 7 -12 -93026
8 -13 -22 -18 -107338
-1 -1 3 -7 -160320
-12 -19 3 4 -159720
10 8 -2 13 -158574
-1 -6 -5 -6 -137668
-11 7 -22 1 -117488
5 23 16 19 -72478
-5 -6 -1 -12 -143486
-6 1 -8 -8 -156556
10 -7 6 -11 -122072
3 4 -7 19 -163802
5 -18 5 -4 -155476
0 1 -4 -20 -161550
-11 7 12 18 -154242
17 -20 7 -18 -65096
15 2 -11 19 -149994
6 -18 3 -7 -145940
1 -4 13 -14 -166460
3 17 18 2 -155306
2 -7 6 1 -151966
-2 7 -5 -2 -159350
0 6 1 0 -145332
4 -2 6 -1 -134660
7 -2 8 6 -126348
-1 -8 -9 -7 -144808
-9 8 0 15 -151644
22 0 -15 -4 -151168
14 -14 2 -11 -136958
-4 1 -7 16 -166520
3 -18 0 -7 -146898
6 10 14 7 -132884
13 -5 11 -8 -91146
5 22 11 10 -113734
-11 5 -6 -9 -164170
-6 2 -20 3 -153098
2 -6 2 5 -161298
22 -6 22 -15 -33420
-3 -6 1 2 -163530
-19 9 -6 2 -156446
-6 -18 -8 14 -157976
-7 0 -1 -1 -154580
7 21 -4 17 -90778
11 22 -3 0 -156768
0 19 -17 5 -158230
-14 -23 -19 -13 -34266
10 -8 -2 -11 -155854
6 -11 13 -10 -117168
-7 1 0 14 -164208
1 -12 -5 -5 -154574
7 14 18 12 -102684
-17 -1 -7 -10 -149596
-12 -11 -11 -4 -102244
-6 3 -18 10 -151886
-13 -7 10 -13 -165958
9 -1 5 6 -134420
14 -19 -14 8 -152114
18 8 0 4 -162842
-18 -9 0 11 -164550
-5 3 -5 1 -125442
-4 -5 -5 19 -163112
14 2 7 8 -128868
9 3 2 8 -158668
1 -9 0 -18 -128152
-24 -1 8 21 -129854
2 8 6 5 -141552
1 8 -14 11 -164296
5 1 10 10 -147538
-6 -3 -5 -16 -148282
-8 9 0 7 -164648
10 -23 2 1 -131234
-5 16 -1 4 -158766
-1 -4 -5 -13 -163424
13 10 8 -11 -153662
20 19 2 -9 -150906
-8 4 -9 0 -119320
10 -14 19 15 -141648
-12 -14 -3 -10 -117898
-3 -23 -2 17 -143514
-11 -3 -14 6 -126464
-16 24 5 -5 -137240
4 -5 1 3 -158932
13 19 4 -5 -158628
4 17 -11 17 -112236
-2 -7 23 1 -156490
-23 -13 -16 -7 -38476
-5 -13 -17 1 -160032
-7 4 -9 -8 -159814
-9 -5 -10 -2 -104252
0 -9 -2 -7 -127518
0 5 2 5 -130776
7 8 3 2 -153936
9 -17 12 -17 -68630
-1 4 2 6 -137436
0 9 -8 6 -156090
-15 1 -2 5 -164696
8 -8 9 -9 -101460
18 21 2 13 -97858
10 -4 4 -9 -144454
12 6 5 2 -145672
-2 -3 23 0 -158658
1 -13 2 -7 -136432
-10 -1 -18 7 -143226
-15 0 -10 -5 -114856
-1 -23 2 6 -148112
-3 -5 2 3 -160828
12 0 3 0 -153486
2 15 -3 -10 -163432
-8 -20 3 -13 -103056
-12 -19 -11 5 -130062
-13 -17 2 -3 -167686
4 10 0 9 -125934
-1 -11 -6 -14 -117040
16 -4 15 0 -69526
10 13 2 7 -144252
21 13 6 -11 -149046
24 -12 -4 -7 -127198
16 4 -14 3 -162654
13 -3 13 -7 -76248
-4 0 -5 7 -154680
-9 -17 -7 13 -158948
-6 22 5 -11 -157818
-8 2 -11 23 -115540
6 0 -2 -1 -154846
18 14 6 -11 -162034
1 -13 0 -6 -139616
-21 -7 -14 6 -112332
19 18 -6 -4 -159502
-21 4 2 -11 -164510
21 -1 -7 2 -163536
6 -10 -2 -11 -139756
-16 -17 -14 0 -99132
-9 -13 10 24 -144748
14 -13 -3 17 -163816
-19 11 -18 -1 -82960
-2 8 -23 -18 -125488
-5 0 -9 -2 -159396
-11 -4 -8 2 -135856
6 14 11 8 -130668
0 -3 0 -15 -162868
4 -9 -9 -15 -156500
11 -1 11 3 -85970
-16 -10 7 -7 -160070
-10 -2 -2 -10 -160394
-3 -5 -23 5 -153406
-8 13 -11 -15 -157460
-4 8 -6 15 -120694
-6 -2 2 -2 -157466
12 6 24 -16 -94950
-1 -10 -18 20 -140834
7 -7 -7 -19 -145036
16 -8 14 24 -102980
7 -24 12 -11 -60242
0 0 19 19 -151096
1 21 7 8 -139006
-1 -21 17 -22 -79892
12 -8 6 9 -150030
-7 11 -6 -8 -164036
0 19 3 9 -120016
-7 1 -11 -5 -142888
8 0 14 -2 -114500
-2 12 -6 -15 -165940
12 4 -21 0 -156340
-4 0 0 -22 -147964
-9 -10 -7 -14 -91640
-10 -15 -14 -15 -61880
4 0 -22 5 -162914
-1 -7 -6 2 -168884
2 5 -23 -6 -152246
-21 -4 4 -6 -161838
5 -10 6 -15 -120696
-3 4 5 -1 -160716
19 -4 -4 -23 -121836
17 -4 -11 13 -161474
12 23 -21 -18 -117344
-6 -11 10 -20 -136988
5 4 20 3 -142302
-20 -8 1 3 -166762
9 -19 -3 9 -165708
15 18 -4 11 -139276
16 12 7 8 -116500
17 -17 9 1 -118512
0 -6 -4 2 -164358
14 16 1 17 -111928
-7 16 -4 10 -110980
12 9 -23 -7 -143612
-6 8 2 5 -166462
6 -9 -7 -12 -158384
-2 -1 2 -7 -157786
9 9 15 7 -107484
2 6 6 -6 -163584
12 16 19 0 -109946
3 4 0 6 -136080
-10 -13 -7 -6 -119838
1 8 1 3 -140196
-1 -12 0 -11 -114030
-11 -8 9 -19 -154238
21 -5 22 -3 -35876
-11 -1 -19 -1 -108502
-10 1 -4 -10 -163506
3 -5 -18 20 -145866
-1 -17 -8 -9 -128088
-14 24 -10 -2 -115972
-3 -3 -6 -18 -152748
-10 -13 -1 -7 -154750
-7 2 -6 9 -140826
-4 2 -13 6 -156264
-4 4 3 -2 -165596
11 -11 13 -6 -87814
0 17 -8 22 -68730
-2 4 -9 11 -165928
0 -19 -5 -23 -44084
-7 -5 -6 -3 -136356
21 -6 0 12 -154974
-11 12 -16 -8 -140386
15 -21 6 -12 -74282
2 2 19 -6 -161196
3 6 0 3 -144488
17 20 12 6 -85924
-4 3 -2 -2 -147248
5 21 20 -4 -138536
-19 -10 2 8 -166548
3 2 7 11 -152864
-4 -7 -6 -9 -133440
-21 2 -19 -5 -63954
-7 3 -5 -10 -162970
14 22 -10 -3 -156328
8 0 1 5 -158856
16 1 0 -6 -174282
-18 8 -11 0 -135262
9 -15 17 8 -142460
2 0 17 -9 -159252
-11 -6 -3 -10 -139000
-9 1 -13 15 -130986
-13 -6 15 14 -167436
19 10 -2 -18 -151362
-7 5 -5 7 -132126
6 10 9 8 -128582
7 -5 -3 -18 -156102
3 -6 4 5 -155212
-13 -10 -3 -5 -150610
2 -11 0 -16 -115518
-21 7 -13 -5 -118570
-14 -14 -4 -4 -149880
0 -20 -5 -3 -154670
-9 7 -8 10 -106856
17 6 17 9 -59802
6 -12 23 -16 -83874
-16 -6 8 -6 -165368
5 -13 0 -11 -131840
2 3 16 12 -166202
-8 13 -6 0 -161468
1 18 0 1 -156488
5 8 -2 10 -145276
-7 18 7 5 -164216
8 2 -3 -18 -165228
-2 -14 16 -11 -144128
-6 11 6 7 -165210
-23 10 -9 -3 -125728
8 -8 -12 -12 -162160
6 -13 7 -14 -95780
-5 -11 -6 -8 -113506
-6 7 3 6 -165042
-3 -5 20 15 -162116
16 9 13 10 -72614
10 -17 8 2 -138090
11 -5 -4 19 -164350
8 -14 2 -5 -159080
18 4 21 11 -55838
-4 13 -10 7 -144250
-8 -10 15 -10 -159438
5 -8 24 -9 -106138
-8 2 -9 8 -127222
-5 4 2 -5 -175552
-10 -9 12 -22 -133184
15 11 5 -6 -164460
1 -8 4 -3 -134016
-21 9 2 10 -141894
10 7 8 12 -105396
3 24 -2 2 -137408
17 -8 -10 -14 -148116
5 6 7 -13 -162632
0 -7 -1 23 -151632
6 4 6 -10 -154514
-10 6 -15 9 -109694
-16 -14 3 8 -165114
-4 1 -10 -3 -169014
-7 2 -9 2 -131366
-3 -11 1 -6 -144460
-2 -3 4 -1 -142050
-4 13 -6 15 -94542
-8 7 -18 -20 -124784
-7 2 -3 3 -154178
-1 -13 2 -16 -103572
14 5 -17 -10 -159214
8 15 -14 3 -163826
-12 -13 15 6 -161142
-18 0 6 17 -159770
22 6 -23 -3 -122658
-7 -2 0 -6 -157566
-1 -9 -2 1 -161482
7 6 12 -10 -148136
7 -6 11 -2 -122568
-22 0 -17 -2 -55738
-7 -7 -14 -6 -116706
-8 -22 -12 -17 -45124
-5 12 -13 7 -136826
16 7 0 6 -166098
8 0 23 -3 -120496
12 6 -11 13 -160600
-10 -21 8 10 -142254
6 -21 -1 7 -159218
-6 7 -12 -5 -161046
-10 -21 -11 12 -133462
-11 -5 -11 8 -143182
20 -20 -4 -15 -106832
-9 8 -1 7 -163088
-23 11 -5 21 -91746
12 -16 -5 -10 -159642
8 -6 12 8 -145136
5 -2 19 -2 -149528
-20 -5 9 -12 -156068
12 -6 3 -11 -150578
5 4 11 13 -137862
24 2 -6 -4 -147806
-15 1 7 -20 -156818
15 0 -16 -3 -160806
6 -14 2 -12 -123454
-14 4 -11 16 -104772
3 -13 10 23 -147668
-19 9 5 2 -165336
2 -15 2 -12 -109714
-13 19 15 -11 -146350
0 0 -5 -2 -151348
-4 11 -6 0 -161032
-3 2 -5 -7 -164186
-15 -11 -17 -7 -67986
-1 2 -1 -2 -135490
-10 -13 -12 7 -150080
-13 0 -6 23 -143230
-17 18 -8 -7 -133284
-4 1 -10 4 -159858
4 13 -6 14 -122420
10 0 18 2 -110512
-8 9 -5 10 -128216
-1 7 7 5 -158346
-10 9 0 19 -147848
5 -3 -7 -3 -164440
-20 24 -10 0 -96452
-1 2 0 -4 -149992
-11 -2 -1 0 -174838
-20 1 -6 -9 -159388
-18 -4 -18 8 -102428
23 8 -6 22 -114778
-6 -3 -4 -1 -150996
-16 0 -5 24 -136120
-2 17 20 11 -133156
2 -8 15 -6 -160498
-6 -1 -12 24 -126526
6 7 7 24 -101306
-23 5 8 12 -136536
15 24 -1 -8 -145862
-9 15 -15 -3 -143918
-5 17 -10 11 -113276
13 -2 4 -15 -153434
-1 -2 -23 4 -153758
3 -16 -14 -7 -155102
-5 -3 -9 -10 -153300
3 -5 -1 -2 -147268
4 -1 8 1 -144410
9 12 -14 9 -153574
7 -9 4 -3 -135950
4 19 -6 13 -115724
-8 -1 10 19 -164564
-11 24 9 -15 -140278
-9 -12 -5 -4 -152830
0 12 4 24 -80482
-2 8 4 14 -132014
18 14 -13 -5 -164310
9 -9 0 -9 -147690
18 -2 17 -5 -60668
-10 9 -17 10 -95862
-7 3 -6 1 -137936
-22 -5 -2 -5 -148222
4 10 13 13 -124942
-24 0 -4 3 -135778
-1 -4 0 -1 -137342
-21 -7 -19 12 -97940
8 -8 8 24 -130312
-6 -9 7 -14 -161592
-11 -5 -4 -22 -122804
5 -3 4 -4 -124628
24 -16 -9 7 -134478
23 -10 18 -9 -22364
12 1 21 17 -98620
-6 24 -11 -3 -140834
13 24 -17 3 -133918
4 4 -7 2 -164864
6 14 3 -12 -157318
0 -6 13 -16 -162980
-7 11 -13 16 -79332
2 5 -3 6 -145068
0 7 1 -23 -148608
-8 15 -10 9 -103808
0 -15 -19 10 -159788
-22 -15 -7 -12 -85848
10 4 7 -4 -132936
-15 0 10 0 -164892
-6 -2 -19 -17 -122664
-12 2 -3 -6 -163870
0 16 3 -3 -162486
-1 5 0 2 -138574
11 5 2 7 -159232
-21 -10 1 -1 -151764
4 12 10 6 -149472
24 -10 -15 3 -132236
10 4 5 -14 -161990
-14 11 0 7 -163344
8 2 24 12 -100064
3 -1 2 -1 -131634
-14 9 3 -23 -151672
-6 -8 23 -20 -114000
14 -15 -10 10 -167674
-6 -10 -5 -7 -128270
-13 5 0 -20 -165032
0 1 8 1 -160114
-6 -11 -18 -4 -143480
0 9 -4 22 -112544
-1 -5 4 -9 -147256
2 -20 6 1 -159192
14 1 3 -9 -166922
15 14 -6 8 -156540
4 19 11 4 -155012
-21 -3 -11 8 -136726
1 13 -11 12 -140488
9 11 1 8 -142382
22 9 15 -15 -96974
-7 -7 -23 1 -137758
13 -5 2 -8 -160122
-5 3 -11 11 -151350
-18 3 -5 14 -146692
7 -20 -23 -10 -113772
-5 -2 0 6 -160176
-13 -17 2 -3 -167686
-1 0 0 14 -161994
-16 -12 6 15 -156878
23 -12 6 3 -123172
