-1 -2 -1 7 -140791
-1 -14 3 -3 -144307
-2 1 2 11 -140881
14 13 20 -2 -111939
2 -21 6 -3 -138443
-24 -17 -3 -11 -90287
8 -2 4 2 -123603
8 -11 5 -15 -102281
-23 -6 -9 8 -135915
6 -12 8 -10 -101807
21 -3 18 8 -85963
6 3 6 5 -99695
-6 9 -5 15 -105113
2 -22 -15 0 -142679
7 14 5 8 -107553
-13 -1 -14 -14 -102739
4 23 9 6 -133827
-3 7 6 22 -139561
6 -6 -5 -8 -138647
-10 0 -6 1 -131267
-7 -3 -18 -10 -129057
9 0 10 0 -94445
11 14 10 5 -104621
-20 3 -6 4 -140461
12 0 19 -3 -106545
-17 8 23 1 -134999
-1 14 8 7 -139577
12 -7 8 -19 -98571
-16 -14 13 -12 -131153
5 8 -4 8 -136855
1 -12 2 -12 -100147
8 0 22 3 -131207
10 -13 6 -9 -114013
17 -16 10 6 -139165
22 -10 -14 23 -128925
17 -1 18 -3 -70457
-6 3 -15 -4 -141409
-8 19 0 13 -120357
-4 -21 23 -9 -121499
-7 11 1 7 -133089
12 6 3 21 -142407
1 -3 -2 -22 -143923
14 -13 22 -10 -63531
-18 11 -23 -6 -101301
11 21 5 8 -115691
11 -12 22 17 -124739
4 -18 5 -6 -138853
16 10 -11 14 -140569
0 22 -18 7 -129239
6 -1 18 8 -143491
22 -4 3 -5 -137911
-7 1 -3 2 -136169
-20 19 -2 17 -85077
-10 3 24 -8 -142923
5 -11 5 -8 -98959
0 18 -2 10 -111045
-9 4 -5 6 -129291
13 20 5 3 -140975
23 0 4 -15 -130449
-1 -20 -3 -6 -134487
-11 6 -22 -3 -130021
4 15 1 10 -111109
-6 4 -6 13 -121589
10 5 24 0 -111257
2 11 24 18 -92509
7 -13 7 -12 -91413
8 -13 -22 -18 -105965
-1 -8 3 -17 -138207
21 22 -3 -13 -134521
-8 -20 -5 -11 -74269
-1 -6 -5 -6 -128505
-11 7 -22 1 -114309
5 23 16 19 -72875
-5 -6 -1 -12 -127895
-6 1 -8 -8 -140667
10 -7 6 -11 -112071
8 19 -7 15 -124567
5 -18 3 -17 -70797
13 -22 8 2 -121673
-11 7 12 18 -144395
17 -20 7 -18 -72197
15 8 -9 19 -143273
6 -18 3 -7 -140045
-16 -10 19 -8 -138989
3 -24 15 2 -126669
2 -7 6 1 -139893
-2 7 -5 -2 -143141
0 6 1 0 -130773
4 -2 6 -1 -121461
7 -2 8 6 -116861
-1 -8 -9 -7 -133717
-9 8 0 15 -138983
-18 0 -13 -4 -96797
14 -14 2 -11 -133649
24 5 -7 -8 -142921
3 -18 0 -7 -145243
6 10 14 7 -126973
13 -5 11 -8 -83137
5 22 11 10 -110263
-11 5 -6 15 -135549
-6 2 -20 3 -142895
2 -6 2 5 -141103
22 -6 22 -15 -40961
0 2 1 17 -142019
0 -12 6 24 -142103
-6 -18 -8 14 -140749
-7 0 -1 -1 -134763
7 21 -4 17 -96485
23 22 -3 -4 -121243
-17 -6 -22 5 -92391
-14 -23 -19 -13 -44307
10 -8 -2 -11 -142457
6 -11 13 -10 -110811
5 13 -8 14 -137823
2 -9 -6 -21 -126959
7 14 18 12 -105477
-17 -1 -7 -10 -133921
-12 -11 -11 -4 -95781
-6 3 -18 10 -140167
12 -7 10 17 -134287
9 -1 5 6 -120809
14 -19 -14 8 -142125
-23 1 -5 -2 -136893
-22 -18 0 7 -131995
-5 3 -5 1 -112113
5 5 -5 24 -135897
14 2 7 8 -116345
-9 12 -7 2 -131231
1 -9 0 -18 -128331
-24 -1 8 21 -132821
2 8 6 5 -130055
1 0 -3 -5 -132071
5 1 10 10 -135187
-6 -3 -5 -16 -138099
1 -4 0 -10 -126511
10 -23 2 1 -126111
-5 8 -16 9 -127725
-1 24 3 7 -118227
13 10 8 -11 -145071
20 2 -13 23 -130317
-8 4 -9 0 -106383
10 -14 19 15 -139427
-12 -14 -3 -10 -111279
-3 -23 -2 17 -134641
-11 -3 -14 6 -119351
-16 24 5 -5 -136585
4 -5 1 3 -136443
0 11 4 6 -125593
4 17 -11 17 -123327
-19 14 -14 7 -64793
-23 -13 -16 -7 -42271
0 -12 14 10 -158639
-7 4 -9 -8 -141525
-9 -5 -10 -2 -89381
0 -9 -2 -7 -112959
0 5 2 5 -117403
7 8 3 2 -136659
9 -17 12 -17 -69823
-1 4 2 6 -123061
0 9 -8 6 -137361
21 0 8 5 -135645
8 -8 9 -9 -96665
18 21 2 13 -102573
10 -4 4 -9 -130057
12 6 5 2 -130369
-22 -3 16 0 -141363
1 -13 2 -7 -124657
-10 -1 -18 7 -136907
-15 0 -10 -5 -105471
-1 -23 2 6 -143047
15 5 9 -24 -112751
12 0 3 0 -132717
-16 15 -10 -12 -134609
-8 -20 3 -13 -106865
-12 -19 -11 5 -123729
10 0 -22 -17 -129975
4 10 0 9 -116069
-1 -11 -6 -14 -117565
16 -4 15 0 -79453
10 13 2 7 -132757
21 13 6 -11 -141779
24 -12 -4 -7 -135911
-4 -13 -12 -9 -118699
13 -3 13 -7 -77181
-4 0 -5 7 -137899
4 24 21 0 -131631
11 -12 5 -11 -117517
-8 2 -11 23 -122453
6 0 -2 -1 -137487
18 19 15 4 -91167
1 -13 0 -6 -123943
-21 -7 -14 6 -115511
19 18 7 -5 -139851
23 4 2 2 -135391
11 -19 -9 -16 -116989
6 -10 -2 -11 -127093
-16 -17 -14 0 -96773
-9 -13 10 24 -139927
14 -20 10 17 -126773
-19 11 -18 -1 -89633
-2 8 -23 -18 -127807
-5 0 -9 -2 -139559
-11 -4 -8 2 -122427
6 14 11 8 -124329
-10 -3 -15 -5 -111743
20 -20 11 -17 -46889
11 -1 11 3 -84623
-16 -10 7 -7 -143603
-4 -21 4 -11 -114247
-3 -6 -23 15 -125605
-3 -23 -2 -1 -139941
-4 8 -6 15 -118437
-6 -2 2 -2 -138645
12 6 24 -16 -108847
-1 -10 -18 20 -143141
7 -7 -7 -19 -139037
16 -8 14 24 -113309
7 -24 12 -11 -66977
0 0 19 19 -141751
1 21 7 8 -132161
-1 -21 17 -22 -88205
12 -8 6 9 -141659
-7 11 -6 -8 -142351
0 19 3 9 -116617
-7 1 -11 -5 -131115
8 0 14 -2 -104975
-1 12 0 7 -100195
-21 4 -21 0 -61229
-4 0 0 -22 -144327
-9 -10 -7 -14 -89461
-10 -15 -14 -15 -63583
-4 6 -10 9 -129981
-6 19 -23 -9 -132303
2 17 -5 5 -141773
9 1 6 -7 -129227
5 -10 6 -15 -116457
-3 4 5 -1 -139835
19 -4 -4 -23 -127489
17 10 -2 -24 -138679
12 23 -21 -18 -124747
-6 -11 10 -20 -131059
5 4 20 3 -141059
-20 9 1 -21 -144413
-24 7 -3 9 -122135
15 18 -4 11 -133889
16 12 7 8 -116935
17 -17 9 1 -139249
0 -6 -4 2 -135987
14 16 1 17 -104621
-7 16 -4 10 -121115
12 9 -23 -7 -145937
17 8 12 5 -99417
9 -9 10 23 -137321
-2 -1 2 -7 -131659
9 9 15 7 -106433
18 12 22 -4 -97677
12 16 19 0 -114743
3 4 0 6 -126845
-10 -13 -7 -6 -111591
1 8 1 3 -127237
-1 -12 0 -11 -111017
1 -8 -5 -6 -130685
21 -5 22 -3 -40853
-11 -1 -19 -1 -110305
-10 1 -4 -10 -139175
-13 -1 -5 7 -139089
-1 -17 -8 -9 -124375
-14 24 -10 -2 -122505
-3 -3 -6 -18 -146053
-20 -1 12 -7 -140889
-7 2 -6 9 -122763
-4 2 -13 6 -141445
-18 15 6 16 -130327
11 -11 13 -6 -81419
0 17 -8 22 -81681
16 22 -6 20 -99167
0 -19 -5 -23 -49823
-7 -5 -6 -3 -123815
21 -6 17 -11 -61963
-11 12 -16 -8 -137227
15 -21 6 -12 -79721
-2 -17 -14 -6 -141229
3 6 0 3 -129211
17 20 12 6 -99343
-4 3 -2 -2 -126709
5 21 20 -4 -140563
-19 6 22 -15 -131013
3 2 7 11 -139179
-4 -7 -6 -9 -124815
-21 2 -19 -5 -71153
-7 3 -5 -10 -140389
14 7 -10 -3 -152121
8 0 1 5 -139883
2 1 -12 23 -143821
-18 8 -11 0 -130037
9 -15 17 8 -141581
9 0 19 -19 -127251
-11 -6 -3 -10 -128271
-9 1 -13 15 -129845
5 4 0 10 -140049
19 24 -2 -18 -131015
-7 5 -5 7 -121587
6 10 9 8 -120243
-16 -22 -9 -1 -102767
3 -6 4 5 -138867
-13 -10 -3 -5 -139481
2 -11 0 -16 -115023
-21 7 -13 -5 -119825
-14 -14 -4 -4 -139635
2 -20 11 -15 -93591
-9 7 -8 10 -101421
17 6 17 9 -59299
6 -12 23 -16 -93151
2 -16 -19 20 -138907
5 -13 0 -11 -118203
-6 16 -3 12 -118217
6 0 7 -4 -108331
1 18 0 1 -144825
5 8 -2 10 -130485
-4 -2 -9 -22 -128781
8 2 18 -14 -144621
-2 -14 16 -11 -139865
2 -7 0 -9 -115419
-23 10 -9 -3 -124119
-8 22 -12 -16 -131479
6 -13 7 -14 -97061
-5 -11 -6 -8 -104587
-6 7 3 6 -139119
9 5 20 15 -121711
16 9 13 10 -77735
10 -17 8 2 -136661
12 -5 14 19 -128627
8 -14 2 -5 -141179
18 4 21 11 -56985
-4 13 -10 7 -132593
24 3 -5 -10 -143485
5 -8 24 -9 -113401
-8 2 -9 8 -116019
-8 23 -15 -5 -138943
-10 -9 12 -22 -127045
15 11 17 -6 -114221
1 -8 4 -3 -121357
-21 9 2 10 -138625
10 7 8 12 -104765
3 24 -2 2 -133243
17 -8 -10 -14 -136973
16 -4 -16 -6 -143833
0 -7 -1 23 -136445
6 4 6 -10 -140809
-10 6 -15 9 -105457
0 5 -5 3 -125177
-4 8 -14 21 -118531
-7 2 -9 2 -121699
-3 -11 1 -6 -135421
-2 -3 4 -1 -128087
-4 13 -6 15 -109633
-8 7 -18 -20 -122627
-7 2 -3 3 -135037
-1 -13 2 -16 -100497
-24 3 4 -1 -132645
-11 12 -14 3 -105997
3 11 -11 21 -134321
11 0 20 -13 -120117
22 6 -23 -3 -127981
-7 -2 0 -6 -137671
6 -23 -8 -8 -124677
7 6 12 -10 -141873
7 -6 11 -2 -110779
-22 0 -17 -2 -57479
-7 -7 -14 -6 -112781
-8 -22 -12 -17 -50497
-5 12 -13 7 -129243
16 17 -19 -12 -141547
8 0 23 -3 -128417
12 11 -11 13 -141003
-10 -21 8 10 -137309
3 -22 0 -23 -47485
-2 -10 -6 -12 -123889
-10 -21 -11 12 -127383
-11 -5 -11 8 -131099
20 -20 -4 -15 -111873
9 0 18 7 -128575
-23 11 -5 21 -97961
0 21 -5 11 -105925
8 -6 12 8 -136861
5 -2 19 -2 -137339
-20 -5 -6 -12 -135263
12 -6 3 -11 -135641
5 4 11 13 -133729
24 2 -6 -4 -143595
-16 23 7 -20 -134427
15 -23 -4 20 -129513
6 -14 2 -12 -113741
-14 4 -11 16 -109931
-19 17 10 23 -104533
-23 7 -1 12 -130341
2 -15 2 -12 -108787
18 -13 23 9 -95507
0 0 -5 -2 -134825
-1 -9 -6 -11 -132521
-3 2 -5 -7 -140565
-15 -11 -17 -7 -65451
-1 2 -1 -2 -116603
-10 -13 -12 7 -134689
-13 0 -6 23 -140209
-17 18 -8 -7 -138741
-4 1 -10 4 -141733
4 13 -6 14 -125973
10 0 18 2 -116811
-8 9 -5 10 -116591
-15 18 -17 -4 -116265
-10 9 0 19 -137347
-18 -1 -20 -4 -58577
-20 24 -10 0 -100979
-1 2 0 -4 -126201
-10 -2 24 -6 -140415
-22 19 -6 24 -58637
-18 -4 -18 8 -108679
23 8 -6 22 -121411
-6 -3 -4 -1 -132663
-16 0 -5 24 -133147
-2 17 20 11 -126297
2 -8 -5 -14 -141763
-6 -1 -12 24 -132141
6 7 7 24 -109667
-23 5 8 12 -132771
15 24 -1 -8 -140443
-9 15 -15 -3 -141597
-5 17 -10 11 -106061
13 -2 4 -15 -140885
3 14 22 4 -136221
0 -16 -14 -13 -117767
-5 -3 -9 -10 -141231
3 -5 -1 -2 -125365
4 -1 8 1 -128257
9 12 -14 9 -144661
7 -9 4 -3 -121417
4 19 -6 13 -119571
7 4 10 18 -130655
-11 24 9 -15 -139369
-9 -12 -5 -4 -140655
0 12 4 24 -86885
-2 8 4 14 -127671
-18 -9 0 -24 -114497
9 -9 0 -9 -131807
18 -2 17 -5 -64109
-10 9 -17 10 -94647
-7 3 -6 1 -121401
-22 -5 -2 -5 -140575
4 10 13 13 -118149
-24 0 -4 3 -131945
-1 -4 0 -1 -117253
-21 -7 -19 12 -106899
8 -8 8 24 -135679
-6 -9 7 -14 -141325
-11 -5 -4 -22 -126665
5 -3 4 -4 -114847
24 -16 -9 7 -133323
23 -10 18 -9 -30587
12 1 21 17 -110191
-6 24 -11 -3 -137737
13 24 -17 3 -128187
-8 -24 -7 2 -118101
-3 -8 23 -11 -141003
0 -18 21 -10 -127461
-7 11 -13 16 -89767
2 5 -3 6 -125369
0 7 1 -23 -141543
-8 15 -10 9 -103885
4 12 -5 20 -121671
-22 -15 -7 -12 -89679
10 4 7 -4 -124161
-15 2 23 4 -136419
-6 -2 -19 -17 -125855
-12 -1 -15 -4 -101395
0 -13 22 6 -146199
-1 5 0 2 -124875
11 5 2 7 -138655
-21 -10 1 -1 -140493
4 12 10 6 -139885
24 -10 -15 3 -135729
10 23 15 -14 -130267
-16 11 -17 -16 -112105
8 2 24 12 -110549
3 -1 2 -1 -113721
-14 9 3 -23 -146041
-6 -8 23 -20 -117519
14 -15 -17 -6 -140867
-6 -10 -5 -7 -118505
22 5 20 -20 -83789
8 18 -19 14 -128815
-6 -11 -18 -4 -138031
0 9 -4 22 -121011
-1 -5 4 -9 -128733
2 8 8 1 -139921
-18 -17 -16 -18 -38763
3 14 16 8 -140955
-24 -9 11 4 -138341
-21 -3 -11 8 -135355
1 13 -11 12 -134173
9 11 1 8 -127509
22 9 15 -15 -112607
-7 -7 -23 1 -128465
-24 -5 15 5 -138843
-5 3 -11 11 -138855
-18 3 -5 14 -137597
7 -20 -23 -10 -116411
-5 -2 0 6 -143445
-13 -17 7 -3 -139395
6 23 -23 -8 -134969
-16 -12 6 15 -146291
23 -12 6 3 -136227
