-1 -12 21 -24 -105276
13 8 23 2 -101386
-9 8 -9 7 -87066
14 -22 20 -2 -97126
9 1 8 -3 -101150
-24 -17 -3 -11 -96370
8 -2 4 2 -106924
8 -11 5 -15 -107804
-23 21 -9 3 -103732
6 -12 8 -10 -102072
21 -3 18 8 -93984
6 3 6 5 -88888
-6 9 -5 15 -101790
-17 -22 -16 17 -107238
7 14 5 8 -103398
-13 -1 -14 -14 -111480
-16 23 -21 -5 -112574
-14 -14 -19 -4 -99982
-19 12 -15 11 -63322
-10 0 -6 1 -108742
-7 -3 -21 23 -118112
9 0 10 0 -87448
11 14 10 5 -100956
10 8 11 20 -110874
12 0 19 -3 -116028
-17 8 23 1 -117226
17 -18 19 8 -109396
12 -7 8 -19 -101882
-16 -24 -7 -12 -70374
-9 16 -7 7 -106596
1 -12 2 -12 -88422
13 -2 22 2 -96506
10 -13 6 -9 -107212
-8 1 -13 -10 -115728
22 -10 -14 23 -118780
17 -1 18 -3 -87822
-7 -6 -4 -6 -113262
-8 19 0 13 -116016
-4 -21 23 -9 -113796
-7 11 1 7 -117090
19 -6 22 21 -100596
14 -9 11 -1 -109398
14 -13 22 -10 -66912
-18 11 -23 -6 -105716
11 21 5 8 -113202
-1 -2 -24 17 -109742
2 5 -1 -1 -116518
16 18 -23 8 -111796
0 22 -18 7 -119576
17 -1 21 -5 -79176
-8 -22 -11 -6 -110610
6 -12 11 5 -133406
-20 19 -2 17 -94200
-15 9 -16 7 -67168
5 -11 5 -8 -91610
0 18 -2 10 -110640
-6 -14 -2 -12 -110074
3 -2 5 -4 -105998
-17 22 6 19 -108360
-6 1 -1 -4 -118464
-11 6 -22 -3 -113644
4 15 1 10 -111814
-6 4 -6 13 -112252
10 5 24 0 -113784
2 11 24 18 -108052
7 -13 7 -12 -96140
8 -13 -22 -18 -109516
7 -23 16 -16 -77886
8 19 -14 22 -109204
-8 -20 -5 -11 -86714
-1 -6 -5 -6 -112002
-11 7 -22 1 -102812
5 23 16 19 -71234
-20 -11 -20 -23 -38510
9 1 8 4 -86302
10 -7 6 -11 -102556
4 -7 -2 13 -132974
5 -18 3 -17 -72364
13 -22 8 2 -114236
10 7 9 18 -116420
17 -20 7 -18 -88968
15 -15 -9 -14 -121190
-17 -3 24 -22 -102154
23 5 21 20 -67082
3 -24 15 2 -121844
2 -4 2 5 -115532
0 0 4 -2 -110018
0 6 1 0 -112362
4 -2 6 -1 -101552
7 -2 8 6 -107116
7 1 12 6 -109890
-9 -6 -10 -2 -103034
-18 0 -13 -4 -98130
14 0 -17 -22 -118414
-22 5 -7 22 -116072
5 19 23 6 -115500
6 10 14 7 -117508
13 -5 11 -8 -90642
5 22 11 10 -105478
-13 -8 -20 -15 -81386
12 20 14 7 -109134
-7 1 -4 -4 -112190
22 -6 22 -15 -47148
-8 2 -8 6 -99998
10 5 6 10 -117046
-14 -7 -18 -7 -82686
12 -7 7 1 -113518
7 21 -4 17 -97898
23 22 -3 -4 -116830
-17 -6 -22 5 -97566
-14 -23 -19 -13 -55632
5 16 -3 11 -122562
6 -11 13 -10 -102188
-10 13 -20 14 -85510
2 -9 -6 -21 -121690
7 14 18 12 -100952
-10 0 -24 7 -104924
-12 -11 -11 -4 -97024
6 -24 21 -8 -103164
-5 -7 -9 -14 -115324
-13 15 14 17 -113348
14 -24 -14 -8 -110450
6 -8 7 -19 -113206
-13 -15 -21 -6 -101510
-5 3 -5 1 -95648
-5 22 4 19 -88842
14 2 7 8 -111330
-1 -19 -2 -8 -116030
1 -9 0 -18 -120078
-24 -1 8 21 -117362
2 8 6 5 -111700
1 0 -3 -5 -106914
-13 -1 -20 3 -102582
-11 14 -4 20 -86416
1 -4 0 -10 -106960
10 -23 2 1 -117788
12 -2 15 -1 -90124
-1 24 3 7 -108262
13 10 17 0 -107376
19 9 23 -7 -95324
-8 4 -9 0 -90800
2 12 2 18 -92730
-12 -14 -3 -10 -109496
-3 -23 -2 17 -118230
-11 -3 -14 6 -106322
24 -18 5 -4 -104542
5 -20 -12 -15 -114446
0 11 4 6 -114276
4 17 -11 17 -117038
-19 14 -14 7 -80712
-23 -13 -16 -7 -56524
-7 -10 -9 -13 -94246
-22 -1 -9 -10 -112492
-9 -5 -10 -2 -101866
0 -9 -2 -7 -93064
0 5 2 5 -105262
7 8 3 2 -112244
9 -17 12 -17 -76310
-1 4 2 6 -112600
-8 -10 -13 -7 -94750
-12 6 -9 24 -100646
8 -8 9 -9 -93828
18 21 2 13 -114266
10 -4 4 -9 -116164
12 6 5 2 -115690
14 11 19 0 -111788
1 -13 2 -7 -110542
-18 8 -15 23 -76544
-15 0 -10 -5 -99354
4 -3 3 6 -115924
15 5 9 -24 -115402
4 13 7 13 -82642
-14 16 -10 16 -67022
-8 -20 3 -13 -108568
-9 -19 -8 -7 -105906
-7 0 -2 -2 -115678
4 10 0 9 -104352
-1 -11 -6 -14 -118422
16 -4 15 0 -93258
22 -19 -13 -12 -114144
16 -4 6 -1 -115606
24 -12 -4 -7 -115706
-4 -13 -12 -9 -105754
13 -3 13 -7 -88024
-22 -15 -15 -14 -53264
0 24 21 -9 -121684
11 -12 5 -11 -105962
-8 2 -11 23 -114016
20 1 16 2 -90864
18 19 15 4 -108582
1 -13 0 -6 -103734
-21 -7 -14 6 -115746
1 -8 4 -5 -109770
-7 1 -10 2 -99540
11 -19 -9 -16 -113614
6 -10 -2 -11 -110268
-16 -17 -14 0 -109784
24 -13 21 12 -86642
14 -20 10 17 -116742
-19 11 -18 -1 -92076
-2 8 -23 -18 -116992
-5 13 -5 14 -87206
-11 -4 -8 2 -104576
6 14 11 8 -118200
-10 -3 -15 -5 -95228
20 -20 11 -17 -59514
11 -1 11 3 -85658
-13 -18 -15 -3 -106246
-4 -21 4 -11 -109200
-7 8 0 13 -110994
-20 -23 -3 2 -109634
-4 8 -6 15 -108996
8 4 5 8 -108504
12 6 24 -16 -110000
8 -15 7 -8 -107094
5 -13 18 -24 -91920
16 -8 14 24 -106882
7 -24 12 -11 -79890
0 -19 10 -13 -112694
11 9 10 8 -86544
-1 -21 17 -22 -92876
22 4 14 2 -91308
2 -10 20 -24 -109852
0 19 3 9 -112920
-7 1 -11 -5 -110476
8 0 14 -2 -100734
-1 12 0 7 -95168
-21 4 -21 0 -66472
-13 15 20 19 -110438
-9 -10 -7 -14 -87216
-10 -15 -14 -15 -61438
-4 6 -10 9 -108058
-20 3 -20 -3 -85518
22 -23 -14 5 -113782
9 1 6 -7 -119634
5 -10 6 -15 -114142
5 2 23 20 -115606
19 -4 -4 -23 -120496
-2 1 -2 -24 -105482
12 23 -21 -18 -117168
-5 -23 10 -20 -86242
23 7 8 11 -104482
3 -19 4 -24 -23956
-24 7 -3 9 -107742
9 -14 -16 -23 -97408
16 12 7 8 -108150
10 -4 20 -7 -108792
9 -6 5 -6 -100902
14 16 1 17 -102194
-7 11 -2 10 -104010
10 19 12 9 -107820
17 8 12 5 -95442
-19 3 -9 11 -107648
-2 -1 2 -7 -111176
9 9 15 7 -100380
18 12 22 -4 -104876
12 16 19 0 -116938
3 4 0 6 -108862
-10 -13 -7 -6 -109818
1 8 1 3 -105518
-1 -12 0 -11 -94812
1 -8 -5 -6 -110808
21 -5 22 -3 -46544
-11 -1 -19 -1 -101368
-24 12 -2 -12 -117308
11 16 11 23 -44614
-1 -17 -8 -9 -114226
-14 24 -10 -2 -114362
-3 -8 -2 -18 -111424
9 -12 1 -23 -95278
-7 2 -6 9 -115126
-15 2 -13 -5 -94386
-18 15 6 16 -121112
11 -11 13 -6 -82760
0 17 -8 22 -83936
16 22 -6 20 -99312
0 -19 -5 -23 -54876
-7 -5 -6 -3 -104330
21 -6 17 -11 -69884
-11 -2 -11 -21 -118236
15 -21 6 -12 -92100
-18 12 -17 4 -71546
3 6 0 3 -116572
17 20 12 6 -113096
-4 3 -2 -2 -111100
2 9 5 18 -118862
12 15 13 16 -67028
18 -15 5 -20 -102564
-4 -7 -6 -9 -107592
-21 2 -19 -5 -83300
-16 9 -10 24 -90010
-24 15 -24 -8 -78746
-20 1 -19 -20 -86228
8 -7 7 5 -116676
-18 8 -11 0 -114458
6 -9 5 -7 -94350
0 -12 1 -18 -96900
-11 -6 -3 -10 -116820
11 -3 12 12 -110714
14 4 -8 -18 -135826
19 24 -2 -18 -117122
-7 5 -5 7 -107678
6 10 9 8 -109384
-16 -22 -9 -1 -116224
-7 -7 -3 -12 -111396
0 16 6 20 -86070
2 -11 0 -16 -108706
-7 -22 -13 -5 -114368
13 12 -1 18 -117690
2 -20 11 -15 -97470
-9 7 -8 10 -96114
17 6 17 9 -69992
6 -12 23 -16 -98500
-3 -17 4 -20 -81488
5 -13 0 -11 -105892
-6 16 -3 12 -112082
6 0 7 -4 -99444
11 8 -21 22 -110554
5 8 -2 10 -118772
11 4 15 -22 -116356
8 -17 18 -17 -91844
14 -6 19 2 -97420
2 -7 0 -9 -104208
17 -3 12 -10 -102134
-8 22 -12 -16 -120040
6 -13 7 -14 -92950
-5 -11 -6 -8 -92148
-10 3 -10 -6 -106652
16 5 20 5 -80830
16 9 13 10 -77050
0 5 -3 2 -105116
21 20 17 -6 -111142
-1 11 1 11 -96012
18 4 21 11 -71622
-4 13 -10 7 -117908
7 -14 9 -12 -100516
5 -8 24 -9 -108028
-8 2 -9 8 -102398
-8 6 -22 12 -110352
2 17 9 -12 -132492
15 11 17 -6 -117132
1 -8 4 -3 -108920
-4 18 1 15 -99654
10 7 8 12 -105086
3 24 -2 2 -113568
-5 -3 -23 -19 -107186
-16 21 -18 -8 -118628
0 -7 -1 23 -120322
-1 4 6 2 -117208
-10 6 -15 9 -93628
0 5 -5 3 -105916
6 -20 -18 -12 -121664
-7 2 -9 2 -104776
-3 -11 1 -6 -114976
-2 -3 4 -1 -108564
-4 13 -6 15 -103898
14 -7 12 2 -111574
-7 2 -3 3 -108274
-1 -13 2 -16 -92938
-24 3 4 -1 -114110
-11 12 -14 3 -99034
-7 -14 3 -15 -107314
11 0 20 -13 -116790
22 6 -23 -3 -112722
24 20 1 15 -98704
6 -23 -8 -8 -118214
15 -16 15 10 -116900
7 -6 11 -2 -107224
-22 0 -17 -2 -59380
-7 -7 -14 -6 -97354
-8 -22 -12 -17 -50408
-5 12 -13 7 -113800
15 -23 2 -3 -116632
-3 -10 -19 -15 -112014
12 21 13 12 -80780
12 0 14 4 -87000
3 -22 0 -23 -49930
-2 -10 -6 -12 -116072
-10 -21 -11 12 -114624
-11 -5 -11 8 -114174
20 -20 -4 -15 -115730
9 5 18 7 -109836
-23 11 -5 21 -102912
0 21 -5 11 -104254
23 -12 20 1 -70878
-21 -1 -19 23 -89290
14 9 -4 -9 -137718
12 14 15 21 -72286
5 4 11 13 -115106
24 10 8 -4 -108994
-5 -13 -6 -24 -58548
-3 20 -4 16 -57182
6 -14 2 -12 -104332
-14 4 -11 16 -104002
-19 17 10 23 -105048
-23 24 -13 23 -27976
2 -15 2 -12 -104854
18 -13 23 9 -92656
0 0 -5 -2 -107262
18 -5 17 -11 -67778
14 19 16 2 -111548
-15 -11 -17 -7 -80178
-1 2 -1 -2 -97344
2 -14 4 -9 -113312
9 -7 14 0 -114702
-16 18 -23 5 -75052
-9 -10 -12 -4 -101440
4 13 -6 14 -112392
10 0 18 2 -108918
-8 9 -5 10 -103178
-15 18 -17 -4 -117042
18 -7 8 -15 -108130
-18 -1 -20 -4 -69498
-20 24 -10 0 -112302
-1 2 0 -4 -101366
-10 -6 -17 -9 -96184
-22 19 -6 24 -73482
-18 -4 -18 8 -108066
23 8 -6 22 -112778
-6 -3 -4 -1 -109238
-16 0 -5 24 -118128
-2 17 20 11 -118772
24 -8 10 1 -117004
-8 -11 0 -12 -114186
6 7 7 24 -104406
-11 -2 -8 -7 -108340
-15 8 -18 -11 -116318
4 20 14 24 -63856
-5 17 -10 11 -100218
-5 9 -11 20 -109184
-21 -18 -20 7 -100752
0 -16 -14 -13 -109186
-22 -7 -14 -2 -84450
3 -5 -1 -2 -110898
-21 -22 -18 10 -101854
-12 9 -19 22 -78946
7 -9 4 -3 -109750
4 19 -6 13 -113960
24 -4 12 -22 -89160
-14 22 0 21 -81838
-5 24 6 24 -68338
0 12 4 24 -89000
-2 8 4 14 -118370
-18 -9 0 -24 -100738
9 -9 0 -9 -117704
18 -2 17 -5 -76354
-10 9 -17 10 -92760
-7 3 -6 1 -102382
-22 -13 17 -8 -114668
4 10 13 13 -108740
-24 0 -4 3 -107510
-1 -4 0 -1 -96032
-21 -7 -19 12 -116618
8 -8 8 24 -114470
-6 9 -14 10 -99290
5 19 6 22 -40996
5 -3 4 -4 -98392
-17 -14 -23 -20 -28806
23 -10 18 -9 -34218
12 1 21 17 -117120
19 24 11 13 -68862
13 24 -17 3 -116378
-8 -24 -7 2 -108988
6 -5 1 -11 -119684
0 -18 21 -10 -121674
-7 11 -13 16 -90170
2 5 -3 6 -106134
-1 9 1 8 -103502
-8 15 -10 9 -97070
4 12 -5 20 -117482
-22 -15 -7 -12 -96584
-18 19 -11 24 -53636
-15 2 23 4 -117810
15 -2 19 -3 -94126
-12 -1 -15 -4 -92624
7 -24 1 10 -120250
-1 5 0 2 -104432
-5 4 -3 13 -113538
2 15 1 6 -108178
15 9 -13 22 -119178
24 -2 0 3 -113784
22 15 20 9 -49610
-16 11 -17 -16 -115340
8 2 24 12 -107106
3 -1 2 -1 -104096
5 6 2 14 -113680
-6 -8 23 -20 -116818
19 -8 -23 10 -117598
-6 -10 -5 -7 -99122
22 5 20 -20 -88872
-11 -17 -20 -7 -104158
22 20 -1 11 -120442
0 9 -4 22 -116096
-6 -3 -7 -9 -102384
-9 5 -6 6 -105198
-18 -17 -16 -18 -48266
-5 7 -6 0 -114874
-24 -9 11 -11 -113826
-21 -9 -24 8 -85488
1 13 -11 12 -118130
9 11 1 8 -111258
22 18 3 20 -95518
7 -24 -23 1 -111368
-24 -5 15 5 -119700
13 2 -22 -21 -117876
-5 -5 -4 -5 -113166
7 -20 -23 -10 -115542
3 2 0 1 -111642
-16 -23 -7 -7 -100790
-14 -6 23 18 -120282
-20 -6 -20 -2 -57448
20 13 18 3 -85304
