-1 -12 21 -24 -99649
-3 -24 -9 8 -112145
-9 8 -9 7 -84221
14 -22 20 -2 -105277
9 1 8 -3 -86291
-24 -17 -3 -11 -99085
8 -2 4 2 -101331
8 -11 5 -15 -101541
-23 21 -9 3 -102995
6 -12 8 -10 -99749
21 -3 18 8 -94263
6 3 6 5 -82595
-6 9 -5 15 -99563
-17 -22 -16 17 -104057
7 14 5 8 -93233
-20 -13 0 -19 -104703
-16 23 -21 -5 -107119
-14 -14 -19 -4 -100477
-19 12 -15 11 -71551
-10 0 -6 1 -103093
13 -3 13 -14 -91875
9 0 10 0 -88163
11 14 10 5 -96343
10 8 11 20 -110175
12 0 19 -3 -104033
10 19 5 17 -83411
2 6 5 7 -92309
12 -7 8 -19 -100911
-16 -24 -7 -12 -80767
-9 16 -7 7 -97483
1 -12 2 -12 -83867
13 -2 22 2 -105963
-17 1 -16 -11 -100437
-4 13 -6 8 -96693
-15 13 -19 17 -64639
17 -1 18 -3 -88005
-7 -6 -4 -6 -101075
-2 -6 -3 -15 -98321
-4 -21 23 -9 -98527
-6 19 -11 23 -50079
19 -6 22 21 -96489
14 -9 11 -1 -103971
14 -13 22 -10 -70699
-18 11 -23 -6 -98841
7 15 4 12 -97649
-1 -2 -24 17 -106979
-1 -12 0 -7 -92495
23 15 -21 15 -99561
-24 21 20 17 -91739
17 -1 21 -5 -78497
-8 -22 -11 -6 -103441
11 11 16 12 -86913
-20 19 -2 17 -95681
-15 9 -16 7 -77117
5 -11 5 -8 -82745
8 -22 -7 -23 -87501
-6 -14 -2 -12 -89973
3 -2 5 -4 -97883
-17 22 6 19 -105857
11 13 17 23 -90247
8 -9 15 -11 -89567
4 15 1 10 -91367
7 -9 9 -11 -96811
10 0 8 -9 -100077
2 11 24 18 -99379
7 -13 7 -12 -85567
8 15 5 12 -96157
7 -23 16 -16 -74713
8 19 -14 22 -107865
-8 -20 -5 -11 -94213
-15 -1 -14 -6 -90707
12 5 19 11 -99643
5 23 16 19 -76977
-20 -11 -20 -23 -50727
9 1 8 4 -81991
10 -7 6 -11 -98381
-3 -8 -2 -7 -97049
5 -18 3 -17 -75411
13 -22 8 2 -102761
10 7 9 18 -108105
17 -20 7 -18 -88957
-16 9 -13 11 -90235
-17 -3 24 -22 -96437
23 5 21 20 -73463
15 -6 23 19 -102359
2 -4 2 5 -104745
-9 -10 -24 -6 -100637
0 6 1 0 -103405
4 -2 6 -1 -95481
7 -2 8 6 -96467
7 1 12 6 -97915
-9 -6 -10 -2 -99731
-18 0 -13 -4 -99269
-9 17 -19 11 -98879
-22 -23 8 -24 -83047
-22 5 -22 6 -49735
-12 -19 -3 -15 -87555
13 -5 11 -8 -88459
5 22 11 10 -103731
-13 -8 -20 -15 -92889
-13 15 -12 13 -68157
-7 1 -4 -4 -100937
22 -6 22 -15 -50753
-8 2 -8 6 -87731
9 5 13 4 -92171
-14 -7 -18 -7 -88765
12 -7 7 1 -103819
7 21 -4 17 -97909
-7 -21 -3 -17 -74203
-17 -6 -22 5 -100331
-14 -23 -19 -13 -71207
1 15 1 21 -72971
-22 -11 -18 2 -99895
-10 13 -20 14 -94155
2 -13 -3 -11 -93957
7 14 18 12 -98737
-10 0 -24 7 -101935
-12 -11 -11 -4 -87205
6 -24 21 -8 -95299
13 10 15 14 -78925
-13 15 14 17 -104787
14 -24 -14 -8 -104009
6 -8 7 -19 -105121
-13 -15 -21 -6 -104057
-5 3 -5 1 -83729
-5 22 4 19 -98371
5 15 -24 18 -97155
0 -16 -2 -13 -95049
1 22 -24 1 -102907
-23 3 23 -19 -100761
2 8 6 5 -97161
-12 8 -15 7 -88707
-15 4 -21 0 -85341
-11 14 -4 20 -85097
1 -4 0 -10 -96961
10 -23 2 -11 -101925
12 -2 15 -1 -83343
-1 24 3 7 -101503
8 1 6 12 -102579
19 9 23 -7 -93099
-8 4 -9 0 -81541
2 12 2 18 -85189
-12 -14 -3 -10 -107157
-3 -8 -2 -8 -87191
-11 -3 -14 6 -101573
24 -18 5 -4 -98627
-24 -11 -7 -22 -94771
0 6 -4 3 -101343
0 6 0 14 -92297
-19 14 -14 7 -88267
-23 -13 -16 -7 -77305
-7 -10 -9 -13 -91915
-22 -7 -13 -22 -99059
-9 -5 -10 -2 -99901
0 -9 -2 -7 -83483
0 5 2 5 -92495
-14 -23 -8 -1 -106045
9 -17 12 -17 -76717
-1 4 2 6 -98339
-8 -10 -13 -7 -91767
-12 6 -9 24 -98353
8 -8 9 -9 -92267
20 21 8 13 -97083
-14 -4 -21 -5 -93215
10 6 14 7 -93945
14 8 11 24 -103563
1 -4 23 -7 -110449
-18 8 -15 23 -86667
-15 0 -10 -5 -104941
4 -3 3 6 -104717
15 5 9 -24 -103409
4 13 7 13 -84661
-14 16 -10 16 -66999
-8 -20 3 -13 -104487
-9 -19 -8 -7 -101555
-7 0 -2 -2 -103373
4 10 0 9 -91081
-1 17 -6 11 -98761
16 -4 15 0 -95109
22 -19 -13 -12 -102575
-20 6 -13 13 -98411
24 -12 -4 -7 -103305
-4 -13 -12 -9 -100333
13 -3 13 -7 -86727
-22 -15 -15 -14 -64565
-10 -16 -4 -24 -73277
11 -12 5 -11 -102475
-8 2 -11 23 -105331
20 1 16 2 -88341
18 19 15 4 -103675
-7 15 -6 21 -69085
-8 11 -14 6 -99643
1 -8 4 -5 -94019
-7 1 -10 2 -97183
11 -19 -9 -16 -102799
6 -10 -2 -11 -99209
-16 0 -14 1 -85151
24 -13 21 12 -84419
1 9 0 6 -86795
-19 11 -18 -1 -95189
-14 7 -23 5 -78299
-5 13 -5 14 -81281
-11 -4 -8 2 -93917
6 14 11 8 -102643
-10 -3 -15 -5 -98371
20 -20 11 -17 -60533
11 -1 11 3 -80143
-22 8 -15 -24 -102843
6 -8 4 -11 -95709
21 5 16 9 -78489
-20 -23 -3 2 -104703
20 8 23 20 -57875
8 4 5 8 -95957
12 6 24 -16 -98003
8 -15 7 -8 -98005
5 -13 18 -24 -96847
16 -8 14 24 -105087
7 -24 12 -11 -79257
-12 23 22 21 -90607
11 9 10 8 -85511
-1 -21 17 -22 -86887
22 4 14 2 -93287
2 -10 20 -24 -107921
0 19 3 9 -100517
0 -10 -10 18 -123951
8 0 14 -2 -93671
-1 12 0 7 -85891
-21 4 -21 0 -64655
-13 -22 3 -17 -96487
-9 -10 -7 -14 -80257
-10 -15 -14 -15 -59923
-4 6 -10 9 -99351
-20 3 -20 -3 -82309
-8 -18 2 -24 -71907
3 -16 0 -19 -74475
-24 -17 -15 -7 -82697
-5 -17 -6 -12 -81557
-13 9 -12 -2 -97503
-2 1 -2 -24 -102421
12 23 -21 -18 -108145
-5 -23 10 -20 -92447
23 7 8 11 -97817
3 -19 4 -24 -28945
-24 7 -3 9 -99903
9 -14 -16 -23 -96495
4 -13 22 -20 -106627
10 -4 20 -7 -102309
9 -6 5 -6 -95133
14 16 1 17 -105561
-7 11 -2 10 -91309
10 19 12 9 -106447
17 8 12 5 -95247
-1 -14 -2 -12 -87689
-2 -1 2 -7 -93115
9 9 15 7 -95061
18 12 22 -4 -105009
-10 -2 -14 -8 -99849
3 4 0 6 -93699
-10 -13 -7 -6 -100063
1 8 1 3 -98311
-1 -12 0 -11 -84679
-5 -5 -3 -24 -101737
21 -5 22 -3 -53777
9 0 5 -1 -101249
0 11 21 24 -98521
11 16 11 23 -53777
-12 -12 -8 -9 -91493
-14 24 -10 -2 -104525
-5 -5 -2 -7 -91693
9 -12 1 -23 -91685
10 22 13 10 -107031
-15 2 -13 -5 -100779
-3 20 0 16 -92347
11 -11 13 -6 -85465
0 17 -8 22 -89711
16 22 -6 20 -106491
0 -19 -5 -23 -63935
-7 -5 -6 -3 -95267
21 -6 17 -11 -78823
18 -2 21 4 -71659
15 -21 6 -12 -97999
-18 12 -17 4 -82783
22 -3 15 -7 -91925
4 20 13 22 -83835
-4 3 -2 -2 -100419
18 -10 23 4 -93337
12 15 13 16 -76319
18 -15 5 -20 -95969
-4 -7 -6 -9 -96919
-21 2 -19 -5 -86345
-16 9 -10 24 -90821
-24 15 -24 -8 -78739
-20 1 -19 -20 -98793
-20 -12 -24 -8 -34955
-22 -21 -21 2 -93291
6 -9 5 -7 -83215
0 -12 1 -18 -91567
20 15 16 17 -44237
11 -3 12 12 -107009
-4 8 -3 14 -97489
-21 20 22 13 -101457
-7 5 -5 7 -94623
6 10 9 8 -94197
-6 -14 -2 -23 -82309
-7 -7 -3 -12 -103441
0 16 6 20 -89277
2 -11 0 -16 -94485
-7 -3 -13 -1 -98749
-9 1 -13 -1 -87649
2 -20 11 -15 -90211
-9 7 -8 10 -88751
17 6 17 9 -70659
6 -12 23 -16 -98319
-3 -17 4 -20 -83101
16 -3 16 -2 -86307
-6 16 -3 12 -99457
6 0 7 -4 -87793
-18 8 -21 22 -68879
5 8 -2 10 -101205
11 3 14 24 -106863
8 -17 18 -17 -90693
14 -6 19 2 -106077
2 -7 0 -9 -90335
17 -3 12 -10 -100275
-17 1 -21 -13 -106027
6 -13 7 -14 -88275
-5 -11 -6 -8 -86689
-10 3 -10 -6 -101839
16 5 20 5 -80079
16 9 13 10 -77933
0 5 -3 2 -98445
-15 20 -22 11 -72793
-1 11 1 11 -82177
18 4 21 11 -72817
7 -4 3 -2 -104847
7 -14 9 -12 -100793
12 12 9 11 -86547
-8 2 -9 8 -92427
-8 -12 -22 -17 -97395
-4 9 -4 7 -82957
19 18 21 -3 -105007
1 -8 4 -3 -94783
-4 18 1 15 -96331
10 7 8 12 -91819
3 22 -10 17 -95131
2 -3 -23 24 -104303
18 -22 14 -3 -85591
-2 23 -3 10 -100067
5 -15 0 -18 -86363
-10 6 -15 9 -89049
0 5 -5 3 -99257
16 -3 21 -2 -88431
-7 2 -9 2 -101119
-8 -11 -3 -12 -93369
-2 -3 4 -1 -91829
-4 13 -6 15 -92115
14 -7 12 2 -105611
-7 2 -3 3 -98623
-1 -13 2 -16 -98717
-24 3 -12 -3 -101143
16 12 22 0 -99537
-7 -14 3 -15 -101107
24 0 1 23 -104135
22 6 -23 -3 -103653
24 20 1 15 -91447
1 23 5 24 -57155
13 -6 7 -8 -98097
7 -6 11 -2 -99349
-22 0 -17 -2 -67913
-7 -7 -14 -6 -98703
-8 -22 -12 -17 -58987
2 19 -3 24 -75485
15 -23 19 -3 -94021
16 19 -7 24 -106783
12 21 13 12 -90031
12 0 14 4 -89929
3 -22 0 -23 -59755
-2 18 12 16 -106441
-12 -21 -23 -24 -43863
-11 -5 -11 6 -102439
20 -9 15 -15 -72935
-12 5 -11 10 -91165
-23 11 -5 21 -99303
0 21 -5 11 -104507
23 -12 20 1 -68871
-21 -1 -19 23 -95949
-15 5 24 0 -105125
12 14 15 21 -84049
5 4 8 13 -100185
23 10 18 -22 -91575
-5 -13 -6 -24 -72939
-3 20 -4 16 -71197
6 -14 2 -12 -95541
-14 4 -11 16 -104081
-19 17 10 23 -100755
-23 24 -13 23 -34879
2 -15 2 -12 -91065
18 -13 23 9 -94363
0 0 -5 -2 -93829
18 -5 17 -11 -71651
14 19 16 2 -106645
-15 -11 -17 -7 -79319
-1 2 -1 -2 -87077
6 -18 1 -9 -116933
3 4 4 -7 -102145
-16 18 -23 5 -89095
-9 -10 -12 -4 -94691
4 13 -6 14 -99049
13 0 19 6 -102007
-8 9 -5 10 -86623
-15 -18 -14 -11 -63511
18 -7 8 -15 -105171
-18 -1 -20 -4 -78799
-20 1 -21 17 -91197
-1 2 0 -4 -89289
-10 -6 -17 -9 -97153
-22 19 -6 24 -76995
-18 -4 -18 8 -100819
23 8 -6 22 -105735
-6 -3 -4 -1 -98397
-16 -10 -4 -24 -104473
-17 8 -16 5 -75073
24 -11 9 -4 -93063
-12 0 -15 -1 -91041
6 7 7 24 -100263
-11 -2 -8 -7 -105237
-15 8 -22 1 -87073
4 20 14 24 -76469
-5 17 -10 11 -93249
12 -21 10 -13 -61393
-21 -18 -20 7 -106881
-23 -24 -1 -9 -92233
-22 -7 -14 -2 -96209
5 -10 0 -16 -103203
-21 -22 -18 10 -104775
-12 9 -19 22 -89595
15 8 15 -6 -106111
4 19 -6 13 -106167
24 -4 12 -22 -93957
-14 22 0 21 -83189
-5 24 6 24 -80781
0 12 4 24 -89901
17 22 23 -17 -95893
-18 -9 0 -24 -107759
15 4 14 7 -77853
18 -2 17 -5 -86659
-10 9 -17 10 -95087
-21 22 -20 19 -14131
-22 -13 17 -8 -104649
4 10 13 13 -107489
18 0 4 -9 -123393
-1 -4 0 -1 -80779
-22 -16 -17 -4 -87999
8 -8 8 24 -106137
-6 9 -14 10 -90591
5 19 6 22 -47539
5 -3 4 -4 -87819
-17 -14 -23 -20 -43635
23 -10 18 -9 -39339
12 1 8 1 -94665
19 24 11 13 -80343
-18 24 -17 -7 -100197
-8 -24 -7 2 -103111
13 5 11 3 -89353
5 -24 0 -1 -103351
-7 11 -13 16 -84631
2 5 -3 6 -93849
-1 9 1 8 -87619
-8 15 -10 9 -90039
16 0 12 8 -94991
-7 -13 -6 -12 -89417
-18 19 -11 24 -57623
-17 20 -18 3 -101651
15 -2 19 -3 -95507
-12 -1 -15 -4 -94839
7 -21 1 -21 -71531
-1 5 0 2 -96347
-24 7 -23 16 -49701
9 3 -24 3 -106733
14 19 -3 24 -101383
-7 12 -4 7 -97759
22 15 20 9 -54819
-16 11 -17 -16 -105321
-19 -11 -15 -4 -88829
3 -1 2 -1 -89033
1 2 2 5 -98631
-16 -19 23 -1 -103791
4 23 -10 23 -89779
-6 -10 -5 -7 -90845
22 5 20 -20 -91087
-11 -17 -20 -7 -105841
24 11 24 9 -38487
0 18 -4 22 -86541
-6 -3 -7 -9 -94707
-9 5 -6 6 -96995
-18 -17 -16 -18 -59435
-5 7 -6 0 -98367
-24 -9 11 -11 -105313
-21 -9 -24 8 -83551
-22 -21 -6 -24 -71591
9 11 1 8 -103371
22 18 3 20 -91181
7 -24 -23 1 -108179
7 -14 10 -13 -94181
17 -24 12 18 -100531
-5 -5 -4 -5 -100873
4 -20 -22 -24 -84219
3 2 0 1 -95071
-16 -23 -7 -7 -104413
-14 -16 -14 -18 -46839
-20 -6 -20 -2 -69545
20 13 18 3 -86669
