-1 -12 21 -24 -97506
-14 -4 -11 -24 -92450
-9 8 -9 7 -77916
4 -23 2 -17 -67214
9 1 8 -3 -92470
-24 -17 -3 -11 -94130
5 22 11 15 -91474
8 18 -24 9 -92366
1 3 -1 2 -81418
6 14 4 12 -90830
21 -3 18 8 -95338
6 3 6 5 -78776
12 15 14 21 -84196
-12 -8 -2 -10 -106104
4 -10 -11 24 -104204
10 -2 10 -1 -83596
-12 -4 -8 -6 -89446
-14 0 -13 -4 -92674
-19 12 -15 11 -73874
17 24 15 15 -61664
2 23 5 15 -89820
9 0 10 0 -78354
16 -1 12 5 -91876
-11 -15 -10 -11 -74312
6 12 10 9 -89122
10 19 5 17 -77334
2 6 5 7 -80878
-2 -4 -2 -5 -71808
-16 -24 -7 -12 -88878
11 15 9 24 -79408
1 -12 2 -12 -81632
-2 19 -10 19 -84662
-17 1 -14 1 -77874
19 1 22 -1 -76478
-15 13 -19 17 -74924
17 -1 18 -3 -94214
-23 -6 -21 -6 -43492
4 -11 3 -14 -87434
-4 -21 23 -9 -91624
-6 19 -11 23 -53840
19 -6 22 21 -89898
17 11 21 9 -67962
14 -13 22 -10 -78698
11 -4 11 -11 -91270
-1 17 5 15 -84056
-12 -24 -18 -8 -93280
-1 -12 0 -7 -83560
23 15 -21 15 -87928
-24 21 20 17 -81392
17 -1 21 -5 -93264
13 5 19 7 -89194
11 11 16 12 -79016
13 -4 14 -4 -77480
-15 9 -16 7 -73000
5 -11 5 -8 -81364
8 -22 -7 -23 -86470
-6 -14 -2 -12 -86020
-21 8 -23 24 -59890
-17 22 10 19 -90906
7 -22 -9 -12 -106160
8 -9 15 -11 -90656
4 15 1 10 -90446
8 -7 11 0 -101548
19 -10 17 -12 -73110
-14 10 -9 16 -87304
7 -13 7 -12 -84914
8 15 5 12 -88448
7 -23 16 -16 -71112
-4 1 -24 0 -89536
10 -3 9 4 -95068
-15 -1 -14 -6 -86434
13 11 13 10 -63524
5 23 16 19 -83720
-20 -11 -20 -23 -60764
9 1 8 4 -81008
-16 -21 -18 -4 -94026
16 5 16 8 -83274
5 -18 3 -17 -81892
21 -4 17 -3 -80110
-18 13 -24 -5 -89754
17 -20 7 -18 -85556
-16 9 -13 11 -81004
-17 -3 24 -22 -95200
23 5 21 20 -78636
0 -20 1 -13 -79424
2 -4 2 5 -95766
-9 -10 -24 -6 -94690
16 7 22 21 -91292
4 -2 6 -1 -79592
8 6 8 5 -79548
24 4 14 1 -76208
-9 -6 -10 -2 -80996
-20 12 -21 1 -79502
5 14 7 21 -83352
-22 -23 8 -24 -81198
-22 5 -22 6 -50066
-12 -19 -3 -15 -95654
13 -5 11 -8 -89730
24 -16 11 -8 -90074
-17 21 -17 23 -18386
-13 15 -12 13 -76620
-4 0 -3 2 -79876
22 -6 22 -15 -60446
-8 2 -8 6 -79714
9 5 13 4 -85674
-14 -7 -18 -7 -86060
12 -23 -3 -19 -93276
14 -18 9 -11 -85452
-7 -21 -3 -17 -74140
8 7 10 11 -85514
-14 -23 -19 -13 -77990
1 15 1 21 -87834
10 -23 14 -5 -94230
-6 -19 -7 -16 -72742
2 -13 -3 -11 -87254
-17 0 -24 -12 -85826
8 9 8 3 -89538
-12 -11 -11 -4 -74330
10 10 12 9 -81656
13 10 15 14 -75158
-19 21 -8 21 -78512
-13 -10 -12 -18 -81776
18 18 20 9 -74962
-22 2 -20 -9 -82368
-5 3 -5 1 -79304
-20 -19 -22 -15 -47510
7 7 9 7 -81130
0 -16 -2 -13 -86470
-16 3 -20 -1 -78640
-23 3 23 -19 -94548
14 -9 15 -10 -71316
-12 8 -15 7 -83546
-21 -13 22 -20 -93530
-11 14 -4 20 -92194
-5 -5 -9 -6 -92118
-17 -3 -18 -11 -81194
12 -2 15 -1 -79006
0 13 0 7 -84790
4 -18 24 -13 -87380
19 9 23 -7 -95142
-8 4 -9 0 -75560
2 12 2 18 -87514
-9 -13 -12 -18 -84140
-3 -8 -2 -8 -76722
-11 -3 -14 6 -90880
-18 -15 -22 21 -87000
-24 -11 -7 -22 -90716
15 -9 10 -12 -87148
0 -5 2 -5 -76374
-19 14 -14 7 -88688
-23 -13 -16 -7 -78744
-7 -10 -9 -13 -81016
1 -7 1 -2 -80602
-12 -18 -15 -19 -72812
0 -9 -2 -7 -77336
0 5 2 5 -76982
-24 -19 -16 12 -85462
9 -17 12 -17 -72764
24 -4 18 6 -90704
-8 -10 -13 -7 -90918
-12 6 -9 24 -93718
8 -8 9 -9 -84662
20 1 21 -2 -83780
-14 -4 -21 -5 -88870
10 6 14 7 -85818
18 -8 24 -22 -73676
-4 7 -5 6 -81818
-18 8 -15 23 -91544
-3 16 -10 13 -88430
3 -22 -1 -16 -84008
-17 -8 -17 -5 -67696
4 13 7 13 -78228
-14 16 -10 16 -69402
-11 -15 23 -16 -92866
4 8 6 11 -89582
-24 -13 -22 8 -81920
4 10 0 9 -83124
5 0 5 -6 -91446
16 -4 15 0 -93142
-17 3 -16 -3 -82812
21 18 24 20 -12682
4 -13 7 -12 -80312
23 12 23 2 -64382
13 -3 13 -7 -81022
-22 -15 -15 -14 -66944
-10 -16 -4 -24 -78782
11 -12 8 -13 -83472
-16 22 -22 10 -81680
20 1 16 2 -83386
4 6 5 11 -88672
-7 15 -6 21 -70632
-10 -1 -11 -2 -84276
1 -8 4 -5 -83284
-7 1 -10 2 -87206
-12 -16 -14 -22 -56626
-7 15 -9 10 -86802
-16 0 -14 1 -78044
24 -13 21 12 -80796
1 9 0 6 -92650
6 23 23 12 -85326
-14 7 -23 5 -75324
-5 13 -5 14 -79474
-11 -4 -8 2 -93324
6 -7 8 -8 -86410
-10 -3 -15 -5 -87340
20 -20 11 -17 -74948
11 -1 11 3 -83956
20 -19 15 -10 -88258
-24 23 -5 20 -75100
21 5 16 9 -87440
8 -23 8 -8 -89702
20 8 23 20 -75600
8 4 5 8 -87122
-16 -1 -20 6 -87320
-19 -24 -9 -19 -71398
5 -13 18 -24 -91666
16 -8 14 24 -91778
7 -24 12 -11 -78980
-12 23 22 21 -82132
11 9 10 8 -82086
-1 -21 17 -22 -88812
0 -21 11 -23 -80440
-1 -2 0 -24 -82200
17 18 10 23 -66196
-17 4 -17 11 -84544
8 0 14 -2 -87724
-4 11 -5 17 -87308
-21 4 -21 0 -63622
19 2 19 -2 -78698
-9 -10 -7 -14 -79986
-10 -15 -14 -15 -86864
-4 6 -8 7 -85616
-20 3 -20 -3 -80998
-8 -18 2 -24 -84522
3 -16 0 -19 -85228
-24 -17 -15 -7 -81774
-5 -17 -6 -12 -74966
-13 9 -12 -2 -86420
5 -1 3 2 -80900
13 -6 15 0 -95368
-5 -23 10 -20 -91118
-4 0 -4 -1 -76740
3 -19 4 -24 -40704
-1 7 0 9 -86716
9 -14 -16 -23 -89256
7 0 8 -3 -93396
10 -4 17 -7 -92202
9 -6 5 -6 -88276
1 10 0 14 -88214
-7 11 -2 10 -80846
10 19 12 9 -85908
17 8 12 5 -85868
-1 -14 -2 -12 -80608
-4 -15 -4 -7 -83688
1 -10 -1 -12 -89886
-1 -3 -3 0 -81728
14 9 17 7 -86776
3 4 0 6 -77742
17 -5 17 -10 -76980
-23 -9 -19 -10 -52594
-1 -12 0 -11 -86126
16 7 19 1 -88242
21 -5 22 -3 -56198
-10 7 -11 5 -84606
-17 12 -16 18 -71638
11 16 11 23 -71148
-12 -12 -8 -9 -81630
23 -11 9 -22 -81826
-5 -5 -2 -7 -82638
3 -16 1 -18 -85132
-4 0 -5 2 -84330
8 -16 6 -12 -86180
-3 20 0 16 -91812
11 -11 13 -6 -93680
0 17 -8 22 -91632
-4 22 -6 20 -62606
0 -19 -5 -23 -60328
-7 -5 -6 -3 -86528
21 -6 17 -11 -79218
18 -2 21 4 -72716
-7 -15 -10 -16 -82428
-18 12 -17 4 -86920
1 -3 6 -4 -90994
4 20 13 22 -84318
-10 -14 -4 -14 -91634
23 16 21 4 -84148
12 15 13 16 -75208
-18 -24 -24 -17 -37998
-4 -7 -6 -9 -89532
-21 2 -19 -5 -84152
-16 9 -10 24 -92644
-24 15 -24 -8 -77674
-20 1 -19 -20 -90516
-20 -12 -24 -8 -47010
-22 -21 -21 2 -82562
6 -9 5 -7 -83854
0 -12 1 -18 -88006
20 15 16 17 -47286
-14 -3 -18 -5 -87036
-4 8 -3 14 -84340
-13 -3 -14 -1 -90106
-16 4 -21 4 -74258
6 10 9 8 -89294
-18 -23 -12 -23 -60468
21 -22 20 -12 -48526
0 16 6 20 -87296
12 -13 19 -20 -88890
7 -12 7 -10 -88910
-21 21 -13 19 -68084
2 20 4 17 -84274
-9 7 -8 10 -83098
17 6 17 9 -81804
-20 -5 -15 -18 -88918
16 -15 21 -24 -47312
16 -3 16 -2 -87000
2 -21 -18 -19 -90728
6 0 7 -4 -96416
-18 8 -21 22 -79488
-9 -2 -13 2 -94160
-7 -21 -1 -23 -67072
8 -17 18 -17 -90870
-14 19 3 24 -91190
2 -7 0 -9 -82696
3 24 -2 14 -88326
-17 -9 -12 -8 -84310
6 -13 7 -14 -84604
-5 -11 -6 -8 -80320
-10 -16 -13 -17 -84674
16 5 20 5 -80282
16 9 13 10 -80208
0 5 -3 6 -87666
-15 20 -22 11 -81778
-1 11 1 11 -74930
18 4 21 11 -81846
7 -4 7 -8 -75634
7 -14 9 -12 -84616
12 12 9 11 -80850
-8 2 -9 8 -83528
-19 6 -23 -5 -86954
-4 9 -4 7 -77000
-10 18 -5 21 -77802
5 -9 24 -21 -98444
18 5 18 15 -90810
10 7 8 12 -83084
-11 13 -8 7 -78670
8 15 16 24 -87366
23 -22 17 -6 -89660
-5 -21 -4 -22 -55430
5 -15 0 -18 -90812
-10 6 -15 9 -84462
0 5 -5 3 -85884
2 16 3 11 -92404
10 22 2 24 -67980
-8 -11 -3 -12 -91794
-13 7 -15 23 -88698
-4 13 -6 15 -80442
14 -7 12 -15 -85708
-7 2 -3 3 -82016
-4 -18 0 -16 -76006
0 4 24 11 -85964
16 -3 22 0 -77876
-9 2 -14 1 -86724
3 -22 11 -15 -78500
22 6 -23 -3 -89480
24 20 1 15 -81360
1 23 5 24 -57824
-23 13 -1 12 -98268
7 -6 11 -2 -96572
-22 0 -17 -2 -68220
0 8 -24 10 -95200
-8 -22 -12 -17 -64154
2 19 -3 24 -74440
15 -23 19 -3 -86620
-9 -1 -8 -2 -85400
12 21 13 12 -84710
12 0 14 4 -82494
3 -22 0 -23 -58878
-2 18 2 16 -82700
-12 -21 -23 -24 -52930
-7 21 -6 23 -44696
20 -9 15 -15 -80954
-12 5 -11 10 -88904
0 19 -5 21 -84214
9 21 11 22 -60526
23 -12 20 1 -76910
-21 -1 -19 23 -84024
18 -14 24 0 -82178
13 8 14 2 -91854
14 -23 13 12 -91486
23 10 18 -22 -86322
-5 -13 -6 -24 -71246
-3 20 -4 16 -74648
6 -14 2 -12 -90726
-3 16 -4 12 -86152
-19 17 10 23 -92316
-23 24 -13 23 -49024
2 -15 2 -12 -83894
-5 -12 -11 -6 -101724
3 6 -2 -9 -109534
18 -5 17 -11 -82228
11 -12 10 -7 -86146
-15 -11 -17 -7 -69618
-1 2 -1 -2 -90552
-23 20 -6 14 -92680
-3 3 -2 7 -83758
-16 18 -23 5 -83368
-9 -10 -12 -4 -88804
-18 -8 14 -5 -99262
23 24 14 12 -71518
-8 9 -5 10 -80826
-15 -18 -14 -11 -76138
22 0 20 -11 -80266
-18 -1 -20 -4 -78100
-20 1 -21 17 -86834
-1 2 0 -4 -93128
-12 7 -9 10 -89916
-22 19 -6 24 -83690
7 24 15 13 -95550
23 16 -8 22 -90224
-6 -3 -4 -1 -83966
9 0 6 1 -88386
-17 8 -16 5 -78772
7 8 8 18 -84464
0 16 1 22 -81706
1 10 1 5 -91096
2 0 -2 -2 -82028
-3 13 20 -23 -105532
4 20 14 24 -81832
6 15 2 13 -90406
12 -21 10 -13 -67118
2 -15 5 -21 -86784
-23 -24 -1 -9 -88304
-9 -4 -9 0 -82712
5 -10 0 -7 -91942
2 11 1 15 -92724
-11 0 -9 0 -85352
15 16 15 12 -72970
-24 8 -16 2 -73062
24 -4 12 -22 -85934
-14 22 0 21 -87726
-5 24 6 24 -74154
13 -9 17 -15 -83242
17 22 23 -17 -92242
-11 -7 -8 -4 -85198
15 4 14 7 -91378
18 -2 17 -5 -80612
-10 9 -17 10 -90560
-21 22 -20 19 -25630
-24 -8 -23 -23 -48920
-1 -15 2 -17 -85022
6 1 8 5 -86460
-1 -4 0 -1 -81786
-12 13 -14 17 -78418
8 -4 22 24 -93472
-6 9 -14 10 -87952
5 19 6 22 -58734
5 -3 4 -4 -79984
-17 -14 -23 -20 -48984
23 -10 18 -9 -46594
-7 -18 -5 -20 -74018
19 24 11 13 -87914
12 0 -1 -11 -115486
-8 -24 -7 2 -86024
13 5 11 3 -80506
5 -10 5 -12 -88872
-7 11 -13 16 -85958
-6 -10 -7 -4 -81762
-1 9 1 8 -82090
-8 15 -10 9 -88072
20 -13 9 -15 -90172
-7 -13 -6 -12 -82608
-18 19 -11 24 -62542
15 -2 24 -20 -96722
15 -2 19 -3 -86226
-12 -1 -15 -4 -84804
7 -21 1 -21 -79034
-1 5 0 2 -74894
-24 7 -23 16 -48806
10 24 -6 20 -86508
14 19 -3 24 -91250
15 17 15 14 -72268
22 15 20 9 -71400
-24 -2 -23 -2 -22568
-19 -11 -15 -4 -89926
3 -1 2 -1 -79038
1 2 2 5 -81036
7 -6 13 -6 -92058
4 23 -10 23 -84602
-6 -10 -5 -7 -84194
22 5 20 -20 -90396
-18 -16 -11 -16 -85734
24 11 24 9 -48622
0 18 -4 22 -88294
-15 -10 -18 -13 -75822
1 2 0 0 -83092
-18 -17 -16 -18 -64258
-2 7 0 6 -88634
16 24 12 21 -42796
-21 -9 -24 8 -81636
-22 -21 -6 -24 -77758
17 9 16 9 -76256
22 18 3 20 -88278
-22 16 -11 12 -91468
7 -14 10 -13 -84100
2 19 -4 14 -84418
-5 -5 -4 -5 -82496
4 -20 -22 -24 -83110
-13 -17 -10 -17 -80694
-21 20 -15 16 -64320
-14 -16 -14 -18 -57452
-20 -6 -20 -2 -68042
20 13 18 3 -94308
