-1 -12 21 -24 -92343
1 -8 1 -24 -95743
-9 8 -9 7 -78269
4 -23 2 -17 -67733
9 1 8 -3 -85655
-24 -17 -3 -11 -93079
5 22 11 15 -85341
10 -18 -9 -7 -110111
1 3 -1 2 -82179
6 14 4 12 -91611
21 6 17 2 -76767
6 3 6 5 -80957
12 15 14 21 -83007
10 20 0 5 -112117
1 22 -2 15 -87947
10 -2 10 -1 -77681
-12 -4 -8 -6 -84533
-14 0 -13 -4 -89553
-19 12 -15 11 -72399
17 24 15 15 -60091
2 23 5 15 -88107
9 0 10 0 -85597
16 -1 12 5 -94769
-11 -15 -10 -11 -83105
6 12 10 9 -87191
10 19 5 17 -77599
2 6 5 7 -82799
-2 -4 -2 -5 -72335
-16 -24 -7 -12 -93903
11 15 9 24 -74099
1 -12 2 -12 -80743
-2 19 -10 19 -81367
-17 1 -14 1 -78221
19 1 22 -1 -74891
-15 13 -19 17 -74653
17 -1 18 -3 -93499
-23 -6 -21 -6 -42887
4 -11 3 -14 -88069
-4 -21 23 -9 -92009
-6 19 -11 23 -57641
19 -6 22 21 -89139
17 11 21 9 -68157
14 -13 22 -10 -78615
11 -4 11 -11 -92207
-1 17 5 15 -82391
-12 -24 -18 -8 -88443
-1 -12 0 -7 -86227
23 15 -21 15 -84689
-24 21 20 17 -79459
17 -1 21 -5 -91865
13 5 19 7 -91771
11 11 16 12 -78395
13 -4 14 -4 -77315
-15 9 -16 7 -71821
5 -11 5 -8 -83981
8 -22 -7 -23 -88775
-6 -14 -2 -12 -87581
-21 8 -23 24 -58931
-17 22 10 19 -88629
14 3 7 -11 -114093
8 -9 15 -11 -89137
4 15 1 10 -92049
-5 -7 -4 -7 -91683
19 -10 17 -12 -74031
-14 10 -9 16 -87617
7 -13 7 -12 -84919
8 15 5 12 -88315
7 -23 16 -16 -71395
-4 1 -24 0 -91063
10 -3 9 4 -94147
-15 -1 -14 -6 -85307
13 11 13 10 -61203
5 23 16 19 -79161
-20 -11 -20 -23 -59539
9 1 8 4 -84969
-16 -21 -18 -4 -91569
16 5 16 8 -80985
5 -18 3 -17 -82163
21 -4 17 -3 -79041
-18 13 -24 -5 -89571
17 -20 7 -18 -84467
-16 9 -13 11 -79821
-17 -3 24 -22 -88877
23 5 21 20 -77525
0 -20 1 -13 -84413
2 -4 2 5 -92405
-9 -10 -24 -6 -95381
16 7 22 21 -90103
4 -2 6 -1 -76019
8 6 8 5 -78827
24 4 14 1 -80885
-9 -6 -10 -2 -80413
-20 12 -21 1 -79997
5 14 7 21 -83211
-22 -23 8 -24 -80031
-22 5 -22 6 -49635
-12 -19 -3 -15 -99293
13 -5 11 -8 -89673
24 -16 11 -8 -82843
-17 21 -17 23 -17165
-13 15 -12 13 -81053
-4 0 -3 2 -79423
22 -6 22 -15 -59905
-8 2 -8 6 -79901
9 5 13 4 -99657
-14 -7 -18 -7 -86169
12 -23 -3 -19 -93825
14 -18 9 -11 -84561
-7 -21 -3 -17 -80893
-14 -13 -6 11 -105769
-14 -23 -19 -13 -76909
1 15 1 21 -88685
10 -23 14 -5 -95057
-6 -19 -7 -16 -73047
2 -13 -3 -11 -88795
-17 0 -24 -12 -84931
8 9 8 3 -87393
-12 -11 -11 -4 -76311
10 10 12 9 -83585
13 10 15 14 -74017
-19 21 -8 21 -77419
-13 -10 -12 -18 -79743
18 18 20 9 -75743
-22 2 -20 -9 -82829
-5 3 -5 1 -79097
-20 -19 -22 -15 -48555
7 7 9 7 -82955
0 -16 -2 -13 -88417
-16 3 -20 -1 -77587
-23 3 23 -19 -90411
14 -9 15 -10 -70137
-12 8 -15 7 -84077
-21 -13 22 -20 -89641
6 -2 2 -9 -94653
-5 -5 -9 -6 -90559
-17 -3 -18 -11 -81479
12 -2 15 -1 -80875
0 13 0 7 -85113
4 -18 24 -13 -86401
19 9 23 -7 -91425
-8 4 -9 0 -75959
2 12 2 18 -88429
-9 -13 -12 -18 -91269
-3 -8 -2 -8 -80429
-11 -3 -14 6 -87341
-18 -15 -22 21 -89281
-24 -11 -7 -22 -90595
15 -9 10 -12 -86933
0 -5 2 -5 -76189
-19 14 -14 7 -87629
-23 -13 -16 -7 -77503
-7 -10 -9 -13 -85477
1 -7 1 -2 -82593
-12 -18 -15 -19 -76921
0 -9 -2 -7 -81753
0 5 2 5 -77595
-24 -19 -16 12 -85435
9 -17 12 -17 -73037
24 -4 18 6 -86645
-8 -10 -13 -7 -83055
1 -5 3 -7 -88323
8 -8 9 -9 -85377
20 1 21 -2 -82567
-14 -4 -21 -5 -88273
10 6 14 7 -89649
18 -8 24 -22 -69731
-4 7 -5 6 -80337
-18 8 -15 23 -90209
-3 16 -10 22 -87311
3 -22 -1 -16 -82719
-17 -8 -17 -5 -68369
4 13 7 13 -75465
-14 16 -10 16 -69653
-11 -15 23 -16 -92785
4 8 6 11 -88445
-24 -13 -22 8 -82477
4 10 0 9 -83719
5 0 5 -6 -86637
16 -4 15 0 -92503
-17 3 -16 -3 -81259
21 18 24 20 -12493
4 -13 7 -12 -78847
23 12 23 2 -60065
13 -3 13 -7 -79843
-22 -15 -15 -14 -67393
-10 -16 -4 -24 -80035
11 -12 8 -13 -82941
-16 22 -22 10 -81215
20 1 16 2 -82775
4 6 5 11 -87371
-7 15 -6 21 -70237
-10 -1 -11 -2 -84183
1 -8 4 -5 -84455
-7 1 -10 2 -83149
-12 -16 -14 -22 -59107
-7 15 -9 10 -90293
-16 0 -14 1 -78129
24 -13 21 12 -78393
1 9 0 6 -93103
6 23 23 12 -82069
-14 7 -23 5 -74743
-5 13 -5 14 -82211
-11 -4 -8 2 -94089
6 -7 8 -8 -87151
-10 -3 -15 -5 -86365
20 -20 11 -17 -72781
11 -1 11 3 -85427
20 -19 15 -10 -84883
-24 23 -5 20 -73193
21 5 16 9 -85995
8 -23 8 -8 -90323
20 8 23 20 -74233
8 4 5 8 -85729
-16 -1 -20 6 -87241
-19 -24 -9 -19 -73533
5 -13 18 -24 -88449
16 -8 14 24 -90815
7 -24 12 -11 -79749
-12 23 22 21 -81743
11 9 10 8 -76961
-1 -21 17 -22 -88605
0 -21 11 -23 -81535
-1 -2 0 -24 -92367
17 18 10 23 -61551
-17 4 -17 11 -83357
8 0 14 -2 -93779
-4 11 -5 17 -89999
-21 4 -21 0 -64223
19 2 19 -2 -81397
-9 -10 -7 -14 -77327
-10 -15 -14 -15 -90329
-4 6 -8 7 -83417
-20 3 -20 -3 -80553
-8 -18 2 -24 -83933
3 -16 0 -19 -87979
-24 -17 -15 -7 -80321
-5 -17 -6 -12 -78919
-13 9 -12 -2 -85457
5 -1 3 2 -79525
13 -6 15 0 -95685
-5 -23 10 -20 -95039
-4 0 -4 -1 -76021
3 -19 4 -24 -42951
-1 7 0 9 -87081
9 -14 -16 -23 -94033
7 0 8 -3 -83837
10 -4 17 -7 -90389
9 -6 5 -6 -86591
1 10 0 14 -87431
-7 11 -2 10 -77329
10 19 12 9 -85173
17 8 12 5 -86137
-1 -14 -2 -12 -83575
-4 -15 -4 -7 -88801
1 -10 -1 -12 -90445
-1 -3 -3 0 -80917
14 9 17 7 -88017
3 4 0 6 -77231
17 -5 17 -10 -77841
-23 -9 -19 -10 -52083
-1 -12 0 -11 -86843
16 7 19 1 -86943
21 -5 22 -3 -56247
-10 7 -11 5 -84703
-17 12 -16 18 -72813
11 16 11 23 -68189
-12 -12 -8 -9 -87357
23 -11 9 -22 -82045
-5 -5 -2 -7 -84179
3 -16 1 -18 -87717
-4 0 -5 2 -83003
8 -16 6 -12 -87237
-3 20 0 16 -91847
11 -11 13 -6 -95007
0 17 -8 22 -95187
-4 22 -6 20 -61553
0 -19 -5 -23 -67773
-7 -5 -6 -3 -88877
21 -6 17 -11 -80027
18 -2 21 4 -80143
-7 -15 -10 -16 -85921
-18 12 -17 4 -86291
-24 9 -5 2 -94911
4 20 13 22 -83983
-10 -14 -4 -14 -91031
23 16 21 4 -80257
12 15 13 16 -75145
-18 -24 -24 -17 -38911
-4 -7 -6 -9 -93723
-21 2 -19 -5 -83297
-16 9 -10 24 -87777
-24 15 -24 -8 -77107
-20 1 -19 -20 -90747
-20 -12 -24 -8 -47829
-22 -21 -21 2 -82233
6 -9 5 -7 -87309
0 -12 1 -18 -92267
20 15 16 17 -46691
-14 -3 -18 -5 -87123
-4 8 -3 14 -85289
-13 -3 -14 -1 -85867
-16 4 -21 4 -73497
6 10 9 8 -87849
-18 -23 -12 -23 -60775
21 -22 20 -12 -48481
0 16 6 20 -87211
12 -13 19 -20 -86433
7 -12 7 -10 -89513
-21 21 -13 19 -67729
2 20 4 17 -83785
-9 7 -8 10 -83379
17 6 17 9 -76957
-20 -5 -15 -18 -88705
16 -15 21 -24 -45999
16 -3 16 -2 -87545
-6 -24 -4 -5 -95301
-2 0 4 -18 -107779
-18 8 -21 22 -78377
12 1 9 4 -97553
-7 -21 -1 -23 -68661
8 -17 18 -17 -90405
-14 19 3 24 -88285
2 -7 0 -9 -80729
-11 -11 -13 -14 -88251
-17 -9 -12 -8 -86057
6 -13 7 -14 -86317
-5 -11 -6 -8 -78903
-10 -16 -13 -17 -91895
16 5 20 5 -83153
16 9 13 10 -81903
0 5 -3 6 -87117
-15 20 -22 11 -80917
-1 11 1 11 -75113
18 4 21 11 -76185
7 -4 7 -8 -78909
7 -14 9 -12 -84757
12 12 9 11 -80021
-8 2 -9 8 -83771
-19 6 -23 -5 -86837
-4 9 -4 7 -78353
-10 18 -5 21 -67687
-6 -18 -16 -21 -90167
18 5 18 15 -85277
10 7 8 12 -79951
-11 13 -8 7 -78143
8 15 16 24 -87129
23 -22 17 -6 -85255
-5 -21 -4 -22 -56631
5 -15 0 -18 -93511
-10 6 -15 9 -85191
0 5 -5 3 -84763
2 16 3 11 -91479
10 22 2 24 -67143
-8 -11 -3 -12 -90771
-13 7 -15 23 -87385
-4 13 -6 15 -80851
14 -7 12 -15 -86307
-7 2 -3 3 -81641
-4 -18 0 -16 -78137
0 4 24 11 -87363
16 -3 22 0 -78923
-9 2 -14 1 -85779
3 -22 11 -15 -80545
22 6 -23 -3 -88747
24 20 1 15 -80053
1 23 5 24 -57403
18 5 18 0 -75761
7 -6 11 -2 -92117
-22 0 -17 -2 -68085
0 8 -24 10 -89869
-8 -22 -12 -17 -66643
2 19 -3 24 -74143
15 -23 19 -3 -90079
-9 -1 -8 -2 -81095
12 21 13 12 -82531
12 0 14 4 -85491
3 -22 0 -23 -60457
-2 18 2 16 -81473
-12 -21 -23 -24 -53221
-7 21 -6 23 -43309
20 -9 15 -15 -82117
-12 5 -11 10 -88217
0 19 -5 21 -85425
9 21 11 22 -60257
23 -12 20 1 -76649
-21 -1 -19 23 -83619
18 -14 24 0 -83597
13 8 14 2 -94339
14 -23 13 12 -91023
23 10 18 -22 -87601
-5 -13 -6 -24 -76309
-3 20 -4 16 -76615
6 -14 2 -12 -91883
-3 16 -4 12 -86453
-19 17 10 23 -89287
-23 24 -13 23 -48483
2 -15 2 -12 -86985
-13 -15 10 -16 -102763
-8 16 -10 12 -83601
18 -5 17 -11 -83731
11 -12 10 -7 -86639
-15 -11 -17 -7 -69241
-1 2 -1 -2 -88227
-23 20 -6 14 -92373
-3 3 -2 7 -84047
-16 18 -23 5 -83303
-9 -10 -12 -4 -84007
-2 -20 -7 -24 -60523
23 24 14 12 -70281
-8 9 -5 10 -75913
-15 -18 -14 -11 -77527
22 0 20 -11 -80829
-18 -1 -20 -4 -77079
-20 1 -21 17 -86477
-1 2 0 -4 -90679
-12 7 -9 10 -89105
-22 19 -6 24 -79961
-15 -14 15 0 -102645
23 16 -8 22 -88795
-6 -3 -4 -1 -86417
9 0 6 1 -89553
-17 8 -16 5 -77885
7 8 8 18 -85067
0 16 1 22 -83119
1 10 1 5 -90083
2 0 -2 -2 -82993
6 22 -8 -5 -107659
4 20 14 24 -81447
6 15 2 13 -90967
12 -21 10 -13 -67237
2 -15 5 -21 -87153
-23 -24 -1 -9 -89033
-9 -4 -9 0 -83461
5 -10 0 -7 -95505
2 11 1 15 -91675
-11 0 -9 0 -82593
15 16 15 12 -72961
-24 8 -16 2 -73385
24 -4 12 -22 -87707
-14 22 0 21 -86463
-5 24 6 24 -73151
13 -9 17 -15 -81099
17 22 23 -17 -89131
-11 -7 -8 -4 -86115
15 4 14 7 -92381
18 -2 17 -5 -81845
-10 9 -17 10 -91511
-21 22 -20 19 -25579
-24 -8 -23 -23 -48129
-1 -15 2 -17 -85807
6 1 8 5 -88107
-1 -4 0 -1 -80339
-12 13 -14 17 -82573
8 -4 22 24 -92727
-6 9 -14 10 -86759
5 19 6 22 -56957
5 -3 4 -4 -79723
-17 -14 -23 -20 -49615
23 -10 18 -9 -44907
-7 -18 -5 -20 -74761
19 24 11 13 -87697
-10 20 -8 12 -84295
-8 -24 -7 2 -90267
13 5 11 3 -82577
5 -10 5 -12 -90173
-7 11 -13 16 -90221
-6 -10 -7 -4 -78785
-1 9 1 8 -81541
-8 15 -10 9 -90801
20 -13 9 -15 -89299
-7 -13 -6 -12 -84651
-18 19 -11 24 -60945
12 4 9 4 -94559
15 -2 19 -3 -84545
-12 -1 -15 -4 -84133
7 -21 1 -21 -80691
-1 5 0 2 -74687
-24 7 -23 16 -48119
10 24 -6 20 -86629
14 19 -3 24 -89477
15 17 15 14 -71765
22 15 20 9 -69729
-24 -2 -23 -2 -23079
-19 -11 -15 -4 -89927
3 -1 2 -1 -76499
1 2 2 5 -81675
7 -6 13 -6 -91399
4 23 -10 23 -85215
-6 -10 -5 -7 -86719
22 5 20 -20 -92893
-18 -16 -11 -16 -85755
24 11 24 9 -46495
0 18 -4 22 -89019
-15 -10 -18 -13 -76917
1 2 0 0 -81797
-18 -17 -16 -18 -64175
-2 7 0 6 -88311
16 24 12 21 -42615
-21 -9 -24 8 -82191
-22 -21 -6 -24 -78285
17 9 16 9 -78103
22 18 3 20 -85831
-22 16 -11 12 -90327
7 -14 10 -13 -83685
2 19 -4 14 -86471
-5 -5 -4 -5 -88785
4 -20 -22 -24 -81169
-13 -17 -10 -17 -86581
-21 20 -15 16 -63215
-14 -16 -14 -18 -57659
-20 -6 -20 -2 -68225
20 -23 18 0 -91105
