-1 -12 21 -24 -92105
-15 -8 1 -15 -108369
-9 8 -9 7 -78095
4 -23 2 -17 -66529
9 1 8 -3 -84737
-24 -17 -3 -11 -93681
5 22 11 15 -85603
5 -6 7 -2 -88147
1 3 -1 2 -80229
6 14 4 12 -88781
21 6 17 2 -77559
6 3 6 5 -78111
12 15 14 21 -85759
-15 20 -11 15 -78023
1 22 -2 15 -87437
10 -2 10 -1 -77013
-12 -4 -8 -6 -87805
-14 0 -13 -4 -89753
-19 12 -15 11 -74267
17 24 15 15 -60865
2 23 5 15 -88323
9 0 10 0 -83467
16 -1 -19 -5 -100763
-11 -15 -10 -11 -79649
6 12 10 9 -89325
10 19 5 17 -77211
2 6 5 7 -81491
-2 -4 -2 -5 -71377
-10 11 -7 10 -80307
11 15 9 24 -74821
1 -12 2 -12 -78883
-2 19 -10 19 -82139
-17 1 -14 1 -88577
19 1 22 -1 -75689
-15 13 -19 17 -77595
17 -1 18 -3 -96509
-23 -6 -21 -6 -43417
4 -11 3 -14 -87115
4 17 -17 17 -102277
-6 19 -11 23 -59765
19 -6 22 21 -89451
17 11 21 9 -69635
14 -13 22 -10 -76595
11 -4 11 -11 -90445
-1 17 5 15 -81895
-12 -24 -18 -8 -89507
-1 -12 0 -7 -85227
23 15 -21 15 -88605
-24 21 20 17 -81123
17 -1 21 -5 -91731
13 5 19 7 -96243
11 11 16 12 -79003
13 -4 14 -4 -76661
-15 9 -16 7 -73743
5 -11 5 -8 -81833
8 -22 -7 -23 -84111
-6 -14 -2 -12 -87137
-21 8 -23 24 -59355
-17 22 10 19 -92457
20 -18 8 -21 -75785
8 -9 15 -11 -87237
4 15 1 10 -88635
-5 -7 -4 -7 -92287
19 -10 17 -12 -73419
-14 10 -9 16 -88495
7 -13 7 -12 -83287
8 15 5 12 -85985
7 -23 16 -16 -70521
-4 1 -24 0 -92507
10 -3 9 4 -90627
-15 -1 -14 -6 -85489
13 11 13 10 -62727
5 23 16 19 -79117
-20 -11 -20 -23 -59467
9 1 8 4 -81569
-16 -21 -18 -4 -93055
16 5 16 8 -75471
5 -18 3 -17 -80125
21 -4 17 -3 -79701
-18 13 -24 -5 -90337
17 -20 7 -18 -79989
-16 9 -13 11 -81481
-17 -3 24 -22 -93201
23 5 21 20 -78419
0 -20 1 -13 -78349
2 -4 2 5 -92357
-9 -10 -24 -6 -96235
16 7 22 21 -92425
4 -2 6 -1 -79877
8 6 8 5 -77273
24 4 14 1 -85049
-9 -6 -10 -2 -81265
-20 12 -21 1 -81071
5 14 7 21 -82671
-22 -23 8 -24 -78061
-22 5 -22 6 -50623
-1 -11 0 19 -98907
13 -5 11 -8 -85491
24 -16 11 -8 -84091
-17 21 -17 23 -17789
-13 15 -12 13 -83631
-4 0 -3 2 -79227
22 -6 22 -15 -59717
-8 2 -8 6 -79641
-10 -2 -3 -13 -109929
-14 -7 -18 -7 -89117
12 -23 -3 -19 -90543
14 -18 9 -11 -82111
-7 -21 -3 -17 -76309
-17 0 -13 -1 -90863
-14 -23 -19 -13 -75377
1 15 1 21 -89091
10 -23 14 -5 -93199
-6 -19 -7 -16 -73837
2 -13 -3 -11 -86157
-17 0 -24 -12 -85945
8 9 8 3 -86031
-12 -11 -11 -4 -75807
10 10 12 9 -81585
13 10 15 14 -76947
-19 21 -8 21 -79741
-13 -10 -12 -18 -79441
18 18 20 9 -76667
-22 2 -20 -9 -82999
-5 3 -5 1 -79599
-20 -19 -22 -15 -47625
7 7 9 7 -82989
0 -16 -2 -13 -85319
-16 3 -20 -1 -78835
-23 3 23 -19 -92467
14 -9 15 -10 -69323
-12 8 -15 7 -85809
-21 -13 22 -20 -89685
9 0 5 1 -98895
-5 -5 -9 -6 -92713
-17 -3 -18 -11 -82315
12 -2 15 -1 -79521
0 13 0 7 -83427
4 -18 24 -13 -83103
19 9 23 -7 -91271
-8 4 -9 0 -77771
2 12 2 18 -83819
-9 -13 -12 -18 -84421
-3 -8 -2 -8 -79959
-11 -3 -14 6 -88007
-18 -15 -22 21 -87813
-24 -11 -7 -22 -91063
15 -9 10 -12 -83975
0 -5 2 -5 -74435
-19 14 -14 7 -89337
-23 -13 -16 -7 -78941
-7 -10 -9 -13 -81839
1 -7 1 -2 -80385
-12 -18 -15 -19 -75953
0 -9 -2 -7 -79807
0 5 2 5 -76485
-24 -19 -16 12 -85793
9 -17 12 -17 -69023
24 -4 18 6 -87387
-8 -10 -13 -7 -88107
1 -5 3 -7 -86215
8 -8 9 -9 -84731
20 1 21 -2 -83501
-14 -4 -21 -5 -91179
10 6 14 7 -87669
18 -8 24 -22 -70969
-4 7 -5 6 -80981
-18 8 -15 23 -90955
-3 16 -10 22 -84503
3 -22 -1 -16 -81021
-17 -8 -17 -5 -68357
4 13 7 13 -75739
-14 16 -10 16 -74037
-11 -15 23 -16 -87987
4 8 6 11 -87039
-24 -13 -22 8 -82455
4 10 0 9 -83023
5 0 5 -6 -86815
16 -4 15 0 -94961
-17 3 -16 -3 -82089
21 18 24 20 -12233
4 -13 7 -12 -78577
23 12 23 2 -60791
13 -3 13 -7 -78497
-22 -15 -15 -14 -66231
-10 -16 -4 -24 -82905
11 -12 8 -13 -80633
-16 22 -22 10 -82519
20 1 16 2 -88613
4 6 5 11 -87981
-7 15 -6 21 -70333
-10 -1 -11 -2 -85413
1 -8 4 -5 -79115
-7 1 -10 2 -86181
-12 -16 -14 -22 -54781
-7 15 -9 10 -90593
-16 0 -14 1 -83975
24 -13 21 12 -79615
1 9 0 6 -93341
6 23 23 12 -84017
-14 7 -23 5 -74909
-5 13 -5 14 -81337
-11 -4 -8 2 -94443
6 -7 8 -8 -87257
-10 -3 -15 -5 -89225
20 -20 11 -17 -72049
11 -1 11 3 -81785
20 -19 15 -10 -86015
-24 23 -5 20 -75099
21 5 16 9 -85519
8 -23 8 -8 -88041
20 8 23 20 -75573
8 4 5 8 -86999
-16 -1 -20 6 -87463
-19 -24 -9 -19 -72539
5 -13 18 -24 -86845
16 -8 14 24 -90243
7 -24 12 -11 -78543
-12 23 22 21 -82047
11 9 10 8 -76297
-1 -21 17 -22 -85375
0 -21 11 -23 -79227
-1 -2 0 -24 -83705
17 18 10 23 -60927
-17 4 -17 11 -84691
8 0 14 -2 -89515
-4 11 -5 17 -89223
-21 4 -21 0 -63975
19 2 19 -2 -82689
-9 -10 -7 -14 -79133
-10 -15 -14 -15 -90145
-4 6 -8 7 -85241
-20 3 -20 -3 -80913
-8 -18 2 -24 -81951
3 -16 0 -19 -84253
-24 -17 -15 -7 -81431
-5 -17 -6 -12 -75235
-13 9 -12 -2 -86207
5 -1 3 2 -79885
13 -6 15 0 -93137
-5 -23 10 -20 -89429
-4 0 -4 -1 -75531
3 -19 4 -24 -41501
-1 7 0 9 -87491
9 -14 -16 -23 -86849
7 0 8 -3 -83471
10 -4 17 -7 -91155
9 -6 5 -6 -88505
1 10 0 14 -78787
-7 11 -2 10 -79221
10 19 12 9 -90057
17 8 12 5 -89175
-1 -14 -2 -12 -81907
-4 -15 -4 -7 -85893
1 -10 -1 -12 -89841
-1 -3 -3 0 -82091
14 9 17 7 -84943
3 4 0 6 -77801
17 -5 17 -10 -76913
-23 -9 -19 -10 -52243
-1 -12 0 -11 -86439
16 7 19 1 -83623
21 -5 22 -3 -56025
-10 7 -11 5 -86207
-17 12 -16 18 -73559
11 16 11 23 -69725
-12 -12 -8 -9 -83583
23 -11 9 -22 -81045
-5 -5 -2 -7 -86481
3 -16 1 -18 -84147
-4 0 -5 2 -83349
8 -16 6 -12 -85109
-3 20 0 16 -89627
11 -11 13 -6 -91539
18 -1 16 1 -90121
-4 22 -6 20 -61635
0 -19 -5 -23 -66057
-7 -5 -6 -3 -88075
21 -6 17 -11 -80001
18 -2 21 4 -79889
-7 -15 -10 -16 -79003
-18 12 -17 4 -87213
24 16 6 2 -97881
4 20 13 22 -83949
-10 -14 -4 -14 -88645
23 16 21 4 -81171
12 15 13 16 -76907
-18 -24 -24 -17 -36959
-4 -7 -6 -9 -92541
-21 2 -19 -5 -83621
-16 9 -10 24 -88007
-24 15 -24 -8 -76821
-20 1 -19 -20 -92575
-20 -12 -24 -8 -47061
-22 -21 -21 2 -84053
6 -9 5 -7 -84489
0 -12 1 -18 -86399
20 15 16 17 -49041
-14 -3 -18 -5 -90775
-4 8 -3 14 -84555
-13 -3 -14 -1 -87411
-16 4 -21 4 -73769
6 10 9 8 -89131
-18 -23 -12 -23 -60871
21 -22 20 -12 -49539
0 16 6 20 -84361
12 -13 19 -20 -85609
7 -12 7 -10 -87053
-21 21 -13 19 -68121
2 20 4 17 -83657
-9 7 -8 10 -83575
17 6 17 9 -74431
-20 -5 -15 -18 -90435
16 -15 21 -24 -47361
16 -3 16 -2 -87269
22 -24 13 12 -97271
-19 -1 0 -17 -113907
-18 8 -21 22 -79299
12 1 9 4 -89327
-7 -21 -1 -23 -66963
-7 -17 -6 -24 -58719
-14 19 3 24 -91367
2 -7 0 -9 -79827
-11 -11 -13 -14 -84211
-17 -9 -12 -8 -87037
6 -13 7 -14 -83887
-5 -11 -6 -8 -81105
-10 -16 -13 -17 -88635
16 5 20 5 -87241
16 9 13 10 -80423
0 5 -3 6 -86837
-15 20 -22 11 -81943
-1 11 1 11 -74877
18 4 21 11 -76699
7 -4 7 -8 -76285
7 -14 9 -12 -83679
12 12 9 11 -79151
-8 2 -9 8 -83297
-19 6 -23 -5 -87013
-4 9 -4 7 -77235
-10 18 -5 21 -70249
-6 -18 -16 -21 -86983
18 5 18 15 -85287
10 7 8 12 -81485
-11 13 -8 7 -81345
8 15 16 24 -88257
23 -22 17 -6 -86783
-5 -21 -4 -22 -58401
5 -15 0 -18 -89495
-10 6 -15 9 -87433
0 5 -5 3 -85407
2 16 3 11 -81623
10 22 2 24 -67389
-8 -11 -3 -12 -91807
-13 7 -15 23 -90195
-4 13 -6 15 -81251
14 -7 12 -15 -84171
-7 2 -3 3 -84575
-4 -18 0 -16 -75379
0 4 24 11 -94131
16 -3 22 0 -80235
-9 2 -14 1 -90011
3 -22 11 -15 -78347
22 6 -23 -3 -92593
24 20 1 15 -82643
1 23 5 24 -55527
18 5 18 0 -73293
7 -6 11 -2 -91819
-22 0 -17 -2 -69009
0 8 -24 10 -92895
-8 -22 -12 -17 -66051
2 19 -3 24 -71495
15 -23 19 -3 -89175
-9 -1 -8 -2 -82783
12 21 13 12 -86853
12 0 14 4 -83489
3 -22 0 -23 -57995
-2 18 2 16 -81381
-12 -21 -23 -24 -52261
-7 21 -6 23 -43959
20 -9 15 -15 -80939
-12 5 -11 10 -88203
0 19 -5 21 -79609
9 21 11 22 -59877
23 -12 20 1 -75389
-21 -1 -19 23 -86281
18 -14 24 0 -83725
11 9 12 20 -94827
14 -23 13 12 -91543
23 10 18 -22 -91071
-5 -13 -6 -24 -74929
-3 20 -4 16 -76371
6 -14 2 -12 -88101
-3 16 -4 12 -85257
-19 17 10 23 -91985
-23 24 -13 23 -47955
2 -15 2 -12 -84561
-1 -6 -17 -19 -106925
-8 16 -10 12 -85019
18 -5 17 -11 -82965
11 -12 10 -7 -85245
-15 -11 -17 -7 -70027
-1 2 -1 -2 -88999
-23 20 -6 14 -96155
-3 3 -2 7 -83839
-16 18 -23 5 -83949
-9 -10 -12 -4 -88293
-2 -20 -7 -24 -58541
23 24 14 12 -71859
-8 9 -5 10 -79507
-15 -18 -14 -11 -75923
22 0 20 -11 -81189
-18 -1 -20 -4 -77131
-20 1 -21 17 -87679
-1 2 0 -4 -90955
-12 7 -9 10 -90171
-22 19 -6 24 -82219
-13 0 -4 5 -104241
23 16 -8 22 -88847
-6 -3 -4 -1 -86023
9 0 6 1 -98647
-17 8 -16 5 -78709
7 8 8 18 -85503
0 16 1 22 -82861
1 10 1 5 -91371
2 0 -2 -2 -80613
0 15 -23 11 -94429
4 20 14 24 -80865
6 15 2 13 -88757
12 -21 10 -13 -65973
2 -15 5 -21 -85201
-23 -24 -1 -9 -88435
-9 -4 -9 0 -81221
5 -10 0 -7 -92297
6 5 24 8 -95001
-11 0 -9 0 -85691
15 16 15 12 -76549
-24 8 -16 2 -72663
24 -4 12 -22 -86261
-14 22 0 21 -89441
-5 24 6 24 -70635
13 -9 17 -15 -80823
17 22 23 -17 -91207
-11 -7 -8 -4 -85653
15 4 14 7 -80339
18 -2 17 -5 -81219
-10 9 -17 10 -93241
-21 22 -20 19 -26331
-24 -8 -23 -23 -49121
-1 -15 2 -17 -81949
6 1 8 5 -86681
-1 -4 0 -1 -79417
-12 13 -14 17 -88039
8 -4 22 24 -94855
-6 9 -14 10 -95165
5 19 6 22 -56713
5 -3 4 -4 -81811
-17 -14 -23 -20 -48557
23 -10 18 -9 -44887
-7 -18 -5 -20 -76591
19 24 11 13 -88549
-10 20 -8 12 -84309
-8 -24 -7 2 -85671
13 5 11 3 -81663
5 -10 5 -12 -88613
-7 11 -13 16 -93827
-6 -10 -7 -4 -82373
-1 9 1 8 -81059
-8 15 -10 9 -90763
20 -13 9 -15 -85733
-7 -13 -6 -12 -82493
-18 19 -11 24 -61547
12 4 9 4 -87143
15 -2 19 -3 -88945
-12 -1 -15 -4 -86817
7 -21 1 -21 -77927
-1 5 0 2 -75561
-24 7 -23 16 -48477
10 24 -6 20 -84907
14 19 -3 24 -89041
15 17 15 14 -74933
22 15 20 9 -71803
-24 -2 -23 -2 -24457
-19 -11 -15 -4 -89793
3 -1 2 -1 -76405
1 2 2 5 -80519
7 -6 13 -6 -90147
4 23 -10 23 -82619
-6 -10 -5 -7 -85293
22 5 20 -20 -95113
-18 -16 -11 -16 -87279
24 11 24 9 -47563
0 18 -4 22 -83689
-15 -10 -18 -13 -77799
1 2 0 0 -80971
-18 -17 -16 -18 -63669
-2 7 0 6 -88477
16 24 12 21 -42261
-21 -9 -24 8 -80833
-22 -21 -6 -24 -78297
17 9 16 9 -79219
22 18 3 20 -88011
-22 16 -11 12 -92951
7 -14 10 -13 -82495
2 19 -4 14 -85469
-5 -5 -4 -5 -90155
4 -20 -22 -24 -80331
-13 -17 -10 -17 -84927
-21 20 -15 16 -64667
-14 -16 -14 -18 -55143
-20 -6 -20 -2 -69397
20 -23 18 0 -91711
