3 -22 -1 -19 -80195
10 16 7 10 -78779
-9 8 -9 7 -79567
4 -23 2 -17 -72491
9 1 8 -3 -82353
-24 -17 -3 -11 -92061
5 22 11 15 -85825
5 -6 7 -2 -87233
1 3 -1 2 -82071
-7 14 -8 12 -88005
21 6 17 2 -75793
6 3 6 5 -78779
12 15 14 21 -84699
-15 20 -11 15 -79593
1 22 -2 15 -86571
10 -2 10 -1 -74647
-12 -4 -8 -6 -83257
-14 0 -13 -4 -91667
-19 12 -15 11 -75059
17 24 15 15 -59755
2 23 5 15 -87147
9 0 10 0 -78535
16 -1 14 -2 -79447
-11 -15 -10 -11 -85865
-11 -13 -9 -8 -92377
10 19 5 17 -82529
2 6 5 7 -83849
-2 -4 -2 -5 -71863
-10 11 -7 10 -74175
11 15 9 24 -75955
1 -12 2 -12 -75615
-2 19 -10 19 -79303
-17 1 -14 1 -88115
19 1 22 -1 -77249
-15 13 -19 17 -80783
17 -1 18 -3 -91355
-23 -6 -21 -6 -42329
4 -11 3 -14 -89897
-9 7 -9 2 -83049
-6 19 -11 23 -60399
19 -6 22 21 -86543
17 11 21 9 -69409
14 -13 22 -10 -78283
11 -7 11 -11 -84885
-1 17 5 15 -81189
-12 -24 -18 -8 -91307
-1 -12 0 -7 -86331
23 15 -21 15 -88679
-24 21 20 17 -85269
17 -1 21 -5 -90765
23 0 -19 -24 -87773
11 11 16 12 -79565
13 -4 14 -4 -71971
-15 9 -16 7 -72767
5 -11 5 -8 -81189
8 -22 -7 -23 -87479
-6 -14 -2 -12 -89269
-21 8 -23 24 -65443
-17 22 10 19 -93407
20 -18 8 -21 -75311
8 -9 15 -11 -83611
4 15 1 10 -79673
-5 -7 -4 -7 -90391
19 -10 17 -12 -73811
-14 10 -9 16 -86479
7 -13 7 -12 -83037
-20 17 16 8 -102521
7 -23 16 -16 -75597
-4 1 -24 0 -89535
10 -3 9 4 -89409
-15 -1 -14 -6 -88577
13 11 13 10 -62003
5 23 16 19 -80953
-20 -11 -20 -23 -61739
9 1 8 4 -78953
-16 -21 -18 -4 -94119
16 5 16 8 -74509
5 -18 3 -17 -83181
21 -4 17 -3 -86123
6 10 1 -10 -107839
17 -20 7 -18 -78401
-16 9 -13 11 -77949
-17 -3 24 -22 -88185
23 5 21 20 -77049
0 -20 1 -13 -83801
3 7 6 5 -79239
-6 5 -5 -15 -103173
16 7 22 21 -89507
4 -2 6 -1 -75751
8 6 8 5 -78285
24 4 14 1 -87861
-9 -6 -10 -2 -84861
-20 12 -21 1 -77111
5 14 7 21 -84369
-22 -23 8 -24 -81283
-22 5 -22 6 -48731
0 -24 7 -12 -91129
13 -5 11 -8 -81423
24 -16 11 -8 -83223
-17 21 -17 23 -17469
-13 15 -12 13 -84091
-4 0 -3 2 -78555
22 -6 22 -15 -60065
-8 2 -8 6 -82373
-16 -18 -17 -17 -75035
-14 -7 -18 -7 -84695
12 -23 -3 -19 -93721
14 -18 9 -11 -82685
-7 -21 -3 -17 -76569
-17 0 -13 -1 -89707
-14 -23 -19 -13 -81831
1 15 1 21 -87459
16 -5 23 -5 -79765
-6 -19 -7 -16 -74695
2 -13 -3 -11 -83103
-17 0 -24 -12 -87003
8 9 8 3 -86967
-12 -11 -11 -4 -85015
10 10 12 9 -90083
13 10 15 14 -74573
-19 21 -8 21 -82539
-13 -10 -12 -18 -82555
18 18 20 9 -75459
-22 2 -20 -9 -84653
-5 3 -5 1 -79707
-20 -19 -22 -15 -49935
7 7 9 7 -84153
0 -16 -2 -13 -84875
-16 3 -20 -1 -76981
-23 3 23 -19 -90747
14 -9 15 -10 -68203
-12 8 -15 7 -78905
-21 -13 22 -20 -88137
-12 11 -10 6 -84307
-5 -5 -9 -6 -88959
-17 -3 -18 -11 -83821
12 -2 15 -1 -80723
0 13 0 7 -82229
4 -18 24 -13 -82857
-6 11 -23 16 -101405
-8 4 -9 0 -77611
2 12 2 18 -80155
-9 -13 -12 -18 -85965
-3 -8 -2 -8 -80353
-11 -3 -14 6 -88033
-18 -15 -22 21 -91293
-24 -11 -7 -22 -91603
15 -9 10 -12 -81843
0 -5 2 -5 -73473
-19 14 -14 7 -90599
-23 -13 -16 -7 -78821
-7 -10 -9 -13 -90829
1 -7 1 -2 -80863
-12 -18 -15 -19 -93645
0 -9 -2 -7 -79527
0 5 2 5 -79491
-24 -19 -16 12 -85455
9 -17 12 -17 -69903
24 -4 18 6 -84923
-8 -10 -13 -7 -82559
1 -5 3 -7 -83745
8 -8 9 -9 -83757
20 1 21 -2 -81507
-14 -4 -21 -5 -88075
10 6 14 7 -89707
18 -8 24 -22 -68767
-4 7 -5 6 -83465
-18 8 -15 23 -98115
-3 16 -10 22 -83483
3 -22 -1 -16 -89687
-17 -8 -17 -5 -70795
4 13 7 13 -66919
-14 16 -10 16 -70899
-11 -15 23 -16 -88163
4 8 6 11 -81773
-24 -13 -22 8 -80841
4 10 0 9 -84495
5 0 5 -6 -87391
16 -4 15 0 -87997
-17 3 -16 -3 -81823
21 18 24 20 -11883
4 -13 7 -12 -88189
23 12 23 2 -61469
13 -3 13 -7 -70583
-22 -15 -15 -14 -68029
-10 -16 -4 -24 -83795
11 -12 8 -13 -81209
-16 22 -22 10 -88379
15 16 2 17 -93481
4 6 5 11 -87023
-7 15 -6 21 -70243
-10 -1 -11 -2 -85839
1 -8 4 -5 -78545
-7 1 -10 2 -82321
-12 -16 -14 -22 -59491
-7 15 -9 10 -93439
-16 0 -14 1 -84533
24 -13 21 12 -77543
1 9 0 6 -94431
6 23 23 12 -85499
-14 7 -23 5 -77751
-5 13 -5 14 -82483
-11 -4 -8 2 -94277
6 -7 8 -8 -85369
-10 -3 -15 -5 -89699
20 -20 11 -17 -69569
11 -1 11 3 -80093
20 -19 15 -10 -84759
-24 23 -5 20 -83995
21 5 16 9 -84835
7 -13 3 -14 -90225
20 8 23 20 -72731
8 4 5 8 -87975
-16 -1 -20 6 -89377
-19 -24 -9 -19 -80069
5 -13 18 -24 -82107
16 -8 14 24 -88853
7 -24 12 -11 -83763
-12 23 22 21 -80909
11 9 10 8 -77641
-1 -21 17 -22 -86309
0 -21 11 -23 -81479
-1 -2 0 -24 -86983
17 18 10 23 -63403
-17 4 -17 11 -82499
8 0 14 -2 -86655
-4 11 -5 17 -89225
-21 4 -21 0 -61821
19 2 19 -2 -80861
-9 -10 -7 -14 -82225
-10 -15 -14 -15 -92255
-4 6 -8 7 -82781
-20 3 -20 -3 -79791
-8 -18 2 -24 -87467
3 -16 0 -19 -83635
-24 -17 -15 -7 -82349
-5 -17 -6 -12 -79455
-13 9 -12 -2 -85999
5 -1 3 2 -76953
21 -6 21 12 -86681
-5 -23 10 -20 -93679
-4 0 -4 -1 -73385
3 -19 4 -24 -45935
-1 7 0 9 -88971
9 -14 -16 -23 -90159
7 0 8 -3 -81841
-15 -19 -12 -18 -94023
9 -6 5 -6 -84711
1 10 0 14 -77831
-7 11 -2 10 -76439
10 19 12 9 -87159
17 8 12 5 -81273
-1 -14 -2 -12 -81843
-4 -15 -4 -7 -93689
1 -10 -1 -12 -92439
-1 -3 -3 0 -77805
14 9 17 7 -82607
3 4 0 6 -79891
17 -5 17 -10 -75033
-23 -9 -19 -10 -50179
-1 -12 0 -11 -90351
16 7 19 1 -82069
21 -5 22 -3 -57043
-10 7 -11 5 -81315
-17 12 -16 18 -78725
11 16 11 23 -71999
-12 -12 -8 -9 -89249
23 -11 9 -22 -80671
-5 -5 -2 -7 -84961
3 -16 1 -18 -82143
-4 0 -5 2 -83391
8 -16 6 -12 -85801
-3 20 0 16 -89717
11 -11 13 -6 -89845
18 -1 16 1 -84367
-4 22 -6 20 -60107
0 -19 -5 -23 -66501
-7 -5 -6 -3 -89321
21 -6 17 -11 -82229
18 -2 21 4 -80203
-7 -15 -10 -16 -77993
-18 12 -17 4 -85397
-9 8 -8 10 -87851
4 20 13 22 -89263
-10 -14 -4 -14 -85523
23 16 21 4 -79955
12 15 13 16 -76341
-18 -24 -24 -17 -40095
-4 -7 -6 -9 -93415
-21 2 -19 -5 -85629
-16 9 -10 24 -87709
-24 15 -24 -8 -74815
-20 1 -19 -20 -94059
-20 -12 -24 -8 -44473
-22 -21 -21 2 -86209
6 -9 5 -7 -81211
0 -12 1 -18 -89195
20 15 16 17 -48025
-14 -3 -18 -5 -89625
-4 8 -3 14 -86065
-13 -3 -14 -1 -88067
-16 4 -21 4 -78589
6 10 9 8 -87297
-18 -23 -12 -23 -66237
21 -22 20 -12 -47295
0 16 6 20 -81175
12 -13 19 -20 -84425
7 -12 7 -10 -87467
-21 21 -13 19 -71813
2 20 4 17 -82463
-9 7 -8 10 -91519
17 6 17 9 -73521
-20 -5 -15 -18 -89821
16 -15 21 -24 -45053
16 -3 16 -2 -82133
-24 -24 -3 12 -88333
-17 0 -24 2 -69685
-18 8 -21 22 -85681
12 1 9 4 -87793
-7 -21 -1 -23 -69879
-7 -17 -6 -24 -61187
-14 19 3 24 -89569
2 -7 0 -9 -79109
-11 -11 -13 -14 -87299
-17 -9 -12 -8 -85561
6 -13 7 -14 -86041
-5 -11 -6 -8 -83435
-10 -16 -13 -17 -91363
16 5 20 5 -83911
16 9 13 10 -78721
0 5 -3 6 -87615
-15 20 -22 11 -85723
-1 11 1 11 -78035
18 4 21 11 -76183
7 -4 7 -8 -72935
7 -14 9 -12 -85633
12 12 9 11 -84787
15 3 24 3 -82329
-19 6 -23 -5 -80641
-4 9 -4 7 -78959
-10 18 -5 21 -68961
-6 -18 -16 -21 -92305
18 5 18 15 -85413
10 7 8 12 -83305
-11 13 -8 7 -84553
8 15 16 24 -90781
23 -22 17 -6 -83801
-5 -21 -4 -22 -61571
-2 -3 13 -19 -107121
-10 6 -15 9 -81993
0 5 -5 3 -86081
2 16 3 11 -79463
10 22 2 24 -64979
-8 -11 -3 -12 -87695
-13 7 -15 23 -94073
-4 13 -6 15 -79277
14 -7 12 -15 -83915
-7 2 -3 3 -82475
-4 -18 0 -16 -78253
0 4 24 11 -90375
16 -3 22 0 -86633
-9 2 -14 1 -86615
3 -22 11 -15 -89583
22 6 -23 -3 -90197
24 20 1 15 -80763
1 23 5 24 -61001
18 5 18 0 -71775
7 -6 11 -2 -87749
-22 0 -17 -2 -75611
0 8 -24 10 -87145
-8 -22 -12 -17 -67463
2 19 -3 24 -72423
15 -23 19 -3 -87227
-9 -1 -8 -2 -82069
12 21 13 12 -84211
12 0 14 4 -83791
3 -22 0 -23 -60889
-2 18 2 16 -82505
-12 -21 -23 -24 -56591
-7 21 -6 23 -42673
20 -9 15 -15 -81549
-12 -8 -11 -1 -91785
0 19 -5 21 -79953
9 21 11 22 -64493
23 -12 20 1 -73637
-21 -1 -19 23 -87861
18 -14 24 0 -86035
9 13 12 10 -87291
14 -23 13 12 -88161
23 10 18 -22 -89323
-5 -13 -6 -24 -75725
-3 20 -4 16 -74943
6 -14 2 -12 -89787
-3 16 -4 12 -85007
-19 17 10 23 -94121
-23 24 -13 23 -52689
2 -15 2 -12 -86809
-20 8 -18 21 -94861
-8 16 -10 12 -87933
18 -5 17 -11 -81843
11 -12 10 -7 -88459
-15 -11 -17 -7 -69533
-1 2 -1 -2 -80601
7 23 -5 23 -90993
-3 3 -2 7 -83741
-16 18 -23 5 -87453
-9 -10 -12 -4 -86789
-2 -20 -7 -24 -59147
23 24 14 12 -68395
-8 9 -5 10 -78115
-15 -18 -14 -11 -78085
22 0 20 -11 -80859
-18 -1 -20 -4 -76949
-20 1 -21 17 -89069
11 -19 7 -23 -55859
-12 7 -9 10 -87731
-22 19 -6 24 -83113
4 16 11 24 -91337
23 16 -8 22 -89177
-6 -3 -4 -1 -85479
2 0 3 -3 -82081
-17 8 -16 5 -76365
7 8 8 18 -81169
0 16 1 22 -82429
1 10 1 5 -90447
2 0 -2 -2 -82149
-5 -3 6 10 -114419
4 20 14 24 -86861
-19 -1 3 -17 -107359
12 -21 10 -13 -69619
2 -15 5 -21 -88675
-23 -24 -1 -9 -88921
-9 -4 -9 0 -85945
11 -23 11 -10 -75619
6 5 24 8 -91479
-11 0 -9 0 -81449
15 16 15 12 -74171
-24 8 -16 2 -76603
24 -4 12 -22 -87823
-14 22 0 21 -87633
-5 24 6 24 -82763
13 -9 17 -15 -80887
17 22 23 -17 -88037
-11 -7 -8 -4 -88831
15 4 14 7 -78645
18 -2 17 -5 -78445
8 7 11 7 -95659
-21 22 -20 19 -27281
-24 -8 -23 -23 -49335
-1 -15 2 -17 -83121
6 1 8 5 -85277
-1 -4 0 -1 -77525
-12 13 -14 17 -89373
8 24 -24 24 -74899
-6 17 -24 24 -81961
5 19 6 22 -62391
5 -3 4 -4 -80651
-17 -14 -23 -20 -50985
23 -10 18 -9 -48265
-7 -18 -5 -20 -77889
19 24 11 13 -85337
-10 20 -8 12 -85207
-8 -24 -7 2 -94361
13 5 11 3 -81803
5 -10 5 -12 -88789
-7 11 -13 16 -91443
-6 -10 -7 -4 -83989
-1 9 1 8 -82827
-2 -16 0 -12 -88973
20 -13 9 -15 -83895
-7 -13 -6 -12 -86215
-18 19 -11 24 -60839
12 4 9 4 -90229
15 -2 19 -3 -87909
-12 -1 -15 -4 -90745
7 -21 1 -21 -79457
-1 5 0 2 -74003
-24 7 -23 16 -51863
10 24 -6 20 -92009
-7 -3 -7 -19 -103881
15 17 15 14 -71999
22 15 20 9 -69867
-24 -2 -23 -2 -26445
-19 -11 -15 -4 -91801
3 -1 2 -1 -75611
1 2 2 5 -80781
7 -6 13 -6 -87907
4 23 -10 23 -85595
-6 -10 -5 -7 -89639
22 5 20 -20 -93157
-18 -16 -11 -16 -95287
24 11 24 9 -47321
0 18 -4 22 -84077
-15 -10 -18 -13 -79231
1 2 0 0 -79313
-18 -17 -16 -18 -74769
-2 7 0 6 -88563
16 24 12 21 -40931
-21 -9 -24 8 -81235
-22 -21 -6 -24 -81485
17 9 16 9 -74539
22 18 3 20 -87693
-22 16 -11 12 -95571
7 -14 10 -13 -85747
2 19 -4 14 -83681
-5 -5 -4 -5 -88107
4 -20 -22 -24 -82359
-13 -17 -10 -17 -88145
-21 20 -15 16 -67431
-14 -16 -14 -18 -59013
-20 -6 -20 -2 -69441
20 -23 18 0 -87311
