3 -22 -1 -19 -75646
10 16 7 10 -79422
-9 8 -9 7 -80176
4 -23 2 -17 -70846
11 -1 13 -2 -74646
7 2 5 7 -87428
5 22 11 15 -90570
5 -6 7 -2 -81810
1 3 -1 2 -81840
-7 14 -8 12 -78762
21 6 17 2 -71532
6 3 6 5 -86412
12 15 14 21 -84084
-15 20 -11 15 -70746
1 22 -2 15 -85340
10 -2 10 -1 -75532
-12 -4 -8 -6 -84830
-14 0 -13 -4 -89498
-19 12 -15 11 -73172
17 24 15 15 -62380
2 23 5 15 -87262
9 0 10 0 -70846
16 -1 14 -2 -81434
-11 -15 -10 -11 -84848
-11 -13 -9 -8 -88076
10 19 5 17 -79646
2 6 5 7 -80858
-2 -4 -2 -5 -70174
-10 11 -7 10 -83258
11 15 9 24 -77352
1 -12 2 -12 -76262
-2 19 -10 19 -81734
-17 1 -14 1 -93452
19 1 22 -1 -70238
-15 13 -19 17 -78576
-10 -7 16 6 -102448
-23 -6 -21 -6 -45320
8 -11 24 -11 -93410
-9 7 -9 2 -86726
-6 19 -11 23 -58824
19 -6 22 21 -90740
17 11 21 9 -67480
14 -13 22 -10 -82750
11 -7 11 -11 -84326
-1 17 5 15 -83448
12 10 -9 12 -95264
-1 -12 0 -7 -80068
23 15 -21 15 -85064
-24 21 20 17 -84062
-24 -3 21 -5 -87392
23 0 -19 -24 -84462
11 11 16 12 -79940
13 -4 14 -4 -74322
-15 9 -16 7 -73572
5 -11 5 -8 -79018
8 -22 -7 -23 -75216
-6 -14 -2 -12 -83728
-21 8 -23 24 -61874
-17 22 10 19 -86084
20 -18 8 -21 -81742
8 -9 15 -11 -84626
4 15 1 10 -78952
-5 -7 -4 -7 -88784
19 -10 17 -12 -74174
-14 10 -9 16 -85840
7 -13 7 -12 -77758
24 24 1 6 -85728
7 -23 16 -16 -77246
-4 1 -24 0 -92068
10 -3 9 4 -92190
-15 -1 -14 -6 -87764
13 11 13 10 -59270
5 23 16 19 -86564
-20 -11 -20 -23 -60700
9 1 8 4 -84002
-16 0 -21 0 -90424
16 5 16 8 -73888
5 -18 3 -17 -77680
21 -4 17 -3 -79016
-21 -23 -20 0 -85374
17 -20 7 -18 -78050
-16 9 -13 11 -78902
-17 -3 24 -22 -87896
23 5 21 20 -78480
0 -20 1 -13 -79414
3 7 6 5 -77412
-6 11 -5 10 -82016
16 7 22 21 -92612
4 -2 6 -1 -76860
8 6 8 5 -79488
24 4 14 1 -82666
-9 -6 -10 -2 -83604
-20 12 -21 1 -83396
5 14 7 21 -81330
-22 -23 8 -24 -74706
-22 5 -22 6 -54636
0 -24 7 -12 -90838
13 -5 11 -8 -77920
24 -16 11 -8 -89154
-17 21 -17 23 -17120
-13 15 -12 13 -67928
-4 0 -3 2 -80388
22 -6 22 -15 -57512
-8 2 -8 6 -87360
-16 -18 -17 -17 -75314
-14 -7 -18 -7 -83044
17 -5 17 -2 -84662
14 -18 9 -11 -79976
-7 -21 -3 -17 -77270
-17 0 -13 -1 -92950
-14 -23 -19 -13 -82700
1 15 1 21 -86476
16 -5 23 -5 -77640
-6 -19 -7 -16 -71786
2 -13 -3 -11 -82692
-17 0 -24 -12 -85984
8 9 8 3 -87228
-12 -11 -11 -4 -80064
10 10 12 9 -78864
13 10 15 14 -75068
-19 21 -8 21 -86702
-13 -10 -12 -18 -83854
18 18 20 9 -74626
-22 2 -20 -9 -85428
-5 3 -5 1 -81482
-20 -19 -22 -15 -47652
7 7 9 7 -74428
0 -16 -2 -13 -77634
-16 3 -20 -1 -84886
-23 3 23 -19 -91596
14 -9 15 -10 -69142
-12 8 -15 7 -79004
-21 -13 22 -20 -85130
-12 11 -10 6 -86672
-5 -5 -9 -6 -85522
-17 -3 -18 -11 -79310
12 -2 15 -1 -82852
0 13 0 7 -84582
4 -18 24 -13 -87958
-9 6 -21 5 -99442
-8 4 -9 0 -81990
2 12 2 18 -84528
-9 -13 -12 -18 -87822
-3 -8 -2 -8 -81320
1 18 9 16 -86586
-18 13 -14 21 -82106
-24 -11 -7 -22 -87668
15 -9 10 -12 -83584
0 -5 2 -5 -85652
-19 14 -14 7 -85758
-23 -13 -16 -7 -80934
-7 -10 -9 -13 -87182
1 -7 1 -2 -80058
-12 -18 -15 -19 -86352
0 -9 -2 -7 -79292
0 5 2 5 -76336
-24 -19 -16 12 -90726
9 -17 12 -17 -67752
24 -4 18 6 -82564
-8 -10 -13 -7 -81774
1 -5 3 -7 -85482
8 -8 9 -9 -84398
20 1 21 -2 -77100
-14 -4 -21 -5 -89672
10 6 14 7 -85136
18 -8 24 -22 -69532
-4 7 -5 6 -82166
8 -3 9 0 -77720
-3 16 -10 22 -83594
3 -22 -1 -16 -86862
-17 -8 -17 -5 -68388
4 13 7 13 -72216
-14 16 -10 16 -69310
1 14 0 -24 -90930
4 8 6 11 -78466
-24 -13 -22 8 -83202
4 24 3 23 -47964
5 0 5 -6 -84528
16 -4 15 0 -86062
-17 3 -16 -3 -82570
21 18 24 20 -13980
4 -13 7 -12 -86360
23 12 23 2 -63240
13 -3 13 -7 -70216
-22 -15 -15 -14 -64772
-10 -16 -4 -24 -80368
11 -12 8 -13 -80454
-16 22 -22 10 -84046
-1 17 -24 16 -86154
4 6 5 11 -83180
-7 15 -6 21 -69514
-10 -1 -11 -2 -78726
1 -8 4 -5 -78656
-7 1 -10 2 -84258
-12 -16 -14 -22 -59308
-17 16 -23 2 -81986
-16 0 -14 1 -88512
24 -13 21 12 -80150
1 -4 0 -4 -83762
6 23 23 12 -88000
-14 7 -23 5 -82330
-5 13 -5 14 -80234
6 19 20 22 -90552
6 -7 8 -8 -90416
-10 -3 -15 -5 -90250
20 -20 11 -17 -75984
11 -1 11 3 -82392
20 -19 15 -10 -85562
-24 23 -5 20 -89128
21 5 16 9 -83930
7 -13 3 -14 -86762
20 8 23 20 -76202
24 -15 -2 -6 -90360
-16 -1 -20 6 -92502
-19 -24 -9 -19 -74820
5 -13 18 -24 -80946
16 -8 14 24 -89328
7 -24 12 -11 -84102
-12 23 22 21 -83794
11 9 10 8 -75574
-1 -21 17 -22 -76580
0 -21 11 -23 -67146
-1 -2 0 -24 -84272
17 18 10 23 -73096
-17 4 -17 11 -85188
22 -20 12 -24 -51588
-4 11 -5 17 -88816
-21 4 -21 0 -65640
19 2 19 -2 -79548
-9 -10 -7 -14 -79294
-10 -15 -14 -15 -89616
-4 6 -8 7 -88348
-20 3 -20 -3 -80616
16 -21 19 -23 -33556
3 -16 0 -19 -81516
-24 -17 -15 -7 -83880
-5 -17 -6 -12 -75150
3 -16 3 -13 -71874
5 -1 3 2 -80148
21 -6 21 12 -87946
6 15 12 13 -86156
-4 0 -4 -1 -70682
3 -19 4 -24 -44280
-1 7 0 9 -79212
9 -14 -16 -23 -86720
7 0 8 -3 -82280
-15 -19 -12 -18 -86634
9 -6 5 -6 -88330
1 10 0 14 -84292
-7 11 -2 10 -83328
10 19 12 9 -87962
17 8 12 5 -78978
-1 -14 -2 -12 -74126
-4 -15 -4 -7 -84612
1 -10 -1 -12 -88202
-1 -3 -3 0 -76034
14 9 17 7 -82502
3 4 0 6 -79030
17 -5 17 -10 -74916
-23 -9 -19 -10 -51586
-1 -12 0 -11 -85838
16 7 19 1 -81696
21 -5 22 -3 -60036
-10 7 -11 5 -80446
-17 12 -16 18 -71930
11 16 11 23 -70074
-12 -12 -8 -9 -88684
23 -11 9 -22 -86388
-5 -5 -2 -7 -84690
3 -16 1 -18 -79830
-4 0 -5 2 -82398
8 -16 6 -12 -81682
-3 20 0 16 -89710
11 -11 13 -6 -88956
18 -1 16 1 -79552
-4 22 -6 20 -62598
0 -19 -5 -23 -64062
-7 -5 -6 -3 -84210
21 -6 17 -11 -80942
18 -2 21 4 -78602
-7 -15 -10 -16 -82236
-18 12 -17 4 -86898
-9 8 -8 10 -86828
4 20 13 22 -88850
-10 -14 -4 -14 -83904
23 16 21 4 -81698
12 15 13 16 -76132
-18 -24 -24 -17 -38564
17 16 9 20 -84666
-21 2 -19 -5 -85932
-16 9 -10 24 -86348
-24 15 -24 -8 -73600
4 17 6 9 -92618
-20 -12 -24 -8 -44040
-22 -21 -21 2 -87284
6 -9 5 -7 -82812
23 24 -6 -13 -92936
20 15 16 17 -46954
-14 -3 -18 -5 -90154
-4 8 -3 14 -84730
-13 -3 -14 -1 -86036
-16 4 -21 4 -84986
6 10 9 8 -80536
-18 -23 -12 -23 -63304
21 -22 20 -12 -47666
0 16 6 20 -82782
12 -13 19 -20 -86054
7 -12 7 -10 -84196
-21 21 -13 19 -80044
2 20 4 17 -83604
-9 7 -8 10 -90646
17 6 17 9 -72982
-20 -5 -15 -18 -81668
16 -15 21 -24 -51366
16 -3 16 -2 -85084
-24 -24 -3 12 -86606
-17 0 -24 2 -74488
-18 8 -21 22 -77796
12 1 9 4 -84102
-7 -21 -1 -23 -70474
-7 -17 -6 -24 -58026
-14 19 3 24 -87170
2 -7 0 -9 -79478
-11 -11 -13 -14 -86752
-17 -9 -12 -8 -82822
6 -13 7 -14 -82694
-5 -11 -6 -8 -78562
-10 -16 -13 -17 -88676
16 5 20 5 -79230
16 9 13 10 -77392
0 5 -3 6 -79696
-15 20 -22 11 -85148
-1 11 1 11 -69874
18 4 21 11 -74298
7 -4 7 -8 -73476
7 -14 9 -12 -83678
12 12 9 11 -81654
15 3 24 3 -76968
-19 6 -23 -5 -83998
-4 9 -4 7 -79142
-10 18 -5 21 -70834
-6 -18 -16 -21 -87578
18 5 18 15 -84710
10 7 8 12 -76346
-11 13 -8 7 -87576
8 15 16 24 -91720
23 -22 17 -6 -83714
-5 -21 -4 -22 -62454
-13 6 -10 2 -81468
-10 6 -15 9 -85910
0 5 -5 3 -85652
2 16 3 11 -88028
10 22 2 24 -65542
-8 -11 -3 -12 -84680
23 -9 21 3 -79342
-4 13 -6 15 -83728
14 -7 12 -15 -83314
-7 2 -3 3 -84966
-4 -18 0 -16 -75240
0 4 24 11 -87258
16 -3 22 0 -84920
-13 -22 -15 -13 -78578
3 -22 11 -15 -86902
-18 8 -23 -19 -93664
24 20 1 15 -88504
1 23 5 24 -67096
18 5 18 0 -71920
-7 -15 -9 -17 -82262
-22 0 -17 -2 -82980
-19 2 -20 10 -84982
-8 -22 -12 -17 -66786
2 19 -3 24 -72722
15 -23 19 -3 -85334
-9 -1 -8 -2 -83520
12 21 13 12 -85458
12 0 14 4 -85042
3 -22 0 -23 -54248
-2 18 2 16 -81550
-12 -21 -23 -24 -53458
-7 21 -6 23 -43726
20 -9 15 -15 -81942
-12 -8 -11 -1 -89412
0 19 -5 21 -81836
9 21 11 22 -65008
23 -12 20 1 -78994
-21 -1 -19 23 -81674
18 -14 24 0 -84140
2 6 0 10 -87356
14 -23 13 12 -85024
23 10 18 -22 -81616
-5 -13 -6 -24 -74656
-3 20 -4 16 -75480
6 -14 2 -12 -86186
-3 16 -4 12 -83202
-19 -14 -16 -7 -79722
-23 24 -13 23 -60710
-14 18 -17 16 -74438
-20 8 -18 21 -82054
-8 16 -10 12 -81314
18 -5 17 -11 -81880
11 -12 10 -7 -87324
-15 -11 -17 -7 -65880
-1 2 -1 -2 -78282
7 23 -5 23 -91896
-3 3 -2 7 -84710
-1 -6 -19 -2 -103504
-9 -10 -12 -4 -84120
-2 -20 -7 -24 -57602
23 24 14 12 -74442
-8 9 -5 10 -80646
-15 -18 -14 -11 -77230
22 0 20 -11 -82774
-18 -1 -20 -4 -77660
3 5 1 3 -88242
11 -19 7 -23 -54244
-12 7 -9 10 -86612
-22 19 -6 24 -89006
4 -4 11 -7 -99378
23 16 -8 22 -91286
-6 -3 -4 -1 -86546
2 0 3 -3 -81416
-17 8 -16 5 -81858
7 8 8 18 -87090
0 16 1 22 -80764
1 10 1 5 -88810
2 0 -2 -2 -86924
-20 -9 -24 22 -81356
4 20 14 24 -87352
-8 0 -9 4 -85088
12 -21 10 -13 -67814
2 -15 5 -21 -85918
-12 0 -11 4 -77240
-9 -4 -9 0 -80094
11 -23 11 -10 -74890
-16 -13 -10 -18 -90144
-11 0 -9 0 -77444
15 16 15 12 -72376
-24 8 -16 2 -78186
24 -4 12 -22 -87364
-14 22 0 21 -86226
-5 24 6 24 -83614
13 -9 17 -15 -81170
17 22 23 -17 -87908
-11 -7 -8 -4 -85552
15 4 14 7 -78302
18 -2 17 -5 -85818
-2 -22 -4 -21 -65834
-21 22 -20 19 -27946
-24 -8 -23 -23 -47560
-1 -15 2 -17 -79136
6 1 8 5 -90920
-1 -4 0 -1 -78046
-13 14 -19 17 -85796
8 24 -24 24 -72560
-6 17 -24 24 -84762
5 19 6 22 -61344
5 -3 4 -4 -78162
-17 -14 -23 -20 -51456
23 -10 18 -9 -51538
-7 -18 -5 -20 -73478
19 24 11 13 -90884
-10 20 -8 12 -78692
-8 -24 -7 2 -85782
13 5 11 3 -81448
5 -10 5 -12 -82308
-7 11 -13 16 -84490
-6 -10 -7 -4 -77508
-1 9 1 8 -79000
-2 -16 0 -12 -80848
20 -13 9 -15 -90038
-7 -13 -6 -12 -81724
-18 19 -11 24 -66580
12 4 9 4 -80046
15 -2 19 -3 -82140
-12 -1 -15 -4 -90592
7 -21 1 -21 -68604
-1 5 0 2 -77754
-24 7 -23 16 -46662
10 24 -6 20 -92094
-7 8 -10 9 -84804
15 17 15 14 -72338
22 15 20 9 -70264
-24 -2 -23 -2 -26432
7 -1 7 5 -91804
3 -1 2 -1 -79098
1 2 2 5 -87194
7 -6 13 -6 -86392
4 23 -10 23 -86116
-6 -10 -5 -7 -80028
-14 5 -16 -1 -81232
0 -2 -4 -2 -82038
24 11 24 9 -47546
0 18 -4 22 -85140
-15 -10 -18 -13 -79186
1 2 0 0 -79936
-18 -17 -16 -18 -71998
-24 20 -9 22 -88430
16 24 12 21 -47776
-21 -9 -24 8 -82092
-22 -21 -6 -24 -76314
17 9 16 9 -72528
22 18 3 20 -97602
-21 0 6 -8 -105864
7 -14 10 -13 -83450
2 19 -4 14 -83572
-5 -5 -4 -5 -89376
4 -20 -22 -24 -76740
-13 -17 -10 -17 -85122
-21 20 -15 16 -70914
-14 -16 -14 -18 -65102
-20 -6 -20 -2 -69300
20 -23 18 0 -83876
