3 -22 -1 -19 -77062
10 16 7 10 -80858
-9 8 -9 7 -75468
4 -23 2 -17 -65398
11 -1 13 -2 -76666
0 -7 -22 1 -98932
-12 15 -7 19 -83902
20 -14 13 -23 -66414
1 3 -1 2 -80420
-7 14 -8 12 -79510
21 6 17 2 -73894
6 3 6 5 -78820
12 15 14 21 -84570
-15 20 -11 15 -72624
1 22 -2 15 -86644
10 -2 10 -1 -74200
-12 -4 -8 -6 -84402
13 -4 9 -3 -80042
-19 12 -15 11 -75652
17 24 15 15 -59666
2 23 5 15 -82534
9 0 10 0 -69948
16 -1 14 -2 -74478
-11 -15 -10 -11 -81384
-20 15 -21 3 -76470
10 19 5 17 -82952
2 6 5 7 -83056
-2 -4 -2 -5 -66854
-10 11 -7 10 -84982
11 15 9 24 -72132
1 -12 2 -12 -72480
-2 19 -10 19 -77672
7 18 8 11 -80942
19 1 22 -1 -68376
-15 13 -19 17 -78612
-7 13 -13 12 -87388
-23 -6 -21 -6 -49968
13 21 -22 13 -86286
-9 7 -9 2 -86346
-6 19 -11 23 -57734
19 -6 22 21 -87072
17 11 21 9 -71034
14 -13 22 -10 -78528
11 -7 11 -11 -77464
-1 17 5 15 -82498
7 14 4 14 -84008
-1 -12 0 -7 -79782
23 15 -21 15 -84976
-24 21 20 17 -79312
-24 -3 21 -5 -85346
23 0 -19 -24 -82754
11 11 16 12 -83184
13 -4 14 -4 -70796
-15 9 -16 7 -77534
5 -11 5 -8 -79428
8 -22 -7 -23 -83282
-6 -14 -2 -12 -80734
-21 8 -23 24 -67658
-17 12 -14 8 -78626
20 -18 8 -21 -82334
8 -9 15 -11 -80480
4 15 1 10 -78822
-5 -7 -4 -7 -77978
19 -10 17 -12 -72108
14 10 10 16 -81442
7 -13 7 -12 -76522
24 24 1 6 -79454
7 -23 16 -16 -78438
-10 18 -9 10 -80644
7 1 -18 4 -99310
-15 -1 -14 -6 -80802
13 11 13 10 -63128
5 23 16 19 -77098
-20 -11 -20 -23 -65028
9 1 8 4 -74120
-16 0 -21 0 -88654
16 5 16 8 -76896
5 -18 3 -17 -77848
21 -4 17 -3 -71992
-21 -23 -20 0 -82782
17 -20 7 -18 -75578
-16 9 -13 11 -87230
-17 -3 24 -22 -85444
23 5 21 20 -80558
0 -20 1 -13 -75992
-24 3 -21 -4 -73722
-6 11 -5 10 -76652
-10 8 -7 7 -81754
4 -2 6 -1 -72900
8 6 8 5 -79200
24 4 14 1 -81648
-9 -6 -10 -2 -79846
-20 -11 -21 -1 -73198
5 14 7 21 -80986
-22 -23 8 -24 -75270
-22 5 -22 6 -54320
1 7 7 4 -92584
13 -5 11 -8 -73232
24 -16 11 -8 -86316
-17 21 -17 23 -20652
-13 15 -12 13 -68128
-4 0 -3 2 -79010
22 -6 22 -15 -62840
-8 2 -8 6 -85958
-16 -18 -17 -17 -78060
-14 -7 -18 -7 -74548
17 -5 17 -2 -84748
14 -18 9 -11 -76600
-7 -21 -3 -17 -79212
-17 0 -13 -1 -83292
-14 -23 -19 -13 -86678
1 15 1 21 -84446
16 -5 23 -5 -71908
-6 -19 -7 -16 -75468
2 -13 -3 -11 -83442
-17 -24 -24 -23 -36600
8 9 8 3 -89550
-12 -11 -11 -4 -74654
10 10 12 9 -80986
13 10 15 14 -76764
-1 -3 1 -10 -93450
-13 -10 -12 -18 -84234
18 18 20 9 -81970
3 14 5 11 -82582
-5 3 -5 1 -80054
-20 -19 -22 -15 -50830
7 7 9 7 -78684
0 -16 -2 -13 -83606
-16 3 -20 -1 -86938
5 -15 6 -12 -77662
14 -9 15 -10 -68030
-12 8 -15 7 -82404
23 -17 -18 -12 -85310
-12 11 -10 6 -89094
-5 -5 -9 -6 -81410
-17 -3 -18 -11 -77944
12 -2 15 -1 -79502
0 -10 0 -5 -88358
4 -18 24 -13 -81324
0 15 -1 10 -76688
24 19 20 14 -42868
2 12 2 18 -78252
-9 -13 -12 -18 -89150
-3 -8 -2 -8 -75860
19 19 23 16 -43192
-18 13 -14 21 -87260
-24 -11 -7 -22 -86902
15 -9 10 -12 -78304
0 -5 2 -5 -84332
16 -9 11 -18 -81170
-23 -13 -16 -7 -82604
15 -22 19 -19 -53646
-12 7 -15 9 -89088
-12 -18 -15 -19 -87172
0 -9 -2 -7 -84796
0 5 2 5 -82722
-24 -19 -16 12 -86908
9 -17 12 -17 -66356
24 -4 18 6 -82912
-8 -10 -13 -7 -78972
1 -5 3 -7 -86334
8 -8 9 -9 -78248
20 1 21 -2 -76414
-17 9 -14 -3 -105572
10 6 14 7 -85776
18 -8 24 -22 -72920
-4 7 -5 6 -78814
8 -3 9 0 -78540
-3 16 -10 22 -82626
1 4 -4 3 -84712
-17 -8 -17 -5 -67358
4 13 7 13 -85028
-14 16 -10 16 -71524
20 1 19 4 -70252
4 8 6 11 -78426
-24 -13 -22 8 -79580
4 24 3 23 -45930
4 0 3 1 -74614
16 -4 15 0 -81440
-17 3 -16 -3 -87788
21 18 24 20 -22644
4 -13 7 -12 -81182
23 12 23 2 -65498
13 -3 13 -7 -70384
-22 -15 -15 -14 -71334
-10 -16 -4 -24 -80110
11 -12 8 -13 -72912
-16 22 -22 10 -88688
-1 17 -24 16 -82236
18 6 24 11 -57530
-7 15 -6 21 -75694
-10 -1 -11 -2 -78250
1 -8 4 -5 -79204
-7 1 -10 2 -83550
-12 -16 -14 -22 -69664
-17 16 -23 2 -85214
-16 0 -14 1 -81704
24 -13 21 12 -81356
1 -4 0 -4 -82972
11 21 14 20 -66466
-14 7 -23 5 -84070
-5 13 -5 14 -67640
-8 19 -20 24 -77124
6 -7 8 -8 -79576
-10 -3 -15 -5 -83712
20 -20 11 -17 -76506
11 -1 11 3 -67638
20 -19 15 -10 -87974
-4 13 -8 12 -85558
21 5 16 9 -83770
7 -13 3 -14 -83196
20 8 23 20 -79378
24 -15 -2 -6 -88714
-1 9 -1 12 -72940
-19 -24 -9 -19 -76474
5 -13 18 -24 -76532
10 19 7 18 -75322
7 -1 7 -2 -75330
-12 23 22 21 -77526
11 9 10 8 -82334
-1 -21 17 -22 -76098
0 -21 11 -23 -69852
-1 -2 0 -24 -81560
17 18 10 23 -69352
-17 4 -17 11 -82272
22 -20 12 -24 -61096
-21 12 -17 18 -77316
-21 4 -21 0 -73330
19 2 19 -2 -77452
-9 -10 -7 -14 -81460
-15 -3 -18 0 -85312
8 8 4 8 -85286
-20 3 -20 -3 -84846
16 -21 19 -23 -37618
3 -16 0 -19 -76830
-24 -17 -15 -7 -88540
-5 -17 -6 -12 -80200
3 -16 3 -13 -73832
6 -24 13 -17 -71694
21 -6 21 12 -87550
6 15 12 13 -83990
-4 0 -4 -1 -69868
3 -19 4 -24 -41348
-1 7 0 9 -75876
9 -14 -16 -23 -85076
7 0 8 -3 -78952
-15 -19 -12 -18 -87510
9 -6 5 -6 -74568
-6 -14 -7 -9 -83938
-6 -8 -9 -23 -94490
10 10 8 6 -87282
17 8 12 5 -81614
-1 -14 -2 -12 -81956
18 -15 -4 11 -104478
8 -19 6 -20 -61600
-1 -3 -3 0 -74338
14 9 17 7 -83850
3 4 0 6 -85310
17 -5 17 -10 -78528
-23 -9 -19 -10 -57788
-1 -12 0 -11 -71342
16 7 19 1 -82218
21 -5 22 -3 -62470
-10 7 -11 5 -80684
-17 12 -16 18 -78950
11 16 11 23 -66746
-12 -12 -8 -9 -78142
9 7 9 9 -77302
-5 -5 -2 -7 -80470
3 -16 1 -18 -74464
-4 0 -5 2 -80804
-9 0 -5 4 -88260
-3 20 0 16 -88904
-19 24 -18 11 -73412
2 11 -1 12 -84478
-4 22 -6 20 -60834
0 -19 -5 -23 -70222
-7 -5 -6 -3 -81108
21 -6 17 -11 -80664
18 -2 21 4 -77854
-7 -15 -10 -16 -78086
10 6 -4 5 -101958
-9 8 -8 10 -80254
20 -18 19 -15 -56654
-10 -14 -4 -14 -81792
23 16 21 4 -85976
12 15 13 16 -80060
-18 -24 -24 -17 -46792
21 11 21 14 -67810
-21 2 -19 -5 -88844
-16 9 -10 24 -90676
-24 15 -24 -8 -73698
8 -6 9 -3 -71912
-20 -12 -24 -8 -49006
-22 -21 -21 2 -83520
6 -9 5 -7 -81324
-2 -9 -1 -16 -85520
20 15 16 17 -61668
-3 -24 6 -24 -68496
-4 8 -3 14 -82192
-13 -3 -14 -1 -78512
-16 4 -21 4 -85470
6 10 9 8 -84286
-18 -23 -12 -23 -64964
21 -22 20 -12 -54488
0 16 6 20 -85152
12 -13 19 -20 -85212
7 -12 7 -10 -82510
-21 21 -13 19 -77694
2 20 4 17 -78746
-8 21 -10 14 -78716
17 6 17 9 -76136
-20 -5 -15 -18 -79974
16 -15 21 -24 -55800
16 -3 16 -2 -82602
-24 -24 -3 12 -86360
-17 0 -24 2 -80808
-18 8 -21 22 -84488
12 1 9 4 -77976
-7 -21 -1 -23 -72972
-7 -17 -6 -24 -60582
-14 19 3 24 -81532
2 -7 0 -9 -77756
-11 -11 -13 -14 -82772
-17 -9 -12 -8 -75012
6 -13 7 -14 -75844
-5 -11 -6 -8 -78422
-10 -16 -13 -17 -82200
16 5 20 5 -78466
16 9 13 10 -81790
0 5 -3 6 -82732
-15 20 -6 20 -72854
-1 11 1 11 -78150
18 4 21 11 -79924
7 -4 7 -8 -75678
13 -14 19 -12 -76136
12 12 9 11 -81014
15 3 24 3 -75552
-19 6 -23 -5 -86800
-4 9 -4 7 -75722
-10 18 -5 21 -73704
-6 -18 -16 -21 -86756
18 5 18 15 -88342
10 7 8 12 -81190
-11 13 -8 7 -88342
-23 -21 -18 -13 -68528
23 -22 17 -6 -85390
-5 -21 -4 -22 -62248
-6 9 -2 9 -77564
-10 6 -15 9 -92178
-13 5 -14 3 -80422
2 16 3 11 -81312
10 22 2 24 -59586
-8 -11 -3 -12 -84012
23 -9 21 3 -80524
-4 13 -6 15 -76896
14 -7 12 -15 -79812
-7 2 -3 3 -81360
-4 -18 0 -16 -77796
-19 -1 -24 7 -81050
16 -3 22 0 -81074
-13 -22 -15 -13 -85540
-14 14 -19 11 -86472
1 -17 4 -21 -81000
24 20 1 15 -82462
1 23 5 24 -63534
18 5 18 0 -73488
-7 -15 -9 -17 -82314
-22 0 -17 -2 -87918
-19 2 -20 10 -83850
-8 -22 -12 -17 -69478
2 19 -3 24 -69852
13 15 17 19 -83300
-9 -1 -8 -2 -80816
12 21 13 12 -83630
2 -15 3 -17 -78844
3 -22 0 -23 -62312
-2 18 2 16 -81016
-12 -21 -23 -24 -61840
-7 21 -6 23 -43860
20 -9 15 -15 -80968
-12 -8 -11 -1 -84532
0 19 -5 21 -81320
9 21 11 22 -57770
23 -12 20 1 -83454
-21 -1 -19 23 -83872
18 -14 24 0 -88108
2 6 0 10 -86492
14 -23 13 12 -84390
23 10 18 -22 -81140
-5 -13 -6 -24 -79796
-3 20 -4 16 -75130
6 -14 2 -12 -85070
-16 -5 -22 -7 -78496
-19 -14 -16 -7 -79606
-23 24 -13 23 -57062
-14 18 -17 16 -75418
-20 8 -18 21 -89332
5 -2 5 -7 -81278
18 -5 17 -11 -84082
11 -12 10 -7 -83598
-15 -11 -17 -7 -63354
-1 2 -1 -2 -75954
7 23 23 23 -62326
-3 3 -2 7 -77844
4 3 4 6 -77590
-9 -10 -12 -4 -81646
-2 -20 -7 -24 -61542
23 24 14 12 -74896
-8 9 -5 10 -85332
-15 -18 -14 -11 -80156
22 0 20 -11 -89800
-18 -1 -20 -4 -71654
-11 0 -13 4 -82676
11 -19 7 -23 -59982
-12 7 -9 10 -86594
-18 5 -17 2 -85854
10 15 18 15 -82816
23 16 -8 22 -85632
-6 -3 -4 -1 -81164
2 0 3 -3 -75900
-17 8 -16 5 -85082
7 8 8 18 -85926
0 16 1 22 -81260
1 10 1 5 -82540
2 0 -2 -2 -86858
-20 -9 -24 22 -81410
4 20 14 24 -73912
-8 0 -9 4 -84654
12 -21 10 -13 -63648
0 -20 -3 -19 -76486
-12 0 -11 4 -83388
-9 -4 -9 0 -76126
11 -23 11 -10 -69364
-14 8 -13 12 -76272
-11 0 -9 0 -76598
15 16 15 12 -76680
-24 8 -16 2 -85210
24 -4 12 -22 -83386
17 18 19 16 -60490
-5 24 6 24 -73110
13 -9 17 -15 -80232
17 22 23 -17 -88136
-11 -7 -8 -4 -82348
15 4 14 7 -78718
18 -2 17 -5 -84318
-2 -22 -4 -21 -70234
-21 22 -20 19 -32728
-24 -8 -23 -23 -50680
-1 -15 2 -17 -83388
-21 -17 -20 -17 -48638
-1 -4 0 -1 -72540
-13 14 -19 17 -86286
8 24 -24 24 -67284
-6 17 -24 24 -78432
5 19 6 22 -60908
5 -3 4 -4 -72680
-17 -14 -23 -20 -68958
23 -10 18 -9 -49474
-7 -18 -5 -20 -72606
19 24 11 13 -88958
-10 20 -8 12 -80846
-8 -24 -7 2 -87788
13 5 11 3 -77970
5 -10 5 -12 -81808
21 -3 21 -13 -80522
-6 -10 -7 -4 -75748
-1 9 1 8 -85180
-2 -16 0 -12 -77818
-8 15 -11 11 -84566
-7 -13 -6 -12 -74622
-18 19 -11 24 -60204
12 4 9 4 -80282
-23 -2 -13 4 -99654
-12 -1 -15 -4 -85054
7 -21 1 -21 -71378
-1 5 0 2 -72130
-24 7 -23 16 -48238
10 24 -4 20 -85308
-12 -17 -16 -16 -78920
15 17 15 14 -76040
22 15 20 9 -78320
-24 -2 -23 -2 -29810
-12 -21 -12 -17 -64014
3 -1 2 -1 -78288
6 0 8 3 -76392
24 8 -24 -6 -82106
4 23 -10 23 -79862
-6 -10 -5 -7 -74882
-14 5 -16 -1 -90016
0 -2 -4 -2 -78096
24 11 24 9 -51222
0 18 -4 22 -84360
-15 -10 -18 -13 -79036
1 2 0 0 -73830
-18 -17 -16 -18 -74408
-24 20 -9 22 -76308
16 24 12 21 -44200
-21 -9 -24 8 -86418
-22 -21 -6 -24 -77218
17 9 16 9 -74260
-4 20 2 21 -76156
7 2 6 4 -75606
7 -14 10 -13 -75532
2 19 -4 14 -84624
-24 -1 -3 -2 -89844
4 -20 -22 -24 -78474
-13 -17 -10 -17 -78954
-21 20 -15 16 -73468
-14 -16 -14 -18 -71290
-20 -6 -20 -2 -65518
20 -23 18 0 -83226
