3 -22 -1 -19 -79128
10 16 7 10 -81424
-9 8 -9 7 -72826
4 -23 2 -17 -66994
11 -1 13 -2 -78646
-11 -2 -12 23 -89930
-12 15 -7 19 -83064
20 -14 13 -23 -66882
1 3 -1 2 -80066
-7 14 -8 12 -80372
21 6 17 2 -73254
6 3 6 5 -73930
12 15 14 21 -81470
-15 20 -11 15 -71354
1 22 -2 15 -85728
10 -2 10 -1 -74214
-12 -4 -8 -6 -85630
13 -4 9 -3 -83160
-19 12 -15 11 -68946
17 24 15 15 -58250
2 23 5 15 -82174
9 0 10 0 -74008
16 -1 14 -2 -75780
-11 -15 -10 -11 -79704
-20 15 -21 3 -75380
10 19 5 17 -83870
2 6 5 7 -80226
-2 -4 -2 -5 -66492
-10 11 -7 10 -80648
11 15 9 24 -69294
1 -12 2 -12 -73466
-2 19 -10 19 -77428
7 18 8 11 -78450
19 1 22 -1 -68576
-15 13 -19 17 -76868
-7 13 -13 12 -83602
-23 -6 -21 -6 -49070
13 21 -22 13 -88672
-9 7 -9 2 -85290
-6 19 -11 23 -58104
19 -6 22 21 -88700
17 11 21 9 -71726
14 -13 22 -10 -78988
11 -7 11 -11 -77208
-1 17 5 15 -82092
7 14 4 14 -83454
-1 -12 0 -7 -78380
23 15 -21 15 -83992
-24 21 20 17 -79722
-24 -3 21 -5 -85986
23 0 -19 -24 -85396
11 11 16 12 -82390
13 -4 14 -4 -73406
-15 9 -16 7 -71514
5 -11 5 -8 -79362
8 -22 -7 -23 -83456
-6 -14 -2 -12 -81048
-21 8 -23 24 -66398
-17 12 -14 8 -75324
20 -18 8 -21 -82800
8 -9 15 -11 -81056
4 15 1 10 -78398
-5 -7 -4 -7 -78798
19 -10 17 -12 -72410
14 10 10 16 -79492
7 -13 7 -12 -76196
24 24 1 6 -81116
7 -23 16 -16 -79188
-10 18 -9 10 -80820
18 -5 -3 19 -104426
-15 -1 -14 -6 -79552
13 11 13 10 -62426
5 23 16 19 -77710
-20 -11 -20 -23 -65084
9 1 8 4 -73932
-16 0 -21 0 -84026
16 5 16 8 -76646
5 -18 3 -17 -78908
21 -4 17 -3 -72498
-21 -23 -20 0 -82642
17 -20 7 -18 -76444
21 -3 1 -10 -98962
-17 -3 24 -22 -84116
23 5 21 20 -81970
0 -20 1 -13 -76724
-24 3 -21 -4 -72254
-6 11 -5 10 -74986
-10 8 -7 7 -77914
4 -2 6 -1 -72438
8 6 8 5 -69232
24 4 14 1 -81374
-9 -6 -10 -2 -80540
-20 -11 -21 -1 -72040
5 14 7 21 -79480
-22 -23 8 -24 -76460
-22 5 -22 6 -51820
1 4 20 0 -100736
13 -5 11 -8 -74278
24 -16 11 -8 -85646
-17 21 -17 23 -20870
-13 15 -12 13 -67578
-4 0 -3 2 -81498
22 -6 22 -15 -63764
-8 2 -8 6 -85362
-16 -18 -17 -17 -77030
-14 -7 -18 -7 -73552
17 -5 17 -2 -84484
14 -18 9 -11 -77600
-7 -21 -3 -17 -77466
-17 0 -13 -1 -77940
-14 -23 -19 -13 -84924
1 15 1 21 -84218
16 -5 23 -5 -72382
-6 -19 -7 -16 -76196
2 -13 -3 -11 -84972
-17 -24 -24 -23 -35780
-3 -6 3 5 -101244
-12 -11 -11 -4 -78136
10 10 12 9 -80302
13 10 15 14 -76450
8 5 0 8 -93476
-13 -10 -12 -18 -84292
18 18 20 9 -82474
3 14 5 11 -82076
-5 3 -5 1 -79502
-20 -19 -22 -15 -50742
7 7 9 7 -83374
0 -16 -2 -13 -87226
-16 3 -20 -1 -77868
5 -15 6 -12 -78580
14 -9 15 -10 -67342
-12 8 -15 7 -69072
23 -17 -18 -12 -85332
-12 11 -10 6 -82572
-5 -5 -9 -6 -86440
-17 -3 -18 -11 -79916
12 -2 15 -1 -82528
0 -10 0 -5 -81966
4 -18 24 -13 -83024
0 15 -1 10 -76542
24 19 20 14 -41692
2 12 2 18 -78034
-9 -13 -12 -18 -87816
-3 -8 -2 -8 -75858
19 19 23 16 -44444
-18 13 -14 21 -84252
-24 -11 -7 -22 -84782
15 -9 10 -12 -80862
0 -5 2 -5 -85786
16 -9 11 -18 -83098
-23 -13 -16 -7 -84840
15 -22 19 -19 -53902
-12 7 -15 9 -74438
-12 -18 -15 -19 -87702
0 -9 -2 -7 -81240
0 5 2 5 -79938
-24 -19 -16 12 -85820
9 -17 12 -17 -66372
24 -4 18 6 -83618
-8 -10 -13 -7 -85324
1 -5 3 -7 -84750
8 -8 9 -9 -78826
20 1 21 -2 -77330
4 -3 2 0 -90860
10 6 14 7 -88248
18 -8 24 -22 -72876
-4 7 -5 6 -78572
8 -3 9 0 -79032
-3 16 -10 22 -83284
7 4 11 7 -89710
-17 -8 -17 -5 -68634
4 13 7 13 -84674
-14 16 -10 16 -68816
20 1 19 4 -71440
4 8 6 11 -79312
-24 -13 -22 8 -78168
4 24 3 23 -46556
4 0 3 1 -80110
16 -4 15 0 -80968
-17 3 -16 -3 -82572
21 18 24 20 -22384
4 -13 7 -12 -82874
23 12 23 2 -66696
13 -3 13 -7 -69806
-22 -15 -15 -14 -72706
-10 -16 -4 -24 -81480
11 -12 8 -13 -74014
-16 22 -22 10 -85568
-1 17 -24 16 -80448
18 6 24 11 -57564
-7 15 -6 21 -75438
-10 -1 -11 -2 -76910
1 -8 4 -5 -79708
-7 1 -10 2 -81414
-12 -16 -14 -22 -69616
-17 16 -23 2 -82086
-16 0 -14 1 -75970
24 -13 21 12 -81008
1 -4 0 -4 -83270
11 21 14 20 -65692
-14 7 -23 5 -78626
-5 13 -5 14 -68012
-8 19 -20 24 -74892
6 -7 8 -8 -80342
-10 -3 -15 -5 -82300
20 -20 11 -17 -76246
11 -1 11 3 -68060
20 -19 15 -10 -87632
-4 13 -8 12 -85378
21 5 16 9 -85578
7 -13 3 -14 -84314
20 8 23 20 -78488
24 -15 -2 -6 -90016
-1 9 -1 12 -73194
-19 -24 -9 -19 -76416
5 -13 18 -24 -77288
10 19 7 18 -76738
7 -1 7 -2 -77888
-12 23 22 21 -78562
11 9 10 8 -83664
-1 -21 17 -22 -76944
0 -21 11 -23 -71094
-1 -2 0 -24 -81526
17 18 10 23 -68594
-17 4 -17 11 -80070
22 -20 12 -24 -61326
-21 12 -17 18 -71656
-21 4 -21 0 -69472
19 2 19 -2 -78272
-9 -10 -7 -14 -81530
-15 -3 -18 0 -81738
8 8 4 8 -85282
-20 3 -20 -3 -81328
16 -21 19 -23 -37232
3 -16 0 -19 -76254
-24 -17 -15 -7 -91434
-5 -17 -6 -12 -79118
3 -16 3 -13 -75080
6 -24 13 -17 -72754
21 -6 21 12 -88444
6 15 12 13 -84594
-4 0 -4 -1 -70794
3 -19 4 -24 -42170
-1 7 0 9 -75424
9 -14 -16 -23 -83942
7 0 8 -3 -82406
-15 -19 -12 -18 -88004
9 -6 5 -6 -76404
-6 -14 -7 -9 -82510
-6 -8 -9 -9 -81838
10 10 8 6 -87802
17 8 12 5 -81164
-1 -14 -2 -12 -83860
-12 -2 -21 -17 -102202
8 -19 6 -20 -62794
-1 -3 -3 0 -73218
14 9 17 7 -85102
3 4 0 6 -81666
17 -5 17 -10 -78558
-23 -9 -19 -10 -56872
-1 -12 0 -11 -72388
16 7 19 1 -84400
21 -5 22 -3 -63132
-10 7 -11 5 -78228
-17 12 -16 18 -76098
11 16 11 23 -63668
-12 -12 -8 -9 -78906
9 7 9 9 -71260
-5 -5 -2 -7 -80324
3 -16 1 -18 -74298
-4 0 -5 2 -79014
-9 0 -5 4 -88814
-3 20 0 16 -89238
-19 24 -18 11 -72818
2 11 -1 12 -83558
-4 22 -6 20 -60278
0 -19 -5 -23 -69156
-7 -5 -6 -3 -81352
21 -6 17 -11 -82482
18 -2 21 4 -78724
-7 -15 -10 -16 -78466
1 6 -4 5 -83222
-9 8 -8 10 -78392
20 -18 19 -15 -56176
-10 -14 -4 -14 -83500
23 16 21 4 -86924
12 15 13 16 -78632
-18 -24 -24 -17 -46108
21 11 21 14 -67838
-21 2 -19 -5 -86994
-16 9 -10 24 -89012
-24 15 -24 -8 -73168
8 -6 9 -3 -71016
-20 -12 -24 -8 -47872
-22 -21 -21 2 -83350
6 -9 5 -7 -80732
-2 -9 -1 -16 -85988
20 15 16 17 -62022
-3 -24 6 -24 -68406
-4 8 -3 14 -82358
-13 -3 -14 -1 -75604
-16 4 -21 4 -80902
6 10 9 8 -83840
-18 -23 -12 -23 -65194
21 -22 20 -12 -54760
0 16 6 20 -84710
12 -13 19 -20 -85324
7 -12 7 -10 -82578
-21 21 -13 19 -74866
2 20 4 17 -78352
-8 21 -10 14 -78794
17 6 17 9 -75840
-20 -5 -15 -18 -79318
16 -15 21 -24 -55636
16 -3 16 -2 -82986
-24 -24 -3 12 -86334
-17 0 -24 2 -79158
-18 8 -21 22 -83522
12 1 9 4 -80932
-7 -21 -1 -23 -73636
-7 -17 -6 -24 -60650
-14 19 3 24 -81260
2 -7 0 -9 -79002
-11 -11 -13 -14 -81844
-17 -9 -12 -8 -74682
6 -13 7 -14 -76304
-5 -11 -6 -8 -78414
-10 -16 -13 -17 -83096
16 5 20 5 -78584
16 9 13 10 -81394
0 5 -3 6 -82710
-15 20 -6 20 -72566
-1 11 1 11 -77526
18 4 21 11 -79686
7 -4 7 -8 -74034
13 -14 19 -12 -76178
12 12 9 11 -81980
15 3 24 3 -75162
-19 6 -23 -5 -81496
-4 9 -4 7 -74650
-10 18 -5 21 -73220
-6 -18 -16 -21 -86962
18 5 18 15 -89354
10 7 8 12 -78330
-11 13 -8 7 -83044
-23 -21 -18 -13 -68960
23 -22 17 -6 -85728
-5 -21 -4 -22 -63138
-6 9 -2 9 -77664
-10 -10 -11 -8 -74250
-13 5 -14 3 -77264
2 16 3 11 -81920
10 22 2 24 -60716
-8 -11 -3 -12 -85288
23 -9 21 3 -80246
-4 13 -6 15 -76272
14 -7 12 -15 -81974
-7 2 -3 3 -81292
-4 -18 0 -16 -76698
-19 -1 -24 7 -79304
16 -3 22 0 -81710
-13 -22 -15 -13 -84372
-5 -10 3 -23 -103854
1 -17 4 -21 -83058
24 20 1 15 -82688
1 23 5 24 -63374
18 5 18 0 -74470
-7 -15 -9 -17 -81172
-22 0 -17 -2 -84826
-19 2 -20 10 -80524
-8 -22 -12 -17 -69692
2 19 -3 24 -70142
13 15 17 19 -82006
-9 -1 -8 -2 -80060
16 21 13 -21 -94260
2 -15 3 -17 -81308
3 -22 0 -23 -61574
-2 18 2 16 -81104
-12 -21 -23 -24 -61640
-7 21 -6 23 -42558
20 -9 15 -15 -82236
-12 -8 -11 -1 -85408
0 19 -5 21 -81056
9 21 11 22 -58252
23 -12 20 1 -83438
-21 -1 -19 23 -84310
18 -14 24 0 -88462
2 6 0 10 -86310
14 -23 13 12 -87870
23 10 18 -22 -82240
-5 -13 -6 -24 -77616
-3 20 -4 16 -74546
6 -14 2 -12 -86386
-16 -5 -22 -7 -78178
-19 -14 -16 -7 -83890
-23 24 -13 23 -55572
-14 18 -17 16 -70320
-20 8 -18 21 -87720
5 -2 5 -7 -80680
18 -5 17 -11 -84822
11 -12 10 -7 -83374
-15 -11 -17 -7 -64220
-1 2 -1 -2 -79414
7 23 23 23 -62124
-3 3 -2 7 -76904
4 3 4 6 -73616
-9 -10 -12 -4 -88176
-2 -20 -7 -24 -60232
23 24 14 12 -73452
-8 9 -5 10 -84798
-15 -18 -14 -11 -81160
22 0 20 -11 -89658
-18 -1 -20 -4 -70244
-11 0 -13 4 -78252
11 -19 7 -23 -61370
-12 7 -9 10 -81454
-18 5 -17 2 -78734
10 15 18 15 -82892
23 16 -8 22 -86484
-6 -3 -4 -1 -82608
2 0 3 -3 -86446
-17 8 -16 5 -79808
7 8 8 18 -85298
0 16 1 22 -80446
1 10 1 5 -81660
2 0 -2 -2 -88310
-20 -9 -24 22 -81940
4 20 14 24 -75170
-8 0 -9 4 -83250
12 -21 10 -13 -64864
0 -20 -3 -19 -79140
-12 0 -11 4 -80672
-9 -4 -9 0 -75172
11 -23 11 -10 -70732
-14 8 -13 12 -69246
-11 0 -9 0 -74412
15 16 15 12 -73632
-24 8 -16 2 -83292
24 -4 12 -22 -86636
17 18 19 16 -60122
-5 24 6 24 -73480
13 -9 17 -15 -79598
17 22 23 -17 -90584
-11 -7 -8 -4 -84972
15 4 14 7 -79016
18 -2 17 -5 -84832
-2 -22 -4 -21 -71656
-21 22 -20 19 -31484
-24 -8 -23 -23 -50480
-1 -15 2 -17 -87146
-21 -17 -20 -17 -48144
-1 -4 0 -1 -77116
-13 14 -19 17 -81732
8 24 -24 24 -68438
-6 17 -24 24 -76650
5 19 6 22 -60326
5 -3 4 -4 -72414
-17 -14 -23 -20 -69584
23 -10 18 -9 -49172
-7 -18 -5 -20 -74080
19 24 11 13 -87746
-10 20 -8 12 -81712
-8 -24 -7 2 -84362
13 5 11 3 -79736
5 -10 5 -12 -82720
21 -3 21 -13 -80936
-6 -10 -7 -4 -78596
-1 9 1 8 -85644
-2 -16 0 -12 -78012
-8 15 -11 11 -84414
-7 -13 -6 -12 -75808
-18 19 -11 24 -59424
12 4 9 4 -85196
12 24 -24 6 -87492
-12 -1 -15 -4 -82832
7 -21 1 -21 -72220
-1 5 0 2 -70282
-24 7 -23 16 -48400
10 24 -4 20 -86470
-12 -17 -16 -16 -79500
15 17 15 14 -71604
22 15 20 9 -78374
-24 -2 -23 -2 -29590
-12 -21 -12 -17 -62788
3 -1 2 -1 -79072
6 0 8 3 -76334
24 8 -24 -6 -82170
4 23 -10 23 -80210
-6 -10 -5 -7 -77050
-14 5 -16 -1 -84976
0 -2 -4 -2 -76528
24 11 24 9 -51648
0 18 -4 22 -84050
-15 -10 -18 -13 -81994
1 2 0 0 -75922
-18 -17 -16 -18 -73872
-24 20 -9 22 -74704
16 24 12 21 -44346
-21 -9 -24 8 -85094
-22 -21 -6 -24 -77552
17 9 16 9 -74458
-4 20 2 21 -75892
7 2 6 4 -74480
7 -14 10 -13 -75850
2 19 -4 14 -84096
-24 -1 -3 -2 -82538
4 -20 -22 -24 -79120
-13 -17 -10 -17 -79342
-21 20 -15 16 -70830
-14 -16 -14 -18 -70862
-20 -6 -20 -2 -65172
20 -23 18 0 -84264
