-3 -23 0 -18 -72665
15 -13 13 -19 -66367
-9 8 -9 7 -69515
4 -23 2 -17 -70043
11 -1 13 -2 -73269
22 24 15 16 -75923
15 20 19 20 -64639
0 22 10 4 -104457
1 3 -1 2 -73295
-7 14 -8 12 -76805
21 6 17 2 -82671
6 3 6 5 -75727
19 12 23 11 -78371
-15 20 -11 15 -82171
-11 22 -12 15 -68869
10 -2 10 -1 -74517
21 -3 20 2 -81135
21 -15 24 -7 -61795
-19 12 -15 11 -72635
17 24 15 15 -73077
-6 -4 -7 -12 -83469
9 0 10 0 -65903
16 -1 14 -2 -71197
-11 -15 -10 -11 -72305
23 10 18 11 -82191
-24 24 21 21 -68869
-11 10 -10 12 -73485
-2 -4 -2 -5 -62047
-10 11 -7 10 -73743
11 15 9 24 -71871
1 -12 2 -12 -77453
-2 19 -10 19 -81697
7 18 8 11 -74169
19 1 22 -1 -72803
-15 13 -19 17 -77845
24 -18 -5 -23 -72779
-23 -6 -21 -6 -55251
-22 -13 -18 -22 -75841
21 7 21 10 -79991
-6 19 -11 23 -60839
15 -8 17 -9 -67635
20 4 24 9 -72103
-19 -6 -20 -5 -71823
11 -7 11 -11 -70163
-1 17 5 15 -79557
7 14 4 14 -67311
8 -20 7 -16 -67677
23 15 -21 15 -76973
-3 -22 -3 -20 -58083
18 24 14 21 -61219
21 12 22 6 -80599
11 11 16 12 -76463
13 -4 14 -4 -66125
-15 9 -16 7 -69653
5 -11 5 -8 -68477
18 -21 22 -24 -31685
5 15 5 12 -69265
-21 8 -23 24 -61171
-17 12 -14 8 -77831
-17 -18 -11 -21 -77807
-17 14 -13 13 -80771
4 15 1 10 -82999
-5 -7 -4 -7 -78781
19 -10 17 -12 -61309
0 22 -2 18 -74101
7 -13 7 -12 -62257
24 24 1 6 -75907
23 2 23 3 -60669
12 -14 8 -13 -72441
-9 -9 -13 -6 -71887
-15 -9 -14 -8 -69299
13 11 13 10 -75055
16 23 16 19 -54379
-20 -11 -20 -23 -62617
9 1 8 4 -69121
1 -11 0 -10 -75063
16 5 16 8 -81213
5 -18 3 -17 -63637
21 -4 17 -3 -73089
-21 -1 -20 0 -70011
14 -4 -11 -1 -99125
15 -21 16 -17 -56109
-17 -3 24 -22 -77697
-3 -20 -2 -14 -75031
9 24 1 23 -72799
-24 3 -21 -4 -65123
-6 11 -5 10 -76947
-10 8 -7 7 -76259
4 -2 6 -1 -73881
8 6 8 5 -78003
23 14 15 13 -83367
-9 -6 -10 -2 -68967
-20 -11 -21 -1 -70725
5 3 7 3 -75357
-22 -23 8 -24 -72421
-22 5 -22 6 -63947
0 17 0 18 -64983
13 -5 11 -8 -74043
-2 -11 -1 -7 -66107
-17 21 -17 23 -23157
-13 15 -12 13 -71243
-4 0 -3 2 -68385
22 -6 22 -15 -73011
6 -13 -7 -12 -98039
-16 -18 -17 -17 -71513
-14 -7 -18 -7 -67607
-18 -8 -17 -7 -71605
14 -16 16 -14 -60713
11 2 14 -2 -79593
-17 0 -13 -1 -67027
7 -8 4 -10 -71029
-3 4 1 4 -71537
16 -5 23 -5 -73217
-19 -15 -22 -7 -69441
-15 -10 -13 -15 -72111
-17 -24 -24 -23 -42983
-19 4 -23 5 -64943
-8 -21 -5 -24 -65879
10 10 12 9 -79299
13 10 15 14 -74397
-24 -4 -17 0 -80693
0 5 2 7 -77311
-14 -22 -18 -16 -75993
3 14 5 11 -78561
-5 3 -5 1 -71745
-20 -19 -22 -15 -59527
7 7 9 7 -80041
-9 -6 -9 -8 -64767
-16 3 -20 -1 -77045
5 -15 6 -12 -68067
14 -9 15 -10 -68549
-12 8 -15 7 -69663
-17 6 -21 8 -74571
-12 11 -10 6 -76515
15 -1 18 0 -72227
21 24 14 22 -61271
-11 18 -3 18 -82191
-2 -23 -5 -22 -73693
10 -7 10 -3 -78601
0 15 -1 10 -82281
24 19 20 14 -52457
2 12 2 18 -72973
21 13 20 13 -75563
-3 -8 -2 -8 -76819
19 19 23 16 -67477
-18 13 -14 21 -77399
-7 -15 -7 -16 -65191
18 -24 15 -4 -74127
3 1 4 -2 -76925
16 3 12 4 -75597
22 -12 17 -4 -70427
15 -22 19 -19 -58119
-12 7 -15 9 -74495
-12 -18 -15 -19 -69071
0 -9 -2 -7 -77091
0 5 2 5 -75853
-6 9 -7 11 -79683
9 -17 12 -17 -64553
11 -21 20 -19 -68139
7 0 -15 -12 -94057
1 -5 3 -7 -78361
8 -8 9 -9 -74323
19 9 24 6 -62697
-18 17 -23 10 -67357
-8 -8 -7 -9 -71761
18 -8 24 -22 -71659
-2 -21 0 -22 -64239
8 -3 9 0 -80341
-3 16 -10 22 -76439
23 23 -9 24 -71537
-17 -8 -17 -5 -63859
-13 3 -14 6 -71071
-14 16 -10 16 -78983
20 1 19 4 -75067
4 8 6 11 -79989
-24 -13 -22 8 -70587
4 24 3 23 -48203
4 0 3 1 -75519
16 -4 15 0 -76733
1 -23 -11 -22 -77567
21 18 24 20 -34035
-4 14 0 17 -81235
23 12 23 2 -77697
13 -3 13 -7 -68301
-22 -15 -15 -14 -71859
1 -12 2 -13 -77823
11 -12 8 -13 -67979
10 12 10 2 -97755
5 -3 5 -2 -76519
18 6 24 11 -78609
-7 15 -6 21 -74551
-10 -1 -11 -2 -69649
1 -8 4 -5 -69399
-23 9 -22 12 -59267
-12 -16 -14 -22 -61667
-18 9 -22 3 -79007
15 -24 7 -15 -74847
-4 -24 19 -23 -74941
1 -4 0 -4 -68373
11 21 14 20 -54993
13 -24 3 -21 -68091
-5 13 -5 14 -66325
14 19 -20 24 -78371
6 -7 8 -8 -78709
-18 -8 -16 -16 -75159
6 -20 6 -23 -51491
11 -1 11 3 -73287
-1 21 0 23 -51779
-5 24 -14 23 -60249
-16 -6 -14 -1 -74361
11 21 9 21 -65875
2 -4 3 -1 -78759
24 -4 22 -6 -39859
-1 9 -1 12 -78191
-19 -24 -9 -19 -70811
19 17 20 12 -72367
10 19 7 18 -73087
7 -1 7 -2 -75061
-11 13 -14 14 -79193
11 9 10 8 -77347
3 13 1 12 -76793
-4 -21 -16 -22 -70137
0 -17 1 -20 -70487
0 -15 5 -15 -79975
14 -20 10 -16 -70171
22 -20 12 -24 -62755
-21 12 -17 18 -65935
-21 4 -21 0 -67149
19 2 19 -2 -78047
12 -24 18 -24 -48091
11 -10 14 -11 -70845
23 18 24 17 -39463
-20 3 -20 -3 -76091
16 -21 19 -23 -45629
-10 6 -12 4 -76445
2 11 2 10 -76383
-5 -17 -6 -12 -78195
3 -16 3 -13 -65241
6 -24 13 -17 -79653
15 12 16 9 -83683
6 15 12 13 -81917
-4 0 -4 -1 -65465
3 -19 4 -24 -55833
-1 7 0 9 -77613
12 15 9 12 -78061
4 22 -24 11 -79591
-18 -4 -23 -9 -73383
9 -6 5 -6 -75881
-6 -14 -7 -9 -74681
-6 -8 -9 -9 -75313
-23 2 -24 14 -60539
-5 -13 -6 -13 -71293
-1 -14 -2 -12 -71067
-17 -1 -17 1 -75945
8 -19 6 -20 -70585
-1 -3 -3 0 -75861
-17 -8 -22 -14 -72421
13 6 13 10 -85725
-2 -8 -22 -24 -76611
-23 -9 -19 -10 -65759
-1 -12 0 -11 -69659
-21 7 -20 13 -68881
21 -5 22 -3 -56875
-10 7 -11 5 -76855
-17 12 -16 18 -70139
-19 3 -19 7 -76327
-12 -12 -8 -9 -70393
9 7 9 9 -83485
-5 -5 -2 -7 -81425
3 -16 1 -18 -71443
-4 0 -5 2 -75957
-23 21 -24 20 -15919
-18 8 -22 6 -69063
-19 24 -18 11 -70743
-2 -15 -1 -18 -73273
-4 22 -6 20 -69689
0 -19 -5 -23 -76201
13 14 16 10 -81345
21 -6 17 -11 -79305
18 -2 21 4 -81743
-7 -15 -10 -16 -63691
-13 13 -14 20 -78947
-9 8 -8 10 -76155
20 -18 19 -15 -62729
8 17 5 22 -76405
6 5 5 7 -83649
12 15 13 16 -69255
-18 -24 -24 -17 -60613
21 11 21 14 -70151
8 18 7 15 -64259
-8 14 24 24 -79511
-24 15 -24 -8 -69497
8 -6 9 -3 -78921
-20 -12 -24 -8 -60939
4 12 7 1 -102193
6 -9 5 -7 -76825
20 14 17 21 -78335
20 15 16 17 -82373
-3 -24 6 -24 -60711
11 2 9 0 -73025
-13 -3 -14 -1 -67643
16 18 15 21 -62111
6 10 9 8 -84395
-18 -23 -12 -23 -62307
21 -22 20 -12 -63233
21 -7 21 -17 -75827
14 -15 18 -17 -61925
17 24 -5 22 -78859
-21 21 -13 19 -71895
2 20 4 17 -74695
16 -5 -11 1 -99405
17 6 17 9 -81283
0 -4 1 -2 -70361
16 -15 21 -24 -61927
16 -3 16 -2 -71903
-24 -24 -3 12 -75787
-17 0 -24 2 -76847
-18 8 -21 22 -79699
8 -16 7 -17 -67681
20 -21 21 -19 -35765
-7 -17 -6 -24 -68885
3 7 1 11 -80629
-5 5 -6 4 -67261
-11 -11 -13 -14 -74989
-12 16 -10 19 -75975
6 -13 7 -14 -68401
-5 -11 -6 -8 -74229
-10 -16 -13 -17 -71291
16 5 20 5 -75643
16 9 13 10 -78377
-6 3 -7 4 -78695
-15 20 -6 20 -77449
-1 11 1 11 -71477
-5 0 -6 0 -70175
7 -4 7 -8 -75193
3 -24 14 -21 -80313
12 12 9 11 -80367
-16 -7 -19 -4 -76165
6 10 10 10 -82601
-4 9 -4 7 -72517
-10 18 -5 21 -76391
13 -6 9 -7 -73157
-6 11 -2 15 -83435
-16 4 -14 6 -72835
23 -1 21 0 -53651
-23 -21 -18 -13 -64625
-1 -15 2 -14 -79803
-5 -21 -4 -22 -74713
24 1 24 -2 -50159
-10 -10 -11 -8 -70811
21 10 23 20 -66225
-14 16 -17 21 -71805
10 22 2 24 -68551
9 8 9 12 -77727
23 -9 21 3 -71113
13 24 24 -19 -79885
14 -7 12 -15 -66827
0 22 -6 20 -79121
-4 -18 0 -16 -77263
-19 -1 -24 7 -78433
-10 2 -11 5 -72343
0 6 2 5 -74855
-13 -7 -11 -4 -69987
21 3 21 4 -68171
10 -23 1 -23 -67711
1 23 5 24 -65643
0 7 0 9 -75913
-7 -16 -9 -12 -78093
-6 -20 -7 -18 -70811
-11 7 -8 8 -75683
-17 -3 -17 2 -81107
2 19 -3 24 -65737
13 15 17 19 -70325
-9 -1 -8 -2 -68051
18 19 17 23 -51793
2 -15 3 -17 -69877
3 -22 0 -23 -57407
-2 18 2 16 -75397
-12 -21 -23 -24 -60349
-7 21 -6 23 -49865
-2 0 -2 -3 -70813
-2 20 -3 22 -56439
0 19 -5 21 -74269
9 21 11 22 -59429
23 -12 20 1 -70989
-21 -3 -19 -4 -72791
4 0 4 5 -77995
-24 7 -20 -16 -77731
13 0 14 4 -76723
23 10 18 -22 -78139
-5 -13 -6 -24 -78953
-3 20 -4 16 -73869
22 -9 -24 2 -75879
-13 1 -13 2 -67961
-20 -3 -22 -15 -66421
-23 24 -13 23 -53123
-14 18 -17 16 -69427
9 17 9 21 -67151
-1 -7 -23 19 -92107
17 -24 5 -24 -64355
11 -12 10 -7 -74277
-15 -11 -17 -7 -71089
8 -11 6 13 -92561
7 23 23 23 -66703
-3 3 -2 7 -70475
-12 8 0 12 -89015
18 -19 -22 -20 -76023
-2 -20 -7 -24 -65151
-19 -24 -21 -20 -40829
18 7 13 5 -82629
-15 -18 -14 -11 -68397
16 5 17 1 -76949
-18 -1 -20 -4 -76277
1 -6 -2 -3 -78947
11 -19 7 -23 -71653
22 9 21 4 -78741
-18 5 -17 2 -74727
-24 -18 -17 -20 -65027
-22 4 -22 9 -68787
-6 -3 -4 -1 -75209
17 3 18 4 -77847
-17 8 -16 5 -76901
7 19 8 17 -76253
0 16 1 22 -73603
24 -15 23 -9 -53957
-4 9 -1 8 -69067
-20 -9 -24 22 -76943
5 -21 3 -22 -59459
-8 0 -9 4 -77539
12 -21 10 -13 -76755
-24 8 -16 14 -74107
-12 0 -11 4 -75637
-9 -4 -9 0 -68999
11 -23 11 -10 -74711
-14 8 -13 12 -66663
-11 0 -9 0 -63299
15 16 15 12 -72515
21 10 21 12 -74447
17 -10 20 -6 -76321
17 18 19 16 -77957
-5 24 6 24 -72647
6 5 8 6 -76093
-14 -12 -14 -8 -71963
-10 -18 -5 -24 -74395
15 4 14 7 -77091
18 -2 17 -5 -69919
-2 -22 -4 -21 -77055
-21 22 -20 19 -37283
-24 -8 -23 -23 -49299
1 4 3 0 -78843
-21 -17 -20 -17 -58359
16 -9 13 -9 -69843
-9 -17 -10 -16 -66779
8 24 -24 24 -67221
-6 17 -24 24 -74335
5 19 6 22 -58073
5 -3 4 -4 -76451
-17 -14 -23 -20 -67173
23 -10 18 -9 -49249
-18 -12 -17 -13 -65055
-9 -6 -8 -2 -73393
-10 20 -8 12 -73799
-12 16 -10 17 -76293
13 5 11 3 -76635
5 -10 5 -12 -67137
21 -3 21 -13 -67701
20 -22 21 -22 -35137
-6 15 -5 8 -81749
-2 -16 0 -12 -72719
-9 15 -11 11 -78583
-7 -13 -6 -12 -68675
-18 19 -11 24 -59753
12 4 9 4 -72255
12 24 4 22 -69891
-16 -1 -19 0 -71597
7 -21 7 -19 -61403
-1 5 0 2 -69427
-24 7 -23 16 -59695
-9 -23 -3 -19 -66763
-12 -17 -16 -16 -75823
15 17 15 14 -68963
22 15 20 9 -78381
-24 -2 -23 -2 -32315
-12 -21 -12 -17 -57611
3 -1 2 -1 -73635
3 11 1 11 -75063
24 8 -24 -6 -76011
-11 0 -15 -2 -68147
-6 -10 -5 -7 -77499
24 3 16 4 -71019
0 -2 -4 -2 -70117
24 11 24 9 -57997
4 23 -3 21 -78347
-15 -10 -18 -13 -71601
1 2 0 0 -69979
19 -18 20 -13 -56897
-24 20 -9 22 -71377
16 24 12 21 -54573
-5 -6 -8 -7 -79663
-22 -21 -6 -24 -76391
17 9 16 9 -73073
-4 20 2 21 -80931
-6 -12 1 -13 -88257
7 -12 5 -12 -71551
23 -12 14 -14 -58867
24 -17 20 -14 -42177
4 -20 -22 -24 -76289
-13 -17 -10 -17 -72913
-21 20 -15 16 -73785
-14 -16 -14 -18 -59449
-20 -6 -20 -2 -61727
21 20 23 -1 -75567
