-3 -23 0 -18 -69172
15 -13 13 -19 -79620
-9 8 -9 7 -66480
4 -23 2 -17 -73566
11 -1 13 -2 -66198
22 24 15 16 -73716
15 20 19 20 -63868
2 -2 20 -3 -84524
1 3 -1 2 -77800
-7 14 -8 12 -74750
-23 -9 -20 -6 -54840
6 3 6 5 -67280
19 12 23 11 -71986
-6 21 -2 16 -79430
-11 22 -12 15 -66586
10 -2 10 -1 -61512
20 -14 17 -19 -73672
21 -15 24 -7 -63630
-19 12 -15 11 -69132
17 24 15 15 -71486
14 4 13 2 -78880
9 0 10 0 -79432
16 -1 14 -2 -71912
-11 -15 -10 -11 -78804
-22 4 -16 7 -78326
-24 24 21 21 -68516
-11 10 -10 12 -67668
-2 -4 -2 -5 -58044
-10 11 -7 10 -72358
11 15 9 24 -69680
1 -12 2 -12 -68088
-2 19 -10 19 -69724
7 18 8 11 -68912
19 1 22 -1 -79588
-15 -14 24 -7 -83586
24 -18 -5 -23 -80544
-23 -6 -21 -6 -51862
-22 -13 -18 -22 -79042
6 -8 11 -9 -73264
-6 19 -11 23 -55470
15 -8 17 -9 -78726
20 4 24 9 -69120
-19 -6 -20 -5 -73196
11 -7 11 -11 -71402
15 -6 14 -9 -70042
7 14 4 14 -66050
8 -20 7 -16 -72522
23 15 -21 15 -75476
-3 -22 -3 -20 -56514
18 24 14 21 -60060
0 8 -1 7 -76942
11 11 16 12 -71470
13 -4 14 -4 -68974
-15 9 -16 7 -68298
5 -11 5 -8 -63644
18 -21 22 -24 -37118
5 15 5 12 -62090
-21 8 -23 24 -55408
-17 12 -14 8 -76194
-17 -18 -11 -21 -78964
-17 14 -13 13 -73140
-1 16 0 10 -74862
-14 -12 2 -10 -92414
19 -10 17 -12 -64414
0 22 -2 18 -70914
7 -13 7 -12 -65914
24 24 1 6 -75028
23 2 23 3 -63664
12 -14 8 -13 -77140
1 -2 2 -1 -72202
-15 -9 -14 -8 -69180
13 11 13 10 -60176
16 23 16 19 -53134
-20 -11 -20 -23 -72866
9 1 8 4 -64522
1 -11 0 -10 -69148
16 5 16 8 -67654
5 -18 3 -17 -68998
21 -4 17 -3 -78348
-21 -1 -20 0 -57944
-22 -21 -19 -8 -77686
15 -21 16 -17 -64724
-17 -3 24 -22 -80714
-3 -20 -2 -14 -71540
9 24 1 23 -72886
-24 3 -21 -4 -63636
-6 11 -5 10 -64912
-10 8 -7 7 -73188
4 -2 6 -1 -69732
8 6 8 5 -68546
23 14 15 13 -77276
-9 -6 -10 -2 -70276
-20 -11 -21 -1 -77976
15 -20 18 -24 -50732
3 2 4 1 -69442
-22 5 -22 6 -71474
0 17 0 18 -62350
13 -5 11 -8 -76796
-2 -11 -1 -7 -66612
-17 21 -17 23 -22404
-13 15 -12 13 -66030
-4 0 -3 2 -68972
23 -8 23 -10 -52562
-18 6 -12 8 -73074
-16 -18 -17 -17 -73228
-14 -7 -18 -7 -67966
-18 -8 -17 -7 -66474
14 -16 16 -14 -71914
12 -8 10 -12 -70774
-17 0 -13 -1 -70572
7 -8 4 -10 -70410
-3 4 1 4 -75216
16 -5 23 -5 -77176
-19 -15 -22 -7 -69866
12 -18 10 -12 -73360
-17 -24 -24 -23 -43792
-19 4 -23 5 -57580
-8 -21 -5 -24 -65326
10 10 12 9 -77392
13 10 15 14 -69504
-24 -4 -17 23 -77854
5 3 6 3 -70070
-14 -22 -18 -16 -78446
0 3 0 2 -73686
-5 3 -5 1 -73930
-20 -19 -22 -15 -61814
8 -20 5 -19 -72296
-9 -6 -9 -8 -61454
-22 -15 -20 -9 -60598
5 -15 6 -12 -69012
14 -9 15 -10 -76850
13 8 12 9 -73722
-17 6 -21 8 -70692
-12 11 -10 6 -75614
15 -1 18 0 -70806
21 24 14 22 -59628
1 15 4 20 -75798
-2 -23 -5 -22 -72606
10 -7 10 -3 -72132
0 15 -1 10 -76116
24 19 20 14 -52808
2 12 2 18 -70458
21 13 20 13 -70034
-3 -8 -2 -8 -63966
19 19 23 16 -65312
-18 13 -14 21 -77530
-7 -15 -7 -16 -64060
18 -24 15 -4 -79394
3 1 4 -2 -67542
16 3 12 4 -68888
22 -12 17 -4 -80580
15 -22 19 -19 -64322
-12 7 -15 9 -72554
-12 -18 -15 -19 -72326
0 -9 -2 -7 -71404
0 5 2 5 -74408
5 18 2 20 -70060
9 -17 12 -17 -67274
11 -21 20 -19 -75666
-15 -11 -13 -14 -69370
10 -21 11 -14 -76002
-11 -22 9 -24 -76996
19 9 24 6 -65542
-18 17 -23 10 -70532
-8 -8 -7 -9 -69418
18 -8 24 -22 -79566
-2 -21 0 -22 -67898
-10 -24 -8 -18 -55532
-3 16 -10 22 -77374
23 23 -9 24 -71736
-17 -8 -17 -5 -69146
-13 3 -14 6 -69828
-11 -13 -9 -16 -78148
20 1 19 4 -78182
4 8 6 11 -73694
-24 -13 -22 8 -71284
4 24 3 23 -50414
14 14 9 14 -74464
16 -4 15 0 -77592
14 10 -10 4 -89512
21 18 24 20 -33532
-4 14 0 17 -74462
23 12 23 2 -64866
13 -3 13 -7 -68344
-22 -15 -15 -14 -71748
1 -12 2 -13 -70122
11 -12 8 -13 -72490
-17 21 -8 21 -68454
5 -3 5 -2 -64154
18 6 24 11 -73464
-7 15 -6 21 -73036
-10 -1 -11 -2 -75170
1 -8 4 -5 -70456
-23 9 -22 12 -60424
-12 -16 -14 -22 -71594
23 1 22 3 -68610
15 -24 7 -15 -78252
-4 -24 19 -23 -79894
1 -4 0 -4 -65484
11 21 14 20 -57932
13 -24 3 -21 -69132
-5 13 -5 14 -65744
14 19 -20 24 -77240
6 -23 8 -20 -63492
21 -19 21 5 -76672
6 -20 6 -23 -56400
2 -23 -6 -23 -73776
-1 21 0 23 -53726
-5 24 -14 23 -53222
-16 -6 -14 -1 -78480
11 21 9 21 -68200
-10 -12 -10 -14 -74426
24 -4 22 -6 -43162
-22 4 -21 7 -74064
-19 -24 -9 -19 -76632
19 17 20 12 -68296
10 19 7 18 -72710
7 -1 7 -2 -63482
-11 13 -14 14 -68310
11 9 10 8 -65302
3 13 1 12 -82518
-4 -21 -16 -22 -72780
0 -17 1 -20 -69176
0 13 5 15 -86378
14 -20 10 -16 -70816
22 -20 12 -24 -69924
-21 12 -17 18 -67894
-21 4 -21 0 -67120
19 2 19 -2 -75678
12 -24 18 -24 -55208
11 -10 14 -11 -75844
23 18 24 17 -38966
-20 3 -20 -3 -71266
16 -21 19 -23 -58254
-10 6 -12 4 -73918
2 11 2 10 -62562
-5 -17 -6 -12 -75362
3 -16 3 -13 -64932
10 -24 14 -13 -80444
8 1 8 0 -57682
-19 20 -24 18 -38280
-4 0 -4 -1 -65700
3 -19 4 -24 -60488
-1 7 0 9 -77662
21 -10 24 -14 -56772
4 22 -24 11 -77394
17 -9 14 -6 -82532
9 -6 5 -6 -70102
-6 -14 -7 -9 -75144
-6 -8 -9 -9 -75302
-23 2 -24 14 -64062
-5 -13 -6 -13 -66974
-1 -14 -2 -12 -65942
-17 -1 -17 1 -66702
-18 -2 -16 12 -93152
-1 -3 -3 0 -71958
-17 9 -21 17 -64602
13 -15 13 -11 -59994
0 13 5 12 -85002
-23 -9 -19 -10 -65200
-1 -12 0 -11 -66566
-21 7 -20 13 -69782
21 -5 22 -3 -57506
-10 7 -11 5 -73716
-17 12 -16 18 -67754
-19 3 -19 7 -83978
-12 -12 -8 -9 -74362
9 7 9 9 -66596
-5 -5 -2 -7 -70602
3 -16 1 -18 -69520
-4 0 -5 2 -77318
-23 21 -24 20 -22122
-18 8 -22 6 -70416
-19 24 -18 11 -64250
-2 -15 -1 -18 -69290
-4 22 -6 20 -60606
-18 -17 -20 -20 -67984
13 17 7 17 -76866
1 -21 8 -21 -81034
18 -2 21 4 -75324
-7 -15 -10 -16 -69990
-13 13 -14 20 -71214
-9 8 -8 10 -71706
20 -18 19 -15 -71644
8 17 5 22 -71536
6 5 5 7 -73234
12 15 13 16 -70800
-18 -24 -24 -17 -62654
21 11 21 14 -64224
8 18 7 15 -63428
-8 14 24 24 -78254
-24 15 -24 -8 -71266
8 -6 9 -3 -71950
-20 -12 -24 -8 -61268
13 15 13 11 -69728
-1 -9 2 -7 -68840
20 14 17 21 -76354
20 15 16 17 -76610
-3 -24 6 -24 -72938
11 2 9 0 -72030
-13 -3 -14 -1 -67060
16 18 15 21 -60374
6 10 9 8 -74498
-18 -23 -12 -23 -62838
21 -22 20 -12 -76968
24 -20 0 -16 -80656
14 -15 18 -17 -64572
17 24 -5 22 -79670
-21 21 -13 19 -69366
-17 -11 -19 1 -90072
-13 -2 -10 -2 -73820
17 6 17 9 -65940
0 -4 1 -2 -64250
16 -15 21 -24 -71206
16 -3 16 -2 -71762
-24 -24 -3 12 -74614
17 0 18 -2 -80072
-6 5 -7 -20 -85058
8 -16 7 -17 -63540
20 -21 21 -19 -45260
-7 -17 -6 -24 -68050
3 7 1 11 -72652
-5 5 -6 4 -68192
-11 -11 -13 -14 -76112
-12 16 -10 19 -75564
6 -13 7 -14 -68916
-5 -11 -6 -8 -70650
-10 -16 -13 -17 -72996
16 5 20 5 -68660
16 9 13 10 -71902
-6 3 -7 4 -76494
-6 16 -10 15 -71304
-1 11 1 11 -73146
-5 0 -6 0 -66886
7 -4 7 -8 -67606
-9 -5 -8 -7 -65678
10 0 9 0 -79230
-16 -7 -19 -4 -79846
6 10 10 10 -72416
-4 9 -4 7 -69102
-10 18 -5 21 -68704
13 -6 9 -7 -75416
-6 11 -2 15 -78332
8 4 6 6 -77644
23 -1 21 0 -61674
-23 -21 -18 -13 -78430
-1 -15 2 -14 -73140
-5 -21 -4 -22 -72804
24 1 24 -2 -48464
-10 -10 -11 -8 -64892
21 10 23 20 -64744
-14 16 -17 21 -63326
10 22 2 24 -67522
9 8 9 12 -64066
23 -9 21 3 -73828
13 24 24 -19 -80106
-12 -20 -14 -24 -46456
0 22 0 20 -56388
-4 -18 0 -16 -75024
-19 -1 -24 7 -77980
-10 2 -11 5 -70946
0 6 2 5 -75242
-13 -7 -11 -4 -74432
21 3 21 4 -66874
10 -23 1 -23 -77350
1 23 5 24 -68092
0 7 0 9 -70184
0 -5 1 -9 -71028
-6 -20 -7 -18 -67386
-11 7 -8 8 -73250
-17 -3 -15 0 -76624
2 19 -3 24 -69148
13 15 17 19 -68868
-9 -1 -8 -2 -68054
18 19 17 23 -51782
2 -15 3 -17 -69644
3 -22 0 -23 -71128
-2 18 2 16 -70186
-12 -21 -23 -24 -61740
-7 21 -6 23 -46238
-2 0 -2 -3 -67186
-2 20 -3 22 -64614
0 19 -5 21 -73174
9 21 11 22 -61638
23 -12 20 1 -77760
-21 -3 -19 -4 -66866
-9 2 -16 -1 -88214
-24 7 -20 -16 -77508
13 0 14 4 -76602
13 -22 9 -24 -57306
24 -7 22 -6 -38122
-3 20 -4 16 -72010
22 -9 -24 2 -77956
-13 1 -13 2 -65296
-20 -3 -22 -15 -70060
-23 24 -13 23 -53394
-14 18 -17 16 -68264
9 17 9 21 -66266
4 -7 3 -6 -70878
17 -24 5 -24 -66116
11 -12 10 -7 -73554
-15 -11 -17 -7 -70134
19 -23 21 -10 -82260
7 23 23 23 -66148
-3 3 -2 7 -76670
23 8 19 11 -70318
18 -19 -22 -20 -74572
-2 -20 -7 -24 -63820
-19 -24 -21 -20 -42586
20 -13 22 -9 -63864
-15 -18 -14 -11 -69526
16 5 17 1 -74866
-18 -1 -20 -4 -69498
-21 21 4 13 -84970
11 -19 7 -23 -67256
22 9 21 4 -67036
-18 5 -17 2 -74080
-24 -18 -17 -20 -65276
-22 4 -22 9 -74638
-6 -3 -4 -1 -71264
17 3 18 4 -68212
-17 8 -16 5 -76818
7 19 8 17 -71628
-11 -20 -4 -18 -75732
24 -15 23 -9 -56564
-4 9 -1 8 -66952
-20 -9 -24 22 -76414
5 -21 3 -22 -67612
-8 0 -9 4 -76178
0 6 -3 3 -77962
-24 8 -16 14 -75200
-12 0 -11 4 -74984
-9 -4 -9 0 -71012
-22 -8 0 -6 -81026
-14 8 -13 12 -64374
-11 0 -9 0 -68910
15 16 15 12 -74432
21 10 21 12 -62870
17 -10 20 -6 -70352
17 18 19 16 -74050
-5 24 6 24 -71908
6 5 8 6 -71408
-14 -12 -14 -8 -68000
-10 -18 -5 -24 -74660
15 4 14 7 -69880
18 -2 17 -5 -68552
-2 -22 -4 -21 -76244
-21 22 -20 19 -35460
-24 -8 -23 -23 -54802
1 4 3 0 -77756
-21 -17 -20 -17 -60476
16 -9 13 -9 -76062
-9 -17 -10 -16 -71294
8 24 -24 24 -67134
-6 17 -24 24 -71766
5 19 6 22 -58778
20 3 23 5 -61514
-17 -14 -23 -20 -79484
23 -10 18 -9 -57944
-18 -12 -17 -13 -62444
-9 -6 -8 -2 -73704
-10 20 -8 12 -73836
-12 16 -10 17 -70908
13 5 11 3 -78306
5 -10 5 -12 -65706
21 -3 21 -13 -70854
20 -22 21 -22 -39834
-6 15 -5 8 -73622
-2 -16 0 -12 -71912
-9 15 -11 11 -75484
-7 -13 -6 -12 -71016
-18 19 -11 24 -60310
12 4 9 4 -73872
12 24 4 22 -68120
-16 -1 -19 0 -66778
7 -21 7 -19 -64208
-1 5 0 2 -74688
-24 7 -23 16 -59720
-9 -23 -3 -19 -71146
-12 -17 -16 -16 -79130
15 17 15 14 -70036
22 15 20 9 -73322
-24 -2 -23 -2 -28532
-12 -21 -12 -17 -64038
3 -1 2 -1 -69278
3 11 1 11 -82402
24 8 -24 -6 -75692
-11 0 -15 -2 -82136
-6 -10 -5 -7 -68554
24 3 16 4 -71988
0 -2 -4 -2 -67606
24 11 24 9 -45746
4 23 -1 21 -72908
-15 -10 -18 -13 -66170
1 2 0 0 -74370
19 -18 20 -13 -72900
-24 20 -9 22 -73380
16 24 12 21 -54792
-5 -6 -8 -7 -75670
-22 -21 -6 -24 -73572
17 9 16 9 -64374
-4 20 2 21 -72210
0 -22 2 -21 -72910
7 -12 5 -12 -67802
23 -12 14 -14 -65670
24 -17 20 -14 -50910
4 -20 -22 -24 -69180
-13 -17 -10 -17 -76376
-21 20 -15 16 -68314
-14 -16 -14 -18 -64510
-20 -6 -20 -2 -64794
21 20 23 -1 -71114
