-3 -23 0 -18 -70442
15 -13 13 -19 -79814
-9 8 -9 7 -66520
4 -23 2 -17 -75434
11 -1 13 -2 -65806
22 24 15 16 -73726
15 20 19 20 -64256
2 0 5 6 -84578
1 3 -1 2 -78960
-7 14 -8 12 -74992
-23 -9 -20 -6 -53850
6 3 6 5 -70600
19 12 23 11 -71904
-6 21 -2 16 -78744
-11 22 -12 15 -68290
10 -2 10 -1 -64288
20 -14 17 -19 -73890
21 -15 24 -7 -63716
-19 12 -15 11 -69666
17 24 15 15 -70948
14 4 13 2 -78882
9 0 10 0 -78166
16 -1 14 -2 -71004
-11 -15 -10 -11 -80162
-22 4 -16 7 -79354
-24 24 21 21 -66088
-11 10 -10 12 -68736
-2 -4 -2 -5 -58762
-10 11 -7 10 -71886
11 15 9 24 -69408
1 -12 2 -12 -70462
-2 19 -10 19 -69362
7 18 8 11 -68996
19 1 22 -1 -79798
-15 -14 24 -7 -81140
24 -18 -5 -23 -81092
-23 -6 -21 -6 -51686
-22 -13 -18 -22 -79182
6 -8 11 -9 -73096
-6 19 -11 23 -55564
15 -8 17 -9 -78586
20 4 24 9 -69054
-19 -6 -20 -5 -71004
11 -7 11 -11 -74198
15 -6 14 -9 -71314
7 14 4 14 -62898
8 -20 7 -16 -73196
23 15 -21 15 -73214
-3 -22 -3 -20 -58810
18 24 14 21 -60272
0 8 -1 7 -77192
11 11 16 12 -71290
13 -4 14 -4 -66690
-15 9 -16 7 -66968
5 -11 5 -8 -64658
18 -21 22 -24 -38328
5 15 5 12 -62576
-21 8 -23 24 -55882
-17 12 -14 8 -75476
-17 -18 -11 -21 -79960
-17 14 -13 13 -72996
-1 16 0 10 -74818
-10 -12 -8 -24 -83732
19 -10 17 -12 -64518
0 22 -2 18 -71248
7 -13 7 -12 -66380
24 24 1 6 -73846
23 2 23 3 -64208
12 -14 8 -13 -78154
1 -2 2 -1 -73384
-15 -9 -14 -8 -69358
13 11 13 10 -60974
16 23 16 19 -52908
-20 -11 -20 -23 -73486
9 1 8 4 -65774
1 -11 0 -10 -69170
16 5 16 8 -68148
5 -18 3 -17 -77604
21 -4 17 -3 -78006
-21 -1 -20 0 -58722
-22 -21 -19 -8 -78062
15 -21 16 -17 -64446
-17 -3 24 -22 -79944
-3 -20 -2 -14 -72308
9 24 1 23 -72852
-24 3 -21 -4 -63588
-6 11 -5 10 -64512
-10 8 -7 7 -73892
4 -2 6 -1 -72868
8 6 8 5 -69476
23 14 15 13 -76800
-9 -6 -10 -2 -71264
-20 -11 -21 -1 -72156
15 -20 18 -24 -52968
3 2 4 1 -70408
-22 5 -22 6 -70818
0 17 0 18 -62352
13 -5 11 -8 -79182
-2 -11 -1 -7 -67034
-17 21 -17 23 -22124
-13 15 -12 13 -65728
-4 0 -3 2 -69646
23 -8 23 -10 -52136
-18 6 -12 8 -71160
-16 -18 -17 -17 -74072
-14 -7 -18 -7 -68564
-18 -8 -17 -7 -66192
14 -16 16 -14 -73112
12 -8 10 -12 -72526
-17 0 -13 -1 -69996
7 -8 4 -10 -72578
-3 4 1 4 -72712
16 -5 23 -5 -77280
-19 -15 -22 -7 -69892
12 -18 10 -12 -73918
-17 -24 -24 -23 -44618
-19 4 -23 5 -57946
-8 -21 -5 -24 -65978
10 10 12 9 -76580
13 10 15 14 -70144
-24 -4 -17 23 -80006
5 3 6 3 -70700
-14 -22 -18 -16 -80288
0 3 0 2 -77848
-5 3 -5 1 -74948
-20 -19 -22 -15 -61522
8 -20 5 -19 -80026
-9 -6 -9 -8 -63486
-22 -15 -20 -9 -60742
5 -15 6 -12 -72372
14 -9 15 -10 -77194
13 8 12 9 -73404
-17 6 -21 8 -71266
-12 11 -10 6 -74602
15 -1 18 0 -70818
21 24 14 22 -59596
1 15 4 20 -75146
-2 -23 -5 -22 -73892
10 -7 10 -3 -78888
0 15 -1 10 -76020
24 19 20 14 -52874
2 12 2 18 -71264
21 13 20 13 -70236
-3 -8 -2 -8 -63300
19 19 23 16 -65858
-18 13 -14 21 -80080
-7 -15 -7 -16 -67002
18 -24 15 -4 -80168
3 1 4 -2 -68202
16 3 12 4 -68564
22 -12 17 -4 -80544
15 -22 19 -19 -64558
-12 7 -15 9 -70732
-12 -18 -15 -19 -73270
0 -9 -2 -7 -71436
0 5 2 5 -72976
5 18 2 20 -67968
9 -17 12 -17 -67938
11 -21 20 -19 -75330
-15 -11 -13 -14 -69114
10 -21 11 -14 -76744
-11 -22 9 -24 -76286
19 9 24 6 -65284
-18 17 -23 10 -71210
-8 -8 -7 -9 -70232
18 -8 24 -22 -80326
-2 -21 0 -22 -69058
-10 -24 -8 -18 -58516
-3 16 -10 22 -77108
23 23 -9 24 -71476
-17 -8 -17 -5 -64570
-13 3 -14 6 -76020
-11 -13 -9 -16 -80138
20 1 19 4 -77636
4 8 6 11 -72442
-24 -13 -22 8 -72678
4 24 3 23 -49876
14 14 9 14 -73856
16 -4 15 0 -78544
-5 -18 -10 2 -94766
21 18 24 20 -33622
-4 14 0 17 -74120
23 12 23 2 -64484
13 -3 13 -7 -71510
-22 -15 -15 -14 -71602
1 -12 2 -13 -71180
11 -12 8 -13 -72922
-17 21 -8 21 -66958
5 -3 5 -2 -66808
18 6 24 11 -74238
-7 15 -6 21 -73904
-10 -1 -11 -2 -70408
1 -8 4 -5 -71896
-23 9 -22 12 -59964
-12 -16 -14 -22 -74106
23 1 22 3 -69036
15 -24 7 -15 -78704
-4 -24 19 -23 -80398
1 -4 0 -4 -64950
11 21 14 20 -58194
13 -24 3 -21 -73364
-5 13 -5 14 -66132
14 19 -20 24 -73728
6 -23 8 -20 -73206
21 -19 21 5 -77810
6 -20 6 -23 -57546
2 -23 -6 -23 -74398
-1 21 0 23 -54182
-5 24 -14 23 -53194
-16 -6 -14 -1 -77572
11 21 9 21 -68516
-10 -12 -10 -14 -76074
24 -4 22 -6 -43756
-22 4 -21 7 -73710
-19 -24 -9 -19 -76694
19 17 20 12 -67562
10 19 7 18 -73230
7 -1 7 -2 -66374
-11 13 -14 14 -66984
11 9 10 8 -64446
3 13 1 12 -77564
-4 -21 -16 -22 -73222
0 -17 1 -20 -71846
0 13 5 15 -80062
14 -20 10 -16 -70936
22 -20 12 -24 -69502
-21 12 -17 18 -69776
-21 4 -21 0 -67412
19 2 19 -2 -76160
12 -24 18 -24 -55346
11 -10 14 -11 -75950
23 18 24 17 -39508
-20 3 -20 -3 -72032
16 -21 19 -23 -59494
-10 6 -12 4 -71614
2 11 2 10 -62988
-5 -17 -6 -12 -78372
3 -16 3 -13 -66508
10 -24 14 -13 -81076
8 1 8 0 -59982
-19 20 -24 18 -39336
-4 0 -4 -1 -65540
3 -19 4 -24 -61068
-1 7 0 9 -78060
21 -10 24 -14 -56210
4 22 -24 11 -76432
17 -9 14 -6 -82816
9 -6 5 -6 -69636
-6 -14 -7 -9 -77386
-6 -8 -9 -9 -72742
-23 2 -24 14 -64136
-5 -13 -6 -13 -65344
-1 -14 -2 -12 -67660
-17 -1 -17 1 -67188
8 -19 6 -20 -86464
-1 -3 -3 0 -71810
-17 9 -21 17 -64144
13 -15 13 -11 -61204
7 -18 5 -19 -86106
-23 -9 -19 -10 -64310
-1 -12 0 -11 -66698
-21 7 -20 13 -69126
21 -5 22 -3 -58042
-10 7 -11 5 -72944
-17 12 -16 18 -69322
-19 3 -19 7 -81396
-12 -12 -8 -9 -72222
9 7 9 9 -66862
-5 -5 -2 -7 -70668
3 -16 1 -18 -73086
-4 0 -5 2 -77956
-23 21 -24 20 -22750
-18 8 -22 6 -71790
-19 24 -18 11 -64710
-2 -15 -1 -18 -71236
-4 22 -6 20 -61316
-18 -17 -20 -20 -68430
13 17 7 17 -77306
1 -16 8 -18 -90118
18 -2 21 4 -75310
-7 -15 -10 -16 -69314
-13 13 -14 20 -72084
-9 8 -8 10 -72002
20 -18 19 -15 -72314
8 17 5 22 -70436
6 5 5 7 -75328
12 15 13 16 -70910
-18 -24 -24 -17 -62812
21 11 21 14 -63868
8 18 7 15 -62940
-8 14 24 24 -76882
-24 15 -24 -8 -70704
8 -6 9 -3 -78880
-20 -12 -24 -8 -61036
13 15 13 11 -70032
-1 -9 2 -7 -69530
20 14 17 21 -76596
20 15 16 17 -77030
-3 -24 6 -24 -71410
11 2 9 0 -71788
-13 -3 -14 -1 -66764
16 18 15 21 -61016
6 10 9 8 -74652
-18 -23 -12 -23 -63876
21 -22 20 -12 -77692
24 -20 0 -16 -82928
14 -15 18 -17 -66024
17 24 -5 22 -79500
-21 21 -13 19 -69392
7 -11 9 1 -92928
-13 -2 -10 -2 -68534
17 6 17 9 -66684
0 -4 1 -2 -64760
16 -15 21 -24 -72220
16 -3 16 -2 -72316
-24 -24 -3 12 -74960
17 0 18 -2 -79914
-13 5 -11 1 -84438
8 -16 7 -17 -72170
20 -21 21 -19 -45312
-7 -17 -6 -24 -72102
3 7 1 11 -71024
-5 5 -6 4 -68484
-11 -11 -13 -14 -77110
-12 16 -10 19 -77230
6 -13 7 -14 -73614
-5 -11 -6 -8 -72312
-10 -16 -13 -17 -74108
16 5 20 5 -69306
16 9 13 10 -71498
-6 3 -7 4 -78392
-6 16 -10 15 -70538
-1 11 1 11 -68600
-5 0 -6 0 -68690
7 -4 7 -8 -73776
-9 -5 -8 -7 -67176
10 0 9 0 -77958
-16 -7 -19 -4 -76440
6 10 10 10 -71214
-4 9 -4 7 -69202
-10 18 -5 21 -68770
13 -6 9 -7 -74324
-6 11 -2 15 -77500
8 4 6 6 -78934
23 -1 21 0 -61972
-23 -21 -18 -13 -78198
-1 -15 2 -14 -74094
-5 -21 -4 -22 -73876
24 1 24 -2 -48688
-10 -10 -11 -8 -65578
21 10 23 20 -64724
-14 16 -17 21 -62288
10 22 2 24 -67250
9 8 9 12 -64942
23 -9 21 3 -74738
13 24 24 -19 -80780
-12 -20 -14 -24 -47232
0 22 0 20 -57180
-4 -18 0 -16 -74778
-19 -1 -24 7 -76508
-10 2 -11 5 -81014
0 6 2 5 -73018
-13 -7 -11 -4 -73326
21 3 21 4 -67142
10 -23 1 -23 -77528
1 23 5 24 -67910
0 7 0 9 -70870
0 -5 1 -9 -71856
-6 -20 -7 -18 -70728
-11 7 -8 8 -73160
-17 -3 -15 0 -76342
2 19 -3 24 -69310
13 15 17 19 -68694
-9 -1 -8 -2 -68686
18 19 17 23 -52002
2 -15 3 -17 -71934
3 -22 0 -23 -69840
-2 18 2 16 -67732
-12 -21 -23 -24 -62710
-7 21 -6 23 -47356
-2 0 -2 -3 -67142
-2 20 -3 22 -64516
0 19 -5 21 -72622
9 21 11 22 -62086
23 -12 20 1 -78556
-21 -3 -19 -4 -67156
-17 -15 -16 9 -86374
-24 7 -20 -16 -79010
13 0 14 4 -77040
13 -22 9 -24 -61048
24 -7 22 -6 -37194
-3 20 -4 16 -72468
22 -9 -24 2 -76632
-13 1 -13 2 -69334
-20 -3 -22 -15 -69508
-23 24 -13 23 -54842
-14 18 -17 16 -70584
9 17 9 21 -65804
4 -7 3 -6 -72232
17 -24 5 -24 -69778
11 -12 10 -7 -76052
-15 -11 -17 -7 -68612
19 -23 21 -10 -82388
7 23 23 23 -65756
-3 3 -2 7 -79280
23 8 19 11 -70150
18 -19 -22 -20 -74558
-2 -20 -7 -24 -65236
-19 -24 -21 -20 -43014
20 -13 22 -9 -63982
-15 -18 -14 -11 -71484
16 5 17 1 -74888
-18 -1 -20 -4 -69032
-21 0 -11 22 -94074
11 -19 7 -23 -78064
22 9 21 4 -66948
-18 5 -17 2 -74850
-24 -18 -17 -20 -65138
-22 4 -22 9 -73850
-6 -3 -4 -1 -72450
17 3 18 4 -68680
-17 8 -16 5 -76120
7 19 8 17 -70850
-11 -20 -4 -18 -75666
24 -15 23 -9 -56544
-4 9 -1 8 -65488
-20 -9 -24 22 -76132
5 -21 3 -22 -68064
-8 0 -9 4 -80178
0 6 -3 3 -79592
-24 8 -16 14 -76062
-12 0 -11 4 -75920
-9 -4 -9 0 -70634
-22 -8 0 -6 -79060
-14 8 -13 12 -64886
-11 0 -9 0 -65498
15 16 15 12 -74426
21 10 21 12 -63260
17 -10 20 -6 -70352
17 18 19 16 -74512
-5 24 6 24 -71614
6 5 8 6 -69784
-14 -12 -14 -8 -68268
-10 -18 -5 -24 -76198
15 4 14 7 -69374
18 -2 17 -5 -68724
-2 -22 -4 -21 -77622
-21 22 -20 19 -35666
-24 -8 -23 -23 -55962
1 4 3 0 -79330
-21 -17 -20 -17 -60698
16 -9 13 -9 -75564
-9 -17 -10 -16 -73758
8 24 -24 24 -64362
-6 17 -24 24 -69934
5 19 6 22 -58662
20 3 23 5 -61490
-17 -14 -23 -20 -79206
23 -10 18 -9 -57604
-18 -12 -17 -13 -63054
-9 -6 -8 -2 -72870
-10 20 -8 12 -74746
-12 16 -10 17 -71322
13 5 11 3 -77914
5 -10 5 -12 -66248
21 -3 21 -13 -70668
20 -22 21 -22 -40342
-6 15 -5 8 -73582
-2 -16 0 -12 -72344
-9 15 -11 11 -77298
-7 -13 -6 -12 -68546
-18 19 -11 24 -60826
12 4 9 4 -73342
12 24 4 22 -69122
-16 -1 -19 0 -68280
7 -21 7 -19 -67178
-1 5 0 2 -76988
-24 7 -23 16 -59488
-9 -23 -3 -19 -72650
-12 -17 -16 -16 -79180
15 17 15 14 -69696
22 15 20 9 -73060
-24 -2 -23 -2 -28054
-12 -21 -12 -17 -68790
3 -1 2 -1 -70540
3 11 1 11 -73394
24 8 -24 -6 -74288
-11 0 -15 -2 -72684
-6 -10 -5 -7 -68730
24 3 16 4 -72098
0 -2 -4 -2 -68378
24 11 24 9 -46362
4 23 -1 21 -71902
-15 -10 -18 -13 -67902
1 2 0 0 -77372
19 -18 20 -13 -73652
-24 20 -9 22 -74228
16 24 12 21 -54806
-5 -6 -8 -7 -73894
-22 -21 -6 -24 -75116
17 9 16 9 -64346
-4 20 2 21 -71046
0 -22 2 -21 -71838
7 -12 5 -12 -73970
23 -12 14 -14 -66564
24 -17 20 -14 -51062
4 -20 -22 -24 -68958
-13 -17 -10 -17 -77604
-21 20 -15 16 -67692
-14 -16 -14 -18 -66898
-20 -6 -20 -2 -60458
21 20 23 -1 -70432
