-3 -23 0 -18 -62064
15 -13 13 -19 -74922
-9 8 -9 7 -66038
-12 -23 -18 -21 -69710
11 -1 13 -2 -66308
-11 19 -9 16 -74080
15 20 19 20 -70542
0 13 0 17 -77462
1 3 -1 2 -76978
-7 14 -8 12 -71418
-23 -9 -20 -6 -54536
6 3 6 5 -67238
19 12 23 11 -75676
1 3 1 6 -74570
-11 22 -12 15 -69930
10 -2 10 -1 -69740
20 -14 17 -19 -71010
21 -15 24 -7 -63776
-19 12 -15 11 -75496
17 24 15 15 -81486
0 19 1 13 -85562
-23 0 -20 0 -66356
2 -16 10 -7 -94180
14 -24 19 -21 -67978
-8 -20 -10 -18 -64482
-24 24 21 21 -72934
-11 10 -10 12 -68922
-2 -4 -2 -5 -58142
-3 -20 -7 -19 -64584
11 15 9 24 -77724
1 -12 2 -12 -68342
-2 19 -10 19 -73340
7 18 8 11 -72952
-2 11 -3 11 -69350
-23 1 -19 2 -71960
24 -18 -5 -23 -71818
-23 -6 -21 -6 -55784
-22 -13 -18 -22 -74000
6 -8 11 -9 -70288
-6 19 -11 23 -62072
15 -8 17 -9 -68158
20 4 24 9 -72222
-19 -6 -20 -5 -68030
11 -7 11 -11 -68850
15 -6 14 -9 -65150
7 14 4 14 -70436
8 -20 7 -16 -65656
23 15 -21 15 -77940
-3 -22 -3 -20 -49924
18 24 14 21 -65560
0 8 -1 7 -71638
11 11 16 12 -73784
13 -4 14 -4 -66916
-15 9 -16 7 -69292
5 -11 5 -8 -72664
18 -21 22 -24 -42204
5 15 5 12 -62398
-21 8 -23 24 -56200
-17 12 -14 8 -78220
-20 -16 -18 -15 -65116
-17 14 -13 13 -77946
-1 16 0 10 -81124
11 -17 12 -18 -66898
19 -10 17 -12 -63634
0 22 -2 18 -72620
7 -13 7 -12 -68400
24 24 1 6 -76296
23 2 23 3 -64032
12 -14 8 -13 -70814
1 -2 2 -1 -75304
-15 -9 -14 -8 -67074
13 11 13 10 -63938
16 23 16 19 -59878
-20 -11 -20 -23 -65620
9 1 8 4 -61704
1 -11 0 -10 -66606
16 5 16 8 -67570
5 -18 3 -17 -63088
7 -7 3 -6 -79380
-21 -1 -20 0 -67168
10 -20 24 -21 -79948
15 -21 16 -17 -66888
-17 -3 24 -22 -75662
-3 -20 -2 -14 -67860
9 24 1 23 -81062
-24 3 -21 -4 -61058
-6 11 -5 10 -67830
-10 8 -7 7 -68036
4 -2 6 -1 -70260
8 6 8 5 -65474
23 14 15 13 -80346
-9 -6 -10 -2 -65212
-20 -11 -21 -1 -69414
15 -20 18 -24 -59738
3 2 4 1 -68876
-22 5 -22 6 -71726
0 17 0 18 -73102
13 -5 11 -8 -72112
-2 -11 -1 -7 -66146
-17 21 -17 23 -23458
-13 15 -12 13 -70712
-4 0 -3 2 -66484
23 -8 23 -10 -51688
-18 6 -12 8 -71914
-16 -18 -17 -17 -65294
-14 -7 -18 -7 -66500
-17 19 -16 -23 -80552
14 -16 16 -14 -72130
12 -8 10 -12 -70276
-17 0 -13 -1 -66994
7 -8 4 -10 -80602
-3 4 1 4 -75162
16 -5 23 -5 -63020
-19 -15 -22 -7 -70770
12 -18 10 -12 -71536
-17 -24 -24 -23 -42026
-19 4 -23 5 -74770
-8 -21 -5 -24 -54902
16 -20 11 -21 -68306
13 10 15 14 -77158
-24 -4 -17 23 -79888
5 3 6 3 -70530
-9 -9 -12 -8 -68244
0 3 0 2 -67998
-5 3 -5 1 -60448
-20 -19 -22 -15 -59560
8 -20 5 -19 -68180
-9 -6 -9 -8 -58822
-22 -15 -20 -9 -65878
5 -15 6 -12 -73854
14 -9 15 -10 -68690
13 8 12 9 -68474
-17 6 -21 8 -79012
-12 11 -10 6 -74906
15 -1 18 0 -63666
21 24 14 22 -67000
1 15 4 20 -78578
15 -15 11 -15 -71670
4 10 9 11 -80990
0 15 -1 10 -72716
24 19 20 14 -58872
24 14 21 18 -66396
21 13 20 13 -74746
-3 -8 -2 -8 -63692
19 19 23 16 -73790
-18 13 -14 21 -79250
-7 -15 -7 -16 -58952
18 -24 22 0 -75606
3 1 4 -2 -72348
16 3 12 4 -66852
15 -7 7 21 -88696
15 -22 19 -19 -72498
-12 7 -15 9 -71628
-12 -18 -15 -19 -74788
0 -9 -2 -7 -70744
0 5 2 5 -73846
5 18 2 20 -74894
9 -17 12 -17 -68402
-23 -20 10 -24 -72414
-15 -11 -13 -14 -64126
10 -21 11 -14 -69494
-11 -22 9 -24 -68820
19 9 24 6 -64806
-18 17 -23 10 -73950
-8 -8 -7 -9 -70590
18 -8 24 -22 -78474
-2 -21 0 -22 -49280
-10 -24 -8 -18 -54082
-3 16 -10 22 -78968
23 23 -9 24 -70416
-17 -8 -17 -5 -56870
-13 3 -14 6 -68028
-11 -13 -9 -16 -74784
20 1 19 4 -72968
4 8 6 11 -71920
-24 -13 -22 8 -71532
4 24 3 23 -52848
14 14 9 14 -73784
10 -24 12 -22 -57210
21 10 20 8 -72338
21 18 24 20 -42986
-13 13 -9 12 -78646
23 12 23 2 -67904
13 -3 13 -7 -58274
13 21 16 15 -81144
1 -12 2 -13 -67404
3 -24 14 -24 -70164
-17 21 -8 21 -73494
5 -3 5 -2 -74172
-12 14 12 23 -89312
-7 15 -6 21 -75526
-10 -1 -11 -2 -67888
1 -8 4 -5 -74932
-23 9 -22 12 -66248
-12 -16 -14 -22 -68220
23 1 22 3 -61596
-1 4 1 2 -71550
2 -24 23 -23 -70506
1 -4 0 -4 -69686
11 21 14 20 -68078
13 -24 3 -21 -70060
-5 13 -5 14 -66178
14 19 -20 24 -87826
6 -23 8 -20 -65532
21 -19 21 5 -78138
6 -20 6 -23 -54024
-21 10 -23 5 -81378
-1 21 0 23 -55180
-5 24 -14 23 -60544
19 -3 18 1 -72568
11 21 9 21 -72142
-10 -12 -10 -14 -63864
24 -4 22 -6 -44520
-22 4 -21 7 -78930
-19 -24 -9 -19 -74154
19 17 20 12 -71988
10 19 7 18 -78090
7 -1 7 -2 -73528
-11 13 -14 14 -77642
11 9 10 8 -61786
3 13 1 12 -68250
-4 -21 -16 -22 -72510
0 -17 1 -20 -60664
-23 -14 -20 -11 -61262
4 -11 5 -8 -80472
22 -20 12 -24 -80004
-21 12 -17 18 -71896
-21 4 -21 0 -61330
19 2 19 -2 -73870
12 -24 18 -24 -62582
11 -10 14 -11 -75386
23 18 24 17 -49084
-20 3 -20 -3 -69300
16 -21 19 -23 -64868
-10 6 -12 4 -72314
2 11 2 10 -63270
-5 -17 -6 -12 -71416
3 -16 3 -13 -63776
10 -3 12 1 -77378
8 1 8 0 -64122
-19 20 -24 18 -41696
-4 0 -4 -1 -62682
3 -19 4 -24 -50492
-20 6 -17 8 -79282
21 -10 24 -14 -55550
4 22 -24 11 -82204
18 10 17 9 -72380
9 -6 5 -6 -71660
-6 -14 -7 -9 -72166
-6 -8 -9 -9 -70362
-23 2 -24 14 -68828
-5 -13 -6 -13 -64144
6 11 10 7 -94442
-17 -1 -17 1 -64770
-20 13 -18 12 -63666
-1 -3 -3 0 -71468
-17 9 -21 17 -72282
13 -15 13 -11 -58934
5 8 3 10 -77368
-23 -9 -19 -10 -65550
-1 -12 0 -11 -65632
-21 7 -20 13 -75458
21 -5 22 -3 -59160
-10 7 -11 5 -72550
-17 12 -16 18 -70624
-19 3 -19 7 -79000
-12 -12 -8 -9 -70518
9 7 9 9 -68222
-5 -5 -2 -7 -70942
3 -16 1 -18 -67316
19 18 22 19 -65276
-23 21 -24 20 -24778
-18 8 -22 6 -78684
-19 24 -18 11 -66910
-2 -15 -1 -18 -65224
-4 22 -6 20 -62192
-18 -17 -20 -20 -58834
13 21 14 21 -66210
13 -5 9 -1 -71928
18 -2 21 4 -78144
-7 -15 -10 -16 -68534
-13 13 -14 20 -76264
-9 8 -8 10 -71236
20 -18 19 -15 -69916
8 17 5 22 -83626
6 5 5 7 -80482
12 15 13 16 -76032
-18 -24 -24 -17 -61486
21 11 21 14 -66606
8 18 7 15 -71488
-8 14 24 24 -80252
-24 15 -24 -8 -70878
8 -6 9 -3 -66994
-20 -12 -24 -8 -63640
13 15 13 11 -72280
-1 -9 2 -7 -73664
-24 -8 -23 -15 -53050
20 15 16 17 -78150
-3 -24 6 -24 -61162
11 2 9 0 -65084
-13 -3 -14 -1 -65942
16 18 15 21 -72126
6 10 9 8 -91048
-18 -23 -12 -23 -64936
21 -22 20 -12 -73234
2 -9 0 15 -85898
14 -15 18 -17 -68528
17 15 18 22 -78210
-21 21 -13 19 -73160
-17 -4 -18 0 -72326
-13 -2 -10 -2 -67384
17 6 17 9 -69062
0 -4 1 -2 -68076
16 -15 21 -24 -76796
16 -3 16 -2 -64000
-24 -24 -3 12 -74758
-4 14 -9 14 -72432
-2 8 -3 9 -76080
8 -16 7 -17 -64210
20 -21 21 -19 -54958
-7 -17 -6 -24 -61080
3 7 1 11 -78222
-5 5 -6 4 -64960
-11 -11 -13 -14 -70176
-12 16 -10 19 -78452
6 -13 7 -14 -67492
-5 -11 -6 -8 -70326
-10 -16 -13 -17 -75070
16 5 20 5 -69890
16 9 13 10 -69926
12 23 -20 24 -86644
-6 16 -10 15 -77526
-1 11 1 11 -70902
-5 0 -6 0 -63904
7 -4 7 -8 -64962
-9 -5 -8 -7 -64172
-21 21 -1 22 -82614
-16 -7 -19 -4 -72956
6 10 10 10 -81774
-4 9 -4 7 -67450
-10 18 -5 21 -73242
13 -6 9 -7 -71160
24 24 17 22 -46294
8 4 6 6 -80484
23 -1 21 0 -48506
-23 -21 -18 -13 -67048
-1 -15 2 -14 -70284
-5 -21 -4 -22 -58052
24 1 24 -2 -47288
-10 -10 -11 -8 -66440
21 10 23 20 -68258
-14 16 -17 21 -67216
10 22 2 24 -77022
9 8 9 12 -68978
23 -9 21 3 -69384
11 -17 16 -23 -72030
-12 -20 -14 -24 -44610
0 22 0 20 -58196
-4 -18 0 -16 -66694
-19 5 -24 7 -65576
-10 2 -11 5 -62628
0 6 2 5 -74980
-13 -7 -11 -4 -66152
21 3 21 4 -67390
10 -23 1 -23 -71316
1 23 5 24 -71376
0 7 0 9 -68502
0 -5 1 -9 -71354
-6 -20 -7 -18 -65586
-11 7 -8 8 -71506
-17 -3 -15 0 -68196
2 19 -3 24 -67618
13 15 17 19 -78738
-9 -1 -8 -2 -61458
18 19 17 23 -57008
2 -15 3 -17 -65636
3 -22 0 -23 -63150
-2 18 2 16 -76584
-12 -21 -23 -24 -57928
-7 21 -6 23 -47432
-2 0 -2 -3 -68922
-2 20 -3 22 -60620
0 19 -5 21 -69874
9 21 11 22 -70130
23 -12 20 1 -71612
3 7 2 2 -79956
4 -4 5 0 -78360
-24 7 -20 -16 -76636
13 0 14 4 -62870
13 -22 9 -24 -65998
24 -7 22 -6 -34232
-3 20 -4 16 -74664
22 -9 -24 2 -72484
-13 1 -13 2 -58438
-20 -3 -22 -15 -69666
-23 24 -13 23 -55304
-14 18 -17 16 -69288
9 17 9 21 -74194
4 -7 3 -6 -75218
9 18 16 24 -80864
11 -12 10 -7 -73032
6 -5 -7 -5 -86418
19 -23 21 -17 -59122
7 23 23 23 -73348
-3 17 -2 16 -72548
23 8 19 11 -72686
18 -19 -22 -20 -73666
-2 -20 -7 -24 -57968
-19 -24 -21 -20 -41408
20 -13 22 -9 -63558
-15 -18 -14 -11 -66640
16 5 17 1 -70618
-18 -1 -20 -4 -68898
-13 -20 -15 -19 -70722
11 -19 7 -23 -72430
22 9 21 4 -72504
-18 5 -17 2 -69552
-24 -18 -17 -20 -63436
-22 4 -22 9 -79122
-6 -3 -4 -1 -71748
17 3 18 4 -66256
-17 8 -16 5 -77912
7 19 8 17 -79522
-11 -20 -4 -18 -73904
24 -15 23 -9 -57548
-4 9 -1 8 -76984
-20 -9 -24 22 -75334
5 -21 3 -22 -62132
10 24 5 23 -76966
0 6 -3 3 -76018
-24 8 -16 14 -81712
-12 0 -11 4 -65414
-9 -4 -9 0 -65554
8 14 10 15 -71326
-14 8 -13 12 -65972
-11 0 -9 0 -63592
15 16 15 12 -75890
21 10 21 12 -67186
17 -10 20 -6 -70956
17 18 19 16 -75118
-5 24 6 24 -71590
6 5 8 6 -69612
-14 -12 -14 -8 -61184
13 -18 15 -24 -56202
15 4 14 7 -67806
18 -2 17 -5 -67616
22 -3 24 -21 -73940
-21 22 -20 19 -36912
-24 -8 -23 -23 -52208
18 -4 14 -5 -71186
-21 -17 -20 -17 -58752
16 -9 13 -9 -74812
-9 -17 -10 -16 -70580
8 24 -24 24 -76108
-6 17 -24 24 -75852
5 19 6 22 -64512
20 3 23 5 -69828
-17 -11 -14 -9 -73466
23 -10 18 -9 -50692
-18 -12 -17 -13 -56464
-9 -6 -8 -2 -68824
-10 20 -8 12 -78606
-12 16 -10 17 -76434
7 15 4 24 -83292
5 -10 5 -12 -70906
21 -3 21 -13 -70228
20 -22 21 -22 -44576
-6 15 -5 8 -74226
-2 -16 0 -12 -68076
-9 15 -11 11 -75752
-7 -13 -6 -12 -63670
-18 19 -11 24 -62162
12 4 9 4 -59740
12 24 4 22 -84032
-16 -1 -19 0 -66130
7 -21 7 -19 -60328
23 4 19 1 -72784
-24 7 -23 16 -64448
-9 -23 -3 -19 -68890
-12 -17 -16 -16 -78240
15 17 15 14 -74328
22 15 20 9 -76192
-24 -2 -23 -2 -35068
-12 -21 -12 -17 -60988
3 -1 2 -1 -69740
3 11 1 11 -70346
24 8 -24 -6 -73924
-11 0 -15 -2 -68410
-6 -10 -5 -7 -66314
24 3 16 4 -68014
0 -2 -4 -2 -70046
24 11 24 9 -49848
4 23 -1 21 -73692
-15 -10 -18 -13 -69398
1 2 0 0 -72062
19 -18 20 -13 -67060
-24 20 -9 22 -76142
16 24 12 21 -66566
-5 -6 -8 -7 -71596
-24 -10 -5 -6 -73476
17 9 16 9 -68938
-4 20 2 21 -70452
0 -22 2 -21 -66008
7 -12 5 -12 -70576
23 -12 14 -14 -64448
24 -17 20 -14 -51616
4 -20 -22 -24 -67568
-13 -17 -10 -17 -76956
-21 20 -15 16 -72804
-14 -16 -14 -18 -59484
-20 -6 -20 -2 -59628
21 20 23 -1 -73028
