-3 -23 0 -18 -72516
15 21 -20 20 -73752
-9 8 -9 7 -62594
-12 -23 -18 -21 -66092
5 7 4 6 -84010
-11 19 -9 16 -64928
15 20 19 20 -73126
0 13 0 17 -66436
1 3 -1 2 -74762
-7 14 -8 12 -63082
-23 -9 -20 -6 -55082
6 3 6 5 -67416
19 12 23 11 -72122
1 3 1 6 -71186
-11 22 -12 15 -63174
10 -2 10 -1 -67086
20 -14 17 -19 -75022
21 -15 24 -7 -69414
-19 12 -15 11 -69272
17 24 15 15 -73556
11 19 3 24 -81710
-23 0 -20 0 -59444
23 -19 24 -19 -28660
14 -24 19 -21 -58850
-8 -20 -10 -18 -70612
-24 24 21 21 -67536
-11 10 -10 12 -69212
-2 -4 -2 -5 -60342
-3 -20 -7 -19 -68160
-19 13 -18 12 -72388
1 -12 2 -12 -64860
3 -1 1 -23 -76026
-9 -5 -9 -6 -65126
-2 11 -3 11 -63412
-4 4 -5 8 -76104
18 0 24 2 -68064
-23 -6 -21 -6 -55544
-22 13 -19 17 -55888
-3 7 -5 6 -67158
-6 19 -11 23 -61170
-14 -1 -12 -3 -76806
20 4 24 9 -68478
-19 -6 -20 -5 -66266
11 -7 11 -11 -72014
15 -6 14 -9 -64808
7 14 4 14 -66748
8 -20 7 -16 -65924
12 1 4 2 -80144
-3 -22 -3 -20 -55938
18 24 14 21 -63302
0 8 -1 7 -70234
11 11 16 12 -72534
13 -4 14 -4 -64700
-15 9 -16 7 -63708
-14 -11 -16 -8 -66664
18 -21 22 -24 -44050
5 15 5 12 -57190
-21 8 -23 24 -58884
15 17 19 18 -72264
-20 -16 -18 -15 -69104
-17 14 -13 13 -71218
-1 16 0 10 -72950
11 -17 12 -18 -64130
19 -10 17 -12 -67866
0 22 -2 18 -70296
7 -13 7 -12 -67430
24 24 1 6 -74748
23 2 23 3 -63478
-22 -3 -24 -21 -74428
23 -3 21 -24 -71002
-15 -9 -14 -8 -60740
13 11 13 10 -57446
16 23 16 19 -54418
-20 -11 -20 -23 -70764
9 1 8 4 -59480
1 -11 0 -10 -66186
16 5 16 8 -68752
5 -18 3 -17 -65210
7 -7 3 -6 -68752
-21 -1 -20 0 -70126
2 -23 0 -19 -61752
15 -21 16 -17 -66318
-23 -17 24 -22 -63118
9 15 2 20 -95140
9 24 1 23 -77562
-24 3 -21 -4 -59852
-6 11 -5 10 -64564
-10 8 -7 7 -68102
4 -2 6 -1 -69226
8 6 8 5 -67620
-15 0 -13 -1 -70248
-9 -6 -10 -2 -66356
-20 -11 -21 -1 -72826
15 -20 18 -24 -53752
3 2 4 1 -63834
-22 5 -22 6 -63120
0 17 0 18 -64282
-9 15 -8 8 -65342
-2 -11 -1 -7 -69286
-17 21 -17 23 -28182
-13 15 -12 13 -67528
-4 0 -3 2 -69862
23 -8 23 -10 -53990
-18 6 -12 8 -70306
-16 -18 -17 -17 -62224
-14 -7 -18 -7 -61920
-24 6 -23 0 -54792
14 -16 16 -14 -69870
12 -8 10 -12 -72004
13 18 12 18 -74614
7 -8 4 -10 -69710
-17 24 -17 15 -57068
21 -14 2 -11 -82580
-19 -15 -22 -7 -72404
18 5 15 6 -76632
-17 -24 -24 -23 -49982
-19 4 -23 5 -63764
-8 -21 -5 -24 -56876
16 -20 11 -21 -67226
15 -10 14 -3 -75754
3 16 3 21 -71806
5 3 6 3 -76752
-9 -9 -12 -8 -68852
0 3 0 2 -65838
-5 3 -5 1 -63790
-20 -19 -22 -15 -59350
8 -20 5 -19 -70916
-9 -6 -9 -8 -66272
-22 -15 -20 -9 -69734
5 -15 6 -12 -68864
14 -9 15 -10 -65150
-10 -1 -10 0 -56456
11 -17 7 -15 -76726
7 -11 7 -10 -71076
15 -1 18 0 -66496
21 24 14 22 -66120
12 -1 11 0 -70038
15 -15 11 -15 -70432
17 -10 17 -12 -60184
0 15 -1 10 -68122
24 19 20 14 -61590
24 14 21 18 -66452
21 13 20 13 -67464
-3 -8 -2 -8 -66022
19 19 23 16 -66990
-1 -7 -4 -6 -73102
-7 -15 -7 -16 -58908
8 -16 10 -16 -73644
-8 -17 -7 -12 -69816
11 -5 11 -4 -65520
24 -16 19 -19 -60992
15 -22 19 -19 -68962
-12 7 -15 9 -63312
-12 -18 -15 -19 -68558
0 -9 -2 -7 -72530
0 5 2 5 -71368
5 18 2 20 -78548
9 -17 12 -17 -74340
-23 -20 10 -24 -72400
-15 -11 -13 -14 -68746
10 -21 11 -14 -65732
-13 24 -3 23 -64512
19 9 24 6 -68076
8 7 2 3 -93358
-8 -8 -7 -9 -73912
-8 -8 -7 -8 -74722
-2 -21 0 -22 -55264
-10 -24 -8 -18 -55734
12 6 13 6 -66020
23 23 -9 24 -72666
-17 -8 -17 -5 -66766
-13 3 -14 6 -66976
-3 19 -5 19 -68758
20 1 19 4 -73222
6 9 6 6 -72434
-24 -13 -22 8 -71878
4 24 3 23 -51598
14 14 9 14 -72080
10 -24 12 -22 -53948
21 10 20 8 -66694
21 18 24 20 -44020
-1 0 0 0 -73660
23 12 23 2 -67612
13 -3 13 -7 -71226
21 -6 20 -9 -66988
1 -12 2 -13 -67884
3 -24 14 -24 -69218
-17 21 -8 21 -63012
5 -3 5 -2 -65630
5 14 3 16 -76542
-7 15 -6 21 -65890
-10 -1 -11 -2 -61724
1 -8 4 -5 -71802
-23 9 -22 12 -53438
-12 -16 -14 -22 -76984
23 1 22 3 -64096
-1 4 1 2 -73468
2 -24 23 -23 -61954
1 -4 0 -4 -67464
11 21 14 20 -79386
13 -24 3 -21 -70766
-5 13 -5 14 -58210
22 -17 24 -24 -34560
6 -23 8 -20 -59066
-13 10 -11 11 -71504
6 -20 6 -23 -54564
-18 11 24 16 -71988
-1 21 0 23 -54740
-5 24 -14 23 -60378
-11 -20 -9 -21 -61348
11 21 9 21 -71470
-10 -12 -10 -14 -63898
24 -4 22 -6 -57104
-22 4 -21 7 -65618
-19 -24 -9 -19 -74840
19 17 20 12 -74152
10 19 7 18 -68688
7 -1 7 -2 -65116
-11 13 -14 14 -66778
11 9 10 8 -60426
3 13 1 12 -68874
-4 -21 -16 -22 -73402
0 -17 1 -20 -65620
-23 -14 -20 -11 -65236
5 -4 4 -7 -70332
9 -10 13 -9 -74352
-21 12 -17 18 -66516
-21 4 -21 0 -64528
19 2 19 -2 -68282
12 -24 18 -24 -54542
9 15 8 10 -61608
23 18 24 17 -49532
-20 3 -20 -3 -72688
16 -21 19 -23 -57224
-10 6 -12 4 -77346
2 11 2 10 -57360
5 -6 -21 3 -85452
3 -16 3 -13 -67082
23 -9 24 -4 -58594
8 1 8 0 -60024
-19 20 -24 18 -45576
-4 0 -4 -1 -60696
3 -19 4 -24 -57250
-20 6 -17 8 -68182
21 -10 24 -14 -61488
19 -6 16 -5 -66976
18 10 17 9 -68714
-3 0 -1 0 -71908
-6 -14 -7 -9 -70114
-6 -8 -9 -9 -75154
-23 2 -24 14 -64330
-5 -13 -6 -13 -65000
22 -10 23 -10 -52898
-17 -1 -17 1 -63786
-20 13 -18 12 -69304
10 -3 12 0 -73276
-17 9 -21 17 -79146
13 -15 13 -11 -59812
5 8 3 10 -70684
-23 -9 -19 -10 -65348
-1 -12 0 -11 -66252
-21 7 -20 13 -64356
21 -5 22 -3 -70156
-10 7 -11 5 -75382
-17 12 -16 18 -69654
-24 -20 -19 -22 -63618
-12 -12 -8 -9 -71428
9 7 9 9 -68018
17 -3 16 -2 -68908
3 -16 1 -18 -64290
19 18 22 19 -64358
-23 21 -24 20 -25670
-18 8 -22 6 -65450
-19 24 -18 11 -69498
-2 -15 -1 -18 -64220
-4 22 -6 20 -68388
-18 -17 -20 -20 -65328
13 21 14 21 -71256
11 -5 9 -1 -74066
-24 -22 16 8 -79578
-7 -15 -10 -16 -71362
-13 13 -14 20 -71702
-9 8 -8 10 -71066
20 -18 19 -15 -64018
-21 12 -24 16 -48864
6 5 5 7 -71490
12 15 13 16 -71368
-18 -24 -24 -17 -72632
21 11 21 14 -63590
8 18 7 15 -61072
-6 12 -11 15 -71274
-24 15 -24 -8 -68758
23 0 22 -4 -63672
-20 -12 -24 -8 -62784
13 15 13 11 -65344
-1 -9 2 -7 -69632
-24 -8 -23 -15 -58378
-23 0 -23 -14 -69620
-3 -24 6 -24 -64320
11 2 9 0 -70568
-13 -3 -14 -1 -73844
16 18 15 21 -59738
0 -4 -1 -3 -66716
-18 -23 -12 -23 -64918
21 -22 20 -12 -69426
9 -7 10 -11 -73736
-16 -6 -16 -5 -65966
17 15 18 22 -73456
-21 21 -13 19 -63974
17 12 19 15 -70316
-22 -22 -23 -19 -46704
17 6 17 9 -67766
0 -4 1 -2 -68908
-14 -15 -17 -20 -80252
16 -3 16 -2 -67680
-24 -24 -3 12 -77710
-4 14 -9 14 -69856
-2 8 -3 9 -70026
8 -16 7 -17 -63320
20 -21 21 -19 -60802
-7 -17 -6 -24 -64496
7 -6 11 -8 -71260
-5 5 -6 4 -70656
-11 -11 -13 -14 -67948
-12 16 -10 19 -63214
6 -13 7 -14 -68534
-5 -11 -6 -8 -71608
-10 -16 -13 -17 -62598
16 5 20 5 -77058
16 9 13 10 -69798
0 22 -2 24 -56396
-6 16 -10 15 -69004
-1 11 1 11 -67784
-5 0 -6 0 -71918
7 -4 7 -8 -65552
-9 -5 -8 -7 -72428
-2 -13 -2 -15 -62352
-14 -19 -15 -11 -78604
6 10 10 10 -64376
-4 9 -4 7 -67226
-10 18 -5 21 -72110
13 -6 9 -7 -75396
24 24 17 22 -45848
14 -17 11 -22 -69332
23 -1 21 0 -55200
-23 -21 -18 -13 -73332
-1 -15 2 -14 -66918
-5 -21 -4 -22 -60084
24 1 24 -2 -50390
-10 -10 -11 -8 -70300
21 10 23 20 -72624
-14 16 -17 21 -62666
10 22 2 24 -78632
9 8 9 12 -65502
23 -9 21 3 -74096
11 -17 16 -23 -65562
-12 -20 -14 -24 -46688
0 22 0 20 -59026
11 3 16 0 -78796
-19 5 -24 7 -57460
-10 2 -11 5 -63546
0 6 2 5 -73204
-13 -7 -11 -4 -66324
21 3 21 4 -67766
10 -23 1 -23 -70436
1 23 5 24 -70734
0 7 0 9 -67712
-12 4 -13 2 -65652
-6 -20 -7 -18 -67226
-11 7 -8 8 -76298
-17 -3 -15 0 -67404
2 19 -3 24 -75088
3 18 0 16 -66732
-9 -1 -8 -2 -71724
18 19 17 23 -51012
2 -15 3 -17 -68614
3 -22 0 -23 -66494
-2 18 2 16 -74678
-12 -21 -23 -24 -59976
-7 21 -6 23 -49916
-2 0 -2 -3 -67526
-2 20 -3 22 -64608
0 19 -5 21 -76796
9 21 11 22 -61028
23 -12 20 1 -75014
9 23 15 21 -78004
24 0 -6 0 -82954
9 23 10 17 -65864
13 0 14 4 -63938
13 -22 9 -24 -62870
24 -7 22 -6 -42328
15 1 13 0 -67186
22 -9 -24 2 -75266
-13 1 -13 2 -56180
-9 23 -3 21 -63918
-23 24 -13 23 -51252
-14 18 -17 16 -60862
9 17 9 21 -66208
16 -17 14 -10 -66194
8 10 6 12 -68714
18 -4 19 -5 -68314
-6 -5 -4 -5 -69948
19 -23 21 -17 -64304
7 23 23 23 -78986
-3 17 -2 16 -69390
23 8 19 11 -72866
24 21 1 24 -76028
-2 -20 -7 -24 -65684
-19 -24 -21 -20 -47218
20 -13 22 -9 -70278
-15 -18 -14 -11 -76278
16 5 17 1 -73144
-18 -1 -20 -4 -75660
-13 -20 -15 -19 -60808
-4 3 -10 0 -81824
22 9 21 4 -70882
-18 5 -17 2 -73066
-24 -18 -17 -20 -74534
-22 4 -22 9 -66874
24 -1 -9 24 -80942
17 3 18 4 -71716
-17 8 -16 5 -66878
7 19 8 17 -74438
-11 -20 -4 -18 -78284
24 -15 23 -9 -56218
9 2 11 2 -67356
-20 -9 -24 22 -72240
5 -21 3 -22 -60738
10 24 5 23 -65702
0 6 -3 3 -75056
3 -20 2 14 -81724
7 -6 11 -5 -71848
-17 3 -18 4 -70266
-4 3 -2 2 -71988
-14 8 -13 12 -64914
-11 0 -9 0 -68786
15 16 15 12 -72418
21 10 21 12 -61834
12 7 11 8 -67056
17 18 19 16 -63368
-5 24 6 24 -71916
6 5 8 6 -74996
-14 -12 -14 -8 -65814
13 -18 15 -24 -53154
15 4 14 7 -69902
18 -2 17 -5 -70354
22 -3 24 -21 -68464
-21 22 -20 19 -37600
-24 -8 -23 -23 -63760
18 -18 14 -19 -67990
-21 -17 -20 -17 -63726
16 -9 13 -9 -66026
-9 -17 -10 -16 -65156
8 24 -24 24 -61756
-6 17 -24 24 -69140
5 19 6 22 -59694
20 3 23 5 -67130
0 -21 -4 -22 -63144
23 -10 18 -9 -63092
-18 -12 -17 -13 -60122
18 -13 21 -16 -64922
-23 18 -20 17 -43634
-20 -3 -18 -3 -67796
21 13 21 20 -71834
5 -10 5 -12 -70036
0 -14 -5 3 -90138
20 -22 21 -22 -45956
-20 2 -23 -6 -76006
-2 -16 0 -12 -70916
20 4 18 0 -76622
-7 -13 -6 -12 -68318
-18 19 -11 24 -55216
-8 0 -10 1 -74364
-4 18 -3 19 -70750
-16 -1 -19 0 -66482
7 -21 7 -19 -59950
23 -12 19 -13 -66606
-24 7 -23 16 -58200
-9 -23 -3 -19 -74346
-12 12 -12 15 -64160
15 17 15 14 -67890
-1 -18 -3 -20 -69204
-24 -2 -23 -2 -33492
-12 -21 -12 -17 -66336
3 -1 2 -1 -66676
3 11 1 11 -73288
24 8 -24 -6 -73504
-11 0 -15 -2 -63218
-6 -10 -5 -7 -67348
24 3 16 4 -75868
0 1 0 -2 -66966
24 11 24 9 -46482
4 23 -1 21 -72708
-15 -10 -18 -13 -61062
1 2 0 0 -67498
19 -18 20 -13 -69776
-24 20 -9 22 -69808
16 24 12 21 -61216
-1 -7 0 -12 -70482
-24 -10 -5 -6 -73030
17 9 16 9 -69700
-4 20 2 21 -74298
0 -22 2 -21 -69456
7 -12 5 -12 -65466
23 -12 14 -14 -71018
24 -17 20 -14 -57506
4 -20 -22 -24 -71786
-22 -23 -24 -1 -75684
-11 -24 10 -24 -64338
-14 -16 -14 -18 -67818
-20 -6 -20 -2 -64550
21 20 23 -1 -73862
