14 17 20 14 -79600
15 21 -20 20 -73970
-9 8 -9 7 -71054
-12 -23 -18 -21 -65140
-6 11 -4 12 -74536
-11 19 -9 16 -65030
15 20 19 20 -71952
0 13 0 17 -61908
-7 2 -13 -1 -84456
-7 14 -8 12 -73974
-23 -9 -20 -6 -62380
6 3 6 5 -66242
19 12 23 11 -63202
1 3 1 6 -69548
-11 22 -12 15 -64174
10 -2 10 -1 -64704
2 -15 8 -8 -91484
21 -15 24 -7 -70794
-19 12 -15 11 -70516
10 24 6 -20 -84070
-19 1 -20 2 -75120
-23 0 -20 0 -66508
23 -19 24 -19 -27756
14 -24 19 -21 -70342
-8 -20 -10 -18 -71562
-24 24 21 21 -64404
13 10 -10 3 -84500
-2 -4 -2 -5 -56912
-3 -20 -7 -19 -68330
-19 13 -18 12 -67632
1 -12 2 -12 -71166
11 -20 8 -20 -70572
-9 -5 -9 -6 -62804
-2 11 -3 11 -75108
17 2 17 3 -63776
18 0 24 2 -71728
-23 -6 -21 -6 -64668
-22 13 -19 17 -59204
-3 7 -5 6 -72772
-6 19 -11 23 -60714
17 -7 -14 -6 -83438
20 4 24 9 -66860
-19 -6 -20 -5 -68332
-10 -5 -13 -6 -74966
15 -6 14 -9 -61266
7 14 4 14 -66168
8 -20 7 -16 -72538
21 1 23 2 -68730
-3 -22 -3 -20 -58154
18 24 14 21 -64052
-7 -9 -2 -6 -70500
11 11 16 12 -71372
13 -4 14 -4 -61472
-15 9 -16 7 -62986
-4 -15 -9 -13 -77560
18 -21 22 -24 -43990
5 15 5 12 -61556
-21 8 -23 24 -61706
15 17 19 18 -70256
-20 -16 -18 -15 -66812
-17 14 -13 13 -74154
-13 3 -8 2 -74306
11 -17 12 -18 -66422
19 -10 17 -12 -64054
0 22 -2 18 -72318
7 -13 7 -12 -71922
24 24 1 6 -70750
23 2 23 3 -66550
-22 -3 -24 -21 -76876
-1 -1 -4 -2 -66692
-15 -9 -14 -8 -59196
13 11 13 10 -61098
16 23 16 19 -51954
-20 -11 -20 -23 -71516
9 1 8 4 -67554
1 -11 0 -10 -77256
16 5 16 8 -67100
5 -18 3 -17 -64674
3 -11 2 -10 -75114
-21 -1 -20 0 -59050
2 -23 0 -19 -64034
15 -21 16 -17 -70168
-23 -17 24 -22 -70010
5 -9 -7 1 -91274
9 24 1 23 -72612
-24 3 -21 -4 -64562
-6 11 -5 10 -74748
-10 8 -7 7 -70898
4 -2 6 -1 -61306
8 6 8 5 -64776
-8 10 -7 13 -75158
-9 -6 -10 -2 -63084
-20 -11 -21 -1 -75248
15 -20 18 -24 -52654
3 2 4 1 -63470
-22 5 -22 6 -64086
0 17 0 18 -60218
-9 15 -8 8 -74176
11 -10 11 -7 -63952
-17 21 -17 23 -28808
-13 15 -12 13 -69706
-4 0 -3 2 -66920
23 -8 23 -10 -54390
-11 16 -14 15 -71474
-16 -18 -17 -17 -62896
-14 -7 -18 -7 -55174
-24 6 -23 0 -55408
14 -16 16 -14 -64670
10 -21 9 -12 -78102
13 18 12 18 -66384
7 -8 4 -10 -73510
-17 24 -17 15 -61410
10 6 10 0 -72428
-19 -15 -22 -7 -71786
18 5 15 6 -69778
-17 -24 -24 -23 -50176
-19 4 -23 5 -67408
-8 -21 -5 -24 -58390
16 -20 11 -21 -69008
15 -10 14 -3 -77436
3 16 3 21 -68102
5 3 6 3 -65632
-9 -9 -12 -8 -72134
0 3 0 2 -66460
-5 3 -5 1 -65596
-20 -19 -22 -15 -60210
8 -20 5 -19 -66802
-9 -6 -9 -8 -65906
-22 -15 -20 -9 -71398
5 -15 6 -12 -77106
14 -9 15 -10 -68494
-10 -1 -10 0 -56784
20 -15 19 16 -79644
7 -11 7 -10 -71894
15 -1 18 0 -66280
21 24 14 22 -65454
12 -1 11 0 -65954
15 -15 11 -15 -66962
17 -10 17 -12 -57412
0 15 -1 10 -67920
24 19 20 14 -55110
24 14 21 18 -62852
-23 -2 -19 -4 -75566
-3 -8 -2 -8 -61294
19 19 23 16 -66684
-4 3 -5 5 -74438
-7 -15 -7 -16 -60520
8 -16 10 -16 -69346
-8 -17 -7 -12 -70352
11 -5 11 -4 -64236
24 -16 19 -19 -53868
15 -22 19 -19 -74852
-12 7 -15 9 -65604
-12 -18 -15 -19 -68506
0 -9 -2 -7 -69924
0 5 2 5 -63386
-6 -10 -7 -6 -77910
9 -17 12 -17 -74544
-23 -20 10 -24 -74390
-15 -11 -13 -14 -72220
10 -21 11 -14 -77796
-13 24 -3 23 -60950
19 9 24 6 -66486
19 5 23 5 -68534
-8 -8 -7 -9 -73106
-8 -8 -7 -8 -66858
-2 -21 0 -22 -58934
-10 -24 -8 -18 -62218
12 6 13 6 -63570
23 23 -9 24 -65122
-17 -8 -17 -5 -66578
-13 3 -14 6 -64674
-3 19 -5 19 -66900
-16 -5 -2 2 -89908
6 9 6 6 -64174
-24 -13 -22 8 -70016
4 24 3 23 -52936
14 14 9 14 -70324
10 -24 12 -22 -58470
21 10 20 8 -63632
21 18 24 20 -43832
-1 0 0 0 -66940
23 12 23 2 -62776
13 -3 13 -7 -70798
21 -6 20 -9 -66506
1 -12 2 -13 -77142
3 -24 14 -24 -64588
-17 21 -8 21 -65512
5 -3 5 -2 -60514
5 14 3 16 -65160
-7 15 -6 21 -63904
-10 -1 -11 -2 -74016
1 -8 4 -5 -75284
-23 9 -22 12 -57076
-12 -16 -14 -22 -73328
23 1 22 3 -61120
10 4 8 4 -69900
2 -24 23 -23 -61522
1 -4 0 -4 -66856
-19 13 -16 16 -65120
1 -12 0 -14 -71786
-5 13 -5 14 -60302
22 -17 24 -24 -33726
6 -23 8 -20 -65240
-13 10 -11 11 -73564
6 -20 6 -23 -67634
-18 11 24 16 -72198
-1 21 0 23 -55282
-5 24 -14 23 -58086
-11 -20 -9 -21 -61920
11 21 9 21 -64500
-10 -12 -10 -14 -63594
24 -4 22 -6 -57320
-22 4 -21 7 -66266
-19 -24 -9 -19 -75958
19 17 20 12 -70102
10 19 7 18 -70316
7 -1 7 -2 -62734
-11 13 -14 14 -72812
11 9 10 8 -57926
3 13 1 12 -73024
-4 -21 -16 -22 -75606
0 -17 1 -20 -68724
-23 -14 -20 -11 -66964
5 -4 4 -7 -65680
10 -10 13 -9 -56370
-20 20 -22 17 -56678
-21 4 -21 0 -63528
19 2 19 -2 -69470
12 -24 18 -24 -55950
9 15 8 10 -65114
23 18 24 17 -46398
-20 3 -20 -3 -66936
16 -21 19 -23 -57288
-10 6 -12 4 -76872
2 11 2 10 -57470
9 10 10 9 -67744
3 -16 3 -13 -69432
23 -9 24 -4 -55832
8 1 8 0 -60608
-19 20 -24 18 -53114
-4 0 -4 -1 -64254
3 -19 4 -24 -62346
-20 6 -17 8 -69184
21 -10 24 -14 -62638
19 -6 16 -5 -65378
18 10 17 9 -66600
13 15 14 21 -65982
-6 -14 -7 -9 -73620
-13 -23 -7 -18 -77086
-23 2 -24 14 -66384
-5 -13 -6 -13 -67678
22 -10 23 -10 -54080
-17 -1 -17 1 -61736
-20 13 -18 12 -66800
22 -23 23 -6 -66786
6 0 -12 5 -89218
13 -15 13 -11 -58578
5 8 3 10 -69230
-23 -9 -19 -10 -67286
-1 -12 0 -11 -70106
-21 7 -20 13 -68284
21 -5 22 -3 -69506
-10 7 -11 5 -74590
-17 12 -16 18 -70198
-24 -20 -19 -22 -64444
-12 -12 -8 -9 -72104
10 -19 11 -22 -70094
17 -3 16 -2 -71910
3 -16 1 -18 -68932
19 18 22 19 -60252
-23 21 -24 20 -33382
-18 8 -22 6 -67798
-19 24 -18 11 -73094
-2 -15 -1 -18 -67870
-4 22 -6 20 -66724
-18 -17 -20 -20 -61570
13 21 14 21 -60596
11 -5 9 -1 -72242
-14 4 -16 1 -73160
-7 -15 -10 -16 -70046
-13 13 -14 20 -73056
-9 8 -8 10 -74152
20 -18 19 -15 -68986
-21 12 -24 16 -45704
6 5 5 7 -70408
12 15 13 16 -69540
-18 -24 -24 -17 -74168
21 11 21 14 -62744
8 18 7 15 -66998
-21 -3 -23 -6 -58246
-24 15 -24 -8 -68922
23 0 22 -4 -64760
-20 -12 -24 -8 -64134
13 15 13 11 -64896
-1 -9 2 -7 -73358
-24 -8 -23 -15 -57628
-23 0 -23 -14 -71372
-3 -24 6 -24 -64890
11 2 9 0 -63362
-13 -3 -14 -1 -57782
16 18 15 21 -60360
0 -4 -1 -3 -61074
-18 -23 -12 -23 -63264
21 -22 20 -12 -69018
-20 -20 24 -20 -72632
-16 -6 -16 -5 -63552
17 15 18 -5 -85808
-21 21 -13 19 -63912
17 12 19 15 -63736
-22 -22 -23 -19 -47264
17 6 17 9 -66708
-18 -22 -19 -2 -85374
8 4 7 4 -68264
16 -3 16 -2 -67780
-24 -24 -3 12 -76530
-4 14 -9 14 -71932
-2 8 -3 9 -73728
8 -16 7 -17 -67016
20 -21 21 -19 -56434
-7 -17 -6 -24 -68672
7 -6 11 -8 -60126
-5 5 -6 4 -69642
-11 -11 -13 -14 -67476
-12 16 -10 19 -65340
6 -13 7 -14 -64150
-5 -11 -6 -8 -75698
-10 -16 -13 -17 -65364
12 -8 13 -10 -71480
16 9 13 10 -71020
0 22 -2 24 -61274
-6 16 -10 15 -67656
-1 11 1 11 -67292
0 -2 0 9 -85410
7 -4 7 -8 -63886
0 -3 -2 -5 -68000
-2 -13 -2 -15 -63534
-5 24 10 -19 -87358
6 10 10 10 -65242
-4 9 -4 7 -72298
-11 2 -15 2 -71348
19 -17 19 -16 -60250
24 24 17 22 -45612
14 -17 11 -22 -77548
23 -1 21 0 -56216
-23 -21 -18 -13 -71704
-1 -15 2 -14 -72598
-5 -21 -4 -22 -62290
24 1 24 -2 -52716
-10 -10 -11 -8 -70570
21 10 23 20 -63994
-14 16 -17 21 -63964
10 22 2 24 -65376
9 8 9 12 -62840
23 -9 21 3 -73008
-3 22 -2 21 -73126
-12 -20 -14 -24 -49136
0 22 0 20 -60668
-1 -18 0 -15 -66302
-19 5 -24 7 -59972
-10 2 -11 5 -64346
0 6 2 5 -68184
-13 -7 -11 -4 -72792
21 3 21 4 -64920
10 -23 1 -23 -67744
1 23 5 24 -67054
0 7 0 9 -63616
-12 4 -13 2 -74188
-6 -20 -7 -18 -68334
-11 7 -8 8 -74172
-17 -3 -15 0 -64710
2 19 -3 24 -74994
3 18 0 16 -69988
-9 -1 -8 -2 -64548
18 19 17 23 -53422
2 -15 3 -17 -70632
3 -22 0 -23 -67598
7 20 5 17 -78684
-12 -21 -23 -24 -58746
-7 21 -6 23 -49856
-2 0 -2 -3 -66614
-2 20 -3 22 -72144
11 -23 10 -22 -49752
9 21 11 22 -59372
23 -12 20 1 -73346
9 23 15 21 -62548
9 -2 6 -1 -67062
9 23 10 17 -62724
13 0 14 4 -67678
13 -22 9 -24 -65964
24 -7 22 -6 -43498
15 1 13 0 -66108
-3 10 -4 12 -71296
-13 1 -13 2 -59950
-9 23 -3 21 -61666
-23 24 -13 23 -50386
-14 18 -17 16 -66122
9 17 9 21 -67866
16 -17 14 -10 -65614
-1 12 -4 11 -78164
18 -4 19 -5 -66784
-4 -14 -2 -5 -80698
19 -23 21 -17 -59938
12 4 17 -3 -83076
-3 17 -2 16 -63690
23 8 19 11 -70482
24 21 1 24 -63226
-2 -20 -7 -24 -64900
-19 -24 -21 -20 -48906
20 -13 22 -9 -70826
-15 -18 -14 -11 -70660
17 20 19 24 -52096
-5 -21 -2 -17 -74994
-13 -20 -15 -19 -60440
23 0 24 6 -67184
-23 5 -19 24 -72778
-16 5 -17 16 -75234
-24 -18 -17 -20 -75612
-22 4 -22 9 -69258
0 11 8 13 -81366
17 3 18 4 -66074
-17 8 -16 5 -67492
7 19 8 17 -64330
14 2 20 0 -73678
24 -15 23 -9 -58244
9 2 11 2 -66772
-20 -9 -24 22 -74120
5 -21 3 -22 -60848
10 24 5 23 -60716
0 6 -3 3 -68988
7 12 6 14 -66184
-6 8 -6 6 -74504
-17 3 -18 4 -68544
-4 3 -2 2 -70036
-14 8 -13 12 -66184
5 -8 4 -10 -77614
2 -12 0 -8 -78574
21 10 21 12 -62570
12 7 11 8 -68608
17 18 19 16 -71942
-5 24 6 24 -70438
-17 -12 -15 -16 -71118
-14 -12 -14 -8 -64692
13 -18 15 -24 -57448
15 4 14 7 -67964
18 -2 17 -5 -69004
22 -3 24 -21 -67998
-21 22 -20 19 -39958
-24 -8 -23 -23 -63458
18 -18 14 -19 -68112
-21 -17 -20 -17 -64568
16 -9 13 -9 -63024
-9 -17 -10 -16 -67936
8 24 -24 24 -61784
-6 17 -24 24 -69636
5 19 6 22 -66614
20 3 23 5 -74312
0 -21 -4 -22 -64332
23 -10 18 -9 -62118
-18 -12 -17 -13 -60060
18 -13 21 -16 -67086
-23 18 -20 17 -45244
-20 -3 -18 -3 -68198
22 0 -24 12 -74186
5 -10 5 -12 -74640
17 -24 18 -23 -50244
20 -22 21 -22 -45308
16 11 14 14 -72848
-3 -19 -9 -22 -73276
-6 0 -4 -4 -72094
-7 -13 -6 -12 -67528
-18 19 -11 24 -57294
-9 12 -7 9 -71534
-4 18 -3 19 -72020
-16 -1 -19 0 -65436
7 -21 7 -19 -73086
23 -12 19 -13 -65208
-24 7 -23 16 -59894
1 16 -3 13 -79686
-12 12 -12 15 -65280
15 17 15 14 -62378
-1 -18 -3 -20 -70782
-24 -2 -23 -2 -39938
-12 -21 -12 -17 -64444
3 -1 2 -1 -61812
3 11 1 11 -72440
9 -20 9 -23 -67474
-11 0 -15 -2 -78118
-6 -10 -5 -7 -72498
24 3 -23 -8 -71326
0 1 0 -2 -65692
24 11 24 9 -44692
4 23 -1 21 -69664
-15 -10 -18 -13 -60692
1 2 0 0 -63074
19 23 20 14 -62266
-24 20 -9 22 -70388
16 24 12 21 -57558
-5 -24 -5 -23 -29896
-24 -10 -5 -6 -72652
17 9 16 9 -65954
-4 20 2 21 -71494
0 -22 2 -21 -70822
7 -12 5 -12 -63584
23 -12 14 -14 -65130
24 -17 20 -14 -59684
4 -20 -22 -24 -72484
-22 -23 -24 -1 -78542
-11 -24 10 -24 -67178
-14 -16 -14 -18 -60738
-20 -6 -20 -2 -62368
21 20 23 -1 -73858
