14 17 20 14 -82367
15 21 -20 20 -72371
-9 8 -9 7 -70153
-12 -23 -18 -21 -65673
-6 11 -4 12 -73625
-11 19 -9 16 -64111
15 20 19 20 -72885
0 13 0 17 -63719
22 2 1 -1 -76949
-7 14 -8 12 -74605
-23 -9 -20 -6 -61961
6 3 6 5 -67133
19 12 23 11 -63131
1 3 1 6 -66323
-11 22 -12 15 -63495
10 -2 10 -1 -61507
-3 -5 -1 -8 -70047
21 -15 24 -7 -70447
-19 12 -15 11 -69833
10 13 6 12 -71449
-19 1 -20 2 -73547
-23 0 -20 0 -65983
23 -19 24 -19 -27975
14 -24 19 -21 -71375
-8 -20 -10 -18 -72967
-24 24 21 21 -64275
10 -1 6 16 -91667
-2 -4 -2 -5 -60987
-3 -20 -7 -19 -65925
-19 13 -18 12 -66943
1 -12 2 -12 -67913
11 -20 8 -20 -71577
-9 -5 -9 -6 -60617
-2 11 -3 11 -72599
17 2 17 3 -59093
18 0 24 2 -74365
-23 -6 -21 -6 -63787
-22 13 -19 17 -59269
-3 7 -5 6 -71133
-6 19 -11 23 -60385
-12 -21 -11 -6 -83461
20 4 24 9 -67749
-19 -6 -20 -5 -68491
-10 -5 -13 -6 -73161
15 -6 14 -9 -61105
7 14 4 14 -64221
8 -20 7 -16 -75841
21 1 23 2 -69545
-3 -22 -3 -20 -55327
18 24 14 21 -64181
-7 -9 -2 -6 -69277
11 11 16 12 -72065
13 -4 14 -4 -59735
-15 9 -16 7 -62351
-4 -15 -9 -13 -75649
18 -21 22 -24 -44047
5 15 5 12 -64425
-21 8 -23 24 -61351
15 17 19 18 -71583
-20 -16 -18 -15 -67665
-17 14 -13 13 -73403
-13 3 -8 2 -67401
11 -17 12 -18 -67861
19 -10 17 -12 -63037
0 22 -2 18 -70453
7 -13 7 -12 -69379
24 24 1 6 -72709
23 2 23 3 -65241
-22 -3 -24 -21 -73233
-1 -1 -4 -2 -72673
-15 -9 -14 -8 -66249
13 11 13 10 -61129
16 23 16 19 -51689
-20 -11 -20 -23 -69339
9 1 8 4 -71251
1 -11 0 -10 -69839
16 5 16 8 -65423
5 -18 3 -17 -61341
3 -11 2 -10 -71645
-21 -1 -20 0 -58405
2 -23 0 -19 -65269
15 -21 16 -17 -70633
-23 -17 24 -22 -71619
13 2 8 3 -84331
9 24 1 23 -72495
-24 3 -21 -4 -63557
-6 11 -5 10 -76195
-10 8 -7 7 -66887
4 -2 6 -1 -63859
8 6 8 5 -66321
-8 10 -7 13 -76091
-9 -6 -10 -2 -62497
-20 -11 -21 -1 -74465
15 -20 18 -24 -52953
3 2 4 1 -64689
-22 5 -22 6 -63565
0 17 0 18 -59759
-9 15 -8 8 -74851
11 -10 11 -7 -64079
-17 21 -17 23 -28575
-13 15 -12 13 -69255
-4 0 -3 2 -71995
23 -8 23 -10 -53803
-11 16 -14 15 -70571
-16 -18 -17 -17 -63077
-14 -7 -18 -7 -57825
-24 6 -23 0 -54605
14 -16 16 -14 -63227
10 -21 9 -12 -77989
13 18 12 18 -67547
7 -8 4 -10 -70067
-17 24 -17 15 -61323
10 6 10 0 -72503
-19 -15 -22 -7 -70797
18 5 15 6 -68439
-17 -24 -24 -23 -49617
-19 4 -23 5 -66379
-8 -21 -5 -24 -59113
16 -20 11 -21 -70399
15 -10 14 -3 -78495
3 16 3 21 -68985
5 3 6 3 -67847
-9 -9 -12 -8 -69575
0 3 0 2 -66167
-5 3 -5 1 -65367
-20 -19 -22 -15 -59999
8 -20 5 -19 -66029
-9 -6 -9 -8 -63355
-22 -15 -20 -9 -69419
5 -15 6 -12 -72175
14 -9 15 -10 -67603
-10 -1 -10 0 -56031
20 -15 19 16 -75301
7 -11 7 -10 -72235
15 -1 18 0 -68843
21 24 14 22 -65285
12 -1 11 0 -63505
15 -15 11 -15 -67801
17 -10 17 -12 -56143
0 15 -1 10 -70867
24 19 20 14 -55175
24 14 21 18 -62875
-23 -2 -19 -4 -74763
-3 -8 -2 -8 -64723
19 19 23 16 -67329
-4 3 -5 5 -71337
-7 -15 -7 -16 -65357
8 -16 10 -16 -69103
-8 -17 -7 -12 -75481
11 -5 11 -4 -63773
24 -16 19 -19 -54071
15 -22 19 -19 -75135
-12 7 -15 9 -65451
-12 -18 -15 -19 -68151
0 -9 -2 -7 -68209
0 5 2 5 -59343
-14 -10 -13 -6 -72017
9 -17 12 -17 -75445
-23 -20 10 -24 -74809
-15 -11 -13 -14 -71721
10 -21 11 -14 -77667
-13 24 -3 23 -60091
19 9 24 6 -65529
19 5 23 5 -70043
-8 -8 -7 -9 -67633
-8 -8 -7 -8 -64787
-2 -21 0 -22 -60033
-10 -24 -8 -18 -59671
12 6 13 6 -67807
23 23 -9 24 -64879
-17 -8 -17 -5 -69097
-13 3 -14 6 -65065
-3 19 -5 19 -66343
0 9 -2 16 -79335
6 9 6 6 -66055
-24 -13 -22 8 -71269
4 24 3 23 -52839
14 14 9 14 -73381
10 -24 12 -22 -61207
21 10 20 8 -64953
21 18 24 20 -43101
-1 0 0 0 -64997
23 12 23 2 -61355
13 -3 13 -7 -71367
21 -6 20 -9 -66651
1 -12 2 -13 -73923
3 -24 14 -24 -67231
-17 21 -8 21 -64973
5 -3 5 -2 -61767
5 14 3 16 -65727
-7 15 -6 21 -62125
-10 -1 -11 -2 -64147
1 -8 4 -5 -75615
-23 9 -22 12 -57277
-12 -16 -14 -22 -73437
23 1 22 3 -60327
10 4 8 4 -79743
2 -24 23 -23 -64461
1 -4 0 -4 -65789
-19 13 -16 16 -66185
1 -12 0 -14 -71707
-5 13 -5 14 -62227
22 -17 24 -24 -34173
6 -23 8 -20 -66715
-13 10 -11 11 -72207
6 -20 6 -23 -70741
-18 11 24 16 -72149
-1 21 0 23 -54337
-5 24 -14 23 -56957
-11 -20 -9 -21 -63039
11 21 9 21 -67109
-10 -12 -10 -14 -67821
24 -4 22 -6 -56753
-22 4 -21 7 -66489
-19 -24 -9 -19 -75527
19 17 20 12 -70065
10 19 7 18 -72791
7 -1 7 -2 -62251
-11 13 -14 14 -71647
11 9 10 8 -60433
3 13 1 12 -62937
-4 -21 -16 -22 -74315
0 -17 1 -20 -67521
-23 -14 -20 -11 -66393
5 -4 4 -7 -67883
10 -10 13 -9 -55461
-20 20 -22 17 -57047
-21 4 -21 0 -62247
19 2 19 -2 -65085
12 -24 18 -24 -57447
9 15 8 10 -67885
23 18 24 17 -46311
-20 3 -20 -3 -65853
16 -21 19 -23 -57199
-10 6 -12 4 -73223
2 11 2 10 -60859
9 10 10 9 -72383
3 -16 3 -13 -67945
23 -9 24 -4 -56593
8 1 8 0 -60639
-19 20 -24 18 -53599
-4 0 -4 -1 -67243
3 -19 4 -24 -64581
-20 6 -17 8 -68707
21 -10 24 -14 -61775
19 -6 16 -5 -65839
18 10 17 9 -67783
13 15 14 21 -65339
-6 -14 -7 -9 -72623
-13 -23 -7 -18 -73469
-23 2 -24 14 -65797
-5 -13 -6 -13 -67039
22 -10 23 -10 -53299
-17 -1 -17 1 -59741
-20 13 -18 12 -65801
22 -23 23 -6 -66907
-3 -2 -4 -3 -72581
13 -15 13 -11 -56477
5 8 3 10 -69069
-23 -9 -19 -10 -68247
-1 -12 0 -11 -68169
-21 7 -20 13 -67277
21 -5 22 -3 -69831
-10 7 -11 5 -73095
-17 12 -16 18 -70283
-24 -20 -19 -22 -64007
-12 -12 -8 -9 -76427
10 -19 11 -22 -71719
17 -3 16 -2 -69693
3 -16 1 -18 -72277
19 18 22 19 -59673
-23 21 -24 20 -33555
-18 8 -22 6 -67281
-19 24 -18 11 -73037
-2 -15 -1 -18 -68139
-4 22 -6 20 -64629
-18 -17 -20 -20 -62087
13 21 14 21 -61529
11 -5 9 -1 -69757
-14 4 -16 1 -69949
-7 -15 -10 -16 -66477
-13 13 -14 20 -73309
-9 8 -8 10 -72433
20 -18 19 -15 -68611
-21 12 -24 16 -45389
6 5 5 7 -72481
12 15 13 16 -68337
-18 -24 -24 -17 -73257
21 11 21 14 -61839
8 18 7 15 -68859
-21 -3 -23 -6 -58657
-24 15 -24 -8 -68759
23 0 22 -4 -64001
-20 -12 -24 -8 -64057
13 15 13 11 -65367
-1 -9 2 -7 -72989
-24 -8 -23 -15 -57509
-23 0 -23 -14 -69757
-3 -24 6 -24 -67087
11 2 9 0 -66585
-13 -3 -14 -1 -57987
16 18 15 21 -60343
0 -4 -1 -3 -63355
-18 -23 -12 -23 -63129
21 -22 20 -12 -68985
-20 -20 24 -20 -73561
-16 -6 -16 -5 -65303
4 -14 3 -23 -80365
-21 21 -13 19 -63251
17 12 19 15 -63615
-22 -22 -23 -19 -45995
17 6 17 9 -65161
-4 -24 17 -22 -74663
8 4 7 4 -73725
16 -3 16 -2 -65985
-24 -24 -3 12 -75709
-4 14 -9 14 -70155
-2 8 -3 9 -73939
8 -16 7 -17 -65143
20 -21 21 -19 -57435
-7 -17 -6 -24 -68127
7 -6 11 -8 -61301
-5 5 -6 4 -68283
-11 -11 -13 -14 -71927
-12 16 -10 19 -64329
6 -13 7 -14 -62485
-5 -11 -6 -8 -67557
-10 -16 -13 -17 -64341
12 -8 13 -10 -71139
16 9 13 10 -72607
0 22 -2 24 -59859
-6 16 -10 15 -66467
-1 11 1 11 -61669
-11 -15 5 -23 -85851
7 -4 7 -8 -63595
0 -3 -2 -5 -74525
-2 -13 -2 -15 -68797
-23 -10 1 -6 -79475
6 10 10 10 -72581
-4 9 -4 7 -72083
-11 2 -15 2 -67869
19 -17 19 -16 -59929
24 24 17 22 -45153
14 -17 11 -22 -77637
23 -1 21 0 -56717
-23 -21 -18 -13 -70983
-1 -15 2 -14 -72409
-5 -21 -4 -22 -63473
24 1 24 -2 -52003
-10 -10 -11 -8 -67207
21 10 23 20 -64193
-14 16 -17 21 -63365
10 22 2 24 -65339
9 8 9 12 -65167
23 -9 21 3 -73041
-3 22 -2 21 -71865
-12 -20 -14 -24 -48555
0 22 0 20 -59675
-1 -18 0 -15 -71913
-19 5 -24 7 -59083
-10 2 -11 5 -64391
0 6 2 5 -64031
-13 -7 -11 -4 -73219
21 3 21 4 -62947
14 0 -18 -1 -83425
1 23 5 24 -65601
0 7 0 9 -63205
-12 4 -13 2 -69993
-6 -20 -7 -18 -69255
-11 7 -8 8 -70493
-17 -3 -15 0 -63155
2 19 -3 24 -72535
3 18 0 16 -66125
-9 -1 -8 -2 -61177
18 19 17 23 -53393
7 -24 3 -23 -57359
3 -22 0 -23 -66193
7 20 5 17 -79929
-12 -21 -23 -24 -59877
-7 21 -6 23 -47651
-2 0 -2 -3 -72505
-2 20 -3 22 -71453
11 -23 10 -22 -51525
9 21 11 22 -60461
23 -12 20 1 -74091
9 23 15 21 -63645
9 -2 6 -1 -71583
9 23 10 17 -62015
13 0 14 4 -65681
13 -22 9 -24 -68305
24 -7 22 -6 -42203
15 1 13 0 -68049
-3 10 -4 12 -77037
-13 1 -13 2 -58573
-9 23 -3 21 -61047
-23 24 -13 23 -50251
-14 18 -17 16 -65675
9 17 9 21 -67001
16 -17 14 -10 -64729
-1 12 -4 11 -74423
18 -4 19 -5 -67667
-7 -5 12 1 -86747
19 -23 21 -17 -60913
0 4 0 -3 -81637
-3 17 -2 16 -63695
23 8 19 11 -69623
24 21 1 24 -67381
-2 -20 -7 -24 -52959
-19 -24 -21 -20 -48287
20 -13 22 -9 -70775
-15 -18 -14 -11 -72317
17 20 19 24 -51847
23 12 2 20 -83843
-13 -20 -15 -19 -60903
23 0 24 6 -65775
-23 5 -19 24 -73209
-16 5 -17 16 -74577
-24 -18 -17 -20 -75839
-22 4 -22 9 -68977
0 -7 8 21 -89583
17 3 18 4 -67899
-17 8 -16 5 -67119
7 19 8 17 -65587
14 2 20 0 -71283
24 -15 23 -9 -57593
9 2 11 2 -79759
-20 -9 -24 22 -74065
5 -21 3 -22 -61209
10 24 5 23 -62637
0 6 -3 3 -68823
7 12 6 14 -68293
-6 8 -6 6 -72785
-17 3 -18 4 -67575
-4 3 -2 2 -68127
-14 8 -13 12 -65351
5 -8 4 -10 -75677
3 -12 3 -8 -72657
21 10 21 12 -61975
12 7 11 8 -73635
17 18 19 16 -73399
-5 24 6 24 -68631
-17 -12 -15 -16 -71043
-14 -12 -14 -8 -68333
13 -18 15 -24 -57415
15 4 14 7 -66523
18 -2 17 -5 -69931
22 -3 24 -21 -67853
-21 22 -20 19 -39947
-24 -8 -23 -23 -62175
18 -18 14 -19 -67759
-21 -17 -20 -17 -65589
16 -9 13 -9 -62079
-9 -17 -10 -16 -69657
8 24 -24 24 -60741
-6 17 -24 24 -68899
5 19 6 22 -66499
20 3 23 5 -75407
0 -21 -4 -22 -59043
23 -10 18 -9 -61773
-18 -12 -17 -13 -61261
18 -13 21 -16 -66829
-23 18 -20 17 -44825
-20 -3 -18 -3 -68281
22 0 -24 12 -75341
5 -10 5 -12 -76367
17 -24 18 -23 -50957
20 -22 21 -22 -45657
16 11 14 14 -74527
-2 -14 1 10 -86159
-6 0 -4 -4 -70139
-7 -13 -6 -12 -69919
-18 19 -11 24 -56055
-9 12 -7 9 -70821
-4 18 -3 19 -68367
-16 -1 -19 0 -64995
7 -21 7 -19 -77739
23 -12 19 -13 -65305
-24 7 -23 16 -59461
-4 -17 -3 -13 -75407
-12 12 -12 15 -65223
15 17 15 14 -62631
-1 -18 -3 -20 -63415
-24 -2 -23 -2 -40049
-12 -21 -12 -17 -64997
3 -1 2 -1 -62405
3 11 1 11 -63765
9 -20 9 -23 -70163
-11 0 -15 -2 -72693
-6 -10 -5 -7 -63737
24 3 -23 -8 -75937
0 1 0 -2 -74279
24 11 24 9 -45089
4 23 -1 21 -68885
-15 -10 -18 -13 -61965
1 2 0 0 -67331
19 23 20 14 -62387
-24 20 -9 22 -70693
16 24 12 21 -57309
-5 -24 -5 -23 -30195
-24 -10 -5 -6 -79487
17 9 16 9 -66489
-4 20 2 21 -68937
0 -22 2 -21 -69109
7 -12 5 -12 -61761
23 -12 14 -14 -64953
24 -17 20 -14 -59723
4 -20 -22 -24 -70723
-22 -23 -24 -1 -74871
-11 -24 10 -24 -67291
-14 -16 -14 -18 -62153
-20 -6 -20 -2 -62019
21 20 23 -1 -70841
