-1 -14 -7 -14 -78473
15 21 -20 20 -73725
-9 8 -9 7 -70289
-12 -23 -18 -21 -65299
-6 11 -4 12 -75379
-11 19 -9 16 -70969
15 20 19 20 -67657
0 13 0 17 -57833
6 -9 16 -7 -82405
-7 14 -8 12 -74595
-23 -9 -20 -6 -59917
6 3 6 5 -64005
19 12 23 11 -63025
1 3 1 6 -60743
-11 22 -12 15 -63817
10 -2 10 -1 -63235
-3 -5 -1 -8 -74025
21 -15 24 -7 -78383
-19 12 -15 11 -70307
10 13 6 12 -69127
-19 1 -20 2 -74053
-23 0 -20 0 -66811
23 -19 24 -19 -28597
14 -24 19 -21 -71191
-8 -20 -10 -18 -72933
-24 24 21 21 -64477
-20 -1 -14 3 -77563
-2 -4 -2 -5 -56701
-3 -20 -7 -19 -67811
-19 13 -18 12 -67061
1 -12 2 -12 -70477
11 -20 8 -20 -75207
-9 -5 -9 -6 -61753
-2 11 -3 11 -72425
17 2 17 3 -72755
18 0 24 2 -68781
-23 -6 -21 -6 -63593
-22 13 -19 17 -58845
-3 7 -5 6 -70601
-6 19 -11 23 -68457
-15 -9 -12 -12 -76531
20 4 24 9 -60517
-19 -6 -20 -5 -69051
-10 -5 -13 -6 -71511
15 -6 14 -9 -59847
7 14 4 14 -62415
8 -20 7 -16 -69327
21 1 23 2 -61201
-3 -22 -3 -20 -53933
18 24 14 21 -64363
-7 -9 -2 -6 -71381
11 11 16 12 -71407
13 -4 14 -4 -67973
-15 9 -16 7 -62689
-4 -15 -9 -13 -78879
18 -21 22 -24 -45315
5 15 5 12 -59279
-21 8 -23 24 -59135
15 17 19 18 -66909
-20 -16 -18 -15 -66637
-17 14 -13 13 -74565
-13 3 -8 2 -67929
11 -17 12 -18 -69203
19 -10 17 -12 -66769
0 22 -2 18 -69027
7 -13 7 -12 -70783
24 24 1 6 -72789
23 2 23 3 -65783
-22 -3 -24 -21 -73273
-7 -6 3 -1 -78165
-15 -9 -14 -8 -63533
13 11 13 10 -60403
16 23 16 19 -56717
-20 -11 -20 -23 -69077
9 1 8 4 -68193
22 -11 22 -10 -69791
16 5 16 8 -67765
5 -18 3 -17 -68163
3 -11 2 -10 -75867
-21 -1 -20 0 -61059
2 -23 0 -19 -62625
15 -21 16 -17 -64833
-23 -17 24 -22 -73787
1 0 24 -3 -76883
9 24 1 23 -70567
-24 3 -21 -4 -63419
-6 11 -5 10 -74005
-10 8 -7 7 -67599
4 -2 6 -1 -65329
8 6 8 5 -63045
-8 10 -7 13 -76033
-9 -6 -10 -2 -62507
-20 -11 -21 -1 -74611
15 -20 18 -24 -54853
3 2 4 1 -65029
-22 5 -22 6 -63167
0 17 0 18 -57701
-9 15 -8 8 -73421
11 -10 11 -7 -62009
-17 21 -17 23 -28709
-13 15 -12 13 -71413
-4 0 -3 2 -63833
23 -8 23 -10 -62597
-11 16 -14 15 -71643
-16 -18 -17 -17 -63309
-14 -7 -18 -7 -56543
-24 6 -23 0 -54975
14 -16 16 -14 -67425
10 -21 9 -12 -71325
13 18 12 18 -68159
7 -8 4 -10 -81075
-17 24 -17 15 -61585
10 6 10 0 -71759
-19 -15 -22 -7 -71155
18 5 15 6 -70905
-17 -24 -24 -23 -49615
-19 4 -23 5 -67185
-8 -21 -5 -24 -58543
16 -20 11 -21 -69443
19 8 18 10 -72707
3 16 3 21 -64677
5 3 6 3 -70467
-9 -9 -12 -8 -70653
0 3 0 2 -58437
-5 3 -5 1 -62705
-20 -19 -22 -15 -58777
8 -20 5 -19 -70847
-9 -6 -9 -8 -63869
-22 -15 -20 -9 -69913
5 -15 6 -12 -73319
14 -9 15 -10 -65727
-10 -1 -10 0 -55957
9 -18 11 -15 -65597
7 -11 7 -10 -74093
15 -1 18 0 -69405
21 24 14 22 -65315
12 -1 11 0 -65893
15 -15 11 -15 -70035
17 -10 17 -12 -60631
0 15 -1 10 -64361
24 19 20 14 -59155
24 14 21 18 -60331
-23 -2 -19 -4 -75563
-3 -8 -2 -8 -64377
19 19 23 16 -63627
-4 3 -5 5 -70507
-7 -15 -7 -16 -64547
8 -16 10 -16 -74183
-8 -17 -7 -12 -73081
11 -5 11 -4 -61497
24 -16 19 -19 -55969
15 -22 19 -19 -77091
-12 7 -15 9 -66821
-12 -18 -15 -19 -69349
0 -9 -2 -7 -71067
0 5 2 5 -61869
-14 -10 -13 -6 -70351
9 -17 12 -17 -78855
-23 -20 10 -24 -75469
-15 -11 -13 -14 -78751
10 -19 -2 -13 -92913
-13 24 -3 23 -63949
19 9 24 6 -67387
19 5 23 5 -63471
-8 -8 -7 -9 -68173
-8 -8 -7 -8 -63741
-2 -21 0 -22 -58195
-10 -24 -8 -18 -59193
12 6 13 6 -66273
23 23 -9 24 -64211
-17 -8 -17 -5 -67887
-13 3 -14 6 -65779
-3 19 -5 19 -66275
13 22 9 18 -76561
6 9 6 6 -62495
-24 -13 -22 8 -69721
4 24 3 23 -51311
14 14 9 14 -73861
10 -24 12 -22 -58743
21 10 20 8 -63909
21 18 24 20 -47993
-1 0 0 0 -61435
23 12 23 2 -65167
13 -3 13 -7 -64651
21 -6 20 -9 -69159
1 -12 2 -13 -75923
3 -24 14 -24 -70791
-17 21 -8 21 -66421
5 -3 5 -2 -62227
5 14 3 16 -63951
-7 15 -6 21 -61797
-10 -1 -11 -2 -65659
1 -8 4 -5 -77985
-23 9 -22 12 -57595
-12 -16 -14 -22 -72813
23 1 22 3 -62289
10 4 8 4 -75439
2 -24 23 -23 -66389
1 -4 0 -4 -66001
-19 13 -16 16 -65795
1 -12 0 -14 -71595
-5 13 -5 14 -58303
22 -17 24 -24 -34003
6 -23 8 -20 -64491
-13 10 -11 11 -72493
6 -20 6 -23 -66029
-18 11 24 16 -71159
-1 21 0 23 -53995
-5 24 -14 23 -60091
-11 -20 -9 -21 -62969
11 21 9 21 -69471
-10 -12 -10 -14 -64369
24 -4 22 -6 -57497
-22 4 -21 7 -67497
-19 -24 -9 -19 -76065
19 17 20 12 -67543
10 19 7 18 -70885
7 -1 7 -2 -63379
-11 13 -14 14 -74047
11 9 10 8 -59819
3 13 1 12 -62169
-4 -21 -16 -22 -73899
0 -17 1 -20 -64361
-23 -14 -20 -11 -65603
5 -4 4 -7 -70533
10 -10 13 -9 -66743
-20 20 -22 17 -57161
-21 4 -21 0 -63891
19 2 19 -2 -68359
12 -24 18 -24 -56931
9 15 8 10 -63677
23 18 24 17 -44677
-20 3 -20 -3 -67601
16 -21 19 -23 -60103
-10 6 -12 4 -73389
2 11 2 10 -56859
9 10 10 9 -69201
3 -16 3 -13 -67613
23 -9 24 -4 -57199
8 1 8 0 -60643
-19 20 -24 18 -53903
-4 0 -4 -1 -62135
3 -19 4 -24 -60797
-20 6 -17 8 -71659
21 -10 24 -14 -66019
-1 -6 16 -23 -90871
18 10 17 9 -63725
13 15 14 21 -69811
-6 -14 -7 -9 -69669
-13 -23 -7 -18 -72855
-23 2 -24 14 -64841
-5 -13 -6 -13 -74881
22 -10 23 -10 -53697
-17 -1 -17 1 -62689
-20 13 -18 12 -66513
22 -23 23 -6 -71599
-1 0 -2 -22 -73883
13 -15 13 -11 -59593
5 8 3 10 -68299
-23 -9 -19 -10 -67023
-1 -12 0 -11 -69303
-21 7 -20 13 -68017
21 -5 22 -3 -69813
-10 7 -11 5 -73145
-17 12 -16 18 -71175
-24 -20 -19 -22 -63333
-12 -12 -8 -9 -73337
10 -19 11 -22 -68953
17 -3 16 -2 -66989
3 -16 1 -18 -71525
19 18 22 19 -62145
-23 21 -24 20 -34183
-18 8 -22 6 -69705
-19 24 -18 11 -72595
-2 -15 -1 -18 -67447
-4 22 -6 20 -64087
-18 -17 -20 -20 -61255
13 21 14 21 -59529
11 -5 9 -1 -71367
-14 4 -16 1 -73335
-7 -15 -10 -16 -66129
-13 13 -14 20 -74481
-9 8 -8 10 -73361
20 -18 19 -15 -68973
-21 12 -24 16 -45585
6 5 5 7 -69689
12 15 13 16 -70639
-18 -24 -24 -17 -72931
21 11 21 14 -63587
8 18 7 15 -61449
-21 -3 -23 -6 -57321
-24 15 -24 -8 -64691
23 0 22 -4 -63061
-20 -12 -24 -8 -64207
13 15 13 11 -62231
-1 -9 2 -7 -71419
-24 -8 -23 -15 -57147
-23 0 -23 -14 -70303
-3 -24 6 -24 -67925
11 2 9 0 -68389
-13 -3 -14 -1 -58017
16 18 15 21 -62135
0 -4 -1 -3 -65199
-18 -23 -12 -23 -63675
21 -22 20 -12 -69741
-20 -20 24 -20 -75947
-16 -6 -16 -5 -64311
13 1 -3 2 -91295
-21 21 -13 19 -64013
17 12 19 15 -62917
-22 -22 -23 -19 -46507
17 6 17 9 -69139
-4 -24 17 -22 -79519
8 4 7 4 -73553
16 -3 16 -2 -64955
-24 -24 -3 12 -74415
-4 14 -9 14 -72509
-2 8 -3 9 -71367
8 -16 7 -17 -66057
20 -21 21 -19 -59155
-7 -17 -6 -24 -67531
7 -6 11 -8 -67603
-5 5 -6 4 -66937
-11 -11 -13 -14 -68601
-12 16 -10 19 -64357
6 -13 7 -14 -68889
-5 -11 -6 -8 -67233
-10 -16 -13 -17 -64053
12 -8 13 -10 -67889
16 9 13 10 -70149
0 22 -2 24 -59377
-6 16 -10 15 -70407
-1 11 1 11 -62057
20 17 22 23 -59205
7 -4 7 -8 -64739
3 -8 8 -6 -80805
-2 -13 -2 -15 -69431
-23 -10 1 -1 -72417
6 10 10 10 -70551
-4 9 -4 7 -71763
-11 2 -15 2 -69039
19 -17 19 -16 -60951
24 24 17 22 -47599
14 -2 9 -3 -73121
23 -1 21 0 -54587
-23 -21 -18 -13 -70429
-1 -15 2 -14 -72717
-5 -21 -4 -22 -62541
24 1 24 -2 -50899
-10 -10 -11 -8 -71353
21 10 23 20 -65579
-14 16 -17 21 -63285
10 22 2 24 -63391
9 8 9 12 -61467
23 -9 21 3 -70217
-3 22 -2 21 -72253
-12 -20 -14 -24 -48775
0 22 0 20 -59427
-1 -18 0 -15 -71633
-19 5 -24 7 -58773
-10 2 -11 5 -64943
0 6 2 5 -64333
-13 -7 -11 -4 -73395
21 3 21 4 -66043
15 -6 21 -4 -71683
1 23 5 24 -63723
0 7 0 9 -61935
-12 4 -13 2 -70289
-6 -20 -7 -18 -70329
-11 7 -8 8 -72035
-17 -3 -15 0 -70347
2 19 -3 24 -72771
3 18 0 16 -64757
-9 -1 -8 -2 -60203
18 19 17 23 -56749
7 -24 3 -23 -59127
3 -22 0 -23 -67661
24 2 23 17 -66823
-12 -21 -23 -24 -59283
-7 21 -6 23 -47399
-2 0 -2 -3 -64321
-2 20 -3 22 -72129
11 -23 10 -22 -53995
9 21 11 22 -68279
23 -12 20 1 -72229
9 23 15 21 -63247
9 -2 6 -1 -73763
9 23 10 17 -61915
13 0 14 4 -68823
13 -22 9 -24 -67191
24 -7 22 -6 -42309
15 1 13 0 -69175
-3 10 -4 12 -70535
-13 1 -13 2 -59487
-9 23 -3 21 -64597
-23 24 -13 23 -50933
-14 18 -17 16 -66499
9 17 9 21 -65377
16 -17 14 -10 -68461
-1 12 -4 11 -75093
18 -4 19 -5 -59627
15 -16 19 -16 -71609
19 -23 21 -17 -62291
0 14 -7 -3 -92959
-3 17 -2 16 -62403
23 8 19 11 -73689
24 21 1 24 -63287
-2 -20 -7 -24 -53417
-19 -24 -21 -20 -47655
20 -13 22 -9 -77349
-15 -18 -14 -11 -67775
17 20 19 24 -57911
2 -10 1 -9 -71533
-13 -20 -15 -19 -60429
23 0 24 6 -63879
-23 5 -19 24 -72953
-16 5 -17 16 -74767
-24 -18 -17 -20 -74529
-22 4 -22 9 -68181
17 4 17 2 -74019
17 3 18 4 -66479
-17 8 -16 5 -66823
7 19 8 17 -62733
14 2 20 0 -72971
24 -15 23 -9 -65707
9 2 11 2 -74157
-8 18 -10 19 -71477
5 -21 3 -22 -63219
10 24 5 23 -62681
0 6 -3 3 -67501
7 12 6 14 -65621
-6 8 -6 6 -73113
-17 3 -18 4 -68837
-4 3 -2 2 -62421
-14 8 -13 12 -65991
5 -8 4 -10 -79873
3 -12 3 -8 -74175
21 10 21 12 -66083
12 7 11 8 -70393
17 18 19 16 -64289
-5 24 6 24 -66249
-17 -12 -15 -16 -73623
-14 -12 -14 -8 -68747
13 -18 15 -24 -57679
15 4 14 7 -68557
18 -2 17 -5 -70917
22 -3 24 -21 -72653
-21 22 -20 19 -39311
-24 -8 -23 -23 -61789
18 -18 14 -19 -74431
-21 -17 -20 -17 -64917
16 -9 13 -9 -66677
-9 -17 -10 -16 -68935
8 24 -24 24 -60077
-6 17 -24 24 -69825
5 19 6 22 -61173
20 -17 -24 5 -81213
0 -21 -4 -22 -59751
23 -10 18 -9 -64529
-18 -12 -17 -13 -62519
18 -13 21 -16 -70755
-23 18 -20 17 -44827
-20 -3 -18 -3 -69887
22 0 -24 18 -77423
5 -10 5 -12 -77609
17 -24 18 -23 -50709
20 -22 21 -22 -47139
16 11 14 14 -68809
-18 6 4 -11 -91211
-6 0 -4 -4 -68057
-7 -13 -6 -12 -72021
-18 19 -11 24 -56745
-9 12 -7 9 -70257
-4 18 -3 19 -68163
-16 -1 -19 0 -68247
7 -21 7 -19 -68847
23 -12 19 -13 -65989
-24 7 -23 16 -59643
-4 -17 -3 -13 -76805
-12 12 -12 15 -65525
15 17 15 14 -61543
-1 -18 -3 -20 -64921
-24 -2 -23 -2 -39813
-12 -21 -12 -17 -63497
3 -1 2 -1 -65033
3 11 1 11 -65183
9 -20 9 -23 -65393
-11 0 -15 -2 -74829
-6 -10 -5 -7 -65779
24 3 -23 -8 -73123
0 1 0 -2 -65395
24 11 24 9 -50223
4 23 -1 21 -66571
-15 -10 -18 -13 -58885
1 2 0 0 -61305
19 23 20 14 -65763
-24 20 -9 22 -70621
16 24 12 21 -59187
-5 -24 -5 -23 -29657
15 24 15 -21 -77073
17 9 16 9 -63943
-4 20 2 21 -67701
0 -22 2 -21 -70363
7 -12 5 -12 -69863
23 -12 14 -14 -71341
24 -17 20 -14 -59549
4 -20 -22 -24 -70691
-22 -23 -24 -1 -74667
-11 -24 10 -24 -67039
-14 -16 -14 -18 -59435
-20 -6 -20 -2 -61865
1 -12 9 5 -92847
