6 -20 5 -20 -62892
-20 0 -16 3 -71322
-9 8 -9 7 -65932
-12 -23 -18 -21 -64406
-6 11 -4 12 -69432
0 -19 1 10 -91916
15 20 19 20 -70760
0 13 0 17 -63280
-12 5 -13 6 -71942
20 -9 20 -7 -61764
-23 -9 -20 -6 -64454
6 3 6 5 -67070
19 12 23 11 -59234
1 3 1 6 -64544
-11 22 -12 15 -62350
10 -2 10 -1 -69592
-3 -8 -1 -6 -70410
5 -20 7 -23 -72150
-19 12 -15 11 -62744
10 13 6 12 -71282
2 -3 -1 -4 -73764
-23 0 -20 0 -67812
23 -19 24 -19 -30016
14 -24 19 -21 -64246
-8 17 -10 24 -54254
-24 24 21 21 -61848
2 11 4 12 -68808
-2 -4 -2 -5 -65914
-3 -4 -1 2 -87330
-19 13 -18 12 -61646
1 -12 2 -12 -64478
15 -15 -24 -10 -73886
-9 -5 -9 -6 -63980
-2 11 0 11 -71164
18 5 19 -1 -75774
9 2 8 -3 -82560
-23 -6 -21 -6 -61578
-22 13 -19 17 -58544
-3 7 -5 6 -66286
-6 19 -11 23 -64218
-15 -9 -12 -12 -67816
20 4 24 9 -67996
-19 -6 -20 -5 -71018
-10 -5 -13 -6 -63802
15 -6 14 -9 -63688
7 14 4 14 -64290
8 -20 7 -16 -67552
21 1 23 2 -59134
-3 -22 -3 -20 -69184
18 24 14 21 -64540
-24 -24 -21 -14 -47752
-19 20 -18 13 -63548
13 -4 14 -4 -68800
-15 9 -16 7 -57254
24 1 20 6 -74004
18 -21 22 -24 -51778
5 15 5 12 -58440
-21 8 -23 24 -56952
15 17 19 18 -70178
-20 -16 -18 -15 -62890
-12 -4 -11 0 -68512
-13 3 -8 2 -69130
11 -17 12 -18 -65980
19 -10 17 -12 -67342
0 22 -2 18 -72614
7 -13 7 -12 -63968
24 24 1 6 -72748
23 2 23 3 -69732
-2 -6 -1 0 -82388
11 9 14 12 -71432
-15 -9 -14 -8 -64092
13 11 13 10 -61128
16 23 16 19 -63642
-9 13 -13 15 -65848
9 1 8 4 -65444
22 -11 22 -10 -64402
16 5 16 8 -62790
5 -18 3 -17 -62772
-15 -13 -16 -17 -61786
-21 -1 -20 0 -62114
2 -23 0 -19 -67296
15 -21 16 -17 -62566
-23 -17 24 -22 -72650
20 10 22 4 -69282
9 24 1 23 -73774
-24 3 -21 -4 -73196
-22 11 -23 10 -52940
-10 8 -7 7 -70642
4 -2 6 -1 -65310
8 6 8 5 -63448
-8 10 -7 13 -72582
5 7 3 4 -75554
-17 -2 -18 -1 -75506
15 -20 18 -24 -59300
3 2 4 1 -67254
-22 5 -22 6 -62784
0 17 0 18 -62928
-9 15 -8 8 -74866
11 -10 11 -7 -60756
-17 21 -17 23 -27860
-13 15 -12 13 -68912
-4 0 -3 2 -71658
23 -8 23 -10 -60352
-11 16 -14 15 -65136
-16 -18 -17 -17 -63002
-14 -7 -18 -7 -63856
-24 6 -23 0 -57640
14 -16 16 -14 -64348
-1 13 -5 13 -72370
13 18 12 18 -63248
9 -8 4 -8 -69136
-17 24 -17 15 -58372
-24 -23 0 -23 -66238
-19 -15 -22 -7 -71764
-7 -19 24 -21 -73028
-17 -24 -24 -23 -51568
-19 4 -23 5 -68290
-8 -21 -5 -24 -61480
16 -20 11 -21 -64970
10 2 11 1 -69770
3 16 3 21 -71180
18 3 15 3 -65568
0 -5 -2 -4 -66358
0 3 0 2 -62798
-5 3 -5 1 -64668
-20 -19 -22 -15 -67010
21 3 23 5 -67508
-9 -6 -9 -8 -65130
-22 -15 -20 -9 -65776
5 -15 6 -12 -69386
14 -9 15 -10 -64160
-10 -1 -10 0 -60704
9 -18 11 -15 -62728
7 -11 7 -10 -60308
15 -1 18 0 -61738
21 24 14 22 -66524
12 -1 11 0 -70848
15 -15 11 -15 -64096
17 -10 17 -12 -62070
0 15 -1 10 -72916
24 19 20 14 -61720
24 14 21 18 -58966
-9 -22 -11 -20 -64844
-3 -8 -2 -8 -63000
19 19 23 16 -64472
-4 3 -5 5 -68082
-7 -15 -7 -16 -58868
8 -16 10 -16 -60514
-8 -17 -7 -12 -67258
11 -5 11 -4 -66694
24 -16 19 -19 -62516
-14 -11 -15 -4 -77558
-12 7 -15 9 -67578
-12 -8 -8 -6 -68418
0 -9 -2 -7 -71066
0 5 2 5 -65742
-14 -10 -13 -6 -72636
24 15 23 8 -59522
-2 21 -6 24 -58444
-9 -11 -5 -14 -71804
0 18 0 21 -72900
-13 24 -3 23 -61876
19 9 24 6 -67126
19 5 23 5 -65254
-8 -8 -7 -9 -70008
-8 -8 -7 -8 -64324
-2 -21 0 -22 -57656
-10 -24 -8 -18 -60864
12 6 13 6 -71156
23 23 -9 24 -62116
-17 -8 -17 -5 -74664
-13 3 -14 6 -69574
-3 19 -5 19 -66066
-7 -5 -8 -4 -68236
6 9 6 6 -64754
-20 13 23 10 -67860
4 24 3 23 -51530
18 -13 20 -14 -65764
10 -24 12 -22 -56204
21 10 20 8 -67986
21 18 24 20 -49202
-1 0 0 0 -60638
23 12 23 2 -66214
13 -3 13 -7 -70894
16 7 20 4 -69572
1 -12 2 -13 -62910
3 -24 14 -24 -66394
-17 21 -8 21 -59674
5 -3 5 -2 -66632
5 14 3 16 -67910
-7 15 -6 21 -60654
-19 -2 -14 -3 -79268
4 0 4 2 -67734
-23 9 -22 12 -63644
-24 0 -22 -1 -65568
23 1 22 3 -69130
10 4 8 4 -70344
2 -24 23 -23 -65540
1 -4 0 -4 -71158
-19 13 -16 16 -62544
1 -12 0 -14 -68572
-5 13 -5 14 -63844
22 -17 24 -24 -42786
6 -23 8 -20 -65508
-13 10 -11 11 -64694
6 -20 6 -23 -72774
15 24 -23 23 -66270
-1 21 0 23 -55446
-5 24 -14 23 -55132
-11 -20 -9 -21 -65172
11 21 9 21 -72170
-10 -12 -10 -14 -60912
24 -4 22 -6 -55582
-22 4 -21 7 -66878
14 3 11 3 -76332
19 17 20 12 -69788
10 19 7 18 -70898
7 -1 7 -2 -71096
5 4 2 5 -75454
11 9 10 8 -65376
11 -6 9 -3 -73708
-9 14 -8 15 -68960
0 -17 1 -20 -63474
-23 -14 -20 -11 -62848
5 -4 4 -7 -64918
10 -10 13 -9 -63820
-20 20 -22 17 -55748
-21 4 -21 0 -60682
19 2 19 -2 -69822
12 -24 18 -24 -56606
9 15 8 10 -65520
23 18 24 17 -44120
-2 -8 1 -9 -74366
16 -21 19 -23 -62258
-2 -8 -2 -5 -67684
2 11 2 10 -61038
9 10 10 9 -67088
3 -16 3 -13 -63954
23 -9 24 -4 -54914
8 1 8 0 -71280
-19 20 -24 18 -51314
-4 0 -4 -1 -67774
3 -19 4 -24 -68118
-22 3 -22 -5 -70040
21 -10 24 -14 -64572
-3 -21 0 8 -93064
18 10 17 9 -69374
13 15 14 21 -74352
-6 -14 -7 -9 -69416
-13 -23 -7 -18 -68112
-23 2 -24 14 -64528
-5 -13 -6 -13 -62384
22 -10 23 -10 -53204
-17 -1 -17 1 -63128
-20 13 -18 12 -60124
22 -23 23 -6 -72278
22 13 14 11 -73726
13 -15 13 -11 -58868
19 -17 16 -16 -68740
-23 -9 -19 -10 -67750
-1 -12 0 -11 -67614
-21 7 -20 13 -66638
21 -5 22 -3 -66946
-10 7 -11 5 -65312
-17 12 -16 18 -67484
-24 -20 -19 -22 -63908
-8 0 -10 1 -66488
10 -19 11 -22 -74656
17 -3 16 -2 -71906
3 -16 1 -18 -67006
19 18 22 19 -62914
-23 21 -24 20 -33302
-16 -3 -15 -5 -76838
8 15 7 17 -64044
-2 -15 -1 -18 -63782
-4 22 -6 20 -64234
-18 -17 -20 -20 -59682
13 21 14 21 -59266
11 0 9 -1 -74294
-14 4 -16 1 -65596
-7 -15 -10 -16 -62810
3 0 6 0 -65656
-13 -11 -10 -12 -65764
20 -18 19 -15 -64136
-21 12 -24 16 -44360
6 5 5 7 -72130
12 15 13 16 -68442
-18 -24 -24 -17 -73094
21 11 21 14 -64984
8 18 7 15 -65172
-21 -3 -23 -6 -65724
-24 15 -24 -8 -65530
23 0 22 -4 -61442
-20 -12 -24 -8 -63922
13 15 13 11 -66288
-1 -9 2 -7 -73974
-24 -8 -23 -15 -55438
-23 0 -23 -14 -69856
-3 -24 6 -24 -64228
11 2 9 0 -73550
-13 -3 -14 -1 -72354
16 18 15 21 -72812
-3 12 -3 10 -76766
-18 -23 -12 -23 -59166
21 -12 24 -6 -67432
-20 -20 24 -20 -73624
-16 -6 -16 -5 -74212
-4 5 -24 1 -75526
-21 21 -13 19 -57074
17 12 19 15 -71326
-22 -22 -23 -19 -49644
17 6 17 9 -64750
-24 -9 -22 -4 -59528
8 4 7 4 -67528
16 -3 16 -2 -68882
-24 -24 -3 12 -77612
12 21 8 23 -67868
15 -18 15 13 -83384
8 -16 7 -17 -63986
20 -21 21 -19 -60842
6 21 3 24 -53126
7 -3 11 -6 -73700
-5 5 -6 4 -72368
-11 -11 -13 -14 -65756
-12 16 -10 19 -64090
6 -13 7 -14 -63100
-5 -11 -6 -8 -67856
-10 -16 -13 -17 -64504
12 -8 13 -10 -66074
16 9 13 10 -63732
0 22 -2 24 -52232
-6 16 -10 15 -66874
-1 11 1 11 -69476
20 17 22 23 -60522
7 16 14 -17 -87142
-10 -22 -9 -16 -67812
-2 -13 -2 -15 -61424
3 -1 1 -24 -74670
6 10 10 10 -71418
-4 9 -4 7 -71740
-11 2 -15 2 -65364
19 -17 19 -16 -59078
24 24 17 22 -48228
14 -2 9 -3 -76324
23 -1 21 0 -58588
10 -13 11 -22 -73258
-5 -15 -1 -14 -64134
-5 -21 -4 -22 -63340
24 1 24 -2 -50698
-10 -10 -11 -8 -69746
21 10 23 20 -68768
-14 16 -17 21 -60376
10 22 2 24 -71824
9 8 9 12 -63162
-9 4 -5 7 -79782
12 -23 16 -1 -82172
-12 -20 -14 -24 -38410
0 22 0 20 -63296
-1 -18 0 -15 -66166
-19 5 -24 7 -60998
-10 2 -11 5 -64636
0 6 2 5 -67024
18 -7 17 -4 -68162
21 3 21 4 -70618
7 -5 8 -4 -65144
1 23 5 24 -66368
0 7 0 9 -66244
-12 4 -13 2 -62740
-6 -20 -7 -18 -66766
-11 7 -8 8 -71484
-17 -3 -15 0 -68906
2 19 -3 24 -67392
3 18 0 16 -64160
-9 -1 -8 -2 -69128
18 19 17 23 -67002
7 -24 3 -23 -60458
3 -22 0 -23 -64620
2 3 1 -6 -81940
-12 -21 -23 -24 -57456
-7 21 -6 23 -48806
-2 0 -2 -3 -76340
-12 -2 -12 -6 -70844
11 -23 10 -22 -58468
9 21 11 22 -62134
-3 19 0 19 -64016
9 23 15 21 -68852
-2 3 6 14 -89036
9 23 10 17 -71766
13 0 14 4 -64112
13 -22 9 -24 -62454
24 -7 22 -6 -44314
-16 12 -14 10 -64480
-3 10 -4 12 -76950
-13 1 -13 2 -59684
-9 23 -3 21 -65104
-23 24 -13 23 -44580
-14 18 -17 16 -60596
9 17 9 21 -71890
16 -17 14 -10 -68308
-2 12 -1 11 -71252
18 -4 19 -5 -67322
15 23 19 18 -74068
19 -23 21 -17 -65006
11 22 12 17 -75048
-3 17 -2 16 -66062
-21 -24 -24 5 -75482
24 21 1 24 -65800
-2 -20 -7 -24 -56124
-19 -24 -21 -20 -47308
24 -11 19 -24 -69992
-21 -5 -21 0 -70070
17 20 19 24 -59010
2 -10 1 -9 -61514
-13 -20 -15 -19 -59236
23 0 24 6 -69716
-23 5 -19 24 -71552
-5 -24 -17 -23 -65450
-24 -18 -17 -20 -75362
-22 4 -22 9 -68070
-3 7 -1 12 -78044
17 3 18 4 -66102
-17 8 -16 5 -66438
21 -10 18 -18 -75596
-5 15 -3 17 -67256
24 -15 23 -9 -62012
-13 -15 -15 -16 -60168
15 12 15 17 -76722
5 -21 3 -22 -62912
10 24 5 23 -63216
-7 15 -4 13 -68512
15 5 14 3 -64820
-6 8 -6 6 -69398
-17 3 -18 4 -66480
-4 3 -2 2 -60536
-14 8 -13 12 -59898
5 -8 4 -10 -65946
3 -12 3 -8 -61160
21 10 21 12 -64650
12 7 11 8 -66698
17 18 19 16 -68318
-5 24 6 24 -64668
-17 -12 -15 -16 -64754
-14 -12 -14 -8 -67008
13 -18 15 -24 -61680
7 7 1 9 -78854
18 -2 17 -5 -69078
22 -3 24 -21 -73620
-21 22 -20 19 -38498
-24 -8 -23 -23 -62222
18 -18 14 -19 -66584
-21 -17 -20 -17 -64694
16 -9 13 -9 -64688
-9 -17 -10 -16 -65674
8 24 -24 24 -61324
-6 17 -24 24 -64576
5 19 6 22 -62788
22 -22 21 -20 -48166
0 -21 -4 -22 -56668
23 -10 18 -9 -63854
-18 -12 -17 -13 -60016
14 -24 6 -20 -74014
-23 18 -20 17 -42452
-20 -3 -18 -3 -71016
-2 -22 -2 -23 -59454
4 -9 5 -9 -64936
17 -24 18 -23 -45992
20 -22 21 -22 -49694
-12 18 -11 14 -65494
16 -3 13 -2 -72866
-6 0 -4 -4 -69678
-7 -13 -6 -12 -62904
-18 19 -11 24 -51534
-9 12 -7 9 -72038
22 -5 20 -1 -69064
-16 -1 -19 0 -77790
7 -21 7 -19 -72878
23 -12 19 -13 -66666
-24 7 -23 16 -61386
8 -9 11 -7 -65046
-12 12 -12 15 -63550
15 17 15 14 -73164
-1 -18 -3 -20 -62752
-24 -2 -23 -2 -49614
-12 -21 -12 -17 -60032
-20 -19 -21 -14 -64582
3 11 1 11 -69790
9 -20 9 -23 -71202
21 5 24 -18 -73516
-6 -10 -5 -7 -63954
24 3 -23 -8 -68618
-23 0 -24 1 -60160
24 11 24 9 -50934
4 23 -1 21 -65536
-15 -10 -18 -13 -62660
1 2 0 0 -64898
19 23 20 14 -68552
-24 -20 -21 22 -70926
16 24 12 21 -57550
-5 -24 -5 -23 -41154
-20 -16 -23 -21 -54116
17 9 16 9 -63014
-4 -21 -4 -23 -68330
0 -22 2 -21 -66918
7 -12 5 -12 -66480
23 -12 14 -14 -73230
24 -17 20 -14 -59430
4 -20 -22 -24 -68268
-22 -23 -24 -1 -75532
-11 -24 10 -24 -61524
-14 -16 -14 -18 -56878
-20 -6 -20 -2 -71890
-8 -19 -5 -20 -64320
