6 -20 5 -20 -64149
17 9 18 7 -65393
-9 8 -9 7 -59549
-12 -23 -18 -21 -71121
-6 11 -4 12 -78763
-17 -24 23 -6 -68813
15 20 19 20 -76469
0 13 0 17 -57765
-4 -7 -5 -6 -67927
20 -9 20 -7 -57593
-23 -9 -20 -6 -66129
22 22 17 -6 -85225
19 12 23 11 -54809
1 3 1 6 -58969
-8 -14 -12 -10 -72853
10 -2 10 -1 -62279
15 2 10 2 -70093
13 -14 14 -17 -67171
-19 12 -15 11 -68833
11 -13 12 -8 -67465
5 -3 3 -1 -66981
-23 0 -20 0 -67775
23 -19 24 -19 -32299
14 -24 19 -21 -62923
-8 17 -10 24 -58901
-24 24 21 21 -68051
-5 11 -4 12 -76209
-2 -4 -2 -5 -68217
-9 2 -12 -2 -70563
-19 13 -18 12 -66399
11 -19 9 -22 -71149
10 13 8 11 -69861
-9 -5 -9 -6 -65747
-2 11 0 11 -71361
18 5 19 -1 -75111
11 -6 11 -11 -63243
-23 -6 -21 -6 -67503
-22 13 -19 17 -60805
-3 7 -5 6 -72357
-6 19 -11 23 -67165
1 9 3 7 -69001
20 4 24 9 -67093
-19 -6 -20 -5 -75103
-10 -5 -13 -6 -66145
15 -6 14 -9 -57471
7 14 4 14 -64863
8 -20 7 -16 -68623
21 1 23 2 -62707
-3 -22 -3 -20 -65183
18 24 14 21 -70035
-24 -24 -21 -14 -52101
-19 20 -18 13 -67869
13 -4 14 -4 -59331
-15 9 -16 7 -58793
24 6 20 8 -53237
18 -21 22 -24 -57655
5 15 5 12 -59807
-21 8 -23 24 -58853
6 3 4 0 -74137
-20 -16 -18 -15 -63425
-12 -4 -11 0 -67531
9 24 7 21 -47473
11 -17 12 -18 -68395
19 -10 17 -12 -64815
0 22 -2 18 -66409
7 -13 7 -12 -67377
12 -20 14 -23 -69365
23 2 23 3 -68793
-13 8 -22 6 -73283
-12 0 -8 0 -66607
-15 -9 -14 -8 -70777
13 11 13 10 -62775
16 23 16 19 -61353
-9 13 -13 15 -65727
9 1 8 4 -64953
22 -11 22 -10 -61427
16 5 16 8 -61017
5 -18 3 -17 -65461
-15 -13 -16 -17 -72893
-21 7 -18 6 -68013
-18 2 -19 -1 -69827
15 -21 16 -17 -62867
-23 -17 24 -22 -63171
7 -2 5 -4 -72203
-5 -11 -6 -12 -67683
-8 -21 -6 -20 -60119
-22 11 -23 10 -54727
-10 8 -7 7 -59527
4 -2 6 -1 -68261
8 6 8 5 -56135
-8 10 -7 13 -66709
-1 -21 -3 -24 -64477
-17 -2 -18 -1 -69687
15 -20 18 -24 -73117
3 2 4 1 -70123
-22 5 -22 6 -54517
0 17 0 18 -61381
-17 19 -14 23 -63675
11 -13 11 -15 -67613
-17 21 -17 23 -37301
-13 15 -12 13 -70015
-5 1 -2 3 -71617
23 -8 23 -10 -59441
-11 16 -14 15 -64435
-16 -18 -17 -17 -69479
-14 -7 -18 -7 -71119
-24 6 -23 0 -67511
14 -16 16 -14 -67723
-1 13 -5 13 -70629
13 18 12 18 -60499
9 -8 4 -8 -71379
-24 -5 -4 -3 -74581
-24 -23 0 -23 -64459
-19 -15 -22 -7 -71049
-7 -19 24 -21 -69851
-17 -24 -24 -23 -51241
-19 0 -13 5 -74239
-8 -21 -5 -24 -66157
16 -20 11 -21 -68673
10 2 11 1 -66501
3 16 3 21 -66491
18 3 15 3 -65123
0 -5 -2 -4 -65773
0 3 0 2 -60437
-5 3 -5 1 -56125
-20 -19 -22 -15 -63755
10 -13 9 -17 -75775
-9 -6 -9 -8 -67129
-22 -15 -20 -9 -67829
-18 -20 -17 -23 -46427
14 -9 15 -10 -61047
-10 -1 -10 0 -66347
9 -18 11 -15 -72651
7 -11 7 -10 -63979
15 -1 18 0 -62537
21 24 14 22 -70329
12 -1 11 0 -63043
15 -15 11 -15 -65615
17 -10 17 -12 -59589
-1 -9 0 -10 -70053
24 19 20 14 -64129
24 14 21 18 -59397
23 19 21 12 -66721
-3 -8 -2 -8 -57845
19 19 23 16 -61579
20 4 24 4 -60731
-7 -15 -7 -16 -60877
8 -16 10 -16 -65145
-8 -17 -7 -12 -70863
11 -5 11 -4 -53961
24 -16 19 -19 -70865
-23 2 -20 4 -62479
-2 -4 0 0 -75123
-22 -8 -23 -4 -69821
20 -11 19 -11 -70035
0 5 2 5 -68289
-14 -10 -13 -6 -73509
24 15 23 8 -60869
-2 21 -6 24 -60905
3 -24 4 -18 -71645
-7 8 -2 8 -77325
-13 24 -3 23 -62433
24 2 23 0 -61921
-5 21 9 -2 -88971
-8 -8 -7 -9 -71525
-8 -8 -7 -8 -66209
-2 -21 0 -22 -57807
-10 -24 -8 -18 -59145
12 6 13 6 -65191
23 23 -9 24 -65181
-17 -8 -17 -5 -73527
-13 3 -14 6 -60561
-3 19 -5 19 -61545
-7 -5 -8 -4 -74495
6 9 6 6 -60505
-20 3 5 10 -81323
4 24 3 23 -50287
18 -13 20 -14 -70685
10 -24 12 -22 -59513
21 10 20 8 -65111
21 18 24 20 -49085
-1 0 0 0 -66997
4 -9 6 -8 -74015
-20 23 16 20 -78977
16 7 20 4 -65527
1 -12 2 -13 -64865
3 -24 14 -24 -64435
-17 21 -8 21 -62213
5 -3 5 -2 -63841
5 14 3 16 -73155
-7 15 -6 21 -67745
-12 2 -12 0 -71553
4 0 4 2 -69247
-23 9 -22 12 -66487
-24 0 -22 -1 -66053
23 1 22 3 -67121
10 4 8 4 -69145
2 -24 23 -23 -64189
1 -4 0 -4 -62383
-19 13 -16 16 -69105
-15 14 -17 10 -68205
-5 13 -5 14 -53795
22 -17 24 -24 -61405
11 -23 10 8 -74833
-13 10 -11 11 -60449
6 -20 6 -23 -74187
15 24 -23 23 -72019
-1 21 0 23 -53407
-5 24 -14 23 -55287
-11 -20 -9 -21 -58961
11 14 6 14 -67749
-10 -12 -10 -14 -62435
24 -4 22 -6 -56203
-22 4 -21 7 -59771
9 -12 11 -13 -67093
19 17 20 12 -68767
19 19 16 18 -77619
7 -1 7 -2 -65929
5 4 2 5 -72543
11 9 10 8 -62843
22 23 23 -9 -73809
-9 14 -8 15 -70071
0 -17 1 -20 -60675
-23 -14 -20 -11 -64479
5 -4 4 -7 -64417
10 -10 13 -9 -67037
-20 20 -22 17 -58123
-21 4 -21 0 -71391
19 2 19 -2 -75755
12 -24 18 -24 -60603
9 15 8 10 -73663
23 18 24 17 -45249
-20 -4 -24 -24 -71543
16 -21 19 -23 -70203
-9 -7 -14 -5 -71223
2 11 2 10 -50247
9 10 10 9 -67155
-11 -24 -14 -21 -54447
23 -9 24 -4 -53535
8 1 8 0 -66253
-19 20 -24 18 -52371
-4 0 -4 -1 -62231
3 -19 4 -24 -70807
-22 3 -22 -5 -70105
21 -10 24 -14 -64079
24 -5 24 14 -71109
18 10 17 9 -64337
-1 -9 0 -13 -71065
-13 10 -11 8 -59997
21 -17 22 -16 -66981
-23 2 -24 14 -60333
-13 15 -13 23 -68563
22 -10 23 -10 -55829
-17 -1 -17 1 -66679
-20 13 -18 12 -64957
22 -23 23 -6 -68331
-8 16 -8 19 -67357
0 -5 1 -11 -77221
19 -17 16 -16 -67825
-23 -9 -19 -10 -68543
-1 -12 0 -11 -62957
-21 7 -20 13 -67433
21 -5 22 -3 -65859
-10 7 -11 5 -57633
-17 12 -16 18 -71089
-24 -20 -19 -22 -59175
8 9 4 8 -66309
10 -19 11 -22 -73847
17 -3 16 -2 -72237
3 -16 1 -18 -64153
19 18 22 19 -65521
-23 21 -24 20 -34791
-16 -3 -15 -5 -72151
8 15 7 17 -68375
-2 -15 -1 -18 -62525
-4 22 -6 20 -58171
-18 -17 -20 -20 -61109
13 21 14 21 -60701
11 0 9 -1 -66961
4 -21 5 -22 -67437
-7 -15 -10 -16 -62859
-4 16 -5 18 -65907
-13 -11 -10 -12 -67021
20 -18 19 -15 -65851
-21 12 -24 16 -49617
6 5 5 7 -69805
12 15 13 16 -64605
9 -23 -24 -24 -66445
21 11 21 14 -66401
8 18 7 15 -68851
-21 -3 -23 -6 -67329
-24 15 -24 -8 -63699
23 0 22 -4 -64583
-20 -12 -24 -8 -67855
13 15 13 11 -79143
-1 -9 2 -7 -67233
-24 -8 -23 -15 -55739
-23 0 -23 -14 -71981
-3 -24 6 -24 -66263
11 2 9 0 -68633
-17 3 21 5 -76145
16 18 15 21 -68401
-3 12 -3 10 -60083
-18 -23 -12 -23 -62097
21 -12 24 -6 -65689
-10 -7 -11 -11 -71055
-16 -6 -16 -5 -71835
-18 -1 -14 -1 -70951
-21 21 -13 19 -61941
17 12 19 15 -70161
-22 -22 -23 -19 -44315
17 6 17 9 -64189
-24 -9 -22 -4 -63239
8 4 7 4 -68571
16 -3 16 -2 -66171
12 14 12 16 -73557
12 21 8 23 -61805
15 17 16 18 -63571
8 -16 7 -17 -64453
20 -21 21 -19 -66789
6 21 3 24 -53787
-19 17 -17 23 -64741
-5 5 -6 4 -64237
-11 -11 -13 -14 -70039
-12 16 -10 19 -70669
6 -13 7 -14 -66743
0 -5 -24 -22 -72539
-10 -16 -13 -17 -64661
-15 -14 -15 -15 -66997
16 9 13 10 -60339
0 22 -2 24 -53963
-6 16 -10 15 -66933
-1 11 1 11 -69487
20 17 22 23 -62075
-3 -3 -3 -5 -71637
-10 -22 -9 -16 -66699
-2 -13 -2 -15 -65039
10 -7 11 -8 -59235
6 10 10 10 -73051
-4 9 -4 7 -65813
-11 2 -15 2 -63771
19 -17 19 -16 -62929
24 24 17 22 -47999
-24 4 -23 2 -62005
23 -1 21 0 -62363
24 -23 23 -16 -64149
-5 -15 -1 -14 -66207
-5 -21 -4 -22 -69739
24 1 24 -2 -57539
-24 11 -24 13 -53979
-2 1 -13 0 -83105
-14 16 -17 21 -66575
10 22 2 24 -70497
9 8 9 12 -61963
1 8 0 7 -66863
23 -3 17 -2 -63971
-12 -20 -14 -24 -37333
0 22 0 20 -56707
-1 -18 0 -15 -63829
-19 5 -24 7 -62637
-10 2 -11 5 -62057
0 6 2 5 -68063
18 -7 17 -4 -58925
21 3 21 4 -64679
3 1 2 3 -71683
1 23 5 24 -61805
0 7 0 9 -62139
-7 -2 -6 -5 -70889
-4 -15 -7 -12 -64403
-1 -9 -1 -7 -70509
-16 -15 -15 -15 -65483
2 19 -3 24 -68229
3 18 0 16 -60333
-9 -1 -8 -2 -67851
18 19 17 23 -64809
7 -24 3 -23 -61259
3 -22 0 -23 -66393
2 16 3 15 -70939
-12 -21 -23 -24 -60617
-7 21 -6 23 -45991
-2 0 -2 -3 -71099
-12 -2 -12 -6 -66657
11 -23 10 -22 -62267
9 21 11 22 -54305
-3 19 0 19 -61879
9 23 15 21 -64467
7 -14 7 -15 -66545
9 23 10 17 -65039
13 0 14 4 -63621
13 -22 9 -24 -65301
24 -7 22 -6 -46611
-16 12 -14 10 -67315
1 -2 -2 0 -72755
-13 1 -13 2 -68271
-9 23 -3 21 -66517
-23 24 -13 23 -49463
-14 18 -17 16 -66751
9 17 9 21 -64619
16 -17 14 -10 -71557
-2 12 -1 11 -66657
-12 0 -10 -2 -70831
15 23 19 18 -71627
19 -23 21 -17 -72145
-19 22 -18 16 -66795
-3 17 -2 16 -67435
-21 -24 -24 5 -69303
24 21 1 24 -63343
-2 -20 -7 -24 -65555
-19 -24 -21 -20 -49153
22 3 24 5 -60791
-21 -5 -21 0 -69181
17 20 19 24 -61793
2 -10 1 -9 -69401
-13 -20 -15 -19 -66165
5 21 9 20 -70573
-8 -19 -7 -21 -64363
-5 -24 -17 -23 -62299
-24 -18 -17 -20 -71731
17 18 19 17 -66101
9 -4 8 -7 -62883
17 3 18 4 -65311
-17 8 -16 5 -60025
21 -10 18 -18 -74779
1 -15 1 -13 -63799
24 -15 23 -9 -56845
-13 -15 -15 -16 -66519
24 10 24 0 -61891
5 -21 3 -22 -64977
10 24 5 23 -60255
0 -13 2 -12 -61687
15 5 14 3 -62219
-6 8 -6 6 -63783
-17 3 -18 4 -64237
-4 3 -2 2 -62885
-14 8 -13 12 -60471
5 -8 4 -10 -73167
3 -12 3 -8 -69973
21 10 21 12 -64707
12 7 11 8 -64721
14 -20 17 -24 -71537
-5 24 6 24 -64567
-17 -12 -15 -16 -71957
-14 -12 -14 -8 -63609
23 1 3 -2 -69117
12 18 13 16 -67457
18 -2 17 -5 -65719
16 0 17 -2 -75055
-21 22 -20 19 -45935
-24 -8 -23 -23 -61193
18 -18 14 -19 -67589
-21 -17 -20 -17 -62963
16 -9 13 -9 -63033
-9 -17 -10 -16 -61249
8 24 -24 24 -63523
-6 17 -24 24 -66483
5 19 6 22 -59531
22 -22 21 -20 -59659
0 -21 -4 -22 -63629
23 -10 18 -9 -72307
-18 -12 -17 -13 -60115
14 -24 6 -20 -74933
-23 18 -20 17 -45605
-20 -3 -18 -3 -67233
-2 -22 -2 -23 -58851
4 -9 5 -9 -69383
17 -24 18 -23 -44113
20 -22 21 -22 -49365
-12 18 -11 14 -70549
-5 -8 -5 -9 -67335
-5 -20 -2 -24 -71583
-7 -13 -6 -12 -69401
-18 19 -11 24 -64441
-9 12 -7 9 -58227
22 -5 20 -1 -67171
-8 -1 -6 0 -72263
7 -21 7 -19 -73751
23 -12 19 -13 -70561
-24 7 -23 16 -67185
8 -9 11 -7 -68949
-12 12 -12 15 -63151
15 17 15 14 -70727
-1 -18 -3 -20 -67755
-24 -2 -23 -2 -53943
-12 -21 -12 -17 -60063
-20 -19 -21 -14 -64521
3 11 1 11 -64421
9 -20 9 -23 -71563
21 5 24 -18 -66859
-6 -10 -5 -7 -71705
-17 -6 -14 -5 -72185
-23 0 -24 1 -61249
24 11 24 9 -48713
4 23 -1 21 -64933
-15 -10 -18 -13 -68219
1 2 0 0 -63825
19 23 20 14 -66419
-23 -5 -22 -6 -68625
16 24 12 21 -62051
-5 -24 -5 -23 -40303
-20 -16 -23 -21 -58039
17 9 16 9 -60111
12 11 12 15 -78557
0 -22 2 -21 -68871
7 -12 5 -12 -69355
-2 0 -3 -1 -71999
24 -17 20 -14 -58881
24 -15 23 -24 -65487
-22 4 -24 -1 -63869
-11 -24 10 -24 -64767
-14 -16 -14 -18 -60999
-20 -6 -20 -2 -74471
-8 -19 -5 -20 -65809
