6 -20 5 -20 -63314
17 9 18 7 -60566
-9 8 -9 7 -65264
18 0 19 0 -63488
-2 -13 -3 -13 -61810
-17 -24 23 -6 -74534
15 20 19 20 -74822
0 13 0 17 -60686
-4 -7 -5 -6 -67810
20 -9 20 -7 -59640
-23 -9 -20 -6 -66780
13 -11 13 -13 -62014
19 12 23 11 -56876
1 3 1 6 -55890
22 15 22 12 -59150
10 -2 10 -1 -60288
15 2 10 2 -70986
13 -14 14 -17 -57180
-19 12 -15 11 -66212
-8 -10 -8 -9 -59018
5 -3 3 -1 -60800
-23 0 -20 0 -70872
23 -19 24 -19 -34018
14 -24 19 -21 -57460
-8 17 -10 24 -56286
-24 24 21 21 -68200
-5 11 -4 12 -70516
-2 -4 -2 -5 -60640
-9 2 -12 -2 -66000
-19 13 -18 12 -64472
11 -19 9 -22 -71078
10 13 8 11 -65244
-9 -5 -9 -6 -63806
-2 11 0 11 -73230
-19 -22 -23 -20 -73846
11 -6 11 -11 -65492
-23 -6 -21 -6 -66880
-22 13 -19 17 -54524
-3 7 -5 6 -72102
-6 19 -11 23 -58610
7 -3 12 -17 -84480
20 4 24 9 -69438
-17 -8 -14 -9 -64946
-10 -5 -13 -6 -66938
15 -6 14 -9 -60670
7 14 4 14 -61030
8 -20 7 -16 -66768
21 1 23 2 -74212
-3 -22 -3 -20 -67238
18 24 20 21 -52778
-24 -24 -21 -14 -56766
-19 -23 -18 -19 -53040
13 -4 14 -4 -60714
-15 9 -16 7 -66988
24 6 20 8 -50586
18 -21 22 -24 -59812
5 15 5 12 -63558
-21 8 -23 24 -65170
14 -12 15 -8 -71720
-20 -16 -18 -15 -62564
-12 -4 -11 0 -61264
9 24 7 21 -49576
11 -17 12 -18 -62846
19 -10 17 -12 -65484
0 22 -2 18 -66732
7 -13 7 -12 -63884
12 -20 14 -23 -66370
23 2 23 3 -66454
-12 -1 -15 8 -89474
-12 0 -8 0 -71072
-15 -9 -14 -8 -64092
13 11 13 10 -56964
16 23 16 19 -60712
24 13 5 15 -73814
9 1 8 4 -61002
22 -11 22 -10 -62822
16 5 16 8 -59984
5 -18 3 -17 -65786
-15 -13 -16 -17 -68478
-9 4 -8 2 -67248
-18 2 -19 -1 -67554
15 -21 16 -17 -60686
-23 -17 24 -22 -66122
7 -2 5 -4 -72072
-5 -11 -6 -12 -71118
-8 -21 -6 -20 -59888
-22 11 -23 10 -56610
-10 8 -7 7 -66230
4 -2 6 -1 -66898
8 6 8 5 -58640
-8 10 -7 13 -64894
-1 -21 -3 -24 -61900
-17 -2 -18 -1 -70022
15 -20 18 -24 -71622
3 2 4 1 -66056
-22 5 -22 6 -60044
0 17 0 18 -57774
-17 19 -14 23 -60852
11 -13 11 -15 -58790
-17 21 -17 23 -36558
-13 15 -12 13 -61496
-5 1 -2 3 -74512
23 -8 23 -10 -59326
-11 16 -14 15 -60760
19 -6 -11 -2 -86908
13 23 12 22 -57716
-24 6 -23 0 -72396
21 -17 21 -11 -64330
-1 13 -5 13 -73562
13 18 12 18 -66596
9 -8 4 -8 -70782
0 -3 -2 -3 -75858
-24 -23 0 -23 -64168
-17 17 -14 17 -60530
-22 -22 -22 12 -70312
-17 -24 -24 -23 -56226
-21 4 -18 3 -68812
-8 -21 -5 -24 -67560
16 -20 11 -21 -58832
10 2 11 1 -65486
17 -14 14 -18 -64068
18 3 15 3 -63960
0 -5 -2 -4 -66922
-14 0 -16 1 -75074
-5 3 -5 1 -65124
-20 -19 -22 -15 -65348
20 21 19 21 -69808
-9 -6 -9 -8 -64066
-22 -15 -20 -9 -69580
-18 -20 -17 -23 -51700
14 -9 15 -10 -58218
-2 9 -6 9 -80374
9 -18 11 -15 -63978
7 -11 7 -10 -63676
15 -1 18 0 -62854
21 24 14 22 -72002
12 -1 11 0 -67140
3 24 6 23 -57814
17 -10 17 -12 -64350
-1 -9 0 -10 -68894
24 19 20 14 -64086
24 14 21 18 -61326
23 19 21 12 -67284
-3 -8 -2 -8 -64406
19 19 23 16 -66412
20 4 24 4 -65272
-7 -15 -7 -16 -58836
8 -16 10 -16 -65956
-8 -17 -7 -12 -67136
11 -5 11 -4 -51052
24 -16 19 -19 -70522
-23 2 -20 4 -61578
7 0 8 3 -68334
-22 -8 -23 -4 -68376
20 -11 19 -11 -60932
0 5 2 5 -67108
-14 -10 -13 -6 -65450
24 15 23 8 -58948
-2 21 -6 24 -55600
3 -24 4 -18 -71508
6 8 8 8 -62022
-13 24 -3 23 -53892
24 2 23 0 -70056
-22 -12 -24 -6 -66762
-8 -8 -7 -9 -68226
-8 -8 -7 -8 -71466
-2 -21 0 -22 -60898
-10 -24 -8 -18 -58070
12 6 13 6 -64456
23 23 -9 24 -67198
-7 10 -3 9 -79458
-13 3 -14 6 -76942
-3 19 -5 19 -58976
-7 -5 -8 -4 -73762
6 9 6 6 -62262
23 9 -24 5 -69516
4 24 3 23 -51472
18 -13 20 -14 -64794
10 -24 12 -22 -60590
21 10 20 8 -66056
21 18 24 20 -50124
-1 0 0 0 -71608
14 24 19 24 -62004
-1 -7 -1 -4 -64084
-7 -10 -4 -9 -71864
1 -12 2 -13 -65452
3 -24 14 -24 -65060
-17 21 -8 21 -60912
5 -3 5 -2 -60690
-8 8 -10 7 -63250
-7 15 -6 21 -66780
-12 2 -12 0 -68032
-24 -1 -23 1 -60322
-23 9 -22 12 -68816
-24 0 -22 -1 -68238
23 1 22 3 -62948
-14 0 -13 0 -66726
2 -24 23 -23 -62148
1 -4 0 -4 -68680
-19 13 -16 16 -58644
-15 14 -17 10 -58890
-5 13 -5 14 -54438
22 -17 24 -24 -60792
-6 -6 -7 0 -68440
-13 10 -11 11 -57016
6 -20 6 -23 -73494
15 24 -23 23 -67238
-1 21 0 23 -55100
-5 24 -14 23 -51460
-11 -20 -9 -21 -58364
0 -18 0 -19 -68818
-10 -12 -10 -14 -54270
24 -4 22 -6 -57934
-22 4 -21 7 -62500
9 -12 11 -13 -68732
19 17 20 12 -67852
-15 4 -13 6 -66004
7 -1 7 -2 -62196
5 4 2 5 -69928
11 9 10 8 -61034
22 23 23 -9 -67126
-9 14 -8 15 -68492
0 -17 1 -20 -70600
-23 -14 -20 -11 -64020
5 -4 4 -7 -63194
10 -10 13 -9 -65780
-20 20 -22 17 -53716
-21 4 -21 0 -73444
19 2 19 -2 -67280
12 -24 18 -24 -55574
9 15 8 10 -67090
23 18 24 17 -46120
-20 -4 -24 -24 -71898
16 -21 19 -23 -68706
-9 -7 -14 -5 -74576
2 11 2 10 -54428
9 10 10 9 -63354
-11 -24 -14 -21 -49198
23 -9 24 -4 -53708
8 1 8 0 -64592
-19 20 -24 18 -50486
-4 0 -4 -1 -62838
3 -19 4 -24 -71168
-22 3 -22 -5 -74754
21 -10 24 -14 -64956
24 -5 24 14 -69470
18 10 17 9 -67472
-1 -9 0 -13 -67870
-13 10 -11 8 -61486
21 -17 22 -16 -64522
-23 2 -24 14 -64758
-13 15 -13 23 -64136
22 -10 23 -10 -51628
-15 7 -15 10 -64320
-20 13 -18 12 -63992
22 -23 23 -6 -68976
-8 16 -8 19 -65252
-24 23 -23 6 -63526
19 -17 16 -16 -62930
-23 -9 -19 -10 -64486
-1 -12 0 -11 -64076
-21 7 -20 13 -69938
21 -5 22 -3 -67706
-10 7 -11 5 -68820
-19 -12 -20 -9 -61372
-24 -20 -19 -22 -67984
8 9 4 8 -63752
10 -19 11 -22 -71926
17 -3 16 -2 -67588
3 -16 1 -18 -64524
19 18 22 19 -69720
-23 21 -24 20 -33832
-16 -3 -15 -5 -69032
8 15 7 17 -66396
-2 -15 -1 -18 -64648
-4 22 -6 20 -56512
24 -4 23 -1 -55962
13 21 14 21 -67262
11 0 9 -1 -64190
4 -21 5 -22 -66518
-7 -15 -10 -16 -61266
-4 16 -5 18 -63358
-13 -11 -10 -12 -59724
20 -18 19 -15 -67678
-21 12 -24 16 -52228
6 5 5 7 -70246
12 15 13 16 -70568
9 -23 -24 -24 -66774
0 -6 14 0 -88110
8 18 7 15 -69460
-21 -3 -23 -6 -68320
-24 15 -24 -8 -69030
23 0 22 -4 -69070
-20 -12 -24 -8 -67952
1 -2 0 -3 -70482
-1 -9 2 -7 -69296
-24 -8 -23 -15 -58066
-23 0 -23 -14 -71984
-3 -24 6 -24 -63052
11 2 9 0 -65312
-23 18 -22 16 -48526
16 18 15 21 -66010
-3 12 -3 10 -71122
-18 -23 -12 -23 -51400
21 -12 24 -6 -65644
-16 -1 -16 0 -64510
-16 -6 -16 -5 -61402
-18 -1 -14 -1 -71154
-21 21 -13 19 -62154
17 12 19 15 -69006
-22 -22 -23 -19 -53324
17 6 17 9 -63044
-24 -9 -22 -4 -63246
12 13 13 15 -68966
16 -3 16 -2 -64040
12 14 12 16 -65240
12 21 8 23 -58790
15 17 16 18 -63168
8 -16 7 -17 -60732
20 -21 21 -19 -66644
6 21 3 24 -52968
-19 17 -17 23 -60462
-5 5 -6 4 -68134
23 1 24 2 -67174
-12 16 -10 19 -67860
6 -13 7 -14 -67780
0 -5 -24 -22 -73114
-10 -16 -13 -17 -60366
-15 -14 -15 -15 -62584
16 9 13 10 -64170
0 22 -2 24 -60140
-6 16 -10 15 -63794
-1 11 1 11 -69824
20 17 22 23 -60082
1 23 0 23 -63484
-10 -22 -9 -16 -65828
-2 -13 -2 -15 -65004
10 -7 11 -8 -63386
11 6 10 10 -69516
-4 9 -4 7 -66676
23 -21 18 -22 -62332
19 -17 19 -16 -62900
24 24 17 22 -54792
-24 4 -23 2 -66116
23 -1 21 0 -64856
24 -23 23 -16 -63906
-17 -19 -21 -20 -67830
-5 -21 -4 -22 -71138
24 1 24 -2 -62152
-24 11 -24 13 -56042
-3 24 0 20 -67036
-14 16 -17 21 -62468
-21 -11 6 1 -85244
9 8 9 12 -61962
1 8 0 7 -66108
23 -3 17 -2 -68228
-12 -20 -14 -24 -40736
0 22 0 20 -55836
-1 -18 0 -15 -67430
-19 5 -24 7 -67556
0 -1 -14 3 -90212
0 6 2 5 -65034
18 -7 17 -4 -60444
21 3 21 4 -59414
3 1 2 3 -67696
1 23 5 24 -65960
0 7 0 9 -60508
9 14 7 14 -60884
-4 -15 -7 -12 -65982
-1 -9 -1 -7 -60590
-16 -15 -15 -15 -62798
-3 1 -4 4 -68812
3 18 0 16 -64060
-9 -1 -8 -2 -72058
18 19 17 23 -65378
7 -24 3 -23 -59944
3 -22 0 -23 -58676
2 16 3 15 -64394
-12 -21 -23 -24 -60178
-7 21 -6 23 -46530
-2 0 -2 -3 -65222
-12 -2 -12 -6 -62922
11 -23 10 -22 -59894
9 21 11 22 -57732
-3 19 0 19 -64890
9 23 15 21 -67858
7 -14 7 -15 -59006
9 23 10 17 -64064
13 0 14 4 -57362
13 -22 9 -24 -65666
24 -7 22 -6 -45110
-16 12 -14 10 -63730
23 -3 -24 -10 -72314
-13 1 -13 2 -68318
7 6 -12 -16 -89796
-23 24 -13 23 -49226
0 0 0 1 -65706
9 17 9 21 -64500
8 -10 10 -8 -72608
-2 12 -1 11 -71792
-12 0 -10 -2 -71338
2 3 1 2 -63792
19 -23 21 -17 -70918
-19 22 -18 16 -62136
-3 17 -2 16 -66922
19 -18 -12 -20 -75950
24 21 1 24 -66010
-2 -20 -7 -24 -64824
-19 -24 -21 -20 -58236
3 17 4 20 -68072
-21 -5 -21 0 -71350
17 20 19 24 -56306
2 -10 1 -9 -67978
-13 -20 -15 -19 -57140
5 21 9 20 -61108
-8 -19 -7 -21 -65372
-5 -24 -17 -23 -60084
21 18 -16 18 -73906
17 18 19 17 -69718
3 13 3 16 -66890
17 3 18 4 -69772
-17 8 -16 5 -72628
-2 12 -2 9 -71822
1 -15 1 -13 -64134
24 -15 23 -9 -60836
-13 -15 -15 -16 -64052
24 10 24 0 -59912
5 -21 3 -22 -62514
10 24 5 23 -55632
0 -13 2 -12 -63344
15 5 14 3 -59688
-6 8 -6 6 -65610
-17 3 -18 4 -70320
-4 3 -2 2 -67658
-14 -3 -5 -4 -86804
5 -8 4 -10 -69028
3 -12 3 -8 -67248
21 10 21 12 -58470
12 7 11 8 -67842
14 -20 17 -24 -69668
-5 24 6 24 -73028
-17 -12 -15 -16 -68152
-14 -12 -14 -8 -59526
-21 5 -22 6 -71632
12 18 13 16 -66042
18 -2 17 -5 -64372
-13 5 -13 6 -71800
-21 22 -20 19 -49074
-24 -8 -23 -23 -60344
0 -19 1 -19 -61670
-21 -17 -20 -17 -64060
16 -9 13 -9 -57376
-9 -17 -10 -16 -59070
8 24 -24 24 -63628
-6 17 -24 24 -65686
5 19 6 22 -60590
22 -22 21 -20 -59330
0 -21 -4 -22 -62332
19 3 22 5 -79428
-18 -12 -17 -13 -60364
14 -24 6 -20 -72872
-23 18 -20 17 -51030
-20 -3 -18 -3 -63602
-2 -22 -2 -23 -58356
4 -9 5 -9 -64368
17 -24 18 -23 -41526
20 -22 21 -22 -59338
-12 18 -11 14 -62764
-5 -8 -5 -9 -61164
-5 -20 -2 -24 -73172
-7 -13 -6 -12 -70452
-18 19 -11 24 -63020
-9 12 -7 9 -61644
22 -5 20 -1 -71704
-8 -1 -6 0 -72132
7 -21 7 -19 -73456
23 -12 19 -13 -65666
-24 7 -23 16 -70584
8 -9 11 -7 -74016
-12 12 -12 15 -53872
15 17 15 14 -65174
-1 -18 -3 -20 -66038
-24 -2 -23 -2 -56364
-12 -21 -12 -17 -61526
-20 -19 -21 -14 -65192
3 11 1 11 -60898
9 -20 9 -23 -70732
21 5 24 -18 -67054
-20 -17 -19 -21 -68490
-17 -6 -14 -5 -67810
-23 0 -24 1 -63370
24 11 24 9 -47312
4 23 -1 21 -73018
-15 -10 -18 -13 -65212
1 2 0 0 -68216
19 23 20 14 -66802
-23 -5 -22 -6 -67672
16 24 12 21 -64654
-5 -24 -5 -23 -39720
-20 -16 -23 -21 -60320
17 9 16 9 -65488
15 12 20 13 -72670
11 -2 13 -4 -68076
7 -12 5 -12 -66276
-2 0 -3 -1 -71390
24 -17 20 -14 -60578
24 -15 23 -24 -64348
-22 4 -24 -1 -71864
-11 -24 10 -24 -66628
-14 -16 -14 -18 -57956
-20 -6 -20 -2 -72106
-8 -19 -5 -20 -68226
