6 -20 5 -20 -63113
17 9 18 7 -66421
-9 8 -9 7 -64257
18 0 19 0 -59159
-2 -13 -3 -13 -58331
-17 -24 23 -6 -69597
8 0 9 -1 -67761
0 13 0 17 -64653
-4 -7 -5 -6 -72189
20 -9 20 -7 -56817
-23 -9 -20 -6 -62881
13 -11 13 -13 -65281
19 12 23 11 -60355
1 3 1 6 -74797
22 15 22 12 -52763
10 -2 10 -1 -64721
14 7 14 2 -73621
13 -14 14 -17 -64913
-19 12 -15 11 -68117
-8 -10 -8 -9 -66057
5 -3 3 -1 -70659
-6 -15 -7 -12 -65849
23 -19 24 -19 -29903
14 -24 19 -21 -59049
-8 17 -10 24 -59075
-24 24 21 21 -62937
-5 11 -4 12 -68681
-2 -4 -2 -5 -64415
-9 2 -12 -2 -76171
-19 13 -18 12 -64137
11 -19 9 -22 -74787
10 13 8 11 -72169
-9 -5 -9 -6 -68783
-5 21 -8 22 -65641
4 -5 23 -4 -75639
11 -6 11 -11 -67587
-23 -6 -21 -6 -62349
-22 13 -19 17 -63955
-3 7 -5 6 -63059
1 -8 4 -6 -72875
-24 -23 -23 -9 -68109
20 4 24 9 -69527
-17 -8 -14 -9 -68195
-10 -5 -13 -6 -64997
15 -6 14 -9 -66425
7 14 4 14 -66709
8 -20 7 -16 -69963
21 1 23 2 -71689
-3 -22 -3 -20 -62691
18 24 20 21 -52765
-24 -24 -21 -14 -63703
-19 -23 -18 -19 -63409
13 -4 14 -4 -62759
-15 9 -16 7 -64113
24 6 20 8 -56159
18 -21 22 -24 -58521
-3 -7 22 18 -87053
-21 8 -23 24 -69955
14 -12 15 -8 -72505
-20 -16 -18 -15 -63039
-12 -4 -11 0 -76865
9 24 7 21 -55277
11 -17 12 -18 -61515
19 -10 17 -12 -63533
0 22 -2 18 -70921
7 -13 7 -12 -65857
12 -20 14 -23 -63461
23 2 23 3 -68775
7 21 7 18 -67131
-12 0 -8 0 -68017
-15 -9 -14 -8 -64601
13 11 13 10 -57679
16 23 16 19 -67541
-15 19 -16 16 -71329
9 1 8 4 -64709
22 -11 22 -10 -61239
16 5 16 8 -72539
5 -18 3 -17 -64189
-15 -13 -16 -17 -68267
-9 4 -8 2 -66529
-18 2 -19 -1 -69091
15 -21 16 -17 -63353
-23 -17 24 -22 -60673
18 -15 16 -11 -70685
-5 -11 -6 -12 -68547
-8 -21 -6 -20 -63417
-22 11 -23 10 -57541
-10 8 -7 7 -57931
4 -2 6 -1 -62463
8 6 8 5 -67119
-8 10 -7 13 -66811
12 -22 5 -24 -55511
-17 -2 -18 -1 -59999
15 -20 18 -24 -72881
3 2 4 1 -58055
-22 5 -22 6 -61467
0 17 0 18 -63437
-17 19 -14 23 -64323
11 -13 11 -15 -64011
-17 21 -17 23 -37945
-13 15 -12 13 -67741
-1 -6 -3 -3 -76057
23 -8 23 -10 -54597
-11 16 -14 15 -67327
19 -6 24 -6 -64435
13 23 12 22 -63757
14 4 10 4 -76601
21 -17 21 -11 -66357
-1 13 -5 13 -63701
13 18 12 18 -65535
-7 0 -3 4 -71299
-20 15 -20 19 -64113
-24 -23 0 -23 -59531
-17 17 -14 17 -63773
-22 -22 -22 12 -73075
-17 -24 -24 -23 -49911
-21 4 -18 3 -63309
-8 -21 -5 -24 -63309
16 -20 11 -21 -58205
10 -24 11 -18 -75035
17 -14 14 -18 -62273
18 3 15 3 -62701
0 -5 -2 -4 -68905
9 16 5 8 -83859
-5 3 -5 1 -73523
-20 -19 -22 -15 -69819
20 21 19 21 -60907
-9 -6 -9 -8 -67029
-22 -15 -20 -9 -66401
-18 -20 -17 -23 -65845
14 -9 15 -10 -62555
-16 -23 -17 -20 -66009
9 -18 11 -15 -68707
7 -11 7 -10 -62841
15 -1 18 0 -60607
-2 -22 -3 -23 -60065
12 -1 11 0 -67743
3 24 6 23 -59031
17 -10 17 -12 -68045
-1 -9 0 -10 -63101
24 19 20 14 -62899
24 14 21 18 -56521
23 19 21 12 -62061
-3 -8 -2 -8 -60043
19 19 23 16 -63135
20 4 24 4 -65531
-7 -15 -7 -16 -55827
8 -16 10 -16 -61457
13 21 12 22 -65033
11 -5 11 -4 -59559
2 -4 1 0 -74165
-23 2 -20 4 -59651
7 0 8 3 -72505
-22 -8 -23 -4 -62545
20 -11 19 -11 -63775
0 5 2 5 -62901
-14 -10 -13 -6 -65297
24 15 23 8 -57297
-2 21 -6 24 -62653
3 -24 4 -18 -58917
6 8 8 8 -59581
-13 24 -3 23 -64311
24 2 23 0 -68787
-22 -12 -24 -6 -68245
-8 -8 -7 -9 -69969
-8 -8 -7 -8 -67381
-2 -21 0 -22 -58227
-10 -24 -8 -18 -61211
12 6 13 6 -69901
23 23 -9 24 -62813
2 11 5 16 -69513
-13 3 -14 6 -67481
-3 19 -5 19 -67045
-7 -5 -8 -4 -70177
6 9 6 6 -69151
23 9 2 5 -75653
4 24 3 23 -54645
18 -13 20 -14 -70371
10 -24 12 -22 -61081
21 10 20 8 -67335
21 18 24 20 -50733
-1 0 0 0 -61307
14 24 19 24 -51709
12 -7 12 -5 -62305
-7 -10 -4 -9 -67599
1 -12 2 -13 -58961
6 15 5 22 -74839
-17 21 -8 21 -68595
5 -3 5 -2 -69543
-8 8 -10 7 -62677
-7 15 -6 21 -70861
-12 2 -12 0 -67101
-24 -1 -23 1 -54011
-23 9 -22 12 -65991
8 11 8 9 -60091
23 1 22 3 -64939
-14 0 -13 0 -60431
-24 9 23 9 -64481
1 -4 0 -4 -63743
-19 13 -16 16 -66411
-15 14 -17 10 -60429
-5 13 -5 14 -54623
22 -17 24 -24 -60481
-6 -6 -7 0 -76847
-13 10 -11 11 -58783
-17 -4 -14 0 -75523
15 24 -23 23 -65023
-1 21 0 23 -62739
-5 24 -14 23 -59647
-11 -20 -9 -21 -57743
0 -18 0 -19 -58009
-10 -12 -10 -14 -66075
24 -4 22 -6 -50107
-22 4 -21 7 -65537
9 -12 11 -13 -66877
10 -24 9 6 -80213
-15 4 -13 6 -65249
7 -1 7 -2 -69425
4 -14 11 9 -90941
11 9 10 8 -68769
22 23 23 -9 -65623
-9 14 -8 15 -69301
-5 14 -2 17 -69479
-23 -14 -20 -11 -60695
5 -4 4 -7 -65455
10 -10 13 -9 -60755
-20 20 -22 17 -67783
-21 4 -21 0 -68817
19 2 19 -2 -67075
12 -24 18 -24 -54489
9 15 8 10 -72111
23 18 24 17 -43421
11 21 11 24 -53253
16 -21 19 -23 -68817
-9 -7 -14 -5 -69193
2 11 2 10 -49245
9 10 10 9 -62921
-11 -24 -14 -21 -52115
23 -9 24 -4 -45253
8 1 8 0 -67935
-19 20 -24 18 -56673
-4 0 -4 -1 -66783
3 -19 4 -24 -59443
16 4 17 0 -63079
21 -10 24 -14 -66645
-6 3 -6 4 -70829
18 10 17 9 -69197
-1 -9 0 -13 -65715
-13 10 -11 8 -61615
21 -17 22 -16 -54703
-23 2 -24 14 -61741
-13 15 -13 23 -70907
22 -10 23 -10 -53887
-15 7 -15 10 -62505
-20 13 -18 12 -63661
22 -23 23 -6 -71571
-8 16 -8 19 -69697
-24 23 -23 6 -66595
19 -17 16 -16 -65039
-23 -9 -19 -10 -65255
-1 -12 0 -11 -64927
-7 19 -5 19 -67041
5 0 10 0 -72107
-10 7 -11 5 -67813
-19 -12 -20 -9 -63127
-24 -20 -19 -22 -54035
-15 -15 21 -23 -72551
10 -19 11 -22 -68029
-11 -1 21 -3 -79181
3 -16 1 -18 -63351
19 18 22 19 -66021
-23 21 -24 20 -40083
-16 -3 -15 -5 -66093
-5 12 -6 9 -69979
-2 -15 -1 -18 -59807
-4 22 -6 20 -63359
24 -4 23 -1 -47301
13 21 14 21 -65693
11 0 9 -1 -73943
4 -21 5 -22 -62271
-7 -15 -10 -16 -60359
-4 16 -5 18 -65261
-13 -11 -10 -12 -58731
20 -18 19 -15 -69635
-21 12 -24 16 -54297
6 5 5 7 -69599
12 15 13 16 -70475
9 -23 -24 -24 -63513
5 13 8 12 -65355
8 18 7 15 -70535
-21 -3 -23 -6 -59445
-24 15 -24 -8 -66341
23 0 22 -4 -60547
-20 -12 -24 -8 -70465
1 -2 0 -3 -70359
-1 -9 2 -7 -68883
-24 -8 -23 -15 -60205
-23 0 -23 -14 -70743
-3 -24 6 -24 -63193
11 2 9 0 -73325
-23 18 -22 16 -54017
16 18 15 21 -65375
-24 2 -23 6 -64683
-18 -23 -12 -23 -51899
12 5 12 7 -74007
-16 -1 -16 0 -64007
-16 -6 -16 -5 -57723
17 4 18 -24 -74897
-21 21 -13 19 -64431
17 12 19 15 -66957
-22 -22 -23 -19 -54075
17 6 17 9 -70627
-24 -9 -22 -4 -59533
12 13 13 15 -69459
16 -3 16 -2 -58801
12 14 12 16 -63777
12 21 8 23 -63209
15 17 16 18 -61943
8 -16 7 -17 -64847
20 -21 21 -19 -64899
6 21 3 24 -58131
-19 17 -17 23 -72341
-5 5 -6 4 -67073
23 1 24 2 -65991
-12 16 -10 19 -72283
6 -13 7 -14 -65469
5 8 0 -10 -92733
-10 -16 -13 -17 -62207
-15 -14 -15 -15 -59527
16 9 13 10 -64859
0 22 -2 24 -61197
-6 16 -10 15 -66307
17 7 23 8 -71547
20 17 22 23 -60197
1 23 0 23 -57461
-10 -22 -9 -16 -67723
-2 -13 -2 -15 -65127
10 -7 11 -8 -62985
11 6 10 10 -74055
-4 9 -4 7 -67243
23 -21 18 -22 -56197
19 -17 19 -16 -63619
24 24 17 22 -48267
-24 4 -23 2 -58037
23 -1 21 0 -66425
24 -23 23 -16 -62707
-17 -19 -21 -20 -69831
-5 -21 -4 -22 -67319
24 1 24 -2 -58309
-24 11 -24 13 -55957
-3 24 0 20 -68811
-14 16 -17 21 -68609
-24 -15 -22 -18 -51675
9 0 13 1 -76765
1 8 0 7 -70557
23 -3 19 -2 -67221
-12 -20 -14 -24 -43889
0 22 0 20 -64053
-1 -18 0 -15 -64919
-19 5 -24 7 -62663
7 -5 8 -4 -64887
0 6 2 5 -62211
18 -7 17 -4 -57019
21 3 21 4 -64277
-14 4 -14 6 -67253
1 23 5 24 -62289
0 7 0 9 -66865
9 14 7 14 -64943
1 7 0 1 -83283
-1 -9 -1 -7 -62971
-16 -15 -15 -15 -60851
-3 1 -4 4 -76485
3 18 0 16 -64979
-9 -1 -8 -2 -67267
18 19 17 23 -68695
7 -24 3 -23 -57935
3 -22 0 -23 -58605
2 16 3 15 -61705
-12 -21 -23 -24 -59557
-7 21 -6 23 -49717
-2 0 -2 -3 -72303
-12 -2 -12 -6 -70765
11 -23 10 -22 -49879
9 21 11 22 -56245
-3 19 0 19 -62639
10 23 11 21 -63107
7 -14 7 -15 -64861
16 23 14 22 -65415
-19 13 -22 9 -67875
13 -22 9 -24 -63009
24 -7 22 -6 -50729
-16 12 -14 10 -65673
-5 -11 -5 -8 -72611
-13 1 -13 2 -65203
-12 -22 8 10 -86001
-23 24 -13 23 -51009
0 0 0 1 -66755
10 -21 10 -22 -65431
8 -10 10 -8 -64095
-2 12 -1 11 -55969
-12 0 -10 -2 -67357
2 3 1 2 -69073
19 -23 21 -17 -70631
-15 -5 -17 -5 -72011
-3 17 -2 16 -65581
4 -5 8 -7 -66987
24 21 1 24 -63525
-2 -20 -7 -24 -66551
-19 -24 -21 -20 -58999
3 17 4 20 -76201
-21 -5 -21 0 -53967
17 20 19 24 -58267
-22 -15 -24 5 -72697
-13 -20 -15 -19 -60785
5 21 9 20 -65023
-8 -19 -7 -21 -61793
-5 -24 -17 -23 -58849
-6 -20 -8 -20 -60751
17 18 19 17 -61901
3 13 3 16 -64127
17 3 18 4 -69165
-17 8 -16 5 -70507
-10 -13 -10 -14 -66047
1 -15 1 -13 -63767
24 -15 23 -9 -60653
-13 -15 -15 -16 -64731
24 10 24 0 -63179
5 -21 3 -22 -60103
10 24 5 23 -56595
0 -13 2 -12 -63481
15 5 14 3 -67855
-6 8 -6 6 -68503
-17 3 -18 4 -64977
-4 3 -2 2 -63723
13 -12 15 -13 -63891
5 -8 4 -10 -70523
3 -12 3 -8 -65267
21 10 21 12 -58731
12 7 11 8 -71661
14 -20 17 -24 -70223
-5 24 6 24 -68651
-17 0 -15 1 -66315
-14 -12 -14 -8 -59203
-21 5 -22 6 -67311
12 18 13 16 -62745
18 -2 17 -5 -58887
-11 -1 -9 0 -69331
-21 22 -20 19 -50997
-24 -8 -23 -23 -71139
0 -19 1 -19 -59283
-21 -17 -20 -17 -62633
16 -9 13 -9 -61821
-9 -17 -10 -16 -60063
8 24 -24 24 -62247
-6 17 -24 24 -69563
5 19 6 22 -70029
22 -22 21 -20 -59133
0 -21 -4 -22 -61869
0 9 -1 9 -58401
-18 -12 -17 -13 -56983
2 8 2 5 -78097
-23 18 -20 17 -51913
-20 -3 -18 -3 -59573
-2 -22 -2 -23 -55125
4 -9 5 -9 -65353
17 -24 18 -23 -43651
20 -22 21 -22 -54705
-12 18 -11 14 -71797
-5 -8 -5 -9 -70971
-5 -20 -2 -24 -68997
-7 -13 -6 -12 -67175
-18 19 -11 24 -64265
-9 12 -7 9 -58429
-10 -5 -9 -1 -75815
-9 20 -13 22 -65029
7 -16 7 -18 -66763
23 -12 19 -13 -63117
-24 7 -23 16 -67823
-21 17 -20 22 -69223
-12 12 -12 15 -58003
15 17 15 14 -61565
-1 -18 -3 -20 -63249
-24 -2 -23 -2 -43613
-12 -21 -12 -17 -63823
-20 -19 -21 -14 -69417
3 11 1 11 -55611
-9 15 -14 19 -75897
21 5 24 -18 -69023
-20 -17 -19 -21 -70517
-17 -6 -14 -5 -72445
-23 0 -24 1 -49301
24 11 24 9 -48357
2 23 1 21 -66757
-15 -10 -18 -13 -66553
1 2 0 0 -71861
19 23 20 14 -65193
-23 -5 -22 -6 -60667
16 24 12 21 -71945
-5 -24 -5 -23 -39473
-20 -16 -23 -21 -69315
17 9 16 9 -67015
15 12 20 13 -71577
11 -2 13 -4 -66585
7 -12 5 -12 -64451
-2 0 -3 -1 -65755
24 -17 20 -14 -58421
24 -15 23 -24 -62493
-22 4 -24 -1 -69263
-11 -24 10 -24 -65299
-14 -16 -14 -18 -58997
22 14 24 -2 -71181
-19 -19 -20 -20 -69455
