6 -20 5 -20 -65417
17 9 18 7 -65915
-9 8 -9 7 -69839
18 0 19 0 -56401
-2 -13 -3 -13 -68991
-17 -24 23 -6 -69583
8 0 9 -1 -76795
0 13 0 17 -61115
-4 -7 -5 -6 -70035
20 -9 20 -7 -52981
-23 -9 -20 -6 -61925
13 -11 13 -13 -57533
19 12 23 11 -59647
1 3 1 6 -59059
22 15 22 12 -57431
10 -2 10 -1 -68069
14 7 14 2 -73841
13 -14 14 -17 -64737
-19 12 -15 11 -68755
-8 -10 -8 -9 -64777
5 -3 3 -1 -76519
-6 -15 -7 -12 -65069
23 -19 24 -19 -30181
14 -24 19 -21 -58075
-8 17 -10 24 -57811
-24 24 21 21 -65683
-5 11 -4 12 -72427
-2 -4 -2 -5 -57003
-14 -11 20 -14 -77447
-19 13 -18 12 -68551
-21 -17 -21 -15 -59729
10 13 8 11 -68979
-9 -5 -9 -6 -70649
-5 21 -8 22 -62477
4 -5 23 -4 -78185
15 -10 11 -11 -76863
-23 -6 -21 -6 -62665
-22 13 -19 17 -67859
-3 7 -5 6 -64923
1 -8 4 -6 -72015
-24 -23 -23 -9 -70033
20 4 24 9 -67591
-17 -8 -14 -9 -62757
-10 -5 -13 -6 -63193
11 -16 16 -18 -70235
7 14 4 14 -69569
8 -20 7 -16 -71417
21 1 23 2 -67531
-3 -22 -3 -20 -65263
18 24 20 21 -51649
-24 -24 -21 -14 -63443
-19 -23 -18 -19 -64377
13 -4 14 -4 -64313
-15 9 -16 7 -67301
24 6 20 8 -55193
18 -21 22 -24 -54117
-4 10 -3 10 -68367
-21 8 -23 24 -73345
-16 14 -16 15 -63055
-20 -16 -18 -15 -64765
-11 -11 -11 -8 -69411
9 24 7 21 -57173
11 -17 12 -18 -69875
19 -10 17 -12 -62545
0 22 -2 18 -65955
7 -13 7 -12 -63747
12 -20 14 -23 -60353
23 2 23 3 -68735
7 21 7 18 -55077
-12 0 -8 0 -68879
-15 -9 -14 -8 -59699
13 11 13 10 -65119
16 23 16 19 -68777
-15 19 -16 16 -73917
9 1 8 4 -68617
22 -11 22 -10 -59489
16 5 16 8 -71975
5 -18 3 -17 -68083
-15 -13 -16 -17 -65861
-9 4 -8 2 -70089
-18 2 -19 -1 -67519
15 -21 16 -17 -58561
-23 -17 24 -22 -60891
-19 1 -19 3 -63219
-5 -11 -6 -12 -62067
-8 -21 -6 -20 -63065
-22 11 -23 10 -60481
-10 8 -7 7 -61725
4 -2 6 -1 -67791
8 6 8 5 -65247
-8 10 -7 13 -71719
12 -22 5 -24 -57207
-17 -2 -18 -1 -59199
4 -20 2 -24 -65765
3 2 4 1 -66695
-22 5 -22 6 -62561
0 17 0 18 -56073
-17 19 -14 23 -65333
11 -13 11 -15 -62893
-17 21 -17 23 -37853
-13 15 -12 13 -69563
-9 -6 -10 -3 -74789
23 -8 23 -10 -53059
-11 16 -14 15 -66459
19 -6 24 -6 -62349
13 23 12 22 -64523
11 -7 9 12 -84489
21 -17 21 -11 -73019
-1 13 -5 13 -71081
13 18 12 18 -64707
-7 20 -3 19 -69473
-20 15 -20 19 -67099
-24 -23 0 -23 -61953
-17 17 -14 17 -64407
8 -15 7 -15 -76031
-17 -24 -24 -23 -50217
-21 4 -18 3 -64255
-8 -21 -5 -24 -63711
16 -20 11 -21 -62121
10 -24 11 -18 -67359
17 -14 14 -18 -63373
18 3 15 3 -61553
0 -5 -2 -4 -67151
-24 5 -22 -24 -64933
-5 3 -5 1 -69573
-20 -19 -22 -15 -65261
20 21 19 21 -60659
-9 -6 -9 -8 -68499
-22 -15 -20 -9 -65677
-18 -20 -17 -23 -64759
14 -9 15 -10 -59617
-16 -23 -17 -20 -65301
9 -18 11 -15 -67133
7 -11 7 -10 -57219
15 -1 18 0 -61243
-2 -22 -3 -23 -60865
12 -1 11 0 -72401
3 24 6 23 -60761
17 -10 17 -12 -58095
-1 -9 0 -10 -67513
24 19 20 14 -66507
24 14 21 18 -60543
23 19 21 12 -70249
-3 -8 -2 -8 -65875
19 19 23 16 -65253
20 4 24 4 -62215
-7 -15 -7 -16 -57023
8 -16 10 -16 -73421
13 21 12 22 -64453
11 -5 11 -4 -56399
2 -4 1 0 -71985
-23 2 -20 4 -61783
7 0 8 3 -73087
-22 -8 -23 -4 -60819
20 -11 19 -11 -63169
0 5 2 5 -74999
-14 -10 -13 -6 -67581
24 15 23 8 -58815
-2 21 -6 24 -63249
3 -24 4 -18 -67441
6 8 8 8 -59367
-13 24 -3 23 -61995
24 2 23 0 -68853
-22 -12 -24 -6 -65391
-8 -8 -7 -9 -68825
-8 -8 -7 -8 -65703
-2 -21 0 -22 -58821
-10 -24 -8 -18 -61361
12 6 13 6 -59953
23 23 -9 24 -66147
2 11 5 16 -65305
-13 3 -14 6 -69863
-2 0 -24 -18 -69839
-7 -5 -8 -4 -72983
6 9 6 6 -63115
24 -15 0 -10 -77781
4 24 3 23 -54227
18 -13 20 -14 -68857
10 -24 12 -22 -57299
21 10 20 8 -66467
21 18 24 20 -52085
-1 0 0 0 -64723
14 24 19 24 -51117
12 -7 12 -5 -51961
-7 -10 -4 -9 -67093
1 -12 2 -13 -61823
-6 9 -5 4 -83417
-17 21 -8 21 -67039
5 -3 5 -2 -68535
-8 8 -10 7 -63841
-7 15 -6 21 -70377
-12 2 -12 0 -62407
-24 -1 -23 1 -51699
-23 9 -22 12 -67275
8 11 8 9 -58657
23 1 22 3 -65359
-14 0 -13 0 -60217
-24 9 23 9 -64365
1 -4 0 -4 -69763
-19 13 -16 16 -71227
-15 14 -17 10 -67761
-5 13 -5 14 -56981
22 -17 24 -24 -56451
-8 -12 -11 -14 -66913
-13 10 -11 11 -61531
-17 -4 -14 0 -69089
15 24 -23 23 -70617
-1 21 0 23 -59437
-5 24 -14 23 -57981
-11 -20 -9 -21 -59129
0 -18 0 -19 -60751
-10 -12 -10 -14 -64967
24 -4 22 -6 -50663
-22 4 -21 7 -66461
9 -12 11 -13 -79813
-6 -3 -3 -4 -66491
-15 4 -13 6 -65109
7 -1 7 -2 -71497
5 7 1 5 -79415
11 9 10 8 -65969
22 23 23 -9 -68609
-9 14 -8 15 -70797
-5 14 -2 17 -69337
-23 -14 -20 -11 -61739
5 -4 4 -7 -61871
10 -10 13 -9 -74713
-20 20 -22 17 -69955
3 15 13 18 -81905
19 2 19 -2 -68755
12 -24 18 -24 -51471
9 15 8 10 -67459
23 18 24 17 -47027
11 21 11 24 -52303
16 -21 19 -23 -58407
-9 -7 -14 -5 -72837
2 11 2 10 -47265
9 10 10 9 -61525
-11 -24 -14 -21 -52575
23 -9 24 -4 -45921
8 1 8 0 -72225
-19 20 -24 18 -60633
-4 0 -4 -1 -60901
3 -19 4 -24 -63573
16 4 17 0 -64135
21 -10 24 -14 -67915
-6 3 -6 4 -70655
18 10 17 9 -67863
-1 -9 0 -13 -64681
-13 10 -11 8 -65055
21 -17 22 -16 -55287
-23 2 -24 14 -65281
-13 15 -13 23 -71351
22 -10 23 -10 -54433
-15 7 -15 10 -68223
-20 13 -18 12 -67779
22 -23 23 -6 -68791
-8 16 -8 19 -69249
-24 23 -23 6 -69637
19 -17 16 -16 -64185
-23 -9 -19 -10 -65909
-1 -12 0 -11 -64357
-5 2 -24 0 -70583
9 15 9 18 -60957
-10 7 -11 5 -69169
-19 -12 -20 -9 -62589
-24 -20 -19 -22 -53875
-11 11 -11 10 -62151
10 -19 11 -22 -67115
6 -24 -1 9 -77269
3 -16 1 -18 -66717
19 18 22 19 -66373
-23 21 -24 20 -41569
-16 -3 -15 -5 -63961
-5 12 -6 9 -73345
-2 -15 -1 -18 -60297
-4 22 -6 20 -59699
24 -4 23 -1 -52133
13 21 14 21 -64217
5 -12 20 -9 -90809
4 -21 5 -22 -63621
-7 -15 -10 -16 -65775
-4 16 -5 18 -65289
-13 -11 -10 -12 -60657
20 -18 19 -15 -69287
-21 12 -24 16 -59157
6 5 5 7 -66369
12 15 13 16 -71153
9 -23 -24 -24 -64751
5 13 8 12 -68711
3 1 13 -2 -82925
-21 -3 -23 -6 -59289
-24 15 -24 -8 -63347
23 0 22 -4 -62059
-20 -12 -24 -8 -69799
1 -2 0 -3 -68735
-1 -9 2 -7 -68977
-24 -8 -23 -15 -58803
-23 0 -23 -14 -66071
-3 -24 6 -24 -64345
11 2 9 0 -72103
-23 18 -22 16 -58547
16 18 15 21 -66361
-24 2 -23 6 -62573
-18 -23 -12 -23 -51113
12 5 12 7 -71267
-16 -1 -16 0 -59857
-16 -6 -16 -5 -57735
17 4 18 -24 -68933
-21 21 -13 19 -69571
17 12 19 15 -67473
-22 -22 -23 -19 -53547
17 6 17 9 -70387
-24 -9 -22 -4 -58011
12 13 13 15 -71001
16 -3 16 -2 -60303
12 14 12 16 -66311
12 21 8 23 -63803
15 17 16 18 -63219
8 -16 7 -17 -66425
20 -21 21 -19 -51621
6 21 3 24 -57603
-19 17 -17 23 -72879
-5 5 -6 4 -63619
23 1 24 2 -64715
-12 16 -10 19 -72685
6 -13 7 -14 -71491
-24 8 -22 6 -54395
-10 -16 -13 -17 -62359
-15 -14 -15 -15 -58299
16 9 13 10 -62433
0 22 -2 24 -62107
-6 16 -10 15 -66931
17 7 23 8 -69017
20 17 22 23 -63479
1 23 0 23 -56135
-10 -22 -9 -16 -68383
-2 -13 -2 -15 -63121
10 -7 11 -8 -62589
7 0 0 2 -81875
-4 9 -4 7 -72285
23 -21 18 -22 -55291
19 -17 19 -16 -64567
24 24 17 22 -48775
-24 4 -23 2 -58167
0 -1 2 0 -78137
24 -23 23 -16 -57939
-17 -19 -21 -20 -70727
-5 -21 -4 -22 -67071
24 1 24 -2 -62167
-24 11 -24 13 -57221
-3 24 0 20 -69963
-14 16 -17 21 -69511
-24 -15 -22 -18 -51239
9 0 13 1 -67113
1 8 0 7 -74911
23 -3 19 -2 -60861
-12 -20 -14 -24 -43947
0 22 0 20 -60663
-1 -18 0 -15 -65257
-19 5 -24 7 -69955
7 -5 8 -4 -63033
0 6 2 5 -67465
18 -7 17 -4 -54617
21 3 21 4 -64157
-14 4 -14 6 -69653
1 23 5 24 -62533
0 7 0 9 -63609
9 14 7 14 -68181
-17 15 -5 -6 -92137
-1 -9 -1 -7 -59559
-16 -15 -15 -15 -55993
-3 1 -4 4 -73643
3 18 0 16 -63733
-9 -1 -8 -2 -68959
18 19 17 23 -69445
7 -24 3 -23 -59317
3 -22 0 -23 -63027
2 16 3 15 -61177
-12 -21 -23 -24 -59651
-7 21 -6 23 -47829
-2 0 -2 -3 -68019
-12 -2 -12 -6 -68051
11 -23 10 -22 -50743
9 21 11 22 -59671
-3 19 0 19 -62197
10 23 11 21 -62155
7 -14 7 -15 -64789
16 23 14 22 -65981
-19 13 -22 9 -71333
13 -22 9 -24 -62073
24 -7 22 -6 -49183
-16 12 -14 10 -67901
18 -4 15 -8 -62829
-13 1 -13 2 -63377
21 22 21 11 -74557
-23 24 -13 23 -55629
0 0 0 1 -63049
10 -21 10 -22 -60715
8 -10 10 -8 -64863
-2 12 -1 11 -59237
-12 0 -10 -2 -69517
2 3 1 2 -71677
12 7 12 13 -73963
-15 -5 -17 -5 -62225
-3 17 -2 16 -65059
4 -5 8 -7 -71595
24 21 1 24 -62467
-2 -20 -7 -24 -66387
-19 -24 -21 -20 -58637
3 10 -1 9 -75259
-21 -5 -21 0 -51235
17 20 19 24 -59223
-21 19 -19 18 -66955
-13 -20 -15 -19 -58533
5 21 9 20 -66915
-8 -19 -7 -21 -61849
-5 -24 -17 -23 -58673
-6 -20 -8 -20 -60971
17 18 19 17 -61505
3 13 3 16 -59131
17 3 18 4 -67741
-17 8 -16 5 -72737
-10 -13 -10 -14 -65491
1 -15 1 -13 -63161
24 -15 23 -9 -62819
-13 -15 -15 -16 -61209
24 10 24 0 -62761
5 -21 3 -22 -66189
10 24 5 23 -59397
0 -13 2 -12 -65835
15 5 14 3 -66861
-6 8 -6 6 -77435
-17 3 -18 4 -65595
-4 3 -2 2 -64903
-13 21 15 23 -74211
5 -8 4 -10 -68555
3 -12 3 -8 -62591
21 10 21 12 -59093
12 7 11 8 -64743
14 -20 17 -24 -55041
-5 24 6 24 -68737
-17 0 -15 1 -64367
-14 -12 -14 -8 -63411
-21 5 -22 6 -72525
12 18 13 16 -63735
18 -2 17 -5 -62091
-11 -1 -9 0 -61659
-21 22 -20 19 -54769
-24 -8 -23 -23 -72773
0 -19 1 -19 -61943
-21 -17 -20 -17 -63319
16 -9 13 -9 -69795
-9 -17 -10 -16 -60917
8 24 -24 24 -63737
-6 17 -24 24 -71125
5 19 6 22 -62957
22 -22 21 -20 -53413
0 -21 -4 -22 -62661
0 9 -1 9 -67953
-18 -12 -17 -13 -55783
10 -1 9 1 -80045
-23 18 -20 17 -63125
-20 -3 -18 -3 -58505
-2 -22 -2 -23 -57683
4 -9 5 -9 -68297
17 -24 18 -23 -42241
20 -22 21 -22 -54013
-12 18 -11 14 -72347
-5 -8 -5 -9 -61499
-5 -20 -2 -24 -70071
13 -16 7 -12 -88761
-18 19 -11 24 -65057
-9 12 -7 9 -64191
-10 -5 -9 -1 -61519
-9 20 -13 22 -61383
7 -16 7 -18 -66505
23 -12 19 -13 -62617
-24 7 -23 16 -69551
-21 17 -20 22 -70137
-12 12 -12 15 -65971
15 17 15 14 -65749
-1 -18 -3 -20 -65723
-24 -2 -23 -2 -45373
-12 -21 -12 -17 -64469
9 2 10 3 -68357
3 11 1 11 -66721
24 -2 22 1 -63059
21 5 24 -18 -68335
-20 -17 -19 -21 -67987
0 -12 -5 -11 -76387
-23 0 -24 1 -48843
24 11 24 9 -48537
2 23 1 21 -63125
19 -14 19 -13 -65719
1 2 0 0 -71247
19 23 20 14 -72541
-23 -5 -22 -6 -60417
16 24 12 21 -72311
-5 -24 -5 -23 -40415
-20 -16 -23 -21 -70365
17 9 16 9 -64641
15 12 20 13 -69323
11 -2 13 -4 -68353
7 -12 5 -12 -71735
-2 0 -3 -1 -64243
24 -17 20 -14 -59701
24 -15 23 -24 -56165
-22 4 -24 -1 -66261
-11 -24 10 -24 -63949
-14 -16 -14 -18 -58627
22 14 24 -2 -70707
-19 -19 -20 -20 -70831
