6 -20 5 -20 -67181
17 9 18 7 -63127
-9 8 -9 7 -68103
18 0 19 0 -60215
-2 -13 -3 -13 -60665
-17 -24 23 -6 -69141
8 0 9 -1 -59977
0 13 0 17 -66881
-4 -7 -5 -6 -63481
20 -9 20 -7 -57917
-23 -9 -20 -6 -67339
13 -11 13 -13 -59203
19 12 23 11 -60651
1 3 1 6 -65537
22 15 22 12 -60067
10 -2 10 -1 -57951
2 -19 2 -20 -70201
13 -14 14 -17 -61553
-19 12 -15 11 -70165
-8 -10 -8 -9 -61435
5 -3 3 -1 -65227
-6 -15 -8 -17 -70103
23 -19 24 -19 -31865
14 -24 19 -21 -60457
-8 17 -10 24 -55303
-24 24 21 21 -62161
2 16 3 16 -64857
-2 -4 -2 -5 -52657
18 -22 20 -17 -73027
-19 13 -18 12 -66221
-21 -17 -21 -15 -58835
10 13 8 11 -64803
-9 -5 -9 -6 -61585
-5 21 -8 22 -64979
19 -5 18 -4 -70049
15 -10 11 -11 -71889
-23 -6 -21 -6 -66293
-22 13 -19 17 -80565
-3 7 -5 6 -60529
1 -8 4 -6 -71195
-24 -23 -23 -9 -58959
20 4 24 9 -64565
-17 -8 -14 -9 -62403
-3 -15 -4 -6 -70083
11 -16 16 -18 -68275
7 14 4 14 -64911
8 -20 7 -16 -64059
21 1 23 2 -67397
-3 -22 -3 -20 -67965
18 24 20 21 -52619
-24 -24 -21 -14 -58857
-19 -23 -18 -19 -60853
13 -4 14 -4 -59851
-15 9 -16 7 -68445
24 6 20 8 -60311
18 -21 22 -24 -56991
-4 10 -3 10 -63977
-21 8 -23 24 -73077
-16 14 -16 15 -66727
-20 -16 -18 -15 -61453
-4 -21 -6 -15 -79047
9 24 7 21 -58139
11 -17 12 -18 -64967
19 -10 17 -12 -68101
0 22 -2 18 -68557
7 -13 7 -12 -64355
12 -20 14 -23 -63039
23 2 23 3 -68227
7 21 7 18 -66573
-12 0 -8 0 -62247
-15 -9 -14 -8 -65847
13 11 13 10 -65057
0 3 0 4 -63145
-15 19 -16 16 -73569
9 1 8 4 -62085
22 -11 22 -10 -59001
16 13 16 8 -70821
5 -18 3 -17 -70677
-15 -13 -16 -17 -67703
-9 4 -8 2 -65577
-4 -15 -6 -13 -68193
15 -21 16 -17 -62959
-23 -17 24 -22 -62577
-19 1 -19 3 -60379
-5 -11 -6 -12 -61387
-8 -21 -6 -20 -61787
-22 11 -23 10 -61399
-10 8 -7 7 -63229
4 -2 6 -1 -56833
8 6 8 5 -57045
-8 10 -7 13 -64385
12 -22 5 -24 -59747
-17 -2 -18 -1 -63933
4 -20 2 -24 -63183
3 2 4 1 -55961
-22 5 -22 6 -65089
0 17 0 18 -57293
-17 19 -14 23 -62413
11 -13 11 -15 -60503
-17 21 -17 23 -38079
-13 15 -12 13 -75703
-10 -9 -14 -10 -63853
23 -8 23 -10 -56113
-11 16 -14 15 -70869
19 -6 24 -6 -66865
13 23 12 22 -63727
-22 15 -20 18 -80269
18 -7 21 -11 -73323
-1 13 -5 13 -68427
13 18 12 18 -63239
-7 20 -3 19 -69609
-20 15 -20 19 -72181
-24 -23 0 -23 -62783
-17 17 -14 17 -59837
8 -15 7 -15 -71395
-17 -24 -24 -23 -46305
-21 4 -18 3 -72483
-8 -21 -5 -24 -65707
16 -20 11 -21 -62457
10 -24 11 -18 -66645
17 -14 14 -18 -71119
18 3 15 3 -61347
8 19 7 24 -66995
-24 5 -22 -24 -66083
-5 3 -5 1 -66763
-20 -19 -22 -15 -69855
20 21 19 21 -59919
-9 -6 -9 -8 -60685
-22 -15 -20 -9 -64583
-18 -20 -17 -23 -64407
14 -9 15 -10 -60401
-16 -23 -17 -20 -64895
9 -18 11 -15 -64749
7 -11 7 -10 -64907
15 -1 18 0 -61893
-2 -22 -3 -23 -54133
12 -1 11 0 -56801
3 24 6 23 -58971
17 -10 17 -12 -58933
-1 -9 0 -10 -61243
24 19 20 14 -67513
24 14 21 18 -60287
23 19 21 12 -71789
-3 -8 -2 -8 -57983
19 19 23 16 -63219
20 4 24 4 -62435
-7 -15 -7 -16 -62315
8 -16 10 -16 -69185
13 21 12 22 -62181
11 -5 11 -4 -52641
2 -4 1 0 -64727
-23 2 -20 4 -66145
0 16 -3 11 -69541
-22 -8 -23 -4 -63327
20 -11 19 -11 -73859
0 5 2 5 -65693
-14 -10 -13 -6 -66291
24 15 23 8 -60587
-2 21 -6 24 -64427
-10 -11 -10 -10 -63585
6 8 8 8 -56317
-13 24 -3 23 -64617
24 2 23 0 -67805
-22 -12 -24 -6 -66411
-8 -8 -7 -9 -67159
-8 -8 -7 -8 -63187
-2 -21 0 -22 -58109
-10 -24 -8 -18 -59299
12 6 13 6 -59045
23 23 -9 24 -62377
2 11 5 16 -69515
-13 3 -14 6 -70263
-2 0 -24 -18 -68109
-7 -5 -8 -4 -64565
6 9 6 6 -65493
17 6 17 3 -60143
4 24 3 23 -54511
18 -13 20 -14 -75703
10 -24 12 -22 -56865
21 10 20 8 -66443
21 18 24 20 -51569
-1 0 0 0 -58207
14 24 19 24 -50875
12 -7 12 -5 -54637
-7 -10 -4 -9 -64821
1 -12 2 -13 -62237
8 -12 9 -6 -70195
-17 21 -8 21 -65707
5 -3 5 -2 -62943
-8 8 -10 7 -63861
23 -19 -24 3 -72037
-12 2 -12 0 -65873
-24 -1 -23 1 -52055
-23 9 -22 12 -62861
8 11 8 9 -61675
23 1 22 3 -65877
-14 0 -13 0 -56837
-24 9 23 9 -66179
1 -4 0 -4 -58273
-19 13 -16 16 -76173
-15 14 -17 10 -70657
-5 13 -5 14 -69409
22 -17 24 -24 -58977
-8 -12 -11 -14 -69327
-13 10 -11 11 -63705
-17 -4 -14 0 -67081
15 24 -23 23 -63411
-1 21 0 23 -62871
-5 24 -14 23 -58405
-11 -20 -9 -21 -63661
0 -18 0 -19 -70843
-10 -12 -10 -14 -66439
24 -4 22 -6 -49969
-22 4 -21 7 -72009
-4 13 -4 14 -69455
-6 -3 -3 -4 -65579
-15 4 -13 6 -66341
7 -1 7 -2 -62413
-21 -17 -24 -14 -62537
11 9 10 8 -62665
22 23 23 -9 -67559
-9 14 -8 15 -70605
-22 1 -19 -1 -70601
-23 -14 -20 -11 -61641
5 -4 4 -7 -60813
10 -10 13 -9 -69783
-20 20 -22 17 -78257
2 24 -10 23 -69349
19 2 19 -2 -68267
12 -24 18 -24 -54641
9 15 8 10 -67813
23 18 24 17 -46011
11 21 11 24 -57833
16 -21 19 -23 -61233
-7 1 -5 0 -66661
2 11 2 10 -53555
9 10 10 9 -65169
-11 -24 -14 -21 -57061
23 -9 24 -4 -47463
8 1 8 0 -61475
-19 20 -24 18 -65863
-4 0 -4 -1 -64609
3 -19 4 -24 -60977
16 4 17 0 -61867
21 -10 24 -14 -66927
-6 3 -6 4 -65457
18 10 17 9 -68919
-1 -9 0 -13 -67147
-13 10 -11 8 -66911
21 -17 22 -16 -64895
-23 2 -24 14 -64933
-13 15 -13 23 -65455
22 -10 23 -10 -55709
-15 7 -15 10 -70479
-20 13 -18 12 -66969
22 -23 23 -6 -66717
-8 16 -8 19 -55919
-24 23 -23 6 -67661
19 -17 16 -16 -70181
-23 -9 -19 -10 -69987
-1 -12 0 -11 -63269
5 2 -24 0 -73089
9 15 9 18 -61409
-10 7 -11 5 -69031
-19 -12 -20 -9 -61879
-24 -20 -19 -22 -53859
-11 11 -11 10 -60545
10 -19 11 -22 -66821
5 -17 4 -21 -72223
3 -16 1 -18 -70907
19 18 22 19 -66927
-23 21 -24 20 -44137
-16 -3 -15 -5 -64785
2 8 2 9 -63629
-2 -15 -1 -18 -67491
-4 22 -6 20 -58413
24 -4 23 -1 -55429
13 21 14 21 -62997
-1 13 0 13 -63509
4 -21 5 -22 -61541
-7 -15 -10 -16 -71217
-4 16 -5 18 -61179
-13 -11 -10 -12 -61665
20 -18 19 -15 -67065
-21 12 -24 16 -57625
6 5 5 7 -64037
8 -12 11 -11 -74615
9 -23 -24 -24 -63469
5 13 8 12 -66369
3 -24 22 -22 -64523
-21 -3 -23 -6 -62123
-24 15 -24 -8 -62225
23 0 22 -4 -62459
-20 -12 -24 -8 -72331
1 -2 0 -3 -65951
-1 -9 2 -7 -68447
-24 -8 -23 -15 -56797
-23 0 -23 -14 -69345
-3 -24 6 -24 -63069
11 2 9 0 -67435
-23 18 -22 16 -59025
16 18 15 21 -65183
-24 2 -23 6 -64023
-18 -23 -12 -23 -55337
-6 -7 -5 6 -78553
-16 -1 -16 0 -57377
-16 -6 -16 -5 -56537
17 4 18 -24 -69471
-1 5 6 7 -72865
17 12 19 15 -67145
-22 -22 -23 -19 -54363
17 6 17 9 -61429
-24 -9 -22 -4 -61579
12 13 13 15 -63655
16 -3 16 -2 -57877
12 14 12 16 -63537
-19 8 -4 -14 -88407
15 17 16 18 -61547
8 -16 7 -17 -63367
20 -21 21 -19 -66991
6 21 3 24 -60351
-19 17 -17 23 -72451
-5 5 -6 4 -63031
23 1 24 2 -63671
-11 -23 -14 -23 -56579
6 -13 7 -14 -65971
-24 8 -22 6 -55923
-10 -16 -13 -17 -67093
-15 -14 -15 -15 -58911
16 9 13 10 -64017
0 22 -2 24 -61591
-6 16 -10 15 -65655
21 -16 19 -17 -75619
20 17 22 23 -61779
1 23 0 23 -58441
-10 -22 -9 -16 -70317
-2 -13 -2 -15 -64901
10 -7 11 -8 -59667
-16 1 -14 18 -84517
-4 9 -4 7 -68037
23 -21 18 -22 -63497
19 -17 19 -16 -64835
24 24 17 22 -47101
-24 4 -23 2 -60085
5 20 6 16 -66629
24 -23 23 -16 -62339
-17 -1 -19 -2 -67081
-5 -21 -4 -22 -70095
24 1 24 -2 -63613
-24 11 -24 13 -48657
-3 24 0 20 -68921
-14 16 -17 21 -64657
-24 -15 -22 -18 -61315
9 0 13 1 -61409
1 8 0 7 -67779
23 -3 19 -2 -67315
-12 -20 -14 -24 -45347
0 22 0 20 -61573
-1 -18 0 -15 -69425
-19 5 -24 7 -73519
7 -5 8 -4 -58381
0 6 2 5 -64135
18 -7 17 -4 -64915
21 3 21 4 -64415
-14 4 -14 6 -70699
1 23 5 24 -61533
0 7 0 9 -68625
9 14 7 14 -62457
-17 -8 -20 -10 -64231
-1 -9 -1 -7 -56707
-16 -15 -15 -15 -58343
-9 1 -9 -3 -65291
3 18 0 16 -67291
15 -15 19 -12 -75969
18 19 17 23 -68237
7 -24 3 -23 -59821
3 -22 0 -23 -62019
2 16 3 15 -68355
-12 -21 -23 -24 -54223
-7 21 -6 23 -45061
-2 0 -2 -3 -67163
-12 -2 -12 -6 -62855
11 -23 10 -22 -51491
9 21 11 22 -52181
-3 19 0 19 -67047
10 23 11 21 -62157
7 -14 7 -15 -59395
16 23 14 22 -65577
-19 13 -22 9 -71619
13 -22 9 -24 -62453
24 -7 22 -6 -53723
-16 12 -14 10 -72601
18 -4 15 -8 -63535
-13 1 -13 2 -64055
7 -11 10 -12 -70599
-23 24 -13 23 -48401
0 0 0 1 -62273
10 -21 10 -22 -60503
8 -10 10 -8 -70859
-2 12 -1 11 -63585
-12 0 -10 -2 -63253
2 3 1 2 -64589
12 7 12 10 -65549
-15 -5 -17 -5 -66653
-3 17 -2 16 -66671
4 -5 8 -7 -61921
24 21 1 24 -59675
2 -16 5 -16 -70129
-19 -24 -21 -20 -57537
11 11 8 14 -67827
-21 -5 -21 0 -51887
17 20 19 24 -58769
-21 19 -19 18 -61393
-13 -20 -15 -19 -62723
5 21 9 20 -61047
-8 -19 -7 -21 -68695
-5 -24 -17 -23 -68035
-6 -20 -8 -20 -63305
17 18 19 17 -60817
3 13 3 16 -63449
17 3 18 4 -67215
-17 8 -16 5 -76077
-10 -13 -10 -14 -66005
1 -15 1 -13 -63017
24 -15 23 -9 -58275
-13 -15 -15 -16 -66319
24 10 24 0 -61977
5 -21 3 -22 -69817
10 24 5 23 -53079
0 -13 2 -12 -65693
15 5 14 3 -61449
-6 8 -6 6 -69233
-17 3 -18 4 -70549
-4 3 -2 2 -63209
12 11 15 12 -62569
5 -8 4 -10 -71721
3 -12 3 -8 -66893
21 10 21 12 -62329
12 7 11 8 -61837
14 -20 17 -24 -57857
-5 24 6 24 -70107
-17 0 -15 1 -63601
-14 -12 -14 -8 -61421
-21 5 -22 6 -75953
12 18 13 16 -65667
18 -2 17 -5 -61565
-11 -1 -9 0 -59309
-21 22 -20 19 -53039
-14 14 -12 13 -73231
0 -19 1 -19 -62499
-21 -17 -20 -17 -59733
16 -9 13 -9 -68255
-9 -17 -10 -16 -63235
8 24 -24 24 -63095
-6 17 -24 24 -67359
5 19 6 22 -66807
22 -22 21 -20 -55571
0 -21 -4 -22 -58719
-12 14 -8 16 -75057
-18 -12 -17 -13 -55983
22 7 19 8 -65195
-23 18 -20 17 -62105
-20 -3 -18 -3 -68467
-2 -22 -2 -23 -56441
4 -9 5 -9 -61609
17 -24 18 -23 -44359
20 -22 21 -22 -60487
-12 18 -11 14 -71493
-6 9 -5 8 -68013
-5 -20 -2 -24 -71531
16 21 16 22 -63367
-18 19 -11 24 -60859
-9 12 -7 9 -64733
-10 -5 -9 -1 -62811
-9 20 -13 22 -64595
7 1 7 4 -63105
23 -12 19 -13 -68219
-24 7 -23 8 -51287
-21 17 -20 22 -72551
-12 12 -12 15 -67947
15 17 15 14 -62751
-1 -18 -3 -20 -66421
-24 -2 -23 -2 -48963
-12 -21 -12 -17 -64673
9 2 10 3 -64629
3 11 1 11 -61403
24 -2 22 1 -65529
21 5 24 -18 -70141
-20 -17 -19 -21 -67659
16 -8 -9 -9 -77745
-23 0 -24 1 -53493
24 11 24 9 -49691
2 23 1 21 -65429
19 -14 19 -13 -59059
1 2 0 0 -65235
19 23 20 14 -67795
-23 -5 -22 -6 -64027
16 24 12 21 -72421
-5 -24 -5 -23 -38701
-20 -16 -23 -21 -64751
17 9 16 9 -64109
15 12 20 13 -67387
21 14 21 17 -64633
23 -7 11 -5 -80317
-2 0 -3 -1 -63351
24 -17 20 -14 -59481
24 -15 23 -24 -62295
-22 4 -24 -1 -65807
-11 -24 10 -24 -61315
-14 -16 -14 -18 -58931
22 14 24 -2 -70791
-19 -19 -20 -20 -62319
