6 -20 5 -20 -59823
17 9 18 7 -63707
-9 8 -9 7 -67313
18 0 19 0 -62007
-2 -13 -3 -13 -65087
-17 -24 23 -6 -74125
8 0 9 -1 -64307
0 13 0 17 -60709
-4 -7 -5 -6 -66905
20 -9 20 -7 -58733
-23 -9 -20 -6 -71103
13 -11 13 -13 -57853
19 12 23 11 -62603
1 3 1 6 -66967
22 15 22 12 -59805
10 -2 10 -1 -61227
2 -19 2 -20 -67695
13 -14 14 -17 -60441
-19 12 -15 11 -67633
-8 -10 -8 -9 -61763
5 -3 3 -1 -72645
-6 -15 -8 -17 -66787
23 -19 24 -19 -33951
14 -24 19 -21 -61221
-8 17 -10 24 -54751
-24 24 21 21 -64775
2 16 3 16 -64385
-2 -4 -2 -5 -56955
18 -22 20 -17 -69739
-19 13 -18 12 -70131
-21 -17 -21 -15 -60861
10 13 8 11 -65917
-9 -5 -9 -6 -62459
-5 21 -8 22 -60571
19 -5 18 -4 -66463
15 -10 11 -11 -71653
-23 -6 -21 -6 -67059
11 -18 7 -19 -72601
-3 7 -5 6 -64643
1 -8 4 -6 -69899
-24 -23 -23 -9 -60093
20 4 24 9 -68189
-17 -8 -14 -9 -65413
-3 -15 -4 -6 -68541
11 -16 16 -18 -73887
7 14 4 14 -71033
8 -20 7 -16 -64527
21 1 23 2 -68867
-3 -22 -3 -20 -64967
18 24 20 21 -52347
-24 -24 -21 -14 -60343
-19 -23 -18 -19 -60621
13 -4 14 -4 -68541
-15 9 -16 7 -62005
24 6 20 8 -59945
18 -21 22 -24 -56761
-4 10 -3 10 -60249
-23 -5 -23 -8 -63253
-16 14 -16 15 -60699
-20 -16 -18 -15 -62833
-18 9 -19 10 -68997
9 24 7 21 -59939
11 -17 12 -18 -66601
19 -10 17 -12 -61635
0 22 -2 18 -68675
7 -13 7 -12 -64381
12 -20 14 -23 -61395
23 2 23 3 -66511
7 21 7 18 -69581
-12 0 -8 0 -62409
-15 -9 -14 -8 -70451
13 11 13 10 -63837
0 3 0 4 -64297
-15 19 -16 16 -65567
9 1 8 4 -62843
22 -11 22 -10 -59507
16 13 16 8 -67909
5 -18 3 -17 -67029
-15 -13 -16 -17 -68653
-9 4 -8 2 -64697
-4 -15 -6 -13 -65917
15 -21 16 -17 -62517
-23 -17 24 -22 -68079
-19 1 -19 3 -58635
-5 -11 -6 -12 -66505
-8 -21 -6 -20 -61899
-22 11 -23 10 -57793
-10 8 -7 7 -61939
4 -2 6 -1 -67009
8 6 8 5 -56783
-8 10 -7 13 -62661
12 -22 5 -24 -61619
-17 -2 -18 -1 -61125
4 -20 2 -24 -54837
3 2 4 1 -60785
-22 5 -22 6 -59719
0 17 0 18 -55895
-17 19 -14 23 -59573
11 -13 11 -15 -58935
-17 21 -17 23 -36159
12 0 13 0 -66995
-10 -9 -14 -10 -69277
23 -8 23 -10 -56299
-15 15 -14 15 -65279
19 -6 24 -6 -73495
13 23 12 22 -55503
-19 -17 0 -8 -88569
18 -7 21 -11 -70329
-1 18 -8 18 -63115
13 18 12 18 -62831
24 11 23 8 -62085
-20 15 -20 19 -61159
-24 -23 0 -23 -64097
-17 17 -14 17 -62465
8 -15 7 -15 -68811
-17 -24 -24 -23 -46749
-21 4 -18 3 -69205
-8 -21 -5 -24 -66209
16 -20 11 -21 -67813
10 -24 11 -18 -65703
17 -14 14 -18 -66511
18 3 15 3 -66007
8 19 7 24 -69869
-24 5 -22 -24 -62537
-5 3 -5 1 -61121
-20 -19 -22 -15 -71467
20 21 19 21 -61525
-9 -6 -9 -8 -62855
-22 -15 -20 -9 -66263
-18 -20 -17 -23 -65741
14 -9 15 -10 -66579
-16 -23 -17 -20 -66125
9 -18 11 -15 -64081
7 -11 7 -10 -59385
15 -1 18 0 -67651
-2 -22 -3 -23 -54895
12 -1 11 0 -63671
3 24 6 23 -62493
17 -10 17 -12 -59543
-1 -9 0 -10 -64037
24 19 20 14 -69731
24 14 21 18 -60739
23 19 21 12 -72661
-3 -8 -2 -8 -63853
19 19 23 16 -63003
20 4 24 4 -64093
-7 -15 -7 -16 -56613
8 -16 10 -16 -70433
13 21 12 22 -62065
11 -5 11 -4 -54941
2 -4 1 0 -72719
-23 2 -20 4 -65049
-15 -3 -14 -11 -77641
-22 -8 -23 -4 -68673
20 -11 19 -11 -67117
0 5 2 5 -62715
-14 -10 -13 -6 -74915
24 15 23 8 -66241
-2 21 -6 24 -56151
-10 -11 -10 -10 -64169
6 8 8 8 -61923
-13 24 -3 23 -68643
24 2 23 0 -68737
-22 -12 -24 -6 -67145
-8 -8 -7 -9 -70605
-8 -8 -7 -8 -70599
-2 -21 0 -22 -59459
-10 -24 -8 -18 -58011
12 6 13 6 -63995
23 23 -9 24 -66565
-1 8 -2 11 -75215
-13 3 -14 6 -65191
-2 0 -24 -18 -71841
-7 -5 -8 -4 -66543
6 9 6 6 -64679
17 6 17 3 -58431
4 24 3 23 -54795
-22 10 -21 21 -63543
10 -24 12 -22 -58971
-4 18 20 18 -80143
21 18 24 20 -52645
-1 0 0 0 -60553
14 24 19 24 -50577
12 -7 12 -5 -53873
-7 -10 -4 -9 -71335
1 -12 2 -13 -60711
11 18 10 16 -63537
-17 21 -8 21 -66871
5 -3 5 -2 -71443
-8 8 -10 7 -60909
3 -4 3 -3 -69317
-12 2 -12 0 -63797
-24 -1 -23 1 -50651
-23 9 -22 12 -59691
8 11 8 9 -66183
23 1 22 3 -65429
-14 0 -13 0 -56365
-24 9 23 9 -64673
1 -4 0 -4 -61267
-7 18 -9 16 -67305
-15 14 -17 10 -56293
-5 13 -5 14 -66149
22 -17 24 -24 -59313
-8 -12 -11 -14 -74287
-13 10 -11 11 -57897
-17 -4 -14 0 -68257
15 24 -23 23 -64431
-1 21 0 23 -64559
-5 24 -14 23 -65615
-11 -20 -9 -21 -68921
0 -18 0 -19 -66689
-3 13 -2 11 -75675
24 -4 22 -6 -53831
-22 4 -21 7 -67057
-4 13 -4 14 -66677
-6 -3 -3 -4 -68353
-15 4 -13 6 -61985
7 -1 7 -2 -66729
-21 -17 -24 -14 -64269
11 9 10 8 -65167
22 23 23 -9 -64515
-9 14 -8 15 -68653
-22 1 -19 -1 -68079
-23 -14 -20 -11 -61807
5 -4 4 -7 -62995
10 -10 13 -9 -66537
14 -13 11 -7 -72689
-18 -3 -17 -20 -78067
19 2 19 -2 -69707
12 -24 18 -24 -55859
9 15 8 10 -67403
23 18 24 17 -47163
11 21 11 24 -56137
16 -21 19 -23 -59097
-7 1 -5 0 -67201
2 11 2 10 -61411
9 10 10 9 -67671
-11 -24 -14 -21 -58175
23 -9 24 -4 -48025
8 1 8 0 -60851
-19 20 -24 18 -46049
-4 0 -4 -1 -58383
3 -19 4 -24 -61027
16 4 17 0 -64489
21 -10 24 -14 -64075
-6 3 -6 4 -63061
18 10 17 9 -64645
-1 -9 0 -13 -67561
-13 10 -11 8 -58277
21 -17 22 -16 -63557
-23 2 -24 14 -60447
-13 15 -13 23 -65837
22 -10 23 -10 -60115
-15 7 -15 10 -60121
-20 13 -18 12 -67863
22 -23 23 -6 -63865
-8 16 -8 19 -56965
-24 23 -23 6 -58071
19 -17 16 -16 -63193
-23 -9 -19 -10 -70001
-1 -12 0 -11 -64213
-9 -11 -7 -12 -67909
9 15 9 18 -63391
-10 7 -11 5 -64925
-19 -12 -20 -9 -65471
-24 -20 -19 -22 -53981
-11 11 -11 10 -55379
10 -19 11 -22 -66199
5 -17 4 -21 -65807
0 7 -4 4 -68829
19 18 22 19 -68749
-23 21 -24 20 -32153
-16 -3 -15 -5 -65721
2 8 2 9 -62233
-2 -15 -1 -18 -63155
-4 22 -6 20 -57057
24 -4 23 -1 -55207
13 21 14 21 -60247
-1 13 0 13 -59081
4 -21 5 -22 -60127
-20 -9 20 -12 -79095
-4 16 -5 18 -59487
-13 -11 -10 -12 -64079
20 -18 19 -15 -64045
-21 12 -24 16 -56445
6 5 5 7 -66647
23 7 24 8 -51421
9 -23 -24 -24 -64579
5 13 8 12 -73443
3 -24 22 -22 -67549
-21 -3 -23 -6 -64473
4 19 2 23 -72273
23 0 22 -4 -63375
-20 -12 -24 -8 -72937
1 -2 0 -3 -67019
-1 -9 2 -7 -69619
-24 -8 -23 -15 -56451
-19 7 13 -9 -79955
-3 -24 6 -24 -59945
2 15 8 8 -86339
-23 18 -22 16 -54963
16 18 15 21 -64951
-24 2 -23 6 -61331
-18 -23 -12 -23 -57075
20 -16 9 -15 -79947
-16 -1 -16 0 -57221
-16 -6 -16 -5 -64117
9 -1 6 -3 -69259
14 2 13 0 -65599
17 12 19 15 -66199
-22 -22 -23 -19 -54175
17 6 17 9 -59085
-24 -9 -22 -4 -66415
16 -3 14 0 -67169
16 -3 16 -2 -61631
12 14 12 16 -60333
2 9 1 10 -70181
15 17 16 18 -61873
8 -16 7 -17 -64901
20 -21 21 -19 -63015
6 21 3 24 -66571
-19 17 -17 23 -65983
-5 5 -6 4 -64115
23 1 24 2 -64545
-11 -23 -14 -23 -58225
6 -13 7 -14 -66335
-24 8 -22 6 -53371
-11 -21 -7 -22 -70209
-15 -14 -15 -15 -59629
16 9 13 10 -65901
0 22 -2 24 -59127
-6 16 -10 15 -66085
-9 -11 -10 -12 -71021
20 17 22 23 -60693
1 23 0 23 -56563
-10 -22 -9 -16 -66835
-2 -13 -2 -15 -63561
10 -7 11 -8 -59287
4 -5 -18 -9 -83649
-4 9 -4 7 -70931
23 -21 18 -22 -60455
19 -17 19 -16 -61643
24 24 17 22 -49153
-24 4 -23 2 -57529
5 20 6 16 -66775
24 -23 23 -16 -61367
-17 -1 -19 -2 -66611
-5 -21 -4 -22 -68537
24 1 24 -2 -62571
-24 11 -24 13 -47719
-3 24 0 20 -67139
-14 16 -17 21 -66913
-24 -15 -22 -18 -62157
9 0 13 1 -65781
1 8 0 7 -60567
23 -3 19 -2 -69277
-12 -20 -14 -24 -44681
0 22 0 20 -66209
-1 -18 0 -15 -63747
-19 5 -24 7 -72405
7 -5 8 -4 -66129
0 6 2 5 -64163
18 -7 17 -4 -63261
21 3 21 4 -62543
-14 4 -14 6 -63421
1 23 5 24 -63411
-12 -14 -17 -14 -76261
9 14 7 14 -66273
-17 -8 -20 -10 -66481
-1 -9 -1 -7 -57205
-16 -15 -15 -15 -67857
-9 1 -9 -3 -60377
3 18 0 16 -64651
-15 17 -14 13 -71799
18 19 17 23 -66941
7 -24 3 -23 -53167
3 -22 0 -23 -55853
-11 -24 24 -22 -65229
-12 -21 -23 -24 -55699
-7 21 -6 23 -46225
-2 0 -2 -3 -66399
-12 -2 -12 -6 -64629
11 -23 10 -22 -52915
9 21 11 22 -54879
-3 19 0 19 -62773
10 23 11 21 -62017
7 -14 7 -15 -62649
16 23 14 22 -54909
-19 13 -22 9 -62243
13 -22 9 -24 -66319
24 -7 22 -6 -55087
-24 18 -24 -8 -59861
18 -4 15 -8 -63933
-13 1 -13 2 -62891
4 9 7 13 -68945
-23 24 -13 23 -44873
0 0 0 1 -61501
10 -21 10 -22 -59083
8 -10 10 -8 -61299
-2 12 -1 11 -75793
-12 0 -10 -2 -62085
2 3 1 2 -67867
12 7 12 10 -66487
-15 -5 -17 -5 -66197
-3 17 -2 16 -65609
4 -5 8 -7 -65685
24 21 1 24 -69939
23 -3 4 -4 -75197
-19 -24 -21 -20 -58355
11 11 8 14 -70065
-21 -5 -21 0 -51251
17 20 19 24 -55717
-21 19 -19 18 -57741
-13 -20 -15 -19 -64611
5 21 9 20 -64023
-8 -19 -7 -21 -65739
-5 -24 -17 -23 -71979
-6 -20 -8 -20 -65411
17 18 19 17 -60195
3 13 3 16 -57383
17 3 18 4 -68367
10 0 -1 1 -79197
-10 -13 -10 -14 -53065
1 -15 1 -13 -63455
24 -15 23 -9 -56225
-13 -15 -15 -16 -68523
24 10 24 0 -56625
-12 23 -7 22 -69163
10 24 5 23 -55885
0 -13 2 -12 -62639
15 5 14 3 -64445
-6 8 -6 6 -70549
-17 3 -18 4 -63833
-4 3 -2 2 -64727
12 11 15 12 -61309
5 -8 4 -10 -67857
3 -12 3 -8 -64849
21 10 21 12 -63065
12 7 11 8 -63685
14 -20 17 -24 -56329
-5 24 6 24 -66917
-17 0 -15 1 -62659
-14 -12 -14 -8 -66643
-21 5 -22 6 -72359
12 18 13 16 -66793
18 -2 17 -5 -63509
-11 -1 -9 0 -60007
-21 22 -20 19 -48755
-14 14 -12 13 -62235
0 -19 1 -19 -59443
-21 -17 -20 -17 -60515
16 -9 13 -9 -69615
-9 -17 -10 -16 -64379
8 24 -24 24 -60693
-6 17 -24 24 -67929
5 19 6 22 -70233
22 -22 21 -20 -56531
0 -21 -4 -22 -60181
20 -16 23 -14 -67093
-18 -12 -17 -13 -60595
22 7 19 8 -65307
-23 18 -20 17 -55945
-20 -3 -18 -3 -67465
-2 -22 -2 -23 -55303
4 -9 5 -9 -61171
17 -24 18 -23 -45097
20 -22 21 -22 -58149
-12 18 -11 14 -66283
-6 9 -5 8 -71677
-5 -20 -2 -24 -70053
16 21 16 22 -61031
-18 19 -11 24 -58487
-9 12 -7 9 -64009
-10 -5 -9 -1 -61165
-9 20 -13 22 -68275
7 1 7 4 -61837
23 -12 19 -13 -70377
-24 7 -23 8 -47657
-21 17 -20 22 -59365
-12 12 -12 15 -57579
15 17 15 14 -62525
-1 -18 -3 -20 -65367
-24 -2 -23 -2 -49429
-12 -21 -12 -17 -63745
9 2 10 3 -60133
3 11 1 11 -60243
24 -2 22 1 -65939
21 5 24 -18 -65975
-20 -17 -19 -21 -69875
0 -11 -2 -11 -67645
-23 0 -24 1 -53041
24 11 24 9 -54675
2 23 1 21 -66977
19 -14 19 -13 -56409
1 2 0 0 -67745
19 23 20 14 -66073
-23 -5 -22 -6 -64471
6 -18 3 -14 -74679
-5 -24 -5 -23 -37297
-20 -16 -23 -21 -65821
17 9 16 9 -64277
15 12 20 13 -67415
21 14 21 17 -64263
24 21 3 17 -75359
-2 0 -3 -1 -63695
24 -17 20 -14 -59245
24 -15 23 -24 -60343
-22 4 -24 -1 -63531
-11 -24 10 -24 -65215
-14 -16 -14 -18 -59815
22 -6 19 -7 -71527
-19 -19 -20 -20 -62641
