6 -20 5 -20 -60295
17 9 18 7 -64319
-9 8 -9 7 -67705
18 0 19 0 -65067
-2 -13 -3 -13 -64329
-17 -24 23 -6 -70417
8 0 9 -1 -67743
0 13 0 17 -61779
-4 -7 -5 -6 -66537
20 -9 20 -7 -60619
-23 -9 -20 -6 -69297
13 -11 13 -13 -61117
19 12 23 11 -62937
1 3 1 6 -66685
22 15 22 12 -59959
10 -2 10 -1 -63649
2 -19 2 -20 -69163
13 -14 14 -17 -61125
-19 12 -15 11 -67591
-8 -10 -8 -9 -62709
5 -3 3 -1 -69661
-6 -15 -8 -17 -67761
23 -19 24 -19 -34023
14 -24 19 -21 -60233
-8 17 -10 24 -55299
-24 24 21 21 -61329
2 16 3 16 -62591
-2 -4 -2 -5 -57753
18 -22 20 -17 -68943
-19 13 -18 12 -70089
-21 -17 -21 -15 -59079
10 13 8 11 -66227
-9 -5 -9 -6 -61415
-5 21 -8 22 -60441
19 -5 18 -4 -79367
15 -10 11 -11 -68517
-23 -6 -21 -6 -65895
11 -18 7 -19 -73693
-3 7 -5 6 -65779
1 -8 4 -6 -70941
-24 -23 -23 -9 -57651
20 4 24 9 -69363
-17 -8 -14 -9 -64841
-3 -15 -4 -6 -72003
11 -16 16 -18 -66315
7 14 4 14 -67125
8 -20 7 -16 -66111
21 1 23 2 -70145
-3 -22 -3 -20 -65951
18 24 20 21 -52457
-24 -24 -21 -14 -60347
-19 -23 -18 -19 -61277
13 -4 14 -4 -68325
-15 9 -16 7 -62057
24 6 20 8 -60497
18 -21 22 -24 -56931
-4 10 -3 10 -61033
-23 -5 -23 -8 -62689
-16 14 -16 15 -60955
-20 -16 -18 -15 -62251
-18 9 -19 10 -68587
9 24 7 21 -59569
11 -17 12 -18 -64471
19 -10 17 -12 -62307
0 22 -2 18 -68445
7 -13 7 -12 -67751
12 -20 14 -23 -60481
23 2 23 3 -66907
7 21 7 18 -70169
-12 0 -8 0 -62681
-15 -9 -14 -8 -73173
13 11 13 10 -64135
0 3 0 4 -64783
-15 19 -16 16 -66417
9 1 8 4 -68021
22 -11 22 -10 -58833
16 13 16 8 -67785
5 -18 3 -17 -67803
-15 -13 -16 -17 -67527
-9 4 -8 2 -65935
-4 -15 -6 -13 -66635
15 -21 16 -17 -63819
-23 -17 24 -22 -64093
-19 1 -19 3 -57783
-5 -11 -6 -12 -66321
-8 -21 -6 -20 -62079
-22 11 -23 10 -58411
-10 8 -7 7 -63073
4 -2 6 -1 -62201
8 6 8 5 -58357
-8 10 -7 13 -63345
12 -22 5 -24 -62103
-17 -2 -18 -1 -62767
4 -20 2 -24 -55653
3 2 4 1 -58825
-22 5 -22 6 -60277
0 17 0 18 -57261
-17 19 -14 23 -59849
11 -13 11 -15 -63001
-17 21 -17 23 -36629
12 0 13 0 -67617
-10 -9 -14 -10 -77215
23 -8 23 -10 -55827
-15 15 -14 15 -65701
19 -6 24 -6 -75601
13 23 12 22 -54787
-5 -8 -22 1 -86035
18 -7 21 -11 -73369
-1 18 -8 18 -63253
13 18 12 18 -61335
24 11 23 8 -61909
-20 15 -20 19 -61309
-24 -23 0 -23 -64741
-17 17 -14 17 -63285
8 -15 7 -15 -69379
-17 -24 -24 -23 -46933
-21 4 -18 3 -69411
-8 -21 -5 -24 -67311
16 -20 11 -21 -65689
10 -24 11 -18 -66847
17 -14 14 -18 -66243
18 3 15 3 -66799
8 19 7 24 -69893
-24 5 -22 -24 -61837
-5 3 -5 1 -62267
-20 -19 -22 -15 -69533
20 21 19 21 -61499
-9 -6 -9 -8 -61237
-22 -15 -20 -9 -63513
-18 -20 -17 -23 -66339
14 -9 15 -10 -72015
-16 -23 -17 -20 -66325
9 -18 11 -15 -68895
7 -11 7 -10 -61285
15 -1 18 0 -68825
-2 -22 -3 -23 -55053
12 -1 11 0 -67675
3 24 6 23 -62641
17 -10 17 -12 -61047
-1 -9 0 -10 -65435
24 19 20 14 -70355
24 14 21 18 -60593
23 19 21 12 -73439
-3 -8 -2 -8 -62769
19 19 23 16 -63869
20 4 24 4 -65491
-7 -15 -7 -16 -58603
8 -16 10 -16 -70117
13 21 12 22 -61355
11 -5 11 -4 -57691
2 -4 1 0 -72259
-23 2 -20 4 -65723
-17 -15 -5 -8 -102573
-22 -8 -23 -4 -68727
20 -11 19 -11 -68105
0 5 2 5 -60909
-14 -10 -13 -6 -70147
24 15 23 8 -65897
-2 21 -6 24 -56261
-10 -11 -10 -10 -64071
6 8 8 8 -59811
-13 24 -3 23 -69399
24 2 23 0 -68947
-22 -12 -24 -6 -66549
-8 -8 -7 -9 -71355
-8 -8 -7 -8 -70809
-2 -21 0 -22 -59987
-10 -24 -8 -18 -57997
12 6 13 6 -64839
23 23 -9 24 -62643
-1 8 -2 11 -74983
-13 3 -14 6 -66171
-2 0 -24 -18 -71855
-7 -5 -8 -4 -67421
6 9 6 6 -65207
17 6 17 3 -59821
4 24 3 23 -54627
-22 10 -21 21 -64049
10 -24 12 -22 -60247
10 -8 7 -22 -85477
21 18 24 20 -51735
-1 0 0 0 -60113
14 24 19 24 -50523
12 -7 12 -5 -57999
-7 -10 -4 -9 -68603
1 -12 2 -13 -61243
11 18 10 16 -63631
-17 21 -8 21 -67373
5 -3 5 -2 -72605
-8 8 -10 7 -61205
3 -4 3 -3 -69577
-12 2 -12 0 -64753
-24 -1 -23 1 -50905
-23 9 -22 12 -60281
8 11 8 9 -65627
23 1 22 3 -67357
-14 0 -13 0 -57559
-24 9 23 9 -61779
1 -4 0 -4 -60837
-7 18 -9 16 -67717
-15 14 -17 10 -56601
-5 13 -5 14 -66941
22 -17 24 -24 -58467
-8 -12 -11 -14 -80777
-13 10 -11 11 -58725
-17 -4 -14 0 -67765
15 24 -23 23 -62411
-1 21 0 23 -63785
-5 24 -14 23 -66491
-11 -20 -9 -21 -69869
0 -18 0 -19 -68149
-3 13 -2 11 -75467
24 -4 22 -6 -54077
-22 4 -21 7 -67979
-4 13 -4 14 -66997
-6 -3 -3 -4 -67357
-15 4 -13 6 -61999
7 -1 7 -2 -68665
-21 -17 -24 -14 -63109
11 9 10 8 -65715
22 23 23 -9 -66291
-9 14 -8 15 -69021
-22 1 -19 -1 -68589
-23 -14 -20 -11 -60991
5 -4 4 -7 -64159
10 -10 13 -9 -64727
14 -13 11 -7 -77791
16 0 22 -7 -93905
19 2 19 -2 -72103
12 -24 18 -24 -55103
9 15 8 10 -67029
23 18 24 17 -47269
11 21 11 24 -56905
16 -21 19 -23 -59181
-7 1 -5 0 -66615
2 11 2 10 -59711
9 10 10 9 -66775
-11 -24 -14 -21 -58871
23 -9 24 -4 -49449
8 1 8 0 -63637
-19 20 -24 18 -46903
-4 0 -4 -1 -60863
3 -19 4 -24 -61121
16 4 17 0 -65757
21 -10 24 -14 -63639
-6 3 -6 4 -63615
18 10 17 9 -64749
-1 -9 0 -13 -69179
-13 10 -11 8 -59483
21 -17 22 -16 -64631
-23 2 -24 14 -61325
-13 15 -13 23 -66125
22 -10 23 -10 -60777
-15 7 -15 10 -60381
-20 13 -18 12 -67763
22 -23 23 -6 -65021
-8 16 -8 19 -58361
-24 23 -23 6 -58341
19 -17 16 -16 -59451
-23 -9 -19 -10 -69681
-1 -12 0 -11 -64057
-9 -11 -7 -12 -67735
9 15 9 18 -63037
-10 7 -11 5 -64443
-19 -12 -20 -9 -61119
-24 -20 -19 -22 -53563
-11 11 -11 10 -55631
10 -19 11 -22 -65513
5 -17 4 -21 -67609
0 7 -4 4 -69255
19 18 22 19 -68669
-23 21 -24 20 -32577
-16 -3 -15 -5 -64139
2 8 2 9 -61027
-2 -15 -1 -18 -65193
-4 22 -6 20 -57145
24 -4 23 -1 -58769
13 21 14 21 -59123
-1 13 0 13 -58713
4 -21 5 -22 -60345
13 -2 18 -12 -89761
-4 16 -5 18 -60793
-13 -11 -10 -12 -66573
20 -18 19 -15 -63937
-21 12 -24 16 -56877
6 5 5 7 -66959
23 7 24 8 -51899
9 -23 -24 -24 -63149
5 13 8 12 -68277
3 -24 22 -22 -66317
-21 -3 -23 -6 -62957
4 19 2 23 -73413
23 0 22 -4 -65269
-20 -12 -24 -8 -72021
1 -2 0 -3 -68733
-1 -9 2 -7 -69955
-24 -8 -23 -15 -55015
-19 -15 -6 -8 -101213
-3 -24 6 -24 -60337
-4 22 8 1 -90285
-23 18 -22 16 -55873
16 18 15 21 -64831
-24 2 -23 6 -61761
-18 -23 -12 -23 -57549
6 7 14 -5 -90065
-16 -1 -16 0 -57229
-16 -6 -16 -5 -57157
9 -1 6 -3 -67309
14 2 13 0 -66221
17 12 19 15 -65689
-22 -22 -23 -19 -53811
17 6 17 9 -60107
-24 -9 -22 -4 -65155
16 -3 14 0 -71785
16 -3 16 -2 -65207
12 14 12 16 -60651
2 9 1 10 -67849
15 17 16 18 -61299
8 -16 7 -17 -67375
20 -21 21 -19 -62599
6 21 3 24 -67273
-19 17 -17 23 -66777
-5 5 -6 4 -64145
23 1 24 2 -65051
-11 -23 -14 -23 -58621
6 -13 7 -14 -66539
-24 8 -22 6 -53251
-11 -21 -7 -22 -70845
-15 -14 -15 -15 -57195
16 9 13 10 -66723
0 22 -2 24 -59671
-6 16 -10 15 -66151
-9 -11 -10 -12 -76641
20 17 22 23 -60515
1 23 0 23 -57329
-10 -22 -9 -16 -67225
-2 -13 -2 -15 -65315
10 -7 11 -8 -61439
4 -5 -18 10 -88191
-4 9 -4 7 -71347
23 -21 18 -22 -60231
19 -17 19 -16 -61725
24 24 17 22 -49383
-24 4 -23 2 -57837
5 20 6 16 -67167
24 -23 23 -16 -61005
-17 -1 -19 -2 -66973
-5 -21 -4 -22 -69565
24 1 24 -2 -64601
-24 11 -24 13 -48147
-3 24 0 20 -68261
-14 16 -17 21 -66961
-24 -15 -22 -18 -60831
9 0 13 1 -66527
1 8 0 7 -59985
23 -3 19 -2 -74321
-12 -20 -14 -24 -44255
0 22 0 20 -66085
-1 -18 0 -15 -64871
-19 5 -24 7 -72241
7 -5 8 -4 -66233
0 6 2 5 -64195
18 -7 17 -4 -74023
21 3 21 4 -62833
-14 4 -14 6 -63701
1 23 5 24 -62773
-12 -14 -17 -14 -79419
9 14 7 14 -64105
-17 -8 -20 -10 -67457
-1 -9 -1 -7 -57549
-16 -15 -15 -15 -69555
-9 1 -9 -3 -61887
3 18 0 16 -63761
-15 17 -14 13 -71781
18 19 17 23 -66503
7 -24 3 -23 -53979
3 -22 0 -23 -56873
-11 -24 24 -22 -63101
-12 -21 -23 -24 -55717
-7 21 -6 23 -46973
-2 0 -2 -3 -67855
-12 -2 -12 -6 -62725
11 -23 10 -22 -52201
9 21 11 22 -54377
-3 19 0 19 -63005
10 23 11 21 -61817
7 -14 7 -15 -66491
16 23 14 22 -54873
-19 13 -22 9 -62821
13 -22 9 -24 -67327
24 -7 22 -6 -55901
-24 18 -24 -8 -60221
18 -4 15 -8 -64893
-13 1 -13 2 -63607
4 9 7 13 -68675
-23 24 -13 23 -45211
0 0 0 1 -63691
10 -21 10 -22 -59175
8 -10 10 -8 -62399
-2 12 -1 11 -75883
-12 0 -10 -2 -64187
2 3 1 2 -65655
12 7 12 10 -67315
-15 -5 -17 -5 -67387
-3 17 -2 16 -66867
4 -5 8 -7 -64411
24 21 1 24 -67265
23 -3 4 -4 -74387
-19 -24 -21 -20 -59015
11 11 8 14 -67781
-21 -5 -21 0 -50969
17 20 19 24 -55921
-21 19 -19 18 -57985
-13 -20 -15 -19 -65587
5 21 9 20 -62671
-8 -19 -7 -21 -67017
-5 -24 -17 -23 -73275
-6 -20 -8 -20 -65545
17 18 19 17 -60187
3 13 3 16 -57111
17 3 18 4 -70371
-3 -24 -6 1 -75113
-10 -13 -10 -14 -54017
1 -15 1 -13 -65185
24 -15 23 -9 -56389
-13 -15 -15 -16 -71173
24 10 24 0 -56599
-12 23 -7 22 -69289
10 24 5 23 -54847
0 -13 2 -12 -62127
15 5 14 3 -65635
-6 8 -6 6 -71693
-17 3 -18 4 -63719
-4 3 -2 2 -64709
12 11 15 12 -60881
5 -8 4 -10 -69859
3 -12 3 -8 -65863
21 10 21 12 -62855
12 7 11 8 -65553
14 -20 17 -24 -55805
-5 24 6 24 -67607
-17 0 -15 1 -62969
-14 -12 -14 -8 -61633
-21 5 -22 6 -72187
12 18 13 16 -66417
18 -2 17 -5 -65461
-11 -1 -9 0 -59647
-21 22 -20 19 -49333
-14 14 -12 13 -62559
0 -19 1 -19 -59047
-21 -17 -20 -17 -59937
16 -9 13 -9 -68531
-9 -17 -10 -16 -64593
8 24 -24 24 -60201
-6 17 -24 24 -68287
5 19 6 22 -70149
22 -22 21 -20 -56127
0 -21 -4 -22 -60695
20 -16 23 -14 -68039
-18 -12 -17 -13 -56707
22 7 19 8 -66039
-23 18 -20 17 -56235
-20 -3 -18 -3 -67911
-2 -22 -2 -23 -55863
4 -9 5 -9 -60333
17 -24 18 -23 -44585
20 -22 21 -22 -58221
-12 18 -11 14 -66663
-6 9 -5 8 -71973
-5 -20 -2 -24 -70825
16 21 16 22 -60827
-18 19 -11 24 -59101
-9 12 -7 9 -64881
-10 -5 -9 -1 -61773
-9 20 -13 22 -68253
7 1 7 4 -64453
23 -12 19 -13 -71589
-24 7 -23 8 -48217
-21 17 -20 22 -59557
-12 12 -12 15 -57531
15 17 15 14 -63075
-1 -18 -3 -20 -66077
-24 -2 -23 -2 -48097
-12 -21 -12 -17 -63587
9 2 10 3 -59697
3 11 1 11 -59189
24 -2 22 1 -69373
21 5 24 -18 -67633
-20 -17 -19 -21 -69609
0 -11 -2 -11 -67597
-23 0 -24 1 -52317
24 11 24 9 -54289
2 23 1 21 -66087
19 -14 19 -13 -56735
1 2 0 0 -67737
19 23 20 14 -66525
-23 -5 -22 -6 -64559
6 -18 3 -14 -75573
-5 -24 -5 -23 -37675
-20 -16 -23 -21 -66085
17 9 16 9 -64329
15 12 20 13 -66759
21 14 21 17 -64637
24 21 3 17 -71869
-2 0 -3 -1 -63227
24 -17 20 -14 -59385
24 -15 23 -24 -60021
-22 4 -24 -1 -63727
-11 -24 10 -24 -64073
-14 -16 -14 -18 -58357
22 -6 19 -7 -72451
-19 -19 -20 -20 -62333
