6 -20 5 -20 -64170
17 9 18 7 -63986
-9 8 -9 7 -65916
18 0 19 0 -61524
-2 -13 -3 -13 -63942
-17 -24 23 -6 -69240
8 0 9 -1 -67270
-9 -12 -7 -15 -82090
-18 -7 -13 -6 -74364
20 -9 20 -7 -59378
-23 -9 -20 -6 -71944
13 -11 13 -13 -54900
19 12 23 11 -62984
1 3 1 6 -77866
22 15 22 12 -60698
10 -2 10 -1 -66922
2 -19 2 -20 -67256
13 -14 14 -17 -59082
-19 12 -15 11 -67862
-8 -10 -8 -9 -60088
5 -3 3 -1 -76288
-6 -15 -8 -17 -62724
23 -19 24 -19 -34126
14 -24 19 -21 -58452
-8 17 -10 24 -54892
-24 24 21 21 -61190
2 16 3 16 -64406
-2 -4 -2 -5 -62174
18 -22 20 -17 -70020
-19 13 -18 12 -69210
-21 -17 -21 -15 -60166
10 13 8 11 -66848
-9 -5 -9 -6 -61408
-5 21 -8 22 -60140
19 -5 18 -4 -63482
15 -10 11 -11 -64202
-23 -6 -21 -6 -65192
-1 4 -13 11 -89958
-3 7 -5 6 -66206
1 -8 4 -6 -66424
-24 -23 -23 -9 -58716
10 -11 9 -11 -69922
-17 -8 -14 -9 -67274
-21 5 -2 -23 -84936
11 -16 16 -18 -63134
7 14 4 14 -65218
8 -20 7 -16 -61404
21 1 23 2 -74812
-3 -22 -3 -20 -64910
18 24 20 21 -52942
-24 -24 -21 -14 -59546
-19 -23 -18 -19 -61282
13 -4 14 -4 -66328
-15 9 -16 7 -63250
24 6 20 8 -62818
18 -21 22 -24 -58146
-4 10 -3 10 -64022
-23 -5 -23 -8 -63032
-16 14 -16 15 -60608
-20 -16 -18 -15 -61274
-18 9 -19 10 -69152
9 24 7 21 -56746
11 -17 12 -18 -59958
19 -10 17 -12 -62014
0 22 -2 18 -66670
7 -13 7 -12 -64626
12 -20 14 -23 -59414
23 2 23 3 -65440
7 21 7 18 -62296
-12 0 -8 0 -64356
-9 9 -7 -23 -78410
13 11 13 10 -67308
0 3 0 4 -73138
-15 19 -16 16 -66898
9 1 8 4 -70488
22 -11 22 -10 -59870
16 13 16 8 -69498
5 -18 3 -17 -67352
-15 -13 -16 -17 -73044
-9 4 -8 2 -67266
-4 -15 -6 -13 -71328
15 -21 16 -17 -62168
-23 -17 24 -22 -61992
-19 1 -19 3 -67648
-5 -11 -6 -12 -61552
-8 -21 -6 -20 -61912
-22 11 -23 10 -57212
-10 8 -7 7 -67064
4 -2 6 -1 -66348
8 6 8 5 -64018
-8 10 -7 13 -62872
12 -22 5 -24 -60410
-17 -2 -18 -1 -63386
4 -20 2 -24 -56114
3 2 4 1 -62742
-22 5 -22 6 -59466
0 17 0 18 -53586
-17 19 -14 23 -59642
11 -13 11 -15 -60368
-17 21 -17 23 -36252
12 0 13 0 -66660
-10 -9 -14 -10 -61014
23 -8 23 -10 -58316
-15 15 -14 15 -64850
19 -6 24 -6 -70332
13 23 12 22 -56514
22 17 21 22 -51252
8 -7 13 2 -85508
-1 18 -8 18 -65244
13 18 12 18 -63938
24 11 23 8 -60514
-20 15 -20 19 -61602
-24 -23 0 -23 -63502
-17 17 -14 17 -62290
8 -15 7 -15 -67572
-17 -24 -24 -23 -46678
-21 4 -18 3 -68000
-8 -21 -5 -24 -67368
16 -20 11 -21 -62674
-10 -19 -13 -18 -74798
17 -14 14 -18 -65458
18 3 15 3 -64724
8 19 7 24 -66376
-24 5 -22 -24 -63350
-5 3 -5 1 -64384
-20 -19 -22 -15 -70468
20 21 19 21 -61748
-9 -6 -9 -8 -58916
-22 -15 -20 -9 -67962
-18 -20 -17 -23 -65252
14 -9 15 -10 -57180
-16 -23 -17 -20 -65730
9 -18 11 -15 -62844
7 -11 7 -10 -58698
15 -1 18 0 -66346
-2 -22 -3 -23 -55048
12 -1 11 0 -65112
3 24 6 23 -62234
17 -10 17 -12 -56754
4 -14 5 -15 -69070
24 19 20 14 -68330
24 14 21 18 -59864
23 19 21 12 -70666
-3 -8 -2 -8 -61842
19 19 23 16 -63480
20 4 24 4 -69848
-7 -15 -7 -16 -62008
8 -16 10 -16 -66698
13 21 12 22 -60322
11 -5 11 -4 -59104
2 4 9 7 -75238
24 2 24 -12 -64292
-19 -14 -18 -5 -72714
-22 -8 -23 -4 -67136
20 -11 19 -11 -63924
0 5 2 5 -64986
-14 -10 -13 -6 -63176
24 15 23 8 -66982
-2 21 -6 24 -56454
-10 -11 -10 -10 -63886
6 8 8 8 -61614
-13 24 -3 23 -68618
24 2 23 0 -72050
-22 -12 -24 -6 -67046
-8 -8 -7 -9 -70414
-8 -8 -7 -8 -69738
-2 -21 0 -22 -59548
-10 -24 -8 -18 -57664
12 6 13 6 -65630
23 23 -9 24 -61478
-1 8 -2 11 -74710
-13 3 -14 6 -68498
-2 0 -24 -18 -71294
-7 -5 -8 -4 -60086
6 9 6 6 -69862
17 6 17 3 -61446
4 24 3 23 -49946
-22 10 -21 21 -64068
10 -24 12 -22 -52776
0 10 0 11 -72048
21 18 24 20 -52024
-1 0 0 0 -55606
14 24 19 24 -49676
12 -7 12 -5 -55800
-7 -10 -4 -9 -68192
1 -12 2 -13 -58866
11 18 10 16 -61420
-17 21 -8 21 -65630
5 -3 5 -2 -73190
-8 8 -10 7 -61576
3 -4 3 -3 -72050
-12 2 -12 0 -66918
-24 -1 -23 1 -50258
-23 9 -22 12 -59582
8 11 8 9 -69648
23 1 22 3 -64104
-14 0 -13 0 -64314
-24 9 23 9 -61212
1 -4 0 -4 -56794
-7 18 -9 16 -67562
-15 14 -17 10 -56358
-5 13 -5 14 -61718
22 -17 24 -24 -61560
-1 -8 1 -10 -63090
-13 10 -11 11 -56626
-17 -4 -14 0 -71258
15 24 -23 23 -62274
-1 21 0 23 -61136
-5 24 -14 23 -65648
-11 -20 -9 -21 -74836
0 -18 0 -19 -65820
1 0 16 -3 -81996
24 -4 22 -6 -55852
-22 4 -21 7 -64514
-4 13 -4 14 -60438
9 -24 8 -4 -70920
-15 4 -13 6 -64274
7 -1 7 -2 -72238
-21 -17 -24 -14 -63900
11 9 10 8 -64738
-16 -2 -10 0 -73332
-9 14 -8 15 -68720
-22 1 -19 -1 -69084
-23 -14 -20 -11 -62200
5 -4 4 -7 -62048
-2 10 -3 7 -76332
0 -23 11 -22 -73836
1 -5 0 -3 -71502
19 2 19 -2 -69698
12 -24 18 -24 -55118
9 15 8 10 -70722
23 18 24 17 -46944
11 21 11 24 -56212
16 -21 19 -23 -62970
-7 0 -4 -1 -66528
2 11 2 10 -71968
9 10 10 9 -72808
-11 -24 -14 -21 -62106
23 -9 24 -4 -54002
8 1 8 0 -67438
-19 20 -24 18 -46484
-4 0 -4 -1 -58326
3 -19 4 -24 -57926
16 4 17 0 -66124
21 -10 24 -14 -63948
-6 3 -6 4 -67054
18 10 17 9 -63648
-1 -9 0 -13 -62530
-13 10 -11 8 -60746
21 -17 22 -16 -64762
-23 2 -24 14 -59748
-13 15 -13 23 -67136
22 -10 23 -10 -59546
-15 7 -15 10 -60162
-20 13 -18 12 -67346
22 -23 23 -6 -80162
-8 16 -8 19 -57054
-24 23 -23 6 -58300
19 -17 16 -16 -58206
-23 -9 -19 -10 -69068
-1 -12 0 -11 -64056
-9 -11 -7 -12 -79340
9 15 9 18 -62300
-10 7 -11 5 -64638
-19 -12 -20 -9 -66532
-24 -20 -19 -22 -53386
-11 11 -11 10 -54546
10 -10 11 -10 -68642
5 -17 4 -21 -63488
-18 0 -18 2 -68944
19 18 22 19 -68828
-23 21 -24 20 -32178
-16 -3 -15 -5 -65956
2 8 2 9 -72554
-2 -15 -1 -18 -62902
-4 22 -6 20 -55566
24 -4 23 -1 -55944
13 21 14 21 -60766
-1 13 0 13 -56554
4 -21 5 -22 -60050
16 -24 15 -19 -56272
-4 16 -5 18 -59078
-13 -11 -10 -12 -60818
20 -18 19 -15 -66668
-21 12 -24 16 -55374
6 5 5 7 -67838
23 7 24 8 -47776
9 -23 -24 -24 -62764
5 17 3 15 -69330
3 -24 22 -22 -65482
-21 -3 -23 -6 -63384
4 19 2 23 -70834
23 0 22 -4 -66504
-20 -12 -24 -8 -71834
-3 9 -1 10 -69034
-1 -9 2 -7 -68394
-24 -8 -23 -15 -56900
-8 -13 -1 0 -86782
-3 -24 6 -24 -64074
-13 -18 -12 -10 -76120
-23 18 -22 16 -54582
16 18 15 21 -63214
-24 2 -23 6 -58274
-18 -23 -12 -23 -57662
21 -23 22 -2 -80872
-16 -1 -16 0 -62570
-16 -6 -16 -5 -56822
9 -1 6 -3 -72678
14 2 13 0 -66792
17 12 19 15 -66770
-22 -22 -23 -19 -53992
17 6 17 9 -60502
-24 -9 -22 -4 -67100
16 -3 14 0 -67814
16 -3 16 -2 -63324
12 14 12 16 -60530
2 9 1 10 -67428
15 17 16 18 -60288
8 -16 7 -17 -60022
20 -21 21 -19 -63318
6 21 3 24 -67262
-19 17 -17 23 -66396
-5 5 -6 4 -61982
23 1 24 2 -70744
-11 -23 -14 -23 -61252
6 -13 7 -14 -69594
-24 8 -22 6 -52680
-11 -21 -7 -22 -73040
-15 -14 -15 -15 -66264
16 9 13 10 -67992
0 22 -2 24 -59938
-6 16 -10 15 -67752
-9 -11 -10 -12 -58156
20 17 22 23 -61104
1 23 0 23 -56772
-10 -22 -9 -16 -67976
-2 -13 -2 -15 -62516
10 -7 11 -8 -61494
0 6 -3 5 -68240
-1 4 -1 7 -78014
23 -21 18 -22 -58960
19 -17 19 -16 -64134
24 24 17 22 -49346
-24 4 -23 2 -58376
5 20 6 16 -62982
24 -23 23 -16 -64662
-17 -1 -19 -2 -66100
-5 -21 -4 -22 -69668
24 1 24 -2 -64272
-24 11 -24 13 -48064
-3 24 0 20 -68108
-14 16 -17 21 -67910
-24 -15 -22 -18 -62012
9 0 13 1 -69356
1 8 0 7 -73420
23 -3 19 -2 -68088
-12 -20 -14 -24 -44164
0 22 0 20 -63616
-1 -18 0 -15 -64384
-19 5 -24 7 -69780
7 -5 8 -4 -67804
0 6 2 5 -63844
18 -7 17 -4 -62848
21 3 21 4 -62160
-14 4 -14 6 -66566
1 23 5 24 -60230
24 4 22 3 -65902
9 14 7 14 -60046
-17 -8 -20 -10 -67254
-1 -9 -1 -7 -58048
-16 -15 -15 -15 -57860
-9 1 -9 -3 -62658
3 18 0 16 -69610
-15 17 -14 13 -72418
18 19 17 23 -65700
7 -24 3 -23 -58272
3 -22 0 -23 -59676
-11 -24 24 -22 -62914
-12 -21 -23 -24 -55456
-7 21 -6 23 -45492
-2 0 -2 -3 -62284
-12 -2 -12 -6 -64448
11 -23 10 -22 -46450
9 21 11 22 -54702
-3 19 0 19 -61908
10 23 11 21 -59248
7 -14 7 -15 -63136
16 23 14 22 -55332
-19 13 -22 9 -62832
13 -22 9 -24 -60792
24 -7 22 -6 -53914
-24 18 -24 -8 -59774
18 -4 15 -8 -67356
-13 1 -13 2 -66900
4 9 7 13 -74472
-23 24 -13 23 -45296
0 0 0 1 -64714
10 -21 10 -22 -44492
8 -10 10 -8 -62902
0 4 3 17 -86566
-12 0 -10 -2 -61814
2 3 1 2 -73150
12 7 12 10 -68536
-15 -5 -17 -5 -73028
-3 17 -2 16 -63030
4 -5 8 -7 -67046
24 21 1 24 -64888
4 -4 3 5 -78414
-19 -24 -21 -20 -58560
11 11 8 14 -73496
-21 -5 -21 0 -51996
17 20 19 24 -55468
-21 19 -19 18 -57452
-13 -20 -15 -19 -67288
5 21 9 20 -60956
-8 -19 -7 -21 -68316
-5 -24 -17 -23 -74948
-6 -20 -8 -20 -65684
17 18 19 17 -61298
3 13 3 16 -51442
17 3 18 4 -67810
11 14 13 11 -73250
-10 -13 -10 -14 -64420
1 -15 1 -13 -63656
24 -15 23 -9 -59152
-13 -15 -15 -16 -62176
24 10 24 0 -53474
-12 23 -7 22 -68010
10 24 5 23 -53996
0 -13 2 -12 -63304
15 5 14 3 -65960
-6 8 -6 6 -68248
-17 3 -18 4 -66116
-4 3 -2 2 -68464
12 11 15 12 -62092
5 -8 4 -10 -66536
3 -12 3 -8 -63172
21 10 21 12 -63806
12 7 11 8 -72162
14 -20 17 -24 -62452
-5 24 6 24 -66168
-17 0 -15 1 -67898
-14 -12 -14 -8 -63758
-21 5 -22 6 -71746
12 18 13 16 -67646
18 -2 17 -5 -66108
-11 -1 -9 0 -63668
-21 22 -20 19 -49406
-14 14 -12 13 -61646
0 -19 1 -19 -60536
-21 -17 -20 -17 -59874
16 -9 13 -9 -63330
-9 -17 -10 -16 -74950
8 24 -24 24 -60100
-6 17 -24 24 -65606
23 17 23 -14 -65148
22 -22 21 -20 -59764
0 -21 -4 -22 -60364
20 -16 23 -14 -67048
-18 -12 -17 -13 -58216
22 7 19 8 -67066
-23 18 -20 17 -55278
-20 -3 -18 -3 -66280
-2 -22 -2 -23 -54590
4 -9 5 -9 -60320
17 -24 18 -23 -43252
20 -22 21 -22 -57450
-12 18 -11 14 -67232
-6 9 -5 8 -71362
-5 -20 -2 -24 -70650
16 21 16 22 -59306
-18 19 -11 24 -58416
-9 12 -7 9 -63974
-10 -5 -9 -1 -66554
-9 20 -13 22 -66562
7 1 7 4 -69420
23 -12 19 -13 -69782
-24 7 -23 8 -43950
-21 17 -20 22 -59384
-12 12 -12 15 -57214
15 17 15 14 -61664
-1 -18 -3 -20 -65470
-24 -2 -23 -2 -46306
-12 -21 -12 -17 -66148
9 2 10 3 -65030
3 11 1 11 -61200
24 -2 22 1 -64792
21 -3 24 -23 -80388
-20 -17 -19 -21 -68962
0 -11 -2 -11 -66820
-23 0 -24 1 -53728
24 11 24 9 -54856
2 23 1 21 -61798
19 -14 19 -13 -57874
1 2 0 0 -69728
-8 -10 -6 -12 -80002
-23 -5 -22 -6 -62322
12 3 10 7 -73074
-5 -24 -5 -23 -37742
-20 -16 -23 -21 -65078
17 9 16 9 -63768
15 12 20 13 -66962
21 14 21 17 -61374
24 21 3 17 -71068
-2 0 -3 -1 -60740
24 -17 20 -14 -59936
24 -15 23 -24 -64228
-22 4 -24 -1 -62518
-11 -24 10 -24 -65374
-14 -16 -14 -18 -63700
22 -6 19 -7 -70150
-19 -19 -20 -20 -61984
