6 -20 5 -20 -64636
17 9 18 7 -70490
-9 8 -9 7 -63638
18 0 19 0 -62342
-12 -9 -10 -9 -64232
-17 -24 23 -6 -71472
8 0 9 -1 -64248
-2 -1 0 -2 -64274
-10 -13 -12 -20 -69976
20 -9 20 -7 -58286
-23 -9 -20 -6 -72872
13 -11 13 -13 -58652
19 12 23 11 -68330
-15 -5 -14 -7 -65128
22 15 22 12 -51748
10 -2 10 -1 -62318
2 -19 2 -20 -69786
13 -14 14 -17 -58730
-9 24 -8 20 -55052
-8 -10 -8 -9 -55864
-6 15 -10 19 -78524
-6 -15 -8 -17 -64612
23 -19 24 -19 -31458
14 -24 19 -21 -65148
-8 17 -10 24 -73158
-24 24 21 21 -62176
2 16 3 16 -60554
-2 -4 -2 -5 -49702
-14 12 -9 14 -76026
-23 19 -18 22 -67512
-21 -17 -21 -15 -58326
21 -7 22 18 -70762
20 -21 20 -17 -66432
-5 21 -8 22 -65168
-10 -20 -8 -21 -68174
15 -10 11 -11 -66060
-23 -6 -21 -6 -69338
-4 15 -3 18 -67534
-3 7 -5 6 -59284
1 -8 4 -6 -63610
-24 17 -14 17 -73196
10 -11 9 -11 -65018
-17 -8 -14 -9 -59748
-16 23 -17 24 -38220
11 -16 16 -18 -65414
7 14 4 14 -65196
8 -20 7 -16 -59450
18 20 24 21 -63544
-3 -22 -3 -20 -65478
18 24 20 21 -52728
-24 -24 -21 -14 -66458
-19 -23 -18 -19 -59402
13 -4 14 -4 -73900
-15 9 -16 7 -67584
24 6 20 8 -67588
18 -21 22 -24 -59656
-6 4 -9 3 -68752
-23 -5 -23 -8 -65908
-16 14 -16 15 -66198
-20 -16 -18 -15 -63270
-18 9 -19 10 -58470
9 24 7 21 -60818
11 -17 12 -18 -60212
19 -10 17 -12 -58638
13 -24 21 -23 -70106
7 -13 7 -12 -63066
12 -20 14 -23 -58434
23 2 23 3 -65486
7 21 7 18 -63580
8 -10 4 -10 -66806
-22 20 -22 17 -64242
13 11 13 10 -61806
0 3 0 4 -48656
-15 19 -16 16 -74044
9 1 8 4 -73824
22 -11 22 -10 -54192
16 13 16 8 -69046
5 -18 3 -17 -69192
11 15 8 15 -63420
-9 4 -8 2 -62150
-4 -15 -6 -13 -67760
15 -21 16 -17 -60354
-23 -17 24 -22 -63276
-19 1 -19 3 -72432
-5 -11 -6 -12 -57334
-8 -21 -6 -20 -65762
-22 11 -23 10 -56368
-10 8 -7 7 -68572
4 -2 6 -1 -58474
8 6 8 5 -62402
-8 10 -7 13 -63786
12 -22 5 -24 -59132
-17 -2 -18 -1 -63806
4 -20 2 -24 -64932
3 2 4 1 -60338
-22 5 -22 6 -59576
0 17 0 18 -70122
-17 19 -14 23 -65364
11 -13 11 -15 -59514
-17 21 -17 23 -44074
12 0 13 0 -80092
-10 -9 -14 -10 -65790
23 -8 23 -10 -53824
-15 15 -14 15 -70316
-14 -7 -21 -8 -68770
13 23 12 22 -60134
22 17 21 22 -52418
-24 -7 -22 -8 -65596
0 16 1 23 -81964
13 18 12 18 -63770
-19 9 -18 14 -68452
-20 15 -20 19 -71704
-24 -23 0 -23 -60590
-17 17 -14 17 -69912
8 -15 7 -15 -60542
-17 -24 -24 -23 -47304
-21 4 -18 3 -59716
-8 -21 -5 -24 -65956
16 -20 11 -21 -66274
-22 3 -20 5 -67960
17 -14 14 -18 -64314
18 3 15 3 -67878
8 19 7 24 -66430
-24 5 -22 -24 -65952
-5 3 -5 1 -60184
-20 -19 -22 -15 -69634
20 21 19 21 -59674
-9 -6 -9 -8 -51362
-22 -15 -20 -9 -64814
-18 -20 -17 -23 -61958
14 -9 15 -10 -67592
-16 -23 -17 -20 -63202
9 -18 11 -15 -62068
7 -11 7 -10 -63048
15 -1 18 0 -73076
-2 -22 -3 -23 -58774
12 -1 11 0 -64694
3 24 6 23 -62406
17 -10 17 -12 -55910
-18 5 -8 5 -73644
24 19 20 14 -58102
24 14 21 18 -60828
-1 -10 0 -9 -59572
-3 -8 -2 -8 -67142
19 19 23 16 -64672
20 4 24 4 -61422
-7 -15 -7 -16 -59240
11 -13 10 -9 -67316
13 21 12 22 -61538
11 -5 11 -4 -54272
13 -8 13 -9 -54300
24 2 24 -12 -62512
3 -16 1 -15 -69782
-22 -8 -23 -4 -71864
20 -11 19 -11 -57588
9 1 7 5 -76940
-14 -10 -13 -6 -58592
24 15 23 8 -58826
-2 21 -6 24 -60224
-10 -11 -10 -10 -58630
6 8 8 8 -58808
-4 6 -4 8 -63628
24 2 23 0 -68278
-22 -12 -24 -6 -66238
-8 -8 -7 -9 -62928
-8 -8 -7 -8 -62280
-2 -21 0 -22 -64928
-10 -24 -8 -18 -59492
12 6 13 6 -63552
23 23 -9 24 -61202
-8 -2 -8 -1 -66804
-13 3 -14 6 -70832
-2 0 -24 -18 -66790
-7 -5 -8 -4 -58350
6 9 6 6 -67454
17 6 17 3 -63096
4 24 3 23 -52276
-22 10 -21 21 -72718
10 -24 12 -22 -66980
0 10 0 11 -58288
21 18 24 20 -52642
-1 0 0 0 -61398
14 24 19 24 -50234
12 -7 12 -5 -56026
18 -10 14 -8 -67590
1 -12 2 -13 -65340
11 18 10 16 -62456
-17 21 -8 21 -72848
5 -3 5 -2 -60342
-8 8 -10 7 -71820
3 16 3 19 -67424
15 0 12 0 -82194
-24 -1 -23 1 -54388
-23 9 -22 12 -60842
8 11 8 9 -59882
23 1 22 3 -57254
-14 0 -13 0 -56608
-24 9 23 9 -63050
1 -4 0 -4 -58368
-7 18 -9 16 -70702
-15 14 -17 10 -70176
-5 13 -5 14 -65356
22 -17 24 -24 -61182
-1 -8 1 -10 -64966
-13 10 -11 11 -71044
-17 -4 -14 0 -69890
15 24 -23 23 -65332
-1 21 0 23 -62534
-5 24 -14 23 -67084
22 11 24 3 -63582
0 -18 0 -19 -66594
0 -12 0 -11 -61340
24 -4 22 -6 -53538
-22 4 -21 7 -71852
-4 13 -4 14 -63016
-18 -5 -18 0 -71696
-15 4 -13 6 -65668
7 -1 7 -2 -65826
-21 -17 -24 -14 -73006
11 9 10 8 -60708
-4 -8 -2 -9 -67528
11 -2 12 -1 -72482
-22 -13 -24 -23 -65430
-23 -14 -20 -11 -67110
5 -4 4 -7 -57566
-9 15 -10 13 -67108
-23 -12 -24 -11 -52762
1 -5 0 -3 -53346
19 2 19 -2 -66446
12 -24 18 -24 -63276
7 7 3 10 -72064
23 18 24 17 -48286
11 21 11 24 -58932
16 -21 19 -23 -66170
-7 0 -4 -1 -60024
2 11 2 10 -59496
9 10 10 9 -68808
-11 -24 -14 -21 -51048
23 -9 24 -4 -53112
8 1 8 0 -64628
-19 20 -24 18 -64202
-4 0 -4 -1 -62084
3 -19 4 -24 -65516
16 4 17 0 -64772
21 -10 24 -14 -59498
-6 3 -6 4 -62302
18 10 17 9 -63258
-5 19 -6 19 -61298
-13 10 -11 8 -66600
21 -17 22 -16 -58346
-23 2 -24 14 -59860
-13 15 -13 23 -75674
22 -10 23 -10 -55794
-15 7 -15 10 -62600
-20 13 -18 12 -57156
2 -8 2 -10 -63868
-8 16 -8 19 -68936
-24 23 -23 6 -62876
19 -17 16 -16 -58478
-23 -12 -19 -10 -72822
21 0 19 -1 -63420
-9 -11 -7 -12 -65150
9 15 9 18 -59488
-10 7 -11 5 -66910
-19 -12 -20 -9 -59380
-24 -20 -19 -22 -51994
-11 11 -11 10 -59360
10 -10 11 -10 -65592
5 -17 4 -21 -65618
-18 0 -18 2 -72624
4 -5 7 -11 -68438
-23 21 -24 20 -43956
-16 -3 -15 -5 -69386
2 8 2 9 -62428
-2 -15 -1 -18 -62962
-4 22 -6 20 -63172
24 -4 23 -1 -45626
13 21 14 21 -59526
-1 13 0 13 -62482
4 -21 5 -22 -62474
16 -24 15 -19 -56234
-4 16 -5 18 -70052
-13 -11 -10 -12 -62560
20 -18 19 -15 -65998
-21 12 -24 16 -60412
6 5 5 7 -69770
23 7 24 8 -45552
9 -23 -24 -24 -64980
5 17 3 15 -68220
1 11 0 11 -66220
-21 -3 -23 -6 -65742
4 19 2 23 -73068
23 0 22 -4 -65610
24 -23 0 -22 -63464
-3 9 -1 10 -59876
7 21 6 20 -64804
-24 -8 -23 -15 -54564
-13 23 -6 0 -88286
-3 -24 6 -24 -70254
1 -20 1 -24 -66528
-23 18 -22 16 -62920
16 18 15 21 -66056
-24 2 -23 6 -63414
-18 -23 -12 -23 -50876
-1 -2 -6 -3 -63746
-16 -1 -16 0 -67288
-16 -6 -16 -5 -62202
9 -1 6 -3 -65898
14 2 13 0 -69210
17 12 19 15 -61120
-22 -22 -23 -19 -50250
17 6 17 9 -68442
-24 -9 -22 -4 -69644
-24 -24 -24 0 -62572
16 -3 16 -2 -57534
12 14 12 16 -56112
2 9 1 10 -62854
15 17 16 18 -57578
8 -16 7 -17 -58926
20 -21 21 -19 -56408
6 21 3 24 -67924
-19 17 -17 23 -75580
-5 5 -6 4 -65422
23 1 24 2 -64892
-11 -23 -14 -23 -45972
-18 23 4 24 -66630
-24 8 -22 6 -46720
-11 -21 -7 -22 -68358
-15 -14 -15 -15 -51160
-5 -6 -6 -7 -60768
0 22 -2 24 -59430
-6 16 -10 15 -67050
-9 -11 -10 -12 -60080
20 17 22 23 -61226
1 23 0 23 -48100
-10 -22 -9 -16 -70940
-2 -13 -2 -15 -64034
10 -7 11 -8 -63902
0 6 -3 5 -58798
0 24 21 22 -63940
23 -21 18 -22 -57674
19 -17 19 -16 -62482
24 24 17 22 -51662
-24 4 -23 2 -53228
24 -9 19 -10 -64566
24 -23 23 -16 -63140
-17 -1 -19 -2 -63544
-5 -21 -4 -22 -64998
24 1 24 -2 -57348
-24 11 -24 13 -49542
-3 24 0 20 -69612
-14 16 -17 21 -78392
-24 -15 -22 -18 -66990
9 0 13 1 -75200
1 8 0 7 -63856
-9 18 -7 21 -66508
-12 -20 -14 -24 -43086
0 22 0 20 -69882
-1 -18 0 -15 -64612
-19 5 -24 7 -58418
7 -5 8 -4 -62500
0 6 2 5 -59314
18 -7 17 -4 -55310
21 3 21 4 -66146
-14 4 -14 6 -68876
1 23 5 24 -58322
24 4 22 3 -57942
9 14 7 14 -64484
-17 -8 -20 -10 -67114
-1 -9 -1 -7 -58076
-16 -15 -15 -15 -54898
-9 1 -9 -3 -70228
1 -17 3 -17 -72372
-15 17 -14 13 -75066
18 19 17 23 -69988
7 -24 3 -23 -59332
3 -22 0 -23 -66856
-11 -24 24 -22 -69156
-12 -21 -23 -24 -56362
-7 21 -6 23 -56622
-2 0 -2 -3 -62402
-12 -2 -12 -6 -64236
11 -23 10 -22 -45254
9 21 11 22 -56454
-3 19 0 19 -59164
10 23 11 21 -61686
7 -14 7 -15 -58130
16 23 14 22 -59264
-5 -21 -6 13 -75528
13 -22 9 -24 -69306
24 -7 22 -6 -44318
-24 18 -24 -8 -61670
18 -4 15 -8 -70442
-13 1 -13 2 -63090
-5 0 -9 18 -88274
-23 24 -13 23 -53976
0 0 0 1 -59650
10 -21 10 -22 -47502
8 -10 10 -8 -62960
-3 -10 -2 -14 -69200
-12 0 -10 -2 -62320
2 3 1 2 -53418
12 7 12 10 -65782
-12 -24 2 -24 -72802
-3 17 -2 16 -65580
-3 9 -18 9 -84526
-11 18 -17 22 -80074
15 21 16 23 -67856
-19 -24 -21 -20 -54796
-1 17 0 18 -65506
-21 -5 -21 0 -60488
17 20 19 24 -62386
-21 19 -19 18 -68654
-13 -20 -15 -19 -57550
5 21 9 20 -62922
-8 -19 -7 -21 -65728
3 -23 6 -22 -65880
-6 -20 -8 -20 -68082
17 18 19 17 -59516
3 13 3 16 -48576
17 3 18 4 -66262
11 14 13 11 -64000
-10 -13 -10 -14 -53806
1 -15 1 -13 -62130
24 -15 23 -9 -50756
-13 -15 -15 -16 -56706
24 10 24 0 -62158
-12 23 -7 22 -70342
10 24 5 23 -57046
0 -13 2 -12 -64068
15 5 14 3 -65790
21 -3 3 0 -86616
-17 3 -18 4 -64124
-4 -16 0 -15 -69156
12 11 15 12 -57394
5 -8 4 -10 -67338
11 -24 12 -23 -62222
21 10 21 12 -62880
12 7 11 8 -65444
14 -20 17 -24 -63260
-8 0 21 0 -85860
-17 0 -15 1 -62406
-14 -12 -14 -8 -56114
-21 -15 -22 -14 -72650
12 18 13 16 -65460
18 -2 17 -5 -66622
-11 -1 -9 0 -56800
-21 22 -20 19 -58226
-14 14 -12 13 -66072
0 -19 1 -19 -72094
-21 -17 -20 -17 -62514
16 -9 13 -9 -69064
-9 -17 -10 -16 -61602
8 24 -24 24 -63320
20 9 20 8 -68132
4 10 7 14 -62954
22 -22 21 -20 -59528
0 -21 -4 -22 -67638
20 -16 23 -14 -58596
-18 -12 -17 -13 -58740
22 7 19 8 -70012
-23 18 -20 17 -65246
-20 -3 -18 -3 -63194
-2 -22 -2 -23 -59452
4 -9 5 -9 -63480
17 -24 18 -23 -46642
20 -22 21 -22 -57624
-12 18 -11 14 -74886
-6 9 -5 8 -62554
-10 -20 5 -24 -85458
16 21 16 22 -67306
-18 19 -11 24 -65254
-9 12 -7 9 -68912
-10 -5 -9 -1 -64900
-9 20 -13 22 -75814
7 1 7 4 -67252
4 5 6 7 -63332
-24 7 -23 8 -48042
-21 17 -20 22 -74324
-12 12 -12 15 -66450
15 17 15 14 -58964
-1 -18 -3 -20 -69772
-24 -2 -23 -2 -47894
-12 -21 -12 -17 -65836
9 2 10 3 -63856
3 11 1 11 -65190
24 -2 0 0 -78396
-20 10 -19 11 -61466
20 9 21 -20 -66106
0 -11 -2 -11 -65786
-23 0 -24 1 -48090
24 11 24 9 -53526
2 23 1 21 -64502
19 -14 19 -13 -52374
-14 5 -15 0 -73278
22 0 0 10 -88610
-23 -5 -22 -6 -70214
23 13 22 13 -53176
-5 -24 -5 -23 -36820
-20 -16 -23 -21 -67648
17 9 16 9 -58178
15 12 20 13 -62674
21 14 21 17 -52064
2 -1 2 0 -62234
-2 0 -3 -1 -61728
24 -17 20 -14 -57552
24 -15 23 -24 -59488
-22 4 -24 -1 -68326
-11 -24 10 -24 -75224
-14 -16 -14 -18 -56772
22 -6 19 -7 -62102
-19 -19 -20 -20 -62680
