-1 -2 -1 7 -167337
-1 -14 3 -3 -167041
-2 1 2 11 -170921
-23 0 24 4 -117249
2 13 0 -1 -176819
-19 -14 -3 -18 -104557
8 -2 4 2 -155669
8 -11 5 -15 -102907
-23 -6 -9 8 -128109
6 -12 8 -10 -112143
-1 -3 1 8 -175459
6 3 6 5 -117455
-6 -7 -5 5 -166397
-2 22 -8 -11 -160793
7 14 5 8 -109633
14 -1 -14 -5 -176805
7 -14 -20 14 -154227
-3 7 6 22 -134053
6 -6 -5 -8 -157433
13 -23 23 -4 -66615
-7 -3 -18 -10 -121595
-13 18 -2 -17 -151703
3 2 10 9 -170527
17 -20 8 -2 -106653
12 0 19 -3 -92719
15 1 -5 -11 -175757
-1 14 8 7 -164915
-23 7 5 -5 -155867
-6 0 17 -10 -172029
-11 -2 -11 6 -134985
1 -12 2 -12 -105735
8 0 22 3 -117817
4 -10 -1 -5 -165205
17 -16 10 6 -127429
15 9 -16 4 -169027
-12 2 -2 19 -173053
-6 3 -15 -4 -150565
3 8 14 0 -173889
-11 -6 -9 -6 -106293
-7 11 1 7 -160207
12 6 3 21 -142863
2 12 22 12 -111195
-9 -7 11 11 -177881
-17 4 10 -6 -174599
0 2 -2 -22 -154345
18 -4 4 0 -167865
-4 16 -1 3 -162755
4 10 -7 4 -170841
0 22 -18 7 -143953
-10 -15 18 0 -166399
22 -4 3 -5 -147959
-7 1 -3 2 -152175
-20 19 -2 17 -77451
-10 3 24 -8 -139163
16 -5 -5 14 -176255
0 9 0 -11 -176545
-6 4 -2 -2 -175687
13 20 5 3 -133835
-21 -8 0 -14 -147813
6 -1 -24 13 -135085
-11 6 -22 -3 -112853
4 15 1 10 -112213
14 10 -6 -15 -173271
10 5 24 0 -97193
6 3 -2 22 -162661
14 12 -15 16 -134721
8 -13 -22 -18 -110137
-1 -1 3 -7 -170789
-12 -19 3 4 -170689
10 8 -2 13 -167125
-1 -6 -5 -6 -136593
-21 2 2 -3 -173867
1 4 4 0 -145823
-5 -6 -1 -12 -150529
-1 1 18 9 -175623
10 -7 6 -11 -134713
3 4 -7 19 -170801
5 -18 5 -4 -152133
0 4 4 -20 -172423
-11 7 12 18 -156581
17 -20 7 -18 -54953
15 2 -11 19 -156341
6 -18 3 -7 -134137
1 -4 13 -14 -168685
3 17 -8 2 -177839
2 -7 6 1 -162385
-9 17 8 -2 -177273
18 14 4 -3 -165855
4 -2 6 -1 -150301
7 -2 8 6 -133265
-1 -8 -9 -7 -150309
-9 8 0 15 -154621
22 0 -15 -4 -152189
-1 -14 14 -5 -175979
-4 -7 -7 17 -170199
-2 1 -2 9 -163717
9 -2 8 0 -113599
13 -5 11 -8 -90003
-4 -15 -11 -22 -65389
-11 5 -6 -9 -171333
-6 2 -20 3 -136527
2 -12 -21 -22 -92477
-6 -6 7 -15 -169253
-3 -6 1 2 -171547
1 -5 20 -3 -171491
-12 7 5 14 -172355
-7 0 -1 -1 -165003
-9 -10 8 -15 -162171
11 22 -3 0 -159999
0 19 -17 5 -162883
-14 -23 -19 -13 -38577
10 -8 -2 -11 -155133
6 -11 13 -10 -122521
-7 1 0 14 -173147
1 -12 -5 -5 -164267
7 4 -1 8 -174851
-5 -4 -11 -17 -147221
-9 -12 -5 4 -173489
-6 3 -18 10 -141285
-13 -7 10 -13 -170251
21 1 15 -6 -73055
14 -19 -14 8 -159403
-13 -4 16 -12 -162547
7 10 -3 10 -157399
-5 3 -5 1 -133423
8 -1 -10 -21 -156131
14 2 7 8 -134979
9 3 2 8 -161385
1 -9 0 -18 -111349
0 1 -15 2 -183773
9 15 -8 16 -136007
-15 9 -10 8 -99883
5 1 10 10 -159973
-6 -3 -5 -16 -147635
12 14 -19 -1 -163327
10 -23 2 1 -145299
-10 13 -7 8 -102361
-1 -4 -5 -13 -167339
13 10 8 -11 -161155
20 19 2 -9 -148377
-8 4 -9 0 -128579
10 -14 19 15 -132629
-12 -14 -3 -10 -128597
-3 -23 -2 17 -145229
-11 -3 -14 6 -130647
-2 19 2 -4 -176281
-14 7 21 4 -155067
-2 2 4 -5 -173899
4 17 -11 17 -121931
-2 -7 23 1 -149865
13 8 -16 1 -175585
-5 -13 -17 1 -166143
6 0 -3 0 -170435
-9 -5 -10 -2 -104077
0 -9 -2 -7 -137353
0 5 2 5 -146817
2 -4 12 -1 -175565
-15 2 4 -2 -188035
-1 4 2 6 -148447
1 1 -8 -2 -176577
12 23 12 -13 -119523
8 -8 9 -9 -99709
-12 2 -10 11 -136181
10 -4 4 -9 -161135
12 6 5 2 -151309
-8 -3 5 0 -178425
1 -13 2 -7 -134287
-10 -1 -18 7 -129077
22 0 3 -2 -153433
-1 -23 2 6 -149825
-3 -5 2 3 -169997
11 5 9 16 -106189
2 15 -3 -10 -173911
-8 -20 3 -13 -116409
-12 -19 -11 5 -130873
-13 -17 2 -3 -179803
4 0 7 -10 -163163
1 5 -6 15 -169557
10 24 -1 0 -150015
0 3 -3 7 -160357
21 13 6 -11 -145719
24 -12 -4 -7 -117483
16 4 -14 3 -172109
-7 10 -12 -11 -172347
-4 0 -5 7 -166559
-9 -17 -7 13 -166775
-6 22 5 -11 -161617
-8 2 -11 23 -109421
16 11 -6 -3 -176537
-10 22 3 8 -131949
1 -13 0 -6 -144347
-21 -7 -14 6 -104569
19 18 -6 -4 -152761
11 -19 14 -12 -56283
21 -1 -5 1 -167891
6 -10 -2 -11 -136355
1 8 -2 8 -138535
-9 -3 10 -5 -176233
14 -13 -3 17 -170365
-19 11 -18 -1 -84181
-2 8 -23 -18 -122297
-5 0 -9 -2 -152835
-11 -4 -8 2 -136429
7 14 0 22 -102619
0 -3 0 -15 -170083
4 -9 -9 -15 -165113
11 -1 11 3 -93175
-16 -10 7 -7 -167039
-10 -2 -2 -10 -169221
-3 -5 -23 5 -148953
-8 13 -11 -15 -167731
11 -15 3 6 -174803
-16 1 2 0 -188291
12 6 24 -16 -89223
0 -10 11 14 -178277
7 -7 -7 -19 -153481
16 5 -3 9 -176525
7 9 -16 -7 -176829
-2 20 -1 -10 -170775
1 21 7 8 -145423
0 7 17 1 -179707
12 -8 6 9 -160931
-7 11 -6 -8 -177019
0 19 3 9 -130641
-7 1 -11 -5 -142569
8 0 14 -2 -125307
-2 12 -6 -15 -174347
12 4 -21 0 -165195
-4 17 -7 -6 -174163
-9 -10 -7 -14 -95095
-10 -15 -14 -15 -62253
-5 -7 -12 5 -174491
-12 0 -7 10 -158673
2 5 -23 -6 -154101
-21 -4 4 -6 -171045
5 -10 6 -15 -105439
-3 4 5 -1 -173387
19 -4 -4 -23 -132655
17 -4 -11 13 -172385
-21 15 -14 23 -33179
-6 -11 10 -20 -128071
5 4 20 3 -146843
-20 -8 1 3 -169243
9 -19 -3 9 -171925
15 18 -4 11 -132795
16 12 7 8 -109843
-8 -14 9 -5 -175927
0 -6 -4 2 -165549
-22 -4 2 -1 -166263
-3 8 18 2 -178293
12 9 -23 -7 -149435
-10 -7 -17 19 -119751
6 -9 -7 -12 -164405
-2 -1 2 -7 -165743
9 9 15 7 -103575
2 6 6 -6 -170947
12 16 19 0 -103507
3 4 0 6 -148343
17 -6 -4 -14 -166699
1 8 1 3 -151579
-1 -12 0 -11 -112897
0 10 0 16 -105961
3 -1 4 -19 -171573
4 1 3 10 -153911
-10 1 -4 -10 -169589
3 -2 11 6 -176351
7 3 -22 -9 -155707
-14 24 -10 -2 -108641
-3 -3 -6 -18 -154567
-10 -13 -1 -7 -162889
-7 2 -6 9 -148247
-4 2 -13 6 -158137
-4 4 3 -2 -175475
-5 -8 -17 3 -169825
-5 -5 -11 -13 -154905
-2 4 -9 11 -169861
0 -19 -5 -23 -57989
-7 -5 -6 -3 -132089
-10 -6 1 -16 -167523
-11 12 -16 -8 -146157
15 -21 6 -12 -71209
-1 -7 1 -1 -156057
-1 6 -2 -8 -174129
-13 1 -15 17 -105735
-4 3 -2 -2 -161343
0 0 -8 1 -174295
-9 -18 15 -16 -124913
3 2 7 11 -161485
-4 -7 -6 -9 -136825
21 -7 -4 -24 -112167
-7 3 -5 -10 -165145
2 22 -5 0 -157829
8 0 1 5 -168623
0 -9 16 23 -150117
19 7 9 5 -109191
9 -15 17 8 -143267
2 0 17 -9 -174601
-11 -6 -3 -10 -151211
1 0 7 -21 -162149
14 -12 8 -2 -123079
-18 12 7 21 -122701
-7 5 -5 7 -129241
6 10 9 8 -120943
7 -5 -3 -18 -158969
3 -6 4 5 -158481
-13 -10 -3 -5 -164041
2 -11 0 -16 -105593
-21 7 -13 -5 -110315
-14 -14 -4 -4 -158565
9 -15 -4 16 -178617
-8 11 -21 8 -107963
17 6 17 9 -54423
8 -16 -10 0 -177385
-16 -6 8 -6 -176217
5 -13 -9 -12 -158149
2 3 16 12 -172709
-8 13 -6 0 -166563
0 10 -11 4 -173413
5 8 -2 10 -159403
22 11 0 -13 -148161
4 2 -3 -7 -176211
-2 -14 16 -11 -149631
-6 11 6 7 -177825
5 -2 6 14 -160619
-13 11 -12 11 -82911
6 -13 7 -14 -88439
-5 -11 -6 -8 -116617
-6 7 3 6 -171299
-2 2 1 5 -143717
16 9 13 10 -72039
10 -17 8 2 -148545
1 -5 -4 4 -175233
8 -14 2 -5 -157641
-20 12 5 -6 -164847
-21 -14 0 -2 -143279
10 -2 4 -10 -167437
5 -8 24 -9 -99205
-8 2 -9 8 -135937
17 -4 2 -5 -176861
0 14 9 -9 -175781
15 11 5 -6 -172763
1 -8 4 -3 -143115
-21 9 2 10 -141633
1 0 11 4 -178141
3 24 -2 2 -138489
17 -8 -10 -14 -159403
5 6 7 -13 -173869
10 -8 -9 0 -177895
6 4 6 -10 -166435
21 20 -4 6 -122009
-1 3 -15 8 -175211
13 1 4 -14 -173811
11 -3 3 0 -168873
-12 6 1 10 -173705
-2 -3 4 -1 -153343
-11 16 12 23 -109003
-8 7 -18 -20 -122897
0 2 2 -9 -175799
-1 -13 2 -16 -93175
-1 3 19 -10 -168585
8 15 -14 3 -173547
-12 -13 15 6 -169407
3 -3 3 -14 -164085
22 6 -23 -3 -127095
-7 -2 0 -6 -161671
2 13 -20 -3 -163609
7 6 12 -10 -158463
7 -6 11 -2 -127733
-22 0 -17 -2 -46027
-1 -4 -14 -11 -178023
-7 21 12 7 -151495
-5 12 -13 7 -138361
-8 15 -12 0 -161591
8 0 23 -3 -116521
12 6 -11 13 -172359
-10 -21 8 10 -156287
14 -18 -12 7 -165961
-6 7 -12 -5 -170523
-10 -21 -11 12 -139567
-11 -5 -11 8 -156323
-11 16 1 16 -118923
-9 8 -1 7 -153679
-23 11 -5 21 -95169
-20 0 11 0 -171055
8 -6 12 8 -152325
-5 -23 -3 -22 -47291
-20 -5 9 -12 -163701
12 -6 3 -11 -164877
5 4 11 13 -142655
2 2 -10 13 -190825
2 19 7 4 -162631
15 0 -16 -3 -175115
2 -18 19 -2 -150901
-14 4 -11 16 -114783
3 -13 10 23 -149805
-19 9 5 2 -171383
7 1 4 16 -156641
-13 19 15 -11 -150773
-4 0 -5 -2 -140457
-4 11 -6 0 -168243
5 13 7 18 -70283
-15 -11 -17 -7 -65185
2 1 17 11 -176917
-10 -13 -12 7 -155143
-13 0 -6 23 -147403
6 2 4 -21 -158081
3 5 -2 4 -158707
4 13 -6 14 -130415
-2 -19 5 -1 -167923
-8 9 -5 10 -122619
-1 7 7 5 -170133
-10 9 0 19 -151459
4 3 7 -4 -153601
6 5 15 -1 -153521
7 -2 3 -4 -156931
4 -1 -8 -14 -188743
-20 1 -6 -9 -155225
-18 -4 -18 8 -98801
-2 -16 -6 7 -175829
-6 -3 -4 -1 -152027
-16 0 -5 24 -139079
4 7 12 -2 -168159
2 -8 15 -6 -171169
4 11 5 -17 -169087
5 13 0 21 -106757
-9 -7 -6 12 -178877
15 24 -1 -8 -147511
-9 15 -15 -3 -156857
-5 17 -10 11 -111285
13 -2 4 -15 -169597
-1 -2 -23 4 -153841
3 -16 -14 -7 -171841
-5 -3 -9 -10 -156997
3 -5 -1 -2 -156979
4 -1 8 1 -157145
9 12 -14 9 -165303
17 -9 0 -3 -175695
22 12 -6 13 -129217
-8 -1 10 19 -169643
4 -14 -13 -15 -148101
-9 -12 -5 -4 -159787
0 12 4 24 -75145
-2 8 4 14 -134109
-3 5 5 4 -173995
-2 -14 -16 -8 -155679
18 -2 17 -5 -59003
19 15 -2 3 -160141
-7 3 -6 1 -144755
-22 -5 -2 -5 -153019
-10 -15 -19 9 -139407
-13 9 -11 2 -117803
-1 -4 0 -1 -145487
-21 -7 -19 12 -91543
8 -8 8 24 -128197
-6 3 -2 18 -161613
-11 -5 -4 -22 -120119
5 -3 4 -4 -137337
24 -16 -9 7 -130457
23 -10 18 -9 -21119
12 1 21 17 -91319
-6 24 -11 -3 -143017
0 -18 -13 -7 -158417
4 4 -7 2 -173669
6 14 3 -12 -170971
0 -6 13 -16 -158129
5 -10 12 7 -176361
2 5 -3 6 -159491
0 7 1 -23 -149421
6 -3 14 11 -164985
-18 -6 3 -10 -175437
-9 17 2 5 -172803
-7 4 -13 13 -129693
-5 -4 -10 -1 -147375
4 17 5 -23 -139509
-12 2 -3 -6 -175041
0 16 3 -3 -176847
22 -23 7 8 -103179
14 -19 5 -2 -138873
-8 7 -5 -5 -177709
4 12 10 6 -144281
20 -10 -11 9 -161129
10 4 5 -14 -172991
-2 11 5 6 -164161
8 2 24 12 -101313
3 -1 2 -1 -142113
-14 9 3 -23 -150777
-1 -8 -6 0 -164853
-22 -15 -2 16 -132733
-6 -10 -5 -7 -132061
-16 -20 13 11 -142283
0 1 8 1 -172195
-6 -11 -18 -4 -144837
0 9 -4 22 -112987
-1 -5 4 -9 -163407
2 -20 6 1 -166113
11 19 -12 -4 -165037
15 5 -6 4 -175963
4 19 11 4 -150311
-4 6 -1 -3 -181469
11 3 -7 7 -183475
9 11 1 8 -138999
22 9 15 -15 -97553
-7 -7 -23 1 -127343
13 -5 2 -8 -173155
-5 3 -11 11 -155947
-18 3 -5 14 -152739
7 -20 -23 -10 -117037
-5 -2 0 6 -160741
-13 -17 2 -3 -179803
-1 -6 -2 13 -177741
-16 -12 6 15 -161055
-2 -12 -19 3 -174067
