-1 -2 -1 7 -137336
-1 -4 3 0 -126448
-11 1 -19 11 -127998
-23 0 24 4 -119872
-4 13 -4 14 -84080
-19 -14 -3 -18 -113098
8 -2 4 2 -133790
8 -11 5 -15 -93602
-23 -6 -9 8 -129056
6 -12 8 -10 -98740
-18 0 23 13 -132740
6 3 6 5 -103296
-6 -7 -5 5 -137972
-2 22 -8 -11 -140778
7 14 5 8 -106150
14 -11 -23 -6 -132130
7 -14 -20 14 -143640
-3 7 6 22 -138334
6 -6 -5 -8 -141772
13 -23 23 -4 -82132
-7 -3 -18 -10 -116146
16 16 -2 10 -133118
-14 2 -22 -3 -81268
17 -20 8 -2 -119880
12 0 19 -3 -94734
-6 1 -5 -11 -138408
-4 -18 2 -23 -58082
-23 7 5 -5 -146194
2 -13 3 -4 -133808
-11 -2 -11 6 -129650
1 -12 2 -12 -91604
8 0 22 3 -117646
4 -5 24 -5 -129392
17 -16 10 6 -131314
15 9 -16 4 -140568
5 3 3 19 -137812
-6 3 -15 -4 -139472
13 -3 14 5 -94220
-11 -6 -9 -6 -96626
0 -19 5 -21 -58234
12 6 3 21 -129752
2 12 22 12 -116988
20 0 11 11 -112526
-15 -16 -14 -11 -50332
0 2 -2 -22 -140516
18 -2 24 -9 -50426
-4 16 -1 3 -137240
-4 18 3 11 -119738
0 22 -18 7 -135656
1 -15 18 -23 -90310
22 -4 3 -5 -141348
-7 1 -3 2 -130726
-20 19 -2 17 -86434
-10 3 24 -8 -133098
8 -21 -5 -3 -139126
23 11 -11 6 -134840
0 -20 -13 -17 -110778
13 20 5 3 -129858
-14 3 -4 3 -137566
6 -1 -24 13 -129636
-11 6 -22 -3 -118990
4 15 1 10 -112092
-4 -10 -10 -2 -139026
10 5 24 0 -104818
-15 17 5 15 -129416
14 12 -15 16 -128440
8 -13 -22 -18 -119790
-17 -1 -23 -23 -62522
5 18 -7 12 -126554
4 23 -2 13 -91234
-1 -6 -5 -6 -129170
9 14 -1 16 -105040
1 4 4 0 -122662
-5 -6 -1 -12 -134428
-19 -10 -15 6 -105624
10 -7 6 -11 -113940
-12 2 -12 3 -100782
5 -18 5 -4 -135756
-3 7 4 10 -134984
-11 7 -14 18 -97740
17 -20 7 -18 -66798
3 3 -8 0 -151728
6 -18 3 -7 -127018
1 -17 -14 -14 -135482
3 -4 -4 -23 -132988
2 -7 6 1 -139662
-12 3 -5 9 -136696
-20 -5 23 -15 -119834
4 -2 6 -1 -124326
7 -2 8 6 -125622
-1 -8 -9 -7 -137006
-9 8 0 15 -135132
22 0 -15 -4 -141310
16 11 12 7 -85520
-4 -7 -7 -4 -122768
-2 1 -2 9 -138352
9 -2 8 0 -114202
13 -5 11 -8 -79032
-4 -15 -11 -22 -88776
-14 5 -8 23 -116056
-6 2 -20 3 -129858
2 -12 -21 -22 -108402
-23 -19 -16 -15 -25452
-3 8 1 11 -115396
-1 -7 -13 -20 -140592
2 5 4 23 -131174
-7 0 -1 -1 -141424
-9 -10 8 -15 -142166
-17 -4 -12 -15 -103106
-19 11 -22 0 -80056
-14 -23 -19 -13 -55040
10 -8 -2 -11 -137414
6 -11 13 -10 -110152
-4 -9 0 -12 -118342
-5 1 -6 19 -140796
7 14 13 -3 -134678
-5 -4 -11 -17 -141102
8 22 3 4 -139470
-6 3 -18 10 -141974
-13 -7 10 -13 -143552
21 1 15 -6 -79820
14 -19 -14 8 -141062
-1 -16 -4 -10 -111564
7 10 -3 10 -136076
-5 3 -5 1 -113946
8 17 -10 -21 -143988
14 2 7 8 -118798
9 3 2 8 -134992
1 -9 0 -18 -118118
-5 -9 -15 -4 -136748
9 15 -8 16 -132956
-15 9 -10 8 -98344
5 1 10 10 -140434
-6 -3 -5 -16 -139436
12 14 -22 -16 -136514
10 -23 2 1 -132214
-10 13 -7 8 -104470
-1 -4 -22 -21 -121548
3 -11 8 -4 -132362
20 19 2 -9 -141280
-8 4 -9 0 -118882
10 -14 19 15 -128538
-12 -14 -3 -10 -126514
-3 -23 -2 17 -135490
-11 -3 -14 6 -124510
22 0 2 13 -137646
-20 5 -4 -3 -152354
-2 -3 1 -5 -122840
4 17 -11 17 -123550
6 -6 10 1 -128540
9 8 23 -11 -127746
21 -13 6 -5 -129582
17 24 4 -20 -119326
-9 -5 -10 -2 -90170
0 -9 -2 -7 -117556
0 5 2 5 -121650
-2 -9 -14 -11 -137368
10 6 7 0 -124500
-1 4 2 6 -127214
10 8 8 -13 -136664
12 23 12 -13 -119456
8 -8 9 -9 -100530
-12 2 -10 11 -124418
10 -4 4 -9 -134560
12 6 5 2 -129360
-5 10 -5 7 -93614
1 -13 2 -7 -119382
-10 -1 -18 7 -131230
22 0 -15 -11 -135830
-1 -23 2 6 -137454
-3 -5 2 -4 -126338
11 5 9 16 -103994
15 1 18 6 -75164
-8 -20 3 -13 -121904
-12 -19 -11 5 -128096
-7 -8 -21 -2 -133666
4 0 7 -10 -134542
-3 13 -5 15 -89668
10 24 -1 0 -141232
0 3 -3 7 -134668
21 13 6 -11 -141762
24 -12 -4 -7 -123452
16 4 -14 3 -140952
21 19 -3 3 -133518
-4 0 -5 7 -140128
20 -9 18 -8 -55270
-6 -12 -5 -19 -83386
-8 2 -11 23 -118908
21 1 -23 -15 -120928
-10 22 3 8 -130912
1 -13 0 -6 -122632
-21 -7 -14 6 -111340
0 5 -13 0 -155856
11 -19 14 -12 -56676
-9 1 -14 -5 -114464
6 -10 -2 -11 -120100
1 8 -2 8 -120632
-9 -12 -18 -5 -119998
15 -18 -3 17 -141804
-19 11 -18 -1 -95550
-2 8 -23 -18 -136490
-5 0 -9 -2 -140384
-11 -4 -8 2 -124984
7 14 0 22 -95734
-10 -23 -3 -15 -90234
4 -10 -9 -16 -146918
11 -1 11 3 -100044
-5 -3 0 -4 -135142
-8 -19 -7 -10 -90398
-3 -5 -23 5 -143566
19 13 -11 15 -134954
-6 -3 -1 -3 -141710
-3 -17 3 -8 -135642
12 6 24 -16 -105578
24 -1 2 8 -134594
7 -7 -7 -19 -144988
19 5 13 -12 -113544
-22 -7 -4 -15 -133220
-23 -12 -11 -10 -70520
1 21 7 8 -129882
21 -17 15 -8 -64022
-17 -3 1 18 -151680
0 11 -12 -24 -139894
0 19 3 9 -119728
-7 1 -11 -5 -130152
8 0 14 -2 -111146
23 5 1 6 -134290
-8 4 -8 -2 -120762
-13 1 -11 -6 -94880
-9 -10 -7 -14 -100270
-10 -15 -14 -15 -66510
12 24 6 -10 -133128
-12 0 -7 10 -143908
2 5 -23 -6 -137710
-21 -14 6 -6 -140930
5 -10 6 -15 -101054
3 0 -22 7 -152238
19 -4 -4 -23 -130630
17 21 -11 13 -119396
-21 15 -14 23 -39138
-6 -11 10 -20 -120708
-11 -2 -4 -2 -143472
19 -8 13 -3 -85734
-21 -19 -3 10 -142624
15 18 -4 11 -130704
16 12 7 8 -108018
-9 -5 -6 -21 -130072
0 -6 -4 2 -135454
14 -15 -20 -1 -140956
9 -7 13 2 -116236
12 9 -23 -7 -135944
-10 -7 -17 19 -131494
6 8 18 4 -129632
-2 -1 2 -7 -134504
9 9 15 7 -97580
2 6 -1 12 -115616
12 16 19 0 -106632
3 4 0 6 -123242
17 -6 -4 -14 -144134
1 8 1 3 -126002
-1 -12 0 -11 -104582
0 10 0 16 -100892
3 -1 -17 -20 -144288
4 1 3 10 -130866
5 15 0 5 -141642
3 -11 3 -18 -100336
7 9 -22 2 -142410
-14 24 -10 -2 -118886
19 19 -9 21 -103056
-10 -13 -1 -7 -145500
-7 2 -6 9 -126572
-4 2 -13 6 -142084
0 7 7 4 -134454
22 10 -4 -15 -145088
-5 -5 -11 -13 -137686
-7 16 -9 11 -96404
0 -19 -5 -23 -66070
-7 -5 -6 -3 -119162
6 -8 18 -16 -119814
-11 12 -16 -8 -134262
15 -21 6 -12 -89496
-1 -7 1 -1 -130076
17 1 21 16 -75756
-13 1 -15 17 -129512
-4 3 -2 -2 -125984
15 -20 22 -4 -82902
-9 -18 15 -16 -118652
3 2 7 11 -140708
-4 -7 -6 -9 -119950
21 -7 -4 -24 -116882
-7 3 -5 -10 -140132
-17 22 -14 0 -105416
8 0 1 5 -139024
0 -9 16 23 -141344
19 7 9 5 -111486
9 -15 17 8 -130312
11 -3 12 18 -122478
-11 -6 -3 -10 -138660
1 0 7 -21 -142224
14 -12 8 -2 -123492
-18 12 7 21 -127146
-7 5 -5 7 -116706
6 10 9 8 -103686
-14 24 -3 -18 -124186
3 -6 4 5 -135488
-13 -10 -3 -5 -143762
2 -11 0 -16 -108338
-21 7 -13 -5 -114904
-12 4 -4 0 -145116
9 23 -8 -3 -142102
-8 11 -21 8 -103960
17 6 17 9 -52250
-3 -7 0 -2 -132628
-11 -24 -18 -17 -54716
5 -13 -9 -12 -142224
-21 3 16 -8 -141982
-16 13 -11 0 -140686
-12 3 -15 18 -122008
5 8 -2 10 -132304
22 11 0 -13 -147502
6 2 12 -7 -141018
-2 -14 16 -11 -135050
-2 -6 24 -1 -134176
22 -14 21 -5 -45468
-13 11 -12 11 -80336
6 -13 7 -14 -85526
-5 -11 -6 -8 -111194
11 -6 3 -4 -136524
-2 2 1 5 -122042
16 9 13 10 -76978
10 -17 8 2 -129574
-6 -14 -20 -7 -134640
8 -14 2 -5 -136058
2 0 24 5 -131610
-21 -14 0 -2 -139048
-6 2 0 6 -133600
5 -8 24 -9 -120312
-8 2 -9 8 -119982
-4 5 -3 7 -114634
0 -19 -12 -9 -142926
-7 -22 15 9 -141516
1 -8 4 -3 -124590
-21 9 2 10 -136370
8 -6 11 4 -132640
3 24 -2 2 -132062
17 -8 -10 -14 -140200
4 2 -16 15 -156798
10 16 -9 18 -128618
6 -5 13 -10 -130248
21 20 -4 6 -125284
-17 3 -15 6 -81260
13 1 -12 22 -131748
-13 -3 -11 -23 -105294
-13 -12 -24 9 -100340
-2 -3 4 -1 -129782
-11 16 12 23 -110254
-8 7 -18 -20 -130780
-23 2 -4 -9 -141368
-1 -13 2 -16 -90790
-7 -8 0 -22 -126082
-22 -19 18 16 -126114
-8 -2 -12 -20 -125770
3 -3 3 -14 -139142
22 6 -23 -3 -129354
7 -1 7 1 -104164
7 20 14 -7 -134404
0 4 1 -1 -119506
7 -6 11 -2 -113846
-22 0 -17 -2 -51892
13 2 18 -11 -106130
-7 21 12 7 -136174
-5 12 -13 7 -124182
-8 15 -12 0 -146370
8 0 23 -3 -120042
5 -8 14 -24 -100510
-10 14 -7 13 -85206
15 3 18 -21 -94286
20 10 20 -5 -76484
-10 -21 -11 12 -132210
-11 -5 -11 8 -141230
-11 16 1 16 -116274
-9 8 -1 7 -128142
-23 11 -5 21 -97680
12 0 5 0 -128312
8 -6 12 8 -140104
-5 -23 -3 -22 -55648
6 -5 13 -12 -132420
12 -6 3 -11 -138276
5 4 11 13 -130230
-8 -7 -6 -14 -120484
-9 -16 -2 -13 -112868
15 13 4 8 -118652
2 -18 19 -2 -135668
-14 4 -11 16 -114496
3 -13 10 23 -143886
-19 9 5 16 -141700
7 1 4 16 -139404
-13 19 15 -11 -139848
-4 0 -5 -2 -119870
-4 1 24 8 -135926
5 13 7 18 -74468
-15 -11 -17 -7 -69408
-2 3 -20 16 -135220
-10 -13 -12 7 -134628
-13 0 -6 23 -144780
6 2 4 -21 -137324
3 5 -2 4 -134070
4 13 -6 14 -119714
10 -19 5 -23 -47550
-8 9 -5 10 -107484
-3 19 -7 12 -100540
-10 9 0 19 -139720
4 3 7 -4 -135872
6 5 15 -1 -136494
7 -2 3 -4 -132362
-9 16 -8 7 -106292
-5 1 0 0 -133072
-18 -4 -18 8 -101710
8 -8 -15 -24 -120196
-6 -3 -4 -1 -134200
-16 0 -5 24 -135984
-3 17 -16 15 -109786
24 12 -1 -1 -135600
7 -10 -15 -14 -144598
5 13 0 21 -100588
8 4 6 13 -116554
15 24 -1 -8 -139004
-9 15 -15 -3 -144932
-5 17 -10 11 -111724
-22 -2 -5 -15 -140266
5 23 11 6 -116804
9 -8 2 -7 -124470
-5 -3 -9 -10 -137774
3 -5 -1 -2 -128852
4 -1 8 1 -129938
-14 -24 6 6 -136862
-3 -22 11 -3 -137508
22 12 -6 13 -129916
-24 3 -23 17 -42902
4 -14 -13 -15 -142882
-9 -12 -5 -4 -139870
0 12 4 24 -87480
-2 8 4 14 -129632
7 2 11 -3 -132496
-2 -14 -16 -8 -142242
18 -2 17 -5 -62716
9 20 -20 0 -141442
-7 3 -6 1 -123450
-22 20 -9 -5 -115914
-10 -15 -19 9 -135848
-13 9 -11 2 -118086
-1 -4 0 -1 -117868
-21 -7 -19 12 -100378
8 -8 8 24 -128196
-6 0 -22 18 -122150
-11 -5 -4 -22 -134300
5 -3 4 -4 -117886
24 -16 -9 7 -128786
23 -10 18 -9 -40004
12 1 21 17 -101334
-6 24 -11 -3 -136686
0 -21 0 -14 -70024
4 -22 20 -23 -62188
1 -17 -9 -12 -129640
0 -23 1 -16 -48826
-11 -23 -4 7 -142318
2 5 -3 6 -131406
18 14 15 13 -50550
6 2 -23 5 -142338
4 -6 -3 -10 -132484
-9 12 -20 -5 -139610
-7 4 -13 13 -130218
-5 -4 -10 -1 -125842
4 17 5 -23 -128104
8 -12 22 -9 -97972
0 9 -8 24 -109892
22 -23 7 8 -109680
14 -19 5 -2 -138702
3 -23 -21 -19 -94324
4 12 10 6 -123594
20 -13 4 -8 -131638
2 5 5 -4 -134822
-2 11 5 6 -133976
8 2 24 12 -109850
3 -1 2 -1 -112284
-14 9 3 -23 -140486
-1 -8 -6 0 -141838
-22 -15 -2 16 -139198
-6 -10 -5 -7 -114032
-16 -20 13 11 -137694
13 -15 18 -8 -72600
-23 -21 -1 18 -126688
0 9 -4 22 -115488
-1 -5 4 -9 -130362
2 1 12 3 -140646
-9 19 -22 -14 -122272
17 -11 19 -19 -43136
13 -1 10 4 -110480
-4 6 0 8 -120362
16 13 13 18 -53222
9 11 1 8 -123866
22 9 15 -15 -106952
-7 -7 -23 1 -130356
-6 23 4 -8 -142532
-5 3 -11 11 -137402
-18 3 -5 14 -137210
7 -20 -23 -10 -114876
-5 -16 0 6 -153400
-13 6 2 22 -143844
-1 -6 -2 13 -141272
12 10 6 2 -130464
18 -11 -19 2 -141370
