-23 -14 -17 -5 -95097
10 -5 11 -3 -88457
10 24 5 9 -91061
10 -8 10 -3 -88739
-4 13 -4 14 -78549
24 -1 20 -18 -90335
9 -23 -1 -22 -67273
8 -11 5 -15 -91033
-5 -17 -11 -22 -70727
6 -12 8 -10 -87749
-4 14 -1 16 -89267
6 3 6 5 -73137
-10 -5 -17 0 -95029
23 -13 -16 -19 -91335
11 14 10 8 -84071
14 -11 24 -6 -87701
-12 21 -20 7 -88603
-6 22 7 21 -87283
10 2 7 4 -84249
13 -23 23 -4 -97947
-22 -12 -17 -21 -70727
15 15 6 18 -83429
-14 2 -22 -3 -93933
5 -5 0 -6 -87427
9 -13 -6 10 -115357
-19 -11 -21 -1 -67785
-4 -18 2 -23 -75115
-17 -10 -10 -9 -86431
2 -13 3 -4 -91367
8 -7 8 -2 -91897
1 -12 2 -12 -77397
-4 5 -6 4 -84625
4 -5 24 -5 -92587
-22 16 -12 10 -94915
-3 -24 21 -18 -86681
-22 21 -23 -8 -92845
6 -12 9 -13 -76247
12 -24 13 -3 -90683
-11 -6 -9 -6 -82917
0 -19 5 -21 -65937
-9 4 -7 5 -92231
22 12 24 9 -36739
-19 -5 -16 -5 -90129
-15 -16 -14 -11 -83185
-19 20 0 23 -94785
18 -2 24 -9 -77437
16 -12 20 -15 -80927
-20 18 -22 11 -57735
-24 -1 -18 10 -87355
8 4 6 11 -86845
-3 -8 2 -7 -88817
-19 -3 -23 -15 -90863
0 -5 0 -1 -87307
-21 17 -15 19 -50683
21 -24 -5 -15 -89287
-10 13 -20 17 -94113
-13 -1 -10 1 -76481
0 -2 -1 -1 -86579
-21 3 -24 3 -36199
23 -10 15 -10 -85325
-7 18 2 20 -87375
23 -22 -1 11 -107911
-7 23 13 20 -92425
11 23 7 18 -50595
-15 -19 -14 -14 -75675
24 -23 -13 7 -99303
-16 -14 -21 -7 -90541
-17 -1 -23 -23 -92703
2 -24 19 -22 -86897
4 23 -2 13 -96083
-22 -6 -18 -3 -82101
15 -11 18 23 -96361
6 15 10 19 -79961
-21 -7 -17 -7 -82205
-3 1 1 0 -90907
-20 -9 -23 10 -84593
-12 2 -12 3 -76719
7 14 5 9 -87545
-9 11 -11 4 -93901
2 9 0 8 -88857
17 -20 7 -18 -82657
-1 12 1 15 -92709
-12 -20 1 -21 -92751
-16 -22 -8 -22 -74585
-16 -22 -22 -8 -92433
19 2 20 -5 -81785
10 14 16 17 -79671
-11 19 -4 18 -87981
4 -2 6 -1 -83795
-4 7 0 11 -96799
-24 -4 -24 24 -77003
-5 -5 -5 -4 -82871
20 22 24 2 -73623
16 11 12 7 -81909
-4 -7 -7 -4 -87321
-2 1 -2 -1 -79095
9 -2 8 0 -86321
13 -5 11 -8 -82759
-3 5 -5 5 -82697
-10 -11 -7 -13 -90395
-2 -17 -2 -23 -72379
6 20 10 11 -82145
-23 -19 -16 -15 -55467
-3 8 1 11 -98643
-12 10 -13 10 -84913
19 -21 19 -8 -89789
-15 5 -14 -24 -90681
0 12 -23 15 -95439
11 6 11 14 -89863
-19 11 -22 0 -92247
-14 -23 -19 -13 -79987
-10 3 -9 4 -89103
-12 8 -20 4 -86279
-4 -9 0 -12 -91675
-11 -22 7 -24 -78991
14 0 13 -3 -82115
-5 -13 -11 -17 -89063
-23 20 16 -24 -97365
24 -4 19 -7 -55999
-2 -2 21 -24 -95609
21 1 15 -6 -94205
-11 -13 -15 -15 -79607
-21 -9 24 -17 -88135
7 8 3 10 -88357
-5 3 -5 1 -84383
-8 12 -10 -24 -93425
0 13 -3 23 -82711
10 -23 1 -18 -73665
1 10 0 15 -89091
23 -10 19 -4 -75343
-7 -3 -8 0 -78641
-15 9 -10 8 -89433
13 12 18 9 -82589
7 17 -1 15 -94245
-18 -3 -15 -5 -82217
-24 -23 2 -7 -91339
-10 13 -7 8 -86821
-20 -4 -22 9 -93387
0 17 8 16 -90377
-6 6 -6 9 -80205
-8 4 -9 0 -94363
-7 7 -11 8 -87341
-23 -24 -4 0 -90163
17 17 8 23 -63839
-18 14 -23 2 -89793
-5 12 -7 13 -87005
-20 21 -4 23 -91059
-2 -3 1 -5 -91869
-9 21 -5 17 -79515
-2 -19 -1 -22 -64081
16 18 17 6 -86579
-1 24 3 19 -51013
17 24 -12 16 -88427
-9 -5 -10 -2 -81151
22 -13 21 -15 -51215
0 5 2 5 -87499
5 -19 2 -24 -61011
-1 -3 1 2 -91475
-4 10 -6 6 -84585
0 -14 5 -12 -89681
12 23 12 -13 -95501
8 -8 9 -9 -71397
4 8 9 7 -91849
6 13 11 13 -83571
-17 -6 -18 -12 -83261
-5 10 -5 7 -76349
1 -13 2 -7 -88851
6 -13 0 -15 -87037
-13 -10 -13 -11 -62703
11 3 16 6 -88043
-3 -5 -3 -4 -82449
11 5 9 16 -97009
15 1 18 6 -80765
2 6 3 3 -85233
19 -21 22 -20 -30809
11 16 23 6 -92997
14 2 16 -12 -96355
-3 13 -5 15 -88461
21 3 24 9 -49235
13 -5 18 -8 -81121
18 -5 19 -17 -97667
24 -12 24 0 -69539
-9 7 -12 6 -86581
1 2 0 1 -81231
-18 0 -23 5 -80717
20 -9 18 -8 -77931
-6 -12 -5 -19 -83985
-3 -23 -11 -22 -67177
-2 -10 -23 -23 -93145
13 -1 17 -7 -91691
1 -13 0 -6 -91351
-21 -13 -11 -19 -95901
2 -9 2 -2 -85793
11 -19 14 -12 -87267
6 -18 0 -24 -74499
6 17 9 10 -84691
1 8 -2 8 -90117
-14 -12 -14 -4 -82999
4 24 0 16 -66613
10 -14 9 -16 -78793
7 -24 12 -11 -90987
2 20 -20 24 -88931
-11 -4 -8 2 -89485
7 14 0 22 -91785
-5 -13 0 -13 -86213
19 20 22 21 -18059
11 -1 11 3 -84161
11 -4 10 -3 -78201
-8 -19 -7 -10 -88949
13 -20 3 -24 -77153
-6 -6 -11 -8 -91757
-6 -3 -8 -3 -85821
-19 20 -13 13 -86037
-4 14 -2 9 -83027
0 18 24 23 -76949
-4 -10 -2 -16 -90329
-1 6 -2 1 -88613
-22 -7 -23 -15 -68041
-18 -17 -10 -21 -92761
9 -13 12 -17 -95987
2 1 3 3 -89357
-24 24 -14 6 -86153
16 3 16 -2 -86145
10 -2 10 -4 -88215
6 6 4 14 -87891
8 0 14 -2 -84207
-5 -8 -6 -18 -92609
-8 4 -8 -2 -90417
-13 1 -11 -6 -89085
-9 -10 -7 -14 -90609
-10 -15 -14 -15 -78865
-5 24 21 13 -89111
-6 8 -7 24 -87473
21 14 18 6 -75765
0 2 -3 -1 -92005
5 -10 6 -15 -80279
2 3 4 3 -86635
4 -14 -4 -23 -92261
-19 -8 -14 -7 -92301
-21 15 -14 23 -57017
-23 18 -24 7 -69863
8 -21 6 -18 -61053
8 6 24 2 -97637
22 3 18 3 -65703
-6 17 22 21 -90049
-11 -16 -3 -15 -88769
-16 -5 -15 0 -78123
-23 18 -21 12 -45891
24 0 21 8 -69067
0 18 1 9 -99145
19 -22 -11 -17 -95143
7 10 10 8 -87481
15 8 16 2 -74173
-8 3 -8 2 -85229
9 9 15 7 -88471
0 9 23 24 -89955
24 16 21 8 -46837
3 4 0 6 -88907
-6 -8 -5 -11 -91169
1 8 1 3 -84941
-1 -12 0 -11 -80147
0 10 0 16 -96431
-23 -7 -17 -1 -90571
2 14 3 15 -86501
8 8 6 6 -75647
3 -11 3 -18 -84913
16 -11 21 0 -94051
-14 24 -10 -2 -94107
0 19 -9 21 -90977
14 -13 11 -21 -81395
22 8 22 3 -62957
-19 2 -13 -3 -92609
2 -17 -5 -15 -91381
23 8 24 -18 -82601
-19 6 -18 15 -76263
-7 16 -9 11 -80769
0 -19 -5 -23 -71705
-7 -5 -6 -3 -91157
23 7 -21 10 -83469
5 -4 4 4 -90837
-16 17 -7 14 -93883
-4 24 -19 23 -81915
17 1 21 0 -84335
15 18 10 17 -70859
0 -16 -2 -23 -83669
-17 5 -16 0 -83969
-17 -7 -17 5 -87163
3 10 7 11 -88527
-4 -7 -6 -9 -94169
13 -5 17 -17 -100153
-7 18 -2 15 -90635
-8 -22 -24 -15 -90347
-8 23 -22 10 -87469
24 -1 15 -2 -79919
-4 24 -1 23 -51807
9 7 17 22 -96865
-23 -5 -16 0 -94451
-7 -21 -19 -20 -95399
16 4 17 0 -85319
8 -24 24 0 -96911
-3 12 -6 20 -95209
-6 -9 -7 -8 -83657
-20 -17 9 8 -105323
-3 -19 -6 -14 -84021
-4 17 -12 24 -84509
-18 21 -18 -5 -97285
2 -11 0 -16 -81121
9 11 10 -1 -90191
24 -6 15 1 -93523
-1 -4 2 -6 -87511
-20 -18 -14 -19 -72785
17 6 17 9 -69735
-20 -13 -16 -12 -77985
-11 -24 -18 -17 -74729
2 7 -4 7 -96641
0 12 3 13 -87219
11 21 19 14 -70867
19 3 20 13 -82811
14 -17 7 -18 -78037
-16 -19 -8 -22 -83423
8 -14 14 -20 -93693
5 9 10 12 -92207
-3 -7 -5 -8 -91295
22 -14 21 -5 -75825
-13 11 -12 11 -83215
6 -13 7 -14 -76185
-5 -11 -6 -8 -91355
-2 -1 -3 -2 -87913
7 12 11 18 -89285
16 9 13 10 -80981
10 7 8 0 -83833
2 -15 4 -18 -78693
1 -16 -7 -19 -93895
2 0 24 5 -89207
-10 18 -13 22 -59811
-8 -19 -11 -13 -85363
12 8 20 24 -80993
18 5 18 2 -73011
-24 0 -3 -3 -92015
-8 -2 -9 -7 -88055
-7 18 -16 22 -88693
-15 -8 -8 -8 -89757
-14 3 -20 5 -88027
-16 -1 -14 -10 -88541
-4 0 -1 -1 -85761
18 -8 15 -14 -87761
-14 -24 -8 -20 -52647
10 -6 9 -8 -79011
-5 -5 -2 -6 -88285
12 -18 10 -11 -95191
-17 3 -15 6 -74017
18 -13 8 -12 -85577
-11 13 -6 19 -83063
-13 6 -24 9 -85527
-21 1 -21 2 -61389
-11 16 12 23 -97355
-6 -8 -10 -16 -91795
-15 7 -23 21 -97003
-1 -13 2 -16 -86583
-1 13 -5 10 -96111
10 0 8 1 -82489
-8 -2 -12 -1 -84371
10 -16 24 -16 -79605
-2 -2 0 -3 -91545
7 -1 7 1 -81539
18 -23 19 -23 -30531
0 4 1 -1 -88889
7 -6 11 -2 -90805
-22 0 -17 -2 -77233
13 -14 19 -11 -83721
0 -10 1 -13 -83907
7 12 15 15 -91271
11 24 -18 12 -89753
17 -7 23 17 -91913
13 -18 16 -23 -36581
-10 14 -7 13 -82429
-16 3 -16 11 -85951
-9 -5 -11 -8 -81861
-12 3 -12 10 -93145
-11 -8 -11 -5 -73623
0 -22 -2 -22 -59183
-20 -3 -22 5 -79425
0 19 16 20 -94207
-14 16 -23 -22 -95059
-16 -14 -22 -5 -91377
-5 -23 -3 -22 -52741
-17 -9 -20 -14 -90709
-18 -6 -15 1 -89329
18 -18 16 -11 -94401
-1 15 24 19 -88231
-9 -16 -2 -13 -90277
11 -15 6 -23 -76501
-22 -4 -24 -2 -37699
22 24 16 5 -81825
16 11 17 6 -76137
-8 9 -5 6 -86585
-2 -21 -9 -15 -86291
22 12 12 13 -72673
-4 0 -5 -2 -89135
24 1 24 -23 -73409
5 13 7 18 -81757
-15 -11 -17 -7 -80513
-12 2 -16 6 -90743
10 -13 12 -15 -88387
19 -16 24 13 -87499
22 -24 10 5 -97195
-7 6 -7 4 -77519
-9 14 -8 20 -67673
10 -19 5 -23 -67245
-8 9 -5 10 -83479
-8 2 -24 3 -92119
11 2 10 -4 -95619
-8 -11 -12 -11 -83017
6 24 4 -1 -91515
7 -14 3 -7 -92557
-24 24 13 0 -90749
-18 -10 -13 -11 -83221
-17 4 -23 14 -87249
8 -13 -15 -24 -90057
4 -8 8 -9 -84991
18 8 16 23 -72989
15 -10 19 -22 -95121
-5 19 -15 22 -93707
13 -10 10 -14 -79061
5 13 0 21 -90459
-19 -20 -20 -7 -91311
3 1 5 4 -90591
-2 -7 4 -4 -89613
-14 15 -14 7 -81355
-16 16 -10 22 -62371
8 6 14 10 -90199
14 -22 16 -7 -100393
20 7 22 -12 -95441
-9 14 0 24 -87639
23 -12 5 -23 -88977
-14 4 -12 13 -92155
-20 13 7 -6 -110423
7 -2 5 -12 -94837
-24 3 -23 17 -86835
13 -16 7 -14 -88281
1 9 3 11 -86965
0 12 4 24 -92333
22 -3 24 -16 -77217
14 16 -1 24 -90531
21 -14 13 -17 -77133
18 -2 17 -5 -75837
-20 -9 -20 -16 -78019
2 3 5 -1 -86249
-12 9 -12 16 -83541
-23 4 -24 13 -66131
-13 9 -11 2 -92975
-1 -4 0 -1 -89667
10 6 9 6 -78559
8 0 8 -4 -92211
-14 -20 -12 -10 -94273
20 -5 20 8 -92207
5 -3 4 -4 -83333
-8 2 -7 2 -86237
23 -10 18 -9 -68245
-15 4 -11 0 -89581
-1 4 -2 5 -85455
0 -21 0 -14 -83451
4 -22 20 -23 -81449
-12 -11 -9 -16 -91535
0 -23 1 -16 -80823
7 24 9 24 -42131
8 -8 5 -13 -93757
18 14 15 13 -59253
3 -8 7 -7 -85047
-23 -20 -7 -14 -93321
-22 21 -24 1 -91033
-19 -21 -16 -14 -66039
-5 22 -10 23 -69085
-23 9 -20 9 -39043
15 1 10 0 -79785
18 -1 17 1 -85255
-17 8 -20 8 -70123
21 -1 17 5 -95315
3 -23 -21 -19 -90199
-8 12 -11 9 -80897
-1 14 -5 14 -86551
11 0 16 3 -87521
23 -5 24 2 -51267
8 2 24 12 -90277
3 -1 2 -1 -82633
-21 0 -20 -23 -82039
16 -8 14 -8 -74335
-17 0 -19 9 -94981
-6 -10 -5 -7 -84033
17 -3 15 -2 -80321
13 -15 18 -8 -95179
-14 -20 -15 -12 -83003
-15 -3 -20 -14 -107069
-3 -9 -6 -11 -89517
-24 -24 -2 22 -90833
-1 -15 1 -18 -83827
17 -11 19 -19 -90317
13 -1 10 4 -91037
19 6 22 22 -75427
16 13 13 18 -63003
9 -13 10 -21 -83385
22 -1 -24 -15 -88785
-24 11 -23 2 -66875
-9 21 7 22 -91683
17 17 24 -6 -93347
-12 17 -12 8 -88213
-22 -20 -15 -10 -93703
-12 11 -19 22 -93837
16 6 22 4 -74367
0 22 -4 12 -94117
15 -8 15 -11 -65371
7 18 3 20 -74361
