5 -24 1 -22 -59708
10 -5 11 -3 -86020
1 -24 4 -22 -59266
10 -8 10 -3 -85750
-4 13 -4 14 -70106
24 -1 20 -18 -81154
9 -23 -1 -22 -77816
13 -2 20 11 -99646
-5 -17 -11 -22 -69934
6 -12 8 -10 -79686
-4 14 -1 16 -81352
6 3 6 5 -70422
12 -6 14 -13 -82008
10 13 17 21 -87066
11 14 10 8 -85046
14 -11 24 -6 -78336
-24 23 1 19 -81630
-6 22 7 21 -84100
10 2 7 4 -89370
-6 17 -6 8 -81644
-22 -12 -17 -21 -69732
21 -20 24 -14 -49680
-6 -12 -7 -12 -70030
4 -21 2 -16 -82976
23 -19 18 -12 -66342
-19 -11 -21 -1 -78946
-22 -8 -18 -1 -77740
10 15 14 11 -79982
-7 -5 -6 -6 -75414
16 -4 16 -10 -75132
1 -12 2 -12 -65650
-4 5 -6 4 -76412
4 -5 24 -5 -87334
4 21 8 19 -75120
-17 -1 -17 -3 -71028
23 23 13 21 -52786
6 -12 9 -13 -83062
6 -24 5 -17 -56790
-11 -6 -9 -6 -77698
-14 23 -11 14 -79362
-9 4 -7 5 -84470
22 12 24 9 -51726
-19 -5 -16 -5 -84318
-15 -16 -14 -11 -76886
-9 17 -8 15 -72858
18 -2 24 -9 -87344
16 -12 20 -15 -80626
-20 18 -22 11 -67244
-24 -1 -18 10 -78758
11 -8 10 -16 -82812
-3 -8 2 -7 -76210
-3 15 5 22 -84076
23 -8 17 -4 -87658
-21 17 -15 19 -75042
21 -24 -5 -15 -80970
-10 13 -9 22 -83560
-13 -1 -10 1 -79448
0 -2 -1 -1 -76596
-21 3 -24 3 -37842
21 9 21 11 -64898
-20 -2 -24 13 -86180
17 11 18 9 -71586
21 11 20 5 -79436
11 23 7 18 -64758
-15 -19 -14 -14 -71778
9 3 12 12 -95456
13 -12 15 -14 -70468
-17 -1 -23 -23 -82580
-24 -24 19 4 -81652
-16 -11 -14 -15 -76788
-22 -6 -18 -3 -75056
-12 0 -9 0 -77750
6 15 10 19 -82200
-22 13 -16 23 -81258
-3 1 1 0 -75874
18 24 13 -21 -88326
-12 2 -12 3 -70022
7 14 5 9 -88722
3 1 3 0 -70820
2 9 0 8 -85114
17 -20 7 -18 -81202
-1 12 1 15 -82962
-20 22 -22 6 -80892
-16 -22 -8 -22 -67306
-3 19 -22 24 -83394
19 2 20 -5 -79708
13 23 11 24 -50062
-11 19 -4 18 -87478
4 -2 6 -1 -79226
-4 7 0 11 -82782
-24 -4 -24 24 -65030
-5 -5 -5 -4 -78822
20 22 24 2 -81272
16 11 12 7 -81236
7 6 9 13 -96356
-2 1 -2 -1 -74604
9 -2 8 0 -81886
13 -5 11 -8 -82026
-3 5 -5 5 -76168
11 -3 11 -4 -86432
-2 -17 -2 -23 -72374
-11 5 -10 4 -75886
-23 -19 -16 -15 -59430
-14 24 0 14 -100892
-12 10 -13 10 -83758
-23 -2 -20 -12 -70906
-21 5 -17 6 -81104
24 10 19 0 -83496
11 6 11 14 -89886
-23 -6 -23 6 -73106
-14 -23 -19 -13 -85078
-10 3 -9 4 -80676
24 8 12 4 -85800
-19 -11 -17 -22 -79258
-11 -15 -6 -24 -72464
14 0 13 -3 -76434
-5 -13 -11 -17 -78188
16 9 22 11 -75460
24 -4 19 -7 -51540
3 -20 5 -17 -71420
6 -16 7 -16 -75646
-11 -13 -15 -15 -72548
-21 -9 24 -17 -78982
7 8 3 10 -89156
-5 3 -5 1 -73078
-3 24 -5 24 -54718
0 13 -3 23 -80376
17 9 -16 10 -90202
1 10 0 15 -74084
23 -10 19 -4 -84680
-7 -3 -8 0 -76146
-15 9 -10 8 -85958
6 -14 -24 -15 -79624
7 6 8 7 -82666
-18 -3 -15 -5 -86246
-24 -23 2 -7 -79754
5 5 5 12 -89152
-20 10 -14 11 -83660
-7 -15 6 1 -101972
-6 6 -6 9 -78884
-18 13 -17 20 -72576
-7 7 -11 8 -82416
-23 -24 -4 0 -82180
17 17 8 23 -82584
-18 14 -23 2 -84508
-5 12 -7 13 -77388
-20 22 -24 20 -31454
-2 -3 1 -5 -76284
-9 21 -5 17 -85764
-2 -19 -1 -22 -67830
12 18 5 21 -80520
-1 24 3 19 -53152
17 24 -12 16 -87804
-9 -5 -10 -2 -76956
22 -13 21 -15 -57274
0 5 2 5 -81388
5 -19 2 -24 -67182
-4 21 0 17 -77380
-4 10 1 9 -84670
-10 -1 -12 -5 -83732
21 -24 0 -23 -74334
8 -8 9 -9 -74808
18 21 9 18 -84224
-17 19 -19 13 -77392
-17 -6 -18 -12 -69796
-5 10 -5 7 -76544
1 -13 2 -7 -77484
20 -12 22 -19 -62428
-13 -10 -13 -11 -63018
15 -6 12 0 -88122
-3 -5 -3 -4 -78858
-7 24 -6 20 -39150
8 8 5 9 -88186
2 6 3 3 -72452
19 -21 22 -20 -46744
-21 5 -20 0 -78920
9 8 10 5 -79096
-3 13 -5 15 -77720
21 3 24 9 -68704
13 -5 18 -8 -79172
23 -9 21 -19 -74794
24 -12 24 0 -67396
-9 7 -12 6 -86190
1 2 0 1 -69138
-18 0 -23 5 -85850
20 -9 18 -8 -81102
-6 -12 -5 -19 -80694
-3 -23 -11 -22 -58824
22 -11 -23 -23 -76240
-21 -2 -23 2 -70276
-13 -2 -16 -8 -85774
-12 -3 24 -24 -81476
2 -9 2 -2 -82654
11 -19 14 -12 -81902
7 12 9 8 -86688
-17 -9 -13 -9 -79948
1 8 -2 8 -85554
-14 -12 -14 -4 -79772
4 24 0 16 -63132
10 -14 9 -16 -72404
23 -24 24 13 -75922
0 -19 3 -21 -76986
-19 20 16 24 -88568
-18 3 -23 10 -78382
7 -13 3 -15 -75418
19 20 22 21 -32282
11 -1 11 3 -76706
11 -4 10 -3 -81282
-8 -19 -7 -10 -81284
13 -20 3 -24 -73706
-19 3 -18 -2 -79414
-6 -3 -8 -3 -78090
-19 20 -13 13 -79992
-4 14 -2 9 -74910
0 18 24 23 -71206
-4 -6 -2 -9 -84520
22 -6 22 -9 -60610
-22 -7 -23 -15 -59118
-11 -17 -10 -21 -64846
5 -18 13 -22 -75648
2 1 3 3 -71740
-24 24 -14 6 -75074
16 3 16 -2 -74106
10 -2 10 -4 -87316
6 -11 3 -7 -77458
19 -18 16 -19 -68610
-23 -15 -19 -5 -76020
-8 4 -8 -2 -78720
-13 1 -11 -6 -84708
-9 -10 -7 -14 -84552
-10 -15 -14 -15 -73674
8 -7 6 15 -95930
24 8 22 15 -61180
21 3 19 6 -74098
-22 -16 -22 15 -83374
5 -10 6 -15 -78212
2 3 4 3 -83496
-2 19 6 16 -82042
-19 -8 -14 -7 -84848
-21 15 -14 23 -80814
-23 18 -24 7 -65544
8 -21 6 -18 -66930
17 17 20 16 -66436
22 3 18 3 -69650
-4 -10 -5 -5 -86552
-3 22 -6 20 -57378
-16 -5 -15 0 -82100
-23 18 -21 12 -47242
24 0 21 8 -71726
0 11 1 11 -82520
7 7 8 3 -81106
3 -10 3 -13 -73774
15 8 16 2 -78572
-8 3 -8 2 -75018
9 9 15 7 -87436
0 9 23 24 -82096
24 16 21 8 -60086
3 4 0 6 -82536
-2 -15 -3 -13 -72794
17 -24 22 -19 -47286
-1 -12 0 -11 -73624
9 14 5 23 -73352
-15 -8 -16 -1 -83184
2 14 3 15 -77126
12 1 11 6 -77028
0 7 -1 8 -82670
0 -1 0 1 -75790
-4 22 -10 24 -74938
0 -22 3 -22 -69584
14 -13 11 -21 -75582
22 8 22 3 -73424
-13 -24 -15 -14 -75306
0 -18 -12 -23 -79848
23 8 24 -18 -79618
-19 6 -18 15 -72990
-7 16 -9 11 -78586
0 -19 -5 -23 -70174
-7 -5 -6 -3 -83220
22 -9 2 -9 -96534
-18 -16 -23 -4 -76784
-3 8 -3 6 -84506
-4 24 -19 23 -73108
17 1 21 0 -77352
15 18 10 17 -80292
0 -16 -2 -23 -80010
-17 5 -16 0 -80480
24 4 22 0 -52414
3 10 7 11 -84472
-23 -9 -20 8 -79960
18 -7 17 -14 -81708
-11 -13 -8 -6 -83586
-8 -22 -24 -15 -83282
-9 -23 5 -24 -73180
24 -1 15 -2 -74662
-4 24 -1 23 -55386
15 23 4 1 -100960
-23 -5 -16 0 -83148
-22 -12 -18 -11 -66476
3 4 8 0 -97070
16 7 13 5 -77012
-23 12 -14 16 -80786
-6 -9 -7 -8 -79204
22 0 21 4 -67790
-3 -19 -6 -14 -79790
4 17 12 24 -81862
-18 -7 -23 -7 -64284
2 -11 0 -16 -79582
-11 21 -13 17 -67220
12 -14 8 -10 -84796
3 -4 2 -6 -72562
-20 -18 -14 -19 -69244
17 6 17 9 -74556
-20 -13 -16 -12 -76456
-11 -24 -18 -17 -75856
17 -16 19 -15 -76704
0 12 3 13 -86332
11 21 19 14 -85916
11 -10 9 -3 -85654
14 -17 7 -18 -73694
-16 -19 -8 -22 -76816
8 -19 19 -20 -78710
12 14 14 17 -68570
-3 -7 -5 -8 -79438
22 -14 21 -5 -75578
-13 11 -12 11 -82338
6 -13 7 -14 -82144
-2 -11 -7 -19 -87176
-2 -1 -3 -2 -75790
15 11 24 9 -77170
16 9 13 10 -76258
19 -1 20 -5 -73582
2 -15 4 -18 -82072
-10 -12 -9 -11 -70548
-23 -21 -22 -22 -20674
-10 18 -13 22 -70782
-1 -13 -3 -13 -68960
-19 5 -15 9 -84054
18 5 18 2 -70338
-17 -19 -12 -19 -72100
-9 -11 -13 -21 -82492
21 17 15 15 -76042
-1 20 13 24 -84390
-21 15 19 19 -88728
15 -24 18 0 -88100
-12 -22 -17 -24 -46786
18 -8 15 -14 -85304
-14 -24 -8 -20 -52182
10 -6 9 -8 -74878
-5 -5 -2 -6 -79496
12 -18 10 -11 -83074
-17 3 -15 6 -76826
2 10 2 6 -78826
0 -24 5 -18 -79230
-18 -1 -13 -3 -86054
-21 1 -21 2 -65354
-11 -2 -13 -3 -80974
12 22 14 21 -61528
3 1 6 0 -87138
-10 19 -13 20 -74810
-3 5 -2 10 -86496
10 0 8 1 -85520
-8 -16 0 -17 -77026
10 -16 24 -16 -85634
5 -10 8 -7 -81294
7 -1 7 1 -74348
18 -23 19 -23 -40706
1 0 0 -3 -76178
6 -4 11 -1 -88854
-22 0 -17 -2 -82454
13 -14 19 -11 -84826
0 -10 1 -13 -71996
7 12 6 15 -73128
-3 -18 3 -13 -82254
11 24 24 16 -71804
13 -18 16 -23 -40688
-10 14 -7 13 -79616
-16 3 -16 11 -77162
-9 -5 -11 -8 -83210
-12 3 -12 10 -80134
-11 -8 -11 -5 -72220
0 -22 -2 -22 -63596
-2 -4 3 -2 -75926
19 -24 15 -8 -81962
13 17 -23 22 -89280
23 -12 23 -10 -50586
-5 -23 -3 -22 -54312
14 6 12 6 -77710
-15 5 -12 -3 -88936
8 23 -3 20 -77388
-1 15 -1 19 -64972
2 -23 -5 -21 -74062
11 -15 6 -23 -72744
-22 -4 -24 -2 -45862
22 24 23 5 -72178
16 11 17 6 -81138
-13 4 -10 8 -85792
-11 4 -14 13 -83990
-16 -17 -16 -10 -80224
-4 0 -5 -2 -80168
24 1 24 -23 -70356
5 13 7 18 -72832
-15 -11 -17 -7 -71964
-12 2 -16 6 -84462
10 -13 12 -15 -76222
4 11 3 16 -75680
21 19 11 17 -83806
-7 6 -7 4 -72448
-9 14 -8 20 -81906
10 -19 5 -23 -70240
-8 9 -5 10 -77360
-21 23 23 3 -84202
-2 0 -3 -23 -87230
-8 -11 -12 -11 -77776
-22 -16 -17 -12 -76552
6 6 9 7 -86562
-11 -5 -14 -6 -83176
-8 19 -10 17 -73910
-17 -23 -23 14 -87186
8 -13 13 -11 -79052
-12 15 -23 18 -81566
18 8 16 23 -79428
18 23 20 14 -52120
9 3 8 1 -74406
13 -10 10 -14 -80404
15 -11 24 -18 -82518
6 -4 12 -5 -86460
6 -20 4 -19 -74488
-21 -3 -17 -6 -83922
-14 15 -14 7 -75288
-16 16 -10 22 -75426
21 -10 22 10 -84206
7 24 14 14 -81920
9 -7 16 -5 -84204
-9 14 0 24 -84246
-23 24 16 24 -79186
-14 -17 -12 -22 -69980
22 13 16 13 -75310
13 11 11 22 -74262
-24 3 -23 17 -76572
2 -16 2 -14 -70910
1 9 3 11 -83572
0 -8 4 -9 -71640
-19 -12 -14 -16 -79756
-23 20 -7 24 -73044
21 -14 13 -17 -88450
18 -2 17 -5 -68512
-20 -9 -20 -16 -66150
2 3 5 -1 -88850
-12 9 -12 16 -74198
-23 4 -24 13 -64180
-6 24 -3 14 -80354
16 -24 14 5 -86024
10 6 9 6 -78626
8 0 8 -4 -83442
10 15 7 14 -82622
10 2 12 0 -82876
-13 11 -16 14 -69304
-8 2 -7 2 -80854
23 -10 18 -9 -67354
-5 -2 -7 1 -79688
-1 4 -2 5 -77728
0 -21 0 -14 -82328
4 -22 20 -23 -77054
-12 -11 -9 -16 -83192
-20 1 -16 3 -78306
7 24 9 24 -51328
-15 19 -8 18 -82372
18 14 15 13 -74804
3 -8 7 -7 -78416
-23 -20 -7 -14 -85728
-5 -19 -2 -23 -65100
-19 -21 -16 -14 -67184
-5 22 -10 23 -76234
-23 9 -20 9 -43708
15 1 10 0 -79876
18 -1 17 1 -75916
-17 8 -20 8 -78748
8 12 7 12 -80164
5 10 4 12 -78666
-8 12 -11 9 -77812
-1 14 -5 14 -77958
11 0 16 3 -82100
23 -5 24 2 -52956
21 8 24 20 -64410
3 -1 2 -1 -77556
-21 0 -20 -23 -79454
16 -8 14 -8 -72304
-6 -14 -8 -10 -84836
-6 -10 -5 -7 -77996
17 -3 15 -2 -74062
-12 18 -21 17 -80372
-10 14 -4 17 -87682
18 -24 19 -9 -73186
-3 -9 -6 -11 -78732
-24 -24 -2 22 -82088
-1 -15 1 -18 -76508
8 12 10 14 -79762
-10 -10 -15 24 -92166
19 6 22 22 -81754
16 13 13 18 -73760
9 -13 10 -21 -73206
-3 -13 -5 -6 -88210
-24 11 -23 2 -65390
-9 21 7 22 -85514
-11 13 -12 9 -72258
-19 5 -13 6 -85634
-23 3 -11 0 -96370
-15 -7 -11 -8 -79812
16 6 22 4 -78592
0 -6 0 -7 -77742
15 -8 15 -11 -73292
7 18 3 20 -77170
