5 -24 1 -22 -62332
-3 -4 -2 -3 -75672
1 -24 4 -22 -54734
10 -8 10 -3 -75090
-4 13 -4 14 -62296
24 13 -20 12 -81722
9 -23 -1 -22 -76670
0 -22 2 -17 -73730
-5 -17 -11 -22 -77196
-16 7 -15 5 -66582
-8 -7 -9 -5 -79182
6 3 6 5 -72166
12 -6 14 -13 -72054
-15 17 -21 21 -72346
11 14 10 8 -66154
-10 1 -9 5 -83050
-24 23 1 19 -74578
-6 22 7 21 -70668
-24 9 -16 15 -80092
16 13 14 19 -81160
-22 -12 -17 -21 -68160
21 -20 24 -14 -52942
-6 -12 -7 -12 -71168
17 -24 0 -17 -83212
23 -19 18 -12 -72252
13 -3 24 -5 -86108
-22 -8 -18 -1 -77682
-6 22 -7 22 -82906
-7 -5 -6 -6 -79062
16 -4 16 -10 -66170
1 -12 2 -12 -68228
-4 5 -6 4 -72350
-3 -20 -3 -16 -70924
6 -8 5 -5 -73798
-17 -1 -17 -3 -70264
23 23 13 21 -57766
8 -9 13 -9 -74380
6 -24 5 -17 -66604
-11 -6 -9 -6 -74500
-14 23 -11 14 -75426
2 3 3 1 -75272
22 12 24 9 -51514
-19 -5 -16 -5 -77800
-15 -16 -14 -11 -82580
-9 17 -8 15 -65582
18 -2 24 -9 -80796
16 -12 20 -15 -76308
-20 18 -22 11 -77142
-24 -1 -18 10 -80712
16 5 19 2 -83102
0 2 22 7 -96544
-19 1 -13 2 -79236
23 -7 19 -9 -60190
-21 17 -15 19 -70206
13 14 16 14 -73722
-10 -11 -9 -6 -89804
-13 -1 -10 1 -67968
0 -2 1 -1 -73550
-21 3 -24 3 -52584
21 9 21 11 -66278
2 -7 2 -9 -71182
17 11 18 9 -68496
-3 0 -24 4 -83748
11 23 7 18 -63324
7 12 9 17 -77996
-13 -15 -13 -21 -76692
13 -12 15 -14 -64030
-12 20 -16 24 -56306
-24 -24 19 4 -79960
-16 -11 -14 -15 -77284
-22 -6 -18 -3 -73436
-24 -24 -22 7 -77156
3 21 4 15 -65042
13 -1 14 -2 -81152
13 -14 10 -15 -66840
-9 -7 -10 -12 -86640
-12 2 -12 3 -71640
-17 9 -19 16 -75066
3 1 3 0 -71612
2 9 0 8 -69904
-12 -3 -14 -18 -99170
-1 12 1 15 -70524
-20 22 -18 20 -40264
-16 -22 -8 -22 -74676
12 3 10 11 -84126
19 2 20 -5 -82184
13 23 11 24 -51014
-1 -10 -2 -9 -66606
4 -2 6 -1 -80600
-4 7 0 11 -71742
-24 -4 -24 24 -63632
-22 2 -24 2 -45996
-21 8 -19 8 -66416
16 11 12 7 -75554
-19 20 -23 13 -74032
-2 1 -2 -1 -70546
9 -2 8 0 -76170
13 -5 11 -8 -70718
-3 5 -5 5 -70432
11 -3 11 -4 -70848
-2 -17 -2 -23 -75652
-11 5 -10 4 -69624
-23 -19 -16 -15 -65164
0 -23 -12 -23 -75500
-12 10 -13 10 -73944
-23 -2 -20 -12 -81108
-12 -18 -4 -21 -77398
-17 -16 -20 -8 -85456
-5 20 -6 20 -85122
-23 -6 -23 6 -80974
-6 19 -5 16 -67496
-10 3 -9 4 -74640
24 15 24 1 -75648
-18 -17 -24 -4 -87652
8 -4 -23 -12 -82932
14 0 13 -3 -70214
-16 -4 -14 -6 -74956
16 9 22 11 -69802
24 -4 19 -7 -60668
3 -20 5 -17 -71806
6 -16 7 -16 -66910
-11 -13 -15 -15 -81964
-21 -9 24 -17 -78286
24 1 21 -5 -67522
-5 3 -5 1 -67930
-3 24 -5 24 -63632
-19 7 -15 11 -76368
-23 13 -16 13 -69116
1 10 0 15 -78044
23 -10 19 -4 -79014
-11 9 -11 -1 -87042
13 0 9 -4 -76634
-6 9 -8 12 -76360
7 6 8 7 -72352
-20 -9 -20 1 -79448
-24 -23 2 -7 -76860
5 5 5 12 -75840
-24 11 22 10 -82180
-17 -15 -18 -24 -72094
-6 6 -6 9 -77568
-18 13 -17 20 -82430
-7 7 -11 8 -77022
-22 7 -21 0 -72070
17 17 8 23 -79328
-10 -10 -8 -12 -75906
-5 12 -7 13 -77532
-20 22 -24 20 -35198
-2 -3 1 -5 -62600
16 21 18 21 -59198
-2 -19 -1 -22 -73608
-18 17 -17 20 -64344
-1 24 3 19 -52864
17 9 22 16 -81178
-9 -5 -10 -2 -73970
22 -13 21 -15 -58062
0 5 2 5 -69964
5 -19 2 -24 -64512
-4 21 0 17 -70070
-4 10 1 9 -70468
-10 -24 -15 -24 -58930
10 7 9 0 -81666
8 -8 9 -9 -65206
9 -8 9 -12 -60370
-17 19 -19 13 -84652
-17 -6 -18 -12 -72598
-5 10 -5 7 -74566
21 -19 18 -15 -66196
20 -12 22 -19 -68280
-13 -10 -13 -11 -71140
-22 -4 -24 -19 -82726
-3 -5 -3 -4 -68244
-7 24 -6 20 -49490
8 8 5 9 -77422
2 6 3 3 -70284
19 -21 22 -20 -46892
-17 12 -3 15 -94234
9 8 10 5 -77284
-11 -24 -7 -14 -79098
21 3 24 9 -61996
1 9 2 14 -74976
23 -9 21 -19 -73630
24 -12 24 0 -64928
-9 7 -12 6 -74128
1 2 0 1 -68468
-16 -15 -17 -24 -75374
20 -9 18 -8 -78376
15 -10 21 -11 -83342
-3 -23 -11 -22 -70096
22 -11 -23 -23 -77426
-21 -2 -23 2 -67562
24 -20 6 -21 -72634
-12 -3 24 -24 -77432
-18 24 14 16 -79220
-23 -16 -20 -9 -78288
-8 24 -7 21 -46890
-17 -9 -13 -9 -80156
6 19 3 17 -68258
9 -12 11 -24 -75688
4 24 0 16 -59404
10 -14 9 -16 -58472
23 -24 24 13 -73344
0 -19 3 -21 -77656
-19 20 16 24 -75450
-18 3 -23 10 -76902
13 -18 19 -18 -74684
19 20 22 21 -35366
17 -8 13 -4 -82016
11 -4 10 -3 -75726
-8 -19 -7 -10 -73280
13 -20 3 -24 -73876
-19 3 -18 -2 -74800
-6 -3 -8 -3 -77986
-15 -17 -16 -13 -74526
-4 14 -2 9 -74240
0 18 24 23 -74214
-13 -16 -16 -16 -73030
22 -6 22 -9 -58830
-22 -7 -23 -15 -78226
-11 -17 -10 -21 -74898
5 -18 13 -22 -75534
2 1 3 3 -74420
-7 17 -4 17 -80772
16 3 16 -2 -73598
-10 -4 -8 -2 -69410
3 8 9 8 -82300
19 -18 16 -19 -66868
11 17 7 22 -66870
1 -14 -3 -13 -75136
-13 1 -11 -6 -78414
-7 -4 -8 -2 -71054
24 17 24 -7 -75766
-13 -16 -9 -14 -80358
24 8 22 15 -62314
21 3 19 6 -83120
-24 7 -21 13 -60536
5 -10 6 -15 -69884
2 3 4 3 -78026
-2 19 6 16 -72720
-19 -14 -11 -7 -98522
-7 -14 -3 -11 -79182
-23 18 -24 7 -68852
8 -21 6 -18 -70578
17 17 20 16 -68352
22 3 18 3 -70014
-4 -10 -5 -5 -77404
-3 22 -6 20 -71540
-16 -5 -15 0 -76046
-23 18 -21 12 -64454
24 0 21 8 -79880
0 11 1 11 -64282
7 7 8 3 -79392
3 -10 3 -13 -74044
15 8 16 2 -82598
-8 3 -8 2 -74994
9 -20 20 -22 -72498
0 9 23 24 -79290
24 16 21 8 -67816
16 0 12 -1 -81890
-2 -15 -3 -13 -72996
17 -24 22 -19 -51196
-1 -12 0 -11 -78170
9 14 5 23 -74504
-15 -8 -16 -1 -79938
2 14 3 15 -63800
12 1 11 6 -77468
0 7 -1 8 -71128
0 -1 0 1 -76294
-4 22 -10 24 -81326
0 -22 3 -22 -68732
14 -13 11 -21 -69244
22 8 22 3 -77054
18 0 19 0 -71620
-11 9 -11 10 -68418
23 8 24 -18 -76728
-19 6 -18 15 -75174
-7 16 -9 11 -72438
0 -19 -5 -23 -71402
-14 8 -17 17 -84192
0 1 23 3 -92784
-1 24 -9 22 -80508
-3 8 -3 6 -75324
-4 24 -19 23 -74060
12 23 9 16 -62348
-23 -5 -20 -10 -69978
17 -16 24 -12 -65058
0 -7 16 -3 -95700
24 4 22 0 -58664
7 -2 7 -5 -76428
14 24 21 14 -77296
4 -4 2 1 -80610
-11 -12 -8 -11 -80068
-15 16 -13 18 -71896
-9 -23 5 -24 -76662
24 14 15 14 -66846
-4 24 -1 23 -52666
5 15 7 13 -76472
-23 -5 -16 0 -83672
-22 -12 -18 -11 -65882
3 23 16 23 -72252
16 7 13 5 -73300
17 0 14 0 -78104
-6 -9 -7 -8 -76632
22 0 21 4 -76780
22 6 21 -2 -83400
4 17 12 24 -74500
-18 -7 -23 -7 -65540
2 -11 0 -16 -81346
-11 21 -13 17 -67784
-22 10 -23 -6 -86410
3 -4 2 -6 -71092
-20 -18 -14 -19 -67176
17 6 17 9 -71640
-20 -13 -16 -12 -74660
-11 -24 -18 -17 -77164
17 -16 19 -15 -68468
-18 -14 -17 -22 -74578
1 -10 3 -6 -76272
-8 15 -6 24 -66244
14 -17 7 -18 -72522
-6 -24 -8 -16 -67802
8 -19 -24 -20 -73828
12 14 14 17 -72858
-3 -7 -5 -8 -77950
22 -14 21 -5 -73448
-13 11 -12 11 -75422
6 -13 7 -14 -66214
21 13 23 21 -49940
-2 -1 -3 -2 -76210
15 11 24 9 -70704
16 9 13 10 -74932
19 -1 20 -5 -74296
2 -15 4 -18 -70976
-10 -12 -9 -11 -77016
-23 -21 -22 -22 -25330
-10 18 -13 22 -72292
-1 -13 -3 -13 -71264
-19 5 -15 9 -77618
18 5 18 2 -81136
-17 -19 -12 -19 -76064
0 -18 1 -23 -73340
5 -11 3 -13 -74466
5 -2 4 -3 -77834
-21 15 -23 19 -51574
-7 10 -4 12 -75944
-12 -22 -17 -24 -55034
12 -22 9 -16 -72086
-14 -24 -8 -20 -58616
10 -6 9 -8 -67326
-5 -5 -2 -6 -71954
-20 20 -19 11 -80670
-17 3 -15 6 -68370
2 10 2 6 -72104
8 -24 10 -18 -68526
-18 -1 -13 -3 -83082
-21 1 -21 2 -65848
-11 -2 -13 -3 -70326
12 22 14 21 -60532
7 -7 8 -7 -66346
-10 19 -13 20 -74854
21 5 20 9 -75172
10 0 8 1 -75886
-8 -16 -4 -17 -74364
23 -1 19 -2 -65610
6 -2 21 -6 -96898
7 -1 7 1 -68358
18 -23 19 -23 -42524
1 0 0 -3 -80712
22 -6 21 -15 -71094
-22 0 -17 -2 -77506
13 -14 19 -11 -76420
0 -10 1 -13 -76648
7 12 6 15 -75804
-3 -18 3 -13 -79394
11 24 24 16 -77612
13 -18 16 -23 -53202
-10 14 -7 13 -73274
17 12 17 19 -72686
-9 -5 -11 -8 -82006
12 12 12 22 -73578
-11 -8 -11 -5 -76108
0 -22 -2 -22 -64192
13 -22 16 -21 -56442
19 -24 15 -8 -79936
14 -21 8 -23 -62910
23 -12 23 -10 -51278
-5 -23 -3 -22 -59938
14 6 12 6 -70606
-1 -15 -2 -11 -78154
8 23 -3 20 -66822
-1 15 -1 19 -62728
2 -23 -5 -21 -75062
12 11 11 15 -64582
-22 -4 -24 -2 -49606
22 24 23 5 -63838
16 11 17 6 -76158
-14 2 -15 3 -79266
5 20 2 21 -59992
-16 -17 -16 -10 -87074
-6 0 -7 -2 -75602
24 1 24 -23 -65620
5 13 7 18 -75026
-15 -11 -17 -7 -75310
14 -3 15 -4 -80770
10 -13 12 -15 -63732
-22 -24 -23 -9 -57668
21 19 11 17 -78852
-7 6 -7 4 -69708
-9 14 -8 20 -71020
10 -19 5 -23 -72008
-8 9 -5 10 -77678
-11 -23 -10 -2 -89162
-24 -15 -22 4 -84216
1 12 -3 24 -78418
-22 -16 -17 -12 -80700
-5 -22 20 -19 -80684
-11 -5 -14 -6 -78412
-8 19 -10 17 -68610
19 2 23 1 -66854
22 20 -4 18 -82352
9 -24 12 -16 -73554
-5 24 -6 22 -42322
18 23 20 14 -56236
9 3 8 1 -71180
13 -10 10 -14 -67116
10 -9 18 -9 -86248
-10 6 -12 13 -78714
6 -20 4 -19 -72526
-21 -3 -17 -6 -82492
-4 -18 -6 -19 -72382
-16 16 -10 22 -80674
9 12 10 6 -72376
6 12 4 10 -68520
2 16 3 11 -78276
-13 -17 -8 -19 -77276
-23 24 16 24 -68626
-14 -17 -12 -22 -76718
17 1 19 6 -80912
11 -22 11 -20 -52454
-24 3 -23 17 -74160
2 -16 2 -14 -64380
-11 13 -24 18 -83386
0 -8 4 -9 -71386
-16 -12 -14 -11 -80436
-23 20 -7 24 -73646
-15 24 -14 24 -48872
18 -2 17 -5 -67264
-20 -9 -20 -16 -81634
2 3 5 -1 -82066
-12 9 -12 16 -75538
-23 4 -24 13 -60802
13 15 11 14 -69406
16 -24 14 5 -78088
10 6 9 6 -66600
8 0 8 -4 -77778
10 15 7 14 -73536
10 2 12 0 -76908
-13 11 -16 14 -70664
-8 2 -7 2 -76050
23 -10 18 -9 -70796
11 13 9 12 -69450
-1 4 -2 5 -68828
-8 -21 -8 -14 -77554
7 24 17 22 -70986
-12 -11 -9 -16 -76096
-20 1 -16 3 -72604
7 24 9 24 -47372
-15 19 -8 18 -81188
18 14 15 13 -74674
3 -8 7 -7 -71796
18 11 19 17 -71296
-5 -19 -2 -23 -67112
-19 -21 -16 -14 -77582
-5 22 -10 23 -82432
-23 9 -20 9 -54220
15 1 10 0 -81484
18 -1 17 1 -77242
-17 5 -20 8 -75404
8 12 7 12 -70860
5 10 4 12 -72842
-8 12 -11 9 -80296
-1 14 -5 14 -68156
-16 -13 -20 10 -95908
23 -5 24 2 -62828
21 8 24 20 -70684
3 -1 2 -1 -72942
-24 -17 -8 -24 -76088
16 -8 14 -8 -75580
7 -13 0 -16 -83314
-6 -10 -5 -7 -80500
0 -9 -1 -12 -79350
-2 1 -3 -15 -93674
-23 -2 -24 -15 -77542
18 -24 19 -9 -73898
-3 -9 -6 -11 -82336
-24 -24 -2 22 -81022
-1 -15 1 -18 -71752
18 -15 18 -21 -56640
-9 -3 -10 2 -68778
-20 20 -18 22 -48738
16 13 13 18 -81286
-24 0 -23 2 -52532
8 0 5 0 -80150
-24 11 -23 2 -61892
-24 13 -22 -20 -83004
-11 13 -12 9 -77936
-19 20 -13 18 -76464
0 5 2 4 -69216
-15 -7 -11 -8 -77452
-10 6 -9 9 -75674
0 -6 0 -7 -74310
15 -8 15 -11 -58680
-17 4 -14 1 -85254
