5 -24 1 -22 -74522
-3 -4 -2 -3 -78464
1 -24 4 -22 -58270
10 -8 10 -3 -77406
-4 13 -4 14 -57708
24 13 -20 12 -77248
20 -23 8 -20 -75348
-3 16 2 10 -75052
-1 21 1 21 -54358
-16 7 -15 5 -63762
-8 -7 -9 -5 -77494
6 3 6 5 -69536
5 0 5 -1 -79282
-15 17 -21 21 -79820
11 14 10 8 -68176
22 17 22 13 -64820
-24 23 1 19 -71918
13 -24 19 -23 -70740
-7 10 -3 9 -81218
16 19 14 22 -60882
-22 -12 -17 -21 -70522
21 -20 24 -14 -60916
-6 -12 -7 -12 -70654
-23 5 -22 24 -73102
-20 -22 -20 -12 -74796
-19 1 -19 0 -65728
-13 15 -10 -18 -83164
-6 22 -7 22 -70178
-7 -5 -6 -6 -77332
16 -4 16 -10 -75068
1 -12 2 -12 -63468
-4 5 -6 4 -73546
-3 -20 -3 -16 -78074
12 10 10 14 -72000
-17 -1 -17 -3 -61550
23 23 13 21 -63876
8 -9 13 -9 -77390
6 -24 5 -17 -69448
-11 -6 -9 -6 -71278
-14 23 -11 14 -74764
18 12 19 13 -66536
22 12 24 9 -58402
-19 -5 -16 -5 -73518
-15 -16 -14 -11 -69386
-9 17 -8 15 -69686
-17 -21 -13 -18 -78750
1 1 3 -2 -83662
-20 18 -22 11 -69882
23 21 -24 6 -74376
-3 -2 -2 -5 -81710
-4 -1 -2 -1 -71844
14 -24 17 -23 -65654
23 -7 19 -9 -68244
-23 14 16 -10 -91122
13 14 16 14 -68772
-11 -13 -7 -17 -73522
-15 20 -11 21 -67332
0 -2 1 -1 -72150
-21 3 -24 3 -54890
21 9 21 11 -65320
2 -7 2 -9 -62826
17 11 18 9 -72952
19 -6 19 -5 -62760
11 23 7 18 -68180
5 -22 9 -23 -60282
2 7 1 10 -71228
13 -12 15 -14 -65874
-12 20 -16 24 -59084
9 0 7 -2 -75374
-3 4 -2 2 -73312
-22 -6 -18 -3 -59466
-24 -24 -22 7 -69836
-7 -21 -5 -22 -61676
13 -1 14 -2 -71948
-13 -24 -1 -24 -58990
-15 9 -17 3 -69648
-12 2 -12 3 -63238
-17 9 -19 16 -72542
3 1 3 0 -78120
16 -3 14 -4 -66536
-13 -14 -14 -13 -68446
6 22 2 20 -60454
-20 22 -18 20 -49350
-7 17 -6 24 -58968
-19 3 -17 6 -64514
14 14 -6 -10 -94162
13 23 11 24 -52066
-1 -10 -2 -9 -72358
-2 -8 1 -8 -72076
-15 -17 -18 -14 -71032
-24 -4 -24 24 -68100
-22 2 -24 2 -48080
-21 8 -19 8 -63182
-19 -12 -21 -8 -72230
-19 20 -23 13 -70570
-2 1 -2 -1 -71188
9 -2 8 0 -74264
13 -5 11 -8 -75406
-3 5 -5 5 -77040
11 -3 11 -4 -72518
-2 -17 -2 -23 -79488
-11 5 -10 4 -65184
-23 -19 -16 -15 -60090
11 -21 12 -23 -53824
-12 10 -13 10 -74074
18 -10 19 -8 -67190
-23 -5 -24 -10 -53356
-17 -16 -20 -8 -81862
2 -21 6 -23 -76990
-23 -6 -23 6 -69602
-6 19 -5 16 -71100
-10 3 -9 4 -69292
-10 15 24 10 -84882
-13 21 -16 18 -66608
23 0 24 -3 -51654
14 0 13 -3 -72490
-16 -4 -14 -6 -70900
16 9 22 11 -71686
24 -4 19 -7 -72498
3 -20 5 -17 -72374
6 -16 7 -16 -65728
11 -13 20 -14 -76814
-21 -9 24 -17 -77870
24 1 21 -5 -78772
-5 3 -5 1 -69382
-3 24 -5 24 -60756
-19 7 -15 11 -72160
-23 13 -16 13 -68934
22 -21 21 -10 -80236
14 0 15 3 -75450
-11 0 -11 -1 -57514
13 0 9 -4 -77784
-6 9 -8 12 -70576
7 6 8 7 -63664
-20 -9 -20 1 -64002
-24 -23 2 -7 -73194
-10 0 -11 -1 -64304
-8 17 -8 15 -70222
-17 -15 -18 -24 -68750
-4 10 -1 9 -80272
-18 13 -17 20 -67988
-7 7 -11 8 -70470
-22 7 -21 0 -64396
0 -3 0 -2 -78712
-10 -10 -8 -12 -68384
17 1 24 3 -87410
-20 22 -24 20 -41576
-2 -3 1 -5 -73974
16 21 18 21 -68194
-2 -19 -1 -22 -73062
-18 17 -17 20 -61278
-1 24 3 19 -57142
1 5 0 3 -73600
-9 -5 -10 -2 -71930
22 -13 21 -15 -64776
0 5 2 5 -72242
5 -19 2 -24 -64012
-4 21 0 17 -72720
12 4 15 11 -81956
-10 -24 -15 -24 -57550
24 -23 -4 -21 -68678
8 -8 9 -9 -71190
9 -8 9 -12 -71602
-8 -22 -5 -18 -66788
-17 -6 -18 -12 -73838
-5 10 -5 7 -60964
21 -19 18 -15 -70184
20 -12 22 -19 -75096
-13 -10 -13 -11 -62864
20 5 21 6 -71232
-3 -5 -3 -4 -76196
-7 24 -6 20 -50836
8 8 5 9 -71650
2 6 3 3 -77190
19 -21 22 -20 -53488
-15 9 -16 12 -65780
9 8 10 5 -72952
-1 19 1 11 -70518
21 3 24 9 -65166
1 9 2 14 -55668
23 -9 21 -19 -81716
24 -12 24 0 -68176
-9 7 -12 6 -71208
1 2 0 1 -76996
-15 22 -22 23 -59326
20 -9 18 -8 -74264
-4 17 5 24 -71674
-2 2 1 3 -77164
-20 6 -18 5 -65086
-21 -2 -23 2 -64352
24 -20 6 -21 -76940
-12 -3 24 -24 -80966
-18 24 14 16 -75160
-23 -16 -20 -9 -69836
-8 24 -7 21 -47640
-17 -9 -13 -9 -72076
6 19 3 17 -70176
9 -12 11 -24 -83672
4 24 0 16 -66518
10 -14 9 -16 -68506
23 -24 24 13 -73514
-11 -7 -13 -7 -70588
-19 20 -1 24 -74300
-15 6 21 -9 -89696
-16 -17 -15 -14 -74646
19 20 22 21 -39630
-5 -15 -4 -17 -76406
11 -4 10 -3 -71272
-8 -19 -7 -10 -72318
13 -20 3 -24 -75398
22 22 24 17 -42960
-6 -3 -8 -3 -74338
13 10 14 19 -78632
17 19 15 15 -70758
0 18 24 23 -63802
-13 -16 -16 -16 -72496
22 -6 22 -9 -58044
-22 -7 -23 -15 -71578
-4 -14 -7 -15 -75492
5 -18 13 -22 -79486
2 1 3 3 -76206
-7 17 -4 17 -69468
16 3 16 -2 -75112
-10 -4 -8 -2 -66034
2 11 3 10 -64874
19 -18 16 -19 -66682
11 17 7 22 -63892
1 -14 -3 -13 -77332
-11 -23 -24 -22 -61220
-7 -4 -8 -2 -73412
24 17 24 -7 -69378
-13 -16 -9 -14 -68476
24 8 22 15 -68810
21 7 18 8 -73340
-24 7 -21 13 -57836
5 -10 6 -15 -72198
10 17 9 12 -70892
19 16 19 15 -64230
11 -13 8 -16 -73804
19 18 17 24 -50840
-23 18 -24 7 -72302
-1 -17 1 -15 -68688
17 17 20 16 -68708
22 3 18 3 -83674
-4 -10 -5 -5 -75448
-3 22 -6 20 -71568
-16 -5 -15 0 -68006
-23 18 -21 12 -62046
24 0 21 8 -68412
0 11 1 11 -62098
18 9 19 7 -76336
3 -10 3 -13 -68536
15 8 16 2 -77396
-8 3 -8 2 -70246
-14 -5 -13 -11 -76488
24 9 18 24 -80722
24 16 21 8 -66258
11 -8 12 -9 -71500
-2 -15 -3 -13 -72734
17 -24 22 -19 -57118
-1 -12 0 -11 -72038
9 14 5 23 -66920
-15 -9 -12 -4 -75186
2 14 3 15 -65414
12 1 11 6 -70362
0 7 -1 8 -75766
-12 -4 -13 -3 -68426
-4 22 -10 24 -68410
0 -22 3 -22 -75070
14 -13 11 -21 -79434
22 8 22 3 -66446
18 0 19 0 -72248
-11 9 -11 10 -64672
23 8 24 -18 -76374
24 -1 21 -7 -76528
-7 16 -9 11 -69278
0 -19 -23 -23 -73654
6 -7 5 -8 -63828
12 10 10 10 -72580
-1 24 -9 22 -76602
-3 8 -3 6 -70086
1 0 1 -1 -81778
12 23 9 16 -70320
-23 -5 -20 -10 -64220
17 -16 24 -12 -73984
11 -12 15 -9 -76282
24 4 22 0 -60198
7 -2 7 -5 -68978
-7 -7 -7 -11 -74736
8 -1 17 11 -96028
-18 9 -16 15 -74396
24 7 -14 -5 -89628
-22 -1 -19 -1 -66946
24 14 15 14 -67448
-4 24 -1 23 -52238
5 15 7 13 -61306
-10 21 -7 21 -64478
-22 -12 -18 -11 -57266
14 23 16 22 -62858
16 7 13 5 -73494
17 0 14 0 -67768
19 24 17 13 -72042
22 0 21 4 -63982
20 -10 21 -12 -64206
4 17 12 24 -76184
-18 -7 -23 -7 -60438
9 -11 12 -14 -76304
-11 21 -13 17 -64664
2 13 4 14 -65342
3 -4 2 -6 -67204
-20 -18 -14 -19 -68970
17 6 17 9 -71884
-20 -13 -16 -12 -68318
-11 -24 -18 -17 -71420
17 -16 19 -15 -68224
-18 -14 -17 -22 -75448
-23 -6 -23 -10 -59968
12 16 12 19 -62702
14 -17 7 -18 -74326
-6 -24 -8 -16 -70448
8 -19 -24 -20 -75022
12 14 14 17 -76812
-3 -7 -5 -8 -72330
-17 14 -23 17 -70700
-13 11 -12 11 -73734
6 -13 7 -14 -70922
21 13 23 21 -61534
-2 -1 -3 -2 -78296
17 18 10 17 -78030
16 9 13 10 -68802
-5 -10 -8 -13 -78248
2 -15 4 -18 -80404
-10 -12 -9 -11 -63432
-23 -21 -22 -22 -25888
-10 18 -13 22 -69838
-1 -13 -3 -13 -75006
21 0 24 -9 -69250
18 5 18 2 -67978
-15 3 -12 6 -70806
0 -18 1 -23 -74448
5 -11 3 -13 -65794
1 -15 4 -18 -80538
-21 15 -23 19 -51740
-7 10 -4 12 -72624
-12 -22 -17 -24 -63942
12 -22 9 -16 -80194
-14 -24 -8 -20 -65180
10 -6 9 -8 -71096
-5 -5 -2 -6 -74332
-8 -2 -8 3 -69622
-16 -1 -15 -1 -67904
2 10 2 6 -68736
8 -24 10 -18 -73650
-11 6 -11 10 -70620
-21 1 -21 2 -67128
-11 -2 -13 -3 -67424
12 22 14 21 -66998
7 -7 8 -7 -63962
-10 19 -13 20 -66562
21 5 20 9 -72534
10 0 8 1 -74786
-4 10 -2 10 -77270
23 -1 19 -2 -79092
-23 0 -20 4 -69638
7 -1 7 1 -76572
18 -23 19 -23 -51044
0 1 1 1 -77456
22 -6 21 -15 -72990
-15 3 -17 5 -71952
-15 -15 -15 -16 -66746
0 -10 1 -13 -69496
16 -13 18 -15 -68522
-4 -18 -3 -13 -72288
11 24 24 16 -79510
13 -18 16 -23 -68432
-10 14 -7 13 -67496
0 -18 -1 -20 -75488
-9 -5 -11 -8 -73958
9 -6 9 -12 -76290
-11 -8 -11 -5 -72966
0 -22 -2 -22 -65814
13 -22 16 -21 -70690
-18 -1 -19 -1 -72388
14 -21 8 -23 -66720
23 -12 23 -10 -54016
-5 -23 -3 -22 -54914
14 6 12 6 -67024
-18 -8 -18 -13 -79212
-12 -19 -16 -24 -66724
-1 15 -1 19 -63968
2 -23 -5 -21 -74266
12 11 11 15 -68126
-22 -4 -24 -2 -45894
22 24 23 5 -75280
4 -19 4 -17 -68664
-14 2 -15 3 -74412
5 20 2 21 -54302
24 6 21 5 -52266
10 3 6 7 -85378
24 1 24 -23 -69840
5 13 7 18 -68288
-15 -11 -17 -7 -80278
14 -3 15 -4 -72432
10 -13 12 -15 -70386
-22 -24 -23 -9 -61160
3 5 5 4 -71640
-7 6 -7 4 -65790
-9 14 -8 20 -76182
10 -19 5 -23 -73298
-8 9 -5 10 -72414
19 24 8 19 -69370
-24 -15 -22 4 -71608
-3 22 3 19 -68104
2 -24 0 -23 -65822
-2 11 0 13 -61538
4 7 5 5 -77530
-8 19 -10 17 -68076
19 2 23 1 -75432
-12 0 -15 2 -75256
9 -24 12 -16 -82628
-5 24 -6 22 -44352
18 23 20 14 -73670
9 3 8 1 -67238
13 -10 10 -14 -74750
1 16 0 22 -63776
-8 -19 -13 -20 -68666
6 -20 4 -19 -73482
-21 -3 -17 -6 -73808
-4 -18 -6 -19 -70764
-3 -22 -1 -20 -65688
9 12 10 6 -69578
13 -7 13 -3 -76928
16 -8 20 -9 -75144
-13 -17 -8 -19 -71166
-23 24 16 24 -63106
-14 -17 -12 -22 -64558
-22 13 -20 6 -70546
11 -22 11 -20 -64694
-24 3 -23 17 -78078
2 -16 2 -14 -62818
15 15 17 7 -77470
0 -8 4 -9 -68374
-16 -12 -14 -11 -68028
-23 20 -7 24 -74434
-15 24 -14 24 -52508
18 -2 17 -5 -72992
-20 -9 -20 -16 -77888
20 -3 24 -4 -59090
-12 9 -12 16 -69258
-23 4 -24 13 -65466
13 15 11 14 -73744
16 -24 14 5 -79080
10 6 9 6 -68218
17 -24 14 -14 -81386
10 15 7 14 -75340
10 2 12 0 -73260
-13 11 -16 14 -68892
-8 2 -7 2 -72142
23 -10 18 -9 -71488
11 13 9 12 -75576
5 4 6 7 -73238
-8 -21 -8 -14 -75830
7 24 17 22 -70834
7 -24 -4 -24 -78692
-20 1 -16 3 -71422
7 24 9 24 -40650
-21 -24 -18 -14 -66052
16 -21 17 -17 -63752
-20 18 -17 19 -69564
15 -14 17 -9 -74150
-5 -19 -2 -23 -69666
18 4 15 0 -78916
-11 -18 -11 -23 -50792
-23 9 -20 9 -51756
-2 1 -1 -3 -82940
18 -1 17 1 -67712
-16 15 -12 15 -72138
8 12 7 12 -67444
5 0 4 2 -76380
7 -3 4 -3 -73198
-4 -15 -7 -8 -78078
-24 13 -20 24 -61064
23 -5 24 2 -67944
22 8 24 19 -72844
3 -1 2 -1 -69196
-24 -17 -8 -24 -75854
16 -8 14 -8 -63126
-5 -9 -6 -11 -78292
-6 -10 -5 -7 -79746
0 -9 -1 -12 -71608
-7 10 -8 14 -68142
-19 -7 -24 18 -85238
18 -24 19 -9 -81908
-20 -22 18 -22 -75902
-4 15 -1 18 -70402
-8 -17 -4 -19 -75958
18 -15 18 -21 -70630
-16 11 -14 13 -70966
-20 20 -18 22 -56452
20 20 16 20 -71842
-24 0 -23 2 -52638
8 0 5 0 -77424
-24 11 -23 2 -59030
-24 13 -22 -20 -76704
19 -16 23 -16 -54728
-19 20 -13 18 -78976
0 5 2 4 -74950
24 -5 -20 -23 -75890
-10 6 -9 9 -71424
0 -6 0 -7 -70030
15 -8 15 -11 -67204
-10 -15 -13 -20 -71634
