5 -24 1 -22 -74818
-3 -4 -2 -3 -81046
1 -24 4 -22 -57348
10 -8 10 -3 -76994
-4 13 -4 14 -58398
24 13 -20 12 -74244
20 -23 8 -20 -76064
-3 16 2 10 -77600
-1 21 1 21 -60862
-16 7 -15 5 -63088
-8 -7 -9 -5 -78882
6 3 6 5 -68330
5 0 5 -1 -77498
-15 17 -21 21 -79696
11 14 10 8 -64760
22 17 22 13 -64790
-24 23 1 19 -73392
13 -24 19 -23 -71210
-7 10 -3 9 -81774
16 19 14 22 -53268
-22 -12 -17 -21 -71304
21 -20 24 -14 -59552
-6 -12 -7 -12 -76668
-23 5 -22 24 -74204
-20 -22 -20 -12 -75156
-19 1 -19 0 -65040
-4 -11 -15 -18 -95068
-6 22 -7 22 -71226
-7 -5 -6 -6 -80548
16 -4 16 -10 -71820
1 -12 2 -12 -63856
-4 5 -6 4 -74828
-3 -20 -3 -16 -78594
12 10 10 14 -72672
-17 -1 -17 -3 -60582
23 23 13 21 -63130
8 -9 13 -9 -80152
6 -24 5 -17 -70092
-11 -6 -9 -6 -73252
-14 23 -11 14 -73270
18 12 19 13 -65248
22 12 24 9 -55046
-19 -5 -16 -5 -73818
-15 -16 -14 -11 -70780
-9 17 -8 15 -69616
-17 -21 -13 -18 -79202
20 -8 -1 -12 -86908
-20 18 -22 11 -70126
23 21 -24 6 -74326
-3 -2 -2 -5 -85098
-4 -1 -2 -1 -73672
14 -24 17 -23 -65838
23 -7 19 -9 -64252
10 13 -16 8 -86796
13 14 16 14 -66710
-11 -13 -7 -17 -74432
-15 20 -11 21 -66606
0 -2 1 -1 -73740
-21 3 -24 3 -61224
21 9 21 11 -64048
2 -7 2 -9 -67030
17 11 18 9 -70188
19 -6 19 -5 -62252
11 23 7 18 -66852
5 -22 9 -23 -60188
2 7 1 10 -71154
13 -12 15 -14 -67118
-12 20 -16 24 -57610
9 0 7 -2 -75964
-3 4 -2 2 -74100
-22 -6 -18 -3 -61266
-24 -24 -22 7 -69930
-7 -21 -5 -22 -62316
13 -1 14 -2 -71970
-13 -24 -1 -24 -61526
-15 9 -17 3 -70400
-12 2 -12 3 -63338
-17 9 -19 16 -72610
3 1 3 0 -76646
16 -3 14 -4 -66442
-13 -14 -14 -13 -67898
6 22 2 20 -61368
-20 22 -18 20 -49602
-7 17 -6 24 -57912
-19 3 -17 6 -71534
-15 14 -6 16 -78190
13 23 11 24 -51486
-1 -10 -2 -9 -71402
-2 -8 1 -8 -72062
-15 -17 -18 -14 -71316
-24 -4 -24 24 -67992
-22 2 -24 2 -51916
-21 8 -19 8 -74482
4 18 -6 21 -85342
-19 20 -23 13 -70528
-2 1 -2 -1 -70208
9 -2 8 0 -73416
13 -5 11 -8 -75272
-3 5 -5 5 -78716
11 -3 11 -4 -71344
-2 -17 -2 -23 -79852
-11 5 -10 4 -67526
-23 -19 -16 -15 -59658
11 -21 12 -23 -53036
-12 10 -13 10 -75506
-22 -2 2 -8 -96150
-23 -5 -24 -10 -53120
-17 -16 -20 -8 -76980
2 -21 6 -23 -76838
-23 -6 -23 6 -67732
-6 19 -5 16 -71816
-10 3 -9 4 -70476
-10 15 24 10 -80648
-13 21 -16 18 -65962
23 0 24 -3 -50800
14 0 13 -3 -71178
-16 -4 -14 -6 -71676
16 9 22 11 -69308
24 -4 19 -7 -69764
3 -20 5 -17 -72196
6 -16 7 -16 -66706
11 -13 20 -14 -78736
-21 -9 24 -17 -77422
24 1 21 -5 -74712
-5 3 -5 1 -69016
-3 24 -5 24 -62512
-19 7 -15 11 -73154
-23 13 -16 13 -70504
22 -21 21 -10 -79888
14 0 15 3 -71738
-11 0 -11 -1 -57214
13 0 9 -4 -77342
-6 9 -8 12 -70272
7 6 8 7 -62582
-20 -9 -20 1 -64156
-24 -23 2 -7 -80930
-10 0 -11 -1 -65262
-8 17 -8 15 -70878
-17 -15 -18 -24 -69082
-4 10 -1 9 -81344
-18 13 -17 20 -68114
-7 7 -11 8 -73474
-22 7 -21 0 -64462
0 -3 0 -2 -81820
-10 -10 -8 -12 -69390
1 0 0 -10 -95672
-20 22 -24 20 -41162
-2 -3 1 -5 -73962
16 21 18 21 -66504
-2 -19 -1 -22 -73146
-18 17 -17 20 -60374
-1 24 3 19 -60246
1 5 0 3 -73608
-9 -5 -10 -2 -72706
22 -13 21 -15 -62620
0 5 2 5 -73042
5 -19 2 -24 -63826
-4 21 0 17 -76424
12 -6 15 -8 -78468
-10 -24 -15 -24 -59152
24 -23 -4 -21 -69514
8 -8 9 -9 -71966
9 -8 9 -12 -72382
-8 -22 -5 -18 -69158
-17 -6 -18 -12 -71632
-5 10 -5 7 -61396
21 -19 18 -15 -68274
20 -12 22 -19 -74840
-13 -10 -13 -11 -61718
20 5 21 6 -66870
-3 -5 -3 -4 -80344
-7 24 -6 20 -51158
8 8 5 9 -71648
2 6 3 3 -76558
19 -21 22 -20 -51976
-15 9 -16 12 -65342
9 8 10 5 -70268
-1 19 1 11 -71010
21 3 24 9 -64346
1 9 2 14 -54790
23 -9 21 -19 -80444
24 -12 24 0 -66064
-9 7 -12 6 -75204
1 2 0 1 -76760
-15 22 -22 23 -58586
20 -9 18 -8 -73616
-4 17 5 24 -74678
-2 2 1 3 -78390
-20 6 -18 5 -72448
-21 -2 -23 2 -64512
24 -20 6 -21 -77522
-12 -3 24 -24 -80204
-18 24 14 16 -74470
-23 -16 -20 -9 -68784
-8 24 -7 21 -48026
-17 -9 -13 -9 -72314
6 19 3 17 -71310
9 -12 11 -24 -83590
4 24 0 16 -67598
10 -14 9 -16 -67876
23 -24 24 13 -72084
-11 -7 -13 -7 -71318
-19 20 -1 24 -75546
-18 4 0 -9 -103520
-16 -17 -15 -14 -75674
19 20 22 21 -38566
-5 -15 -4 -17 -76018
11 -4 10 -3 -70998
-8 -19 -7 -10 -73276
13 -20 3 -24 -75880
22 22 24 17 -40186
-6 -3 -8 -3 -77334
13 10 14 19 -78052
17 19 15 15 -70030
0 18 24 23 -63382
-13 -16 -16 -16 -72728
22 -6 22 -9 -55062
-22 -7 -23 -15 -68646
-4 -14 -7 -15 -83118
5 -18 13 -22 -79456
2 1 3 3 -77126
-7 17 -4 17 -71074
16 3 16 -2 -73194
-10 -4 -8 -2 -67026
2 11 3 10 -65398
19 -18 16 -19 -66930
11 17 7 22 -63028
1 -14 -3 -13 -76884
-11 -23 -24 -22 -61170
-7 -4 -8 -2 -75110
24 17 24 -7 -67510
-13 -16 -9 -14 -74992
24 8 22 15 -67000
21 7 18 8 -69842
-24 7 -21 13 -59554
5 -10 6 -15 -72774
10 17 9 12 -70282
19 16 19 15 -63858
11 -13 8 -16 -73562
-7 -14 -3 -10 -87912
-23 18 -24 7 -72758
-1 -17 1 -15 -70018
17 17 20 16 -66364
22 3 18 3 -73452
-4 -10 -5 -5 -77118
-3 22 -6 20 -72342
-16 -5 -15 0 -68014
-23 18 -21 12 -63222
24 0 21 8 -66198
0 11 1 11 -64204
18 9 19 7 -73688
3 -10 3 -13 -68900
15 8 16 2 -72348
-8 3 -8 2 -69440
-14 -5 -13 -11 -75326
24 9 18 24 -77226
24 16 21 8 -66144
11 -8 12 -9 -76848
-2 -15 -3 -13 -72566
17 -24 22 -19 -56630
-1 -12 0 -11 -71974
9 14 5 23 -66718
-15 -9 -12 -4 -75118
2 14 3 15 -66930
12 1 11 6 -68646
0 7 -1 8 -77666
-12 -4 -13 -3 -69804
-4 22 -10 24 -69406
0 -22 3 -22 -74344
14 -13 11 -21 -79664
22 8 22 3 -64826
18 0 19 0 -67022
-11 9 -11 10 -63288
23 8 24 -18 -73624
24 -1 21 -7 -74362
-7 16 -9 11 -71348
0 -19 -23 -23 -76544
6 -7 5 -8 -67568
12 10 10 10 -70258
-1 24 -9 22 -78286
-3 8 -3 6 -70190
1 0 1 -1 -79336
12 23 9 16 -68990
-23 -5 -20 -10 -62838
17 -16 24 -12 -71008
11 -12 15 -9 -77816
24 4 22 0 -56082
7 -2 7 -5 -69870
-7 -7 -7 -11 -70566
-22 3 -18 4 -90864
-18 9 -16 15 -74024
4 -3 -17 -22 -91586
-22 -1 -19 -1 -73576
24 14 15 14 -64968
-4 24 -1 23 -55390
5 15 7 13 -61486
-10 21 -7 21 -66608
-22 -12 -18 -11 -56524
14 23 16 22 -60246
16 7 13 5 -62332
17 0 14 0 -66516
19 24 17 13 -67586
22 0 21 4 -62156
20 -10 21 -12 -62552
4 17 12 24 -74702
-18 -7 -23 -7 -60038
9 -11 12 -14 -78054
-11 21 -13 17 -66622
2 13 4 14 -66642
3 -4 2 -6 -74650
-20 -18 -14 -19 -68094
17 6 17 9 -65640
-20 -13 -16 -12 -68428
-11 -24 -18 -17 -72514
17 -16 19 -15 -67802
-18 -14 -17 -22 -75568
-23 -6 -23 -10 -59166
12 16 12 19 -60958
14 -17 7 -18 -74556
-6 -24 -8 -16 -70324
8 -19 -24 -20 -77064
12 14 14 17 -76072
-3 -7 -5 -8 -73678
-17 14 -23 17 -72216
-13 11 -12 11 -74658
6 -13 7 -14 -72284
21 13 23 21 -60026
-2 -1 -3 -2 -79748
17 18 10 17 -77626
16 9 13 10 -68164
-5 -10 -8 -13 -85778
2 -15 4 -18 -81854
-10 -12 -9 -11 -68772
-23 -21 -22 -22 -27514
-10 18 -13 22 -68946
-1 -13 -3 -13 -75650
21 0 24 -9 -68950
18 5 18 2 -64016
-15 3 -12 6 -71894
0 -18 1 -23 -75010
5 -11 3 -13 -67006
1 -15 4 -18 -81926
-21 15 -23 19 -52266
-7 10 -4 12 -73932
-12 -22 -17 -24 -63986
12 -22 9 -16 -79850
-14 -24 -8 -20 -68048
10 -6 9 -8 -71782
-5 -5 -2 -6 -78646
-8 -2 -8 3 -69196
-16 -1 -15 -1 -70730
2 10 2 6 -68202
8 -24 10 -18 -74004
-11 6 -11 10 -68560
-21 1 -21 2 -67514
-11 -2 -13 -3 -68546
12 22 14 21 -65698
7 -7 8 -7 -65128
-10 19 -13 20 -67364
21 5 20 9 -69600
10 0 8 1 -74350
-4 10 -2 10 -78740
23 -1 19 -2 -71620
-23 0 -20 4 -75344
7 -1 7 1 -75634
18 -23 19 -23 -50134
0 1 1 1 -76842
22 -6 21 -15 -68298
-15 3 -17 5 -72472
-15 -15 -15 -16 -67216
0 -10 1 -13 -68932
16 -13 18 -15 -68522
-4 -18 -3 -13 -75644
11 24 24 16 -75272
13 -18 16 -23 -67784
-10 14 -7 13 -70376
0 -18 -1 -20 -76132
-9 -5 -11 -8 -74030
9 -6 9 -12 -77428
-11 -8 -11 -5 -72602
0 -22 -2 -22 -66094
13 -22 16 -21 -70714
-18 -1 -19 -1 -79464
14 -21 8 -23 -66660
23 -12 23 -10 -51370
-5 -23 -3 -22 -55654
14 6 12 6 -64686
-18 -8 -18 -13 -75138
-12 -19 -16 -24 -67220
-1 15 -1 19 -64154
2 -23 -5 -21 -74392
12 11 11 15 -68740
-22 -4 -24 -2 -46324
22 24 23 5 -73478
4 -19 4 -17 -69606
-14 2 -15 3 -76058
5 20 2 21 -59332
24 6 21 5 -47958
10 3 6 7 -83682
24 1 24 -23 -68364
5 13 7 18 -68166
-15 -11 -17 -7 -77426
14 -3 15 -4 -75088
10 -13 12 -15 -71976
-22 -24 -23 -9 -60892
3 5 5 4 -69324
-7 6 -7 4 -64974
-9 14 -8 20 -77136
10 -19 5 -23 -73866
-8 9 -5 10 -75124
19 24 8 19 -69176
-24 -15 -22 4 -71656
-3 22 5 19 -78718
2 -24 0 -23 -65360
-2 11 0 13 -61992
4 7 5 5 -75686
-8 19 -10 17 -70580
19 2 23 1 -69078
-12 0 -15 2 -78086
9 -24 12 -16 -82006
-5 24 -6 22 -44042
18 23 20 14 -66470
9 3 8 1 -65854
13 -10 10 -14 -75050
1 16 0 22 -64364
-8 -19 -13 -20 -73022
6 -20 4 -19 -73694
-21 -3 -17 -6 -75510
-4 -18 -6 -19 -73888
-3 -22 -1 -20 -66254
9 12 10 6 -66968
13 -7 13 -3 -76278
16 -8 20 -9 -74340
-13 -17 -8 -19 -73066
-23 24 16 24 -62556
-14 -17 -12 -22 -64878
-22 13 -20 6 -70688
11 -22 11 -20 -65138
-24 3 -23 17 -79992
2 -16 2 -14 -63984
15 15 17 7 -75896
0 -8 4 -9 -67528
-16 -12 -14 -11 -68622
-23 20 -7 24 -73860
-15 24 -14 24 -51788
18 -2 17 -5 -71322
-20 -9 -20 -16 -75054
20 -3 24 -4 -56514
-12 9 -12 16 -69016
-23 4 -24 13 -66286
13 15 11 14 -71162
16 -24 14 5 -78938
10 6 9 6 -67966
17 -24 14 -14 -80756
10 15 7 14 -72882
10 2 12 0 -72554
-13 11 -16 14 -65546
-8 2 -7 2 -74468
23 -10 18 -9 -69822
11 13 9 12 -71542
5 4 6 7 -73126
-8 -21 -8 -14 -75532
7 24 17 22 -69422
7 -24 -4 -24 -78398
-20 1 -16 3 -84514
7 24 9 24 -39656
-21 -24 -18 -14 -65822
16 -21 17 -17 -63648
-20 18 -17 19 -67706
15 -14 17 -9 -72294
-5 -19 -2 -23 -69594
18 4 15 0 -72602
-11 -18 -11 -23 -51156
-23 9 -20 9 -58926
-2 1 -1 -3 -82498
18 -1 17 1 -67150
-18 5 -21 4 -89228
8 12 7 12 -66328
5 0 4 2 -71004
7 -3 4 -3 -73672
-4 -15 -7 -8 -77738
-24 13 -20 24 -60596
23 -5 24 2 -65026
22 8 24 19 -72128
3 -1 2 -1 -66662
-24 -17 -8 -24 -76650
16 -8 14 -8 -67958
-11 -1 15 2 -88090
-6 -10 -5 -7 -74824
0 -9 -1 -12 -71392
-7 10 -8 14 -67382
-19 -2 -24 18 -85552
18 -24 19 -9 -82206
-20 -22 18 -22 -77432
-4 15 -1 18 -70564
-8 -17 -4 -19 -76798
18 -15 18 -21 -70764
-16 11 -14 13 -69382
-20 20 -18 22 -54910
20 20 16 20 -70502
-24 0 -23 2 -52278
8 0 5 0 -78024
-24 11 -23 2 -59836
-24 13 -22 -20 -74028
19 -16 23 -16 -52446
-19 20 -13 18 -76254
0 5 2 4 -75006
24 -5 -20 -23 -77392
-10 6 -9 9 -71828
0 -6 0 -7 -78398
15 -8 15 -11 -63666
-10 -15 -13 -20 -74368
