5 -24 1 -22 -69099
1 20 1 13 -67685
1 -24 4 -22 -53875
10 -8 10 -3 -72883
-4 13 -4 14 -58603
24 13 -20 12 -69753
20 -23 8 -20 -69305
11 -4 9 -4 -66445
-1 21 1 21 -68357
-16 7 -15 5 -65093
-5 8 -6 9 -70145
6 3 6 5 -74411
1 7 2 0 -82965
-16 21 -19 23 -58991
11 14 10 8 -80963
22 17 22 13 -59953
-20 -2 -19 -7 -65375
13 -24 19 -23 -67779
2 18 -1 19 -66891
16 19 14 22 -62757
-2 -21 -2 -20 -61173
21 -20 24 -14 -57565
-6 -12 -7 -12 -66975
-23 5 -22 24 -70797
-16 17 -16 11 -66441
-19 1 -19 0 -58497
-13 1 -11 0 -66657
-6 22 -7 22 -63331
-7 -5 -6 -6 -74267
16 -4 16 -10 -75297
1 -12 2 -12 -65667
-15 -16 -14 -24 -65275
-3 3 3 10 -91335
-12 -19 -15 -21 -76609
-17 -1 -17 -3 -57223
23 23 13 21 -65413
13 12 12 10 -73067
6 -24 5 -17 -69835
-11 -6 -9 -6 -71653
0 22 -5 20 -73449
18 12 19 13 -62617
22 12 24 9 -59719
-19 -5 -16 -5 -71965
10 17 7 23 -67475
-9 17 -8 15 -66891
4 -15 8 -13 -76695
-12 -21 -9 -20 -70867
-20 18 -22 11 -68815
-18 -17 -22 -21 -67701
22 7 19 7 -69935
-4 -1 -2 -1 -63347
14 -24 17 -23 -64693
23 -7 19 -9 -70347
15 4 17 6 -72121
13 14 16 14 -64019
-4 -24 -2 -23 -58619
-15 20 -11 21 -69319
0 -2 1 -1 -67137
-21 3 -24 3 -71707
21 9 21 11 -66201
2 -7 2 -9 -61811
17 11 18 9 -75903
19 -6 19 -5 -64891
11 23 7 18 -58123
5 -22 9 -23 -53387
0 12 0 14 -65135
13 -12 15 -14 -80343
-12 20 -16 24 -55557
9 0 7 -2 -77173
-3 4 -2 2 -71137
-22 -6 -18 -3 -76953
-24 -24 -22 7 -62093
-7 -21 -5 -22 -63005
13 -1 14 -2 -80635
-13 -24 -1 -24 -64137
23 -4 19 -4 -70313
-12 2 -12 3 -67911
-17 9 -19 16 -71927
3 1 3 0 -68805
16 -3 14 -4 -68461
-13 -14 -14 -13 -68435
6 22 2 20 -57345
-20 22 -18 20 -56245
-7 17 -6 24 -66601
-19 3 -17 6 -63825
-10 2 -12 -1 -72671
13 23 11 24 -39771
-1 -10 -2 -9 -64277
-12 23 -16 22 -64859
-15 -17 -18 -14 -69495
-24 -4 -24 24 -64767
-22 2 -24 2 -66695
-21 8 -19 8 -66619
-19 -12 -21 -8 -76869
-19 20 -23 13 -72223
-2 1 -2 -1 -67725
9 -2 8 0 -67639
15 -9 13 -7 -73681
-3 14 -7 7 -88491
11 -3 11 -4 -72571
16 22 24 24 -48053
-11 5 -10 4 -65753
-23 -19 -16 -15 -79467
11 -21 12 -23 -47159
-2 -6 1 -6 -66201
18 -10 19 -8 -69635
-23 -5 -24 -10 -59473
2 -20 1 -18 -72905
24 -18 24 -2 -73413
-9 11 -14 14 -75861
11 -12 10 -14 -67657
-10 3 -9 4 -67679
-12 6 -12 9 -64813
-13 21 -16 18 -70897
23 0 24 -3 -65041
14 0 13 -3 -69363
-16 -4 -14 -6 -69599
-22 -12 -20 -13 -66187
24 -4 19 -7 -71985
-21 2 -19 11 -70917
6 -16 7 -16 -69347
-21 3 -23 2 -70235
-21 -9 24 -17 -71695
7 15 9 14 -61459
-5 3 -5 1 -69329
-3 24 -5 24 -57303
-12 8 -8 -20 -81609
-23 13 -16 13 -70369
22 -21 21 -10 -71265
24 0 24 -23 -67339
-11 0 -11 -1 -63641
12 19 14 15 -71905
-6 9 -8 12 -69969
7 6 8 7 -64843
14 -14 15 -14 -69891
-24 -23 2 -7 -71607
16 -16 11 -14 -78843
-8 17 -8 15 -64675
23 5 24 6 -56499
-4 10 -1 9 -72103
-16 23 -19 15 -75655
-7 7 -11 8 -71077
-1 12 0 10 -61959
0 -3 0 -2 -60905
-10 -10 -8 -12 -74733
-20 -20 -18 -19 -66639
-20 22 -24 20 -47503
-2 -3 1 -5 -61345
16 21 18 21 -61579
13 -3 11 -1 -81359
-18 17 -17 20 -69039
-1 24 3 19 -60723
1 5 0 3 -77505
-9 -5 -10 -2 -71085
22 -13 21 -15 -62695
14 -19 13 -17 -64701
5 -19 2 -24 -60425
5 20 3 22 -60473
-5 -24 -6 -19 -56079
-10 -24 -15 -24 -57989
24 -23 -4 -21 -60169
8 -8 9 -9 -69733
9 -8 9 -12 -68575
-13 7 -15 8 -72649
-17 -6 -18 -12 -73457
-5 10 -5 7 -67117
21 -19 18 -15 -65551
-23 -1 -22 -1 -68867
-13 -10 -13 -11 -65817
20 5 21 6 -74219
5 9 6 12 -68833
-7 24 -6 20 -64695
4 11 5 7 -64681
-8 16 -8 19 -68605
19 -21 22 -20 -51317
-15 9 -16 12 -70321
9 8 10 5 -70169
6 14 5 15 -62905
21 3 24 9 -73759
1 9 2 14 -73081
-6 -5 -3 -6 -73119
24 -12 24 0 -71391
-9 7 -12 6 -67415
9 -24 15 -19 -71485
-15 22 -22 23 -62995
20 -9 18 -8 -72435
-19 11 -14 11 -73617
-2 2 1 3 -68497
-20 6 -18 5 -69173
-23 -12 -21 -12 -57487
13 1 14 3 -66523
-12 -3 24 -24 -72483
20 9 17 12 -79061
-23 -16 -20 -9 -74391
-8 24 -7 21 -58885
-17 -9 -13 -9 -71033
-6 7 3 17 -98207
-21 -7 -23 -9 -62817
4 24 0 16 -68489
10 -14 9 -16 -70977
23 -24 24 13 -66603
-11 -7 -13 -7 -66361
-15 20 -14 16 -63277
-21 -12 -21 -17 -62195
-16 -17 -15 -14 -70081
19 20 22 21 -47915
-5 -15 -4 -17 -69301
11 -4 10 -3 -77709
-16 12 -12 12 -75071
-17 -20 -18 -19 -60617
22 22 24 17 -43005
-6 -20 -5 -20 -69669
-4 18 -6 19 -67515
17 19 15 15 -66141
0 18 24 23 -59107
-13 -16 -16 -16 -73157
22 -6 22 -9 -62943
-22 -7 -23 -15 -69823
-7 -14 -10 -13 -73473
18 -16 13 -9 -90631
2 1 3 3 -79373
-7 17 -4 17 -67679
16 3 16 -2 -70141
-10 -4 -8 -2 -68837
-10 23 -8 19 -71245
19 -18 16 -19 -65419
11 17 7 22 -71783
-2 6 -7 4 -72369
-11 -23 -24 -22 -64777
-6 -4 -6 -5 -67227
24 17 24 -7 -68599
-13 -16 -9 -14 -72135
24 8 22 15 -65907
21 7 18 8 -72899
-24 7 -21 13 -60739
5 -10 6 -15 -77803
10 17 9 12 -70437
19 16 19 15 -60371
11 -13 8 -16 -74963
19 18 17 24 -57519
-23 18 -24 7 -69085
-1 -17 1 -15 -61209
17 17 20 16 -69019
9 22 19 19 -73929
-4 -10 -5 -5 -65211
-22 -24 -3 -21 -72557
2 -14 2 -11 -80437
-23 18 -21 12 -60287
24 0 21 8 -69085
0 11 1 11 -62347
18 9 19 7 -76841
3 -10 3 -13 -81527
5 -18 4 -17 -74957
-8 3 -8 2 -70469
24 -5 23 3 -76283
24 9 18 24 -77067
-6 -12 -6 -9 -61647
11 -8 12 -9 -69131
-2 -15 -3 -13 -72661
17 -24 22 -19 -56207
-1 -12 0 -11 -71817
0 23 1 23 -58513
-1 -10 1 -8 -73073
2 14 3 15 -70079
12 1 11 6 -68201
-20 3 -21 7 -63261
-12 -4 -13 -3 -67491
18 21 18 22 -39749
0 -22 3 -22 -68095
3 4 3 3 -79841
22 8 22 3 -68001
18 0 19 0 -63999
-11 9 -11 10 -70719
13 13 12 -24 -77527
24 -1 21 -7 -70703
14 8 16 9 -69681
-14 -4 -14 -10 -68661
6 -7 5 -8 -62201
12 10 10 10 -70621
-2 19 -1 20 -66511
-3 8 -3 6 -66047
1 0 1 -1 -66587
12 23 9 16 -65719
-23 -5 -20 -10 -76779
17 -16 24 -12 -72713
11 -12 15 -9 -69825
24 4 22 0 -71975
7 -2 7 -5 -65049
17 -15 17 -18 -64687
10 5 13 5 -71643
-18 9 -16 12 -66453
9 10 11 9 -72227
-22 -1 -19 -1 -76031
24 14 15 14 -68421
-4 24 -1 23 -56827
-8 21 -11 18 -72461
-10 21 -7 21 -67475
-22 -12 -18 -11 -79735
14 23 16 22 -53459
16 7 13 5 -76525
17 0 14 0 -69067
19 24 17 13 -73179
22 0 21 4 -70679
20 -10 21 -12 -75597
22 -18 21 -24 -31299
-18 -7 -23 -7 -79683
-21 2 -20 -9 -71129
-11 21 -13 17 -72451
2 13 4 14 -68349
3 -4 2 -6 -63681
-20 -18 -14 -19 -74933
17 6 17 9 -69983
-20 -13 -16 -12 -77273
-11 -24 -18 -17 -72307
17 -16 19 -15 -65233
-24 -14 -17 -22 -63793
-23 -6 -23 -10 -63357
12 16 12 19 -65053
14 -17 7 -18 -70339
-6 -24 -8 -16 -67251
8 -19 -24 -20 -72413
12 14 14 17 -66983
-3 -7 -5 -8 -69039
-17 14 -23 17 -68665
-14 5 -18 5 -69853
6 -13 7 -14 -69295
21 13 23 21 -61359
21 -4 21 -3 -65929
11 -1 9 -3 -72121
7 -23 2 -22 -68973
-5 -10 -8 -13 -68969
24 17 15 20 -72529
-10 -12 -9 -11 -64993
-23 -21 -22 -22 -29311
-10 18 -13 22 -72233
-1 -13 -3 -13 -61939
21 0 24 -9 -74787
18 5 18 2 -63427
-20 -13 -21 -21 -68427
0 -18 1 -23 -70633
5 -11 3 -13 -76155
4 0 5 0 -73523
-21 15 -23 19 -53859
-7 10 -4 12 -80403
-12 -22 -17 -24 -64861
-6 -5 -7 -5 -77255
-14 -24 -8 -20 -74201
10 -6 9 -8 -60369
7 -18 7 -12 -71047
-8 -2 -8 3 -75135
-16 -1 -15 -1 -63249
7 0 6 1 -72137
8 -24 10 -18 -67157
-15 5 -15 2 -63919
-21 1 -21 2 -60481
9 14 9 9 -78071
0 -5 1 -4 -67115
7 -7 8 -7 -62597
-10 19 -13 20 -68429
21 5 20 9 -71427
10 0 8 1 -68733
-4 10 -2 10 -71911
5 21 6 14 -67481
1 10 -2 8 -77663
7 -3 8 1 -74377
18 -23 19 -23 -46981
-22 0 -23 1 -61957
-18 -8 -20 -9 -77569
-9 -7 -9 -8 -63737
-15 -15 -15 -16 -62713
0 -10 1 -13 -75681
16 -13 18 -15 -73505
-4 -18 -3 -13 -64231
6 9 3 10 -62381
13 -18 16 -23 -59189
-10 14 -7 13 -68941
0 -18 -1 -20 -64133
-23 -4 -24 8 -64697
-14 0 -16 -3 -64071
-11 -8 -11 -5 -70737
0 -22 -2 -22 -63243
13 -22 16 -21 -72691
20 -4 17 -6 -74579
14 -21 8 -23 -63725
23 -12 23 -10 -56429
-5 -23 -3 -22 -66695
14 6 12 6 -70711
24 14 22 11 -46707
-12 -19 -16 -24 -68881
7 20 5 20 -55425
2 -23 -5 -21 -70999
12 11 11 15 -68975
-22 -4 -24 -2 -54719
-4 24 -3 19 -60483
4 -19 4 -17 -62917
-14 2 -15 3 -66633
5 20 2 21 -63877
24 6 21 5 -59097
21 -12 20 -9 -75761
24 1 24 0 -67407
5 13 7 18 -67629
-10 11 -7 14 -71649
14 -3 15 -4 -76889
10 -13 12 -15 -67243
-22 -24 -23 -9 -61439
3 5 5 4 -66309
-7 6 -7 4 -61609
23 0 22 -2 -68235
10 -19 5 -23 -63989
-8 9 -5 10 -72947
19 24 8 19 -63133
-7 -4 -9 -4 -75047
-20 -9 -19 -13 -74571
2 -24 0 -23 -61123
-2 11 0 13 -75069
-4 -2 -5 0 -71971
-8 19 -10 17 -74641
19 2 23 1 -63695
-12 4 -15 2 -72325
12 -10 12 -11 -65059
-5 24 -6 22 -47171
18 23 20 14 -75135
9 3 8 1 -69049
2 5 0 5 -67723
1 16 0 22 -65087
-10 11 -10 10 -68221
6 -20 4 -19 -76209
-15 14 -13 13 -71651
-4 -18 -6 -19 -70871
-3 -22 -1 -20 -66763
9 12 10 6 -76387
13 -7 13 -3 -73469
21 2 -24 -5 -72287
-13 -17 -8 -19 -70863
-23 24 16 24 -61917
-14 -17 -12 -22 -69607
-22 13 -20 6 -70373
11 -22 11 -20 -57369
-24 3 -23 17 -76247
2 -16 2 -14 -60807
-19 -2 -20 -3 -70245
0 -8 4 -9 -69243
-16 -12 -14 -11 -73909
-24 20 -18 19 -57653
-15 24 -14 24 -54177
23 -1 24 2 -72465
-20 -9 -20 -16 -75363
20 -3 24 -4 -60285
-12 9 -12 16 -71793
-23 4 -24 13 -65009
13 15 11 14 -66247
5 5 7 6 -70539
10 6 9 6 -67301
15 6 11 15 -84907
10 15 7 14 -62461
12 -22 -14 -24 -66807
-10 -11 -9 -11 -73021
-8 2 -7 2 -68267
23 -10 18 -9 -71489
-12 -14 -13 -9 -73683
-1 -11 5 -13 -74051
-8 -21 -8 -14 -68805
6 8 6 3 -77817
-8 -21 -7 -20 -62655
16 22 -19 17 -73237
7 24 9 24 -40765
-21 -24 -18 -14 -69973
16 -21 17 -17 -59265
-20 18 -17 19 -70887
15 -14 17 -9 -74739
-5 -19 -2 -23 -66211
13 3 13 6 -63561
-11 -18 -11 -23 -55857
-23 9 -20 9 -56335
-5 24 -11 24 -59147
18 -1 17 1 -70313
22 -18 21 -14 -60007
-8 -6 -8 0 -75729
5 0 4 2 -68289
3 -3 7 -3 -77053
-10 -10 -12 -19 -72643
-24 13 -20 24 -63927
-20 -8 -23 -4 -73751
22 8 24 19 -66325
3 -1 2 -1 -65715
-4 -2 -3 0 -67907
16 -8 14 -8 -66695
19 11 18 9 -69061
-23 24 3 22 -63449
0 -9 -1 -12 -76145
20 -11 19 -15 -71929
9 -19 8 -18 -61509
-24 5 -24 -9 -60363
-15 -10 -16 -12 -73975
7 -20 7 -24 -55453
-2 17 -2 16 -57191
18 -15 18 -21 -67297
-16 11 -14 13 -69265
-20 20 -18 22 -60141
-10 -8 -9 -4 -72425
-24 0 -23 2 -51771
-6 -11 -5 -16 -70607
-24 11 -23 2 -61535
-24 18 22 22 -64997
19 -16 23 -16 -53757
16 -10 16 -8 -70187
0 5 2 4 -65421
24 -5 -20 -23 -71669
-10 6 -9 9 -69291
0 -6 0 -7 -62257
1 24 -2 21 -55567
-10 -15 -13 -20 -73621
