5 -24 1 -22 -56154
1 20 1 13 -76706
1 -24 4 -22 -55826
10 -8 10 -3 -72316
-4 13 -4 14 -62124
24 13 -20 12 -71420
20 -23 8 -20 -70278
11 -4 9 -4 -66320
-1 21 1 21 -68824
-16 7 -15 5 -62140
-5 8 -6 9 -69490
6 3 6 5 -70646
21 -23 19 -23 -49610
-16 21 -19 23 -61288
-7 2 -3 0 -79250
22 17 22 13 -67666
-20 -2 -19 -7 -66336
13 -24 19 -23 -68556
2 18 -1 19 -70690
16 19 14 22 -60358
-2 -21 -2 -20 -61102
21 -20 24 -14 -58212
-6 -12 -7 -12 -65950
-23 5 -22 24 -66940
-16 17 -16 11 -65242
-19 1 -19 0 -60582
-13 1 -11 0 -64810
-6 22 -7 22 -66258
-7 -5 -6 -6 -72822
16 -4 16 -10 -76226
1 -12 2 -12 -65624
-15 -16 -14 -24 -71270
2 0 -24 -14 -76242
-12 -19 -15 -21 -76138
-17 -1 -17 -3 -61766
23 23 13 21 -63826
13 12 12 10 -61170
6 -24 5 -17 -67720
-11 -6 -9 -6 -69658
0 22 -5 20 -75542
18 12 19 13 -68608
22 12 24 9 -55806
-19 -5 -16 -5 -67110
10 17 7 23 -72518
-9 17 -8 15 -66640
0 3 -5 10 -86712
-12 -21 -9 -20 -68876
-20 18 -22 11 -67026
-18 -17 -22 -21 -76096
22 7 19 7 -67722
-4 -1 -2 -1 -67840
14 -24 17 -23 -63890
23 -7 19 -9 -72198
15 4 17 6 -68408
13 14 16 14 -65302
-4 -24 -2 -23 -57922
-15 20 -11 21 -73378
0 -2 1 -1 -71012
-21 3 -24 3 -72148
21 9 21 11 -59942
2 -7 2 -9 -62126
17 11 18 9 -60282
19 -6 19 -5 -69318
11 23 7 18 -60080
5 -22 9 -23 -45128
0 12 0 14 -71330
13 -12 15 -14 -71828
-12 20 -16 24 -57568
-16 -10 -17 12 -80020
-3 4 -2 2 -75080
-22 -6 -18 -3 -68644
-24 -24 -22 7 -62218
-7 -21 -5 -22 -63790
13 -1 14 -2 -70130
-13 -24 -1 -24 -63036
23 -4 19 -4 -75246
-12 2 -12 3 -60708
-17 9 -19 16 -69552
3 1 3 0 -73556
16 -3 14 -4 -66896
-13 -14 -14 -13 -68740
6 22 2 20 -59018
-20 22 -18 20 -56486
-7 17 -6 24 -64994
-19 3 -17 6 -68196
-10 2 -12 -1 -64574
13 23 11 24 -40760
-1 -10 -2 -9 -66458
-12 23 -16 22 -70812
-15 -17 -18 -14 -74766
-24 -4 -24 24 -63260
-22 2 -24 2 -66438
-21 8 -19 8 -69578
-19 -12 -21 -8 -75450
-19 20 -23 13 -69788
-2 1 -2 -1 -71712
9 -2 8 0 -67656
-9 6 10 14 -90868
2 -1 3 1 -77110
11 -3 11 -4 -68898
16 22 24 24 -46908
-11 5 -10 4 -66152
-23 -19 -16 -15 -80014
11 -21 12 -23 -47390
-2 -6 1 -6 -69992
18 -10 19 -8 -69640
-23 -5 -24 -10 -56576
2 -20 1 -18 -70872
24 -18 24 -2 -75164
-9 11 -14 14 -68212
11 -12 10 -14 -66402
-10 3 -9 4 -63226
-12 6 -12 9 -64568
-13 21 -16 18 -69280
23 0 24 -3 -65566
14 0 13 -3 -66214
-16 -4 -14 -6 -68800
-22 -12 -20 -13 -59652
24 -4 19 -7 -74476
-21 2 -19 11 -72858
6 -16 7 -16 -58942
-21 3 -23 2 -72036
-21 -9 24 -17 -74698
7 15 9 14 -69678
-5 3 -5 1 -66880
-3 24 -5 24 -59682
22 17 23 12 -63012
-23 13 -16 13 -72116
22 -21 21 -10 -77700
24 0 24 -23 -70076
-11 0 -11 -1 -59284
12 19 14 15 -71534
-6 9 -8 12 -69756
7 6 8 7 -72514
14 -14 15 -14 -66858
-24 -23 2 -7 -72376
16 -16 11 -14 -74020
-8 17 -8 15 -64808
23 5 24 6 -46320
-2 -3 -1 -4 -68992
-4 2 -2 7 -72290
-7 7 -11 8 -71230
-1 12 0 10 -66506
0 -3 0 -2 -63332
-10 -10 -8 -12 -72898
-20 -20 -18 -19 -75402
-20 22 -24 20 -46656
-2 -3 1 -5 -70362
16 21 18 21 -59000
-16 -7 -19 2 -78516
-18 17 -17 20 -57572
-1 24 3 19 -65220
5 0 6 -24 -74394
-9 -5 -10 -2 -66126
22 -13 21 -15 -62676
14 -19 13 -17 -62642
5 -19 2 -24 -65010
5 20 3 22 -72906
-5 -24 -6 -19 -57988
-10 -24 -15 -24 -56054
24 -23 -4 -21 -62100
8 -8 9 -9 -69012
9 -8 9 -12 -66024
1 20 8 16 -89852
-17 -6 -18 -12 -75082
-5 10 -5 7 -70096
21 -19 18 -15 -74448
-23 -1 -22 -1 -65664
-13 -10 -13 -11 -65466
18 5 18 6 -66686
5 9 6 12 -70722
-7 24 -6 20 -65056
4 11 5 7 -66288
-8 16 -8 19 -66106
19 -21 22 -20 -59916
-15 9 -16 12 -66272
9 8 10 5 -67016
6 14 5 15 -71102
-6 -5 17 -13 -89314
1 9 2 14 -79810
-6 -5 -3 -6 -74356
24 -12 24 0 -75604
-9 7 -12 6 -65738
9 -24 15 -19 -70960
-15 22 -22 23 -64858
20 -9 18 -8 -77424
-19 11 -14 11 -68476
-2 2 1 3 -70624
-20 6 -18 5 -67890
-23 -12 -21 -12 -48824
13 1 14 3 -66994
-12 -3 24 -24 -76934
0 0 -1 2 -75122
-23 -16 -20 -9 -67916
-8 24 -7 21 -59224
-17 -9 -13 -9 -71396
0 -3 24 -5 -77022
-21 -7 -23 -9 -53606
4 24 0 16 -70110
10 -14 9 -16 -68842
23 -24 24 13 -67026
-11 -7 -13 -7 -65974
-15 20 -14 16 -59736
-21 -12 -21 -17 -66172
-16 -17 -15 -14 -67392
19 20 22 21 -47976
-5 -15 -4 -17 -67524
11 -4 10 -3 -71812
-16 12 -12 12 -64066
-17 -20 -18 -19 -68240
22 22 24 17 -40206
-6 -20 -5 -20 -68988
-4 18 -6 19 -68014
17 19 15 15 -69164
0 18 24 23 -65010
-13 -16 -16 -16 -72008
22 -6 22 -9 -68636
-22 -7 -23 -15 -65632
-7 -14 -10 -13 -73076
19 17 -13 23 -75924
2 1 3 3 -73800
-7 17 -4 17 -68668
16 3 16 -2 -70424
-10 -4 -8 -2 -63902
-10 23 -8 19 -70702
19 -18 16 -19 -67574
-7 12 18 13 -84910
17 -5 19 -7 -74716
-11 -23 -24 -22 -68258
-6 -4 -6 -5 -64744
24 17 24 -7 -69810
-23 18 0 23 -76236
24 8 22 15 -63530
21 7 18 8 -68786
-24 7 -21 13 -57790
5 -10 6 -15 -71756
7 -9 3 -13 -70256
19 16 19 15 -65530
11 -13 8 -16 -73386
19 18 17 24 -56042
-23 18 -24 7 -63364
-1 -17 1 -15 -62040
17 17 20 16 -65438
3 23 5 16 -80014
-4 -10 -5 -5 -67362
-22 -24 -3 -21 -70708
2 -14 2 -11 -67916
-23 18 -21 12 -59164
24 0 21 8 -70704
0 11 1 11 -64604
8 7 7 7 -70902
-7 16 -10 13 -75658
5 -18 4 -17 -66172
3 9 3 18 -81368
24 -5 23 3 -77072
0 5 -7 2 -78480
-6 -12 -6 -9 -59440
11 -8 12 -9 -64224
-2 -15 -3 -13 -70638
17 -24 22 -19 -60270
-1 -12 0 -11 -68738
0 23 1 23 -58416
-1 -10 1 -8 -71020
2 14 3 15 -71582
12 1 11 6 -70816
-20 3 -21 7 -63174
-12 -4 -13 -3 -65626
18 21 18 22 -39096
0 -22 3 -22 -65712
3 4 3 3 -70138
22 8 22 3 -63100
18 0 19 0 -67956
-11 9 -11 10 -68764
-13 -10 -21 -12 -76442
24 -1 21 -7 -72378
14 8 16 9 -63418
0 22 4 -10 -87934
6 -7 5 -8 -65894
12 10 10 10 -72748
-2 19 -1 20 -69368
-3 8 -3 6 -71070
1 0 1 -1 -72164
12 23 9 16 -66532
-23 -5 -20 -10 -75734
17 -16 24 -12 -74912
11 -12 15 -9 -69244
24 4 22 0 -68100
7 -2 7 -5 -65056
17 -15 17 -18 -65764
10 5 13 5 -72576
-18 9 -16 12 -65688
9 10 11 9 -74736
-22 -1 -19 -1 -72364
24 14 15 14 -68960
-4 24 -1 23 -58214
-8 21 -11 18 -65604
-10 21 -7 21 -67306
1 -22 7 -19 -69430
14 23 16 22 -49910
24 -8 23 -4 -64740
17 0 14 0 -65858
19 24 17 13 -73798
22 0 21 4 -72898
20 -10 21 -12 -74906
22 -18 21 -24 -31416
12 9 16 5 -71736
-20 -17 -18 -20 -68894
-11 21 -13 17 -68162
2 13 4 14 -71484
3 -4 2 -6 -67854
-20 -18 -14 -19 -77742
17 6 17 9 -63226
7 -8 5 -8 -68976
-11 -24 -18 -17 -74482
17 -16 19 -15 -67876
-24 -14 -17 -22 -70076
-23 -6 -23 -10 -62098
12 16 12 19 -65836
14 -17 7 -18 -69454
-6 -24 -8 -16 -70382
14 17 14 13 -66554
12 14 14 17 -71424
-3 -7 -5 -8 -66956
-17 14 -23 17 -69774
-14 5 -18 5 -61988
6 -13 7 -14 -67542
21 13 23 21 -64064
21 -4 21 -3 -66618
11 -1 9 -3 -67378
-3 2 -2 16 -88192
1 11 -1 8 -76856
24 17 15 20 -69712
-10 -12 -9 -11 -69482
-23 -21 -22 -22 -33824
-10 18 -13 22 -70286
-1 -13 -3 -13 -62512
18 0 24 -9 -87658
18 5 18 2 -68316
-20 -13 -21 -21 -74596
0 -18 1 -23 -69638
15 0 20 4 -76824
-24 -22 -15 -19 -70640
-21 15 -23 19 -52404
-7 10 -4 12 -75552
-12 -22 -17 -24 -66488
-6 -13 -7 -14 -66052
-14 -24 -8 -20 -73694
10 -6 9 -8 -61436
7 -18 7 -12 -66736
-8 -2 -8 3 -66794
-16 -1 -15 -1 -61006
7 0 6 1 -70108
8 -24 10 -18 -68688
-15 5 -15 2 -62934
-21 1 -21 2 -60638
9 14 9 9 -63694
0 -5 1 -4 -69862
7 -7 8 -7 -67604
-10 19 -13 20 -67970
21 5 20 9 -67162
10 0 8 1 -71702
-4 10 -2 10 -62496
5 21 6 14 -76758
1 10 -2 8 -76406
7 -3 8 1 -70134
18 -23 19 -23 -56258
-22 0 -23 1 -61172
-18 20 -12 20 -73834
-9 -7 -9 -8 -62696
-15 -15 -15 -16 -62834
0 -10 1 -13 -67902
16 -13 18 -15 -69234
-4 -18 -3 -13 -64976
6 9 3 10 -65644
13 -18 16 -23 -59052
-10 14 -7 13 -69446
0 -18 -1 -20 -65484
-23 -4 -24 8 -64086
-14 0 -16 -3 -65130
-11 -8 -11 -5 -70274
0 -22 -2 -22 -62400
13 -22 16 -21 -70248
20 -4 17 -6 -76930
14 -21 8 -23 -64120
23 -12 23 -10 -56108
-5 -23 -3 -22 -66170
14 6 12 6 -68230
24 14 22 11 -50934
-12 -19 -16 -24 -73508
7 20 5 20 -63238
2 -23 -5 -21 -70598
12 11 11 15 -62470
-22 -4 -24 -2 -53064
-4 24 -3 19 -61106
4 -19 4 -17 -63526
-14 2 -15 3 -64998
5 20 2 21 -73612
24 6 21 5 -52336
21 -12 20 -9 -74980
24 1 24 0 -67458
5 13 7 18 -63364
-10 11 -7 14 -75342
14 -3 15 -4 -71016
10 -13 12 -15 -62120
-22 -24 -23 -9 -66732
3 5 5 4 -62786
-7 6 -7 4 -63326
23 0 22 -2 -67732
10 -19 5 -23 -66328
-8 9 -5 10 -71276
19 24 8 19 -61610
-7 -4 -9 -4 -68614
-20 -9 -19 -13 -71094
2 -24 0 -23 -57050
-2 11 0 13 -76544
-4 -2 -5 0 -72668
6 21 11 17 -79204
19 2 23 1 -64676
-22 4 -19 7 -70872
12 -10 12 -11 -61746
-5 24 -6 22 -48462
18 23 20 14 -70766
9 3 8 1 -68166
2 5 0 5 -67276
1 16 0 22 -72966
-10 11 -10 10 -66796
-14 -1 -16 -11 -83010
17 17 6 19 -78484
-4 -18 -6 -19 -70392
-3 -22 -1 -20 -66104
9 12 10 6 -67442
13 -7 13 -3 -72258
21 2 -24 -5 -73522
-13 -17 -8 -19 -69730
-23 24 16 24 -60908
-14 -17 -12 -22 -72252
-22 13 -20 6 -66468
11 -22 11 -20 -56486
-18 -24 -17 -20 -45228
2 -16 2 -14 -58734
-19 -2 -20 -3 -68800
0 -8 4 -9 -68872
-16 -12 -14 -11 -73938
-24 20 -18 19 -58280
-15 24 -14 24 -59678
23 -1 24 2 -71742
18 -11 24 -21 -77142
20 -3 24 -4 -64992
-12 9 -12 16 -70138
-23 4 -24 13 -59148
13 15 11 14 -67902
5 5 7 6 -73590
10 6 9 6 -74146
-21 -18 -22 -11 -66830
10 15 7 14 -63450
12 -22 -14 -24 -63160
-10 -11 -9 -11 -76090
-8 2 -7 2 -69218
23 -10 18 -9 -75708
-12 -14 -13 -9 -71094
-1 -11 5 -13 -74768
23 13 18 11 -68176
6 8 6 3 -74478
-8 -21 -7 -20 -62244
-15 -6 -15 -9 -69078
7 24 9 24 -46168
-21 -24 -18 -14 -79328
16 -21 17 -17 -59792
-20 18 -17 19 -70398
15 -14 17 -9 -72664
-5 -19 -2 -23 -67016
13 3 13 6 -67374
-11 -18 -11 -23 -59432
-23 9 -20 9 -59638
-5 24 -11 24 -61530
18 -1 17 1 -68738
22 -18 21 -14 -67038
-8 -21 -8 -16 -66068
5 0 4 2 -67714
-8 -12 -13 -14 -78872
-10 -10 -12 -19 -71848
-24 13 -20 24 -61024
-20 -8 -23 -4 -71664
22 8 24 19 -69038
3 -1 2 -1 -57070
-4 -2 -3 0 -68210
16 -8 14 -8 -63788
19 11 18 9 -65654
-23 24 3 22 -69866
0 -9 -1 -12 -70026
20 -11 19 -15 -70924
9 -19 8 -18 -55262
-24 5 -24 -9 -56554
-15 -10 -16 -12 -73184
7 -20 7 -24 -55704
-2 17 -2 16 -61894
18 -15 18 -21 -69376
-16 11 -14 13 -67660
-20 20 -18 22 -55518
-10 -8 -9 -4 -71360
-24 0 -23 2 -50646
-6 -11 -5 -16 -68740
-24 11 -23 2 -59834
-24 18 22 22 -65684
19 -16 23 -16 -57816
16 -10 16 -8 -68162
0 5 2 4 -69860
24 -5 -20 -23 -74296
-10 6 -9 9 -70066
0 -6 0 -7 -65850
1 24 -2 21 -56826
-10 -15 -13 -20 -71912
