5 -24 1 -22 -57383
1 20 1 13 -71707
1 -24 4 -22 -56697
10 -8 10 -3 -65299
-4 13 -4 14 -55637
24 13 -20 12 -71871
20 -23 8 -20 -70723
11 -4 9 -4 -66779
-1 21 1 21 -67289
-16 7 -15 5 -63129
-5 8 -6 9 -64573
6 3 6 5 -69527
21 -23 19 -23 -49607
-16 21 -19 23 -60647
-7 2 -3 0 -76373
22 17 22 13 -68293
-20 -2 -19 -7 -58921
13 -24 19 -23 -69223
2 18 -1 19 -66457
16 19 14 22 -60307
-2 -21 -2 -20 -61491
21 -20 24 -14 -56037
-6 -12 -7 -12 -69197
-23 5 -22 24 -67483
-16 17 -16 11 -65159
-19 1 -19 0 -61521
-13 1 -11 0 -64967
-6 22 -7 22 -64255
-7 -5 -6 -6 -73041
16 -4 15 3 -88343
1 -12 2 -12 -65841
-15 -16 -14 -24 -71181
2 0 6 2 -69745
-12 -19 -15 -21 -78455
-17 -1 -17 -3 -53949
23 23 13 21 -62915
13 12 12 10 -59533
6 -24 5 -17 -70063
-11 -6 -9 -6 -71863
0 22 -5 20 -73225
18 12 19 13 -70065
22 12 24 9 -54845
-19 -5 -16 -5 -66801
10 17 7 23 -68217
-9 17 -8 15 -71185
20 -11 -24 -17 -82443
-12 -21 -9 -20 -71089
-20 18 -22 11 -67905
-18 -17 -22 -21 -71339
22 7 19 7 -67923
-4 -1 -2 -1 -67143
14 -24 17 -23 -64499
23 -7 19 -9 -71659
15 4 17 6 -68333
13 14 16 14 -63739
-4 -24 -2 -23 -58315
-15 20 -11 21 -72681
0 -2 1 -1 -70199
-21 3 -24 3 -76031
21 9 21 11 -60631
2 -7 2 -9 -61993
17 11 18 9 -60365
19 -6 19 -5 -58419
11 23 7 18 -59915
5 -22 9 -23 -46753
0 12 0 14 -60687
13 -12 15 -14 -72029
-12 20 -16 24 -57727
5 0 5 -4 -77383
-3 4 -2 2 -70127
-22 -6 -18 -3 -68131
-24 -24 -22 7 -65073
-7 -21 -5 -22 -64929
13 -1 14 -2 -75299
-13 -24 -1 -24 -66313
23 -4 19 -4 -73105
-12 2 -12 3 -60155
-17 9 -19 16 -67729
3 1 3 0 -72365
16 -3 14 -4 -66765
-13 -14 -14 -13 -73417
6 22 2 20 -55541
-20 22 -18 20 -55571
-7 17 -6 24 -66595
-19 3 -17 6 -66347
-10 2 -12 -1 -64561
13 23 11 24 -39153
-1 -10 -2 -9 -65223
-12 23 -16 22 -70951
-15 -17 -18 -14 -78705
-24 -4 -24 24 -62039
-22 2 -24 2 -69689
-21 8 -19 8 -70605
-19 -12 -21 -8 -80875
-19 20 -23 13 -72731
-2 1 -2 -1 -70703
9 -2 8 0 -71981
3 1 -23 6 -81867
-24 3 -21 -3 -79529
11 -3 11 -4 -65565
16 22 24 24 -46517
-11 5 -10 4 -64917
-9 -19 -16 9 -86689
11 -21 12 -23 -48815
-2 -6 1 -6 -69649
18 -10 19 -8 -66587
-23 -5 -24 -10 -73095
2 -20 1 -18 -71901
-14 -18 24 -10 -86543
-9 11 -14 14 -68253
11 -12 10 -14 -68745
-10 3 -9 4 -62067
-12 6 -12 9 -62177
-13 21 -16 18 -70281
23 0 24 -3 -62651
14 0 13 -3 -69583
-16 -4 -14 -6 -68921
-22 -12 -20 -13 -66221
24 -4 19 -7 -73693
-21 2 -19 11 -71085
6 -16 7 -16 -60105
-21 3 -23 2 -72759
-21 -9 24 -17 -83337
7 15 9 14 -66193
-5 3 -5 1 -63443
-3 24 -5 24 -58259
22 17 23 12 -62935
-18 -15 -24 -15 -64925
16 8 6 -16 -94595
24 0 24 -23 -63041
-11 0 -11 -1 -56287
12 19 14 15 -71451
-6 9 -8 12 -66959
7 6 8 7 -70543
14 -14 15 -14 -68315
-24 -23 2 -7 -73605
16 -16 11 -14 -75051
-8 17 -8 15 -66787
23 5 24 6 -45841
-2 -3 -1 -4 -69363
-4 2 -2 7 -68267
-7 7 -11 8 -69881
-1 12 0 10 -57595
0 -3 0 -2 -66519
-10 -10 -8 -12 -74511
-20 -20 -18 -19 -71851
-20 22 -24 20 -48831
-2 -3 1 -5 -70895
16 21 18 21 -58569
-22 5 -17 2 -87921
-18 17 -17 20 -63159
-1 24 3 19 -64429
5 0 6 -24 -79185
-9 -5 -10 -2 -64973
22 -13 21 -15 -62339
14 -19 13 -17 -67403
5 -19 2 -24 -65571
5 20 3 22 -66475
-5 -24 -6 -19 -58429
-10 -24 -15 -24 -59127
24 -23 -4 -21 -64481
8 -8 9 -9 -67021
9 -8 9 -12 -66333
1 -24 3 5 -81699
-17 -6 -18 -12 -78127
-5 10 -5 7 -60223
21 -19 18 -15 -70333
-23 -1 -22 -1 -69945
-13 -10 -13 -11 -68143
18 5 18 6 -68481
5 9 6 12 -63405
-7 24 -6 20 -65131
4 11 5 7 -59889
-8 16 -8 19 -71351
19 -21 22 -20 -61695
-15 9 -16 12 -64531
9 8 10 5 -65945
6 14 5 15 -63209
-20 -15 -20 -11 -75245
1 9 2 14 -67307
-6 -5 -3 -6 -73473
24 -12 24 0 -68213
-9 7 -12 6 -66535
9 -24 15 -19 -71537
-15 22 -22 23 -66365
20 -9 18 -8 -75241
-19 11 -14 11 -66939
-2 2 1 3 -67255
-20 6 -18 5 -77699
-23 -12 -21 -12 -54453
13 1 14 3 -71879
-12 -3 24 -24 -77501
0 0 -1 2 -72219
-23 -16 -20 -9 -77367
-8 24 -7 21 -58035
-17 -9 -13 -9 -74455
0 -3 24 -5 -80005
-21 -7 -23 -9 -61919
4 24 0 16 -69331
10 -14 9 -16 -70965
23 -24 24 13 -64909
-11 -7 -13 -7 -69865
-15 20 -14 16 -59329
-21 -12 -21 -17 -75073
-16 -17 -15 -14 -66423
19 20 22 21 -47739
-5 -15 -4 -17 -67461
11 -4 10 -3 -72897
-16 12 -12 12 -65015
-17 -20 -18 -19 -70627
22 22 24 17 -40361
-6 -20 -5 -20 -70325
-4 18 -6 19 -69151
17 19 15 15 -69409
0 18 24 23 -61499
-13 -16 -16 -16 -78057
22 -6 22 -9 -61527
-22 -7 -23 -15 -77773
-7 -14 -10 -13 -75247
19 17 -13 23 -74207
2 1 3 3 -71643
-7 17 -4 17 -64477
16 3 16 -2 -85179
-10 -4 -8 -2 -62073
-10 23 -8 19 -70799
19 -18 16 -19 -68525
-16 20 -21 16 -83947
17 -5 19 -7 -67749
-11 -23 -24 -22 -71497
-6 -4 -6 -5 -64661
24 17 24 -7 -71115
-23 18 0 23 -74797
24 8 22 15 -63167
21 7 18 8 -70411
-24 7 -21 13 -58895
5 -10 6 -15 -72777
7 -9 3 -13 -72083
19 16 19 15 -65511
11 -13 8 -16 -75233
19 18 17 24 -55675
-23 18 -24 7 -63655
-1 -17 1 -15 -63647
17 17 20 16 -65197
3 23 5 16 -75423
-4 -10 -5 -5 -67697
-22 -24 -3 -21 -75625
2 -14 2 -11 -69401
-23 18 -21 12 -58419
24 0 21 8 -74009
0 11 1 11 -58469
8 7 7 7 -70563
-22 -16 -7 -20 -93597
5 -18 4 -17 -66281
-11 -9 -6 -7 -78537
24 -5 23 3 -76545
0 5 -7 2 -76867
-6 -12 -6 -9 -59517
11 -8 12 -9 -61199
-2 -15 -3 -13 -70397
17 -24 22 -19 -61397
-1 -12 0 -11 -70413
0 23 1 23 -58253
-1 -10 1 -8 -71745
2 14 3 15 -67471
12 1 11 6 -73039
-20 3 -21 7 -66853
-12 -4 -13 -3 -65529
18 21 18 22 -38763
0 -22 3 -22 -66237
3 4 3 3 -68125
22 8 22 3 -63951
18 0 19 0 -67539
-11 9 -11 10 -66189
-13 -10 -21 -12 -78569
24 -1 21 -7 -70603
14 8 16 9 -62817
23 -7 24 -17 -66255
6 -7 5 -8 -66203
12 10 10 10 -72547
-2 19 -1 20 -65911
-3 8 -3 6 -60593
1 0 1 -1 -73221
12 23 9 16 -66209
-23 -5 -20 -10 -77387
17 -16 24 -12 -74967
11 -12 15 -9 -72353
24 4 22 0 -69711
7 -2 7 -5 -70319
17 -15 17 -18 -65451
10 5 13 5 -72407
-18 9 -16 12 -63717
9 10 11 9 -74451
-22 -1 -19 -1 -77431
24 14 15 14 -68435
-4 24 -1 23 -57707
-8 21 -11 18 -62775
-10 21 -7 21 -64485
1 -22 7 -19 -71145
14 23 16 22 -48977
24 -8 23 -4 -57435
17 0 14 0 -67177
19 24 17 13 -73991
22 0 21 4 -77943
20 -10 21 -12 -75499
22 -18 21 -24 -31041
12 9 16 5 -71397
-20 -17 -18 -20 -70921
-11 21 -13 17 -66429
2 13 4 14 -66647
3 -4 2 -6 -68237
-20 -18 -14 -19 -82057
17 6 17 9 -62755
7 -8 5 -8 -69585
-11 -24 -18 -17 -80047
17 -16 19 -15 -68879
-24 -14 -17 -22 -74761
-23 -6 -23 -10 -74885
12 16 12 19 -65551
14 -17 7 -18 -70371
-6 -24 -8 -16 -70193
14 17 14 13 -67465
12 14 14 17 -70717
-3 -7 -5 -8 -67269
-17 14 -23 17 -64041
-14 5 -18 5 -63201
6 -13 7 -14 -67217
21 13 23 21 -64001
21 -4 21 -3 -62667
11 -1 9 -3 -66631
-24 -11 -23 -5 -77121
15 8 19 -3 -98083
24 17 15 20 -69785
-10 -12 -9 -11 -69093
-23 -21 -22 -22 -35855
-10 18 -13 22 -70625
-1 -13 -3 -13 -63635
11 -14 12 -22 -72289
18 5 18 2 -74625
-20 -13 -21 -21 -74793
0 -18 1 -23 -70831
15 0 20 4 -77003
-24 -22 -15 -19 -68407
-21 15 -23 19 -51245
-7 10 -4 12 -65965
-12 -22 -17 -24 -68897
-6 -13 -7 -14 -66931
-14 -24 -8 -20 -75789
10 -6 9 -8 -58827
7 -18 7 -12 -68961
-8 -2 -8 3 -65011
-16 -1 -15 -1 -61319
7 0 6 1 -72767
8 -24 10 -18 -71031
-15 5 -15 2 -62897
-21 1 -21 2 -65575
9 14 9 9 -60345
0 -5 1 -4 -69037
7 -7 8 -7 -69311
-10 19 -13 20 -67111
21 5 20 9 -68271
10 0 8 1 -71407
-4 10 -2 10 -56837
5 21 6 14 -72153
1 10 -2 8 -63495
7 -3 8 1 -74833
18 -23 19 -23 -56949
-22 0 -23 1 -76193
-18 20 -12 20 -74521
-9 -7 -9 -8 -64981
-15 -15 -15 -16 -61495
0 -10 1 -13 -68691
16 -13 18 -15 -69097
-4 -18 -3 -13 -64993
6 9 3 10 -63773
13 -18 16 -23 -60433
-10 14 -7 13 -67899
0 -18 -1 -20 -66659
-23 -4 -24 8 -69657
-14 0 -16 -3 -63253
-11 -8 -11 -5 -70181
0 -22 -2 -22 -63645
13 -22 16 -21 -70735
20 -4 17 -6 -76109
14 -21 8 -23 -65079
23 -12 23 -10 -58275
-5 -23 -3 -22 -66299
14 6 12 6 -69039
24 14 22 11 -51853
-12 -19 -16 -24 -74759
7 20 5 20 -56983
2 -23 -5 -21 -72079
12 11 11 15 -62063
-22 -4 -24 -2 -59295
-4 24 -3 19 -62885
4 -19 4 -17 -65173
-14 2 -15 3 -64543
5 20 2 21 -66055
24 6 21 5 -51911
21 -12 20 -9 -74827
24 1 24 0 -68801
5 13 7 18 -60571
-10 11 -7 14 -62907
14 -3 15 -4 -72157
10 -13 12 -15 -63425
-22 -24 -23 -9 -70533
3 5 5 4 -63929
-7 6 -7 4 -58447
23 0 22 -2 -70119
10 -19 5 -23 -67729
-8 9 -5 10 -66641
19 24 8 19 -60123
-6 21 -5 14 -77357
-20 -9 -19 -13 -80835
2 -24 0 -23 -57311
-2 11 0 13 -65171
-4 -2 -5 0 -70655
6 21 11 17 -73549
19 2 23 1 -64021
-22 4 -19 7 -70761
12 -10 12 -11 -61003
-5 24 -6 22 -47187
18 23 20 14 -71507
9 3 8 1 -69209
2 5 0 5 -64509
1 16 0 22 -72975
-10 11 -10 10 -63525
-9 -9 20 -7 -91109
17 17 6 19 -76003
-4 -18 -6 -19 -71103
-3 -22 -1 -20 -65995
9 12 10 6 -65331
-18 -10 13 -12 -90177
21 2 -24 -5 -77929
-13 -17 -8 -19 -74541
-23 24 16 24 -61645
-14 -17 -12 -22 -73871
-22 13 -20 6 -64667
11 -22 11 -20 -60127
-18 -24 -17 -20 -44265
2 -16 2 -14 -60031
-19 -2 -20 -3 -67235
0 -8 4 -9 -68863
-16 -12 -14 -11 -74663
-24 20 -18 19 -57843
-15 24 -14 24 -59875
23 -1 24 2 -73603
18 -11 24 -21 -72511
20 -3 24 -4 -60737
-12 9 -12 16 -68377
-23 4 -24 13 -57993
13 15 11 14 -66731
5 5 7 6 -72841
10 6 9 6 -74439
-21 -18 -22 -11 -74907
10 15 7 14 -60801
12 -22 -14 -24 -68051
-10 -11 -9 -11 -79361
-8 2 -7 2 -65739
23 -10 18 -9 -74145
-12 -14 -13 -9 -74931
-1 -11 5 -13 -75079
23 13 18 11 -68427
6 8 6 3 -72033
-8 -21 -7 -20 -61555
-15 -6 -15 -9 -67085
7 24 9 24 -43843
-21 -24 -18 -14 -76499
16 -21 17 -17 -61221
-20 18 -17 19 -77423
15 -14 17 -9 -74385
-5 -19 -2 -23 -68557
13 3 13 6 -69625
-11 -18 -11 -23 -59453
-23 9 -20 9 -57911
-5 24 -11 24 -59755
18 -1 17 1 -80575
22 -18 21 -14 -59389
-8 -21 -8 -16 -64661
5 0 4 2 -69169
-8 -12 -13 -14 -79145
-12 -11 -14 -6 -78827
-24 13 -20 24 -63433
-20 -8 -23 -4 -71663
22 8 24 19 -69769
3 -1 2 -1 -58939
-4 -2 -3 0 -67557
16 -8 14 -8 -66037
19 11 18 9 -65819
-23 24 3 22 -69439
0 -9 -1 -12 -70731
20 -11 19 -15 -70597
9 -19 8 -18 -58461
-24 5 -24 -9 -61535
-15 -10 -16 -12 -73093
7 -20 7 -24 -57621
-2 17 -2 16 -62849
18 -15 18 -21 -67111
-16 11 -14 13 -68477
-20 20 -18 22 -60995
-10 -8 -9 -4 -71625
-24 0 -23 2 -51111
-6 -11 -5 -16 -67025
-24 11 -23 2 -59337
-24 18 22 22 -66147
19 -16 23 -16 -58131
16 -10 16 -8 -60389
0 5 2 4 -66793
24 -5 -20 -23 -84039
-10 6 -9 9 -66403
0 -6 0 -7 -65351
1 24 -2 21 -55251
-10 -15 -13 -20 -68707
