5 -24 1 -22 -63321
-3 1 -5 -8 -85575
1 -24 4 -22 -64391
7 -12 4 -11 -66101
-4 13 -4 14 -69975
24 13 -20 12 -73491
-4 9 -4 10 -68915
19 -17 22 -21 -49445
-17 23 -17 22 -37399
-16 7 -15 5 -64813
-5 8 -6 9 -72447
-15 12 -15 13 -66081
21 -23 19 -23 -49383
-16 21 -17 23 -61157
-16 4 -14 7 -67095
5 14 5 15 -60069
-9 1 -10 4 -69961
-23 -15 -4 -4 -71601
2 6 0 4 -65809
16 19 14 22 -68581
-2 -21 -2 -20 -67243
21 -20 24 -14 -66539
-6 -12 -7 -12 -61391
-3 -9 -1 -9 -71557
13 -3 9 -1 -69887
-19 1 -19 0 -58123
16 16 18 15 -60079
-6 22 -7 22 -67043
-4 -8 -7 -10 -67235
-3 14 -5 16 -66951
1 12 2 14 -68209
-15 -16 -14 -24 -65023
-11 5 -11 6 -62343
1 23 4 21 -67437
-17 -1 -17 -3 -59101
-22 11 22 -20 -83483
0 -9 -2 -11 -74573
2 -24 3 -24 -63465
-4 21 -6 24 -66445
-11 -19 -12 -19 -67169
18 12 19 13 -62935
22 12 24 9 -64255
-11 -1 -13 0 -61805
10 17 7 23 -70041
-9 17 -8 15 -65885
-18 -2 -16 -3 -67415
10 14 11 16 -64255
-4 10 -8 11 -74959
-18 -17 -22 -21 -66789
22 7 19 7 -63961
-4 -1 -2 -1 -59575
14 -24 17 -23 -50047
23 -7 19 -9 -65225
15 4 17 6 -67699
-3 17 -3 19 -58555
12 14 12 11 -63341
-15 20 -11 21 -71767
10 -2 12 -1 -60627
-21 3 -24 3 -67615
21 9 21 11 -67143
5 23 7 19 -67029
17 11 18 9 -63561
19 -6 19 -5 -55029
-23 -4 20 -12 -80129
5 -22 9 -23 -68547
-1 -5 -3 -3 -59741
23 -18 21 -20 -54883
-12 20 -16 24 -70681
-11 1 -10 0 -66205
4 -6 3 -8 -61957
-13 17 -10 16 -67071
22 -12 -1 20 -89173
-7 -21 -5 -22 -64549
13 -2 14 -2 -62513
-13 -24 -1 -24 -58719
23 -4 19 -4 -72627
-12 2 -12 3 -64557
18 16 20 17 -61081
3 1 3 0 -51917
-21 -18 6 -22 -70035
-5 -6 -3 -3 -77893
6 22 2 24 -68231
-20 22 -18 20 -67021
-7 17 -6 24 -66533
8 -12 10 -11 -65923
-10 2 -12 -1 -61511
13 23 11 24 -57299
-1 -10 -2 -9 -63153
-12 23 -16 22 -68463
-18 21 -15 19 -71947
-24 -4 -24 24 -57069
-22 2 -24 2 -63049
-21 8 -19 8 -66175
-19 -12 -21 -8 -72227
2 -9 2 -10 -58707
-2 1 -2 -1 -59027
9 -2 8 0 -62659
13 -15 11 -11 -64967
3 -2 3 -3 -59605
11 -3 11 -4 -68315
16 22 24 24 -51807
-11 20 -10 17 -63761
-22 -12 -20 -19 -60069
11 -21 12 -23 -60063
-2 -6 1 -6 -67579
18 -10 19 -8 -64255
-23 -5 -24 -10 -63849
-4 9 -2 11 -69571
11 22 13 24 -44949
-24 15 -22 14 -51579
11 -12 10 -14 -61379
-10 3 -9 4 -65507
-12 6 -12 9 -62927
-13 21 -16 18 -72251
23 0 24 -3 -58867
14 0 13 -3 -62937
-8 -24 -7 -19 -66507
-22 -12 -20 -13 -67153
24 -14 19 -13 -50683
-10 21 17 24 -75799
6 -16 7 -16 -70275
0 -12 0 -9 -60091
-12 -15 -15 -14 -56695
0 -17 -2 -17 -65505
-5 3 -5 1 -62255
-3 24 -5 24 -54853
-10 0 23 -23 -77413
-18 -15 -24 -15 -66243
-19 -10 -17 -10 -58167
24 0 24 -23 -57411
-11 0 -11 -1 -55283
-3 1 -2 3 -62879
-6 9 -8 12 -74265
-5 -15 13 -13 -85707
14 -14 15 -14 -60741
-24 -23 2 -7 -66877
-7 20 -4 22 -69695
-8 17 -8 15 -62819
23 5 24 6 -52035
0 13 1 13 -57581
-18 13 -18 20 -64019
19 -2 14 -2 -65723
-1 12 0 10 -68097
-11 -15 -11 -16 -58449
-10 -10 -8 -12 -64009
-20 -20 -18 -19 -66611
-20 22 -24 20 -60557
16 -17 16 -16 -52871
16 21 18 21 -57565
-18 5 -19 10 -65841
-18 17 -17 20 -62807
-1 24 3 19 -65509
-8 -23 -10 -19 -72277
-9 -5 -10 -2 -65559
22 -13 21 -15 -58633
6 -1 2 -2 -70283
5 -19 2 -24 -68193
-12 11 -14 11 -65791
-5 -24 -6 -19 -74591
-10 -24 -15 -24 -59437
24 -23 -4 -21 -63251
8 -8 9 -9 -69295
21 5 24 3 -63885
-22 5 -24 -24 -61387
-19 13 -18 14 -68871
-5 10 -5 7 -69707
-22 2 -21 3 -65023
-23 -1 -22 -1 -63951
-13 -10 -13 -11 -63035
18 5 18 6 -63233
5 9 6 12 -58729
-7 24 -6 20 -70185
4 11 5 7 -61791
-20 -12 -20 -8 -66383
19 -21 22 -20 -60465
-15 9 -16 12 -70753
9 8 10 5 -61383
6 14 5 15 -62615
-20 -15 -20 -11 -55333
1 9 2 8 -63071
-24 19 -20 24 -56133
2 -12 4 -14 -58791
-9 7 -12 6 -66875
17 -18 16 -24 -56017
-15 22 -22 23 -71399
20 -9 18 -8 -67947
24 2 24 9 -59313
14 -18 15 -16 -63941
-20 6 -18 5 -66265
-23 -12 -21 -12 -60865
13 1 14 3 -60089
-17 -4 -21 -6 -66323
22 20 22 17 -67579
-24 -23 -15 -24 -45289
-8 24 -7 21 -64513
-7 -11 -6 -13 -61083
23 -12 24 -7 -58571
-21 -7 -23 -9 -72493
24 4 23 5 -52239
10 -14 9 -16 -64111
23 -24 24 13 -64615
10 14 11 12 -65339
-15 20 -14 16 -62189
22 8 22 9 -62367
16 -23 19 -23 -62123
19 20 22 21 -59419
-5 -15 -4 -17 -62545
12 -6 11 -4 -71287
-11 -3 -6 -6 -69159
-17 -20 -18 -19 -51723
22 22 24 17 -54309
-6 -20 -5 -20 -61823
24 23 23 15 -59199
17 19 15 15 -68555
0 18 24 23 -67729
10 24 -24 15 -70877
19 23 19 19 -64593
1 1 2 1 -63303
23 -7 -24 0 -77105
16 -23 15 -20 -54933
15 24 14 19 -54959
22 -7 23 -10 -61179
0 22 7 24 -66737
-10 -4 -8 -2 -59439
-9 -18 -8 -15 -65603
-8 5 -10 5 -67485
4 24 9 24 -64243
-2 20 0 24 -64551
-6 12 -10 11 -67101
-6 -4 -6 -5 -68013
24 17 24 -7 -65353
-8 -21 -12 18 -88487
24 8 22 15 -71467
-24 0 -21 -6 -67379
-24 7 -21 13 -58751
-13 4 -18 -23 -80793
-4 -22 -4 -21 -67523
19 16 19 15 -61813
7 15 6 20 -69577
19 18 17 24 -69841
-23 18 -24 7 -58955
16 10 11 10 -68413
14 -6 14 -7 -64073
0 -12 -1 -12 -72907
-12 17 -10 -14 -94863
-22 -24 -3 -21 -64219
20 20 24 21 -49531
-23 18 -21 12 -65845
-21 -5 -24 -7 -62697
21 -20 12 -19 -73883
7 15 8 19 -66155
6 -4 7 0 -65745
-13 8 -11 7 -67363
-15 -21 -14 -24 -47863
10 -1 8 0 -65655
17 7 18 7 -62415
-6 -12 -6 -9 -61005
11 -8 12 -9 -66237
11 1 11 2 -55615
17 -24 22 -19 -67797
2 -1 4 0 -69433
0 23 1 23 -48609
3 23 4 17 -67761
2 14 3 15 -60525
22 19 14 24 -69753
13 6 16 1 -67871
7 -12 7 -21 -74277
18 21 18 22 -59421
8 0 7 0 -63731
3 4 3 3 -62391
22 8 22 3 -67073
18 0 19 0 -64823
9 5 10 8 -57237
-4 -14 -4 -13 -54649
24 -5 21 -7 -57505
14 8 16 9 -67333
23 -7 24 -17 -60235
-11 23 -9 22 -67113
12 10 10 10 -60701
-2 19 -1 20 -61379
-3 8 -3 6 -70183
6 -16 7 -17 -69041
12 4 14 4 -61171
-9 -21 -11 -21 -60627
18 10 18 8 -66039
-21 -19 -20 -15 -56899
24 4 22 0 -62861
7 -2 7 -5 -69525
-18 12 -20 10 -69195
3 6 7 9 -63087
11 -4 10 -5 -64847
-12 -21 -13 -20 -67721
16 -10 15 -6 -69315
0 3 0 4 -68143
-4 24 -1 23 -50373
-21 -8 -24 -10 -65463
-10 21 -7 21 -66755
15 21 14 15 -72483
14 23 16 22 -58033
24 -8 23 -4 -49617
18 -12 17 -13 -61475
-16 -13 -16 -16 -64595
-24 -5 24 6 -71657
20 -10 21 -12 -67403
22 -18 21 -24 -50429
-2 5 -2 4 -69735
-20 -17 -18 -20 -59163
-24 -17 -20 -9 -60505
-12 17 -10 22 -61089
11 -23 11 -22 -54991
0 -23 -1 -24 -48425
17 6 17 9 -64159
15 -1 15 -2 -57959
-19 0 -16 0 -71343
17 -16 19 -15 -66615
-24 -14 -17 -22 -70553
-23 -6 -23 -10 -64051
12 16 12 19 -64525
-16 0 -17 1 -68329
0 5 -1 5 -57601
14 17 14 13 -65441
16 -5 14 -6 -59027
3 -9 1 -11 -65005
13 -13 11 -12 -63327
-14 5 -18 5 -72175
9 7 7 7 -57009
6 -24 3 -24 -63623
21 -4 21 -3 -54931
0 0 -2 0 -60925
-13 -5 -13 -7 -74481
10 -5 10 -4 -71097
9 -24 16 -22 -52709
-10 -12 -9 -11 -65289
-23 -21 -22 -22 -34307
19 -12 17 -10 -70619
-17 6 -15 7 -68511
2 8 4 7 -61319
18 5 18 2 -62461
23 12 20 14 -63119
0 -18 1 -23 -62315
13 21 9 23 -67985
-24 -22 -15 -19 -64373
-21 15 -23 19 -66073
-7 10 -4 12 -71059
-12 -22 -17 -24 -58461
-6 -13 -7 -14 -64471
1 -17 2 -16 -64671
10 -6 9 -8 -62467
7 -18 7 -12 -69103
21 18 23 18 -50421
-16 -1 -15 -1 -63529
16 12 14 14 -64009
11 -13 14 -11 -64711
-15 5 -15 2 -62065
-21 1 -21 2 -55685
9 14 9 9 -62353
0 -5 1 -4 -59845
7 -7 8 -7 -61261
1 -12 0 -12 -69499
-23 15 -21 16 -65077
-15 -6 -13 -10 -70621
-4 10 -2 10 -61883
-11 9 -14 11 -73223
1 10 -2 8 -64767
6 24 14 23 -67743
18 -23 19 -23 -60809
-22 0 -23 1 -60467
7 8 9 5 -66751
-9 -7 -9 -8 -65231
-15 -15 -15 -16 -64489
-2 -16 -2 -18 -60107
16 -13 18 -15 -61743
-4 -18 -3 -13 -65329
-10 16 -11 14 -62591
13 -18 16 -23 -65135
-6 13 -6 14 -69667
8 -21 5 -24 -68057
-8 -8 -1 -7 -71513
-14 0 -16 -3 -63549
0 15 1 13 -70049
0 -22 -2 -22 -62475
23 15 23 20 -69535
1 5 0 7 -68733
14 -21 8 -23 -57909
23 -12 23 -10 -58731
8 21 7 19 -54719
-22 -9 -24 -3 -61791
24 14 22 11 -49407
-12 -19 -16 -24 -64277
7 20 5 20 -64219
2 -23 -5 -21 -67551
-11 19 24 23 -73965
-22 -4 -24 -2 -60699
-4 24 -3 19 -65699
4 -19 4 -17 -59321
-5 3 -3 4 -58921
9 -10 9 -9 -60765
24 6 21 5 -58125
10 -22 4 -24 -74775
24 1 24 0 -54431
-15 -6 -15 -4 -64747
-10 -6 -10 -7 -73453
7 -21 9 -21 -69305
7 -5 8 -10 -70959
-22 -24 -23 -9 -56177
3 5 5 4 -61441
-7 6 -7 4 -63933
23 0 22 -2 -61649
5 -16 6 -15 -66893
-3 -7 -3 -10 -63027
2 -17 5 -17 -69147
-9 -14 -11 -15 -66895
8 -19 10 -17 -63879
2 -24 0 -23 -53043
-2 11 0 13 -65219
-4 -2 -5 0 -61049
-13 13 -13 10 -71341
19 2 23 1 -66941
16 22 11 21 -61611
12 -10 12 -11 -58345
-5 24 -6 22 -56383
2 -6 3 -6 -58865
9 3 8 1 -58449
-14 -7 -11 -5 -58027
-15 16 -14 12 -65503
-10 11 -10 10 -63183
13 9 10 11 -66561
21 -23 21 -20 -40363
-4 -18 -6 -19 -63437
-3 -22 -1 -20 -65321
9 -17 10 -18 -68101
-11 23 -10 22 -64463
13 18 12 18 -59931
17 -17 13 -19 -69417
-23 24 16 24 -67589
-6 15 -8 15 -64485
-22 13 -20 6 -62621
-13 -14 -16 -17 -71999
-18 -24 -17 -20 -43151
2 -16 2 -14 -56773
-19 -2 -20 -3 -63673
-20 -6 -20 -3 -56781
-16 -12 -14 -11 -59709
-24 20 -18 19 -70837
-15 24 -14 24 -60757
23 -1 24 2 -62867
24 12 22 15 -61357
20 -3 24 -4 -66309
9 -21 9 -20 -60159
-23 4 -24 13 -55687
-24 15 -24 14 -47397
-22 17 -24 15 -55431
23 -4 22 -1 -63943
-3 -2 -3 -1 -59395
10 15 7 14 -54283
12 -22 -14 -24 -67455
-10 -11 -9 -11 -61779
-8 2 -7 2 -66273
-12 -20 -15 -21 -67309
-12 -14 -13 -9 -65999
10 -24 9 -20 -63657
23 13 18 11 -62877
2 14 2 11 -67913
-8 -21 -7 -20 -58471
-15 -6 -15 -9 -70697
7 24 9 24 -57675
-21 24 -15 24 -61933
6 23 2 20 -64089
-23 6 -23 7 -52315
15 12 14 11 -65661
-5 -19 -2 -23 -72541
13 3 13 6 -58565
-11 -18 -11 -23 -66673
-23 9 -20 9 -57963
-5 24 -11 24 -64587
18 -1 17 1 -58887
22 -18 21 -14 -48613
-8 -21 -8 -16 -70361
5 0 4 2 -54793
3 16 1 18 -68675
23 15 23 16 -58737
-24 13 -20 24 -66045
-20 17 -23 19 -71827
22 8 24 19 -68553
17 3 16 3 -63923
-20 3 -19 4 -62755
2 -6 1 -3 -67763
-12 18 -15 17 -73243
-23 24 3 22 -64109
24 -8 22 -8 -47337
20 -11 19 -15 -63245
9 -19 8 -18 -69077
-24 5 -24 -9 -57515
-15 -10 -16 -12 -65659
7 -20 7 -24 -57371
-2 17 -2 16 -60157
4 -12 23 -12 -75293
-16 11 -14 13 -69461
-20 20 -18 22 -58663
-14 17 -12 -12 -93371
-24 0 -23 2 -49033
-15 -15 -18 -19 -69353
22 0 18 -3 -70991
-24 18 22 22 -69697
22 -18 23 -16 -60985
16 -10 16 -8 -66599
-22 -8 -21 -10 -61993
-13 14 -20 14 -67629
-23 8 -23 3 -54733
0 -6 0 -7 -66575
1 24 -2 21 -58823
-10 -24 -13 -20 -70603
