5 -24 1 -22 -70305
-17 4 -19 6 -74431
1 -24 4 -22 -61403
7 -12 4 -11 -60555
-4 13 -4 14 -65007
20 -16 1 -15 -73723
-4 9 -4 10 -68953
19 -17 22 -21 -48213
-17 23 -17 22 -36089
-16 7 -15 5 -69731
-5 8 -6 9 -60203
-15 12 -15 13 -65613
21 -23 19 -23 -50305
-16 21 -17 23 -56453
-16 4 -14 7 -68511
5 14 5 15 -53375
11 -4 12 -4 -74457
7 5 9 7 -67183
2 6 0 4 -71527
16 19 14 22 -67373
-2 -21 -2 -20 -62397
21 -20 24 -14 -66523
-6 -12 -7 -12 -62661
-3 -9 -1 -9 -65781
13 -3 9 -1 -77097
-19 1 -19 0 -62637
16 16 18 15 -64739
-6 22 -7 22 -64681
-4 -8 -7 -10 -64449
1 17 -5 20 -66289
1 12 2 14 -62065
-15 -16 -14 -24 -65033
-11 5 -11 6 -56265
1 23 4 21 -69573
-17 -1 -17 -3 -65343
-22 -10 23 1 -68629
0 1 -2 2 -68511
2 -24 3 -24 -63853
-4 21 -6 24 -67005
-11 -19 -12 -19 -65891
18 12 19 13 -66403
22 12 24 9 -64823
-11 -1 -13 0 -61121
10 17 7 23 -65295
-9 17 -8 15 -62497
-18 -2 -16 -3 -61635
10 14 11 16 -62891
18 17 20 17 -71305
-18 -17 -22 -21 -67655
22 7 19 7 -69377
-4 -1 -2 -1 -60227
14 -24 17 -23 -50127
23 -7 19 -9 -70917
15 4 17 6 -66897
-3 17 -3 19 -57771
12 14 12 11 -61555
-15 20 -11 21 -72243
10 -2 12 -1 -69803
-21 3 -24 3 -70551
21 9 21 11 -67795
5 23 7 19 -64969
17 11 18 9 -65245
19 -6 19 -5 -59289
-23 -14 -24 22 -69123
5 -22 9 -23 -64329
-1 -5 -3 -3 -65385
23 -18 21 -20 -55119
-12 20 -16 24 -67963
-11 1 -10 0 -61707
4 -6 3 -8 -62985
-13 17 -10 16 -65389
5 9 6 4 -73495
-7 -21 -5 -22 -60629
13 -2 14 -2 -70849
-13 -24 -1 -24 -57439
23 -4 19 -4 -72859
-12 2 -12 3 -55007
18 16 20 17 -71979
3 1 3 0 -58251
-21 -18 6 -22 -68183
0 10 0 12 -67053
6 22 2 24 -69203
-20 22 -18 20 -60643
-7 17 -6 24 -67633
8 -12 10 -11 -63253
-10 2 -12 -1 -61799
13 23 11 24 -56021
-1 -10 -2 -9 -65629
-12 23 -16 22 -72193
-20 16 -19 14 -65993
-24 -4 -24 24 -61699
-22 2 -24 2 -66555
-21 8 -19 8 -66133
-19 -12 -21 -8 -69181
2 -9 2 -10 -64547
-2 1 -2 -1 -60479
9 -2 8 0 -67937
13 -15 11 -11 -66677
3 -2 3 -3 -61985
-19 7 -16 11 -68751
16 22 24 24 -56055
-11 20 -10 17 -63851
-22 -12 -20 -19 -67761
11 -21 12 -23 -62091
-2 -6 1 -6 -65683
18 -10 19 -8 -68311
-23 -5 -24 -10 -65473
-4 9 -2 11 -73747
11 22 13 24 -44145
-24 15 -22 14 -55355
11 -12 10 -14 -63263
-10 3 -9 4 -65277
-12 6 -12 9 -61637
-13 21 -16 18 -71791
23 0 24 -3 -49969
14 0 13 -3 -66039
-8 -24 -7 -19 -60137
-22 -12 -20 -13 -65327
24 -14 19 -13 -50783
4 11 4 9 -61783
12 -4 12 -1 -62715
0 -12 0 -9 -70197
-12 -15 -15 -14 -59679
0 -17 -2 -17 -60919
-5 3 -5 1 -55405
-3 24 -5 24 -54457
5 8 8 9 -61647
-18 -15 -24 -15 -64983
-19 -10 -17 -10 -56011
24 0 24 -23 -58453
-11 0 -11 -1 -53785
-3 1 -2 3 -59771
8 8 10 6 -82009
-20 -15 -20 -17 -64305
14 -14 15 -14 -62437
-24 -23 2 -7 -64829
-7 20 -4 22 -66301
-8 17 -8 15 -60843
23 5 24 6 -51629
0 13 1 13 -59319
-18 13 -18 20 -70269
19 -2 14 -2 -73005
-1 12 0 10 -69537
-11 -15 -11 -16 -58007
-10 -10 -8 -12 -67317
-20 -20 -18 -19 -66445
-20 22 -24 20 -59775
16 -17 16 -16 -53677
16 21 18 21 -62273
-18 5 -19 10 -71651
-18 17 -17 20 -62103
-1 24 3 19 -69663
-8 -23 -10 -19 -67751
-9 -5 -10 -2 -58729
22 -13 21 -15 -60443
6 -1 2 -2 -68477
5 -19 2 -24 -64687
-12 11 -14 11 -67763
-20 8 -22 4 -71245
-10 -24 -15 -24 -57941
24 -23 -4 -21 -57101
8 -8 9 -9 -70081
21 5 24 3 -65449
-22 5 -24 -24 -61309
-19 13 -18 14 -63923
-5 10 -5 7 -67175
-22 2 -21 3 -68081
-23 -1 -22 -1 -67141
-13 -10 -13 -11 -63815
21 -2 0 -1 -78313
22 -8 24 -5 -63071
-7 24 -6 20 -71671
4 11 5 7 -68147
-20 -12 -20 -8 -66051
19 -21 22 -20 -61807
-15 9 -16 12 -70075
9 8 10 5 -74139
6 14 5 15 -58609
-20 -15 -20 -11 -59197
1 9 2 8 -57173
-24 19 -20 24 -56499
2 -12 4 -14 -60789
-9 7 -12 6 -69077
17 -18 16 -24 -55843
-24 -4 -22 -1 -59931
20 -9 18 -8 -65759
24 2 24 9 -57791
14 -18 15 -16 -65929
-20 6 -18 5 -71563
-23 -12 -21 -12 -59977
13 1 14 3 -59615
-17 -4 -21 -6 -67647
22 20 22 17 -67297
-24 -23 -15 -24 -44295
-8 24 -7 21 -65337
-7 -11 -6 -13 -65979
23 -12 24 -7 -62061
-21 -7 -23 -9 -75351
24 4 23 5 -53637
10 -14 9 -16 -62963
23 -24 24 13 -61737
10 14 11 12 -65609
-15 20 -14 16 -63129
22 8 22 9 -61513
16 -23 19 -23 -61759
19 20 22 21 -65083
-5 -15 -4 -17 -62103
12 -6 11 -4 -67947
-11 -3 -6 -6 -67689
-17 -20 -18 -19 -51197
22 22 24 17 -54201
-6 -20 -5 -20 -62037
24 23 23 15 -58239
17 19 15 15 -68263
0 18 24 23 -68979
10 24 -24 15 -69235
19 23 19 19 -63097
1 1 2 1 -65981
23 -7 -24 0 -66803
16 -23 15 -20 -54001
15 24 14 19 -54287
22 -7 23 -10 -59851
0 22 7 24 -66067
-10 -4 -8 -2 -56813
-9 -18 -8 -15 -64653
-8 5 -10 5 -67073
4 24 9 24 -63557
-2 20 0 24 -64885
-6 12 -10 11 -63151
-6 -4 -6 -5 -57333
24 17 24 -7 -64453
10 -2 14 -23 -78663
24 8 22 15 -71645
-24 0 -21 -6 -71421
-24 7 -21 13 -60381
-7 -6 -5 -9 -69393
-4 -22 -4 -21 -58547
19 16 19 15 -60755
-14 0 -16 -2 -73029
19 18 17 24 -68147
-23 18 -24 7 -62877
16 10 11 10 -69385
14 -6 14 -7 -62331
0 -12 -1 -12 -66331
-6 24 -24 21 -72441
-22 -24 -3 -21 -63109
20 20 24 21 -52671
-23 18 -21 12 -75271
-21 -5 -24 -7 -67959
21 -20 12 -19 -72219
7 15 8 19 -60551
6 -4 7 0 -67037
-13 8 -11 7 -66757
-15 -21 -14 -24 -47991
10 -1 8 0 -70201
17 7 18 7 -68259
-6 -12 -6 -9 -74901
11 -8 12 -9 -74703
11 1 11 2 -53513
17 -24 22 -19 -68317
8 -3 6 5 -71153
0 23 1 23 -50043
3 23 4 17 -65033
2 14 3 15 -54673
22 19 14 24 -72599
-2 4 -22 5 -73087
21 3 18 2 -72817
18 21 18 22 -57559
8 0 7 0 -68145
3 4 3 3 -65181
22 8 22 3 -61983
18 0 19 0 -70569
9 5 10 8 -64023
-4 -14 -4 -13 -59377
24 -5 21 -7 -67967
14 8 16 9 -67115
23 -7 24 -17 -60115
-11 23 -9 22 -65975
12 10 10 10 -65525
-2 19 -1 20 -61055
0 -2 8 3 -80587
6 -16 7 -17 -65019
12 4 14 4 -64135
-9 -21 -11 -21 -60033
18 10 18 8 -66001
-21 -19 -20 -15 -65945
24 4 22 0 -62487
7 -2 7 -5 -64177
15 6 17 4 -64279
5 -18 4 -13 -72739
11 -4 10 -5 -65497
-12 -21 -13 -20 -68217
16 -10 15 -6 -71729
0 3 0 4 -66655
-4 24 -1 23 -52855
-21 -8 -24 -10 -67493
-10 21 -7 21 -64285
15 21 14 15 -70469
14 23 16 22 -58267
24 -8 23 -4 -53895
18 -12 17 -13 -66129
-16 -13 -16 -16 -68527
-5 -11 -5 -9 -75429
20 -10 21 -12 -61501
22 -18 21 -24 -50183
-2 5 -2 4 -63949
-20 -17 -18 -20 -60171
-24 -17 -20 -9 -62929
-12 17 -10 22 -61053
11 -23 11 -22 -55901
0 -23 -1 -24 -47405
17 6 17 9 -60209
15 -1 15 -2 -58897
24 -2 24 -6 -52093
17 -16 19 -15 -68003
-24 -14 -17 -22 -71159
-23 -6 -23 -10 -64289
12 16 12 19 -61231
-16 0 -17 1 -64809
0 5 -1 5 -63817
14 17 14 13 -64613
16 -5 14 -6 -66309
3 -9 1 -11 -65593
13 -13 11 -12 -65719
-14 21 -18 21 -70229
9 7 7 7 -69739
6 -24 3 -24 -63215
21 -4 21 -3 -56049
0 0 -2 0 -68151
24 19 -8 15 -76115
-2 4 -1 7 -68701
9 -24 16 -22 -51867
-10 -12 -9 -11 -65355
-23 -21 -22 -22 -33045
21 -9 15 -10 -70759
-17 6 -15 7 -64371
-8 -24 -9 13 -72867
18 5 18 2 -55027
23 12 20 14 -64347
0 -18 1 -23 -59865
13 21 9 23 -66159
-24 -22 -15 -19 -63829
-21 15 -23 19 -70009
-7 10 -4 12 -68339
-12 -22 -17 -24 -57543
-6 -13 -7 -14 -65297
1 -17 2 -16 -63525
10 -6 9 -8 -62415
7 -18 7 -12 -71037
21 18 23 18 -54097
-16 -1 -15 -1 -62357
16 12 14 14 -64665
-1 6 5 7 -69827
-15 5 -15 2 -60881
-21 1 -21 2 -58163
9 14 9 9 -60153
0 -5 1 -4 -54359
-12 -7 -16 -9 -64571
1 -12 0 -12 -63677
-23 15 -21 16 -62705
-15 -6 -13 -10 -64627
-4 10 -2 10 -59595
-11 9 -14 11 -71067
1 10 -2 8 -73473
6 24 14 23 -65821
18 -23 19 -23 -60871
-22 0 -23 1 -63025
7 8 9 5 -84595
-9 -7 -9 -8 -62845
-15 -15 -15 -16 -67657
-2 -16 -2 -18 -60909
16 -13 18 -15 -58007
-4 -18 -3 -13 -68495
-10 16 -11 14 -65181
13 -18 16 -23 -64541
-6 13 -6 14 -65867
8 -21 5 -24 -56857
-8 -8 -1 -7 -69639
-14 0 -16 -3 -76345
0 15 1 13 -66479
0 -22 -2 -22 -61749
23 15 23 20 -68223
1 -9 0 -15 -72319
14 -21 8 -23 -55029
23 -12 23 -10 -57493
8 21 7 19 -54841
-22 -9 -24 -3 -63871
24 14 22 11 -51419
-12 -19 -16 -24 -62799
7 20 5 20 -63765
2 -23 -5 -21 -65635
-11 19 24 23 -69781
-22 -4 -24 -2 -63063
-4 24 -3 19 -68221
4 -19 4 -17 -59831
-5 3 -3 4 -58775
9 -10 9 -9 -64863
24 6 21 5 -60357
1 -2 0 0 -65581
24 1 24 0 -52949
-15 -6 -15 -4 -60341
-10 -6 -10 -7 -63845
7 -21 9 -21 -61517
7 -5 8 -10 -69661
-22 -24 -23 -9 -59151
3 5 5 4 -62729
-16 3 -18 -11 -85829
23 0 22 -2 -60029
5 -16 6 -15 -62995
-3 -7 -3 -10 -69473
2 -17 5 -17 -64017
-9 -14 -11 -15 -66725
8 -19 10 -17 -59523
2 -24 0 -23 -55083
-2 11 0 13 -69211
-4 -2 -5 0 -63115
-13 13 -13 10 -69447
19 2 23 1 -71203
16 22 11 21 -61617
12 -10 12 -11 -60945
-5 24 -6 22 -54655
2 -6 3 -6 -59067
-11 3 -6 14 -83329
-14 -7 -11 -5 -64547
-15 16 -14 12 -66281
-10 11 -10 10 -60421
13 9 10 11 -73031
21 -23 21 -20 -39753
-4 -18 -6 -19 -64305
-3 -22 -1 -20 -65349
9 -17 10 -18 -66803
-11 23 -10 22 -62757
13 18 12 18 -60127
17 -17 13 -19 -70741
-23 24 16 24 -63743
-6 15 -8 15 -55989
-22 13 -20 6 -66629
-13 -14 -16 -17 -69465
-18 -24 -17 -20 -42599
2 -16 2 -14 -65839
-19 -2 -20 -3 -69007
-20 -6 -20 -3 -64007
-16 -12 -14 -11 -62227
-24 20 -18 19 -67335
-15 24 -14 24 -62617
23 -1 24 2 -62821
24 12 22 15 -60389
20 -3 24 -4 -65137
9 -21 9 -20 -60657
-23 4 -24 13 -60495
-24 15 -24 14 -51375
-22 17 -24 15 -54605
-13 15 -14 14 -69869
-3 -2 -3 -1 -56951
10 15 7 14 -58133
12 -22 -14 -24 -63055
-10 -11 -9 -11 -62333
-8 2 -7 2 -64135
-12 -20 -15 -21 -66401
-12 -14 -13 -9 -66811
10 -24 9 -20 -66847
23 13 18 11 -69059
4 0 4 -21 -75775
-8 -21 -7 -20 -58473
-15 -6 -15 -9 -65571
7 24 9 24 -56673
-21 24 -15 24 -56139
6 23 2 20 -62851
-23 6 -23 7 -58631
15 12 14 11 -65087
-5 -19 -2 -23 -64577
13 3 13 6 -55853
-11 -18 -11 -23 -63941
-23 9 -20 9 -59739
-5 24 -11 24 -63513
18 -1 17 1 -59881
22 -18 21 -14 -47651
-8 -21 -8 -16 -67773
5 0 4 2 -62999
3 16 1 18 -66709
23 15 23 16 -58129
-24 13 -20 24 -64217
-20 17 -23 19 -70875
22 8 24 19 -69643
17 3 16 3 -70319
-20 3 -19 4 -65751
2 -6 1 -3 -67857
13 -13 14 -12 -65821
-23 24 3 22 -65451
24 -8 22 -8 -49177
20 -11 19 -15 -65307
9 -19 8 -18 -68189
-24 5 -24 -9 -64175
-15 -10 -16 -12 -67181
7 -20 7 -24 -59663
-2 17 -2 16 -55145
12 -7 6 -7 -71957
-16 11 -14 13 -69351
-20 20 -18 22 -58003
15 -9 13 -8 -69839
-24 0 -23 2 -52925
-15 -15 -18 -19 -69405
5 -24 4 -23 -57775
-24 18 22 22 -66645
22 -18 23 -16 -61209
16 -10 16 -8 -67375
-22 -8 -21 -10 -60993
-13 14 -20 14 -66113
-23 8 -23 3 -60517
0 -6 0 -7 -63567
1 24 -2 21 -59177
-10 -24 -13 -20 -69483
