5 -24 1 -22 -71053
-11 -10 -11 -8 -65081
1 -24 4 -22 -61731
7 -12 4 -11 -70867
-4 13 -4 14 -68145
-7 14 1 15 -65031
-4 9 -4 10 -64059
19 -17 22 -21 -67125
-17 23 -17 22 -39083
-16 7 -15 5 -61781
-5 8 -6 9 -63239
-15 12 -15 13 -65727
21 -23 19 -23 -46545
-16 21 -17 23 -55287
-16 4 -14 7 -68343
5 14 5 15 -62247
12 15 13 -6 -79855
4 -6 4 -3 -64857
7 -12 4 -10 -72759
16 19 14 22 -68899
-2 -21 -2 -20 -63639
21 -20 24 -14 -67555
-6 -12 -7 -12 -61833
-3 -9 -1 -9 -64319
17 -9 16 -7 -66635
-19 1 -19 0 -65249
16 16 18 15 -70831
-6 22 -7 22 -66837
-4 -8 -7 -10 -69091
1 22 3 22 -64897
1 12 2 14 -70895
-15 -16 -14 -24 -66703
-11 5 -11 6 -54269
13 -21 14 -24 -63621
-17 -1 -17 -3 -59565
-15 4 -19 4 -66635
-9 1 -12 1 -69741
2 -24 3 -24 -64319
-4 21 -6 24 -69569
-11 -19 -12 -19 -69265
18 12 19 13 -60553
22 12 24 9 -65427
-11 -1 -13 0 -67793
10 17 7 23 -67757
-9 17 -8 15 -67103
-18 -2 -16 -3 -63649
10 14 11 16 -66023
18 17 20 17 -69191
12 -8 7 -7 -73355
22 7 19 7 -62763
-4 -1 -2 -1 -57887
14 -24 17 -23 -48109
23 -7 19 -9 -66213
15 4 17 6 -65007
-3 17 -3 19 -63779
12 14 12 11 -66525
-15 20 -11 21 -54275
10 -2 12 -1 -68849
-21 3 -24 3 -72527
21 9 21 11 -69161
5 23 7 19 -67705
17 11 18 9 -70117
19 -6 19 -5 -59895
-23 -14 -24 22 -64195
5 -22 9 -23 -64673
-1 -5 -3 -3 -65679
23 -18 21 -20 -53635
-12 20 -16 24 -61757
-11 1 -10 0 -67057
4 -6 3 -8 -63105
-13 17 -10 16 -60983
5 9 6 4 -71393
-7 -21 -5 -22 -63403
-4 -6 -7 -6 -64485
-13 -24 -1 -24 -60051
0 16 0 17 -69417
-12 2 -12 3 -59645
18 16 20 17 -66281
3 1 3 0 -55907
7 3 3 3 -66523
0 10 0 12 -63655
6 6 7 1 -64363
-20 22 -18 20 -57367
-7 17 -6 24 -69871
8 -12 10 -11 -72113
-10 2 -12 -1 -64471
13 23 11 24 -56393
-2 13 0 16 -73225
4 -18 4 -22 -67967
-20 16 -19 14 -59767
-24 -4 -24 24 -60205
-22 2 -24 2 -67569
-21 8 -19 8 -70085
-19 -12 -21 -8 -69315
2 -9 2 -10 -59081
-2 1 -2 -1 -66461
9 -2 8 0 -69559
13 -15 11 -11 -73577
3 -2 3 -3 -63671
-19 7 -16 11 -69633
16 22 24 24 -54119
-11 20 -10 17 -65553
-22 -12 -20 -19 -68679
11 -21 12 -23 -68159
-2 -6 1 -6 -65127
18 -10 19 -8 -66243
-23 -5 -24 -10 -57731
-10 15 -6 11 -70723
11 22 13 24 -44269
-24 15 -22 14 -51899
11 -12 10 -14 -72055
-10 3 -9 4 -65091
-12 6 -12 9 -58029
-13 21 -16 18 -62509
23 0 24 -3 -54909
14 0 13 -3 -70307
-8 -24 -7 -19 -59965
-22 -12 -20 -13 -66623
24 -14 19 -13 -49989
4 11 4 9 -63077
12 -4 12 -1 -66389
0 -12 0 -9 -62583
-12 -15 -15 -14 -64841
0 -17 -2 -17 -56223
-5 3 -5 1 -54705
-3 24 -5 24 -60357
5 8 8 9 -64205
-18 -15 -24 -15 -64379
-19 -10 -17 -10 -56599
24 0 24 -23 -60173
-11 0 -11 -1 -54401
-3 1 -2 3 -60849
-23 -4 -22 -7 -59583
-20 -15 -20 -17 -64829
14 -14 15 -14 -59737
-24 -23 2 -18 -66823
24 19 -4 24 -66241
-8 17 -8 15 -63619
23 5 24 6 -49893
0 13 1 13 -54731
-18 13 -18 20 -66437
19 -2 14 -2 -65937
-1 12 0 10 -69475
-11 -15 -11 -16 -61377
0 22 -3 23 -69007
-20 -20 -18 -19 -65499
-20 22 -24 20 -64581
16 -17 16 -16 -55979
16 21 18 21 -62591
-18 5 -19 10 -65409
-18 17 -17 20 -63837
-1 24 3 19 -65573
-8 -23 -10 -19 -68451
-9 -5 -10 -2 -60345
22 -13 21 -15 -63055
6 -1 2 -2 -63369
5 -19 2 -24 -69425
-12 11 -14 11 -59739
12 0 11 0 -70643
-10 -24 -15 -24 -60527
24 -23 -4 -21 -57921
8 -8 9 -9 -67941
21 5 24 3 -70379
-22 5 -24 -24 -60437
-19 13 -18 14 -64717
-5 10 -5 7 -65629
-22 2 -21 3 -73887
-23 -1 -22 -1 -67823
-13 -10 -13 -11 -64683
6 21 3 24 -63077
22 -8 24 -5 -64025
-7 24 -6 20 -72835
4 11 5 7 -68521
-20 -12 -20 -8 -61773
19 -21 22 -20 -53621
-15 9 -16 12 -65165
9 8 10 5 -65675
21 -23 19 -19 -65197
-20 -15 -20 -11 -58209
1 9 2 8 -61419
-24 19 -20 24 -63767
-4 -9 -3 -8 -70041
-9 7 -12 6 -69611
17 -18 16 -24 -60401
-24 -4 -22 -1 -58795
20 -9 18 -8 -64483
24 2 24 9 -63079
14 -18 15 -16 -64975
-20 6 -18 5 -65241
-23 -12 -21 -12 -58377
13 1 14 3 -62451
-17 -4 -21 -6 -66969
22 20 22 17 -57481
-24 -23 -15 -24 -45897
-8 24 -7 21 -66249
-7 -11 -6 -13 -70127
23 -12 24 -7 -67001
-4 -2 -4 -4 -71691
24 4 23 5 -60933
10 -14 9 -16 -66331
23 -24 24 13 -62881
10 14 11 12 -68091
-15 20 -14 16 -63317
22 8 22 9 -61779
16 -23 19 -23 -57717
19 20 22 21 -62547
-5 -15 -4 -17 -72519
12 -6 11 -4 -65499
18 11 18 17 -76867
-17 -20 -18 -19 -51343
22 22 24 17 -49563
-6 -20 -5 -20 -65517
24 23 23 15 -50151
17 19 15 15 -68711
-16 1 -16 2 -66967
10 24 -24 15 -69597
19 23 19 19 -62535
1 1 2 1 -64877
23 -7 -24 0 -66275
16 -23 15 -20 -64073
15 24 14 19 -55237
22 -7 23 -10 -61575
0 22 7 24 -69961
-10 -4 -8 -2 -60415
-9 -18 -8 -15 -63443
-8 5 -10 5 -69245
4 24 9 24 -65023
-2 20 0 24 -68115
-6 12 -10 11 -65471
-6 -4 -6 -5 -65667
24 17 24 -7 -67693
21 -17 -23 -23 -58853
24 8 22 15 -73635
-24 0 -21 -6 -71269
-24 7 -21 13 -57543
-10 -12 -13 -13 -69125
-4 -22 -4 -21 -58775
19 16 19 15 -68413
-14 0 -16 -2 -60917
19 18 17 24 -68885
-23 18 -24 7 -57303
16 10 11 10 -67297
14 -6 14 -7 -56961
11 0 8 1 -82785
6 14 5 12 -69763
-22 -24 -3 -21 -69271
20 20 24 21 -51087
-24 2 -21 7 -72243
-21 -5 -24 -7 -60267
-7 -8 -4 -15 -81649
7 15 8 19 -68987
6 -4 7 0 -64893
-13 8 -11 7 -60963
-15 -21 -14 -24 -48721
10 -1 8 0 -81273
17 7 18 7 -60597
-3 2 5 1 -77555
13 10 14 3 -73913
11 1 11 2 -54739
-10 -15 -12 -13 -67313
9 -13 8 -10 -69605
0 23 1 23 -60847
3 23 4 17 -66297
2 14 3 15 -67635
22 19 14 24 -73675
-3 -16 -4 -15 -68451
21 3 18 2 -68929
18 21 18 22 -57505
8 0 7 0 -70529
3 4 3 3 -64397
22 8 22 3 -67895
18 0 19 0 -65597
9 5 10 8 -66035
-4 -14 -4 -13 -60219
24 -5 21 -7 -64923
14 8 16 9 -60773
23 -7 24 -17 -68429
-11 23 -9 22 -65903
12 10 10 10 -62191
-2 19 -1 20 -69437
7 18 6 17 -71361
6 -16 7 -17 -71007
12 4 14 4 -65759
-9 -21 -11 -21 -60789
18 10 18 8 -68911
-21 -19 -20 -15 -65955
24 4 22 0 -65831
7 -2 7 -5 -65757
15 6 17 4 -62775
19 -19 20 -21 -69649
11 -4 10 -5 -62751
-12 -21 -13 -20 -70359
6 -18 4 -14 -74129
0 3 0 4 -65489
-4 24 -1 23 -69009
-21 -8 -24 -10 -56307
-10 21 -7 21 -67049
15 21 14 15 -73085
14 23 16 22 -58665
24 -8 23 -4 -54873
18 -12 17 -13 -66189
-16 -13 -16 -16 -69339
-5 -11 -5 -9 -64921
20 -10 21 -12 -64991
22 -18 21 -24 -54101
-2 5 -2 4 -64061
-20 -17 -18 -20 -59973
-24 -17 -20 -9 -60919
-12 17 -10 22 -60479
11 -23 11 -22 -62779
0 -23 -1 -24 -47865
17 6 17 9 -65889
15 -1 15 -2 -65855
24 -2 24 -6 -54761
17 -16 19 -15 -63545
-24 -14 -17 -22 -71001
-23 -6 -23 -10 -58901
12 16 12 19 -65901
-16 0 -17 1 -68251
0 5 -1 5 -53475
14 17 14 13 -74071
16 -5 14 -6 -62711
3 -9 1 -11 -65541
13 -13 11 -12 -64239
10 5 7 3 -68715
9 7 7 7 -67771
6 -24 3 -24 -63763
21 -4 21 -3 -60801
0 0 -2 0 -64307
4 -9 2 -9 -65819
15 -23 12 -22 -56183
9 -24 16 -22 -62999
-10 -12 -9 -11 -64991
-23 -21 -22 -22 -33209
5 15 8 13 -59229
-17 6 -15 7 -66653
-2 9 -1 6 -68383
18 5 18 2 -61665
23 12 20 14 -62601
0 -18 1 -23 -65315
13 21 9 23 -67349
-24 -22 -15 -19 -64169
-21 15 -23 19 -60173
-7 10 -4 12 -60885
-12 -22 -17 -24 -59611
-6 -13 -7 -14 -63487
1 -17 2 -16 -60961
10 -6 9 -8 -58589
7 -18 7 -12 -69115
21 18 23 18 -52363
-16 -1 -15 -1 -62063
16 12 14 14 -74467
0 -3 -3 -11 -76237
-15 5 -15 2 -64915
-21 1 -21 2 -61353
9 14 9 9 -64761
0 -5 1 -4 -60353
-12 -7 -16 -9 -67913
1 -12 0 -12 -55733
-23 15 -21 16 -66017
-2 7 -3 5 -64011
-4 10 -2 10 -54113
-19 24 -21 22 -56979
18 -7 16 -7 -66201
6 24 14 23 -66953
18 -23 19 -23 -56081
-22 0 -23 1 -62853
14 -16 14 -11 -70909
-9 -7 -9 -8 -64473
-15 -15 -15 -16 -69227
-2 -16 -2 -18 -62771
16 -13 18 -15 -57111
-4 -18 -3 -13 -68393
-10 16 -11 14 -63705
-2 -3 -3 0 -79669
-6 13 -6 14 -67489
8 -21 5 -24 -60969
24 -8 0 -6 -72005
20 0 19 -3 -68695
0 15 1 13 -67875
0 -22 -2 -22 -58367
-1 21 -4 21 -72069
-24 -8 0 -5 -68317
14 -21 8 -23 -66883
23 -12 23 -10 -69829
8 21 7 19 -57843
-9 21 -5 24 -65801
24 14 22 11 -50563
-12 -19 -16 -24 -63997
7 20 5 20 -69807
10 -23 12 -23 -58071
-11 19 24 23 -63389
-22 -4 -24 -2 -62531
-4 24 -3 19 -70019
4 -19 4 -17 -64625
-5 3 -3 4 -56969
9 -10 9 -9 -61743
24 6 21 5 -57521
1 -2 0 0 -70203
24 1 24 0 -57845
-15 -6 -15 -4 -58973
-10 -6 -10 -7 -64175
7 -21 9 -21 -64193
7 -11 8 -10 -70223
-22 -24 -23 -9 -60399
3 5 5 4 -66801
3 3 1 6 -74435
23 0 22 -2 -66209
5 -16 6 -15 -62025
-3 -7 -3 -10 -66621
2 -17 5 -17 -65285
0 -8 -1 -7 -61829
8 -19 10 -17 -61565
2 -24 0 -23 -55209
-21 -20 -20 -19 -58781
-4 -2 -5 0 -66137
-13 13 -13 10 -68483
19 2 23 1 -69155
16 22 11 21 -60311
12 -10 12 -11 -64885
-5 24 -6 22 -56903
2 -6 3 -6 -66315
24 -11 24 -12 -61177
-14 -7 -11 -5 -64121
-15 16 -14 12 -65617
-10 11 -10 10 -55811
13 6 10 7 -69445
21 -23 21 -20 -49139
-4 -18 -6 -19 -66103
-3 -22 -1 -20 -66107
9 -17 10 -18 -68407
-11 23 -10 22 -63669
13 18 12 18 -58339
17 -17 13 -19 -65791
-23 24 16 24 -60469
-6 15 -8 15 -61141
-22 13 -20 6 -65613
-13 -14 -16 -17 -70717
-18 -24 -17 -20 -43361
2 -16 2 -14 -59367
-19 -2 -20 -3 -67909
-20 -6 -20 -3 -61951
-16 -12 -14 -11 -64103
-24 20 -18 19 -68451
-15 24 -14 24 -43907
23 -1 24 2 -66889
24 12 22 15 -61933
20 -3 24 -4 -56503
9 -21 9 -20 -64303
-23 4 -24 13 -59059
-24 15 -24 14 -43147
-22 17 -24 15 -55395
-13 15 -14 14 -64381
-3 -2 -3 -1 -71549
10 15 7 14 -62327
12 -22 -14 -24 -63367
-10 -11 -9 -11 -58875
-8 2 -7 2 -64451
-12 -20 -15 -21 -68417
-12 -14 -13 -9 -66929
10 -24 9 -20 -69275
12 19 18 11 -90737
-23 13 -17 12 -72105
-8 -21 -7 -20 -57247
-15 -6 -15 -9 -64417
7 24 9 24 -58437
-21 24 -15 24 -48449
6 23 2 20 -67839
-23 6 -23 7 -56023
13 -4 11 -2 -69871
-5 -19 -2 -23 -65413
13 3 13 6 -64973
-11 -18 -11 -23 -64795
-23 9 -20 9 -64693
-5 24 -11 24 -67011
18 -1 17 1 -62557
22 -18 21 -14 -53517
-8 -21 -8 -16 -69625
5 0 4 2 -62805
3 16 1 18 -65707
23 15 23 16 -55957
-24 13 -20 24 -67081
-20 17 -23 19 -67767
22 8 24 19 -69953
-13 0 -6 -20 -84261
-20 3 -19 4 -68753
2 -24 -7 -23 -62159
13 -13 14 -12 -69715
-23 24 3 22 -62577
24 -8 22 -8 -46313
20 -11 19 -15 -71291
9 -19 8 -18 -69985
-24 5 -24 -9 -61291
-15 -10 -16 -12 -66861
7 -20 7 -24 -65301
-2 17 -2 16 -71379
24 2 23 5 -62551
-16 11 -14 13 -67457
-20 20 -18 22 -65643
15 -9 13 -8 -66505
-24 0 -23 2 -55803
-15 -15 -18 -19 -68857
5 -24 4 -23 -58829
-24 18 22 22 -60893
22 -18 23 -16 -62171
16 -10 16 -8 -63779
-22 -8 -21 -10 -60355
-13 14 -20 14 -64159
-23 8 -23 3 -59861
-14 -5 -13 -6 -62207
1 24 -2 21 -64467
-10 -24 -13 -20 -70471
