-1 -2 -1 7 -135832
-6 13 8 4 -148820
-2 1 2 11 -135162
-12 -13 -9 0 -128228
-24 8 -5 19 -113964
24 2 -3 5 -132304
8 -2 4 2 -127730
8 -11 5 -15 -96352
-23 -4 -9 14 -131224
6 -12 8 -10 -103694
8 -11 10 -4 -121580
6 3 6 5 -102860
-1 23 -5 5 -130008
-2 -17 -8 -11 -123346
7 14 5 8 -97570
-8 5 -23 -5 -135154
0 0 -4 -4 -130630
-3 7 6 22 -127376
6 -6 -5 -8 -137962
2 8 -1 22 -127778
-7 -3 -18 -10 -124898
18 4 11 10 -127242
-12 2 -17 15 -115508
3 -15 18 -10 -129848
12 0 19 -3 -111658
15 1 -5 -23 -136002
1 22 19 7 -129110
-9 9 -17 0 -131200
13 6 12 -6 -110084
-7 22 10 6 -139188
1 -12 2 -12 -91804
8 0 22 3 -137928
-12 19 -1 11 -122008
17 -16 10 6 -136556
-16 14 22 -5 -133340
-12 12 -2 18 -114976
-6 3 -15 -4 -138384
12 8 14 -20 -128848
-9 -23 5 16 -134058
-7 11 1 7 -129966
12 6 3 21 -130952
4 -5 14 -4 -135880
22 -15 -11 1 -135328
24 9 3 -3 -127116
8 20 -4 9 -124636
9 -1 4 0 -132570
18 -1 14 -6 -101932
6 2 5 4 -106468
0 22 -18 7 -126382
22 -1 18 0 -50500
22 -4 3 -5 -135700
-7 1 -3 2 -124868
-20 19 -2 17 -96062
-10 3 24 -8 -132738
-1 -24 5 18 -132014
-4 -12 -7 -2 -135640
3 21 5 8 -117788
13 20 5 3 -125480
-15 -8 0 -20 -136408
17 -5 13 -7 -88332
-11 6 -22 -3 -129038
4 15 1 10 -100014
-9 -9 4 -21 -136720
10 5 24 0 -119372
-2 3 -12 23 -135716
-15 3 20 12 -131848
8 -13 -22 -18 -115414
-1 -1 3 -7 -137652
-13 -18 -12 4 -131368
15 -12 11 -22 -61950
-1 -6 -5 -6 -119518
-8 13 -4 12 -98646
-14 -8 14 -18 -136750
-20 0 1 -11 -147078
15 9 18 8 -85042
10 -7 6 -11 -123450
22 24 14 13 -34844
5 -18 5 -4 -132502
-6 -6 -5 -20 -128404
-11 7 12 18 -129494
17 -20 7 -18 -70160
-10 2 -22 -15 -115830
6 -18 3 -7 -129632
12 -2 15 14 -118150
-23 -1 -8 12 -135550
2 -7 6 1 -135170
-8 -11 -1 -19 -130554
6 6 -22 -17 -132666
4 -2 6 -1 -120864
7 -2 8 6 -116408
0 -12 0 -5 -128738
-9 8 0 15 -126534
6 20 17 -6 -135616
9 -14 -2 -10 -132864
-20 18 -10 1 -123710
-2 -8 -6 22 -137590
-20 3 -9 7 -123980
13 -5 11 -8 -96594
-4 11 0 10 -106098
12 12 21 -21 -116772
-6 2 -20 3 -133728
2 -12 2 -16 -101028
22 -6 12 0 -106010
17 24 1 9 -100634
7 -9 -23 -3 -137344
2 9 3 1 -128296
-7 0 -1 -1 -133450
-22 19 -8 6 -108162
4 -4 -3 -10 -134350
-16 -8 -10 16 -133668
-14 -23 -19 -13 -58836
10 -8 -2 -11 -139566
6 -11 13 -10 -123104
-23 -16 -21 9 -82824
1 -12 -1 -5 -133164
21 9 3 8 -135278
-5 10 -6 -23 -134216
-1 -8 -1 12 -139276
-6 3 -18 10 -130072
12 -12 -3 -21 -118802
-9 -18 -23 9 -134400
18 -19 -14 17 -135996
-8 -14 -12 -23 -57610
-6 2 13 -3 -153350
-5 3 -5 1 -116760
-2 -16 -15 -8 -134920
14 2 7 8 -127846
9 3 21 8 -127668
1 -9 0 -18 -120442
-14 4 -6 0 -126154
0 0 1 -22 -135648
-2 -6 -1 -8 -121164
7 24 11 19 -36958
-18 -3 16 -23 -125744
-24 4 -3 -18 -135132
10 -23 2 1 -137092
-3 -23 -1 -5 -124996
9 -7 -12 -23 -130498
8 -13 12 -11 -108132
20 19 2 -9 -134590
-8 4 -9 0 -111370
10 -14 19 15 -130664
-12 -14 -3 -10 -113748
-3 -23 -2 17 -135288
-11 -3 -14 6 -122294
-23 -7 -6 -5 -116936
-13 -18 -13 -10 -77042
-2 -8 4 -2 -137988
4 17 -11 17 -103132
-19 0 23 -2 -128886
17 2 10 -20 -125164
-15 6 -12 -5 -124676
12 23 7 -12 -136150
-9 -5 -10 -2 -101180
0 -9 -2 -7 -119214
0 5 2 5 -120034
-16 -4 -9 -9 -114572
-7 2 -16 2 -121362
-1 4 2 6 -116586
-4 -3 15 -24 -131850
12 -15 -10 -18 -130892
8 -8 9 -9 -91602
-18 -24 -20 3 -88060
10 -20 4 -9 -120928
12 6 5 2 -120412
-17 3 -18 -19 -101076
1 -13 2 -7 -111510
-10 -1 -18 7 -123018
-4 -3 -16 -3 -134364
-19 -23 2 -6 -119738
-15 4 -14 8 -83414
-24 -7 16 15 -119676
-19 15 -8 7 -112772
-8 -20 3 -13 -124254
-9 10 -11 -2 -137232
-14 14 -13 -1 -124020
1 -4 -23 -8 -128044
3 -24 11 0 -126044
11 -16 -11 -15 -131044
-13 3 -15 -7 -106252
21 13 16 10 -52490
24 -12 -4 -7 -117728
-22 7 9 8 -137748
-6 -11 0 -19 -126778
-9 22 15 7 -129084
-23 -20 -12 -18 -40598
11 24 7 -11 -132730
-8 2 -11 23 -115686
9 -11 12 -1 -127120
-18 -15 15 -13 -129918
1 -13 0 -6 -124784
-21 -7 -14 6 -109094
-17 15 -24 15 -20652
-3 4 -6 -1 -130238
-14 -24 -2 -14 -88398
6 -10 -2 -11 -121098
15 0 9 -1 -118488
-5 -3 18 21 -132198
-6 -15 -7 -6 -126390
-19 11 -18 -1 -93134
-2 8 -23 -18 -124996
-5 0 -9 -2 -126336
-11 -4 -8 2 -123670
-3 -11 -11 -6 -136142
8 -3 8 -10 -112814
-13 24 11 -11 -132718
11 -1 11 3 -86194
-16 -10 20 -23 -111972
12 -1 19 -10 -104206
6 -9 -11 -1 -150760
0 11 -12 12 -131534
17 1 -18 -14 -135378
0 -16 -2 -19 -82012
12 6 24 -16 -105480
-13 8 -6 -9 -146594
0 9 11 5 -138672
16 -10 5 -13 -130260
7 3 9 1 -114474
0 -23 17 -21 -82456
1 21 7 8 -132812
0 6 -18 23 -125970
12 2 6 5 -124150
1 -6 22 -21 -121322
0 19 3 9 -123146
-7 1 -11 -5 -127726
8 0 14 -2 -112076
-2 -23 18 10 -132514
3 -5 13 -5 -137858
15 23 9 22 -36042
-9 -10 -7 -14 -99834
-10 -15 -14 -15 -69432
-23 -21 0 -9 -101750
17 -16 23 15 -102710
2 5 -23 -6 -136068
16 4 13 0 -98360
5 -10 6 -15 -103192
-5 5 -6 1 -125038
19 -4 -4 -23 -125872
17 -12 -11 -19 -132874
12 9 21 15 -84640
-6 -11 10 -20 -127614
-8 -14 -14 -5 -116448
8 -3 16 3 -129208
13 22 5 -4 -135086
15 18 -4 11 -117266
16 12 7 8 -101012
9 0 6 13 -134014
0 -6 -4 2 -136272
-1 22 -2 3 -135938
-18 10 18 5 -135942
17 -17 18 4 -107280
-6 8 -8 5 -117770
6 -9 -7 -12 -134552
-2 -1 2 -7 -135984
9 9 15 7 -105586
2 6 6 -6 -136868
12 16 19 0 -126090
3 4 0 6 -125062
-14 24 10 8 -123564
1 8 1 3 -120968
-1 -12 0 -11 -93938
2 0 6 -22 -137746
-6 19 -19 19 -79722
-10 -13 -9 -1 -126078
9 -7 13 -2 -114160
17 0 -7 3 -151594
-19 -12 -8 -9 -104622
-14 24 -10 -2 -116706
-3 -14 -2 -18 -90904
-10 -13 -1 -7 -131064
-7 2 -6 9 -128330
-1 2 -13 21 -143636
-4 4 3 15 -132028
10 -4 12 -16 -111224
-5 16 2 9 -123928
8 9 19 22 -89102
0 -19 -5 -23 -59494
-7 -5 -6 -3 -118080
9 -1 8 12 -132784
-11 19 3 12 -125284
15 -21 6 -12 -100900
-1 18 -24 -8 -123672
2 -9 6 -12 -112722
-22 9 13 12 -126258
-4 3 -2 -2 -126620
0 -16 3 -24 -47532
-11 -5 -12 0 -98470
3 2 7 11 -131764
-4 -7 -6 -9 -113200
18 10 8 0 -133652
-18 21 -16 -10 -111478
-15 3 -12 -16 -126892
12 -14 10 -1 -126182
14 -6 -19 21 -131940
1 -20 1 -14 -83078
9 -15 17 8 -136098
-23 11 3 -2 -134870
-11 -6 -3 -10 -132754
2 7 -14 24 -129618
8 -12 20 -2 -130688
12 7 20 -7 -123762
-7 5 -5 7 -117830
6 10 9 8 -99964
-6 -5 -9 -16 -132330
3 -6 4 5 -129382
22 -20 0 -8 -119796
2 -11 0 -16 -105132
-21 7 -13 -5 -114816
23 1 13 -4 -106944
15 -13 2 24 -132776
-3 -2 0 6 -135216
17 6 17 9 -56042
-4 3 2 0 -131208
3 10 20 9 -131640
-4 -8 -5 1 -130082
22 -18 4 3 -130436
-21 -16 10 -24 -99570
22 -1 13 -7 -109494
5 8 -2 10 -131498
4 -8 14 -21 -127742
24 2 10 -7 -120152
-2 -14 16 -11 -137944
-18 -10 -10 -1 -115918
-14 -1 -10 -8 -110570
8 -7 1 -10 -126204
6 -13 7 -14 -88606
-5 -11 -6 -8 -113924
1 7 2 6 -119038
20 -7 24 0 -50910
16 9 13 10 -91964
22 -17 8 -21 -59588
-4 -6 -4 4 -133728
8 -14 2 -5 -137456
-1 22 -3 8 -123400
-7 1 -11 6 -123016
-12 -22 -18 13 -131234
5 -8 24 -9 -105366
-8 2 -9 8 -121556
-20 -21 8 -2 -129296
0 19 23 4 -130916
0 13 3 4 -122116
1 -8 4 -3 -124140
-21 9 2 10 -133742
-1 10 11 11 -130348
3 24 -2 2 -127228
-10 9 -18 19 -92420
-11 -22 7 -11 -130962
4 11 -1 12 -111874
0 -4 -6 0 -138260
4 -20 -12 -20 -101820
-8 -12 -14 -16 -88264
11 3 16 22 -101538
1 -18 0 -21 -55164
17 -14 18 13 -114232
-2 -3 4 -1 -131318
-11 11 12 11 -134112
-8 7 -18 -20 -131190
-1 -20 -4 -10 -121208
-1 -13 2 -16 -96620
-12 -9 -6 -6 -110040
8 15 21 3 -136610
24 18 0 6 -104212
-4 -6 -9 0 -133644
22 6 -23 -3 -123688
-1 -2 1 7 -137838
-22 13 -14 -6 -112090
7 6 12 -10 -135442
7 -6 11 -2 -117930
-22 0 -17 -2 -52570
11 -10 10 -15 -78340
-2 0 2 0 -120978
-5 12 -13 7 -124446
14 -4 23 12 -105972
8 0 23 -3 -130672
-15 20 -17 -10 -119992
-10 -20 -18 18 -135532
0 -3 5 0 -131808
-6 -20 -1 -14 -99146
-10 -21 -11 12 -136714
-11 -5 -11 8 -137094
-18 14 17 10 -127080
-9 8 -1 7 -127798
-23 11 -5 21 -104874
-9 19 -21 6 -110468
8 -6 12 8 -132296
5 3 8 2 -125434
3 0 3 16 -136052
12 -4 -23 -13 -126216
5 4 11 13 -127082
0 19 23 -7 -133164
12 18 18 1 -119590
-24 2 7 5 -133296
15 1 21 6 -86552
-14 4 -11 16 -106878
3 -13 10 23 -136960
-2 6 5 7 -133512
3 5 11 14 -132882
-13 17 -18 2 -108536
0 14 6 6 -129320
-4 4 -5 0 -125246
-1 3 3 -4 -131100
-15 -11 -17 -7 -65346
18 -23 2 0 -128856
-6 23 -3 9 -106610
-13 0 -6 23 -134890
-14 -15 -10 -20 -62128
8 -19 10 4 -137450
4 13 -6 14 -110734
-2 0 -5 -1 -123976
-8 9 -5 10 -109554
6 -11 12 -7 -130330
-10 9 0 19 -130654
9 7 22 0 -139348
-19 -11 -11 -16 -85336
8 -14 11 -22 -70010
11 20 9 0 -124352
22 -9 22 9 -76610
-18 -4 -18 8 -100778
-6 7 -5 11 -95028
-6 -3 -4 -1 -127046
-16 0 -5 24 -128134
-2 -4 -7 -1 -133776
2 13 -18 18 -120154
1 -6 -4 -5 -122154
-6 -8 -10 2 -136734
-7 -7 -4 -13 -128426
15 24 -1 -8 -131556
-6 15 -9 2 -134104
-5 17 -10 11 -103024
14 -9 1 -15 -140018
-18 0 -14 2 -87206
6 -15 -24 4 -135978
-24 5 -4 -16 -136222
3 -5 -1 -2 -127474
4 -1 8 1 -124140
-16 -5 -14 12 -130164
-3 -6 1 -2 -129388
10 12 -4 16 -125434
12 -24 8 -13 -69332
-5 10 -14 9 -114450
-9 -12 -5 -4 -131192
0 12 4 24 -74520
-2 8 4 14 -117460
-4 8 -24 20 -98132
-15 -16 -15 -15 -48038
18 -2 17 -5 -74330
-8 8 -7 3 -118318
-7 3 -6 1 -116864
-15 -21 -23 13 -109800
20 3 10 11 -139298
-4 -3 -6 -9 -128564
-1 -4 0 -1 -113132
-21 -7 -19 12 -99550
8 -8 8 24 -122910
-12 8 -8 13 -99416
-11 -5 -4 -22 -131894
5 -3 4 -4 -116478
24 -16 -9 7 -128198
23 -10 18 -9 -28688
12 1 21 17 -109698
-6 24 -11 -3 -130760
-13 -3 22 8 -138360
17 -4 9 10 -139814
4 12 -2 16 -109850
3 7 22 -24 -118944
-18 -16 -11 -6 -95460
2 5 -3 6 -125224
0 7 1 -23 -135166
11 15 19 -8 -132354
-4 5 -15 3 -132162
-24 6 -23 1 -38410
15 -10 -11 -10 -143136
-5 13 -22 4 -132884
0 -13 -8 -10 -123448
8 -23 6 4 -126782
-6 -6 -12 -18 -128364
8 0 13 -14 -134192
24 16 22 -3 -66592
-10 7 -24 -1 -122170
4 12 10 6 -118622
-11 -10 24 -1 -129822
17 -21 14 -3 -90002
-11 -17 -12 16 -137476
8 2 24 12 -117410
3 -1 2 -1 -113218
0 4 -1 -5 -130350
16 2 9 0 -126100
-12 3 -6 16 -135494
-6 -10 -5 -7 -112620
9 11 8 1 -121652
-22 -1 -14 -17 -101018
-6 -11 -18 -4 -133004
0 9 -4 22 -121594
-1 -5 4 -9 -132044
-22 1 -23 1 -16658
-2 8 -3 20 -123874
-2 5 3 4 -132026
4 19 11 4 -133524
-12 17 -7 -13 -137940
18 -3 8 4 -133560
9 11 1 8 -123776
22 9 15 -15 -116294
-7 -7 -23 1 -125396
-9 -16 -7 -8 -112456
-5 3 -11 11 -130868
-18 -23 -2 -2 -119938
7 -20 -23 -10 -116178
-13 -4 -8 5 -134724
-8 -20 2 -9 -137006
9 16 6 -19 -137206
5 -8 6 -6 -110896
-4 -19 -10 -18 -78666
