-3 -5 -18 -6 -135946
16 -1 8 22 -122806
8 19 2 15 -70660
7 12 8 1 -121730
-24 8 -5 19 -109266
24 2 -3 5 -124236
8 -2 4 2 -130776
8 -11 5 -15 -92450
-23 -4 -9 14 -120772
6 -12 8 -10 -95672
8 -11 10 -4 -116456
6 3 6 5 -103316
-1 23 -5 5 -127060
-2 -17 -8 -11 -119576
7 14 5 8 -95026
12 5 14 13 -87848
-18 -21 -4 -10 -128198
-3 7 6 22 -129270
24 -5 18 5 -66220
-6 -20 -1 -8 -124964
-7 -3 -18 -10 -132156
18 4 11 10 -119414
-12 2 -17 15 -120058
3 -15 18 -10 -121100
12 0 19 -3 -111952
11 1 11 -23 -113440
1 22 19 7 -125488
-9 9 -17 0 -117990
13 6 12 -6 -108734
-13 22 7 17 -99088
1 -12 2 -12 -106988
14 -23 -16 -21 -104020
-12 19 -1 11 -123900
20 -16 6 21 -124502
-16 14 22 -5 -130322
-12 12 -2 18 -112670
-14 -14 -15 0 -109644
12 8 14 -20 -119808
-5 21 -9 5 -129222
-7 11 1 7 -127220
12 6 3 21 -128084
5 -7 3 2 -123848
22 -15 -11 1 -129258
24 9 3 -3 -122480
8 20 -4 9 -127240
9 -1 4 0 -128034
18 -1 14 -6 -99326
6 2 5 4 -108666
4 2 -5 -10 -145750
22 -1 18 0 -58952
-24 -4 3 -5 -123046
-7 1 -3 2 -114492
-20 19 -2 17 -100570
-10 3 24 -8 -128614
-1 -24 5 18 -125756
18 6 22 23 -52620
3 21 5 8 -114780
13 20 5 3 -126988
5 6 3 0 -118650
17 -5 13 -7 -86192
-11 6 -22 -3 -124852
4 15 1 10 -98316
2 7 -1 23 -123520
10 5 24 0 -113392
-2 15 -12 23 -82644
-15 3 20 12 -129464
8 -13 -22 -18 -114962
0 8 -16 6 -139108
-6 -6 -9 -6 -106008
15 -12 11 -22 -59386
-1 -6 -5 -6 -111516
-8 13 -4 12 -99934
-14 13 -8 4 -117276
22 -3 20 -3 -40520
15 9 18 8 -84856
10 -7 6 -11 -115702
22 24 14 13 -38272
5 -18 5 -4 -124270
-6 -6 -5 -20 -124918
-11 7 12 18 -126526
17 -20 7 -18 -68614
-10 2 -22 -15 -118176
7 5 7 -4 -113610
12 -2 15 14 -118770
-2 -20 -15 -10 -117606
5 11 -24 1 -125166
-8 -11 -1 -19 -128850
20 6 -22 -9 -127144
4 -2 6 -1 -112180
7 -2 8 6 -117812
0 -12 0 -5 -119530
-9 8 0 15 -120652
-15 -18 -10 -1 -129666
9 -14 -2 -10 -130268
-20 18 -10 1 -129228
-2 -8 -6 22 -129938
-20 3 -9 7 -116650
13 -5 11 -8 -94252
-4 11 0 10 -102764
12 12 21 -21 -111474
-6 2 -20 3 -129136
2 -12 2 -16 -104792
22 -6 12 0 -108892
17 24 1 9 -104922
0 -9 23 -6 -125178
2 9 3 1 -121970
3 0 2 0 -112646
-22 19 -8 6 -112094
-7 1 -8 -2 -106834
24 10 10 16 -86818
-14 -23 -19 -13 -61464
3 -8 -2 -10 -111420
6 -11 13 -10 -115514
-23 -16 -21 9 -85230
1 -12 -1 -5 -123754
-1 11 -18 16 -132724
-5 10 -6 -23 -123852
-14 -12 -21 8 -116824
-6 3 -18 10 -131004
12 -12 -3 -21 -113358
-22 -21 -24 -7 -45788
-14 -13 -8 -9 -117468
-8 -14 -12 -23 -71916
-13 6 -17 -13 -124874
-5 3 -5 1 -112412
10 9 17 11 -101318
14 2 7 8 -126134
9 3 21 8 -127490
1 -9 0 -18 -122758
-14 4 -6 0 -124766
17 -8 20 12 -113248
-2 -6 -1 -8 -113080
7 24 11 19 -36926
-18 -3 16 -23 -119674
-24 4 -3 -18 -120614
-4 -23 -8 1 -124416
-3 -23 -1 -5 -119988
9 -7 -12 -23 -126168
8 -13 12 -11 -101524
-15 -23 -12 15 -119126
-8 4 -9 0 -101488
10 -14 19 15 -125272
-12 -14 -3 -10 -116826
-3 -23 -2 17 -127470
-11 -3 -14 6 -115620
-23 -7 -6 -5 -119522
-13 -18 -13 -10 -82680
-10 15 -2 6 -128760
4 17 -11 17 -104534
-19 0 23 -2 -125322
17 2 10 -20 -117556
-15 6 -12 -5 -118526
12 23 7 -12 -128510
-9 -5 -10 -2 -95320
0 -9 -2 -7 -112488
0 5 2 5 -116350
-16 -4 -9 -9 -109062
-7 2 -16 2 -118226
-1 4 2 6 -107968
-4 -3 15 -24 -126674
12 -15 -10 -18 -123812
8 -8 9 -9 -86048
-18 -24 -20 3 -94932
10 -20 4 -9 -117746
12 6 5 2 -116250
-17 3 -18 -19 -109786
1 -13 2 -7 -108090
-10 -1 -18 7 -121154
5 10 14 7 -122968
-19 -23 2 -6 -125812
-15 4 -14 8 -77572
-24 -7 16 15 -118364
-19 15 -8 7 -116586
-8 -20 3 -13 -117174
-4 11 1 2 -135272
-14 14 -13 -1 -118874
-22 0 -15 -19 -114748
3 -24 11 0 -120016
11 -16 -11 -15 -123888
-13 3 -15 -7 -108000
21 13 16 10 -56846
24 -12 -4 -7 -115460
10 -22 5 -21 -55990
-6 -11 0 -19 -128698
-9 22 15 7 -121382
-23 -20 -12 -18 -45594
11 24 7 -11 -125782
-8 2 -11 23 -113884
9 -11 12 -1 -122364
-18 -15 15 -13 -124752
1 -13 0 -6 -116730
-21 -7 -14 6 -108030
-17 15 -24 15 -22736
-3 4 -6 -1 -123606
-14 -24 -2 -14 -96302
6 -10 -2 -11 -121702
15 0 9 -1 -114342
-5 -3 18 21 -128038
-6 -15 -7 -6 -122510
-19 11 -18 -1 -91658
-2 8 -23 -18 -122212
-5 0 -9 -2 -120894
-11 -4 -8 2 -115372
-6 -3 -11 -7 -122786
8 -3 8 -10 -108202
-13 24 11 -11 -126590
11 -1 11 3 -86296
-16 -10 20 -23 -108110
12 -1 19 -10 -102614
-7 -9 -8 -7 -97964
0 11 -12 12 -131664
-4 20 -10 7 -128800
0 -16 -2 -19 -80482
12 6 24 -16 -102764
8 24 -17 2 -123460
0 9 7 5 -127664
16 -10 5 -13 -122858
7 3 9 1 -116686
0 -23 17 -21 -81922
1 21 7 8 -126098
0 6 -18 23 -127322
12 2 6 5 -124164
1 -6 22 -21 -117278
0 19 3 9 -116914
-7 1 -11 -5 -123876
8 0 14 -2 -108724
-2 -23 18 10 -126292
3 -5 13 -5 -123062
15 23 9 22 -36722
-9 -10 -7 -14 -97478
-10 -15 -14 -15 -83668
-23 -21 0 -9 -109098
17 -16 23 15 -102350
-1 11 0 8 -90334
16 4 13 0 -96426
5 -10 6 -15 -100762
-5 5 -6 1 -118076
19 -4 -4 -23 -116724
17 -12 -11 -19 -125026
12 9 21 15 -89264
-6 -11 10 -20 -127208
-8 -14 -14 -5 -113134
8 -3 16 3 -125152
13 22 5 8 -107088
15 18 -4 11 -117192
16 12 7 8 -111516
7 1 6 2 -123986
0 -6 -4 2 -127144
15 -8 21 5 -112628
-18 10 18 5 -132598
17 -17 18 4 -102886
-6 8 -8 5 -112162
-13 17 23 13 -107710
-2 -1 2 -7 -122934
9 9 15 7 -109664
2 6 6 -6 -136424
12 16 19 0 -120262
3 4 0 6 -122498
-14 24 10 8 -118630
1 8 1 3 -112332
-1 -12 0 -11 -97774
-24 -1 -22 -15 -60678
-6 19 -19 19 -80816
-10 -13 -9 -1 -118926
9 -7 13 -2 -109706
-12 -20 -11 -13 -74518
-19 -12 -8 -9 -121532
-14 24 -10 -2 -116794
-3 -14 -2 -18 -96734
-19 -3 -7 -3 -126864
-7 2 -6 9 -119844
-14 2 -24 15 -83278
-4 4 3 15 -124762
10 -4 12 -16 -105322
-5 16 2 9 -119574
8 9 19 22 -93828
0 -19 -5 -23 -56372
-7 -5 -6 -3 -116588
-7 -16 -24 -5 -110614
-11 19 3 12 -125554
15 -21 6 -12 -100566
-1 18 -24 -8 -119174
2 -9 6 -12 -106506
-22 9 13 12 -117704
-4 3 -2 -2 -120260
0 -16 3 -24 -49598
-11 -5 -12 0 -97356
3 2 7 11 -126850
-4 -7 -6 -9 -113860
18 -3 9 0 -125216
-18 21 -16 -10 -112856
-15 3 -12 -16 -125600
12 -14 10 -1 -119544
14 -6 -19 21 -128574
1 -20 1 -14 -86362
4 -15 -1 -14 -107062
-23 0 16 -2 -127946
-11 -6 -3 -10 -119238
-18 7 -1 24 -118918
8 -12 20 -2 -123602
12 7 20 -7 -119984
-7 5 -5 7 -112650
6 10 9 8 -103522
-2 -6 0 -5 -110504
3 -6 4 5 -125886
22 -20 0 -8 -117620
2 -11 0 -16 -109138
-21 7 -13 -5 -111856
23 1 13 -4 -106240
-12 -14 -10 -13 -99128
-3 -2 0 6 -121350
17 6 17 9 -58108
-4 3 2 0 -124120
3 10 20 9 -129392
-4 -8 -5 1 -120448
22 -18 4 3 -125106
-21 -16 10 -24 -101010
22 -1 13 -7 -107530
5 8 -2 10 -127488
4 -8 14 -21 -125200
24 2 10 -7 -116826
-2 -14 16 -11 -129010
-18 -10 -10 -1 -120700
-14 -1 -10 -8 -107184
8 -7 1 -10 -115464
6 -13 7 -14 -84536
-5 -11 -6 -8 -109656
1 7 2 6 -117014
20 -7 24 0 -53338
16 9 13 10 -92472
22 -17 8 -21 -56798
-4 -6 -4 4 -126934
17 16 5 8 -119636
-1 22 -3 8 -119440
-7 1 -11 6 -120014
-12 -22 -18 13 -125638
5 -8 24 -9 -104932
-8 2 -9 8 -112874
-20 -21 8 -2 -130036
0 19 23 4 -125656
0 13 3 4 -120278
1 -8 4 -3 -116720
4 -8 5 -18 -118066
-1 10 11 11 -124120
3 24 -2 2 -122010
-10 9 -18 19 -95142
-11 -22 7 -11 -126656
4 11 -1 12 -108680
-11 -7 -9 -14 -101662
4 -20 -12 -20 -102352
-8 -12 -14 -16 -115020
11 3 16 22 -103978
1 -18 0 -21 -53172
17 -14 18 13 -113690
-2 -3 4 -1 -121090
-17 23 -9 0 -123476
-8 0 -11 0 -98468
-1 -20 -4 -10 -123854
-1 -13 2 -16 -107162
-12 -9 -6 -6 -115330
12 8 5 11 -114554
24 18 0 6 -103656
-4 -6 -9 0 -123200
22 6 -23 -3 -123654
-23 0 -13 5 -99452
-22 13 -14 -6 -112126
7 6 12 -10 -129616
7 -6 11 -2 -111440
-22 0 -17 -2 -53856
11 -10 10 -15 -72552
-2 0 2 0 -113294
-5 12 -13 7 -121598
14 -4 23 12 -110950
8 0 23 -3 -128778
-15 20 -17 -10 -118716
0 1 -22 15 -128242
-2 24 3 20 -43198
-6 -20 -1 -14 -94726
4 -20 0 -13 -99780
-8 -12 -22 -19 -98492
-18 14 17 10 -124940
-9 8 -1 7 -125480
-23 11 -5 21 -101984
-9 19 -21 6 -107360
8 -6 12 8 -129160
5 3 8 2 -125832
3 0 3 16 -129438
12 -4 -23 -13 -120334
5 4 11 13 -120914
0 19 23 -7 -129630
12 18 18 1 -117328
-24 2 7 5 -126776
15 1 21 6 -90274
-14 4 -11 16 -100810
6 -16 4 19 -130384
-2 6 5 7 -128792
2 -6 -3 -17 -130236
-13 17 -18 2 -106636
-2 -8 -8 -13 -117700
-4 4 -5 0 -119558
-1 3 3 -4 -126266
-15 -11 -17 -7 -68290
18 -23 2 0 -121054
-6 23 -3 9 -105138
-13 -20 3 23 -129246
-14 -15 -10 -20 -63170
8 24 -20 5 -120030
4 13 -6 14 -106398
-2 0 -5 -1 -111214
-8 9 -5 10 -108948
6 -11 12 -7 -122122
0 -13 3 -13 -109514
-20 7 -17 21 -66434
-19 -11 -11 -16 -85308
8 -14 11 -22 -72086
11 20 9 0 -124028
22 -9 22 9 -83438
-18 -4 -18 8 -97318
-6 7 -5 11 -93760
-6 -3 -4 -1 -119626
-16 0 -5 24 -123278
-2 -4 -7 -1 -117968
2 13 -18 18 -126640
1 -6 -4 -5 -114890
-19 -20 -8 -11 -113624
-7 -7 -4 -13 -122204
15 24 -1 -8 -124798
-6 15 -9 2 -125592
-5 17 -10 11 -101946
7 -13 0 -17 -100754
-18 0 -14 2 -88866
0 -7 -17 9 -147444
0 -18 -3 -16 -87100
3 -5 -1 -2 -117790
4 -1 8 1 -117212
-16 -5 -14 12 -121316
-3 -6 1 -2 -120950
10 12 -4 16 -116872
12 -24 8 -13 -71446
-5 10 -14 9 -114878
-9 -12 -5 -4 -129158
0 12 4 24 -79508
-2 8 4 14 -113330
-4 8 -24 20 -100208
-15 -16 -15 -15 -55454
18 -2 17 -5 -74900
-8 8 -7 3 -111750
-7 3 -6 1 -117248
-15 -21 -23 13 -111084
20 3 10 11 -127946
-4 -3 -6 -9 -125654
-1 -4 0 -1 -105998
-21 -7 -19 12 -98134
8 -8 8 24 -120186
-12 8 -8 13 -94856
-11 -10 5 -22 -121570
5 -3 4 -4 -108108
24 -16 -9 7 -123442
23 -10 18 -9 -31516
12 1 21 17 -113088
-6 24 -11 -3 -123540
15 -6 9 -6 -102116
10 10 9 1 -116802
4 12 -2 16 -105488
3 7 22 -24 -115010
-18 -16 -11 -6 -108736
2 5 -3 6 -123674
0 7 1 -23 -126780
11 15 19 -8 -127110
-23 -6 -21 -5 -22094
-24 6 -23 1 -36818
-13 -6 -11 0 -103922
-5 13 -22 4 -125984
0 -13 -8 -10 -115060
8 -23 6 4 -117770
-6 -6 -12 -18 -132910
8 0 13 -14 -125684
24 16 22 -3 -67908
-10 7 -24 -1 -118500
4 12 10 6 -117876
-11 -10 24 -1 -122630
17 -21 14 -3 -87772
-11 -17 -12 16 -126256
8 2 24 12 -119624
3 -1 2 -1 -112268
0 4 -1 -5 -123498
16 2 9 0 -121028
1 -7 5 -1 -124566
-6 -10 -5 -7 -112316
9 11 8 1 -123014
-22 -1 -14 -17 -113996
-18 24 0 1 -125488
0 9 -4 22 -119124
-1 -5 4 -9 -123700
-22 1 -23 1 -18944
-2 8 -3 20 -119448
-2 5 3 4 -129020
4 19 11 4 -130444
-7 17 -6 23 -33902
18 -3 8 4 -129160
9 11 1 8 -117398
22 9 15 -15 -115630
0 2 -5 7 -130208
-9 -16 -7 -8 -111236
-5 3 -11 11 -129444
-18 -23 -2 -2 -125512
7 -20 -23 -10 -111090
-4 -4 -8 5 -137870
-17 -11 -7 -9 -125498
23 7 10 4 -115734
5 -8 6 -6 -105544
-4 -19 -10 -18 -77940
