-19 20 9 15 -113810
16 -1 8 22 -124256
8 19 2 15 -71474
7 12 8 1 -120772
-24 8 -5 19 -109798
24 2 -3 5 -122498
8 -2 4 2 -128852
8 -11 5 -15 -91716
-23 -4 -9 14 -122864
6 -12 8 -10 -96538
8 -11 10 -4 -115804
6 3 6 5 -102716
-1 23 -5 5 -125328
-2 -17 -8 -11 -119866
7 14 5 8 -97984
12 5 14 13 -93118
-18 -21 -4 -10 -123632
-3 7 6 22 -128272
24 -5 18 5 -67164
-6 -20 -1 -8 -121782
-15 11 -18 10 -66438
18 4 11 10 -118332
-12 2 -17 15 -119340
3 -15 18 -10 -123922
12 0 19 -3 -108720
11 1 11 -23 -112206
1 22 19 7 -124626
-9 9 -17 0 -121810
13 6 12 -6 -108616
-13 22 7 17 -102884
1 -12 2 -12 -102278
14 -23 -16 -21 -101068
-12 19 -1 11 -118856
20 -16 6 21 -124748
-16 14 18 19 -104860
-12 12 -2 18 -121200
-14 -14 -15 0 -107382
12 8 14 -20 -119948
21 -13 -4 -18 -109588
-7 11 1 7 -127556
12 6 3 21 -127402
5 -7 3 2 -120946
-17 -16 -11 -18 -79984
24 9 3 -3 -125166
8 20 -4 9 -126770
9 -1 4 0 -127396
18 -1 14 -6 -99126
6 2 5 4 -105750
-11 -4 -9 5 -121974
22 -1 18 0 -58620
-24 -4 3 -5 -121390
-7 1 -3 2 -122752
-20 19 -2 17 -103710
-10 3 24 -8 -125118
-1 -24 5 18 -124660
18 6 22 23 -51740
3 21 5 8 -116194
13 20 5 3 -129610
5 6 3 0 -122724
17 -5 13 -7 -86306
-11 6 -22 -3 -125330
4 15 1 10 -97388
2 7 -1 23 -125020
10 5 24 0 -111074
-2 15 -12 23 -84214
-15 3 20 12 -131994
8 -13 -22 -18 -111862
20 0 -23 -8 -119040
-6 -6 -9 -6 -104428
15 -12 11 -22 -61452
-1 -6 -5 -6 -113472
-8 13 -4 12 -104230
-14 13 -8 4 -114052
22 -3 20 -3 -42540
15 9 18 8 -85464
10 -7 6 -11 -116982
22 24 14 13 -38624
5 -18 5 -4 -124896
-6 -6 -5 -20 -122228
-11 7 12 18 -128940
17 -20 7 -18 -70356
-10 2 -22 -15 -115906
7 5 7 -4 -111894
12 -2 15 14 -121498
-2 -20 -15 -10 -118864
5 11 -24 1 -123992
-8 -11 -1 -19 -128554
-3 8 -22 19 -122272
4 -2 6 -1 -111814
7 -2 8 6 -117830
0 -12 0 -5 -122334
-9 8 0 15 -125470
-18 24 -12 -1 -109272
-13 13 -1 15 -125056
-20 18 -10 1 -129770
-2 -8 -6 22 -126648
-20 3 -9 7 -115864
13 -5 11 -8 -92926
-4 11 0 10 -102394
12 12 21 -21 -113210
-4 2 -2 3 -113172
2 -12 2 -16 -103394
22 -6 12 0 -107694
17 24 1 9 -103372
0 -9 23 -6 -126104
2 9 3 1 -118592
3 0 2 0 -110002
-22 19 -8 6 -115388
-7 1 -8 -2 -110396
24 10 10 16 -89370
-14 -23 -19 -13 -64804
3 -8 -2 -10 -106966
6 -11 13 -10 -115050
-23 -16 -21 9 -83530
1 -12 -1 -5 -126202
-1 21 2 16 -66942
-5 10 -6 -23 -122916
-14 -12 -21 8 -117506
-6 3 -18 10 -125708
12 -12 -3 -21 -110872
-22 -21 -24 -7 -45932
-14 -13 -8 -9 -111598
-8 -14 -12 -23 -69912
-13 6 -17 -13 -123210
-5 3 -5 1 -109530
10 9 17 11 -102430
14 2 7 8 -124758
9 3 21 8 -127498
1 -9 0 -18 -120248
-14 4 -6 0 -120142
17 -8 20 12 -114790
-2 -6 -1 -8 -113348
7 24 11 19 -39610
-18 -3 16 -23 -118838
-24 4 -3 -18 -119740
-4 -23 -8 1 -123326
-3 -23 -1 -5 -117638
9 -7 -12 -23 -121928
8 -13 12 -11 -102410
-15 -23 -12 15 -116834
-8 4 -9 0 -107488
10 -14 19 15 -125738
-12 -14 -3 -10 -111420
-3 -23 -2 17 -125418
-11 -3 -14 6 -115198
-23 -7 -6 -5 -115334
-13 -18 -13 -10 -79654
18 1 17 6 -65978
4 17 -11 17 -113244
-19 0 23 -2 -121904
17 2 10 -20 -117722
-15 6 -12 -5 -119096
12 23 7 -12 -128000
-9 -5 -10 -2 -96776
0 -9 -2 -7 -112204
0 5 2 5 -101046
-16 -4 -9 -9 -112892
-7 2 -16 2 -112088
-1 4 2 6 -105198
-4 -3 15 -24 -123588
12 -15 -10 -18 -120904
8 -8 9 -9 -84694
-18 -24 -20 3 -92698
10 -20 4 -9 -116524
12 6 5 2 -116036
-17 3 -18 -19 -106170
1 -13 2 -7 -110270
-10 -1 -18 7 -118574
5 10 14 7 -121794
-19 -23 2 -6 -119810
-15 4 -14 8 -80076
-24 -7 16 15 -118370
-19 15 -8 7 -116662
-8 -20 3 -13 -116706
6 -13 22 -8 -114750
-14 14 -13 -1 -120018
-22 0 -15 -19 -113628
3 -24 11 0 -118300
11 -16 -11 -15 -120822
-13 3 -15 -7 -107928
21 13 16 10 -59192
24 -12 -4 -7 -114400
10 -22 5 -21 -56000
-6 -11 0 -19 -128006
-9 22 15 7 -119020
-23 -20 -12 -18 -47498
11 24 7 -11 -125370
-8 2 -11 23 -109668
9 -11 12 -1 -120852
-18 -15 15 -13 -121718
1 -13 0 -6 -120032
-21 -7 -14 6 -108104
-17 15 -24 15 -24842
-3 4 -6 -1 -127274
-14 -24 -2 -14 -93926
6 -10 -2 -11 -115788
15 0 9 -1 -112160
-14 -3 18 9 -136978
-6 -15 -7 -6 -119854
-19 11 -18 -1 -91728
-2 8 -23 -18 -118648
-5 0 -9 -2 -124088
-11 -4 -8 2 -121108
-6 -3 -11 -7 -117216
8 -3 8 -10 -107180
-13 24 11 -11 -121616
11 -1 11 3 -86412
-16 -10 20 -23 -106970
12 -1 19 -10 -102290
-7 -9 -8 -7 -99546
1 20 -12 18 -102920
-4 20 -10 7 -124576
0 -16 -2 -19 -80662
12 6 24 -16 -103684
8 24 -17 2 -125096
0 6 -6 5 -119692
16 -10 5 -13 -124364
7 3 9 1 -115436
0 -23 17 -21 -81908
1 21 7 8 -126088
0 6 -18 23 -126110
12 2 6 5 -123070
1 -6 22 -21 -117632
0 19 3 9 -117660
-7 1 -11 -5 -126206
8 0 14 -2 -107432
-2 -23 18 10 -127442
3 -5 13 -5 -121696
15 23 9 22 -36588
-9 -10 -7 -14 -98098
-10 -15 -14 -15 -89126
-23 -21 0 -9 -104960
17 -16 23 15 -103688
-1 11 0 8 -89726
16 4 13 0 -96274
5 -10 6 -15 -100446
-5 5 -6 1 -119044
19 -4 -4 -23 -117672
17 -12 -11 -19 -123550
12 9 21 15 -91512
-6 -11 10 -20 -124002
-8 -14 -14 -5 -116570
8 -3 16 3 -122492
13 22 5 8 -108642
15 18 -4 11 -117454
16 12 7 8 -113010
7 1 6 2 -122178
0 -6 -4 2 -127724
15 -8 21 5 -113360
5 8 -1 12 -113732
17 -17 18 4 -102238
-6 8 -8 5 -114404
-13 17 23 13 -108390
-2 -1 2 -7 -122450
9 9 15 7 -108268
3 -10 3 -8 -97584
12 16 19 0 -122890
3 4 0 6 -109262
-14 24 10 8 -116410
1 8 1 3 -110002
-1 -12 0 -11 -92962
-24 -1 -22 -15 -61868
-6 19 -19 19 -82918
-10 -13 -9 -1 -112952
9 -7 13 -2 -108306
-12 -20 -11 -13 -72132
-19 -12 -8 -9 -121374
-14 24 -10 -2 -115880
-3 -14 -2 -18 -95806
-19 -3 -7 -3 -119968
-7 2 -6 9 -120694
-14 2 -24 15 -86538
-4 4 3 15 -123956
10 -4 12 -16 -104308
-5 16 2 9 -117238
8 9 19 22 -93290
0 -19 -5 -23 -57092
-7 -5 -6 -3 -115292
-7 -16 -24 -5 -114890
-14 0 3 -14 -141864
15 -21 6 -12 -101028
-1 18 -24 -8 -119118
2 -9 6 -12 -102118
-22 9 13 12 -118068
-4 3 -2 -2 -116992
0 -16 3 -24 -50020
-11 -5 -12 0 -98536
3 2 7 11 -127188
-4 -7 -6 -9 -108358
18 -3 9 0 -121628
-18 21 -16 -10 -113260
-15 3 -12 -16 -123632
12 -14 10 -1 -117976
-1 4 24 14 -120670
1 -20 1 -14 -86524
4 -15 -1 -14 -102364
4 5 2 -2 -121734
-11 -6 -3 -10 -122678
-18 7 -1 24 -118996
9 6 12 15 -103802
12 7 20 -7 -121244
-7 5 -5 7 -114952
6 10 9 8 -101274
-2 -6 0 -5 -110108
3 -6 4 5 -124098
22 -20 0 -8 -117934
2 -11 0 -16 -105568
-21 7 -13 -5 -113168
23 1 13 -4 -106416
-12 -14 -10 -13 -96882
-3 -2 0 6 -121152
17 6 17 9 -60026
-4 3 2 0 -121902
3 10 20 9 -128138
-4 -8 -5 1 -124078
22 -18 4 3 -124690
-21 -16 10 -24 -99998
22 -1 13 -7 -108568
17 -8 20 -16 -48864
4 -8 14 -21 -124340
24 2 10 -7 -117184
-19 -12 -10 -15 -101280
-18 -10 -10 -1 -114126
-14 -1 -10 -8 -109042
8 -7 1 -10 -111838
6 -13 7 -14 -82514
-5 -11 -6 -8 -109010
1 7 2 6 -106390
20 -7 24 0 -53170
16 9 13 10 -92324
22 -17 8 -21 -61030
-4 -6 -4 4 -125132
17 16 5 8 -121606
-1 22 -3 8 -118486
-7 1 -11 6 -118094
-12 -22 -18 13 -123206
5 -8 24 -9 -110012
-8 2 -9 8 -112924
3 4 -13 8 -145394
0 19 23 4 -123234
0 13 3 4 -117444
1 -8 4 -3 -115226
4 -8 5 -18 -118194
-1 10 11 11 -119220
3 24 -2 2 -121782
-10 9 -18 19 -97100
-11 -22 7 -11 -123622
4 11 -1 12 -102476
-11 -7 -9 -14 -101804
4 -20 -12 -20 -100206
-8 -12 -14 -16 -111688
11 3 16 22 -104546
1 -18 0 -21 -53740
17 -14 18 13 -114382
-2 -3 4 -1 -117446
-5 -2 0 0 -128776
-8 0 -11 0 -97562
-1 -20 -4 -10 -123042
-1 -13 2 -16 -104914
-12 -9 -6 -6 -107618
12 8 5 11 -112822
24 18 0 6 -107368
-4 -6 -9 0 -123724
22 6 -23 -3 -121110
-23 0 -13 5 -99992
-22 13 -14 -6 -114524
7 6 12 -10 -126726
7 -6 11 -2 -109902
-22 0 -17 -2 -56148
11 -10 10 -15 -75072
-2 0 2 0 -109414
-5 12 -13 7 -121876
14 -4 23 12 -113548
8 23 23 -3 -117216
-15 20 -17 -10 -117484
0 1 -22 15 -127160
-2 24 3 20 -47184
-6 -20 -1 -14 -94982
4 -20 0 -13 -99160
-8 -12 -22 -19 -98906
-18 14 17 10 -122276
-9 8 -1 7 -127648
-23 11 -5 21 -103046
-9 19 -21 6 -107638
8 -6 12 8 -128974
5 3 8 2 -124148
3 0 3 16 -128090
12 -4 -23 -13 -116772
5 4 11 13 -124364
0 19 -8 16 -90756
12 18 18 1 -119786
-24 2 7 5 -123030
15 1 21 6 -91332
-14 4 -11 16 -101778
-16 -11 -24 -3 -72470
-17 -4 -4 -9 -131244
-5 -1 -3 -8 -121138
-13 17 -18 2 -107850
-2 -8 -8 -13 -112906
-4 4 -5 0 -118716
-1 3 3 -4 -122442
-15 -11 -17 -7 -68938
18 -23 2 0 -120284
-6 23 -3 9 -102486
-13 -20 3 23 -127110
-14 -15 -10 -20 -67594
8 24 -20 5 -120314
4 13 -6 14 -106722
-2 0 -5 -1 -122892
-8 9 -5 10 -110278
6 -11 12 -7 -123584
0 -13 3 -13 -104850
-20 7 -17 21 -66460
-19 -11 -11 -16 -96480
8 -14 11 -22 -72868
11 20 9 0 -126430
22 -9 22 9 -84932
-18 -4 -18 8 -96032
-6 7 -5 11 -92756
-6 -3 -4 -1 -123554
-16 0 -5 24 -123620
-2 -4 -7 -1 -120562
2 13 -18 18 -124318
1 -6 -4 -5 -113956
-19 -20 -8 -11 -111622
-7 -7 -4 -13 -122808
15 24 -1 -8 -123022
-6 15 -9 2 -124766
-5 17 -10 11 -103216
7 -13 0 -17 -96536
-18 0 -14 2 -88264
-9 12 -17 9 -96044
0 -18 -3 -16 -86204
3 -5 -1 -2 -115694
4 -1 8 1 -117374
-16 -5 -14 12 -122288
-3 -6 1 -2 -122330
10 12 -4 16 -115044
12 -24 8 -13 -72176
-5 10 -14 9 -112594
13 -9 24 -8 -73912
0 12 4 24 -80618
-2 8 4 14 -110516
-4 8 -24 20 -105394
-15 -16 -15 -15 -53722
18 -2 17 -5 -74270
-8 8 -7 3 -110916
-7 3 -6 1 -112950
-15 -21 -23 13 -109546
20 3 10 11 -127666
-4 -3 -6 -9 -122126
-1 -4 0 -1 -107548
-21 -7 -19 12 -96012
8 -8 8 24 -119594
-12 8 -8 13 -95784
-11 -10 5 -22 -121238
5 -3 4 -4 -105754
24 -16 -9 7 -120256
23 -10 18 -9 -38116
12 1 21 17 -113772
-6 24 -11 -3 -124090
15 -6 9 -6 -101626
10 10 9 1 -116726
4 12 -2 16 -104170
3 7 22 -24 -113908
-18 -16 -11 -6 -104018
2 5 -3 6 -114066
0 7 1 -23 -125782
11 15 19 -8 -127788
-23 -6 -21 -5 -22942
-24 6 -23 1 -37038
-13 -6 -11 0 -103324
-5 13 -22 4 -126840
0 -13 -8 -10 -116496
8 -23 6 4 -116924
19 -6 8 -18 -110204
8 0 13 -14 -123540
24 16 22 -3 -68964
-10 7 -24 -1 -119376
4 12 10 6 -115030
-11 -10 24 -1 -122336
17 -21 14 -3 -89584
-11 -17 -12 16 -124422
8 2 24 12 -120408
3 -1 2 -1 -110166
0 4 -1 -5 -122458
16 2 9 0 -117996
1 -7 5 -1 -121814
-6 -10 -5 -7 -103692
9 11 8 1 -122986
-22 -1 -14 -17 -114234
-18 24 0 1 -124146
0 9 -4 22 -117914
-1 -5 4 -9 -121346
-22 1 -23 1 -20654
-2 8 -3 20 -116492
-11 1 -6 7 -122256
4 19 11 4 -129158
-7 17 -6 23 -36122
18 -3 8 4 -126832
9 11 1 8 -113870
22 9 15 -15 -115904
0 2 -5 7 -127092
-9 -16 -7 -8 -102806
-5 3 -11 11 -125648
-18 -23 -2 -2 -118974
7 -20 -23 -10 -111298
-4 14 -8 14 -102196
-17 -11 -7 -9 -123302
23 7 10 4 -115934
5 -8 6 -6 -106184
-4 -19 -10 -18 -75564
