-19 20 9 15 -114158
0 21 4 10 -107494
8 19 2 15 -70344
-9 -5 -22 -23 -97586
-24 8 -5 19 -111100
24 2 -3 5 -110676
-22 5 -13 -14 -114868
8 -11 5 -15 -92262
23 18 -9 14 -102148
6 -12 8 -10 -94270
8 -11 10 -4 -109040
6 3 6 5 -87714
-8 10 0 14 -103466
-2 -17 -8 -11 -105772
7 14 5 8 -87864
12 5 14 13 -89450
-2 -11 1 -6 -104700
-5 15 6 22 -93444
24 -5 18 5 -70674
-6 23 -4 -6 -117936
-15 11 -18 10 -73864
18 4 11 10 -108878
-12 2 -17 15 -115592
-1 -7 -18 -24 -106590
12 0 19 -3 -104166
11 1 11 -23 -112560
1 22 19 7 -112384
-21 -21 -17 22 -102972
13 6 12 -6 -94110
-13 22 7 17 -104192
1 -12 2 -12 -94922
14 -23 -16 -21 -100000
-12 19 -1 24 -78328
-3 24 0 13 -83138
-16 14 18 19 -108172
17 -14 21 4 -109524
-14 -14 -15 0 -108730
9 -9 13 -4 -110370
21 -13 -4 -18 -109952
-9 24 -20 17 -85698
8 17 12 21 -48622
5 -7 3 2 -112780
-17 -16 -11 -18 -78166
-10 7 24 23 -94198
-21 -21 -18 -18 -25486
-14 24 -6 13 -82350
18 -1 14 -6 -104620
6 2 5 4 -96256
-11 -4 -9 5 -109692
22 -1 18 0 -61308
-24 -4 18 -13 -106042
-7 1 -3 2 -105110
-20 19 -2 17 -104598
4 3 3 -6 -108220
-1 -24 5 18 -114362
18 6 22 23 -56540
3 21 5 8 -105760
22 -24 22 -19 -5950
5 6 3 0 -111746
17 -5 13 -7 -86614
-16 -4 -6 -5 -108436
4 15 1 10 -90522
-5 7 -1 23 -115520
10 5 24 0 -105550
-2 15 -12 23 -90000
-8 -4 -9 -5 -96444
8 -13 -22 -18 -110164
20 0 -23 -8 -110910
-6 -6 -9 -6 -92680
15 -12 11 -22 -74030
-1 -6 -5 -6 -102114
-8 13 -4 12 -94356
-14 13 -8 4 -107628
22 -3 20 -3 -46752
15 9 18 8 -80510
10 -7 6 -11 -111286
22 24 14 13 -43444
14 24 19 -8 -101162
-6 -6 -5 -20 -112758
-15 15 12 21 -106770
17 -20 7 -18 -79982
12 0 20 -8 -112352
7 5 7 -4 -98292
12 -2 15 14 -113292
-24 17 -16 -17 -105408
14 5 -24 11 -112696
-18 7 -16 12 -72430
2 -21 0 -13 -102866
4 -2 6 -1 -111022
7 -2 8 6 -100270
10 -10 10 -18 -86650
3 -4 2 -8 -102256
-18 24 -12 -1 -104380
24 13 17 15 -45408
-13 -15 -24 -8 -81640
13 -8 24 2 -111330
14 -22 -5 -22 -95734
13 -5 11 -8 -94908
-4 11 0 10 -94536
17 12 21 -21 -108064
-4 2 -2 3 -96660
2 -12 2 -16 -101298
22 -6 12 0 -109710
17 24 1 9 -99602
0 -9 -24 20 -115244
2 9 3 1 -107782
3 0 2 0 -111596
-22 19 -8 6 -113980
-7 1 -8 -2 -96616
24 10 10 16 -91164
-14 -23 -19 -13 -62056
3 -8 -2 -10 -102140
6 -11 13 -10 -104566
-23 -16 -21 9 -90406
0 -15 -3 -10 -100532
-1 21 2 16 -73344
-5 10 -6 -23 -110122
-14 -11 0 -24 -107366
3 -4 4 -3 -103478
12 -12 -3 -21 -112060
-22 -21 -24 -7 -49618
-14 -13 -8 -9 -107978
-8 -14 -12 -23 -68360
-2 8 1 3 -110950
-5 3 -5 1 -102234
10 9 17 11 -94000
-6 -15 0 -12 -106310
8 -22 17 -18 -73128
11 -14 20 -13 -78922
-14 4 -6 0 -110708
17 -8 20 12 -114800
-2 -6 -1 -8 -99708
7 24 11 19 -41782
-6 11 -1 7 -106770
-24 4 -3 -18 -115518
6 -6 6 -22 -111618
-3 -23 -1 -5 -112204
9 -7 -12 -23 -109514
8 -13 12 -11 -97796
-15 -23 -12 15 -108676
-8 4 -9 0 -97228
0 -13 -8 -14 -105848
-12 -14 -3 -10 -110458
15 -23 -3 -13 -108988
-11 -3 -14 6 -106292
-23 -7 -6 -5 -106704
-13 -18 -13 -10 -82904
18 1 17 6 -67174
4 17 -11 17 -108594
-13 9 -21 0 -103976
17 -2 15 -9 -92012
-15 6 -12 -5 -110566
-12 0 -18 1 -96104
-9 -5 -10 -2 -96912
0 -9 -2 -7 -100286
0 5 2 5 -97822
-16 -4 -9 -9 -104884
-7 2 -16 2 -103882
-1 4 2 6 -98498
-6 -3 -3 -8 -108930
12 -15 -10 -18 -111856
8 -8 9 -9 -77034
-18 -24 -20 3 -90138
10 -20 4 -9 -115620
12 6 5 2 -100180
-17 3 -18 -19 -107598
1 -13 2 -7 -95918
-11 7 -16 7 -86594
5 10 14 7 -112138
22 -23 12 -1 -98116
-15 4 -14 8 -78620
-24 -7 16 15 -113584
-19 15 -8 7 -113956
-8 -20 3 -13 -114208
4 0 6 -4 -101720
-14 14 -13 -1 -115170
-22 0 -15 -19 -106284
3 -24 11 0 -116670
23 -16 -11 -15 -106262
-13 3 -15 -7 -100880
21 13 16 10 -65276
24 -12 -4 -7 -107688
10 -22 5 -21 -60586
12 -21 22 -15 -75612
-9 22 15 7 -114570
-23 -20 -12 -18 -56450
-1 -24 5 -20 -58204
-8 2 -11 23 -111468
12 0 -22 11 -125544
3 -15 24 0 -114018
-11 -4 -12 -2 -94930
-21 -7 -14 6 -102374
-17 15 -24 15 -31406
-5 15 -6 8 -90180
-14 -24 -2 -14 -87366
-4 1 -8 24 -116748
15 0 9 -1 -100744
21 3 20 -2 -63918
-6 -15 -7 -6 -110906
-19 11 -18 -1 -87342
-2 8 -23 -18 -113992
5 1 3 0 -108492
-11 -4 -8 2 -105818
18 6 15 16 -84562
8 -3 8 -10 -98524
-4 7 -10 14 -105152
11 -1 11 3 -73898
-16 -10 20 -23 -102564
12 -1 19 -10 -108340
-7 -9 -8 -7 -93288
1 20 -12 18 -99730
-2 -22 -14 -16 -104374
0 -16 -2 -19 -82776
12 6 24 -16 -104574
10 24 16 2 -101180
0 6 -6 5 -104668
-4 0 -24 5 -107202
7 3 9 1 -103928
0 -23 17 -21 -87946
15 -11 23 -4 -83960
-3 21 1 23 -47234
12 2 6 5 -110904
1 -6 22 -21 -107912
9 -1 -6 -10 -130542
16 11 20 0 -91964
8 0 14 -2 -95652
-9 -19 -11 -17 -69238
3 -5 13 -5 -113408
15 23 9 22 -39834
-9 -10 -7 -14 -91776
-10 -15 -14 -15 -86910
-23 -21 0 -9 -104126
17 -16 23 15 -107292
-1 11 0 8 -85650
16 4 13 0 -88856
5 -10 6 -15 -98742
-5 5 -6 1 -109212
0 -4 0 -23 -112994
-18 -12 -16 -3 -82816
12 9 21 15 -90126
21 8 24 10 -29386
-8 -14 -14 -5 -113030
8 3 6 16 -105038
13 22 5 8 -99950
15 18 -4 11 -112746
16 12 7 8 -104692
7 1 6 2 -108640
11 -15 -4 -20 -108842
-18 12 -14 19 -67912
5 8 -1 12 -109466
17 -17 18 4 -110110
-6 8 -8 5 -104384
-13 17 23 13 -108448
-15 -7 -4 -14 -115082
9 9 15 7 -101750
3 -10 3 -8 -82862
3 12 4 22 -89114
3 4 0 6 -103852
-14 24 10 8 -112776
1 8 1 3 -101604
-1 -12 0 -11 -91578
-24 -1 -22 -15 -64892
-6 19 -19 19 -94172
-10 -13 -9 -1 -114026
9 -7 13 -2 -106726
-12 -20 -11 -13 -73476
-19 -12 -8 -9 -111058
-14 24 -10 -2 -113472
-3 -14 -2 -18 -91304
7 -18 20 -16 -97584
-7 2 -6 9 -113578
-14 2 -24 15 -87600
-4 4 3 15 -114658
10 -4 12 -16 -100746
1 13 1 16 -76546
8 9 19 22 -91822
0 -19 -5 -23 -57850
-7 -5 -6 -3 -102202
-7 -16 -24 -5 -110618
19 -5 22 0 -79990
15 -21 6 -12 -100832
-1 18 -24 -8 -110126
2 -9 6 -12 -93654
-22 9 13 12 -115112
-4 3 -2 -2 -106080
0 -16 3 -24 -56770
-11 -5 -12 0 -99784
-7 11 -3 4 -114404
-4 -7 -6 -9 -100982
18 -3 9 0 -110320
-18 21 -16 -10 -110860
2 3 3 18 -114806
12 -14 10 -1 -107136
5 22 19 14 -87730
1 -20 1 -14 -94028
4 -15 -1 -14 -99068
4 5 2 -2 -112792
-13 -11 -15 -16 -84400
-18 7 -1 24 -112104
9 6 12 15 -93782
22 2 23 11 -64900
-7 5 -5 7 -104058
6 10 9 8 -93232
-2 -6 0 -5 -98554
3 -1 2 1 -93230
23 -20 19 10 -98306
2 -11 0 -16 -103164
-21 7 -13 -5 -109256
23 1 13 -4 -105162
-12 -14 -10 -13 -94434
-3 -2 0 6 -110940
17 6 17 9 -64364
-4 3 2 0 -107650
0 19 20 17 -89020
-4 -8 -5 1 -112264
-12 24 -21 17 -71754
-21 -16 10 -24 -103798
-14 12 -14 3 -96138
17 -8 20 -16 -58916
23 -8 -24 -21 -92078
-12 -8 -8 -2 -108328
-19 -12 -10 -15 -97636
-18 -10 -10 -1 -110320
-14 -1 -10 -8 -108430
8 -7 1 -10 -106406
6 -13 7 -14 -82352
-5 -11 -6 -8 -95080
1 7 2 6 -102744
20 -7 24 0 -68318
16 9 13 10 -85918
22 -17 8 -21 -86062
-4 -6 -4 4 -111356
4 17 5 22 -53352
-1 22 -3 8 -114590
-7 1 -11 6 -107800
15 15 20 13 -68912
5 -8 24 -9 -107744
-8 2 -9 8 -106432
8 -24 24 -12 -82222
-20 23 23 18 -83066
0 13 3 4 -110100
1 -8 4 -3 -109612
4 -8 5 -18 -115886
-15 23 -18 21 -48220
3 24 -2 2 -115038
-10 9 -18 19 -101760
-8 -23 -11 -13 -75314
4 11 -1 12 -102988
-11 -7 -9 -14 -100508
4 -20 -12 -20 -100386
-8 -12 -14 -16 -109494
11 3 16 22 -100516
1 -18 0 -21 -57862
17 -14 18 13 -112808
-20 -8 -22 -14 -44082
17 -18 19 -13 -52066
-8 0 -11 0 -88024
-1 -20 -4 -10 -114194
-1 -13 2 -16 -100760
-12 -9 -6 -6 -102562
12 8 5 11 -103594
24 18 0 6 -101148
-4 -6 -9 0 -113588
22 6 -23 -3 -109602
-23 0 -13 5 -94308
-22 13 -14 -6 -112800
15 4 10 9 -104166
7 -6 11 -2 -106414
-22 0 -17 -2 -56698
11 -10 10 -15 -81144
-2 0 2 0 -100062
-10 13 -9 14 -76934
14 -4 23 12 -115008
8 23 23 -3 -114424
-15 20 -17 -10 -113826
23 4 20 -18 -95944
-2 24 3 20 -49322
-6 -20 -1 -14 -95108
4 -20 0 -13 -105702
-8 -12 -22 -19 -102502
6 11 13 13 -90946
22 10 5 -19 -120464
-23 11 -5 21 -111462
-9 19 -21 6 -112858
-15 7 -23 -16 -103960
5 3 8 2 -110962
-13 11 -19 18 -77982
9 21 12 -13 -113022
5 4 11 13 -106290
0 19 -8 16 -88142
12 18 18 1 -113440
-24 2 7 5 -112762
15 1 21 6 -89128
-14 4 -11 16 -99728
-16 -11 -24 -3 -72492
-14 0 -15 0 -85526
-5 -1 -3 -8 -112234
-13 17 -18 2 -107816
-2 -8 -8 -13 -110554
-4 4 -5 0 -107592
-1 -16 0 -11 -100402
-15 -11 -17 -7 -72658
18 -23 2 0 -114510
-6 23 -3 9 -105022
9 -6 5 -4 -94346
-14 -15 -10 -20 -76180
8 24 -20 5 -111252
4 13 -6 14 -105794
-2 0 -5 -1 -101360
-8 9 -5 10 -100896
7 -11 12 -7 -112750
0 -13 3 -13 -98642
-20 7 -17 21 -73070
-19 -11 -11 -16 -93476
8 -14 11 -22 -77078
11 -19 -9 -24 -92284
22 -9 22 9 -92030
-18 -4 -18 8 -87960
-6 7 -5 11 -89968
-6 -3 -4 -1 -103694
22 -4 22 11 -88084
-2 -4 -7 -1 -108580
18 0 14 -8 -111140
1 -6 -4 -5 -105082
-19 -20 -8 -11 -110080
8 13 24 -20 -110532
6 12 -2 14 -107460
-16 1 -23 -12 -83146
-5 17 -10 11 -98162
7 -13 0 -17 -94294
-18 0 -14 2 -85386
-9 12 -17 9 -94534
0 -18 -3 -16 -84022
3 -5 -1 -2 -105640
4 -1 8 1 -112542
-16 -16 -14 -4 -104726
18 -20 5 5 -129538
10 12 -4 16 -111504
12 -24 8 -13 -75586
-5 10 -14 9 -101496
13 -9 24 -8 -81274
0 12 4 24 -91952
-2 8 4 14 -103142
-4 8 -24 20 -99260
-15 -16 -15 -15 -55516
18 -2 17 -5 -84546
-8 8 -7 3 -105532
-7 3 -6 1 -104766
-15 -21 -23 13 -109340
4 2 0 2 -112016
-4 13 -10 8 -111814
-1 -4 0 -1 -93402
-21 -7 -19 12 -97958
8 -8 8 24 -109878
-12 8 -8 13 -92622
-14 -17 1 -23 -103092
5 -3 4 -4 -106740
9 -9 15 23 -111064
23 -10 18 -9 -44200
12 1 21 17 -112986
5 -18 7 -19 -64320
15 -6 9 -6 -94182
10 10 9 1 -92196
4 12 -2 16 -102744
3 7 22 -24 -110698
-18 -16 -11 -6 -113968
2 5 -3 6 -104946
-8 19 -14 13 -84262
11 -20 -23 -19 -104086
-23 -6 -21 -5 -28036
-24 6 -23 1 -36116
-13 -6 -11 0 -100154
-17 -22 18 24 -103556
0 -13 -8 -10 -108412
8 -23 6 4 -113046
19 -6 8 20 -124224
15 -10 7 -16 -107048
24 16 22 -3 -79222
-10 7 -24 -1 -109388
4 12 10 6 -105776
7 -10 24 -8 -105254
17 -21 14 -3 -99782
-11 -5 -12 -12 -94454
8 2 24 12 -113498
3 -1 2 -1 -109672
0 4 -1 -5 -108002
16 2 9 0 -104950
-17 12 -24 -8 -93664
-6 -10 -5 -7 -96814
-22 18 -5 22 -98010
19 -22 19 -2 -83720
-18 24 0 1 -114532
0 9 -4 22 -115546
-1 -5 4 -9 -110144
-22 1 -23 1 -21916
-2 8 -3 20 -112614
-11 1 -6 7 -108008
-20 4 -11 7 -103064
-7 17 -6 23 -43516
13 -24 19 -7 -86070
9 11 1 8 -97016
-14 3 6 12 -123728
-13 20 -6 15 -84276
-9 -16 -7 -8 -99718
-20 18 12 20 -108916
1 -6 0 -6 -92880
7 -20 -23 -10 -108862
-4 14 -8 14 -91340
24 4 6 10 -113334
23 7 10 4 -105288
5 -8 6 -6 -100384
-4 -19 -10 -18 -79350
