15 -8 21 -11 -80310
0 21 4 10 -103194
8 19 2 15 -82602
-9 -5 -22 -23 -98880
-24 8 -5 19 -98088
24 -17 -12 -22 -89366
1 5 0 5 -100480
8 -11 5 -15 -91450
-19 19 19 13 -102406
6 -12 8 -10 -86422
13 -3 21 0 -101040
6 3 6 5 -89302
14 12 11 14 -69768
-2 -17 -8 -11 -103840
7 14 5 8 -87324
12 5 14 13 -87704
5 -4 0 -6 -97088
-5 15 6 22 -104748
24 -5 18 5 -71028
5 1 3 -6 -100032
-15 11 -18 10 -74468
15 -15 -6 -24 -98446
5 -2 4 -2 -97262
22 1 20 -24 -88950
12 0 19 -3 -91756
11 1 11 -23 -101480
-15 -2 -9 0 -100024
-21 -21 -17 22 -97148
13 6 12 -6 -96708
-13 22 7 17 -97752
1 -12 2 -12 -95368
14 -23 -16 -21 -90402
-12 19 -1 24 -76430
-3 24 0 13 -91832
-16 -4 -11 -23 -97134
17 -14 21 4 -106640
-14 -14 -15 0 -102958
5 10 10 6 -105156
1 15 -7 24 -87680
-9 24 -20 17 -86378
8 17 12 21 -57344
4 8 6 2 -101974
-17 -16 -11 -18 -85710
-10 7 24 23 -93034
-21 -21 -18 -18 -29864
-14 24 -6 13 -79768
18 -1 14 -6 -108332
6 2 5 4 -96226
-23 -8 -18 -3 -73662
22 -1 18 0 -67044
-24 -4 18 -13 -97408
-7 1 -3 2 -98002
-20 19 -2 17 -99860
14 11 16 2 -97422
14 19 9 20 -65762
18 6 22 23 -62262
19 21 13 12 -74132
22 -24 22 -19 -8964
5 6 3 0 -103330
17 -5 13 -7 -89716
2 17 8 8 -99718
4 15 1 10 -87288
0 22 -24 2 -101352
10 10 24 19 -89392
-2 15 -12 23 -90112
-8 -4 -9 -5 -98506
0 -22 -22 -18 -98460
2 -18 -9 10 -123708
-6 -6 -9 -6 -85224
15 -12 11 -22 -72728
-1 -6 -5 -6 -96700
-8 13 -4 12 -96732
-14 13 -8 4 -97902
22 -3 20 -3 -51914
15 9 18 8 -86642
12 2 11 15 -102648
22 24 14 13 -56724
14 24 19 -8 -90022
-7 -6 -12 -1 -100854
14 -8 18 -3 -105948
17 -20 7 -18 -75484
8 16 11 16 -73436
7 5 7 -4 -99024
20 -6 22 -3 -73866
-24 17 -16 -17 -94500
14 5 -24 11 -97702
-18 7 -16 12 -65890
2 -21 0 -13 -100048
-6 -12 4 -8 -116556
7 -2 8 6 -100278
10 -10 10 -18 -82214
3 -4 2 -8 -91356
-18 24 -12 -1 -95176
24 13 17 15 -54420
-13 -15 -24 -8 -83492
23 -21 10 -7 -91082
14 -22 -5 -22 -93236
13 -5 11 -8 -90150
-4 11 0 10 -96622
-24 -16 -21 7 -88364
-4 2 -2 3 -91468
2 -12 2 -16 -95460
-4 21 18 22 -93382
17 24 1 9 -102372
10 -15 6 -6 -98230
2 -2 2 -3 -85458
-1 14 23 14 -103166
14 0 14 -7 -88508
-7 1 -8 -2 -91094
24 10 10 16 -95446
-14 -23 -19 -13 -70060
3 -8 -2 -10 -100746
6 -11 13 -10 -88928
-23 -16 -21 9 -95382
0 -15 -3 -10 -93710
-1 21 2 16 -86220
23 10 21 2 -75338
5 -19 0 -19 -89708
3 -4 4 -3 -95184
14 11 21 6 -99766
-22 -21 -24 -7 -56710
-14 -13 -8 -9 -100352
-8 -14 -12 -23 -75016
-2 -24 5 -13 -103596
-5 3 -5 1 -101014
10 9 17 11 -89604
-10 6 -11 1 -87528
8 -22 17 -18 -77792
11 -14 20 -13 -79580
0 -19 5 -18 -94530
0 16 5 15 -88922
-2 -6 -1 -8 -95088
7 24 11 19 -51730
-6 11 2 7 -113802
1 17 8 -6 -119194
6 -6 6 -22 -101498
3 -7 2 -5 -96424
0 -7 -24 -19 -103644
8 -13 12 -11 -79952
-15 -23 -12 15 -100824
-8 4 -9 0 -91578
0 -13 -8 -14 -98456
-12 -14 -3 -10 -99356
-18 -23 24 -8 -94410
-11 -3 -14 6 -90170
-5 -24 1 -20 -77132
-13 -18 -13 -10 -97368
18 1 17 6 -69100
9 -7 7 2 -100004
-13 9 -19 11 -88988
17 -2 15 -9 -99010
20 13 -3 24 -101102
-12 0 -18 1 -102572
-9 -5 -10 -2 -93302
0 -9 -2 -7 -93830
0 5 2 5 -101302
-16 -4 -9 -9 -98450
-7 2 -16 2 -104506
-1 4 2 6 -95392
-6 -3 -3 -8 -98632
1 -21 5 -24 -51578
8 -8 9 -9 -78672
-18 -24 -20 3 -84032
-7 13 1 23 -104930
12 6 5 2 -94526
-17 3 -18 -19 -103108
1 -13 2 -7 -86726
-11 7 -16 7 -80532
18 -16 6 -24 -83192
22 -23 12 -1 -100196
-15 4 -14 8 -81976
-24 14 -23 15 -20340
-19 13 -13 9 -90254
21 -9 18 -16 -60910
4 0 6 -4 -101028
4 -12 9 -10 -91070
-7 11 -6 10 -85442
9 15 4 18 -77306
-13 -14 -17 -15 -82310
-13 3 -15 -7 -93108
21 13 16 10 -79562
24 -12 -4 -7 -97944
10 -22 5 -21 -59308
12 -21 22 -15 -76402
-11 -13 -19 -7 -97116
-23 -20 -12 -18 -65698
-1 -24 5 -20 -75328
-8 2 -11 23 -100910
-13 -2 -18 -2 -94206
10 -16 3 -21 -82604
-11 -4 -12 -2 -89472
-21 -7 -14 6 -100986
-17 15 -24 15 -31276
-5 15 -6 8 -85294
-14 -24 -2 -14 -89464
-18 2 -14 7 -91856
15 0 9 -1 -97680
21 3 20 -2 -62662
-6 -15 -7 -6 -100876
-19 11 -18 -1 -98240
2 -13 5 -15 -93530
5 1 3 0 -96178
-11 -4 -8 2 -100080
18 6 15 16 -84120
8 -3 8 -10 -93134
-6 -2 -10 2 -104460
11 -1 11 3 -75998
-16 -10 20 -23 -92770
12 -1 19 -10 -96822
-7 -9 -8 -7 -85076
1 20 -12 18 -94496
-2 -22 -14 -16 -95780
0 -16 -2 -19 -96850
12 6 24 7 -97260
10 24 16 2 -94528
0 6 -6 5 -106666
-4 0 -24 5 -98948
7 3 9 1 -90382
0 -23 17 -21 -86506
15 -11 23 -4 -88934
-3 21 1 23 -55542
-6 -15 -11 -21 -82286
1 -6 22 -21 -99952
-24 -15 -2 -1 -103882
-21 11 0 -21 -113974
8 0 14 -2 -93168
-9 -19 -11 -17 -68790
8 -14 5 -19 -83064
15 23 9 22 -50930
-9 -10 -7 -14 -87442
-10 -15 -14 -15 -83794
-22 -21 -15 -9 -74754
17 -16 23 15 -98194
-1 11 0 8 -81910
16 4 13 0 -80392
5 -10 6 -15 -90432
-5 5 -6 1 -101178
-4 -23 0 -17 -93276
-18 -12 -16 -3 -89648
12 9 21 15 -98714
21 8 24 10 -36832
-4 -9 -3 -3 -103494
8 3 6 16 -104386
13 22 5 8 -100076
0 -15 3 -14 -98322
16 12 7 8 -99808
7 1 6 2 -96380
-1 -11 -22 -24 -92498
-18 12 -14 19 -64288
-11 20 -22 16 -82538
22 -17 18 4 -101614
-6 8 -8 5 -90246
-13 17 23 13 -103910
-12 -20 -20 -17 -80328
9 9 15 7 -91746
3 -10 3 -8 -75336
3 12 4 22 -90024
3 4 0 6 -98462
-14 24 10 8 -103310
1 8 1 3 -91992
-1 -12 0 -11 -89962
-24 -1 -22 -15 -65300
-6 19 -19 19 -90114
-24 -7 7 -22 -98162
9 -7 13 -2 -103178
-12 -20 -11 -13 -80798
-11 13 14 23 -101608
-14 24 -10 -2 -101138
-3 -14 -2 -18 -87676
7 -18 20 -16 -94324
-6 2 -5 -3 -96182
-14 2 -24 15 -92020
11 -4 7 -2 -88344
10 -4 12 -16 -93926
1 13 1 16 -70776
8 9 19 22 -100120
0 -19 -5 -23 -84400
-7 -5 -6 -3 -105078
-7 3 -7 4 -90488
19 -5 22 0 -84646
15 -21 6 -12 -91710
-1 12 8 18 -103148
2 -9 6 -12 -91606
-7 -15 2 -21 -97364
-4 3 -2 -2 -103574
0 -16 3 -24 -65184
-11 -5 -12 0 -93330
-7 11 -3 9 -99454
-4 -7 -6 -9 -100906
6 24 9 13 -73466
-18 21 -16 -10 -96690
-16 1 -23 11 -87846
20 -12 17 -5 -72484
5 22 19 14 -93262
1 -20 1 -14 -93650
-5 -18 0 -14 -102324
-12 -13 -12 -12 -85276
-13 -11 -15 -16 -93112
4 15 -2 18 -99626
9 6 12 15 -93870
22 2 23 11 -73440
-7 5 -5 7 -92942
6 10 9 8 -97264
-2 -6 0 -5 -92430
3 -1 2 1 -89710
23 -20 19 10 -95126
2 -11 0 -16 -101262
-6 0 -9 -10 -125596
-6 -2 -8 -11 -118828
-12 -14 -10 -13 -91478
-17 10 -14 2 -94182
17 6 17 9 -69032
-4 3 2 0 -105528
0 19 20 17 -101630
-4 -8 -5 1 -102402
-12 24 -21 17 -76158
-23 18 10 18 -94184
-14 12 -14 3 -89964
17 -8 20 -16 -73040
23 -8 -24 -21 -94732
-12 -8 -8 -2 -108596
-19 -12 -10 -15 -99510
-18 -10 -10 -1 -109038
-4 14 -8 11 -99482
-7 -2 -4 -4 -92786
6 -13 7 -14 -81358
-5 -11 -6 -8 -87918
1 7 2 6 -93842
20 -7 24 0 -73762
16 9 13 10 -83376
22 -17 8 -21 -87966
19 -6 12 -16 -92420
4 17 5 22 -60174
-1 22 -3 16 -76838
-7 1 -11 6 -103596
15 15 20 13 -74144
-20 -8 -20 -9 -54142
-6 23 -9 8 -98664
8 -24 24 -12 -83486
-20 23 23 18 -79914
18 13 24 -16 -94092
1 8 -4 7 -99680
4 0 3 5 -100102
-15 23 -18 21 -50044
-2 24 -2 1 -101272
-10 9 -18 19 -95854
-8 -23 -11 -13 -79316
4 11 -1 12 -92768
-11 -7 -9 -14 -94686
22 7 14 -5 -109568
-8 -12 -14 -16 -106164
11 3 16 22 -98846
1 -18 0 -21 -75986
24 -16 18 -11 -43136
-20 -8 -22 -14 -53854
17 -18 19 -13 -54702
-8 0 -11 0 -86654
-6 -20 -4 -10 -94382
-1 -13 2 -16 -97292
-12 -9 -6 -6 -94926
12 8 5 11 -104094
-7 22 -6 14 -74780
10 -11 11 -4 -91676
22 6 -23 -3 -96776
-23 0 -13 5 -91632
-22 16 -23 0 -73074
15 4 10 9 -97558
7 -6 11 -2 -96162
-22 0 -17 -2 -60842
11 -10 10 -15 -76672
-2 0 2 0 -97648
-10 13 -9 14 -74448
14 -4 8 -4 -94732
15 4 23 2 -81988
9 19 24 0 -103028
23 4 20 -18 -98514
-2 24 3 20 -56192
4 23 -7 15 -105970
4 -20 0 -13 -103750
-8 -12 -22 -19 -104252
6 11 13 13 -93600
23 13 15 6 -91260
-19 -18 -2 -22 -98576
-9 19 19 20 -102412
-10 7 -6 4 -98764
-2 -22 -1 -17 -78874
-13 11 -19 18 -79748
9 21 12 -13 -103962
5 4 11 13 -106108
0 19 -8 16 -91238
18 -1 18 -6 -83354
10 10 7 13 -87930
15 1 21 6 -90564
-14 4 -11 16 -89744
-16 -11 -24 -3 -70850
-14 0 -15 0 -94406
0 3 -1 15 -102134
-13 17 -18 2 -100232
-2 -8 -8 -13 -104038
-4 4 -5 0 -101768
-1 -16 0 -11 -95022
-15 -11 -17 -7 -74018
20 -23 18 0 -98742
-6 23 -3 9 -100962
9 -6 5 -4 -92450
-14 -15 -10 -20 -78318
8 24 -20 5 -98976
4 13 -6 14 -106076
-2 0 -5 -1 -94074
-8 9 -5 10 -97398
-24 -8 -17 -7 -57836
0 -13 3 -13 -100470
-20 7 -17 21 -64576
-19 -11 -11 -16 -96942
8 -14 11 -22 -73038
11 -19 -9 -24 -92052
22 -9 22 9 -88028
-18 -4 -18 8 -86500
-6 7 -5 11 -82420
-6 -3 -4 -1 -97910
22 -4 22 11 -85554
21 -1 17 13 -96168
-22 0 -22 -3 -38276
1 -6 -4 -5 -100186
-19 -21 -23 -11 -51426
-16 1 -9 3 -103484
-9 -12 0 -17 -107792
-16 1 -23 -12 -97718
-5 17 -10 11 -98988
7 -13 0 -17 -103802
-18 0 -14 2 -91844
-9 12 -17 9 -85256
0 -18 -3 -16 -86876
3 -5 -1 -2 -101344
4 -1 8 1 -97624
-16 -16 -14 -4 -105146
-12 -9 -15 -12 -91566
0 18 -24 14 -95914
12 -24 8 -13 -72252
-5 10 -14 9 -90694
13 -9 24 -8 -86320
0 12 4 24 -95260
-2 8 4 14 -97394
-4 8 -24 20 -87796
-15 -16 -15 -15 -61142
18 -2 17 -5 -92732
-24 -4 -19 16 -90822
-7 3 -6 1 -106296
-13 0 -24 -10 -101052
4 2 0 2 -101684
5 9 4 7 -81992
-1 -4 0 -1 -88014
-21 -7 -19 12 -99938
8 -8 8 24 -102486
-12 8 -8 13 -81458
15 -17 -24 -21 -94990
5 -3 4 -4 -96422
12 19 -8 20 -99946
23 -10 18 -9 -53794
-19 1 -19 8 -80772
5 -18 7 -19 -67674
15 -6 9 -6 -90592
10 10 9 1 -93988
-3 19 3 14 -102436
3 7 22 -24 -99706
24 8 20 18 -51110
2 5 -3 6 -106204
-8 19 -14 13 -79824
11 -20 -23 -19 -100676
-23 -6 -21 -5 -47256
-24 6 -23 1 -42142
-13 -6 -11 0 -96380
-17 -22 18 24 -99414
0 -17 -4 -20 -98814
-2 -23 -4 4 -102080
4 -23 -3 -21 -70580
14 8 18 2 -93690
24 16 22 -3 -78832
-10 -4 -24 -1 -97194
9 -8 10 -5 -90002
7 -10 24 -8 -95432
17 -21 14 -3 -101210
-11 -5 -12 -12 -87982
23 6 15 4 -85718
3 -1 2 -1 -97426
0 4 -1 -5 -98110
16 2 9 0 -98124
-17 12 -24 -8 -98144
-6 -10 -5 -7 -98360
-22 18 -5 22 -96264
19 -22 19 -2 -96936
-6 5 -7 8 -87156
9 -3 9 0 -77712
23 21 6 2 -100388
-22 1 -23 1 -28408
-2 8 -3 20 -99138
-11 1 -23 3 -98136
1 -2 0 7 -103952
-7 17 -6 23 -55924
13 -24 19 -7 -86706
9 11 1 8 -95860
-2 0 0 3 -92032
-13 20 -6 15 -81296
-9 -16 -7 -8 -95254
0 18 12 20 -87510
1 -6 0 -6 -90252
12 -1 23 -4 -96794
-4 14 -8 14 -91944
1 8 1 10 -73586
-12 -12 -12 -15 -90532
5 -8 6 -6 -86644
-4 -19 -10 -18 -75050
