15 -8 21 -11 -88217
0 21 4 10 -102905
8 19 2 15 -79157
-9 -5 -22 -23 -97331
-24 8 -5 19 -100155
24 -17 -12 -22 -90967
1 5 0 5 -97389
8 -11 5 -15 -92265
-19 19 19 13 -103723
6 -12 8 -10 -86859
13 -3 21 0 -93579
6 3 6 5 -82713
14 12 11 14 -72729
-2 -17 -8 -11 -100397
7 14 5 8 -87617
12 5 14 13 -85151
5 -4 0 -6 -96207
-4 13 0 10 -98147
24 -5 18 5 -77601
5 1 3 -6 -99097
-15 11 -18 10 -74411
15 -15 -6 -24 -99787
5 -2 4 -2 -96807
22 1 20 -24 -85849
12 0 19 -3 -98195
11 1 11 -23 -102099
-15 -2 -9 0 -93233
-21 -21 -17 22 -97457
13 6 12 -6 -96299
-13 22 7 17 -100231
1 -12 2 -12 -94979
14 -23 -16 -21 -91945
-12 19 -1 24 -74191
-3 24 0 13 -91815
-16 -4 -11 -23 -99625
3 18 -2 14 -93959
-14 -14 -15 0 -100251
-4 15 -4 -11 -105497
1 15 -7 24 -89829
-9 24 -20 17 -88323
8 17 12 21 -58359
-14 12 -9 18 -91257
-17 -16 -11 -18 -85319
-10 7 24 23 -91577
-21 -21 -18 -18 -28893
-14 24 -6 13 -80645
11 -17 14 -17 -72581
6 2 5 4 -88349
-23 -8 -18 -3 -73489
22 -1 18 0 -70859
-24 -4 18 -13 -100695
-7 1 -3 2 -95957
-20 19 -2 17 -101789
14 11 16 2 -94975
14 19 9 20 -66903
18 6 22 23 -63511
19 21 13 12 -73771
22 -24 22 -19 -8871
5 6 3 0 -100849
17 -5 13 -7 -84237
2 17 8 8 -100391
4 15 1 10 -94985
0 22 -24 2 -102809
10 10 24 19 -89747
-2 15 -12 23 -90835
-8 -4 -9 -5 -85393
0 -22 -22 -18 -96871
16 -1 14 3 -80507
-6 -6 -9 -6 -83041
15 -12 11 -22 -76481
-1 -6 -5 -6 -95715
-8 13 -4 12 -96553
-14 13 -8 4 -94271
22 -3 20 -3 -52607
15 9 18 8 -85041
12 2 11 15 -99037
22 24 14 13 -57591
14 24 19 -8 -92207
-7 -6 -12 -1 -97327
7 -23 8 -12 -84285
17 -20 7 -18 -81811
8 16 11 16 -74385
7 5 7 -4 -96915
20 -6 22 -3 -67791
-24 17 -16 -17 -93305
14 5 -24 11 -101105
-18 7 -16 12 -65827
2 -21 0 -13 -101813
-5 -4 3 -7 -113979
7 -2 8 6 -97503
10 -10 10 -18 -85139
3 -4 2 -8 -90793
-18 24 -12 -1 -97891
24 13 17 15 -53753
-13 -15 -24 -8 -82161
23 -21 10 -7 -92829
14 -22 -5 -22 -94109
13 -5 11 -8 -83473
-4 11 0 10 -97253
-24 -16 -21 7 -87561
-4 2 -2 3 -85807
2 -12 2 -16 -94955
-4 21 18 22 -93867
17 24 1 9 -100877
10 -15 6 -6 -98325
2 -2 2 -3 -85299
-1 14 23 14 -102449
14 0 14 -7 -83407
-7 1 -8 -2 -89547
24 10 10 16 -94881
-14 -23 -19 -13 -69281
3 -8 -2 -10 -95465
6 -11 13 -10 -89863
-23 -16 -21 9 -94235
0 -15 -3 -10 -92371
-1 21 2 16 -88223
23 10 21 2 -74163
5 -19 0 -19 -90129
3 -4 4 -3 -93955
14 11 21 6 -97923
-22 -21 -24 -7 -56941
-14 -13 -8 -9 -98061
-8 -14 -12 -23 -73921
-8 10 5 10 -115923
-5 3 -5 1 -96101
10 9 17 11 -89079
-10 6 -11 1 -88863
8 -22 17 -18 -83969
11 -14 20 -13 -90073
0 -19 5 -18 -94451
0 16 5 15 -89537
-2 -6 -1 -8 -95129
7 24 11 19 -50059
-6 17 2 16 -98071
-8 -22 -18 3 -110155
6 -6 6 -22 -103161
3 -7 2 -5 -98005
0 -7 -24 -19 -101415
8 -13 12 -11 -82233
-15 -23 -12 15 -99057
-8 4 -9 0 -92777
0 -13 -8 -14 -95371
-12 -14 -3 -10 -97769
-18 -23 24 -8 -96987
-11 -3 -14 6 -89751
-5 -24 1 -20 -76367
-13 -18 -13 -10 -96877
18 1 17 6 -73335
9 -7 7 2 -99995
-13 9 -19 11 -88765
17 -2 15 -9 -83725
20 13 -3 24 -102111
-12 0 -4 7 -111433
-9 -5 -10 -2 -86685
0 -9 -2 -7 -95999
0 5 2 5 -99157
-16 -4 -9 -9 -96959
-7 2 -16 2 -101061
-1 4 2 6 -94655
-6 -3 -3 -8 -94227
1 -21 5 -24 -53001
8 -8 9 -9 -78845
-18 -24 -20 3 -84529
-7 13 1 23 -100765
12 6 5 2 -93335
-17 3 -18 -19 -103133
1 -13 2 -7 -83951
-11 7 -16 7 -78487
18 -16 6 -24 -87363
22 -23 12 -1 -100605
-15 4 -14 8 -82949
-24 14 -23 15 -22303
-19 13 -13 9 -89807
21 -9 18 -16 -74483
4 0 6 -4 -102355
4 -12 9 -10 -91841
-7 11 -6 10 -86069
9 15 4 18 -76837
-13 -14 -17 -15 -80735
-13 3 -15 -7 -86305
21 13 16 10 -80371
24 -12 -4 -7 -102371
10 -22 5 -21 -59493
12 -21 22 -15 -82059
-11 -13 -19 -7 -95533
-23 -20 -12 -18 -64995
-1 -24 5 -20 -75551
-8 2 -11 23 -100257
-13 -2 -18 -2 -84555
10 -16 3 -21 -83491
-11 -4 -12 -2 -86859
-21 -7 -14 6 -97951
-17 15 -24 15 -32431
-5 15 -6 8 -86465
-14 -24 -2 -14 -88793
-18 2 -14 7 -89921
15 0 9 -1 -93899
21 3 20 -2 -61689
-6 -15 -7 -6 -99623
-19 11 -18 -1 -99177
2 -13 5 -15 -94269
5 1 3 0 -95669
-11 -4 -8 2 -94417
18 6 15 16 -84053
8 -3 8 -10 -92367
-15 1 -20 4 -75859
11 -1 11 3 -77795
-16 -10 20 -23 -94963
12 -1 19 -10 -99491
-7 -9 -8 -7 -82551
1 20 -12 18 -94161
-2 -22 -14 -16 -94073
0 -16 -2 -19 -96627
12 6 24 7 -95479
10 24 16 2 -93701
19 -2 17 1 -79107
-4 0 -24 5 -95505
7 3 9 1 -88899
0 -23 17 -21 -87999
15 -11 23 -4 -86347
-3 21 1 23 -52045
-6 -15 -11 -21 -81849
1 -6 22 -21 -100799
-24 -15 -2 -1 -101131
21 -9 17 -15 -77273
8 0 14 -2 -94073
-9 -19 -11 -17 -69005
8 -14 5 -19 -86625
15 23 9 22 -51895
-9 -10 -7 -14 -87901
-10 -15 -14 -15 -83835
-22 -21 -15 -9 -74557
17 -16 23 15 -95795
-1 11 0 8 -81095
16 4 13 0 -76263
5 -10 6 -15 -90207
-5 5 -6 1 -102475
-4 -23 0 -17 -93875
-18 -12 -16 -3 -86973
12 9 21 15 -99125
21 8 24 10 -37021
-4 -9 -3 -3 -96851
8 3 6 16 -102507
13 22 5 8 -98267
0 -15 3 -14 -96619
16 12 7 8 -98025
7 1 6 2 -94059
-1 -11 -22 -24 -92063
-18 12 -14 19 -71523
-11 20 -22 16 -83637
22 -17 18 4 -99487
-6 8 -8 5 -92087
-13 17 23 13 -103507
-12 -20 -20 -17 -80475
9 9 15 7 -92661
3 -10 3 -8 -73503
3 12 4 22 -88125
3 4 0 6 -92711
-14 24 10 8 -104579
1 8 1 3 -87707
-1 -12 0 -11 -85323
-24 -1 -22 -15 -65121
-6 19 -19 19 -93003
-24 -7 7 -22 -98347
-19 13 -19 19 -43323
-12 -20 -11 -13 -79917
-11 13 14 23 -99237
-14 24 -10 -2 -101609
-3 -14 -2 -18 -86353
7 -18 20 -16 -101359
-6 2 -5 -3 -85199
-14 2 -24 15 -93727
11 -4 7 -2 -90517
10 -4 12 -16 -93739
1 13 1 16 -73165
8 9 19 22 -100457
0 -19 -5 -23 -83435
-7 -5 -6 -3 -94153
-7 3 -7 4 -89519
19 -5 22 0 -78671
15 -21 6 -12 -94311
-1 12 8 18 -104203
2 -9 6 -12 -93121
-7 -15 2 -21 -94517
5 18 1 4 -113875
0 -16 3 -24 -69015
-11 -5 -12 0 -88413
-7 11 -3 9 -98589
-4 -7 -6 -9 -90623
6 24 9 13 -70859
-18 21 -16 -10 -96655
-16 1 -23 11 -89233
20 -12 17 -5 -73091
5 22 19 14 -93481
1 -20 1 -14 -95863
-5 -18 0 -14 -100751
-12 -13 -12 -12 -85195
-13 -11 -15 -16 -92263
4 15 -2 18 -102109
9 6 12 15 -90367
22 2 23 11 -72711
-7 5 -5 7 -93375
6 10 9 8 -88889
-2 -6 0 -5 -90061
3 -1 2 1 -87495
23 -20 19 10 -94209
2 -11 0 -16 -99335
0 -24 3 -15 -87161
24 -13 13 -10 -88981
-12 -14 -10 -13 -90735
-17 10 -14 2 -95099
17 6 17 9 -66915
-4 13 2 15 -97255
0 19 20 17 -101647
-4 -8 -5 1 -94879
-12 24 -21 17 -76991
-23 18 10 18 -95157
-14 12 -14 3 -90463
17 -8 20 -16 -75965
23 -8 -24 -21 -98149
19 -3 -19 -8 -104865
-19 -12 -10 -15 -97581
15 -12 18 -11 -78195
-4 14 -8 11 -98973
-7 -2 -4 -4 -86265
6 -13 7 -14 -81623
-5 -11 -6 -8 -87419
1 7 2 6 -88637
20 -7 24 0 -69197
16 9 13 10 -82449
22 -17 8 -21 -92887
19 -6 12 -16 -99421
4 17 5 22 -57387
-1 22 -3 16 -74941
-7 1 -11 6 -99309
15 15 20 13 -73359
-20 -8 -20 -9 -54043
-6 23 -9 8 -100119
8 -24 24 -12 -89299
-20 23 23 18 -81433
18 13 24 -16 -94607
1 8 -4 7 -94193
4 0 3 5 -92161
-15 23 -18 21 -50477
-2 24 -2 1 -101545
-10 9 -18 19 -97477
-8 -23 -11 -13 -78197
4 11 -1 12 -93749
-11 -7 -9 -14 -94193
-15 7 -23 24 -59815
-8 -12 -14 -16 -105081
11 3 16 22 -97461
1 -18 0 -21 -80381
24 -16 18 -11 -46599
-20 -8 -22 -14 -54241
17 -18 19 -13 -60881
-8 0 -11 0 -85697
-6 -20 -4 -10 -94633
-1 -13 2 -16 -96523
-12 -9 -6 -6 -87619
12 8 5 11 -101255
-7 22 -6 14 -75719
10 -11 11 -4 -90503
22 6 -23 -3 -98873
-23 0 -13 5 -87899
-22 16 -23 0 -73533
15 4 10 9 -96537
7 -6 11 -2 -88917
-22 0 -17 -2 -61227
11 -10 10 -15 -77839
-2 0 2 0 -93775
-10 13 -9 14 -82159
14 -4 8 -4 -93587
15 4 23 2 -86159
9 19 24 0 -105433
23 4 20 -18 -91815
-2 24 3 20 -59415
14 -9 -11 -7 -109481
4 -20 0 -13 -105133
-8 -12 -22 -19 -102593
6 11 13 13 -91123
23 13 15 6 -91437
-19 -18 -2 -22 -97757
-9 19 19 20 -102709
-10 7 -6 4 -95983
-2 -22 -1 -17 -81113
-13 11 -19 18 -84231
9 21 12 -13 -102529
5 -3 7 -6 -100145
0 19 -8 16 -91973
18 -1 18 -6 -77403
10 10 7 13 -89459
15 1 21 6 -83817
-14 4 -11 16 -92119
-16 -11 -24 -3 -68501
-14 0 -15 0 -82227
0 3 -1 15 -102195
-13 17 -18 2 -100775
-2 -8 -8 -13 -97527
-4 4 -5 0 -101251
-1 -16 0 -11 -92803
-15 -11 -17 -7 -73397
20 -23 18 0 -97425
-6 23 -3 9 -102997
9 -6 5 -4 -95735
-14 -15 -10 -20 -78823
8 24 -20 5 -99275
15 7 -24 2 -100803
-2 0 -5 -1 -90907
-8 9 -5 10 -96135
-24 -8 -17 -7 -57769
0 -13 3 -13 -99489
-20 7 -17 21 -72047
-19 -11 -11 -16 -95673
8 -14 11 -22 -77451
11 -19 -9 -24 -92383
22 -9 22 9 -86655
-18 -4 -18 8 -86649
-6 7 -5 11 -81273
-6 -3 -4 -1 -97969
22 -4 22 11 -85925
21 -1 17 13 -97551
-22 0 -22 -3 -37847
1 -6 -4 -5 -103981
-19 -21 -23 -11 -51017
-16 1 -9 3 -98907
-9 -12 0 -17 -103639
-16 1 -23 -12 -95859
-5 17 -10 11 -102779
7 -13 0 -17 -103529
-18 0 -14 2 -84643
-9 12 -17 9 -87465
0 -18 -3 -16 -84151
3 -5 -1 -2 -102469
4 -1 8 1 -96725
-16 -16 -14 -4 -103979
-12 -9 -15 -12 -89343
0 18 -24 14 -96983
12 -24 8 -13 -76221
-5 10 -14 9 -94159
13 -9 24 -8 -93137
0 12 4 24 -92973
-2 8 4 14 -103763
-4 8 -24 20 -90249
-15 -16 -15 -15 -60949
18 -2 17 -5 -78801
-24 -4 -19 16 -90011
-7 3 -6 1 -95833
-13 0 -24 -10 -97495
4 2 0 2 -101083
5 9 4 7 -81009
-1 -4 0 -1 -87697
-21 -7 -19 12 -98631
8 -8 8 24 -99817
-12 8 -8 13 -86683
15 -17 -24 -21 -96423
5 -3 4 -4 -94893
12 19 -8 20 -100141
23 -10 18 -9 -60139
-19 1 -19 8 -81653
5 -18 7 -19 -68621
15 -6 9 -6 -91143
10 10 9 1 -88023
-3 19 3 14 -105223
3 7 22 -24 -99187
24 8 20 18 -49785
2 5 -3 6 -98027
-8 19 -14 13 -92131
11 -20 -23 -19 -100921
-23 -6 -21 -5 -47425
-24 6 -23 1 -42013
-13 -6 -11 0 -83639
-17 -22 18 24 -99201
0 -17 -4 -20 -98101
-2 -23 -4 4 -97171
4 -23 -3 -21 -71759
14 8 18 2 -94899
24 16 22 -3 -79377
-10 -4 -24 -1 -92145
9 -8 10 -5 -87895
7 -10 24 -8 -101829
17 -21 14 -3 -101879
-11 -5 -12 -12 -82393
23 6 15 4 -84141
3 -1 2 -1 -96771
0 4 -1 -5 -95367
16 2 9 0 -93859
-17 12 -24 -8 -97091
-6 -10 -5 -7 -86893
-22 18 -5 22 -97119
19 -22 19 -2 -96291
-6 5 -7 8 -84873
9 -3 9 0 -76853
23 21 6 2 -98065
-22 1 -23 1 -29069
-2 8 -3 20 -101625
5 15 15 7 -115077
1 -2 0 7 -96617
-7 17 -6 23 -54943
13 -24 19 -7 -91113
9 11 1 8 -94503
-2 0 0 3 -90671
-13 20 -6 15 -82831
-9 -16 -7 -8 -94527
0 18 12 20 -85229
1 -6 0 -6 -90891
12 -1 23 -4 -101829
-4 14 -8 14 -92197
1 8 1 10 -73381
-12 -12 -12 -15 -90173
5 -8 6 -6 -86013
-4 -19 -10 -18 -73123
