15 -8 21 -11 -85387
-12 8 -14 21 -87561
8 19 2 15 -80115
5 2 -23 -2 -101121
-24 17 18 19 -88309
24 -17 -12 -22 -91239
1 5 0 5 -91083
8 -11 5 -15 -89583
-19 24 19 -4 -95897
6 -12 8 -10 -87217
13 -3 21 0 -94621
6 3 6 5 -78273
14 12 11 14 -69587
-19 7 -23 0 -81655
7 14 5 8 -78301
12 5 14 13 -80885
5 -4 0 -6 -92185
-4 6 2 10 -94511
24 -5 18 5 -76761
5 1 3 -6 -93641
-15 11 -18 10 -81769
-20 -24 -17 -16 -46901
5 -2 4 -2 -88847
22 1 20 -24 -87077
12 0 19 -3 -92067
-8 -16 -7 -14 -82271
-15 -2 -9 0 -92173
-21 -21 -17 22 -100687
13 6 12 -6 -94137
11 3 7 5 -88011
1 -12 2 -12 -82499
14 -23 -16 -21 -89383
-12 19 -1 24 -71285
-3 24 0 13 -84287
-16 -4 -11 -23 -95415
3 18 -2 14 -93077
-15 1 -10 19 -107551
4 -10 24 -13 -99459
1 15 -7 24 -85745
-9 24 -20 17 -86725
8 17 12 21 -57209
-14 12 -9 18 -89335
-17 -16 -11 -18 -83971
-10 7 24 23 -84223
-21 -21 -18 -18 -47875
-14 24 -6 13 -82605
11 -17 14 -17 -83417
6 2 5 4 -84355
-23 -8 -18 -3 -74797
22 -1 18 0 -69463
1 -3 0 8 -94611
-2 1 -3 -4 -87917
-20 -7 -18 0 -77941
14 11 16 2 -91157
14 19 9 20 -64973
18 6 22 23 -65231
19 21 13 12 -71627
22 -24 22 -19 -11103
18 9 0 23 -100085
17 -5 13 -7 -84995
18 21 16 19 -39289
4 15 1 10 -85237
-19 24 -14 5 -91377
10 10 24 19 -81227
-2 15 -12 23 -93585
-8 -4 -9 -5 -86085
0 -22 -22 -18 -93187
16 -1 14 3 -83197
-6 -6 -9 -6 -81665
15 -12 11 -22 -83409
-1 -6 -5 -6 -86209
-8 13 -4 12 -91201
-14 10 -9 9 -81889
22 -3 20 -3 -54223
15 9 18 8 -80641
-5 22 -7 24 -45601
22 24 14 13 -60265
14 24 19 -8 -92577
-7 -6 -12 -1 -96471
7 -23 8 -12 -86665
17 -20 7 -18 -96137
8 16 11 16 -70617
7 5 7 -4 -92399
20 -6 22 -3 -76545
-24 17 -16 -17 -95363
14 5 -24 11 -96623
-18 7 -16 12 -69619
2 -21 0 -13 -96577
-1 15 3 18 -88587
7 -2 8 6 -94277
10 -10 10 -18 -83819
3 -4 2 -8 -85549
-8 24 -6 19 -51159
24 13 17 15 -54907
-13 -15 -24 -8 -84129
23 -21 10 -7 -92301
14 -22 -5 -22 -90011
13 -5 11 -8 -87009
-24 -17 -12 22 -100267
-24 -16 -21 7 -92395
-4 2 -2 3 -80629
2 -12 2 -16 -86429
-4 21 18 22 -80729
17 24 1 9 -89745
7 15 24 12 -88389
2 -2 2 -3 -77903
-24 4 22 8 -92765
14 0 14 -7 -83567
-7 1 -8 -2 -82337
-17 6 -13 5 -87709
-14 -23 -19 -13 -74941
3 -8 -2 -10 -87945
6 -11 13 -10 -96331
-23 -16 -21 9 -98539
0 -15 -3 -10 -82661
-1 21 2 16 -78527
23 10 21 2 -73735
5 -19 0 -19 -87521
3 -4 4 -3 -92563
14 5 18 19 -91259
-22 -21 -24 -7 -63013
-7 11 -3 20 -86115
-8 -14 -12 -23 -75589
-8 5 -11 18 -93685
-5 3 -5 1 -87725
10 9 17 11 -86119
-10 6 -11 1 -81169
8 -22 17 -18 -96193
11 -14 20 -13 -91427
0 -19 5 -18 -89629
0 16 5 15 -82865
-2 -6 -1 -8 -84829
7 24 11 19 -53511
-6 17 2 16 -83785
4 -11 5 -11 -85301
16 16 23 6 -86011
3 -7 2 -5 -85787
3 18 10 20 -74517
8 -13 12 -11 -87883
-15 -23 -12 15 -94953
-8 4 -9 0 -85587
0 -13 -8 -14 -93111
-12 -14 -3 -10 -95815
-18 -23 24 -8 -92263
-11 -3 -14 6 -84329
-5 -24 1 -20 -76449
-13 -18 14 -10 -103083
18 1 17 6 -79851
-17 -7 -23 -1 -77765
-2 4 0 12 -92595
17 -2 15 -9 -94305
-5 -15 -9 -17 -88463
11 -9 11 -8 -73165
-9 -5 -10 -2 -87861
0 -9 -2 -7 -83667
0 5 2 5 -91691
-16 -4 -9 -9 -93857
-10 -24 -16 -17 -68103
-1 4 2 6 -89123
-6 -3 -3 -8 -87067
1 -21 5 -24 -52867
8 -8 9 -9 -80101
-18 -24 -20 3 -82721
-21 -19 21 -23 -92331
12 6 5 2 -90197
23 -3 17 -7 -85293
1 -13 2 -7 -78963
-11 7 -16 7 -87333
18 -16 6 -24 -97737
22 -23 12 -1 -96429
-15 4 -14 8 -75987
-24 14 -23 15 -24323
-19 13 -13 9 -88433
21 -9 18 -16 -73573
-12 -13 -23 -18 -91011
4 -12 9 -10 -94887
-7 11 -6 10 -81127
9 15 4 18 -78155
-13 -14 -17 -15 -80983
-13 3 -15 -7 -89021
21 13 16 10 -73681
-5 -13 -6 -11 -74971
10 -22 5 -21 -61515
12 -21 22 -15 -86505
-11 -13 -19 -7 -94231
-23 -20 -12 -18 -78759
-1 -24 5 -20 -72541
-13 7 -22 24 -90473
-13 -2 -18 -2 -81291
10 -16 3 -21 -81099
-11 -4 -12 -2 -85333
7 -22 23 -14 -110617
-17 15 -24 15 -46867
-5 15 -6 8 -85111
-14 -24 -2 -14 -89713
-18 2 -14 7 -88817
15 0 9 -1 -93989
21 3 20 -2 -63975
12 16 20 9 -92467
-19 -13 -1 -24 -98065
2 -13 5 -15 -96701
5 1 3 0 -87041
-11 -4 -8 2 -92291
18 6 15 16 -89277
8 -3 8 -10 -89905
-15 1 -20 4 -89093
11 -1 11 3 -78371
-16 -10 20 -23 -95743
-8 2 -14 5 -87815
-7 -9 -8 -7 -75929
-19 10 -23 0 -89643
-23 -24 -20 15 -91755
0 -16 -2 -19 -87295
12 6 24 7 -91657
10 24 16 2 -91905
19 -2 17 1 -78749
-4 0 -24 5 -94539
7 3 9 1 -91519
0 -23 17 -21 -89269
15 -11 23 -4 -90899
-3 21 1 23 -46809
-6 -15 -11 -21 -84825
-8 -2 -8 -7 -88445
6 -15 1 -15 -93005
21 -9 17 -15 -76171
8 0 14 -2 -93933
-9 -19 -11 -17 -66593
8 -14 5 -19 -83211
15 23 9 22 -47671
-9 -10 -7 -14 -81113
-10 -15 -14 -15 -73747
-22 -21 -15 -9 -92375
17 -16 23 15 -94047
-1 11 0 8 -74595
16 4 13 0 -76385
5 -10 6 -15 -92499
-5 5 -6 1 -92593
18 -23 5 -17 -88007
-18 -12 -16 -3 -83537
-5 2 -7 2 -91893
21 8 24 10 -36371
-4 -9 -3 -3 -91289
8 3 6 16 -87967
14 -8 16 -3 -92229
0 -15 3 -14 -86215
16 12 7 8 -94379
7 1 6 2 -90437
-1 -11 -22 -24 -88735
-18 12 -14 19 -78193
-11 20 -22 16 -89089
22 -17 18 4 -99107
-6 8 -8 5 -91017
-13 17 23 13 -92143
-12 -20 -20 -17 -86121
9 9 15 7 -90403
3 -10 3 -8 -70311
3 12 4 22 -89199
3 4 0 6 -85905
7 -14 5 -10 -95055
1 8 1 3 -82847
-1 -12 0 -11 -86579
-24 -1 -22 -15 -71505
-6 19 -19 19 -84229
-24 -7 7 -22 -96941
-19 13 -19 19 -46943
-12 -20 -11 -13 -82809
17 -15 14 23 -92937
-14 24 -10 -2 -94241
-3 -14 -2 -18 -78391
-17 11 -13 13 -84139
-6 2 -5 -3 -81867
-21 -15 -20 -4 -84331
11 -4 7 -2 -87791
10 -4 12 -16 -92419
1 13 1 16 -67247
-24 0 -24 17 -71785
0 -19 -5 -23 -82033
-7 2 -6 1 -89883
-7 3 -7 4 -79785
19 -5 22 0 -84431
15 -21 6 -12 -101985
-1 -23 -23 -12 -95451
2 -9 6 -12 -93029
-7 -15 2 -21 -93763
12 -2 16 -12 -90149
0 -16 3 -24 -71747
-11 -5 -12 0 -87353
-7 11 -3 9 -86215
-4 -7 -6 -9 -90515
6 24 9 13 -76963
-18 21 -16 -10 -97697
-16 1 -23 11 -87925
20 -12 17 -5 -73877
5 22 19 14 -91905
1 -20 1 -14 -90339
24 -24 0 -3 -82361
-12 -13 -12 -12 -76025
-13 -11 -15 -16 -87245
4 15 -2 18 -85435
9 6 12 15 -84097
22 2 23 11 -72919
-7 5 -5 7 -91767
6 10 9 8 -75429
-2 -6 0 -5 -83975
3 -1 2 1 -80467
23 -20 19 10 -94467
-2 -21 -2 -20 -54873
0 -24 3 -15 -83953
24 -13 13 -10 -87839
-12 -14 -10 -13 -75519
-17 0 -20 2 -81043
17 6 17 9 -66065
-4 13 2 15 -84027
0 19 20 17 -90961
-14 0 -8 1 -94167
-12 24 -21 17 -81523
-23 18 10 18 -93979
-14 12 -14 3 -83143
17 -8 20 -16 -76769
23 -8 -24 -21 -93543
-20 9 -23 -5 -94917
8 -23 18 -14 -104199
15 -12 18 -11 -78953
-4 14 -8 11 -91775
-7 -2 -4 -4 -85311
6 -13 7 -14 -86943
-5 -11 -6 -8 -78025
1 7 2 6 -83655
20 -7 24 0 -74659
16 9 13 10 -81591
22 -17 8 -21 -100487
9 13 0 11 -96065
4 17 5 22 -60589
-1 22 -3 16 -71907
-7 -3 -8 -8 -91673
15 15 20 13 -73105
-20 -8 -20 -9 -60835
8 -17 15 -17 -96549
8 -24 24 -12 -97835
-20 23 23 18 -75429
18 13 24 -16 -95053
1 8 -4 7 -86015
4 0 3 5 -85775
-15 23 -18 21 -54055
-2 24 -2 1 -91145
8 1 9 -1 -80429
-8 -23 -11 -13 -79243
4 11 -1 12 -83195
-11 -7 -9 -14 -84105
-15 7 -23 24 -79695
4 20 5 12 -80667
-9 -22 -4 -24 -54215
1 -18 0 -21 -78827
24 -16 18 -11 -48949
-20 -8 -22 -14 -63465
17 -18 19 -13 -61551
-8 0 -11 0 -85025
-6 -20 -4 -10 -89927
-1 -13 2 -16 -89485
-12 -9 -6 -6 -86681
-23 8 -14 10 -79571
-7 22 -6 14 -72659
10 -11 11 -4 -95581
22 6 -23 -3 -97835
0 -5 0 -5 -251995
-22 16 -23 0 -85321
15 4 10 9 -94125
7 -6 11 -2 -87909
-22 0 -17 -2 -76805
11 -10 10 -15 -77051
-2 0 2 0 -84911
-10 13 -9 14 -77833
14 -4 8 -4 -93219
-15 -1 -10 5 -95937
4 -2 7 1 -89151
23 4 20 -18 -92309
-2 24 3 20 -52947
-20 -9 -11 -7 -84685
-19 -16 -16 -10 -83231
-20 -12 -22 -19 -57825
6 11 13 13 -86565
23 13 15 6 -86369
13 23 10 11 -66561
-5 -5 -2 -4 -89735
-10 7 -6 4 -88433
-2 -22 -1 -17 -82497
-13 11 -19 18 -86577
9 21 -14 17 -88583
13 -16 5 -11 -97799
0 19 -8 16 -84541
18 -1 18 -6 -79849
10 10 7 13 -74663
15 1 21 6 -84145
-14 4 -11 16 -97119
-16 -11 -24 -3 -81595
-14 0 -15 0 -78767
-12 -12 -17 -20 -90743
20 1 15 2 -88419
-2 -8 -8 -13 -96475
-4 4 -5 0 -92775
-1 -16 0 -11 -82287
-15 -11 -17 -7 -73057
20 -23 18 0 -96227
-8 13 -9 7 -87375
9 -6 5 -4 -88583
-14 -15 -10 -20 -80485
8 24 -20 5 -94877
-22 7 -19 12 -58247
-2 0 -5 -1 -84485
-8 9 -5 10 -93831
-24 -8 -17 -7 -62693
0 -11 -2 -13 -88849
-20 7 -17 21 -78139
-19 -11 -11 -16 -91405
8 -14 11 -22 -81607
11 -19 -9 -24 -89627
22 -9 22 9 -86577
-18 -4 -18 8 -91081
-6 7 -5 11 -85415
-20 -3 -19 -1 -68067
22 -4 22 11 -86697
21 -1 17 8 -95265
-22 0 -22 -3 -51953
18 -9 12 -13 -89477
-19 -21 -23 -11 -54979
-18 10 -15 7 -81301
-17 4 -23 4 -66949
12 20 15 15 -55009
-11 16 -6 24 -64725
14 -22 16 -6 -93535
-18 0 -14 2 -83185
-9 12 -17 9 -95291
0 -18 -3 -16 -81145
3 -5 -1 -2 -86775
-1 -17 -9 -16 -90129
3 21 6 16 -79565
-12 -9 -15 -12 -77237
0 18 -24 14 -90169
12 -24 8 -13 -80765
-5 10 -14 9 -97517
13 -9 24 -8 -89653
0 12 4 24 -91293
17 5 21 4 -80535
-4 8 -24 20 -91185
-15 -16 -15 -15 -62891
18 -2 17 -5 -84535
-24 -4 -19 16 -95159
18 12 23 0 -90175
-13 0 -24 -10 -93845
-11 22 0 20 -78783
5 9 4 7 -77743
-1 -4 0 -1 -84469
-20 -24 -12 -15 -74517
8 -8 8 24 -92041
-12 8 -8 13 -92849
15 -17 -24 -21 -92491
5 -3 4 -4 -93853
12 19 -8 20 -89825
23 -10 18 -9 -61675
-19 1 -19 8 -80171
5 -18 7 -19 -71597
15 -6 9 -6 -90239
10 10 9 1 -82405
15 16 13 8 -76991
3 7 22 -24 -96369
24 8 20 18 -54605
2 5 -3 6 -89829
-8 19 -14 13 -86493
-15 18 -23 19 -52917
-23 -6 -21 -5 -48757
-24 6 -23 1 -47745
-13 -6 -11 0 -86707
7 -22 6 -10 -96421
0 -17 -4 -20 -90809
3 0 -13 1 -110647
4 -23 -3 -21 -72277
14 8 18 2 -95117
24 16 22 -3 -77691
-10 -22 -24 -22 -68153
9 -8 10 -5 -89333
-18 -10 -19 -2 -75927
2 4 6 7 -92003
-11 -5 -12 -12 -72693
23 6 15 4 -84089
3 -1 2 -1 -86265
0 4 -1 -5 -93015
16 2 9 0 -93851
-20 -8 -20 6 -88147
-6 -10 -5 -7 -84807
-22 18 -5 22 -91931
19 -22 19 -2 -95459
-6 5 -7 8 -76795
9 -3 9 0 -68847
23 21 6 2 -89705
-22 1 -23 1 -35099
-2 8 -3 20 -88517
0 15 0 7 -82701
-7 -23 3 -22 -80971
-7 17 -6 23 -58569
13 -24 19 -7 -93053
9 11 1 8 -93841
-2 0 0 3 -84581
-13 20 -6 15 -81249
-9 -16 -7 -8 -88605
0 18 12 20 -88307
1 -6 0 -6 -77889
-16 10 -23 15 -69503
-4 14 -8 14 -87285
1 8 1 10 -72701
-12 -12 -12 -15 -81891
5 -8 6 -6 -85369
-4 -19 -10 -18 -76629
