15 -8 21 -11 -83334
-12 8 -14 21 -86708
8 19 2 15 -76300
-11 10 -6 7 -94232
-24 17 18 19 -88278
24 -17 -12 -22 -85914
1 5 0 5 -89628
8 -11 5 -15 -84546
-19 24 19 -4 -97344
6 -12 8 -10 -79888
-21 -8 -14 -12 -85686
6 3 6 5 -74208
14 12 11 14 -71230
-19 7 -23 0 -83928
7 14 5 8 -78496
12 5 14 13 -85110
5 -4 0 -6 -91942
20 -7 22 -4 -80446
24 -5 18 5 -81742
5 1 3 -6 -93656
-15 11 -18 10 -80128
-20 -24 -17 -16 -46606
5 -2 4 -2 -93222
22 1 20 -24 -79382
12 0 19 -3 -90896
-8 -16 -7 -14 -80010
-15 -2 -9 0 -87522
23 -24 19 -4 -67182
13 2 15 9 -81252
11 3 7 5 -83384
1 -12 2 -12 -83184
14 -23 -16 -21 -95140
-12 19 -1 24 -75126
-3 24 0 13 -85458
-16 -4 -11 -23 -94556
3 18 -2 14 -94878
-4 12 0 8 -89084
-23 -4 -23 -3 -50044
1 15 -7 24 -87012
-9 24 -20 17 -88748
8 17 12 21 -60116
-14 12 -9 18 -89836
-17 -16 -11 -18 -83478
-10 7 24 23 -86672
-21 -21 -18 -18 -46538
-14 24 -6 13 -85020
11 -17 14 -17 -68264
6 2 5 4 -81298
-23 -8 -18 -3 -76112
22 -1 18 0 -72836
-19 7 -17 3 -86988
-2 1 -3 -4 -87996
-20 -7 -18 0 -78518
14 11 16 2 -91482
14 19 9 20 -68706
18 6 22 23 -68984
19 21 13 12 -79858
22 -24 22 -19 -9576
8 16 -10 24 -95252
17 -5 13 -7 -80448
18 21 16 19 -44300
4 15 1 10 -82548
-19 24 -14 5 -90610
10 10 24 19 -86846
-9 13 -9 7 -76550
-8 -4 -9 -5 -86500
0 -22 -22 -18 -85062
16 -1 14 3 -84700
-6 -6 -9 -6 -80894
15 -12 11 -22 -78134
-1 -6 -5 -6 -85300
-8 13 -4 12 -91052
-14 10 -9 9 -88722
22 -3 20 -3 -56948
15 9 18 8 -78298
-5 22 -7 24 -45682
22 24 14 13 -66766
14 24 19 -8 -87208
-7 -6 -19 13 -117022
7 -23 8 -12 -82296
13 4 -14 3 -100272
8 16 11 16 -72176
7 -8 9 -24 -91012
20 -6 22 -3 -86466
-22 -15 -14 10 -105352
14 -19 -20 10 -108280
-18 7 -16 12 -69882
2 -21 0 -13 -93966
-1 15 3 18 -89558
8 -2 8 6 -85538
10 -10 10 -18 -81150
3 -4 2 -8 -88056
-8 24 -6 19 -51088
24 13 17 15 -56562
-13 -15 -24 -8 -86442
23 -21 10 -7 -84502
14 -22 -5 -22 -92238
13 -5 11 -8 -82774
-24 -17 -12 22 -92618
-24 -16 -21 7 -84792
-4 2 -2 3 -79304
2 -12 2 -16 -83582
-4 21 18 22 -84824
17 24 1 9 -91318
7 15 24 12 -86572
2 -2 2 -3 -76954
-24 4 22 8 -89852
14 0 14 -7 -78526
-7 1 -8 -2 -81898
-17 6 -13 5 -88928
-14 -23 -19 -13 -74830
3 -8 -2 -10 -87540
6 -11 13 -10 -88966
3 -18 -16 -22 -92180
0 -15 -3 -10 -84136
-1 21 2 16 -82304
23 10 21 2 -76624
5 -19 0 -19 -88096
3 -4 4 -3 -94020
14 5 18 19 -95094
-22 -21 -24 -7 -62056
-7 11 -3 20 -91808
-8 -14 -12 -23 -80572
22 4 20 4 -60992
-5 3 -5 1 -87920
10 9 17 11 -87746
-10 6 -11 1 -79390
8 -22 17 -18 -78354
11 -14 20 -13 -82230
0 -19 5 -18 -89754
0 16 5 15 -87110
-2 -6 -1 -8 -85566
7 24 11 19 -58916
-6 17 2 16 -89790
4 -11 5 -11 -81706
16 16 23 6 -85566
3 -7 2 -5 -87162
3 18 10 20 -74048
8 -13 12 -11 -81328
-15 -23 -12 15 -93504
-8 4 -9 0 -83748
0 -13 -8 -14 -89394
13 -18 8 -14 -82086
-18 -23 24 -8 -90132
-11 -3 -14 6 -86620
-5 -24 1 -20 -78838
-19 -4 -24 20 -79890
18 1 17 6 -82142
-17 -7 -23 -1 -87080
-2 6 2 -3 -91890
8 -20 14 -21 -68246
-5 -15 -9 -17 -83772
11 -9 11 -8 -67182
-9 -5 -10 -2 -85548
0 -9 -2 -7 -85088
0 5 2 5 -90964
-16 -4 -9 -9 -90248
-10 -24 -16 -17 -66884
-1 4 2 6 -84022
-6 -3 -3 -8 -89466
1 -21 5 -24 -54110
8 -8 9 -9 -76794
-18 -24 -20 3 -82974
-21 -19 21 -23 -89114
12 6 5 2 -89702
15 -2 17 1 -79622
1 -13 2 -7 -79790
-11 7 -16 7 -86740
18 -16 6 -24 -82862
23 -16 22 -16 -18220
-15 4 -14 8 -76508
-24 14 -23 15 -26042
3 -12 10 2 -114178
21 -9 18 -16 -71554
-12 -13 -23 -18 -92490
17 -22 14 -11 -69744
-7 11 -6 10 -85698
9 15 4 18 -78350
-13 -14 -17 -15 -81918
-13 3 -15 -7 -87384
21 13 16 10 -81006
-5 -13 -6 -11 -78646
10 -22 5 -21 -64220
12 -21 22 -15 -72676
-24 13 24 3 -89172
-23 -20 -12 -18 -79002
-1 -24 5 -20 -72750
-13 7 -22 24 -90884
-13 -2 -18 -2 -82458
10 -16 3 -21 -79356
-11 -4 -12 -2 -83148
12 4 13 0 -80502
-17 15 -24 15 -48280
-5 15 -6 8 -82056
-14 -24 11 -24 -86598
-18 2 -14 7 -86076
15 0 9 -1 -90594
21 3 20 -2 -73370
5 -14 10 -16 -85522
18 -13 8 -24 -88062
2 -13 5 -15 -94966
5 1 3 0 -93386
-11 -4 -8 2 -90524
18 6 15 16 -86670
8 -3 8 -10 -94174
-15 1 -20 4 -93758
11 -1 11 3 -76598
-16 -10 20 -23 -93430
-8 2 -14 5 -88888
-7 -9 -8 -7 -81270
-19 10 -23 0 -93896
-23 -24 -20 15 -86488
0 -16 -2 -19 -87864
12 6 24 7 -94858
10 24 16 8 -88302
19 -2 17 1 -79708
-4 0 -24 5 -93592
20 16 16 13 -71910
0 -23 17 -21 -84802
15 -11 23 -4 -89434
-3 21 1 23 -57860
-6 -15 -11 -21 -87350
-8 -2 -8 -7 -88782
6 -15 1 -15 -92902
21 -9 17 -15 -74248
8 0 14 -2 -92734
-9 -19 -11 -17 -66670
8 -14 5 -19 -79866
15 23 9 22 -52872
-9 -10 -7 -14 -86954
-10 -15 -14 -15 -75804
-22 -21 -15 -9 -93630
17 -16 23 15 -93060
-1 11 0 8 -77502
16 4 13 0 -80890
5 -10 6 -15 -88838
-5 5 -6 1 -93674
18 -23 5 -17 -81342
-18 -12 -16 -3 -82030
-5 2 -7 2 -88564
21 8 24 10 -40186
-4 -9 -3 -3 -92078
8 3 6 16 -88792
14 -8 16 -3 -81934
0 -15 3 -14 -87324
16 12 7 8 -95568
7 1 6 2 -84638
-1 -11 -22 -24 -86240
-18 12 -14 19 -78562
-11 20 -22 16 -86866
7 -5 7 -8 -87674
-6 8 -8 5 -85848
-13 17 23 13 -95266
-12 -20 -20 -17 -84690
9 9 15 7 -89524
3 -10 3 -8 -72178
-5 12 -3 22 -91510
3 4 0 6 -85082
7 -14 5 -10 -92240
1 8 1 3 -74650
-1 -12 0 -11 -86220
-24 -1 -22 -15 -71844
-6 19 -19 19 -88034
-24 -7 7 -22 -93078
-19 13 -19 19 -51058
-12 -20 -11 -13 -84378
-13 -24 -6 -17 -66936
-14 24 -10 -2 -92524
-3 -14 -2 -18 -77760
-17 11 -13 13 -81126
-6 2 -5 -3 -80912
-21 -15 -20 -4 -83038
11 -4 7 -2 -85468
10 -4 12 -16 -88370
1 13 1 16 -69176
-24 0 -24 17 -72614
0 -19 -5 -23 -83800
-7 2 -6 1 -87560
-7 3 -7 4 -80774
19 -5 22 0 -89738
19 22 1 21 -81568
-2 20 0 21 -67260
2 -9 6 -12 -91922
-7 -15 2 -21 -92232
12 -2 16 -12 -85068
0 -16 3 -24 -70766
-11 -5 -12 0 -86884
-7 11 -3 9 -91226
-4 -7 -6 -9 -89330
6 24 9 13 -82094
-14 -8 -22 -10 -87136
-16 1 -23 11 -91806
20 -12 17 -5 -73094
5 22 19 14 -90450
1 -20 1 -14 -87848
24 -24 0 -3 -78264
-12 -13 -12 -12 -75734
-13 -11 -15 -16 -88190
4 15 -2 18 -94044
9 6 12 15 -88360
22 2 23 11 -75442
-7 5 -5 7 -86794
6 10 9 8 -75656
-2 -6 0 -5 -83724
3 -1 2 1 -77946
23 -20 19 10 -86622
-2 -21 -2 -20 -54704
0 -24 3 -15 -83302
24 -13 13 -10 -83910
-12 -14 -10 -13 -73982
-17 0 -20 2 -86558
17 6 17 9 -67198
-4 13 2 15 -87436
3 14 3 24 -76296
-14 0 -8 1 -89444
-12 24 -21 17 -80700
12 18 10 23 -52114
-14 12 -14 3 -84358
17 -8 20 -16 -73108
23 -8 -24 -21 -89964
-20 9 -23 -5 -96626
1 8 11 8 -87736
15 -12 18 -11 -75666
-4 14 -8 11 -89184
-7 -2 -4 -4 -84266
6 -13 7 -14 -84630
-5 -11 -6 -8 -81828
1 7 2 6 -80584
20 -7 24 0 -81768
16 9 13 10 -78192
7 11 8 16 -69608
-17 13 -10 11 -90932
4 17 5 22 -61738
-1 22 -3 16 -77198
-7 -3 -8 -8 -92404
15 15 20 13 -70266
-20 -8 -20 -9 -60016
8 0 4 -1 -97578
8 -24 24 -12 -82346
-20 23 23 18 -79740
18 13 24 -16 -89530
1 8 -4 7 -80994
4 0 3 5 -79490
-15 23 -18 21 -52908
-2 24 -2 1 -89564
8 1 9 -1 -73972
-8 -23 -11 -13 -80386
4 11 -1 12 -87552
-11 -7 -9 -14 -87416
-15 7 -23 24 -80416
4 20 5 12 -82266
-9 -22 -4 -24 -51704
1 -18 0 -21 -78918
24 -16 18 -11 -52262
-20 -8 -22 -14 -62236
17 -18 19 -13 -60218
-8 0 -11 0 -80988
-6 -20 -4 -10 -89524
-1 -13 2 -16 -88868
-12 -9 -6 -6 -83386
-23 8 -14 10 -79022
-7 22 -6 14 -74804
8 7 -20 -1 -104800
24 6 22 -4 -73086
-6 -10 -12 -2 -100420
-22 16 -23 0 -86714
15 4 10 9 -91708
7 -6 11 -2 -86774
-22 0 -17 -2 -85070
11 -10 10 -15 -73542
-2 0 2 0 -84666
-10 13 -9 14 -76722
14 -4 8 -4 -90486
16 -3 23 -13 -85464
4 -2 7 1 -94082
23 4 20 -18 -87010
-2 24 3 20 -57660
-20 -9 -11 -7 -87700
-19 -16 -16 -10 -85256
-20 -12 -22 -19 -55976
6 11 13 13 -86278
23 13 15 6 -91082
13 23 10 11 -71700
-5 -5 -2 -4 -88608
-10 7 -6 4 -92166
-2 -22 -1 -17 -82362
-13 11 -19 18 -89454
9 21 -14 17 -94892
-5 -16 -14 -11 -92620
0 19 -8 16 -89424
18 -1 18 -6 -79634
10 10 7 13 -77112
15 1 21 6 -87516
-14 4 -11 16 -88864
-16 -11 -24 -3 -86260
-14 0 -15 0 -78912
-12 -12 -17 -20 -92120
20 1 15 2 -86882
-2 -8 -8 -13 -91866
-4 4 -5 0 -92904
-1 -16 0 -11 -82180
-15 -11 -17 -7 -71070
20 -3 18 -7 -87732
18 24 -17 16 -89038
9 -6 5 -4 -86720
-14 -15 -10 -20 -80548
8 24 -20 5 -94640
-22 7 -19 12 -61054
-2 0 -5 -1 -83542
-8 9 -5 10 -87596
-24 -8 -17 -7 -68742
0 -11 -2 -13 -88900
-20 7 -17 21 -78340
-19 -11 -11 -16 -87992
8 -14 11 -22 -82900
11 -19 -9 -24 -93714
22 -9 22 9 -89288
-18 -4 -18 8 -93888
-6 7 -5 11 -78602
-20 -3 -19 -1 -68096
22 -4 22 11 -92112
11 20 17 8 -91080
-22 0 -22 -3 -56920
18 -9 12 -13 -85684
-19 -21 -23 -11 -54964
-18 10 -15 7 -83194
-17 4 -23 4 -67418
12 20 15 15 -61840
-11 16 -6 24 -69956
-16 22 -9 16 -71764
-18 0 -14 2 -81352
-15 12 -9 9 -92510
0 -18 -3 -16 -81486
3 -5 -1 -2 -86168
-1 -17 -9 -16 -87582
3 21 6 16 -82926
-12 -9 -15 -12 -77440
0 18 -24 14 -88144
12 -24 8 -13 -81686
-21 -2 -17 -4 -83018
13 -9 24 -8 -85868
0 16 4 12 -88200
17 5 21 4 -84556
-4 8 -24 20 -91232
-15 -16 -15 -15 -64506
18 -2 17 -5 -84854
-24 -4 -19 16 -95480
18 12 23 0 -91398
-16 14 -16 13 -57090
-11 22 0 20 -80446
5 9 4 7 -73156
-1 -4 0 -1 -83710
-20 -24 -12 -15 -75008
8 -8 8 24 -88370
-12 8 -8 13 -85214
15 -17 -24 -21 -90960
5 -3 4 -4 -96234
12 19 -8 20 -93472
23 -10 18 -9 -63480
-19 1 -19 8 -86364
5 -18 7 -19 -74312
15 -6 9 -6 -86526
10 10 9 1 -82088
15 16 13 8 -80824
3 -13 22 -24 -82108
24 8 20 18 -57178
2 5 -3 6 -89526
-8 19 -14 13 -89104
-15 18 -23 19 -52780
-23 -6 -21 -5 -50148
-24 6 -23 1 -50086
-13 -6 -11 0 -85726
22 0 20 5 -74632
0 -17 -4 -20 -92288
-6 -2 -5 -23 -89582
4 -23 -3 -21 -72908
14 8 18 2 -94318
24 16 22 -3 -80766
-10 -22 -24 -22 -67828
9 -8 10 -5 -87546
-18 -10 -19 -2 -77462
2 4 6 7 -91806
-11 -5 -12 -12 -72870
23 6 15 4 -89750
3 -1 2 -1 -88318
0 4 -1 -5 -91376
16 2 9 0 -91236
-20 -8 -20 6 -89730
-6 -10 -5 -7 -85518
-22 18 -5 22 -92274
19 -22 19 -2 -85304
-6 5 -7 8 -79400
9 -3 9 0 -63998
23 21 6 2 -92048
-22 1 -23 1 -36708
-2 8 -3 20 -91258
0 15 0 7 -82850
-7 -23 3 -22 -81456
-7 17 -6 23 -64472
13 -24 19 -7 -87546
-16 22 5 17 -94388
-2 0 0 3 -81564
-13 20 -6 15 -82242
-9 -16 -7 -8 -87534
0 18 12 20 -87758
1 -6 0 -6 -77340
-16 10 -23 15 -68618
-4 14 -8 14 -85458
1 8 1 10 -66052
-12 -12 -12 -15 -82730
5 -8 6 -6 -89098
-4 -19 -10 -18 -74512
