15 -8 21 -11 -82258
-12 8 -14 21 -81044
8 19 2 15 -85618
-3 13 -2 18 -70186
-24 17 18 19 -81768
24 -17 -12 -22 -81818
1 5 0 5 -76564
-4 -10 -9 -12 -83902
-6 24 -2 23 -55892
6 -12 8 -10 -71686
-21 -8 -14 -12 -87914
6 3 6 5 -73294
14 12 11 14 -72442
-19 7 -23 0 -75528
7 14 5 8 -74394
12 5 14 13 -79388
5 -4 0 -6 -84386
20 -7 22 -4 -79046
24 -5 18 5 -80598
5 1 3 -6 -81822
-15 11 -18 10 -79476
-20 -24 -17 -16 -65424
5 -2 4 -2 -84642
-1 -8 4 -10 -85098
16 -14 17 -21 -56648
-8 -16 -7 -14 -78528
0 -16 -4 -16 -85266
23 -24 19 -4 -68382
13 2 15 9 -78328
11 3 7 5 -77380
1 -12 2 -12 -80614
-24 24 -3 9 -73830
-12 19 -1 24 -74478
13 8 13 17 -85674
-13 8 -13 9 -63794
3 20 2 14 -85140
-21 0 -21 7 -72476
-23 -4 -23 -3 -51744
23 -11 19 -6 -64000
-18 24 -10 17 -68448
8 17 12 21 -70312
-14 12 -9 18 -81618
-17 -16 -11 -18 -84934
11 16 12 14 -74592
-21 -21 -18 -18 -59400
0 -10 2 -14 -73914
11 -17 14 -17 -68586
6 2 5 4 -77812
-23 -8 -18 -3 -79266
22 -1 18 0 -75240
-19 7 -17 3 -78588
-17 -7 -12 -10 -82506
-20 -7 -18 0 -82130
14 11 16 2 -88078
14 19 9 20 -71424
18 6 22 23 -82788
-4 -23 -21 -21 -85452
22 -24 22 -19 -16256
-8 1 -11 1 -89338
17 -5 13 -7 -75390
18 21 16 19 -59460
4 15 1 10 -77790
-8 -6 -6 -23 -89432
5 19 4 16 -81900
-9 13 -9 7 -75752
-8 -4 -9 -5 -80406
-18 -23 -14 -19 -65636
16 -1 14 3 -86338
-6 -6 -9 -6 -79764
15 -12 11 -22 -72310
-1 -6 -5 -6 -77654
-8 13 -4 12 -81980
-14 10 -9 9 -81848
22 -3 20 -3 -59116
15 9 18 8 -81420
-5 22 -7 24 -54734
22 24 14 13 -79566
14 24 19 -8 -86968
-15 -8 -17 -5 -82698
7 -23 8 -12 -76818
-7 -21 -7 -19 -57918
8 16 11 16 -69222
-15 19 -6 23 -66102
20 -6 22 -3 -81476
24 19 22 11 -43226
13 -7 15 -8 -61284
-18 7 -16 12 -75650
7 -21 4 -20 -78488
-1 15 3 18 -81644
8 -2 8 0 -71676
10 -10 10 -18 -72746
3 -4 2 -8 -78494
-8 24 -6 19 -63688
24 13 17 15 -71982
-21 12 -23 14 -45574
-3 -1 -3 0 -73778
14 -22 -5 -22 -82574
13 -5 11 -8 -80824
-24 -16 2 -14 -88110
-24 -16 -21 7 -80904
-4 2 -2 3 -74614
-19 -2 -22 -3 -69196
-3 21 -8 20 -68028
-19 -8 -22 4 -84328
11 -6 -14 -17 -99792
2 -2 2 -3 -69102
-24 4 22 8 -82270
14 0 14 -7 -75606
-7 1 -8 -2 -88066
-4 22 23 18 -78668
-14 -23 -19 -13 -85164
3 -8 -2 -10 -83372
6 22 -7 2 -103004
19 -18 20 -22 -28714
-7 -17 -3 -21 -80820
-7 -13 -5 -13 -74520
23 10 21 2 -79534
5 -19 0 -19 -85564
16 8 13 17 -87556
-11 -23 -11 -21 -36848
-22 -21 -24 -7 -70762
-16 13 -13 6 -82654
-8 -14 -12 -23 -78480
22 4 20 4 -59066
-5 3 -5 1 -85294
10 9 17 11 -75018
-10 6 -11 1 -79328
8 -22 17 -18 -75670
11 -14 20 -13 -88334
10 -8 10 23 -90248
0 16 5 15 -84300
-4 -14 -1 -16 -77430
7 24 11 19 -61152
-6 17 2 16 -85680
4 -11 5 -11 -72998
16 16 23 6 -89282
5 -20 7 -20 -79284
3 18 10 20 -78702
8 -13 12 -11 -70264
-24 13 -24 2 -61396
-8 4 -9 0 -85574
3 6 6 4 -77542
13 -18 8 -14 -71768
-18 -23 24 -8 -83802
-11 -3 -14 6 -82676
-5 -24 1 -20 -82840
-19 -4 -24 20 -84080
18 1 17 6 -77674
-17 -20 -19 -24 -41812
1 16 -2 20 -82852
8 -20 14 -21 -64154
-6 13 -10 24 -87026
11 -9 11 -8 -74692
-9 -5 -10 -2 -79002
0 -9 -2 -7 -75624
9 13 -1 -4 -110378
-5 16 -9 19 -83160
-10 -24 -16 -17 -78650
22 -18 23 1 -75208
-6 -3 -3 -8 -83056
1 -21 5 -24 -59548
8 -8 9 -9 -75304
-18 -24 -20 3 -85674
-21 -19 21 -23 -81614
13 23 2 16 -87034
15 -2 17 1 -76420
15 -1 23 -5 -82032
4 4 4 0 -76578
18 -16 6 -24 -78132
23 -16 22 -16 -18976
-15 4 -14 8 -69642
-24 14 -23 15 -26586
8 -16 5 -22 -78048
21 -9 18 -16 -78144
-7 7 -8 -21 -90460
17 -22 14 -11 -73554
-7 11 -6 10 -73298
9 15 4 18 -78974
-13 -14 -17 -15 -81946
-16 -18 -16 -16 -66466
21 13 16 10 -78152
-13 -13 -12 -11 -84798
10 -22 5 -21 -64422
12 -21 22 -15 -77118
-24 13 24 3 -80710
-23 -20 -12 -18 -83292
-1 -24 5 -20 -81734
12 -12 11 -4 -83052
13 9 19 9 -84950
10 -16 3 -21 -88612
-11 -4 -12 -2 -79420
22 -17 13 -15 -72702
-17 15 -24 15 -53304
-5 15 -6 8 -86620
-14 -24 11 -24 -75610
11 -16 11 -23 -49456
-24 -23 -21 -7 -67562
21 3 20 -2 -70718
5 -14 10 -16 -85024
17 -13 17 -8 -66352
-22 -1 -17 5 -80718
5 1 3 0 -84096
21 17 14 15 -79194
2 0 2 6 -78470
-13 15 -9 13 -78890
-12 23 -5 17 -89248
11 -1 11 3 -78770
-11 9 -8 6 -80344
19 8 17 5 -73418
-7 -9 -8 -7 -78470
-7 16 -12 18 -82498
-23 -24 -20 15 -83422
0 -16 -2 -19 -84758
-1 -3 -5 -2 -83542
-4 24 16 24 -69608
19 -2 17 1 -77388
1 -14 -2 -17 -84188
20 16 16 13 -76712
0 -23 4 -21 -79328
-9 -20 0 -24 -84552
-3 21 1 23 -59288
-2 -21 2 -21 -85900
-8 -2 -8 -7 -77276
6 -15 1 -15 -86576
21 -9 17 -15 -81436
-17 -7 -20 0 -83866
-9 -19 -11 -17 -75444
8 -14 5 -19 -81518
15 23 9 22 -58908
-9 -10 -7 -14 -78962
-10 -15 -14 -15 -76722
-10 19 -13 21 -69760
1 19 9 19 -80812
-1 11 0 8 -77796
16 4 13 0 -80260
5 -10 6 -15 -75746
22 -4 21 -11 -66476
12 13 15 24 -78816
-18 -12 -16 -3 -83852
-5 2 -7 2 -81528
21 8 24 10 -43332
-4 -9 -3 -3 -83260
-15 -4 -11 0 -81536
14 -8 16 -3 -81030
0 -15 3 -14 -85016
-7 8 -2 8 -79594
7 1 6 2 -81430
-1 -11 -22 -24 -87498
-18 12 -14 19 -74644
-11 20 -22 16 -80590
7 -5 7 -8 -75936
-6 8 -8 5 -76982
-23 -9 -24 17 -79858
-12 -20 -20 -17 -89252
-16 15 -9 20 -78992
3 -10 3 -8 -64704
20 4 17 1 -75998
-17 -24 0 -19 -81208
19 17 8 21 -77566
1 8 1 3 -75622
-1 -12 0 -11 -75024
-24 -1 -22 -15 -76592
20 24 16 19 -48318
-24 5 -22 -22 -82512
-19 13 -19 19 -52500
-12 -20 -11 -13 -82704
-13 -24 -6 -17 -68938
-7 0 -8 -2 -86418
1 -23 -2 -19 -69710
-17 11 -13 13 -78128
-6 2 -5 -3 -87478
-21 -15 -20 -4 -87436
11 -4 7 -2 -79170
17 -10 19 -9 -75840
1 13 1 16 -65974
-24 0 -24 17 -75548
0 -19 -5 -23 -84942
19 2 24 23 -82030
-7 3 -7 4 -75830
21 21 20 3 -86778
19 22 1 21 -81362
-2 20 0 21 -66422
0 24 1 22 -41270
23 11 15 19 -82014
-6 -22 -16 -19 -84196
0 -16 3 -24 -75974
-11 -5 -12 0 -83548
-1 -12 -1 -17 -75042
-4 -7 -6 -9 -83202
6 24 9 13 -88230
-14 -8 -22 -10 -85276
-15 -12 -22 -18 -85324
20 -12 17 -5 -76316
0 -3 1 -7 -76488
1 -20 1 -14 -78468
24 -24 0 -3 -72536
-12 -13 -12 -12 -77060
-4 13 1 11 -83706
7 7 3 6 -83140
-8 2 -12 3 -85164
22 2 23 11 -76036
9 -18 19 -21 -76424
6 10 9 8 -74284
18 11 20 6 -72076
3 -1 2 1 -74176
2 -18 2 -21 -72070
-2 -21 -2 -20 -63950
-17 -22 -18 -14 -71696
-13 -7 -12 -11 -71452
-12 -14 -10 -13 -79186
-17 0 -20 2 -79434
17 6 17 9 -68604
-4 13 2 15 -83788
3 14 3 24 -83026
-20 13 -21 7 -67168
-12 24 -21 17 -75214
12 18 10 23 -61676
-12 2 -16 4 -78150
17 -8 20 -16 -75630
24 13 -24 -21 -83710
10 4 9 1 -72034
-12 8 -9 11 -76642
15 -12 18 -11 -80698
-17 -17 -20 -11 -70914
-7 -2 -4 -4 -84252
6 -13 7 -14 -81488
-5 -11 -6 -8 -76346
1 7 2 6 -71308
20 -7 24 0 -72476
16 9 13 10 -79152
7 11 8 16 -72508
-17 13 -10 11 -85780
4 17 5 22 -74138
-1 22 -3 16 -74728
16 7 24 8 -75380
15 15 20 13 -79902
-20 -8 -20 -9 -65362
3 -12 3 -15 -71436
8 -24 24 -12 -78446
-20 23 23 18 -71630
18 13 24 12 -66576
1 8 -4 7 -82854
0 -21 -8 -21 -89082
-15 23 -18 21 -55068
-2 24 -2 1 -85658
8 1 9 -1 -77356
-8 -23 -11 -13 -88424
4 11 -1 12 -82982
-7 -16 -8 -17 -76934
-15 7 -23 24 -75692
4 20 2 22 -64838
-9 -22 -4 -24 -67882
1 -18 0 -21 -81264
24 -16 18 -11 -52458
-20 -8 -22 -14 -66464
17 -18 19 -13 -62298
-8 0 -11 0 -87178
4 -6 11 -13 -95398
-14 24 -14 -11 -84242
-12 -9 -6 -6 -82378
-23 8 -14 10 -81064
-7 22 -6 14 -75942
2 8 0 7 -81668
24 6 22 -4 -70232
-14 -1 -16 -3 -75702
15 20 15 22 -39402
-11 -15 -9 -12 -88248
7 -6 11 -2 -80146
-22 0 -17 -2 -81468
11 -10 10 -15 -70530
-18 6 -15 7 -77998
-10 13 -9 14 -72070
14 -4 8 0 -81046
-11 5 -10 3 -74474
4 -2 7 1 -85596
23 24 -10 19 -72520
-2 24 3 20 -66302
-8 -9 -10 -7 -76872
-19 -16 -16 -10 -82168
-20 -12 -22 -19 -64996
6 11 13 13 -75278
16 0 -24 -11 -87412
13 23 10 11 -85942
-5 -10 -4 -13 -72114
-9 3 -11 2 -82398
-2 -22 -1 -17 -83596
1 -6 -1 -9 -77798
23 1 23 7 -68396
9 19 11 11 -88120
19 -16 24 20 -83442
18 -1 18 -6 -76126
10 10 7 13 -77464
15 -9 11 -11 -76350
-5 10 -3 13 -79668
-5 0 -5 1 -82994
-14 0 -15 0 -74428
-18 18 -14 15 -73274
20 1 15 2 -79728
-19 -16 -15 -15 -82380
-4 4 -5 0 -85182
-1 -16 0 -11 -79184
-15 -11 -17 -7 -81354
20 -3 18 -7 -84828
18 24 -17 16 -80788
9 -6 5 -4 -82508
-14 -15 -10 -20 -85656
8 7 8 5 -65206
-22 7 -19 12 -68996
-2 0 -5 -1 -79836
-8 9 -5 10 -79066
-24 -8 -17 -7 -67356
9 21 -22 13 -88496
-20 7 -17 21 -81770
-19 -11 -11 -16 -90572
10 -17 6 -11 -85170
-4 4 -5 9 -85548
22 -9 22 9 -81954
16 -23 9 -16 -69466
-6 7 -5 11 -85722
-20 -3 -19 -1 -71912
22 -23 22 11 -76572
11 17 16 19 -70478
-22 0 -22 -3 -58440
-19 22 -17 24 -42650
-19 -21 -23 -11 -65136
-18 10 -15 7 -80386
-17 4 -23 4 -71284
12 20 15 15 -72276
-11 16 -6 24 -67764
-16 22 -9 16 -86972
-18 0 -14 2 -80512
-5 -10 -6 -13 -74862
0 -18 -3 -16 -81156
3 -5 -1 -2 -82526
9 -4 12 -3 -68762
3 21 6 16 -85370
-12 -9 -15 -12 -80476
0 18 -24 14 -82878
12 9 13 8 -74834
-21 -2 -17 -4 -78288
13 -9 24 -8 -84980
0 16 4 12 -84760
17 5 21 4 -79714
8 4 8 14 -78918
-15 -16 -15 -15 -67982
18 -2 17 -5 -80776
-24 -12 -6 -3 -86742
14 2 16 0 -80332
-16 14 -16 13 -56754
-24 -8 -22 -12 -49454
5 9 4 7 -75496
-1 -4 0 -1 -72574
2 14 -3 19 -88958
-18 2 -22 23 -81114
23 -4 22 -24 -68798
15 -17 -24 -21 -83762
5 -3 4 -4 -79382
15 5 13 0 -82304
23 -10 18 -9 -62982
-19 1 -19 8 -78628
5 -18 7 -19 -83522
-16 5 -17 1 -70800
11 16 11 20 -72504
15 16 13 8 -80868
3 -13 22 -24 -77068
24 8 20 18 -63358
2 5 -3 6 -84108
-11 -22 -9 -24 -51842
-15 18 -23 19 -57898
-23 -6 -21 -5 -52854
-24 6 -23 1 -50782
-13 -6 -11 0 -83590
22 0 20 5 -74222
-1 19 -4 21 -69348
-6 17 -8 11 -75592
4 -23 -3 -21 -83832
13 2 12 3 -74688
24 16 22 -3 -80096
-10 -22 -24 -22 -71144
9 -8 10 -5 -81986
-18 -10 -19 -2 -81922
23 -19 10 -20 -69184
-11 -5 -12 -12 -76322
20 -19 24 -5 -76176
3 -1 2 -1 -81296
-2 11 -3 7 -84868
-20 7 -18 6 -71102
9 -8 9 -11 -75504
-6 -10 -5 -7 -80236
-1 0 2 0 -78912
-14 7 -12 7 -73762
-6 5 -7 8 -78866
9 -3 9 0 -72304
10 6 12 5 -69880
-22 1 -23 1 -38686
-4 3 0 0 -82256
0 15 0 7 -82016
-7 -23 3 -22 -90024
-7 17 -6 23 -64268
2 7 5 7 -79658
-16 22 -14 17 -52708
-2 0 0 3 -75254
-18 -4 -15 -5 -79302
17 -13 15 -15 -70984
-19 19 -23 3 -85092
1 -6 0 -6 -76306
-16 10 -23 15 -72966
-4 14 -8 14 -80704
1 8 1 10 -72262
-12 -12 -12 -15 -80710
5 -8 6 -6 -78660
-4 -19 -10 -18 -80788
