-12 24 -8 22 -60382
-17 8 -19 7 -78348
8 -16 2 -19 -80672
-3 13 -2 18 -71976
-24 17 18 19 -83374
24 -17 -12 -22 -77522
1 5 0 5 -68130
-23 9 -19 16 -70706
-6 24 -2 23 -57362
6 -12 8 -10 -72704
3 -19 3 -23 -57040
6 3 6 5 -72278
14 12 11 14 -74760
-19 7 -23 0 -78150
7 14 5 8 -73350
12 5 14 13 -74906
10 -18 13 -17 -72148
20 -7 22 -4 -79502
24 -5 18 5 -82346
5 1 3 -6 -82322
-14 -10 -22 -7 -82908
-20 -24 -17 -16 -73246
5 -2 4 -2 -78352
-5 -23 -5 -22 -39906
16 -14 17 -21 -65194
-22 -7 -23 -3 -67148
18 -12 21 -10 -72568
23 -24 19 -4 -77026
-22 -16 -11 -15 -85320
-21 21 -19 23 -53310
1 -12 2 -12 -65748
-24 24 -3 9 -71174
15 24 -21 5 -87062
-2 -3 -3 -7 -73472
-13 8 -13 9 -62950
-2 -17 -1 -19 -73090
-21 0 -21 7 -77682
-23 -4 -23 -3 -56392
23 -11 19 -6 -75462
-18 24 -10 17 -67946
8 17 12 21 -68834
13 2 12 4 -82268
-17 -16 -11 -18 -72836
11 16 12 14 -69712
-21 -21 -18 -18 -64206
0 -10 2 -14 -74298
11 -17 14 -17 -78698
6 2 5 4 -76824
12 -8 12 -12 -69430
22 -1 18 0 -81782
-19 7 -17 3 -79322
16 19 24 -18 -86860
-10 -3 -8 1 -78362
-23 -2 -21 -3 -61136
14 19 9 20 -65500
18 13 20 23 -72640
16 9 17 14 -67012
22 -24 22 -19 -29474
-18 -8 -11 -9 -77134
17 -5 13 -7 -73196
18 21 16 19 -72964
21 0 24 -9 -59938
22 -13 22 -4 -75130
5 19 4 16 -66748
-9 13 -9 7 -74076
-8 -4 -9 -5 -74574
-18 -23 -14 -19 -65104
-7 -4 -11 -2 -77568
-6 -6 -9 -6 -78374
15 -12 11 -22 -79506
-1 -6 -5 -6 -79694
-8 13 -4 12 -74738
-14 10 -9 9 -80208
22 -3 20 -3 -66332
15 9 18 8 -75036
-5 22 -7 24 -52004
22 24 0 7 -87968
14 24 19 -8 -81530
9 8 8 16 -77054
7 -23 8 -12 -79130
-7 -21 -7 -19 -54996
8 16 11 16 -70772
-15 19 -6 23 -72362
20 -6 22 -3 -82360
24 19 22 11 -58158
13 -7 15 -8 -68512
-18 7 -16 12 -76512
7 -21 4 -20 -79872
-1 15 3 18 -68640
8 -2 8 0 -72180
10 -10 10 -18 -82244
3 -4 2 -8 -77550
-8 24 -6 19 -54634
24 13 17 15 -73292
-21 12 -23 14 -47906
-3 -1 -3 0 -70940
-19 -4 -21 -6 -77430
13 -5 11 -8 -74606
-3 -5 2 -5 -80144
-24 -16 -21 7 -77818
-4 2 -2 3 -75434
-19 -2 -22 -3 -74672
-3 21 -8 20 -69250
-15 0 -11 4 -76902
6 3 13 0 -95054
2 -2 2 -3 -71162
-24 4 22 8 -83882
14 0 14 -7 -72568
1 -14 -5 -12 -81254
-4 22 23 18 -79542
6 -21 5 -20 -70624
-15 14 -10 15 -79370
-13 0 -13 -7 -81184
19 -18 20 -22 -37282
4 -7 3 -5 -76446
-7 -13 -5 -13 -87920
15 -22 12 -21 -61184
5 -19 0 -19 -75880
-15 -9 -16 -7 -78318
-11 -23 -11 -21 -40462
-22 -21 -24 -7 -71966
9 15 11 21 -73934
0 -14 -12 -9 -103548
22 4 20 4 -67396
-5 3 -5 1 -77820
10 9 17 11 -79656
-10 6 -11 1 -72054
23 2 22 0 -61072
20 7 19 3 -81392
9 -8 10 -8 -69572
10 0 8 1 -83378
-4 -14 -1 -16 -74872
7 24 11 19 -57560
16 1 15 0 -74406
4 -11 5 -11 -70916
16 0 10 0 -72786
5 -20 7 -20 -74208
3 18 10 20 -67996
8 -13 12 -11 -77028
-24 13 -24 2 -58102
-6 4 -2 0 -81548
3 6 6 4 -74838
13 -18 8 -14 -79926
-18 -23 24 -8 -80802
-13 6 -9 17 -89396
-5 -24 1 -20 -69502
-14 -24 -20 -20 -57062
18 1 17 6 -79054
-17 -20 -19 -24 -49196
1 16 -2 20 -77672
8 -20 14 -21 -72806
2 -10 0 -13 -76472
11 -9 11 -8 -67222
-9 -5 -10 -2 -79444
0 -9 -2 -7 -83434
-17 -19 -16 -24 -46596
-5 16 -9 19 -73904
-10 -24 -16 -17 -73662
22 -18 23 1 -81730
-3 -19 -2 -23 -65890
1 -21 5 -24 -61058
8 -8 9 -9 -71358
-3 9 -1 9 -73396
-5 -12 -8 -13 -85842
8 -15 11 -20 -77512
15 -2 17 1 -78546
7 3 8 4 -77474
4 4 4 0 -76820
18 -16 6 -24 -74074
23 -16 22 -16 -26468
-15 4 -14 8 -70668
-24 14 -23 15 -34694
8 -16 5 -22 -69696
21 -9 18 -16 -78394
-6 18 -2 17 -72252
17 -22 14 -11 -82288
-7 11 -6 10 -72706
9 15 4 18 -74770
-13 -14 -17 -15 -76918
-16 -18 -16 -16 -65002
21 13 16 10 -74236
-13 -13 -12 -11 -80018
10 -22 5 -21 -65412
-18 -2 -15 -1 -80578
-24 13 24 3 -81302
-23 -20 -12 -18 -76906
-1 -24 5 -20 -73632
-16 -22 -6 -24 -66744
-22 22 -24 8 -56690
-17 17 -15 12 -76754
-11 -4 -12 -2 -80256
22 -17 13 -15 -73466
-17 15 -24 15 -59892
-20 -13 -19 -7 -76338
-14 -24 11 -24 -69552
11 -16 11 -23 -53412
-24 -23 -21 -7 -71608
21 3 20 -2 -75016
5 -14 10 -16 -77784
17 -13 17 -8 -71270
-22 -1 -17 5 -82856
5 1 3 0 -80844
-8 -7 -9 -6 -73070
16 -15 14 -14 -69966
-13 15 -9 13 -75630
24 4 21 8 -65480
11 -1 11 3 -78784
-11 9 -8 6 -79610
19 8 17 5 -79690
-7 -9 -8 -7 -74510
22 21 17 18 -64068
-23 -24 -20 15 -81960
-10 -24 -11 4 -79220
-1 -3 -5 -2 -78646
-4 24 16 24 -67428
19 -2 17 1 -76614
1 -14 -2 -17 -69434
20 16 16 13 -75122
0 -23 4 -21 -70180
-12 -3 -15 1 -76924
-3 21 1 23 -57456
-2 -21 2 -21 -69886
-8 -2 -8 -7 -74828
5 8 11 8 -83484
-13 -6 -15 -3 -82476
-17 -7 -20 0 -84812
-9 -19 -11 -17 -70116
2 0 1 -22 -82784
15 23 9 22 -56472
-9 -10 -7 -14 -79898
-10 -15 -14 -15 -71202
-10 19 -13 21 -70538
1 19 9 19 -67470
-1 11 0 8 -72984
-7 23 -11 23 -63110
5 -10 6 -15 -78014
22 -4 21 -11 -73192
12 13 15 24 -76808
-24 -24 -20 -15 -50176
-17 16 -19 16 -73282
21 8 24 10 -44974
-4 9 -3 7 -77992
14 12 15 15 -66264
2 -17 -22 -22 -86922
-8 14 -9 21 -71646
15 -9 10 -5 -80096
7 1 6 2 -80432
-18 -9 -15 -7 -75974
-18 12 -14 19 -74506
-12 22 2 23 -80546
-19 21 -18 22 -67986
-6 8 -8 5 -77770
-23 -9 -24 17 -77590
2 7 -2 1 -83504
-16 15 -9 20 -81854
3 -10 3 -8 -69126
20 4 17 1 -79644
-17 -24 0 -19 -80020
-16 23 -16 -15 -83310
2 8 1 3 -75972
-1 -12 0 -11 -72312
-24 -1 -22 -15 -78048
20 24 16 19 -61864
-24 5 -22 -22 -80178
-19 13 -19 19 -56924
-12 -20 -11 -13 -70978
-20 -19 7 -14 -93486
-7 0 -8 -2 -74734
1 -23 -2 -19 -66606
-17 11 -13 13 -75310
-6 -5 0 -10 -96648
23 -20 23 -21 -31098
11 1 7 -2 -79622
17 -10 19 -9 -74048
1 13 1 16 -70500
-24 0 -24 17 -70316
0 -19 -5 -23 -71818
19 2 24 23 -77728
-7 3 -7 4 -70384
21 11 24 8 -56288
16 12 14 17 -75260
-2 20 0 21 -62616
0 24 1 22 -41600
23 11 15 19 -84732
6 -18 6 -13 -74776
-8 -16 -7 -13 -61758
1 14 0 12 -70272
-1 -12 -1 -17 -69234
-14 22 -14 14 -70464
6 24 9 13 -78642
19 10 20 4 -80040
16 -22 19 -20 -45054
23 18 21 9 -69594
0 -3 1 0 -79994
1 -20 1 -14 -75922
24 -24 0 -3 -73592
-12 -13 -12 -12 -72936
-4 13 1 11 -80996
23 -11 24 -13 -42792
-8 2 -12 3 -74492
22 2 23 11 -72578
9 -18 19 -21 -85876
6 10 9 8 -81296
18 11 20 6 -76608
3 -1 2 1 -73188
2 -18 2 -21 -67326
-2 -21 -2 -20 -64724
-17 -22 -18 -14 -70278
-13 -7 -12 -11 -68394
-12 -14 -10 -13 -71834
-17 0 -20 2 -76524
17 6 17 9 -70760
-4 13 2 15 -78984
3 14 3 24 -76496
-20 13 -21 7 -66432
-12 24 -21 17 -81968
12 18 10 23 -58492
-12 2 -16 4 -74868
17 -8 20 -16 -83684
24 13 -24 -21 -81792
10 4 9 1 -76822
-12 8 -9 11 -78330
15 -12 18 -11 -72420
-17 -17 -20 -11 -67034
-7 -2 -4 -4 -78980
6 -13 7 -14 -75154
-5 -11 -6 -8 -78680
1 7 2 6 -64242
20 -7 24 0 -77506
16 9 13 10 -78936
7 11 8 16 -68384
22 -10 20 -9 -71626
4 17 5 22 -67716
-1 22 -3 16 -68268
16 7 24 8 -76190
15 15 20 13 -79870
-20 -8 -20 -9 -65778
3 -12 3 -15 -75224
8 -24 24 -12 -76318
-20 23 23 18 -74618
18 13 24 12 -69834
18 -12 16 -5 -73906
-1 -7 0 -11 -79102
-15 23 -18 21 -65196
-2 -17 -2 -18 -64448
8 1 9 -1 -80778
15 21 17 21 -53938
4 11 -1 12 -73304
-7 -16 -8 -17 -67788
-15 7 -23 24 -74018
4 20 2 22 -58910
-9 -22 -4 -24 -59640
6 12 0 15 -75916
24 -16 18 -11 -67154
-20 -8 -22 -14 -65046
17 -18 19 -13 -66388
-8 11 -9 16 -66672
-7 18 -9 15 -74990
-22 19 -2 20 -80058
-12 -9 -6 -6 -78022
0 0 -2 3 -71828
-19 -7 -24 -3 -74430
2 8 0 7 -75414
24 6 22 -4 -73514
-14 -1 -16 -3 -72588
15 20 15 22 -42342
3 -15 5 -13 -76732
22 -10 15 -22 -82058
3 11 10 11 -80420
11 -10 10 -15 -79558
-18 6 -15 7 -77180
-10 13 -9 14 -76614
-19 11 -17 9 -69966
-11 5 -10 3 -73364
4 -2 7 1 -84510
23 24 -10 19 -78408
-2 24 3 20 -63892
-12 20 -10 14 -75700
-19 -16 -16 -10 -78474
-20 -12 -22 -19 -72344
6 11 13 13 -81670
16 0 -24 -11 -82836
13 -7 12 -3 -67808
-5 -10 -4 -13 -78044
-9 3 -11 2 -71068
14 6 16 8 -73378
1 -6 -1 -9 -75002
23 1 23 7 -70706
-11 -18 -12 -21 -51260
-20 -5 -21 -7 -72040
18 -1 18 -6 -73986
10 10 7 13 -81574
15 -9 11 -11 -77994
-5 10 -3 13 -70302
-5 0 -5 1 -72532
-14 0 -15 0 -71288
-18 18 -14 15 -78998
12 -1 20 -4 -82832
-19 -16 -15 -15 -76546
15 18 -5 0 -102326
-6 -21 -10 -20 -79234
-15 -11 -17 -7 -79804
-4 -3 -2 -7 -75350
18 24 -17 16 -85262
-12 14 -8 15 -82560
-14 -15 -10 -20 -75376
8 7 8 5 -60536
-22 7 -19 12 -72424
1 17 2 10 -79120
-8 9 -5 10 -71580
-24 -8 -17 -7 -66460
0 -17 21 24 -96260
-19 1 -23 7 -78330
6 -7 7 -8 -74630
10 -14 10 -11 -74360
2 17 1 22 -72528
-21 -9 -23 9 -83428
16 -23 9 -16 -81610
21 23 12 18 -79604
-20 -3 -19 -1 -69058
22 -23 22 11 -77200
11 17 16 19 -69572
-22 0 -22 -3 -55712
-19 22 -17 24 -59774
-19 -21 -23 -11 -64638
19 10 20 20 -80290
-17 4 -23 4 -73596
12 20 15 15 -68926
-11 16 -6 24 -71578
-22 15 -23 23 -25804
-9 -19 -8 -19 -74600
-5 -10 -6 -13 -66898
0 -18 -3 -16 -74420
24 17 0 15 -79972
9 -4 12 -3 -73330
-14 21 6 21 -82326
-12 -9 -15 -12 -79506
-10 3 -9 1 -72716
12 9 13 8 -73436
-21 -2 -17 -4 -79622
-3 16 -1 13 -73804
6 -10 4 -9 -76660
17 5 21 4 -80184
8 4 8 14 -74648
-15 -16 -15 -15 -64340
18 -2 17 -5 -75906
-18 -3 -16 -2 -78106
14 2 16 0 -73090
-16 14 -16 13 -59160
-24 -8 -22 -12 -52534
5 9 4 7 -70316
-1 -4 0 -1 -77804
-3 6 0 8 -77562
-12 11 -11 9 -70256
23 -4 22 -24 -76288
15 -17 -24 -21 -78072
5 -3 4 -4 -75398
15 5 13 0 -78462
23 -10 18 -9 -77390
-19 1 -19 8 -80014
15 13 17 11 -77966
-16 5 -17 1 -72270
11 16 11 20 -67364
-2 3 -3 -1 -85594
3 -13 22 -24 -80784
24 8 20 18 -70552
-2 3 -5 0 -83124
-11 -22 -9 -24 -54518
-15 18 -23 19 -65740
-23 -6 -21 -5 -57286
-24 6 -23 1 -59120
-13 -6 -11 0 -80782
22 0 20 5 -78384
-1 19 -4 21 -70654
-6 17 -8 11 -78934
4 -23 -3 -21 -71056
13 2 12 3 -83478
24 16 22 -3 -77010
-10 -22 -24 -22 -63798
9 -8 10 -5 -72178
-18 -10 -19 -2 -81828
23 -19 10 -20 -71998
-11 -5 -12 -12 -73370
20 -19 24 -5 -81618
3 -1 2 -1 -73192
18 -9 23 -8 -74072
-20 7 -18 6 -74270
-5 -12 -8 -12 -91114
-6 -10 -5 -7 -70104
-1 0 2 0 -74246
-14 7 -12 7 -69746
-6 5 -7 8 -76086
9 -3 9 0 -70460
10 6 12 5 -73284
-22 1 -23 1 -46514
-7 -23 16 -23 -71622
0 15 0 7 -79622
-6 9 -7 6 -75738
-7 17 -6 23 -59802
2 7 5 7 -73730
-16 22 -14 17 -60080
-2 0 0 3 -82856
19 0 20 0 -78588
17 -13 15 -15 -69032
-18 11 -16 12 -77362
1 -6 0 -6 -70894
-16 10 -23 15 -79622
-21 -18 -21 -14 -65376
1 8 1 10 -66474
-12 -12 -12 -15 -74244
5 -8 6 -6 -74080
-4 -19 -10 -18 -86542
