-12 24 -8 22 -66786
-17 8 -19 7 -76452
-17 7 -18 0 -80590
-3 13 -2 18 -72944
-24 17 18 19 -82618
-2 -17 -4 -22 -83756
1 5 0 5 -72562
-23 9 -19 16 -68494
-6 24 -2 23 -61458
6 -12 8 -10 -71010
3 -19 3 -23 -72664
6 3 6 5 -74066
14 12 11 14 -79744
-19 7 -23 0 -79204
7 14 5 8 -71548
16 9 7 3 -86506
10 -18 13 -17 -69872
20 -7 22 -4 -68140
-6 -13 -4 -20 -78844
5 1 3 -3 -79826
-14 -10 -22 -7 -83016
-20 -24 -17 -16 -75320
0 14 -2 9 -77272
-5 -23 -5 -22 -44134
16 -14 17 -21 -69092
-22 -7 -23 -3 -64090
18 -12 21 -10 -68418
23 -24 19 -4 -75898
-22 -16 -18 -15 -62456
-21 21 -19 23 -60494
1 -12 2 -12 -62108
-24 24 -3 9 -74642
-12 11 -15 6 -79688
-2 -3 -3 -7 -76134
-13 8 -13 9 -64764
-2 -17 -1 -19 -78890
-21 0 -21 7 -76908
-23 -4 -23 -3 -55126
23 -11 19 -6 -75394
-18 24 -10 17 -69562
8 17 12 21 -83018
15 24 10 17 -76564
-17 -16 -11 -18 -76706
11 16 12 14 -72432
-21 -21 -18 -18 -69012
0 -10 2 -14 -71138
11 -17 14 -17 -70780
6 2 5 4 -74198
12 -8 12 -12 -71268
22 -1 18 0 -75654
-19 7 -17 3 -80252
-15 -9 -8 -10 -76520
-10 -3 -8 1 -74908
-23 -2 -21 -3 -64134
14 19 9 20 -79476
18 13 20 23 -77756
16 9 17 14 -78010
22 -24 22 -19 -35202
-7 -22 -11 -22 -59576
17 -5 13 -7 -67566
18 21 16 19 -80734
21 0 24 -9 -59432
22 -13 22 -4 -78018
5 19 4 16 -70038
-9 13 -9 7 -77386
-8 -4 -9 -5 -73312
-18 -23 -14 -19 -69140
-7 -4 -11 -2 -77646
-6 -6 -9 -6 -76976
-14 17 -13 19 -70066
-1 -6 -5 -6 -81532
-8 13 -4 12 -79358
-14 10 -9 9 -79908
22 -3 20 -3 -59888
15 9 18 8 -73214
-5 22 -7 24 -53360
-16 13 -15 9 -66062
14 24 19 -8 -81816
23 -3 24 -15 -74250
8 -23 8 -18 -60364
-7 -21 -7 -19 -61570
8 16 11 16 -78320
-15 19 -6 23 -75452
-21 -13 -18 -12 -70042
24 19 22 11 -56542
13 -7 15 -8 -64682
13 9 12 12 -75364
7 -21 4 -20 -78224
-1 15 3 18 -68506
8 -2 8 0 -68388
-18 19 -14 23 -74948
3 -4 2 -8 -73658
-8 24 -6 19 -55526
24 13 17 15 -76638
-21 12 -23 14 -50056
-3 -1 -3 0 -65026
-19 -4 -21 -6 -78326
13 -5 11 -8 -73182
0 0 4 15 -98438
-24 -16 -21 7 -71880
-4 2 -2 3 -71994
-19 -2 -22 -3 -77090
-3 21 -8 20 -76812
-21 3 -20 -7 -73522
-5 12 15 -3 -101190
2 -2 2 -3 -67568
-24 4 22 8 -81472
14 0 14 -7 -74294
-24 17 0 17 -80646
1 -2 0 3 -78594
6 -21 5 -20 -73362
-11 3 -4 4 -86462
-9 -4 -14 -6 -75322
19 -18 20 -22 -44644
4 -7 3 -5 -71774
-20 18 -19 17 -58778
15 -22 12 -21 -52444
5 -19 0 -19 -73662
-15 -9 -16 -7 -74366
-11 -23 -11 -21 -41506
-22 -21 -24 -7 -71320
9 15 11 21 -80424
-10 21 -8 21 -75172
22 4 20 4 -66060
-5 3 -5 1 -73740
-1 -11 -7 17 -95878
-10 6 -11 1 -71250
23 2 22 0 -60582
20 7 19 3 -82484
9 -8 10 -8 -71510
10 0 8 1 -77592
0 -1 -24 -2 -82214
7 24 11 19 -65778
16 1 15 0 -62524
4 -11 5 -11 -68656
16 0 10 0 -71894
5 -20 7 -20 -71774
3 18 10 20 -78410
8 -13 12 -11 -76868
-24 13 -24 2 -58182
-6 4 -2 0 -88984
3 6 6 4 -77188
3 24 1 12 -82690
-18 -23 24 -8 -74866
10 20 8 20 -71368
-5 -24 1 -20 -71214
-14 -24 -20 -20 -58642
18 1 17 6 -75752
-17 -20 -19 -24 -50084
4 1 4 -3 -76392
8 -20 14 -21 -64832
2 -10 0 -13 -77618
11 -9 11 -8 -68692
11 -11 12 -9 -74634
10 21 16 17 -80194
-17 -19 -16 -24 -46706
0 22 8 21 -69546
-10 -24 -16 -17 -75934
22 -18 23 1 -77904
-3 -19 -2 -23 -74402
1 -21 5 -24 -63890
8 -8 9 -9 -74832
-3 9 -1 9 -80596
-5 -12 -8 -13 -63730
8 -15 11 -20 -71374
16 -2 17 -4 -73228
7 3 8 4 -78810
4 4 4 0 -77172
18 -16 6 -24 -75884
23 -16 22 -16 -24020
-15 4 -14 8 -72100
-24 14 -23 15 -32434
8 -16 5 -22 -76500
21 -9 18 -16 -67768
-6 18 -2 17 -77146
-12 10 -9 14 -80972
-7 11 -6 10 -75916
17 21 16 18 -75290
-13 -14 -17 -15 -77454
-16 -18 -16 -16 -65714
21 13 16 10 -73728
-13 -13 -12 -11 -70068
10 -22 5 -21 -63338
10 16 7 13 -75178
-24 13 24 3 -84258
-23 -20 -12 -18 -79784
-1 -24 5 -20 -76742
-16 -22 -6 -24 -67366
-22 22 -24 8 -57738
-17 17 -15 12 -77256
-3 -5 0 -6 -77638
22 -17 13 -15 -70632
-17 15 -24 15 -63434
-20 -13 -19 -7 -75046
-14 -24 11 -24 -65476
11 -16 11 -23 -60828
-24 -23 -21 -7 -69840
21 3 20 -2 -71604
5 -14 10 -16 -74504
17 -13 17 -8 -67224
-22 -1 -17 5 -82430
0 1 -2 1 -80942
-8 -7 -9 -6 -72326
16 -15 14 -14 -65040
-13 15 -9 13 -72378
24 4 21 8 -61122
11 -1 11 3 -69506
-11 9 -8 6 -84820
19 8 17 5 -80438
-7 -9 -8 -7 -69472
22 21 17 18 -65990
-24 -9 -18 -10 -68776
-10 -24 -11 4 -77930
-1 -3 -5 -2 -84030
-4 24 16 24 -72208
-1 -1 1 20 -92614
1 -14 -2 -17 -76478
20 16 16 13 -72540
0 -23 4 -21 -72500
-12 -3 -15 1 -68674
-3 21 1 23 -58146
-2 -21 2 -21 -71654
-8 -2 -8 -7 -64426
-15 -13 -14 -13 -70412
-13 -6 -15 -3 -66778
-6 6 -5 11 -81316
-9 -19 -11 -17 -69316
-15 1 -13 3 -71936
15 23 9 22 -66818
9 12 6 15 -75842
-10 -15 -14 -15 -73322
-10 19 -13 21 -73236
1 19 9 19 -76074
-1 11 0 8 -72730
-7 23 -11 23 -73714
5 -10 6 -15 -76742
22 -4 21 -11 -72692
17 -22 20 -16 -68884
-24 -24 -20 -15 -50836
-17 16 -19 16 -73490
21 8 24 10 -45802
-4 -6 -3 -5 -79004
14 12 15 15 -69102
4 -19 4 -22 -75022
-8 14 -9 21 -73474
15 -9 10 -5 -78014
7 1 6 2 -73228
-18 -9 -15 -7 -67512
-18 12 -14 19 -79086
-12 22 2 23 -80976
-19 21 -18 22 -74672
-6 8 -8 5 -77518
-23 -9 -24 17 -71186
15 -10 20 -24 -80090
-7 -9 -7 -19 -81710
3 -10 3 -8 -67122
20 4 17 1 -77772
-17 -24 0 -19 -68400
1 6 0 2 -67806
-21 16 -18 22 -66124
-1 -12 0 -11 -75414
-24 -1 -22 -15 -75370
20 24 16 19 -66940
-24 5 -22 -22 -73900
-19 13 -19 19 -61778
-12 -20 -11 -13 -72796
3 7 5 6 -74986
-7 0 -8 -2 -72352
1 -23 -2 -19 -72730
-17 11 -13 13 -72858
10 7 12 7 -76562
23 -20 23 -21 -37230
11 1 7 -2 -79522
17 -10 19 -9 -71172
1 13 1 16 -63764
-24 0 -24 17 -68934
0 -19 -5 -23 -75776
19 2 24 23 -84082
-7 3 -7 4 -69558
21 11 24 8 -54920
16 12 14 17 -77576
-2 20 0 21 -63226
0 24 1 22 -44556
-9 -24 23 -21 -69760
6 -18 6 -13 -71320
-8 -16 -7 -13 -71500
1 14 0 12 -70686
-1 -12 -1 -17 -79806
-14 22 -14 14 -78298
6 24 9 13 -79950
19 10 20 4 -80608
16 -22 19 -20 -50362
23 18 21 9 -70222
22 24 20 0 -86462
1 -20 1 -14 -82742
24 -24 0 -3 -72144
-12 -13 -12 -12 -68064
11 19 -9 24 -81676
23 -11 24 -13 -41564
-8 2 -12 3 -84500
22 2 23 11 -74350
-3 18 -8 17 -80262
6 10 9 8 -76450
18 11 20 6 -78460
-5 4 -15 2 -97350
2 -18 2 -21 -79162
-2 -21 -2 -20 -75388
-17 -22 -18 -14 -71288
-13 -7 -12 -11 -67428
-12 -14 -10 -13 -71394
-17 0 -20 2 -74382
17 6 17 9 -71982
-10 -20 -20 -23 -74150
23 14 17 17 -72440
-20 13 -21 7 -63044
-8 9 2 3 -103760
12 18 10 23 -66170
-12 2 -16 4 -74092
-12 1 23 -4 -89986
24 13 -24 -21 -73722
10 4 9 1 -74062
12 12 5 9 -81396
15 -12 18 -11 -69078
-17 -17 -20 -11 -65852
-7 -2 -4 -4 -79380
6 -13 7 -14 -73802
-5 -11 -6 -8 -69422
1 7 2 6 -73336
20 -7 24 0 -69324
16 9 13 10 -77852
7 11 8 16 -67528
22 -10 20 -9 -69902
4 17 5 22 -71860
-1 22 -3 16 -73514
16 7 24 8 -75278
15 15 20 13 -79672
-20 -8 -20 -9 -63480
3 -12 3 -15 -75278
8 -24 24 -12 -76686
-20 23 23 18 -73394
18 13 24 12 -71032
18 -12 16 -5 -73286
-1 -7 0 -11 -72298
-15 23 -18 21 -69376
-2 -17 -2 -18 -76058
19 -3 18 0 -70020
15 21 17 21 -57662
-2 7 -3 9 -82206
-7 -16 -8 -17 -64952
-15 7 -23 24 -77736
4 20 2 22 -64076
-9 -22 -4 -24 -53582
6 12 0 15 -70056
24 -16 18 -11 -66304
-20 -8 -22 -14 -66852
17 -18 19 -13 -67806
-8 11 -9 16 -71356
-7 18 -9 15 -75010
-11 18 -12 12 -77932
-12 -9 -6 -6 -80808
0 0 -2 3 -81416
-19 -7 -24 -3 -76116
2 8 0 7 -75426
24 6 22 -4 -70736
-14 -1 -16 -3 -66666
15 20 15 22 -51404
3 -15 5 -13 -76190
-1 -11 -3 -17 -85000
3 11 10 11 -79562
11 -10 10 -15 -77208
-18 6 -15 7 -74392
-10 13 -9 14 -77106
-19 11 -17 9 -72572
-11 5 -10 3 -74670
10 22 7 18 -73348
23 24 -10 19 -73508
-2 24 3 20 -65932
-12 20 -10 14 -79028
-19 -16 -16 -10 -77614
-20 -12 -22 -19 -74006
2 0 3 -2 -73426
5 9 1 9 -72956
13 -7 12 -3 -68730
-5 -10 -4 -13 -73088
-9 3 -11 2 -79774
14 6 16 8 -69152
1 -6 -1 -9 -77628
23 1 23 7 -68908
-11 -18 -12 -21 -53098
-20 -5 -21 -7 -71540
18 -1 18 -6 -76032
0 -3 1 -3 -76096
15 19 11 18 -73368
-5 10 -3 13 -73736
-5 0 -5 1 -67688
-14 0 -15 0 -69690
-10 23 -15 23 -56092
20 8 19 17 -80188
-19 -16 -15 -15 -76904
18 11 17 24 -74890
5 5 4 4 -78600
-15 -11 -17 -7 -76786
-4 -3 -2 -7 -71246
10 2 12 1 -81080
-12 14 -8 15 -79118
-14 -15 -10 -20 -78944
8 7 8 5 -61314
-22 7 -19 12 -69260
10 -22 14 -13 -81604
-8 9 -5 10 -75398
-24 -8 -17 -7 -79114
8 -4 6 -5 -76388
-19 1 -23 7 -79164
6 -7 7 -8 -75718
10 -14 10 -11 -68822
2 17 1 22 -74490
-18 22 18 24 -77896
16 -23 9 -16 -74928
21 23 12 18 -82206
-20 -3 -19 -1 -66182
22 -23 22 11 -71920
16 -13 17 -16 -66146
-22 0 -22 -3 -56014
-19 22 -17 24 -63966
-19 -21 -23 -11 -66374
2 24 20 20 -76902
-17 4 -23 4 -73880
12 20 15 15 -77940
-11 16 -6 24 -77066
-22 15 -23 23 -32460
-9 -19 -8 -19 -60878
-5 -10 -6 -13 -72018
0 -18 -3 -16 -72116
-1 -11 -3 -9 -73276
9 -4 12 -3 -75606
-4 -12 -3 -12 -62526
-3 9 0 9 -82084
-10 3 -9 1 -72274
12 9 13 8 -79028
-21 -2 -17 -4 -78020
-3 16 -1 13 -68868
6 -10 4 -9 -76830
17 5 21 4 -77040
8 4 8 14 -73044
-15 -16 -15 -15 -64872
18 -2 17 -5 -72650
-18 -3 -16 -2 -66662
14 2 16 0 -67048
-16 14 -16 13 -63722
-24 -8 -22 -12 -53590
5 9 4 7 -72964
-1 -4 0 -1 -71114
-3 6 0 8 -79186
-12 11 -11 9 -73716
23 -4 22 -24 -71210
15 -17 -24 -21 -69848
5 -3 4 -4 -71672
15 5 13 0 -72558
23 -10 18 -9 -74304
-19 1 -19 8 -82326
15 13 17 11 -81742
20 -14 15 -22 -80070
11 16 11 20 -70714
0 22 0 19 -64802
3 -13 22 -24 -76824
24 8 20 18 -72766
-2 -20 -5 -18 -67842
-11 -22 -9 -24 -52962
-15 18 -23 19 -70192
-23 -6 -21 -5 -63062
-24 6 -23 1 -56958
-13 -6 -11 0 -68354
22 0 20 5 -70802
-1 19 -4 21 -72194
-6 17 -4 11 -76668
4 -23 -3 -21 -74610
13 2 12 3 -76616
24 16 22 -3 -77480
-10 -22 -24 -22 -67946
9 -8 10 -5 -71846
-18 -10 -19 -2 -75162
23 -19 10 -20 -67088
-11 -5 -12 -12 -69616
15 10 16 12 -70832
3 -1 2 -1 -64756
18 -9 23 -8 -69040
-20 7 -18 6 -74462
15 -12 -2 -24 -92422
-6 -10 -5 -7 -70878
-1 0 2 0 -80530
-14 7 -12 7 -71716
-6 5 -7 8 -79654
9 -3 9 0 -65976
10 6 12 5 -80822
-22 1 -23 1 -48354
-7 -23 16 -23 -75550
16 2 -22 15 -96412
-6 9 -7 6 -79836
-7 17 -6 23 -64426
11 -17 11 -14 -65162
-16 22 -14 17 -64436
-1 0 0 1 -72972
19 0 20 0 -73990
17 -13 15 -15 -68698
-18 11 -16 12 -73900
1 -6 0 -6 -69274
-16 10 -23 15 -82476
-21 -18 -21 -14 -64696
1 8 1 10 -68480
-12 -12 -12 -15 -70936
5 -8 6 -6 -70360
3 -18 6 -15 -79672
