-12 24 -8 22 -66449
-17 8 -19 7 -74955
-9 -4 -11 -1 -72977
-3 13 -2 18 -73557
-13 -3 -12 -8 -74859
-3 -22 -5 -13 -88549
1 5 0 5 -70657
-23 9 -19 16 -69909
-6 24 -2 23 -64097
6 -12 8 -10 -67565
3 10 15 -23 -90189
6 3 6 5 -72337
-16 -4 -16 0 -72745
-19 7 -23 0 -77757
7 14 5 8 -74323
-23 6 -24 7 -39029
10 -18 13 -17 -62521
20 -7 22 -4 -66257
8 24 16 24 -69971
0 10 -1 11 -69847
-13 16 -17 13 -79299
10 18 10 11 -72435
-1 10 1 12 -74357
-5 -23 -5 -22 -45399
16 -14 17 -21 -71813
-22 -7 -23 -3 -61253
18 -12 21 -10 -79383
23 -24 19 -4 -77069
-22 -16 -18 -15 -58055
-21 21 -19 23 -59435
1 -12 2 -12 -70439
-24 24 -3 9 -74603
-23 3 -19 3 -65089
19 -21 -23 -23 -80107
-13 8 -13 9 -59467
-19 -12 -19 -8 -74699
-21 0 -21 7 -72163
-23 -4 -23 -3 -56107
23 -11 19 -6 -76585
-18 24 -10 17 -68705
9 -21 -22 -21 -85257
15 24 10 17 -71953
-19 -7 -18 -4 -72573
11 16 12 14 -68717
-21 -21 -18 -18 -67069
0 -10 2 -14 -74503
-8 23 -4 19 -77171
6 2 5 4 -74583
15 14 9 11 -80819
22 -1 18 0 -72161
-19 7 -17 3 -74973
-15 -9 -8 -10 -76395
-10 -3 -8 1 -72675
-23 -2 -21 -3 -66205
14 19 9 20 -82365
18 13 20 23 -73363
9 -9 9 -12 -69355
22 -24 22 -19 -34003
-7 -22 -11 -22 -65863
17 -5 13 -7 -78781
18 21 16 19 -74737
21 0 24 -9 -73709
-19 5 -24 17 -80067
5 19 4 16 -66639
-9 13 -9 7 -72043
-8 -4 -9 -5 -70947
-18 -23 -14 -19 -75415
-7 -4 -11 -2 -76167
-6 -6 -9 -6 -70771
-14 17 -13 19 -60689
-24 -24 -21 1 -77221
0 19 -24 19 -76619
-14 10 -9 9 -73777
22 -3 20 -3 -60075
15 9 18 8 -78631
-5 22 -7 24 -61097
-16 13 -15 9 -70065
-7 -18 -7 -16 -79815
23 -3 24 -15 -68283
8 -23 8 -18 -56967
-7 -21 -7 -19 -65463
8 16 11 16 -73367
-15 19 -6 23 -67383
-21 -13 -18 -12 -67089
24 19 22 11 -51877
13 -7 15 -8 -64741
-7 7 -8 5 -72665
3 -21 4 -20 -65483
-1 15 3 18 -70561
8 -2 8 0 -68369
-18 19 -14 23 -73935
3 -4 2 -8 -76799
-8 24 -6 19 -64993
24 13 17 15 -75311
-21 12 -23 14 -51919
-3 -1 -3 0 -63549
12 -4 14 0 -74247
15 -16 19 -22 -68885
7 -20 11 -23 -64765
-24 -16 -21 7 -76567
-4 2 -2 3 -70869
-19 -2 -22 -3 -73227
-3 21 4 20 -71029
7 16 5 17 -64417
-23 2 -21 -3 -72731
2 -2 2 -3 -68063
-16 -22 -17 -23 -61831
4 -2 1 -4 -76611
-10 -11 -9 -6 -71971
-17 -18 -16 -19 -65675
6 -21 5 -20 -67263
17 5 14 7 -79417
-9 -4 -14 -6 -77553
19 -18 20 -22 -47909
4 -7 3 -5 -78803
-20 18 -19 17 -56223
15 -22 12 -21 -64989
12 14 17 16 -75655
-15 -9 -16 -7 -73681
-11 -23 -11 -21 -44673
-22 -21 -24 -7 -71677
9 15 11 21 -71821
-10 21 -8 21 -70817
22 4 20 4 -62331
-5 3 -5 1 -71161
-2 -19 -1 -24 -68641
-8 -16 -5 -15 -75527
23 2 22 0 -64401
14 11 14 5 -76929
9 -8 10 -8 -63143
10 0 8 1 -68865
-7 -14 -7 -19 -85109
7 24 11 19 -70861
16 1 15 0 -61563
4 -11 5 -11 -70549
16 0 10 0 -70081
5 -20 7 -20 -68061
-13 -2 -16 -8 -79441
8 -13 12 -11 -70197
-24 13 -24 2 -58977
15 -22 12 -22 -62829
3 6 6 4 -76655
-18 -23 -18 -21 -47739
-18 -23 24 -8 -78155
10 20 8 20 -64975
-5 -24 1 -20 -74055
-14 -24 -20 -20 -64863
18 1 17 6 -70017
-17 -20 -19 -24 -58653
4 1 4 -3 -69983
8 -20 14 -21 -68689
-3 -24 -7 -17 -80711
11 -9 11 -8 -66503
11 -11 12 -9 -70307
12 2 13 7 -67875
-17 -19 -16 -24 -55223
0 22 8 21 -60295
-1 -15 1 -17 -76199
-21 1 -21 -2 -72969
24 -10 23 -1 -69573
1 -21 5 -24 -64779
8 -8 9 -9 -69723
-3 9 -1 9 -69039
-5 -12 -8 -13 -69995
8 -15 11 -20 -71505
16 -2 17 -4 -67937
7 3 8 4 -75193
4 4 4 0 -73767
18 -16 6 -24 -71557
23 -16 22 -16 -29147
-15 4 -14 8 -64791
-24 14 -23 15 -34691
8 -16 5 -22 -72509
21 -9 18 -16 -74141
-6 18 -2 17 -77073
11 12 -17 10 -83197
-7 11 -9 10 -76675
17 21 16 18 -72375
-13 -14 -17 -15 -75997
-16 -18 -16 -16 -67207
21 13 16 10 -71263
-13 -13 -12 -11 -73947
10 -22 5 -21 -68619
10 16 7 13 -71703
-24 13 24 3 -73505
10 11 10 6 -68385
8 -24 5 -21 -60269
-16 -22 -6 -24 -68505
-22 22 -24 8 -58705
-17 17 -15 12 -72701
-1 -5 0 -6 -75617
22 -24 0 -24 -63993
-17 15 -24 15 -62963
-18 -10 -19 -13 -72543
-14 -24 11 -24 -73985
11 -16 11 -23 -62159
-24 -23 -21 -7 -76489
21 3 20 -2 -70565
-10 23 -9 18 -62259
17 -13 17 -8 -68839
0 -15 4 -18 -78243
0 1 -2 1 -72941
-8 -7 -9 -6 -73247
16 -15 14 -14 -70569
-13 15 -9 13 -66417
24 4 21 8 -57171
11 -1 11 3 -68973
-11 5 -11 1 -69103
19 8 17 5 -76321
-7 -9 -8 -7 -72235
22 21 17 18 -61539
-24 -9 -18 -10 -61961
1 5 -2 4 -74023
-1 -3 -5 -2 -71381
-4 24 16 24 -66925
9 7 8 15 -74009
1 -14 -2 -17 -75963
20 16 16 13 -73329
0 -23 4 -21 -68017
-12 -3 -15 1 -77351
-3 21 1 23 -61219
-2 -21 2 -21 -77151
-8 -2 -8 -7 -69467
-15 -13 -14 -13 -68461
-13 -6 -15 -3 -73219
-2 12 -2 9 -73097
-9 -19 -11 -17 -68871
-1 -2 2 -4 -78573
15 23 9 22 -74967
-4 7 -4 5 -72645
-10 -15 -14 -15 -70197
-10 19 -13 21 -71813
0 -19 -2 -20 -74785
0 -20 2 -24 -62933
-7 23 -11 23 -68773
0 15 -1 18 -71503
22 -4 21 -11 -68057
17 -22 20 -16 -61803
-24 -24 -20 -15 -50439
-17 16 -19 16 -74005
21 8 24 10 -44541
-11 -8 -11 -18 -87389
14 12 15 15 -66735
4 -13 0 -5 -92021
-8 14 -9 21 -66655
1 -20 6 -19 -77685
7 1 6 2 -74771
-18 -9 -15 -7 -68261
-18 12 -14 19 -82757
-12 22 2 23 -78381
-19 21 -18 22 -73369
19 -13 23 -11 -69611
-23 -9 -24 17 -72433
-3 12 -4 13 -74153
-14 2 -13 2 -72935
3 -10 3 -8 -66083
20 4 17 1 -73699
-17 -24 0 -19 -76813
1 6 0 2 -64851
-21 16 -18 22 -64759
-9 -12 -7 -16 -72713
-14 14 -15 8 -76449
20 24 16 19 -60067
-24 5 -22 -22 -77213
-19 13 -19 19 -61133
-8 -24 8 -12 -89569
3 7 5 6 -73901
-7 0 -8 -2 -68721
1 -23 -2 -19 -75253
-17 11 -13 13 -78041
10 7 12 7 -72505
23 -20 23 -21 -36049
11 1 7 -2 -74637
17 -10 19 -9 -76323
1 13 1 16 -70889
-24 0 -24 17 -69583
0 -19 -5 -23 -77497
19 2 24 23 -73077
-7 3 -7 4 -70413
21 11 24 8 -55029
16 12 14 17 -66819
-2 20 0 21 -67605
0 24 1 22 -45297
-9 -24 23 -21 -72217
6 -18 6 -13 -64481
-8 -16 -7 -13 -77489
1 14 0 12 -74089
-1 -12 -1 -17 -69851
-20 5 23 22 -80511
-16 4 -14 -3 -76431
19 10 20 4 -78715
16 -22 19 -20 -51151
23 18 21 9 -60881
2 9 2 15 -81399
1 20 1 17 -68259
24 -24 0 -3 -71759
-12 -13 -12 -12 -74815
11 19 9 24 -65791
23 -11 24 -13 -39965
13 -15 15 -22 -74859
22 2 23 11 -70133
-3 18 -8 17 -72673
6 10 9 8 -71645
18 11 20 6 -77463
-6 1 -5 2 -69205
2 -18 2 -21 -61783
-2 -21 -2 -20 -68581
-17 -22 -18 -14 -73875
-13 -7 -12 -11 -70383
-12 -14 -10 -13 -73451
-17 0 -20 2 -74779
17 6 17 9 -75713
-10 -20 -20 -23 -77879
23 14 17 17 -68557
-20 13 -21 7 -65781
2 9 2 11 -76027
12 18 10 23 -73029
-6 11 -2 10 -74547
22 1 23 -8 -70643
24 13 -24 -21 -76965
10 4 9 1 -72513
17 -4 13 -5 -76179
15 -12 18 -11 -75405
-17 -17 -20 -11 -66977
-7 -2 -4 -4 -75083
6 -13 7 -14 -65043
-5 -11 -6 -8 -69581
1 7 2 6 -67143
20 -7 24 0 -70291
16 9 13 10 -79033
7 11 8 16 -71781
22 -10 20 -9 -72439
4 17 5 22 -63655
-1 22 -3 16 -71973
16 7 24 8 -72507
15 15 20 13 -76929
-20 -8 -20 -9 -66397
3 -12 3 -15 -64551
8 -24 24 -12 -76275
-20 23 23 18 -70875
18 13 24 12 -70893
18 -12 16 -5 -73985
-1 -7 0 -11 -73373
-15 23 -18 21 -69479
-2 -17 -2 -18 -68079
19 -3 18 0 -66631
15 21 17 21 -55443
-2 7 -3 9 -73499
-7 -16 -8 -17 -78087
-15 7 -23 24 -77981
4 20 2 22 -60603
-9 -22 -4 -24 -63557
6 12 0 15 -73679
24 -16 18 -11 -64195
-20 -8 -22 -14 -75391
17 -18 19 -13 -67387
-8 11 -9 16 -71517
-7 18 -9 15 -65113
-11 18 -12 12 -71225
20 1 24 5 -70855
0 0 -2 3 -68449
-19 -7 -24 -3 -72305
2 8 0 7 -73391
24 6 22 -4 -73589
-14 -1 -16 -3 -75311
15 20 15 22 -50463
3 -15 5 -13 -72839
0 -8 -3 -8 -70753
3 11 10 11 -75079
16 22 13 24 -51757
-18 6 -15 7 -73677
-10 13 -9 14 -70187
-19 11 -17 9 -74713
-11 5 -10 3 -79007
10 22 7 18 -58597
23 24 -10 19 -69973
-2 21 -5 20 -69983
-6 12 -7 14 -70955
17 -12 10 -13 -75285
-20 -12 -22 -19 -74647
15 -10 15 -17 -73465
5 9 1 9 -73189
13 -7 12 -3 -68043
-5 -10 -4 -13 -69165
-9 3 -11 2 -68199
14 6 16 8 -71201
1 -6 -1 -9 -71101
23 1 23 7 -64625
-11 -18 -12 -21 -61333
-20 -5 -21 -7 -71005
22 -22 24 -5 -73831
0 -3 1 -3 -78269
15 19 11 18 -75653
-5 10 -3 13 -74195
-5 0 -5 1 -66929
-14 0 -15 0 -70639
-10 23 -15 23 -53751
11 0 13 -7 -73479
-19 -16 -15 -15 -74415
18 11 17 24 -66577
5 5 4 4 -76191
-15 -11 -17 -7 -77141
-4 -3 -2 -7 -73019
-6 9 -5 10 -75141
-4 -19 -9 -20 -74877
-14 -15 -10 -20 -75225
8 7 8 5 -63661
-22 7 -19 12 -68063
-18 -21 -12 -24 -63135
-8 9 -5 10 -77057
-24 -8 -17 -7 -73791
8 -4 6 -5 -70115
0 24 3 22 -56945
6 -7 7 -8 -75595
10 -14 10 -11 -64459
17 13 0 19 -89261
-18 22 18 24 -71893
-23 -11 -22 -6 -63833
7 7 12 8 -74211
-20 -3 -19 -1 -75873
22 -23 22 11 -73833
16 -13 17 -16 -69399
-22 0 -22 -3 -70439
-19 22 -17 24 -63609
-19 -21 -23 -11 -66085
2 24 20 20 -78735
-17 10 -20 10 -77187
12 20 15 15 -70693
-24 -13 -4 -5 -76175
-22 15 -23 23 -31837
-9 -19 -8 -19 -70559
-5 -10 -6 -13 -67797
1 0 1 1 -67009
12 -21 21 -23 -62247
9 -4 12 -3 -67417
-4 -12 -3 -12 -63471
-23 14 0 11 -86667
-10 3 -9 1 -72879
12 9 13 8 -75669
-21 -2 -17 -4 -73945
-3 16 -1 13 -77269
6 -10 4 -9 -78651
15 -16 17 -16 -71607
-13 -2 -10 -1 -74347
-15 -16 -15 -15 -66031
18 -2 17 -5 -68049
-18 -3 -16 -2 -68563
14 2 16 0 -67491
-16 14 -16 13 -65969
-24 -8 -22 -12 -50393
5 9 4 7 -71437
-1 -4 0 -1 -71275
0 -13 -1 -14 -71393
-12 11 -11 9 -69075
23 -4 22 -24 -78407
15 -17 -24 -21 -82127
5 -3 4 -4 -71987
23 21 24 -8 -70409
23 -10 18 -9 -79139
-19 1 -19 8 -71339
15 13 17 11 -74071
13 -14 11 -9 -68747
11 16 11 20 -67095
0 22 0 19 -59059
-11 -15 -13 -21 -74237
24 8 20 18 -63517
-2 -20 -5 -18 -70555
-11 -22 -9 -24 -55965
-15 18 -23 19 -69609
-23 -6 -21 -5 -61207
-24 6 -23 1 -55031
-13 -6 -11 0 -78075
22 0 20 5 -66919
-1 19 -4 21 -73627
6 -3 4 -2 -73815
4 -23 -3 -21 -76351
13 2 12 3 -71751
24 16 22 -3 -75199
-10 -22 -24 -22 -69217
9 -8 10 -5 -67513
-4 -12 2 -13 -79657
23 -19 10 -20 -73801
-11 4 -12 6 -73835
15 10 16 12 -65365
3 -1 2 -1 -67735
18 -9 23 -8 -74855
-20 7 -18 6 -73405
-8 5 -10 5 -67719
-6 -10 -5 -7 -70145
-19 5 -22 0 -75091
-14 7 -12 7 -69401
-6 5 -7 8 -74727
9 -3 9 0 -67757
10 6 12 5 -76785
-22 1 -23 1 -52799
0 -6 1 -4 -70697
16 -5 16 -9 -65695
-6 9 -7 6 -74009
-7 17 -6 23 -59247
11 -17 11 -14 -62517
-16 22 -14 17 -58593
-1 0 0 1 -75919
19 0 20 0 -69519
17 -13 15 -15 -71775
-18 11 -16 12 -77521
1 -6 0 -6 -74733
14 -19 -9 2 -93085
-21 -18 -21 -14 -64719
1 8 1 10 -71547
-12 -12 -12 -15 -78945
5 -8 6 -6 -71821
3 -18 6 -15 -78647
