-12 24 -8 22 -69758
-4 8 -3 11 -75674
-9 -4 -11 -1 -71066
0 -3 0 -16 -85978
-13 -3 -12 -8 -65882
3 21 9 21 -75046
1 5 0 5 -69562
-23 9 -19 16 -68658
-6 24 -2 23 -59272
6 -12 8 -10 -69588
22 7 23 12 -52670
-21 -10 -24 -5 -71012
-16 -4 -16 0 -66462
-19 7 -23 0 -78936
7 14 5 8 -73674
-23 6 -24 7 -44422
10 -18 13 -17 -74078
20 -7 22 -4 -67588
8 24 16 24 -68128
0 10 -1 11 -65942
15 16 18 13 -69174
10 18 10 11 -73218
-1 10 1 12 -75038
-5 -23 -5 -22 -47040
16 -14 17 -21 -67338
-22 -7 -23 -3 -70916
18 -24 12 -19 -62824
18 -15 21 -12 -72622
-22 -16 -18 -15 -62518
-21 21 -19 23 -65938
1 -12 2 -12 -70238
-24 24 -3 9 -71446
-23 3 -19 3 -74054
7 -21 8 -23 -74734
-13 8 -13 9 -67108
23 18 24 19 -24028
-6 -16 -8 -15 -69226
-23 -4 -23 -3 -60656
23 -11 19 -6 -75322
-18 24 -10 17 -76808
24 -1 20 0 -62766
-6 -15 -6 -12 -69464
-19 -7 -18 -4 -71200
11 16 12 14 -66794
-21 -21 -18 -18 -63324
0 -10 2 -14 -76686
-10 -3 -9 0 -70030
6 2 5 4 -63110
17 12 13 10 -75560
22 -1 18 0 -84768
-15 -5 -7 16 -95360
-15 -9 -8 -10 -75546
8 8 7 15 -73010
-23 -2 -21 -3 -70982
4 -23 6 -23 -63984
18 13 20 23 -70232
9 -9 9 -12 -69338
22 -24 22 -19 -38264
-7 -22 -11 -22 -64736
17 -5 13 -7 -69886
-11 -2 -13 5 -73412
21 0 24 -9 -78794
0 19 9 22 -70918
5 19 4 16 -71290
-9 13 -9 7 -79504
-8 -4 -9 -5 -74656
-18 -23 -14 -19 -70132
24 -18 21 10 -79570
-6 -6 -9 -6 -72234
-14 17 -13 19 -60700
-24 -24 4 1 -70870
23 -3 -24 -9 -81548
-14 10 -9 9 -72112
22 -3 20 -3 -68832
15 9 18 8 -72308
-5 22 -7 24 -55610
-16 13 -15 9 -66306
-7 -18 -7 -16 -71484
23 -3 24 -15 -69032
8 -23 8 -18 -68710
-7 -21 -7 -19 -69616
8 16 11 16 -68754
-15 19 -6 23 -66972
-21 -13 -18 -12 -67026
24 19 22 11 -55846
13 -7 15 -8 -73576
-7 7 -8 5 -69270
3 -21 4 -20 -66184
-1 15 3 18 -70798
8 -2 8 0 -71634
-18 19 -14 23 -71692
3 -24 2 -1 -78750
-8 24 -6 19 -66506
-3 18 -3 23 -67396
-21 12 -23 14 -59062
-3 -1 -3 0 -68888
12 -4 14 0 -72316
15 -16 19 -17 -69112
7 -20 11 -23 -78040
-24 -16 -21 7 -73632
-4 2 -2 3 -60874
-19 -2 -22 -3 -76324
1 -19 2 -21 -73990
7 16 5 17 -64888
-23 2 -21 -3 -71442
2 -2 2 -3 -63764
-16 -22 -17 -23 -59270
-21 20 -22 19 -55674
-10 -11 -9 -6 -62440
-17 -18 -16 -19 -65522
6 -21 5 -20 -77764
17 5 14 7 -73666
11 -12 8 -10 -72782
19 -18 20 -22 -49628
5 -10 3 -7 -79476
-20 18 -19 17 -63752
15 -22 12 -21 -66922
12 14 17 16 -73276
-15 -9 -16 -7 -58744
-11 -23 -11 -21 -44184
-22 -21 -24 -7 -70382
-19 4 -22 0 -73798
-10 21 -8 21 -67332
22 4 20 4 -64422
-8 21 -3 17 -78106
-2 -19 -1 -24 -71404
17 -9 21 -8 -74142
23 2 22 0 -69470
14 11 14 5 -75304
9 -8 10 -8 -68770
10 0 8 1 -71016
21 -22 23 -15 -57108
7 24 11 19 -77510
16 1 15 0 -65350
4 -11 5 -11 -67996
16 0 10 0 -67320
5 -20 7 -20 -71050
16 -20 20 -18 -66842
20 -2 21 0 -72838
-24 13 -24 2 -68522
15 -22 12 -22 -63956
0 0 0 -1 -70254
-18 -23 -18 -21 -46014
-18 -23 24 -8 -76188
10 20 8 20 -73180
-5 -24 1 -20 -72746
-14 -24 -20 -20 -63950
18 1 17 6 -73604
-17 -20 -19 -24 -57414
14 -8 16 -11 -77414
8 -20 14 -21 -75194
-3 -24 -7 -17 -77710
11 -9 11 -8 -65902
11 -11 12 -9 -67614
12 2 13 7 -69500
-17 -19 -16 -24 -54246
-17 6 -15 2 -67190
-1 -15 1 -17 -70604
-21 1 -21 -2 -67684
24 -10 23 -1 -73230
1 -21 5 -24 -69422
6 -21 6 -23 -61146
-3 9 -1 9 -65992
-5 -12 -8 -13 -66066
8 -15 11 -20 -75242
16 -2 17 -4 -76956
7 3 8 4 -67584
4 4 4 0 -65696
18 -16 6 -24 -75098
23 -16 22 -16 -31436
-15 4 -14 8 -67770
-24 14 -23 15 -36466
-21 -18 16 -19 -78670
21 -9 18 -16 -74426
-6 18 -2 17 -75606
4 9 9 10 -72740
-7 12 -9 13 -69738
17 21 16 18 -64442
-13 -14 -17 -15 -70268
-16 -18 -16 -16 -67062
-15 10 -12 15 -72058
-13 -13 -12 -11 -70004
10 -22 5 -21 -75682
10 16 7 13 -73072
-24 13 24 3 -73210
10 11 10 6 -66070
8 -24 5 -21 -77082
-16 -22 -6 -24 -65916
-22 22 -24 8 -59810
-17 17 -15 12 -70112
-1 -5 0 -6 -63110
22 -24 0 -24 -63694
-17 15 -24 15 -70634
5 -6 8 -6 -78376
-14 -24 11 -24 -67556
11 -16 11 -23 -63922
-6 -7 -1 -6 -69594
21 3 20 -2 -82634
-10 23 -9 18 -67560
17 -13 17 -8 -67330
2 -8 0 -12 -75060
19 1 17 1 -71772
-14 -2 -17 1 -68414
16 -15 14 -14 -72254
-13 15 -9 13 -65742
24 4 21 8 -62458
-2 13 -4 11 -72818
-11 5 -11 1 -66384
21 6 24 -20 -77064
-7 -9 -8 -7 -62918
22 21 17 18 -59046
-24 -9 -18 -10 -66978
11 23 8 23 -65084
-1 -3 -5 -2 -63584
-4 24 16 24 -67914
5 -12 8 -13 -78596
1 -14 -2 -17 -74590
20 16 16 13 -74164
0 -23 4 -21 -66002
-21 24 -21 17 -48602
-3 21 1 23 -67666
-2 -21 2 -21 -73708
-8 -2 -8 -7 -67912
-15 -13 -14 -13 -66304
-13 -6 -15 -3 -66174
7 6 2 6 -75716
-9 -19 -11 -17 -70834
15 -4 16 -6 -77638
15 23 9 22 -70184
-4 7 -4 5 -74852
-10 -15 -14 -15 -69734
-10 19 -13 21 -76098
0 -19 -2 -20 -75374
0 -20 2 -24 -70274
-7 23 -11 23 -66310
0 -4 0 -1 -67918
22 -4 21 -11 -73384
17 -22 20 -16 -69256
-24 -24 -20 -15 -45730
-17 16 -19 16 -70736
21 8 24 10 -46830
10 -19 14 -16 -72560
14 12 15 15 -75138
14 10 14 15 -74002
-8 14 -9 21 -65498
1 20 -2 20 -74544
7 1 6 2 -68000
-18 -9 -15 -7 -66724
-24 -8 -24 -14 -52790
6 -21 -24 -14 -76270
-19 21 -18 22 -75346
19 -13 23 -11 -64632
-23 -9 -24 17 -75178
-3 12 -4 13 -69784
-14 2 -13 2 -67794
3 -10 3 -8 -72518
20 4 17 1 -78738
2 16 2 18 -74540
1 6 0 2 -63486
-21 16 -18 22 -75330
-9 -12 -7 -16 -73974
-23 17 -18 13 -76294
20 24 16 19 -55656
-24 5 -22 -22 -71980
-19 13 -19 19 -58460
-11 -5 -9 -5 -79520
3 7 5 6 -68128
-7 0 -8 -2 -70808
3 -24 -7 -1 -86134
-12 10 -12 5 -73080
10 7 12 7 -67666
23 -20 23 -21 -40400
8 0 11 -3 -77728
13 10 10 9 -67964
1 13 1 16 -72410
-24 0 -24 17 -72814
0 -19 -5 -23 -78318
-8 15 -9 10 -78774
-7 3 -7 4 -65108
21 11 24 8 -57038
-21 24 0 19 -72028
-2 20 0 21 -75420
0 24 1 22 -49132
-9 -24 23 -21 -67586
-18 -6 -2 -1 -86792
-8 -16 -7 -13 -73566
1 14 0 12 -70918
-1 -12 -1 -17 -68408
-10 -1 -8 -2 -72044
1 0 0 17 -83646
19 10 20 4 -74268
16 -22 19 -20 -56682
23 18 21 9 -66064
-2 22 -6 17 -71674
1 20 1 17 -74184
24 -24 0 -3 -71422
-12 -13 -12 -12 -69284
11 19 9 24 -74118
23 -11 24 -13 -38224
13 -15 15 -22 -72600
22 2 23 11 -68128
-3 18 -8 17 -68008
6 10 9 8 -68360
17 11 20 13 -69856
-6 1 -5 2 -63726
2 -18 2 -21 -69360
-2 -21 -2 -20 -72670
-17 -22 -18 -14 -72400
-13 -7 -12 -11 -60884
-12 -14 -10 -13 -71392
-17 0 -20 2 -72174
17 6 17 9 -69050
-10 -20 -20 -23 -70972
23 14 17 17 -64620
-20 13 -21 7 -71566
2 9 2 11 -71992
12 18 10 23 -77534
19 1 20 -2 -74984
22 1 23 -8 -77380
24 13 -24 -21 -73734
10 4 9 1 -66626
24 6 24 -4 -75932
15 -12 18 -11 -71236
-17 -17 -20 -11 -70890
14 -2 15 -3 -74010
6 -13 7 -14 -71730
-5 -11 -6 -8 -67918
1 7 2 6 -67108
-23 1 -20 1 -78490
-22 11 -22 7 -63406
7 11 8 16 -73022
22 -10 20 -9 -64732
4 17 5 22 -68834
0 -8 0 -10 -71268
14 0 15 15 -91170
15 15 20 13 -74636
-20 -8 -20 -9 -61904
3 -12 3 -15 -64596
12 2 12 0 -64184
-20 23 23 18 -67716
18 13 24 12 -67860
18 18 20 10 -73032
3 1 0 0 -70712
-15 23 -18 21 -65590
-2 -17 -2 -18 -65848
13 -9 18 -12 -81886
15 21 17 21 -70578
-2 7 -3 9 -73302
-7 -16 -8 -17 -75668
-4 12 -4 10 -71694
4 20 2 22 -63620
-9 -22 -4 -24 -61432
1 -1 -1 0 -73130
24 -16 18 -11 -62436
-20 -8 -22 -14 -66328
17 -18 19 -13 -71820
-4 -9 -4 -11 -68890
-7 18 -9 15 -63746
-11 18 -12 12 -66702
20 1 24 5 -69942
0 0 -2 3 -63892
-19 -7 -24 -3 -78420
2 8 0 7 -72390
24 6 22 -4 -84378
15 -14 10 -12 -74576
15 20 15 22 -53884
3 -15 5 -13 -65278
7 -16 12 -16 -75222
21 -23 18 -21 -37636
16 22 13 24 -57522
-18 6 -15 7 -61956
-10 13 -9 14 -72074
-19 11 -17 9 -73404
14 20 13 24 -58208
10 22 7 18 -64886
23 24 -10 19 -65596
24 11 18 11 -67460
-6 12 -7 14 -72484
-7 -7 -12 -7 -81294
-20 -12 -22 -19 -70860
15 -10 15 -17 -72292
5 9 1 9 -69668
13 -7 12 -3 -70124
-24 -14 -22 -18 -51750
-9 3 -11 2 -70158
14 6 16 8 -71370
-3 -17 -4 -20 -77962
23 1 23 7 -69446
-11 -18 -12 -21 -58786
-20 -5 -21 -7 -73384
22 -22 24 -5 -62664
0 -3 1 -3 -73638
15 19 11 18 -68660
-15 23 -14 18 -67050
-5 0 -5 1 -63424
-14 0 -15 0 -62716
-10 23 -15 23 -56446
0 8 -1 8 -68886
-20 3 -18 8 -69836
18 11 17 24 -68168
4 -24 8 -17 -70842
8 24 8 23 -27952
-4 -3 -2 -7 -67152
-6 9 -5 10 -71842
-4 -19 -9 -20 -71950
-14 -15 -10 -20 -75272
8 7 8 5 -56844
-22 7 -19 12 -72322
-18 -21 -12 -24 -61814
-8 9 -5 10 -67486
-24 -8 -17 -7 -76030
8 -4 6 -5 -71488
0 24 3 22 -56656
6 -7 7 -8 -77428
10 -14 10 -11 -61908
-5 -5 -5 -2 -69168
-18 22 18 24 -68526
-23 -11 -22 -6 -65388
7 7 12 8 -74190
24 23 3 22 -64764
-22 -16 -15 -16 -69302
16 -13 17 -16 -67798
-22 0 -22 -3 -66530
-19 22 -17 24 -62812
-19 -21 -23 -11 -74064
2 19 4 17 -67506
-17 10 -20 10 -71664
12 20 15 15 -70606
22 20 24 0 -75656
-22 15 -23 23 -42322
-9 -19 -8 -19 -71224
-5 -10 -6 -13 -68610
1 0 1 1 -68220
12 -21 21 -23 -63118
19 -9 19 -5 -74384
-4 -12 -3 -12 -62126
-22 3 -23 7 -62766
-10 3 -9 1 -69036
12 9 13 8 -62444
0 14 0 17 -73640
-3 16 -1 13 -73758
-1 7 -1 3 -67660
-11 9 -9 11 -74730
-13 -2 -10 -1 -74226
-15 -16 -15 -15 -66564
18 -2 17 -5 -69836
-18 -3 -16 -2 -63846
14 2 16 0 -73004
-16 14 -16 13 -60038
-24 -8 -22 -12 -59100
5 9 4 7 -69374
-17 -11 -17 -13 -57416
0 -13 -1 -14 -72214
-12 11 -11 9 -72272
12 -5 9 -5 -67770
-8 -17 -9 -21 -74526
7 23 4 23 -60698
23 21 24 -8 -73224
-23 -1 -24 -10 -71126
-2 -15 3 -14 -81656
15 21 17 21 -70578
4 -6 -2 -8 -77338
11 16 11 20 -64760
0 22 0 19 -65864
-22 12 -20 10 -69306
24 8 20 18 -69594
-2 -20 -5 -18 -66602
-11 -22 -9 -24 -55510
-15 18 -23 19 -69976
-23 -6 -21 -5 -63784
-24 6 -23 1 -58536
-13 -6 -11 0 -73792
22 0 20 5 -78224
-1 19 -4 21 -78886
6 -13 4 -10 -79088
4 -23 -3 -21 -73614
13 2 12 3 -69800
-3 21 -1 21 -76038
-10 -22 -24 -22 -65100
9 -8 10 -5 -64482
-4 -12 2 -13 -76966
-21 -12 23 0 -87204
-11 4 -12 6 -69178
15 10 16 12 -72032
3 -1 2 -1 -62458
18 -9 23 -8 -72156
-20 7 -18 6 -68952
-8 5 -10 5 -68326
10 -6 12 -2 -69024
8 -5 8 0 -72870
-14 7 -12 7 -63220
-6 5 -7 8 -72924
9 -3 9 0 -74388
10 17 12 21 -65834
-22 1 -23 1 -62932
0 -6 1 -4 -60308
16 -5 16 -9 -72006
-16 -1 -18 -4 -69848
-7 17 -6 23 -65046
11 -17 11 -14 -58690
-16 22 -14 17 -75348
-1 0 0 1 -70404
19 0 20 0 -80070
17 -13 15 -15 -71444
-18 11 -16 12 -62690
1 -6 0 -6 -72282
-20 0 -20 6 -67704
-21 -18 -21 -14 -66604
1 8 1 10 -71496
-12 -12 -12 -15 -74220
5 -8 6 -6 -62030
-12 -18 -11 -15 -73316
