-12 24 -8 22 -69843
-4 8 -3 11 -73579
-9 -4 -11 -1 -68781
-12 -24 14 -24 -79359
-13 -3 -12 -8 -66395
3 21 9 21 -75341
1 5 0 5 -73323
-23 9 -19 16 -78835
-6 24 -2 23 -56873
6 -12 8 -10 -70017
22 7 23 12 -49817
-21 -10 -24 -5 -62945
-16 -4 -16 0 -64611
-20 -16 -18 -19 -72953
7 14 5 8 -69407
-23 6 -24 7 -51421
-24 -18 13 -17 -79571
20 -7 22 -4 -67499
8 24 16 24 -69989
0 10 -1 11 -70653
15 16 18 13 -68765
11 -1 14 3 -79603
-1 10 1 12 -76787
-5 -23 -5 -22 -42565
16 -14 17 -21 -68967
-22 -7 -23 -3 -71123
18 -24 12 -19 -70847
18 -15 21 -12 -72059
-22 -16 -18 -15 -66195
-21 21 -19 23 -66501
1 -12 2 -12 -58993
-24 24 -3 9 -73937
13 -1 -17 8 -85817
7 -21 8 -23 -75113
-13 8 -13 9 -63205
23 18 24 19 -24493
-6 -16 -8 -15 -71815
-23 -4 -23 -3 -71771
23 -11 19 -6 -73981
-18 17 -9 17 -78763
24 -1 20 0 -59315
-6 -15 -6 -12 -70719
-19 -7 -18 -4 -71389
11 16 12 14 -61733
-21 -21 -18 -18 -65267
0 -10 2 -14 -71413
-10 -3 -9 0 -67173
6 2 5 4 -70067
17 12 13 10 -74513
-2 18 -5 17 -73779
6 21 24 24 -62691
7 12 6 18 -69609
8 8 7 15 -67791
-23 -2 -21 -3 -56861
4 -23 6 -23 -65343
18 13 20 23 -70513
9 -9 9 -12 -68527
22 -24 22 -19 -46085
-7 -22 -11 -22 -75861
17 -5 13 -7 -68171
-15 -12 -20 -11 -73407
21 0 24 -9 -76075
0 19 9 22 -70951
5 19 4 16 -64645
6 -3 10 -3 -76115
-8 -4 -9 -5 -69327
-18 -23 -14 -19 -67837
-10 11 -13 10 -80119
-6 -6 -9 -6 -65377
-14 17 -13 19 -62747
-24 -24 4 1 -70147
23 -3 -24 -9 -75387
-4 -6 -4 -3 -62899
22 -3 20 -3 -70477
15 9 18 8 -70449
-5 22 -7 24 -56481
-16 13 -15 9 -65613
-7 -18 -7 -16 -72115
23 -3 24 -15 -65567
8 -23 8 -18 -68113
-7 -21 -7 -19 -66501
8 16 11 16 -68193
-15 19 -6 23 -70441
-21 -13 -18 -12 -69723
24 19 22 11 -54787
13 -7 15 -8 -69351
-7 7 -8 5 -68955
3 -21 4 -20 -65273
-1 15 3 18 -69063
8 -2 8 0 -68385
-18 19 -14 23 -75581
3 -24 2 -1 -70153
-8 24 -6 19 -66137
-3 18 -3 23 -63089
-21 12 -23 14 -62167
-3 -1 -3 0 -66557
12 -4 14 0 -75751
15 -16 19 -17 -74329
7 -20 11 -23 -77219
-24 -16 -21 7 -76871
-4 2 -2 3 -64509
-19 -2 -22 -3 -64439
1 -19 2 -21 -71491
7 16 5 17 -70487
-23 2 -21 -3 -72241
2 -2 2 -3 -53671
-16 -22 -17 -23 -59201
-21 20 -22 19 -55193
-10 -11 -9 -6 -62115
-17 -18 -16 -19 -74255
6 -21 5 -20 -79517
17 5 14 7 -70209
11 -12 8 -10 -72035
19 -18 20 -22 -53693
-12 4 -21 7 -76977
-20 18 -19 17 -67613
15 -22 12 -21 -68135
12 14 17 16 -75373
-15 -9 -16 -7 -60803
-11 -23 -11 -21 -50571
-22 -21 -24 -7 -70083
-19 4 -22 0 -63229
-10 21 -8 21 -69461
22 4 20 4 -62817
-8 21 -3 17 -72565
-2 -19 -1 -24 -65895
17 -9 21 -8 -73129
23 2 22 0 -54613
14 11 14 5 -70069
9 -8 10 -8 -67533
10 0 8 1 -66523
21 -22 23 -15 -57789
7 24 11 19 -77835
16 1 15 0 -69173
4 -11 5 -11 -67193
16 0 10 0 -66953
5 -20 7 -20 -72837
16 -20 20 -18 -70303
20 -2 21 0 -65199
-24 13 -24 2 -63865
15 -22 12 -22 -62683
0 0 0 -1 -67201
-18 -23 -18 -21 -48569
-18 -23 24 -8 -76127
10 20 8 20 -73271
-5 -24 1 -20 -68179
-14 -24 -20 -20 -71877
18 1 17 6 -66413
-17 -20 -19 -24 -58529
14 -8 16 -11 -69159
8 -20 14 -21 -68691
1 -7 5 -5 -70399
11 -9 11 -8 -66635
11 -11 12 -9 -66151
12 2 13 7 -72071
-17 -19 -16 -24 -59341
-19 -18 -20 -9 -78035
-1 -15 1 -17 -63999
-21 1 -21 -2 -70815
24 -10 23 -1 -70641
1 -21 5 -24 -70249
6 -21 6 -23 -60899
-3 9 -1 9 -67355
-5 -12 -8 -13 -70599
8 -15 11 -20 -75019
16 -2 17 -4 -74143
7 3 8 4 -73741
4 4 4 0 -71671
18 -16 6 -24 -69345
23 -16 22 -16 -30745
-15 4 -14 8 -72141
-24 14 -23 15 -49253
11 -20 15 -17 -62543
21 -9 18 -16 -72383
-6 18 -2 17 -70811
4 9 9 10 -67543
-7 12 -9 13 -68177
17 21 16 18 -65201
-13 -14 -17 -15 -70087
-16 -18 -16 -16 -70491
-9 13 -15 11 -84837
-13 -13 -12 -11 -70179
10 -22 5 -21 -76777
10 16 7 13 -66549
-5 20 -24 23 -71219
10 11 10 6 -64067
8 -24 5 -21 -78381
-16 -22 -6 -24 -65833
-22 22 -24 8 -68105
-17 17 -15 12 -71643
-1 -5 0 -6 -62293
22 -24 0 -24 -65209
-17 15 -24 15 -72891
11 5 8 6 -69027
-14 -24 11 -24 -79469
11 -16 11 -23 -64677
-6 -7 -1 -6 -70213
22 -18 -19 -17 -80151
-10 23 -9 18 -66589
17 -13 17 -8 -65075
2 -8 0 -12 -77577
19 1 17 1 -70823
-14 -2 -17 1 -70281
16 -15 14 -14 -68343
-13 15 -9 13 -70953
24 4 21 8 -58589
-24 5 -24 6 -55565
-11 5 -11 1 -75579
21 6 24 -20 -66215
-7 -9 -8 -7 -61441
22 21 17 18 -59707
-24 -9 -18 -10 -62751
11 23 8 23 -65787
-1 -3 -5 -2 -68953
-4 24 16 24 -69225
5 -12 8 -13 -78949
1 -14 -2 -17 -83351
20 16 16 13 -73203
0 -23 4 -21 -65985
-21 24 -21 17 -50023
-3 21 1 23 -59983
-2 -21 2 -21 -75279
-8 -2 -8 -7 -66829
-15 -13 -14 -13 -64863
-13 -6 -15 -3 -67003
-24 11 -22 16 -66399
-9 -19 -11 -17 -72841
15 -4 16 -6 -76993
15 23 9 22 -72875
-4 7 -4 5 -71543
-10 -15 -14 -15 -63935
-10 19 -13 21 -77477
0 -19 -2 -20 -83183
0 -20 2 -24 -67485
-7 23 -11 23 -68105
-5 14 -5 10 -80327
22 -4 21 -11 -71007
17 -22 20 -16 -70625
-24 -24 -20 -15 -45255
-17 16 -19 16 -70843
21 8 24 10 -47857
-9 1 -9 3 -71857
14 12 15 15 -69959
14 10 14 15 -66949
-8 14 -9 21 -63287
3 18 -3 8 -94221
7 1 6 2 -68929
-18 -9 -15 -7 -67811
-24 -8 -24 -14 -55449
6 -21 -24 -14 -77371
-19 21 -18 22 -76827
19 -13 23 -11 -64471
-23 -9 -24 17 -72423
-3 12 -4 13 -71537
-14 2 -13 2 -68851
3 -10 3 -8 -68933
20 4 17 1 -73935
2 16 2 18 -63193
1 6 0 2 -64805
-21 16 -18 22 -74635
-9 -12 -7 -16 -75271
-23 17 -18 13 -80125
20 24 16 19 -56965
-24 5 -22 -22 -73033
-19 13 -19 19 -62995
-11 -5 -9 -5 -62723
3 7 5 6 -64295
-7 0 -8 -2 -67545
-23 6 -21 6 -56271
2 -8 1 -13 -79619
10 7 12 7 -70189
23 -20 23 -21 -42765
18 -21 16 -20 -66293
13 10 10 9 -70869
1 13 1 16 -66733
-24 -5 -24 -3 -69583
-12 -21 -12 -20 -63849
-8 15 -9 10 -77105
-7 3 -7 4 -70547
21 11 24 8 -56493
-21 24 0 19 -77583
-2 20 0 21 -66479
0 24 1 22 -48109
-9 -24 23 -21 -74281
8 3 8 4 -70055
-8 -16 -7 -13 -75265
1 14 0 12 -73861
-2 -17 -3 -17 -77507
-10 -1 -8 -2 -67923
-19 2 -18 0 -66711
19 10 20 4 -68849
16 -22 19 -20 -60129
23 18 21 9 -63311
-2 22 -6 17 -73985
-23 15 -24 19 -42797
24 -24 0 -3 -69933
-12 -13 -12 -12 -70767
11 19 9 24 -73671
23 -11 24 -13 -37061
13 -15 15 -22 -73613
22 2 23 11 -62261
-3 18 -8 17 -71739
6 10 9 8 -64833
17 11 20 13 -68445
-6 1 -5 2 -64209
2 -18 2 -21 -69651
-2 -21 -2 -20 -67615
-17 -22 -18 -14 -77493
-13 -7 -12 -11 -60335
-12 -14 -10 -13 -66827
-23 -2 21 24 -74899
17 6 17 9 -63939
-13 10 -14 7 -69785
23 14 17 17 -68025
-20 13 -21 7 -75029
2 9 2 11 -70087
12 18 10 23 -77649
19 1 20 -2 -65141
22 1 23 -8 -72005
24 13 -24 -21 -72605
10 4 9 1 -76181
24 6 24 -4 -57231
15 -12 18 -11 -69503
-17 -17 -20 -11 -80511
14 -2 15 -3 -71727
6 -13 7 -14 -73589
-5 -11 -6 -8 -66783
1 7 2 6 -66147
2 1 -4 1 -79759
-22 11 -22 7 -63875
-7 -23 -9 -23 -69735
22 -10 20 -9 -64251
4 17 5 22 -62447
0 -8 0 -10 -68113
22 -1 19 -2 -77709
15 15 20 13 -74389
-20 -8 -20 -9 -62427
3 -12 3 -15 -63219
12 2 12 0 -65007
-20 23 23 18 -68317
18 13 24 12 -71423
18 18 20 10 -72451
3 1 0 0 -72307
-15 23 -18 21 -69591
-2 -17 -2 -18 -66129
15 8 11 6 -75673
15 21 17 21 -71487
2 -6 9 -10 -81545
-7 -16 -8 -17 -76483
-4 12 -4 10 -77381
4 20 2 22 -63295
-9 -22 -4 -24 -66263
1 -1 -1 0 -77721
24 -16 18 -11 -62335
-20 -8 -22 -14 -69601
17 -18 19 -13 -71461
-4 -9 -4 -11 -66857
-7 18 -9 15 -63811
-11 18 -12 12 -64755
20 1 24 5 -63173
0 0 -2 3 -69217
-1 7 -4 11 -79153
2 8 0 7 -76249
9 -4 8 -6 -73393
15 -14 10 -12 -67083
15 20 15 22 -54215
3 -15 5 -13 -63965
7 -16 12 -16 -68903
21 -23 18 -21 -41731
16 22 13 24 -58723
-18 6 -15 7 -66851
-10 13 -9 14 -75215
-19 11 -17 9 -74251
14 20 13 24 -57833
10 22 7 18 -63831
23 24 -10 19 -66077
24 11 18 11 -69831
-6 12 -7 14 -70325
-16 -20 -20 -20 -76581
-20 -12 -22 -19 -71401
15 -10 15 -17 -72043
5 9 1 9 -70051
13 -7 12 -3 -70325
-24 -14 -22 -18 -49603
-9 3 -11 2 -68573
14 6 16 8 -72813
-3 -17 -4 -20 -79513
23 1 23 7 -59763
-11 -18 -12 -21 -66297
-20 -5 -21 -7 -75601
22 -22 24 -5 -60427
0 -3 1 -3 -74001
15 19 11 18 -70745
-15 23 -14 18 -63393
-5 0 -5 1 -65921
-14 0 -15 0 -63851
-10 23 -15 23 -57389
0 8 -1 8 -72895
-20 3 -18 8 -69221
18 11 17 24 -67591
4 -24 8 -17 -68991
8 24 8 23 -27979
-4 -3 -2 -7 -70349
-6 9 -5 10 -71089
-4 -19 -9 -20 -77251
-14 -15 -10 -20 -74507
8 7 8 5 -61999
-22 7 -19 12 -77943
-18 -21 -12 -24 -60517
-8 9 -5 10 -68179
-24 -8 -17 -7 -71209
8 -4 6 -5 -76421
0 24 3 22 -56551
7 7 2 1 -80755
10 -14 10 -11 -61103
-7 -19 1 -14 -99101
-18 22 18 24 -71187
-23 -11 -22 -6 -66821
-3 23 1 22 -62379
-16 -18 -21 -17 -80609
-2 -16 -3 -12 -67583
16 -13 17 -16 -67321
-22 0 -22 -3 -71413
-19 22 -17 24 -65275
21 -24 21 -23 -21671
2 19 4 17 -71133
-17 10 -20 10 -75527
12 20 15 15 -68717
-14 5 -12 0 -78111
-22 15 -23 23 -51041
-9 -19 -8 -19 -77751
-5 -10 -6 -13 -68635
1 0 1 1 -69291
12 -21 21 -23 -71153
19 -9 19 -5 -72529
-4 -12 -3 -12 -74967
-22 3 -23 7 -68369
-10 3 -9 1 -73313
12 9 13 8 -65973
-1 24 24 1 -79467
-3 16 -1 13 -70091
-1 7 -1 3 -65401
-11 9 -9 11 -78227
-13 -2 -10 -1 -66659
-15 -16 -15 -15 -69725
18 -2 17 -5 -68977
-18 -3 -16 -2 -62353
14 2 16 0 -67221
-16 14 -16 13 -58613
-24 -8 -22 -12 -57279
5 9 4 7 -70341
-17 -11 -17 -13 -60685
0 -13 -1 -14 -71921
-12 11 -11 9 -66539
12 -5 9 -5 -66947
-8 -17 -9 -21 -75675
7 23 4 23 -60387
23 21 24 -8 -64951
-23 -1 -24 -10 -76761
-24 9 -21 10 -54781
15 21 17 21 -71487
0 -16 -2 -18 -87903
11 16 11 20 -63355
0 22 0 19 -57949
-22 12 -20 10 -69687
24 8 20 18 -70925
-2 -20 -5 -18 -66551
-11 -22 -9 -24 -56385
-15 18 -23 19 -72125
-23 -6 -21 -5 -61107
-24 6 -23 1 -61633
-13 -6 -11 0 -70713
22 0 20 5 -69055
-1 -13 -4 -13 -79739
6 -13 4 -10 -75755
4 -23 -3 -21 -73579
7 13 0 19 -86125
-7 3 0 -8 -89219
-10 -22 -24 -22 -66969
9 -8 10 -5 -72585
-13 7 -13 4 -69779
22 15 23 14 -53793
-11 4 -12 6 -72239
15 10 16 12 -68359
3 -1 2 -1 -63033
18 -9 23 -8 -72443
-20 7 -18 6 -69415
-8 5 -10 5 -67945
10 -6 12 -2 -74241
8 -5 8 0 -69867
-14 7 -12 7 -67785
-6 5 -7 8 -71047
9 -3 9 0 -70263
10 17 12 21 -66207
-22 1 -23 1 -48113
0 -6 1 -4 -57173
16 -5 16 -9 -72125
-16 -1 -18 -4 -67867
-7 17 -6 23 -64661
11 -17 11 -14 -57521
-16 22 -14 17 -70563
-1 0 0 1 -72387
19 0 20 0 -77473
17 -13 15 -15 -72145
-18 11 -16 12 -66223
1 -6 0 -6 -66279
-20 0 -20 6 -64651
-21 -18 -21 -14 -67417
1 8 1 10 -67305
-12 -12 -12 -15 -75777
5 -8 6 -6 -66209
-12 -18 -11 -15 -76179
