-12 24 -8 22 -62808
14 -4 18 6 -85140
-7 17 -7 23 -89160
-18 -20 1 -16 -79276
-13 -12 -12 -6 -76476
3 21 9 21 -73002
1 5 0 5 -64312
-13 -5 -16 -7 -64560
-6 24 -2 23 -54900
6 19 8 22 -72198
22 7 23 12 -55182
-21 -10 -24 -5 -74990
-16 -4 -16 0 -57202
1 -15 20 -9 -84310
7 14 5 8 -65334
-23 6 -24 7 -59946
19 10 14 15 -77338
20 -7 22 -4 -75910
8 24 16 24 -69404
0 10 -1 11 -64572
15 16 18 13 -68208
-18 7 -17 8 -65468
-1 10 1 12 -64132
-5 -23 -5 -22 -48306
16 -14 17 -21 -67134
-22 -7 -23 -3 -70162
18 -24 12 -19 -66986
18 -15 21 -12 -74502
-22 -16 -18 -15 -62968
-21 21 -19 23 -48018
1 -12 2 -12 -67732
-15 -4 -12 -7 -70094
0 -16 3 -15 -73494
7 -21 8 -23 -65920
-13 8 -13 9 -62658
23 18 24 19 -29808
-21 -7 -22 -6 -70198
-23 -4 -23 -3 -64006
-2 22 -2 23 -52816
-4 -7 -5 -8 -68852
24 -1 20 0 -60364
-6 -15 -6 -12 -63938
-19 -7 -18 -4 -66938
11 16 12 14 -63574
-21 -21 -18 -18 -71024
0 -10 2 -14 -70936
-10 -3 -9 0 -58128
6 2 5 4 -66258
-6 -4 -5 -6 -65502
-2 18 -5 17 -63658
6 21 24 24 -69074
-20 12 -24 10 -63514
8 8 7 15 -68474
-23 -2 -21 -3 -66492
4 -23 6 -23 -61252
12 -21 5 -24 -61744
9 -9 9 -12 -66250
22 -24 22 -19 -58426
17 -9 15 -6 -70598
17 -5 13 -7 -60758
-24 -18 -24 -11 -61292
21 8 17 2 -79336
4 19 3 20 -64534
5 19 4 16 -65364
-4 12 -2 18 -71786
-8 -4 -9 -5 -66714
-18 18 20 14 -77656
-10 11 -13 10 -70564
-6 -6 -9 -6 -67040
-14 17 -13 19 -64988
-24 -24 4 1 -69632
23 -3 -24 -9 -68514
0 8 -1 10 -65172
22 -3 20 -3 -68488
15 9 18 8 -68280
-5 22 -7 24 -59820
-16 13 -15 9 -70906
-7 -18 -7 -16 -69478
23 -3 24 -15 -68132
8 -23 8 -18 -65898
-7 -21 -7 -19 -69532
8 16 11 16 -71132
11 -11 9 -14 -78830
-21 -13 -18 -12 -67588
24 19 22 11 -53576
13 -7 15 -8 -64474
-7 7 -8 5 -63806
3 -21 4 -20 -72000
-1 15 3 18 -64710
8 -2 8 0 -62840
-17 18 -24 23 -57798
-6 15 -5 11 -72326
-8 24 -6 19 -77314
-3 18 -3 23 -74916
-21 12 -23 14 -63460
-3 -1 -3 0 -64758
12 -15 14 -13 -71718
18 13 23 11 -67596
3 -16 0 -20 -78392
3 11 8 7 -82296
-4 2 -2 3 -59786
-19 -2 -22 -3 -65954
-22 21 16 22 -67474
7 16 5 17 -64518
-23 -21 -21 -3 -79708
-5 -19 -3 -21 -76932
-16 -22 -17 -23 -67086
-21 20 -22 19 -47268
-10 -11 -9 -6 -74956
-17 -18 -16 -19 -70710
-14 -21 -10 -24 -65060
17 5 14 7 -69832
11 -12 8 -10 -66520
19 -18 20 -22 -57308
-24 0 -23 2 -49284
-20 18 -19 17 -70560
15 -22 12 -21 -66382
12 14 17 16 -69050
-15 -9 -16 -7 -66924
-11 -23 -11 -21 -58548
6 3 0 0 -76750
-19 4 -22 0 -60950
-10 21 -8 21 -63776
22 4 20 4 -62870
-8 21 -3 17 -76610
-2 -19 -1 -24 -70296
17 -9 21 -8 -72112
23 2 22 0 -56248
14 11 14 5 -70012
9 -8 10 -8 -65912
10 0 8 1 -59662
24 7 22 11 -62674
7 24 11 19 -74436
16 1 15 0 -63274
4 -11 5 -11 -61688
16 0 10 0 -61244
5 -20 7 -20 -67706
16 -20 20 -18 -64930
20 -2 21 0 -62742
-24 13 -24 2 -62890
15 -22 12 -22 -62574
0 0 0 -1 -68378
-18 -23 -18 -21 -58108
-18 -23 24 -21 -67728
10 20 8 20 -75196
-5 -24 1 -20 -74094
-1 -14 -4 -17 -74632
18 -10 17 -12 -67384
-17 -20 -19 -24 -70204
1 16 3 14 -64852
8 -20 14 -21 -68364
1 -7 5 -5 -69524
14 5 15 3 -66252
11 -11 12 -9 -65678
0 -12 4 -14 -78472
-17 -19 -16 -24 -67700
-7 -22 -9 -23 -56220
-1 -15 1 -17 -70614
-12 3 -16 -1 -61792
0 0 1 2 -70456
1 -21 5 -24 -56030
6 -21 6 -23 -58080
-3 9 -1 9 -62720
-5 -12 -8 -13 -73628
8 -15 11 -20 -71370
16 -2 17 -4 -63228
7 3 8 4 -64740
-6 18 -10 17 -70516
-13 2 -9 1 -72204
23 -16 22 -16 -43166
22 -15 21 -12 -67596
-24 14 -23 15 -48606
11 -20 15 -17 -72086
13 16 12 13 -63104
-6 18 -2 17 -68364
4 9 9 10 -68210
-7 12 -9 13 -70224
17 21 16 18 -61378
-13 -14 -17 -15 -79844
-16 -18 -16 -16 -62956
-11 4 -11 0 -61952
-13 13 -13 11 -66600
10 -22 5 -21 -72150
10 16 7 13 -66618
-5 20 -24 23 -64258
10 11 10 6 -61490
8 -24 5 -21 -66820
18 19 21 23 -61882
-22 22 -24 8 -65754
-17 17 -15 12 -76158
-1 -5 0 -6 -62458
22 -24 0 -24 -65618
-17 15 -24 15 -69980
11 5 8 6 -65412
20 7 -20 6 -76980
11 -16 11 -23 -63236
22 -19 21 -20 -53270
10 9 12 10 -67280
-10 23 -9 18 -79484
17 -13 17 -8 -67298
-24 11 -22 8 -67410
19 1 17 1 -60864
-14 -2 -17 1 -76216
16 -15 14 -14 -61160
-13 15 -9 13 -63806
24 4 21 8 -65752
-24 5 -24 6 -57076
-11 19 -14 18 -59328
21 6 24 -20 -73060
-7 -9 -8 -7 -68806
22 21 17 18 -68350
-24 -9 -18 -10 -67014
11 23 8 23 -67608
6 -9 5 -11 -67536
-4 24 16 24 -67702
24 -3 22 -8 -65016
12 -14 7 -16 -76202
20 16 16 13 -71726
0 -23 4 -21 -62322
-21 24 -21 17 -47954
-3 21 1 23 -57926
-2 -21 2 -21 -63694
-21 -8 -11 -7 -80002
-15 -13 -14 -13 -79038
0 0 0 1 -71320
-24 11 -22 16 -60030
-9 -19 -11 -17 -73378
-4 -24 -24 -21 -71104
15 23 9 22 -70856
-4 7 -4 5 -69008
-10 -15 -14 -15 -78726
19 19 23 12 -62866
-12 -24 -19 -23 -68070
0 -20 2 -24 -59310
-7 23 -11 23 -60642
21 -9 18 -6 -74968
22 -4 21 -11 -73226
-7 -21 -4 -18 -76264
-24 -24 -20 -15 -52272
-17 16 -19 16 -68360
21 8 24 10 -52210
-12 24 -20 24 -50656
24 -6 22 -8 -59392
14 10 14 15 -65070
-8 14 -9 21 -74226
-23 -23 -24 -9 -71078
-3 10 -4 10 -63876
-17 12 -14 17 -74198
-24 -8 -24 -14 -58136
6 0 6 -6 -66350
-15 -20 -16 -23 -77270
-22 -17 -21 -19 -54092
-23 -9 -24 17 -69526
3 -3 4 -1 -67316
13 -24 -15 -24 -61108
3 -10 3 -8 -62568
24 -15 22 -22 -56084
2 16 2 18 -60972
-21 -2 -23 0 -64950
-17 4 -17 6 -54940
5 -5 8 -6 -66610
-8 -19 -9 -17 -73436
20 24 16 19 -66456
-24 5 -22 -22 -70920
-19 13 -19 19 -72154
-11 -5 -9 -5 -62466
3 7 5 6 -71672
-9 -19 -10 -19 -67812
-23 6 -21 6 -58028
4 -18 4 -16 -57038
10 7 12 7 -67600
23 -20 23 -21 -51308
18 -21 16 -20 -61262
1 6 0 5 -69494
1 13 1 16 -67510
-24 -5 -24 -3 -61236
-12 -21 -12 -20 -69002
-17 -13 -18 -10 -65926
-7 3 -7 4 -60732
21 11 24 8 -65156
-12 -13 -14 -13 -78552
-2 20 0 21 -62422
0 24 1 22 -54966
-9 -24 23 -21 -70746
8 3 8 4 -61420
-12 -1 -12 -6 -56780
1 14 0 12 -69764
-2 -17 -3 -17 -72236
-10 -1 -8 -2 -64854
-19 2 -18 0 -64704
19 10 20 4 -71936
16 -22 19 -20 -59686
23 18 21 9 -61378
-13 14 -18 12 -71028
-23 15 -24 19 -47266
-7 -7 -7 -6 -64990
-12 -13 -12 -12 -71450
11 19 9 24 -68582
23 -11 24 -13 -52980
13 -15 15 -22 -69018
22 2 23 11 -67352
14 -3 14 1 -63122
6 10 9 8 -72480
17 11 20 13 -69452
-6 13 -5 13 -66470
2 -18 2 -21 -69348
-2 -21 -2 -20 -71126
-3 -19 -6 -18 -74742
-13 -7 -12 -11 -69688
-12 -14 -10 -13 -76122
19 -2 21 -6 -67118
17 6 17 9 -66978
-13 10 -14 7 -69132
23 14 17 17 -66306
20 -16 23 -11 -72342
2 13 2 11 -64772
16 4 16 3 -61038
19 1 20 -2 -64508
10 -11 10 -16 -74220
24 13 -24 -21 -70676
10 4 9 1 -65466
24 6 24 -4 -57916
15 -12 18 -11 -63242
-21 -8 -22 -12 -68000
-8 -2 0 0 -72084
23 -23 23 -22 -43174
-5 -11 -6 -8 -66480
1 7 2 6 -67314
7 24 0 18 -70788
-22 11 -22 7 -62186
-7 -23 -9 -23 -61806
22 -10 20 -9 -70356
4 17 5 22 -69954
0 -8 0 -10 -60420
-12 23 -11 21 -57720
2 5 2 6 -64822
-20 -8 -20 -9 -65866
3 -12 3 -15 -62672
12 2 12 0 -62276
-20 23 -19 -5 -72972
-1 -6 -2 -7 -67750
4 16 5 -24 -77022
-13 -18 -9 -9 -90868
-15 23 -18 21 -57940
-2 -17 -2 -18 -68820
15 8 11 6 -72640
-11 -12 -9 -15 -65476
16 24 19 24 -52090
-7 -16 -8 -17 -71622
-4 12 -4 10 -57950
4 20 2 22 -64464
-9 -22 -4 -24 -66652
-16 20 -24 22 -55716
24 -16 18 -11 -74964
-1 0 0 0 -59676
17 -18 19 -13 -67192
-4 -9 -4 -11 -65476
-7 18 -9 15 -69844
-11 18 -12 12 -69304
20 1 24 5 -67438
16 24 20 19 -49602
-18 16 -18 19 -66830
2 8 0 7 -67396
9 -4 8 -6 -60630
15 -14 10 -12 -72398
15 20 15 22 -56442
3 -15 5 -13 -65082
7 -20 12 -16 -69894
21 -23 18 -21 -43694
16 22 13 24 -57990
-18 6 -15 7 -65544
-10 13 -9 14 -68892
-19 11 -17 9 -72918
14 20 13 24 -57804
10 22 7 18 -77346
23 24 -10 19 -69230
8 -4 9 -9 -59956
-6 12 -7 14 -71464
-16 -20 -20 -20 -70612
-20 -12 -22 -19 -74384
15 -10 15 -17 -71538
5 9 1 9 -65834
13 -7 12 -3 -59652
-24 -14 -22 -18 -54744
-9 3 -11 2 -64540
14 6 16 8 -70796
-3 -17 -4 -20 -77628
23 1 23 7 -62484
-11 -18 -12 -21 -67868
-20 -5 -21 -7 -69518
22 -22 24 -5 -70294
0 -1 1 -3 -61814
15 19 11 18 -67516
-15 23 -14 18 -67268
-5 0 -5 1 -62630
-14 0 -15 0 -62690
-10 23 -15 23 -54042
23 -17 24 -10 -60618
-20 -13 -10 -14 -91074
18 11 17 24 -62474
4 -24 8 -17 -77196
8 24 8 23 -30416
-19 11 -19 9 -66946
-6 9 -5 10 -66230
-8 19 -8 20 -79636
-8 2 -9 -1 -63606
8 7 8 5 -55112
-24 0 -24 6 -62228
-18 -21 -12 -24 -69222
-8 9 -5 10 -70918
21 15 17 8 -76916
8 -4 6 -5 -66484
0 24 3 22 -56686
0 -22 -6 -21 -73964
10 -14 10 -11 -72012
-2 -6 0 -7 -63984
20 -13 24 -13 -60352
-23 -11 -22 -6 -68290
-3 23 1 22 -60534
-16 -20 -17 -22 -82170
-2 -16 -3 -12 -66258
-9 -8 -13 -13 -81204
-22 0 -22 -3 -57814
-19 22 -17 24 -51176
21 -24 21 -23 -31010
-17 14 -19 16 -76398
-20 -1 -16 -3 -72926
12 20 15 15 -72506
11 16 10 18 -68714
-22 15 -23 23 -54962
-15 -3 -14 -5 -65892
-5 -10 -6 -13 -72924
-16 2 -17 3 -66384
12 -21 21 -23 -68194
19 -9 19 -5 -71066
-4 -12 -3 -12 -65390
-22 3 -23 7 -68518
-10 3 -9 1 -66614
12 9 13 8 -62716
-17 -21 -19 -19 -67856
-3 16 -1 13 -68286
-8 -11 -4 -10 -72302
-11 9 -9 11 -71776
23 -13 2 -2 -78280
-15 -16 -15 -15 -62566
18 -2 17 -5 -64042
-18 -3 -16 -2 -58112
14 2 16 0 -64710
-16 14 -16 13 -68394
-24 -8 -22 -12 -63340
-1 6 -1 0 -72150
-17 -11 -17 -13 -60864
0 -13 -1 -14 -65452
-12 11 -11 9 -64268
12 -5 9 -5 -62550
23 6 23 -17 -75902
7 23 4 23 -59178
23 21 24 -8 -62890
6 1 3 3 -67038
-24 9 -21 10 -57046
15 21 17 21 -61086
0 -22 -2 -20 -67628
11 16 11 20 -66614
0 22 0 19 -66162
-22 12 -20 10 -74996
-23 -16 -18 -23 -62048
24 -11 20 -7 -68562
-11 -22 -9 -24 -59484
-20 18 24 22 -69106
-23 -6 -21 -5 -59834
-24 6 -23 1 -66310
7 -13 14 -16 -79886
22 0 20 5 -69392
-1 -22 -4 -24 -61970
6 -13 4 -10 -68312
0 -1 0 -24 -75332
24 9 23 9 -39174
-2 0 -6 1 -61472
-10 -22 -24 -22 -72728
24 22 1 24 -68878
-13 7 -13 4 -59616
22 15 23 14 -50790
-11 4 -12 6 -62210
15 10 16 12 -65694
3 -1 2 -1 -64440
18 -9 23 -8 -74248
-20 7 -18 6 -60642
-8 5 -10 5 -66292
-2 -4 -1 -1 -66264
-5 -4 -5 -5 -64302
-14 7 -12 7 -61348
-6 5 -7 8 -64798
9 -3 9 0 -63162
10 17 12 21 -70104
-22 1 -23 1 -53338
0 -6 1 -4 -63274
16 -5 16 -9 -66926
-17 -10 -22 -10 -72112
-7 17 -6 23 -82392
11 -17 11 -14 -63750
-16 22 -14 17 -73530
3 0 2 5 -71850
19 0 20 0 -68762
15 -21 16 -19 -59242
-18 11 -16 12 -69968
1 -6 0 -6 -59020
0 -5 -20 6 -85676
-21 -18 -21 -14 -69462
1 8 1 10 -57216
-12 -12 -12 -15 -73702
5 -8 6 -6 -64342
-12 -18 -11 -15 -72914
