-12 24 -8 22 -66604
17 -5 17 0 -74290
3 12 8 14 -68796
-8 0 -9 -2 -76694
-13 -12 -12 -6 -74184
3 21 9 21 -66544
1 5 0 5 -68952
-13 -5 -16 -7 -61222
-6 24 -2 23 -54080
6 19 8 22 -54628
22 7 23 12 -50542
-21 -10 -24 -5 -73612
-16 -4 -16 0 -59748
-7 -1 -9 0 -76304
7 14 5 8 -76252
-23 6 -24 7 -60984
3 19 0 19 -64404
18 -17 -20 -23 -77942
8 24 16 24 -66518
0 10 -1 11 -68836
15 16 18 13 -58758
-18 7 -17 8 -66984
-1 10 1 12 -66970
-5 -23 -5 -22 -46518
16 -14 17 -21 -67464
-22 -7 -23 -3 -70284
18 -24 12 -19 -69262
18 24 -18 22 -73976
-22 -16 -18 -15 -61594
-21 21 -19 23 -48632
1 -12 2 -12 -69416
-15 -4 -12 -7 -68908
0 -16 3 -15 -79712
7 -21 8 -23 -65282
-13 8 -13 9 -63130
23 18 24 19 -31656
-21 -7 -22 -6 -70064
-23 -4 -23 -3 -63652
-2 22 -2 23 -47340
-4 -7 -5 -8 -74722
24 -1 20 0 -60472
-6 -15 -6 -12 -66874
-19 -7 -18 -4 -66918
11 16 12 14 -61378
-21 -21 -18 -18 -66054
0 -10 2 -14 -71446
-10 -3 -9 0 -70664
6 2 5 4 -64236
-6 -4 -5 -6 -69548
-2 18 -5 17 -63512
6 21 24 24 -72294
-20 12 -24 10 -64354
8 8 7 15 -66944
-23 -2 -21 -3 -66178
4 -23 6 -23 -61588
12 -21 5 -24 -71392
9 -9 9 -12 -65756
22 -24 22 -19 -58760
17 -9 15 -6 -69724
17 -5 13 -7 -63134
-24 -18 -24 -11 -57344
7 -18 8 -15 -69680
4 19 3 20 -66048
5 19 4 16 -63018
-4 12 -2 18 -70454
-8 -4 -9 -5 -73314
-12 11 -12 13 -59126
-10 11 -13 10 -70178
-6 -6 -9 -6 -75138
-14 17 -13 19 -62612
-24 -24 4 1 -70674
23 -3 -24 -9 -68334
0 8 -1 10 -70624
22 -3 20 -3 -65426
15 9 18 8 -67012
-5 22 -7 24 -57946
-4 3 -3 6 -73322
-7 -18 -7 -16 -68072
23 -3 24 -15 -66898
8 -23 8 -18 -68548
-7 -21 -7 -19 -66100
8 16 11 16 -58164
3 6 2 8 -77532
-21 -13 -18 -12 -66174
24 19 22 11 -50938
13 -7 15 -8 -64176
-7 7 -8 5 -68546
3 -21 4 -20 -69834
-1 15 3 18 -69634
8 -2 8 0 -63366
-17 18 -24 23 -68830
-6 15 -5 11 -74634
-8 24 -6 19 -67130
-3 18 -3 23 -62406
-21 12 -23 14 -67046
-3 -1 -3 0 -67152
12 -15 14 -13 -70374
-11 -9 4 -12 -89172
3 -16 0 -20 -79622
16 -1 7 -2 -74930
-4 2 -2 3 -62470
-19 -2 -22 -3 -67400
-22 21 16 22 -73018
7 16 5 17 -61166
17 -14 15 -15 -68642
24 -15 21 -16 -58996
-16 -22 -17 -23 -58874
-21 20 -22 19 -48510
-10 -11 -9 -6 -77942
-17 -18 -16 -19 -68922
-14 -21 -10 -24 -62150
17 5 14 7 -71448
11 -12 8 -10 -64920
19 -18 20 -22 -58034
-24 0 -23 2 -48806
-20 18 -19 17 -76562
15 -22 12 -21 -68066
12 14 17 16 -67030
-15 -9 -16 -7 -64854
-11 -23 -11 -21 -56638
6 3 0 0 -73434
-19 4 -22 0 -61274
-10 21 -8 21 -71756
22 4 20 4 -61028
-8 21 -3 17 -73438
-2 -19 -1 -24 -65290
17 -9 21 -8 -69368
23 2 22 0 -53334
14 11 14 5 -71938
9 -8 10 -8 -66278
10 0 8 1 -61778
24 7 22 11 -66388
7 12 9 1 -81974
16 1 15 0 -59476
4 -11 5 -11 -58550
16 0 10 0 -68888
5 -20 7 -20 -70486
16 -20 20 -18 -67574
20 -2 21 0 -59948
-24 13 -24 2 -62748
15 -22 12 -22 -64644
0 0 0 -1 -68960
-18 -23 -18 -21 -53802
-18 -23 24 -21 -71310
-20 20 -21 -16 -76300
-5 -24 1 -20 -74066
-1 -14 -4 -17 -75450
18 -10 17 -12 -65564
-17 -20 -19 -24 -61514
1 16 3 14 -67716
8 -20 14 -21 -73186
1 -7 5 -5 -68112
14 5 15 3 -67568
11 -11 12 -9 -66858
-9 -15 -8 -14 -71714
-17 -19 -16 -24 -64266
-7 -22 -9 -23 -57180
-1 -15 1 -17 -70402
-12 3 -16 -1 -63096
0 0 1 2 -68954
1 -21 5 -24 -58078
6 -21 6 -23 -57820
-3 9 -1 9 -74180
-24 20 -21 11 -74648
8 -15 11 -20 -70900
16 -2 17 -4 -67356
7 3 8 4 -64586
-6 18 -10 17 -75358
-13 2 -9 1 -75038
23 -16 22 -16 -53510
22 -15 21 -12 -66164
-24 14 -23 15 -48790
11 -20 15 -17 -72662
13 16 12 13 -60050
-6 18 -2 17 -69614
4 9 9 10 -66810
-7 12 -9 13 -72618
17 21 16 18 -60486
-13 -14 -17 -15 -61576
-16 -18 -16 -16 -66896
-11 4 -11 0 -64612
-4 -4 -6 -4 -71862
10 -22 5 -21 -77616
10 16 7 13 -61974
-5 20 -24 23 -69334
10 11 10 6 -70338
8 -24 5 -21 -66978
18 19 21 23 -63828
-22 22 -24 8 -67354
-17 17 -15 12 -72972
-1 -5 0 -6 -72580
22 -24 0 -24 -66068
-17 15 -24 15 -71846
11 5 8 6 -63248
20 7 -20 6 -73634
11 -16 11 -23 -68222
22 -19 21 -20 -54426
10 9 12 10 -66978
-10 23 -9 18 -66516
17 -13 17 -8 -67086
-24 11 -22 8 -67084
19 1 17 1 -58744
-14 -2 -17 1 -75258
16 -15 14 -14 -63510
-13 15 -9 13 -64860
24 4 21 8 -65492
-24 5 -24 6 -58038
-11 19 -14 18 -61724
21 6 24 -20 -72344
-7 -9 -8 -7 -74704
21 11 23 10 -67408
-24 -9 -18 -10 -66818
11 23 8 23 -55134
6 -9 5 -11 -64916
-4 24 16 24 -69068
24 -3 22 -8 -57288
12 -14 7 -16 -71842
20 16 16 13 -64768
0 -23 4 -21 -63724
-21 24 -21 17 -50596
-3 21 1 23 -60104
-2 -21 2 -21 -69372
-21 -8 -11 -7 -72432
0 -3 1 -6 -70582
0 0 0 1 -69442
-24 11 -22 16 -60872
-9 -19 -11 -17 -74734
-4 -24 -24 -21 -68004
15 23 9 22 -68446
-4 7 -4 5 -75244
-10 -15 -14 -15 -70246
19 19 23 12 -58282
-12 -24 -19 -23 -64572
0 -20 2 -24 -58440
-7 23 -11 23 -67904
21 -9 18 -6 -72748
22 -4 21 -11 -69320
-7 -21 -4 -18 -72058
-24 -24 -20 -15 -48782
-17 16 -19 16 -69202
21 8 24 10 -48606
-12 24 -20 24 -52916
24 -6 22 -8 -53312
14 10 14 15 -58126
-8 14 -9 21 -66044
-23 -23 -24 -9 -65706
-3 10 -4 10 -70198
-16 6 -19 9 -71514
-24 -8 -24 -14 -54426
6 0 6 -6 -70886
-15 -20 -16 -23 -65290
-22 -17 -21 -19 -53854
-23 -9 -24 17 -70452
3 -3 4 -1 -68006
13 -24 -15 -24 -67576
3 -10 3 -8 -62500
24 -15 22 -22 -57000
2 16 2 18 -60598
-21 -2 -23 0 -65106
-17 4 -17 6 -55406
5 -5 8 -6 -64412
-8 -19 -9 -17 -74078
20 24 16 19 -66438
-24 5 -22 -22 -68082
-19 13 -19 19 -73072
-11 -5 -9 -5 -74766
3 7 5 6 -65674
-9 -19 -10 -19 -66920
-23 6 -21 6 -59058
4 -18 4 -16 -60006
10 7 12 7 -65754
23 -20 23 -21 -51714
18 -21 16 -20 -62998
1 6 0 5 -73580
1 13 1 16 -68120
-24 -5 -24 -3 -60966
-12 -21 -12 -20 -69438
-17 -13 -18 -10 -62932
-7 3 -7 4 -64488
21 11 24 8 -73336
-12 -13 -14 -13 -64840
-2 20 0 21 -64490
0 24 1 22 -52206
-9 -24 23 -21 -73692
8 3 8 4 -64390
-12 -1 -12 -6 -61402
1 14 0 12 -70606
-2 -17 -3 -17 -74120
-10 -1 -8 -2 -77206
-19 2 -18 0 -65226
19 10 20 4 -72812
16 -22 19 -20 -61996
23 18 21 9 -56780
-13 14 -18 12 -66666
-23 15 -24 19 -55746
-7 -7 -7 -6 -68912
-12 -13 -12 -12 -69562
11 19 9 24 -54480
23 -11 24 -13 -53162
13 -15 15 -22 -71882
22 2 23 11 -62398
14 -3 14 1 -64796
-13 -16 -13 -20 -76370
17 11 20 13 -58920
-6 13 -5 13 -67922
2 -18 2 -21 -63458
-2 -21 -2 -20 -63300
-3 -19 -6 -18 -69284
-13 -7 -12 -11 -70900
-12 -14 -10 -13 -69990
19 -2 21 -6 -68640
17 6 17 9 -67386
-13 10 -14 7 -69096
23 14 17 17 -60594
20 -16 23 -11 -69400
2 13 2 11 -64986
16 4 16 3 -56882
19 1 20 -2 -65702
10 -11 10 -16 -73424
24 13 -24 -21 -69204
10 4 9 1 -65894
24 6 24 -4 -55324
15 -12 18 -11 -65902
-21 -8 -22 -12 -64932
6 7 7 11 -72678
23 -23 23 -22 -43626
-5 -11 -6 -8 -73310
1 7 2 6 -76148
7 -4 -7 18 -92064
-22 11 -22 7 -61160
-7 -23 -9 -23 -61230
22 -10 20 -9 -69528
4 17 5 22 -60714
0 -8 0 -10 -61048
-12 23 -11 21 -56328
2 5 2 6 -67528
-20 -8 -20 -9 -63364
3 -12 3 -15 -69480
12 2 12 0 -60300
-20 23 -19 22 -46196
-1 -6 -2 -7 -73732
-1 7 -3 7 -74694
-4 24 -14 20 -69120
-15 23 -18 21 -56932
-2 -17 -2 -18 -59538
15 8 11 6 -70446
-11 -12 -9 -15 -69706
16 24 19 24 -60554
-7 -16 -8 -17 -70972
-4 12 -4 10 -60174
4 20 2 22 -67454
-9 -22 -4 -24 -62660
-16 20 -24 22 -64136
24 -16 18 -11 -75020
-1 0 0 0 -65502
17 -18 19 -13 -66516
-4 -9 -4 -11 -70976
-7 18 -9 15 -70266
-11 18 -12 12 -66178
20 1 24 5 -62246
16 24 20 19 -47722
-18 16 -18 19 -67238
2 8 0 7 -71806
9 -4 8 -6 -69016
15 -14 10 -12 -67090
15 20 15 22 -53960
3 -15 5 -13 -71272
7 -20 12 -16 -76498
21 -23 18 -21 -45292
16 22 13 24 -57356
-18 6 -15 7 -66642
-10 13 -9 14 -70550
-19 11 -17 9 -74004
14 20 13 24 -52952
11 -18 -16 3 -88676
23 24 -10 19 -72820
8 -4 9 -9 -64394
-6 12 -7 14 -73364
-16 -20 -20 -20 -67922
-20 -12 -22 -19 -70592
15 -10 15 -17 -70030
5 9 1 9 -67596
13 -7 12 -3 -63260
-24 -14 -22 -18 -53788
-9 3 -11 2 -70914
14 6 16 8 -65894
0 -15 1 -12 -77542
23 1 23 7 -56714
-11 -18 -12 -21 -70406
-20 -5 -21 -7 -69204
22 -22 24 -5 -68402
0 -1 1 -3 -67526
15 19 11 18 -66258
-15 23 -14 18 -65336
-5 0 -5 1 -64936
-14 0 -15 0 -61118
-10 23 -15 23 -57540
23 -17 24 -10 -59280
-11 -7 -10 -7 -67886
18 11 17 24 -58466
12 24 23 24 -68152
8 24 8 23 -26386
-19 11 -19 9 -62800
-6 9 -5 10 -69188
-8 19 -8 20 -59678
-8 2 -9 -1 -73322
8 7 8 5 -65326
-24 0 -24 6 -62004
-18 -21 -12 -24 -65744
-8 9 -5 10 -74524
-6 -17 9 -18 -88238
8 -4 6 -5 -67148
0 24 3 22 -60374
0 -22 -6 -21 -72562
10 -14 10 -11 -69234
-2 -6 0 -7 -74912
20 -13 24 -13 -65630
-23 -11 -22 -6 -65348
-3 23 1 22 -62682
9 -20 8 -22 -64312
-2 -16 -3 -12 -70804
19 20 21 21 -58958
-22 0 -22 -3 -56138
-19 22 -17 24 -50650
21 -24 21 -23 -31694
-17 14 -19 16 -78220
-20 -1 -16 -3 -73294
12 20 15 15 -71524
11 16 10 18 -66648
-22 15 -23 23 -59926
-15 -3 -14 -5 -67580
-5 -10 -6 -13 -74608
-16 2 -17 3 -66972
12 -21 21 -23 -69222
19 -9 19 -5 -69898
-4 -12 -3 -12 -69750
-22 3 -23 7 -70530
-10 3 -9 1 -70324
12 9 13 8 -63202
-17 -21 -19 -19 -67208
-3 16 -1 13 -71982
-8 -11 -4 -10 -68802
-11 9 -9 11 -72518
-8 -9 -8 -11 -74450
-15 -16 -15 -15 -64322
18 -2 17 -5 -67844
-18 -3 -16 -2 -58528
14 2 16 0 -64630
-16 14 -16 13 -61766
-24 -8 -22 -12 -61708
3 -1 -3 -21 -84382
-17 -11 -17 -13 -58490
0 -13 -1 -14 -79614
-12 11 -11 9 -64550
12 -5 9 -5 -67792
23 6 23 -17 -73930
7 23 4 23 -56500
23 21 24 -8 -61548
9 -9 12 -4 -75594
-24 9 -21 10 -57926
15 21 17 21 -63482
0 -22 -2 -20 -67596
11 16 11 20 -62712
0 22 0 19 -59180
-22 12 -20 10 -75570
-23 -16 -18 -23 -61110
24 -11 20 -7 -69142
-11 -22 -9 -24 -56532
-20 18 24 22 -71274
-23 -6 -21 -5 -59264
-24 6 -23 1 -66662
19 10 18 11 -65394
22 0 20 5 -65998
-1 -22 -4 -24 -61530
6 -13 4 -10 -67278
13 -21 6 -22 -77232
24 9 23 9 -41692
-2 0 -6 1 -63930
-10 -22 -24 -22 -69826
24 22 1 24 -68420
-13 7 -13 4 -60934
22 15 23 14 -51198
-11 4 -12 6 -63330
15 10 16 12 -59146
3 -1 2 -1 -61456
18 -9 23 -8 -71992
-20 7 -18 6 -68246
-8 5 -10 5 -71080
-2 -4 -1 -1 -68742
-5 -4 -5 -5 -68564
-14 7 -12 7 -61344
-6 5 -7 8 -68374
9 -3 9 0 -63234
10 17 12 21 -62592
-22 1 -23 1 -53522
0 -6 1 -4 -66590
16 -5 16 -9 -69390
-17 -10 -22 -10 -71146
-3 -5 -2 -5 -69280
11 -17 11 -14 -66402
-16 22 -14 17 -72860
3 0 2 5 -71182
19 0 20 0 -65354
15 -21 16 -19 -61356
-18 11 -16 12 -69250
1 -6 0 -6 -65040
1 -14 -2 -13 -78218
-21 -18 -21 -14 -66180
1 8 1 10 -61124
-12 -12 -12 -15 -72300
5 -8 6 -6 -65946
-12 -18 -11 -15 -73510
