-12 24 -8 22 -67640
17 -5 17 0 -75302
3 12 8 14 -72138
7 -9 8 -10 -61950
-13 -12 -12 -6 -69938
3 21 9 21 -68998
1 5 0 5 -62850
-13 -5 -16 -7 -64880
-6 24 -2 23 -50010
6 19 8 22 -63138
22 7 23 12 -49904
-21 -10 -24 -5 -75812
-16 -4 -16 0 -58896
0 -11 -1 -9 -73304
11 14 13 13 -68632
-23 6 -24 7 -63240
-9 2 -14 -16 -87680
-8 9 -8 5 -67470
8 24 16 24 -65232
0 10 -1 11 -64418
15 16 18 13 -79576
-18 7 -17 8 -65318
-1 10 1 12 -64262
-5 -23 -5 -22 -46624
16 -14 17 -21 -65374
-22 -7 -23 -3 -67308
18 -24 12 -19 -69300
18 24 -18 22 -73544
-22 -16 -18 -15 -63160
-21 21 -19 23 -47528
1 -12 2 -12 -65214
-15 -4 -12 -7 -65708
-21 8 -24 8 -71498
7 -21 8 -23 -60432
-13 8 -13 9 -62336
23 18 24 19 -31236
-21 -7 -22 -6 -71916
-23 -4 -23 -3 -62076
-2 22 -2 23 -52930
-4 -7 -5 -8 -70816
24 -1 20 0 -59458
-6 -15 -6 -12 -65804
-19 -7 -18 -4 -58416
11 16 12 14 -65388
-21 -21 -18 -18 -66466
-2 -11 -6 -9 -75114
-10 -3 -9 0 -64410
6 2 5 4 -64608
-6 -4 -5 -6 -72006
-2 18 -5 17 -61818
-12 22 -8 24 -67122
-20 12 -24 10 -66872
8 8 7 15 -66028
-23 -2 -21 -3 -68612
4 -23 6 -23 -62088
12 -21 5 -24 -64454
2 -19 1 -16 -70508
22 -24 22 -19 -60108
14 1 15 1 -69664
17 -5 13 -7 -66490
-24 -18 -24 -11 -61792
7 -18 8 -15 -62112
4 19 3 20 -69522
5 19 4 16 -64020
-4 12 -2 18 -74460
-8 -4 -9 -5 -66856
-12 11 -12 13 -56912
-10 11 -13 10 -66136
13 3 10 0 -77592
-14 17 -13 19 -63586
-24 -24 4 1 -68408
23 -3 -24 -9 -68076
0 8 -1 10 -67462
22 -3 20 -3 -64464
15 9 18 8 -76146
-5 22 -7 24 -54796
23 10 9 11 -87148
-7 -18 -7 -16 -67870
23 -3 24 -15 -69322
8 -23 8 -18 -64500
-7 -21 -7 -19 -65780
8 16 11 16 -61156
3 6 2 8 -72086
-21 -13 -18 -12 -66892
24 19 22 11 -56288
13 -7 15 -8 -65894
-7 7 -8 5 -64880
3 -21 4 -20 -68036
-8 -7 -9 -1 -68956
8 -2 8 0 -72800
-17 18 -24 23 -65932
-6 15 -5 11 -73058
-8 24 -6 19 -67608
-3 18 -3 23 -71704
-21 12 -23 14 -62436
-3 -1 -3 0 -64118
12 -15 14 -13 -70052
6 22 5 18 -63274
2 19 3 19 -63948
-24 1 -24 0 -53158
-4 2 -2 3 -62768
-19 -2 -22 -3 -69186
-22 21 16 22 -73324
7 16 5 17 -65012
17 -14 15 -15 -69608
24 -15 21 -16 -57708
-16 -22 -17 -23 -59152
-21 20 -22 19 -45044
14 -15 16 -20 -66612
-17 -18 -16 -19 -73820
-14 -21 -10 -24 -61650
9 7 -8 -6 -87566
8 1 8 0 -70066
19 -18 20 -22 -57496
-24 0 -23 2 -57404
-20 18 -19 17 -70042
15 -22 12 -21 -68186
12 14 17 16 -75420
-15 -9 -16 -7 -63904
-11 -23 -11 -21 -56010
17 9 13 9 -80466
-1 -8 3 -3 -74316
-10 21 -8 21 -74660
22 4 20 4 -62782
-8 18 -8 15 -67106
-2 -19 -1 -24 -68550
17 -9 21 -8 -68174
23 2 22 0 -54526
0 5 0 2 -58230
9 -8 10 -8 -57258
10 0 8 1 -61140
24 7 22 11 -65954
-18 -13 -12 -16 -75312
16 1 15 0 -67002
4 -11 5 -11 -61000
16 0 10 0 -72138
5 -20 7 -20 -67010
16 -20 20 -18 -66426
20 -2 21 0 -61120
-24 13 -24 2 -62640
15 -22 12 -22 -64374
0 0 0 -1 -65824
-18 -23 -18 -21 -54244
-18 -23 24 -21 -63236
-20 20 -21 -16 -77346
-5 -24 1 -20 -70620
-1 -14 -4 -17 -67496
18 -10 17 -12 -63542
-17 -20 -19 -24 -61936
1 16 3 14 -70014
8 -20 14 -21 -64334
12 9 5 -12 -90910
14 5 15 3 -68428
11 -11 12 -9 -61036
-9 -15 -8 -14 -72186
-17 -19 -16 -24 -65560
-7 -22 -9 -23 -54674
-1 -15 1 -17 -71568
-12 3 -16 -1 -67432
4 -5 0 -6 -68040
1 -21 5 -24 -61404
6 -21 6 -23 -58262
-3 15 -1 13 -68106
-24 20 -21 11 -72986
1 23 -1 19 -68480
16 -2 17 -4 -67314
7 3 8 4 -69488
-6 18 -10 17 -75048
-13 2 -9 1 -71300
23 -16 22 -16 -50752
22 -15 21 -12 -63566
-24 14 -23 15 -47918
11 -20 15 -17 -66960
13 16 12 13 -66334
-6 18 -2 17 -64392
4 9 9 10 -69052
-7 12 -9 13 -70278
17 21 16 18 -62060
-13 -14 -17 -15 -66394
-16 -18 -16 -16 -67512
-11 4 -11 0 -65780
-4 -4 -6 -4 -66996
-11 7 -13 -8 -79168
10 16 7 13 -64414
-5 20 -24 23 -67252
10 11 10 6 -66418
8 -24 5 -21 -61558
18 19 21 23 -62742
-22 22 -24 8 -67986
-17 17 -15 12 -68442
-1 -5 0 -6 -66808
22 -24 0 -24 -60778
-2 15 -1 21 -70990
11 5 8 6 -63388
20 7 -20 6 -76982
11 -16 11 -23 -59212
22 -19 21 -20 -55804
10 9 12 10 -69724
-10 23 -9 18 -69510
12 -9 15 -12 -67860
-24 11 -22 8 -66446
19 1 17 1 -59938
-14 -2 -17 1 -75912
16 -15 14 -14 -66192
-13 15 -9 13 -64592
24 4 21 8 -67140
-24 5 -24 6 -58916
-11 19 -14 18 -61252
21 6 24 -20 -74156
-7 -9 -8 -7 -69304
21 11 23 10 -68292
-24 -9 -18 -10 -67372
11 23 8 23 -57344
6 -9 5 -11 -65634
-4 24 16 24 -68188
24 -3 22 -8 -56898
11 -20 5 -17 -68654
20 16 16 13 -66036
0 -23 4 -21 -61814
-21 24 -21 17 -50540
-3 21 1 23 -61052
-2 -21 2 -21 -63730
20 13 18 24 -66282
0 -7 24 -19 -73166
0 0 0 1 -65458
-24 11 -22 16 -60244
-9 -19 -11 -17 -72702
-4 -24 -24 -21 -68246
15 23 9 22 -70770
16 15 18 12 -80252
-10 -15 -14 -15 -73112
19 19 23 12 -78336
-12 -24 -19 -23 -64384
0 -20 2 -24 -63588
-7 23 -11 23 -72156
21 -9 18 -6 -67354
22 -4 21 -11 -70614
-7 -21 -4 -18 -71584
-24 -24 -20 -15 -50632
-17 16 -19 16 -60028
21 8 24 10 -49302
-12 24 -20 24 -52376
24 -6 22 -8 -53754
14 10 14 15 -65650
-8 14 -9 21 -73926
-23 -23 -24 -9 -69202
-3 10 -4 10 -68322
-16 6 -19 9 -72364
-24 -8 -24 -14 -70242
6 0 6 -6 -71556
-15 -20 -16 -23 -65506
-22 -17 -21 -19 -54780
-23 -9 -24 17 -69816
3 -3 4 -1 -64994
13 -24 -15 -24 -59778
3 -10 3 -8 -71410
24 -15 22 -22 -65446
2 16 2 18 -63416
-21 -2 -23 0 -68368
-17 4 -17 6 -56214
5 -5 8 -6 -66206
-8 -19 -9 -17 -72676
20 24 16 19 -65430
-24 5 -22 -22 -70488
-19 13 -19 19 -72220
-11 -5 -9 -5 -67236
3 7 5 6 -63710
-9 -19 -10 -19 -65798
-23 6 -21 6 -69330
4 -18 4 -16 -60226
10 7 12 7 -71234
23 -20 23 -21 -54066
18 -21 16 -20 -62416
1 6 0 5 -65566
1 13 1 16 -67350
-24 -5 -24 -3 -58590
-12 -21 -12 -20 -68808
-17 -13 -18 -10 -65366
-7 3 -7 4 -60436
21 11 24 8 -73594
-12 -13 -14 -13 -69592
-2 20 0 21 -63904
0 24 1 22 -53136
12 4 12 7 -65000
8 3 8 4 -70658
0 -10 1 -5 -80920
1 14 0 12 -67044
-2 -17 -3 -17 -69502
-10 -1 -8 -2 -63008
-19 2 -18 0 -67226
19 10 20 4 -69450
16 -22 19 -20 -59840
23 18 21 9 -60524
-13 14 -18 12 -66620
-23 15 -24 19 -55436
-7 -7 -7 -6 -70092
-12 -13 -12 -12 -68542
11 19 9 24 -56982
23 -11 24 -13 -52288
5 -22 4 -23 -60484
22 2 23 11 -63276
14 -3 14 1 -69732
-13 -16 -13 -20 -75678
17 11 20 13 -62052
-6 13 -5 13 -70214
2 -18 2 -21 -67112
-2 -21 -2 -20 -66848
-3 -19 -6 -18 -69004
-13 -7 -12 -11 -66750
-12 -14 -10 -13 -71396
19 -2 21 -6 -64654
17 6 17 9 -61084
-13 10 -14 7 -67834
23 14 17 17 -72622
-19 3 -23 0 -70624
2 13 2 11 -62064
16 4 16 3 -60006
19 1 20 -2 -67542
10 -11 10 -16 -69164
24 13 -24 -21 -69832
10 4 9 1 -77948
24 6 24 -4 -57954
15 -12 18 -11 -66460
-21 -8 -22 -12 -70918
6 7 7 11 -66274
23 -23 23 -22 -43310
-6 2 -1 -21 -87942
1 3 2 1 -64780
-1 -14 1 -14 -68026
-22 11 -22 7 -60824
-7 -23 -9 -23 -59432
22 -10 20 -9 -65742
11 4 11 22 -79572
0 -8 0 -10 -74278
-12 23 -11 21 -56988
2 5 2 6 -68122
-20 -8 -20 -9 -63618
3 -12 3 -15 -63282
12 2 12 0 -71768
-20 23 -19 22 -45494
-1 -6 -2 -7 -72732
-1 7 -3 7 -65230
-24 -10 -24 -13 -63664
-15 23 -18 21 -56324
-2 -17 -2 -18 -63236
15 8 11 6 -79020
-11 -12 -9 -15 -67548
16 24 19 24 -59162
-7 -16 -8 -17 -71534
-4 12 -4 10 -60248
4 20 2 22 -69916
-9 -22 -4 -24 -61452
-16 20 -24 22 -60196
-8 1 4 3 -81176
-3 11 -8 10 -78296
17 -18 19 -13 -67208
-4 -9 -4 -11 -70010
-7 18 -9 15 -76578
-11 18 -12 12 -67516
20 1 24 5 -63294
16 24 20 19 -60016
-18 16 -18 19 -67002
2 8 0 7 -68274
9 -4 8 -6 -61394
15 -14 10 -12 -68244
15 20 15 22 -59754
3 -15 5 -13 -66050
15 23 19 16 -73590
21 -23 18 -21 -42214
16 22 13 24 -57922
-18 6 -15 7 -67720
-10 13 -9 14 -65400
-19 11 -17 9 -71458
14 20 13 24 -57630
18 -13 18 -11 -64644
23 24 -10 19 -66258
8 -4 9 -9 -63692
-6 12 -7 14 -71804
-16 -20 -20 -20 -70178
-20 -12 -22 -19 -72694
15 -10 15 -17 -70956
5 9 1 9 -69020
13 -7 12 -3 -61720
-24 -14 -22 -18 -54034
-9 3 -11 2 -66706
14 6 16 8 -72456
0 -15 1 -12 -63674
23 1 23 7 -59580
-11 -18 -12 -21 -68916
-2 9 -19 9 -82584
22 -22 24 -5 -71554
0 -1 1 -3 -59772
15 19 11 18 -71872
-15 23 -14 18 -66642
-5 0 -5 1 -62562
-14 0 -15 0 -66180
-10 23 -15 23 -59618
23 -17 24 -10 -60356
-11 -7 -10 -7 -64300
-4 -2 -1 -14 -92474
12 24 23 24 -62990
8 24 8 23 -29194
-19 11 -19 9 -62274
-6 9 -5 10 -64680
-8 19 -8 20 -65152
-8 2 -9 -1 -67536
8 7 8 5 -66112
-24 0 -24 6 -67260
-18 -21 -12 -24 -66288
-12 -3 -19 -5 -75152
-10 21 -8 23 -64008
8 -4 6 -5 -63784
0 24 3 22 -59210
0 -22 -6 -21 -69748
10 -14 10 -11 -63350
-2 -6 0 -7 -73388
20 -13 24 -13 -61044
-23 -11 -22 -6 -66370
-3 23 1 22 -59250
9 -20 8 -22 -59600
-2 -16 -3 -12 -69916
19 20 21 21 -55972
-22 0 -22 -3 -61752
-19 22 -17 24 -49182
21 -24 21 -23 -30354
14 -14 -23 -15 -70466
-20 -1 -16 -3 -72730
23 -19 24 -17 -55808
11 16 10 18 -64266
-22 15 -23 23 -59782
-15 -3 -14 -5 -61308
-5 -10 -6 -13 -68152
-16 2 -17 3 -69294
12 -21 21 -23 -69268
19 -9 19 -5 -65836
-4 -12 -3 -12 -70052
-22 3 -23 7 -71264
-10 3 -9 1 -67120
12 9 13 8 -68476
-17 -21 -19 -19 -69932
6 -21 0 -18 -72262
-8 -11 -4 -10 -62864
3 1 7 -3 -67812
-8 -9 -8 -11 -65784
-15 -16 -15 -15 -65818
18 -2 17 -5 -68744
-18 -3 -16 -2 -63828
14 2 16 0 -69444
-16 14 -16 13 -59352
-24 -8 -22 -12 -69608
22 14 21 17 -65850
-17 -11 -17 -13 -60902
0 -11 2 -13 -70666
-12 11 -11 9 -64866
12 -5 9 -5 -61474
23 6 23 -17 -76454
7 23 4 23 -58486
23 21 24 -8 -61692
0 14 7 14 -74870
-24 9 -21 10 -66844
15 21 17 21 -63760
0 -22 -2 -20 -68072
11 16 11 20 -65478
0 22 0 19 -69196
-22 12 -20 10 -71700
-23 -16 -18 -23 -62706
24 -11 20 -7 -66256
-11 -22 -9 -24 -56112
-20 18 24 22 -67452
-23 -6 -21 -5 -56580
-24 6 -23 1 -69628
19 10 18 11 -69530
22 0 20 5 -69054
-1 -22 -4 -24 -59724
6 -13 4 -10 -67648
13 -21 6 -22 -65850
24 9 23 9 -42998
-2 0 -6 1 -63204
-10 -22 -24 -22 -70964
12 -10 14 -9 -68552
-13 7 -13 4 -63754
22 15 23 14 -60000
-11 4 -12 6 -66598
15 10 16 12 -61532
3 -1 2 -1 -55398
18 -9 23 -8 -69458
-20 7 -18 6 -68668
-8 5 -10 5 -65118
8 20 13 24 -67600
-5 -4 -5 -5 -68254
-14 7 -12 7 -64882
-6 5 -7 8 -68096
9 -3 9 0 -71614
10 17 12 21 -71394
-22 1 -23 1 -58432
0 7 0 6 -69920
16 -5 16 -9 -59730
-17 -10 -22 -10 -69174
-3 -5 -2 -5 -66426
11 -17 11 -14 -62250
-16 22 -14 17 -72516
7 21 8 0 -81146
19 0 20 0 -65992
15 -21 16 -19 -56790
-18 11 -16 12 -67772
1 -6 0 -6 -66844
22 -13 23 -9 -64942
-21 -18 -21 -14 -66968
1 8 1 10 -61150
-12 -12 -12 -15 -72052
5 -8 6 -6 -65088
-12 -18 -11 -15 -72836
