-12 24 -8 22 -68192
17 -5 17 0 -75020
3 12 8 14 -70554
7 -9 8 -10 -62450
-13 -12 -12 -6 -71008
3 21 9 21 -69040
1 5 0 5 -65772
-13 -5 -16 -7 -66884
-6 24 -2 23 -50276
6 19 8 22 -64274
22 7 23 12 -51370
-21 -10 -24 -5 -76054
-16 -4 -16 0 -55560
0 -11 -1 -9 -68450
11 14 13 13 -70070
-23 6 -24 7 -64270
5 8 8 8 -71172
-8 9 -8 5 -66454
8 24 16 24 -64660
0 10 -1 11 -66044
15 16 18 13 -73008
-18 7 -17 8 -68180
-1 10 1 12 -66792
-5 -23 -5 -22 -46462
16 -14 17 -21 -67064
-22 -7 -23 -3 -67878
18 -24 12 -19 -69684
18 24 -18 22 -75370
-22 -16 -18 -15 -62466
-21 21 -19 23 -47598
1 -12 2 -12 -63710
-15 -4 -12 -7 -67620
-21 8 -24 8 -70946
7 -21 8 -23 -60454
-13 8 -13 9 -64984
23 18 24 19 -30760
-21 -7 -22 -6 -71798
-23 -4 -23 -3 -62294
-2 22 -2 23 -52824
-4 -7 -5 -8 -66882
24 -1 20 0 -61106
-6 -15 -6 -12 -65184
-19 -7 -18 -4 -59204
11 16 12 14 -65134
-21 -21 -18 -18 -66046
-2 -11 -6 -9 -70916
-10 -3 -9 0 -58602
6 2 5 4 -64974
-6 -4 -5 -6 -66788
-2 18 -5 17 -61280
-12 22 -8 24 -67168
-20 12 -24 10 -67190
8 8 7 15 -62684
-23 -2 -21 -3 -68390
4 -23 6 -23 -59540
12 -21 5 -24 -65976
2 -19 1 -16 -67708
22 -24 22 -19 -61000
14 1 15 1 -71028
17 -5 13 -7 -74024
-24 -18 -24 -11 -62290
7 -18 8 -15 -68592
4 19 3 20 -67884
5 19 4 16 -63360
-4 12 -2 18 -74400
-8 -4 -9 -5 -63260
-12 11 -12 13 -57380
-10 11 -13 10 -64128
13 0 11 0 -72416
-14 17 -13 19 -62820
-24 -24 4 1 -67146
23 -3 -24 -9 -78948
0 8 -1 10 -67028
22 -3 20 -3 -66568
15 9 18 8 -70880
-5 22 -7 24 -54632
23 19 -1 13 -75448
-7 -18 -7 -16 -66170
23 -3 24 -15 -66918
8 -23 8 -18 -64170
-7 -21 -7 -19 -65540
8 16 11 16 -69286
3 6 2 8 -71122
-21 -13 -18 -12 -66686
24 19 22 11 -53960
13 -7 15 -8 -68664
-7 7 -8 5 -62706
3 -21 4 -20 -66882
-8 -7 -9 -1 -63776
8 -2 8 0 -79838
-17 18 -24 23 -65758
-6 15 -5 11 -73864
-8 24 -6 19 -66680
-3 18 -3 23 -71196
-21 12 -23 14 -61540
-3 -1 -3 0 -62592
12 -15 14 -13 -73204
6 22 5 18 -64110
2 19 3 19 -60382
-24 1 -24 0 -52792
-4 2 -2 3 -55276
-19 -2 -22 -3 -69866
-22 21 16 22 -74506
7 16 5 17 -61756
17 -14 15 -15 -71942
24 -15 21 -16 -62470
-16 -22 -17 -23 -58998
-21 20 -22 19 -45610
14 -15 16 -20 -67802
-17 -18 -16 -19 -73850
-14 -21 -10 -24 -61626
-12 -12 -8 -7 -77232
8 1 8 0 -69884
19 -18 20 -22 -58826
-24 0 -23 2 -56938
-20 18 -19 17 -70202
15 -22 12 -21 -69322
12 14 17 16 -73474
-15 -9 -16 -7 -63964
-11 -23 -11 -21 -56338
17 9 13 9 -71960
-1 -8 3 -3 -65680
-10 21 -8 21 -75402
22 4 20 4 -66734
-8 18 -8 15 -66862
-2 -19 -1 -24 -67360
17 -9 21 -8 -73004
23 2 22 0 -54170
0 5 0 2 -57306
9 -8 10 -8 -61398
10 0 8 1 -66102
24 7 22 11 -66656
-18 -13 -12 -16 -76000
16 1 15 0 -61986
4 -11 5 -11 -61178
16 0 10 0 -80966
5 -20 7 -20 -65078
16 -20 20 -18 -67784
20 -2 21 0 -59476
-24 13 -24 2 -64918
15 -22 12 -22 -65186
0 0 0 -1 -66798
-18 -23 -18 -21 -54374
-18 -23 24 -21 -65472
-20 20 -21 -16 -79042
-5 -24 1 -20 -71306
-1 -14 -4 -17 -66270
18 -10 17 -12 -69324
-17 -20 -19 -24 -61872
1 16 3 14 -68442
8 -20 14 -21 -67676
-16 19 -18 0 -79936
14 5 15 3 -69482
11 -11 12 -9 -63056
24 9 17 8 -70166
-17 -19 -16 -24 -65428
-7 -22 -9 -23 -54060
-1 -15 1 -17 -70720
-12 3 -16 -1 -67744
4 -5 0 -6 -66992
1 -21 5 -24 -54882
6 -21 6 -23 -57724
-3 15 -1 13 -67636
-24 20 -21 11 -72032
1 23 -1 19 -67982
16 -2 17 -4 -67908
7 3 8 4 -65850
-6 18 -10 17 -75406
-13 2 -9 1 -74344
23 -16 22 -16 -53446
22 -15 21 -12 -62140
-24 14 -23 15 -49240
11 -20 15 -17 -69926
13 16 12 13 -64420
-6 18 -2 17 -64202
4 9 9 10 -76908
-7 12 -9 13 -69914
17 21 16 18 -62470
-13 -14 -17 -15 -67220
-16 -18 -16 -16 -67400
-11 4 -11 0 -62492
-4 -4 -6 -4 -63096
18 -20 -20 -1 -83684
10 16 7 13 -67528
-5 20 -24 23 -67732
10 11 10 6 -62530
8 -24 5 -21 -61122
18 19 21 23 -63172
-22 22 -24 8 -69644
-17 17 -15 12 -69926
-1 -5 0 -6 -64488
22 -24 0 -24 -63142
-2 15 -1 21 -70474
11 5 8 6 -67332
24 7 -20 19 -76476
11 -16 11 -23 -60172
22 -19 21 -20 -57196
10 9 12 10 -68562
-10 23 -9 18 -68962
12 -9 15 -12 -69942
-24 11 -22 8 -67126
19 1 17 1 -60684
-14 -2 -17 1 -75266
16 -15 14 -14 -67502
-13 15 -9 13 -65016
24 4 21 8 -66420
-24 5 -24 6 -59774
-11 19 -14 18 -61282
21 6 24 -20 -61962
-7 -9 -8 -7 -65510
21 11 23 10 -70194
-24 -9 -18 -10 -67044
11 23 8 23 -58998
6 -9 5 -11 -62310
-4 24 16 24 -68542
24 -3 22 -8 -56240
11 -20 5 -17 -67870
20 16 16 13 -68648
0 -23 4 -21 -59572
-21 24 -21 17 -50428
-3 21 1 23 -60278
-2 -21 2 -21 -62390
20 13 18 24 -62420
23 -16 -4 -19 -73364
0 0 0 1 -64418
-24 11 -22 16 -61288
-9 -19 -11 -17 -73570
-4 -24 -24 -21 -68348
15 23 9 22 -70792
16 15 18 12 -73506
-10 -15 -14 -15 -74096
19 -1 -22 -8 -83510
-12 -24 -19 -23 -65018
0 -20 2 -24 -59488
-7 23 -11 23 -72442
21 -9 18 -6 -68138
22 -4 21 -11 -70842
-7 -21 -4 -18 -69306
-24 -24 -20 -15 -50412
-17 16 -19 16 -60816
21 8 24 10 -53618
-12 24 -20 24 -52136
24 -6 22 -8 -54960
14 10 14 15 -63520
-8 14 -9 21 -74020
-23 -23 -24 -9 -69382
-3 10 -4 10 -67028
-16 6 -19 9 -71916
-24 -8 -24 -14 -70150
6 0 6 -6 -83802
-15 -20 -16 -23 -65732
-22 -17 -21 -19 -54804
-23 -9 -24 17 -71404
3 -3 4 -1 -68378
13 -24 -15 -24 -61720
3 -10 3 -8 -62758
24 -15 22 -22 -67632
2 16 2 18 -63288
-21 -2 -23 0 -68020
-17 4 -17 6 -58646
5 -5 8 -6 -67438
-8 -19 -9 -17 -71906
20 24 16 19 -65716
-24 5 -22 -22 -69742
-19 13 -19 19 -72696
-11 -5 -9 -5 -69654
3 7 5 6 -65600
-9 -19 -10 -19 -64986
-23 6 -21 6 -69702
4 -18 4 -16 -60156
10 7 12 7 -70476
23 -20 23 -21 -55056
18 -21 16 -20 -62036
1 6 0 5 -65058
1 13 1 16 -66208
-24 -5 -24 -3 -58716
-12 -21 -12 -20 -69032
-17 -13 -18 -10 -66514
-7 3 -7 4 -59276
21 11 24 8 -74436
-12 -13 -14 -13 -70582
-2 20 0 21 -63378
0 24 1 22 -53538
12 4 12 7 -61016
8 3 8 4 -65862
-10 -14 -9 -13 -74182
1 14 0 12 -67644
-2 -17 -3 -17 -70084
-10 -1 -8 -2 -63970
-19 2 -18 0 -65360
19 10 20 4 -69478
16 -22 19 -20 -60896
23 18 21 9 -59856
-13 14 -18 12 -64842
-23 15 -24 19 -55506
-7 -7 -7 -6 -64026
-12 -13 -12 -12 -68828
11 19 9 24 -56520
23 -11 24 -13 -52148
5 -22 4 -23 -59810
22 2 23 11 -63098
14 -3 14 1 -69456
-13 -16 -13 -20 -76370
17 11 20 13 -65386
-6 13 -5 13 -68738
2 -18 2 -21 -65106
-2 -21 -2 -20 -65488
-3 -19 -6 -18 -67878
-13 -7 -12 -11 -66734
-12 -14 -10 -13 -74550
19 -2 21 -6 -65278
17 6 17 9 -60948
-13 10 -14 7 -69900
23 14 17 17 -66544
-19 3 -23 0 -69472
2 13 2 11 -61054
16 4 16 3 -58358
19 1 20 -2 -66140
10 -11 10 -16 -73016
24 13 -24 -21 -70072
10 4 9 1 -70354
24 6 24 -4 -54382
15 -12 18 -11 -71024
-21 -8 -22 -12 -71508
6 7 7 11 -63132
23 -23 23 -22 -44302
-6 5 -19 2 -87456
1 3 2 1 -64022
-1 -14 1 -14 -68168
-22 11 -22 7 -63304
-7 -23 -9 -23 -59204
22 -10 20 -9 -67658
11 4 11 22 -74992
0 -8 0 -10 -62254
-12 23 -11 21 -56988
2 5 2 6 -67256
-20 -8 -20 -9 -64382
3 -12 3 -15 -65038
12 2 12 0 -68036
-20 23 -19 22 -45010
-1 -6 -2 -7 -65760
-1 7 -3 7 -65308
-24 -10 -24 -13 -63946
-15 23 -18 21 -56330
-2 -17 -2 -18 -61098
11 -9 15 -7 -83242
-11 -12 -9 -15 -66866
16 24 19 24 -59438
-7 -16 -8 -17 -67628
-4 12 -4 10 -59022
4 20 2 22 -68390
-9 -22 -4 -24 -61208
-16 20 -24 22 -61342
7 -17 10 -12 -76352
-3 11 -8 10 -76110
17 -18 19 -13 -69052
-4 -9 -4 -11 -64364
-7 18 -9 15 -76054
-11 18 -12 12 -67956
20 1 24 5 -64590
16 24 20 19 -60148
-18 16 -18 19 -67428
2 8 0 7 -71968
9 -4 8 -6 -63836
15 -14 10 -12 -71720
15 20 15 22 -59552
3 -15 5 -13 -68358
15 23 19 16 -72338
21 -23 18 -21 -42440
16 22 13 24 -57514
-18 6 -15 7 -68870
-10 13 -9 14 -64536
-19 11 -17 9 -71662
14 20 13 24 -56858
18 -13 18 -11 -67464
23 24 -10 19 -69892
8 -4 9 -9 -67778
-6 12 -7 14 -72222
-16 -20 -20 -20 -69852
-20 -12 -22 -19 -72728
15 -10 15 -17 -71514
5 9 1 9 -68736
13 -7 12 -3 -65444
-24 -14 -22 -18 -53698
-9 3 -11 2 -69594
14 6 16 8 -64060
0 -15 1 -12 -62266
23 1 23 7 -57440
-11 -18 -12 -21 -69474
0 9 1 9 -68054
22 -22 24 -5 -73424
0 -1 1 -3 -61392
15 19 11 18 -71194
-15 23 -14 18 -65828
-5 0 -5 1 -60312
-14 0 -15 0 -69136
-10 23 -15 23 -59588
23 -17 24 -10 -63818
-11 -7 -10 -7 -67362
-11 4 4 -21 -85252
12 24 23 24 -63620
8 24 8 23 -29038
-19 11 -19 9 -64550
-6 9 -5 10 -62346
-8 19 -8 20 -64806
-8 2 -9 -1 -63868
8 7 8 5 -62684
-24 0 -24 6 -66754
-18 -21 -12 -24 -66852
-12 -3 -19 -5 -77666
-10 21 -8 23 -63710
8 -4 6 -5 -63292
0 24 3 22 -58184
0 -22 -6 -21 -70030
10 -14 10 -11 -64888
-2 -6 0 -7 -71988
20 -13 24 -13 -65660
-23 -11 -22 -6 -67326
-3 23 1 22 -58900
9 -20 8 -22 -60308
-2 -16 -3 -12 -68904
19 20 21 21 -57286
-22 0 -22 -3 -61210
-19 22 -17 24 -49974
21 -24 21 -23 -31238
14 -14 -23 -15 -77106
-20 -1 -16 -3 -72980
23 -19 24 -17 -58270
11 16 10 18 -64372
-22 15 -23 23 -59554
-15 -3 -14 -5 -60948
-5 -10 -6 -13 -69056
-16 2 -17 3 -67330
12 -21 21 -23 -69244
19 -9 19 -5 -66490
-4 -12 -3 -12 -68264
-22 3 -23 7 -72928
-10 3 -9 1 -65720
12 9 13 8 -64980
-17 -21 -19 -19 -70392
8 1 11 -8 -85966
-8 -11 -4 -10 -62264
3 1 7 -3 -70426
-8 -9 -8 -11 -65480
-15 -16 -15 -15 -64624
18 -2 17 -5 -68874
-18 -3 -16 -2 -65200
14 2 16 0 -72366
-16 14 -16 13 -60874
-24 -8 -22 -12 -69190
22 14 21 17 -55222
-17 -11 -17 -13 -61536
0 -11 2 -13 -70566
-12 11 -11 9 -64806
12 -5 9 -5 -68572
11 13 9 13 -72124
7 23 4 23 -58392
23 21 24 -8 -61454
5 -4 5 0 -81182
-24 9 -21 10 -66260
15 21 17 21 -63432
0 -22 -2 -20 -66856
11 16 11 20 -63600
0 22 0 19 -69192
-22 12 -20 10 -71816
-23 -16 -18 -23 -63622
24 -11 20 -7 -67150
-11 -22 -9 -24 -56038
-20 18 24 22 -72974
-23 -6 -21 -5 -56814
-24 6 -23 1 -69916
19 10 18 11 -66450
22 0 20 5 -67376
-1 -22 -4 -24 -60120
6 -13 4 -10 -66632
13 -21 6 -22 -68850
24 9 23 9 -45828
-2 0 -6 1 -57326
-10 -22 -24 -22 -71112
12 -10 14 -9 -80920
-13 7 -13 4 -64170
22 15 23 14 -54426
-11 4 -12 6 -64878
15 10 16 12 -61538
3 -1 2 -1 -53292
18 -9 23 -8 -75270
-20 7 -18 6 -68562
-8 5 -10 5 -64712
8 20 13 24 -67952
-5 -4 -5 -5 -62468
-14 7 -12 7 -64652
-6 5 -7 8 -67158
9 -3 9 0 -78780
10 17 12 21 -70828
-22 1 -23 1 -58792
0 7 0 6 -68178
16 -5 16 -9 -62120
-17 -10 -22 -10 -69220
-3 -5 -2 -5 -63224
11 -17 11 -14 -66960
-16 22 -14 17 -72408
21 -12 22 -11 -72170
19 0 20 0 -67112
15 -21 16 -19 -57964
-18 11 -16 12 -67484
1 -6 0 -6 -66628
22 -13 23 -9 -70180
-21 -18 -21 -14 -67294
1 8 1 10 -60454
-12 -12 -12 -15 -71654
5 -8 6 -6 -60534
-12 -18 -11 -15 -72638
