-12 24 -8 22 -67591
-23 -13 -20 -10 -59741
3 12 8 14 -66499
7 -9 8 -10 -65191
-13 -12 -12 -6 -66097
3 21 9 21 -69115
1 5 0 5 -67733
-13 -5 -16 -7 -57055
-6 24 -2 23 -60031
6 19 8 22 -63469
22 7 23 12 -50333
-21 -10 -24 -5 -74709
-16 -4 -16 0 -52185
0 -11 -1 -9 -68501
11 14 13 13 -69879
-23 6 -24 7 -60663
5 8 8 8 -63547
-8 9 -8 5 -68353
8 24 16 24 -63937
0 10 -1 11 -66465
15 16 18 13 -72863
-18 7 -17 8 -63375
-1 10 1 12 -70365
-5 -23 -5 -22 -46223
16 -14 17 -21 -67429
-22 -7 -23 -3 -67071
18 -24 12 -19 -69365
18 24 -18 22 -73677
-22 -16 -18 -15 -57923
-21 21 -19 23 -47579
1 -12 2 -12 -63365
-15 -4 -12 -7 -63021
-21 8 -24 8 -68103
7 -21 8 -23 -60921
-13 8 -13 9 -62909
23 18 24 19 -31057
-21 -7 -22 -6 -71185
-23 -4 -23 -3 -60889
-2 22 -2 23 -53445
-4 -7 -5 -8 -65949
24 -1 20 0 -59965
-6 -15 -6 -12 -65617
-19 -7 -18 -4 -56183
11 16 12 14 -65053
-21 -21 -18 -18 -64925
-2 -11 -6 -9 -74893
-10 -3 -9 0 -58467
6 2 5 4 -60857
-6 -4 -5 -6 -74131
-2 18 -5 17 -65295
-12 22 -8 24 -67449
-20 12 -24 10 -66035
8 8 7 15 -65583
-23 -2 -21 -3 -69465
4 -23 6 -23 -63465
12 -21 5 -24 -78911
2 -19 1 -16 -69383
22 -24 22 -19 -61255
14 1 15 1 -60241
17 -5 13 -7 -63781
-24 -18 -24 -11 -65105
7 -18 8 -15 -69245
4 19 3 20 -70117
5 19 4 16 -64917
-4 12 -2 18 -78687
-8 -4 -9 -5 -62631
-12 11 -12 13 -56219
-10 11 -13 10 -63683
13 0 11 0 -56889
-14 17 -13 19 -61785
-24 -24 4 1 -63409
23 -3 -24 -9 -68159
0 8 -1 10 -68779
22 -3 20 -3 -65823
15 9 18 8 -70735
-5 22 -7 24 -56701
-13 15 -15 16 -62719
-7 -18 -7 -16 -66651
23 -3 24 -15 -66947
8 -23 8 -18 -66671
-7 -21 -7 -19 -64941
8 16 11 16 -68567
3 6 2 8 -82537
-4 -7 -7 -6 -74433
24 19 22 11 -52395
13 -7 15 -8 -62167
-7 7 -8 5 -63689
3 -21 4 -20 -69885
-8 -7 -9 -1 -64153
8 -2 8 0 -68199
-17 18 -24 23 -65153
-6 15 -5 11 -77359
-8 24 -6 19 -67853
-3 18 -3 23 -71343
-21 12 -23 14 -55565
-3 -1 -3 0 -63577
12 -15 14 -13 -68471
6 22 5 18 -64201
2 19 3 19 -60699
-24 1 -24 0 -51965
-4 2 -2 3 -58613
-19 -2 -22 -3 -67463
-22 21 16 22 -74133
7 16 5 17 -63581
17 -14 15 -15 -70985
24 -15 21 -16 -64201
-16 -22 -17 -23 -58237
-21 20 -22 19 -44169
14 -15 16 -20 -68483
-17 -18 -16 -19 -71797
-14 -21 -10 -24 -61035
-5 1 15 -17 -91611
8 1 8 0 -65929
19 -18 20 -22 -59297
-24 0 -23 2 -56137
-20 18 -19 17 -67891
15 -22 12 -21 -68569
12 14 17 16 -72081
-15 -9 -16 -7 -61811
-11 -23 -11 -21 -55839
17 9 13 9 -71095
-1 -8 3 -3 -64793
-10 21 -8 21 -75325
22 4 20 4 -65421
-8 18 -8 15 -63033
-2 -19 -1 -24 -66673
17 -9 21 -8 -72227
23 2 22 0 -52115
0 5 0 2 -67197
9 -8 10 -8 -58715
10 0 8 1 -62665
24 7 22 11 -65293
-18 -13 -12 -16 -73603
16 1 15 0 -57685
4 -11 5 -11 -70319
-5 2 -1 1 -72759
5 -20 7 -20 -73777
16 -20 20 -18 -77517
20 -2 21 0 -55815
-24 13 -24 2 -61343
15 -22 12 -22 -65897
0 0 0 -1 -65977
-18 -23 -18 -21 -53749
-18 -23 24 -21 -64727
-21 -14 -20 -16 -66353
-5 -24 1 -20 -71531
-1 -14 -4 -17 -68115
18 -10 17 -12 -66649
-17 -20 -19 -24 -61387
1 16 3 14 -71703
8 -20 14 -21 -70503
23 -18 16 -20 -72915
14 5 15 3 -67279
11 -11 12 -9 -58033
24 9 17 8 -69515
-17 -19 -16 -24 -64561
-7 -22 -9 -23 -53949
-1 -15 1 -17 -72021
-12 3 -16 -1 -62283
4 -5 0 -6 -67221
1 -21 5 -24 -55765
6 -21 6 -23 -58993
-3 15 -1 13 -71737
-24 20 -21 11 -70161
1 23 -1 19 -69085
16 -2 17 -4 -60615
7 3 8 4 -68117
-6 18 -10 17 -70089
-13 2 -9 1 -69041
23 -16 22 -16 -56285
22 -15 21 -12 -62091
-24 14 -23 15 -48775
11 -20 15 -17 -71533
13 16 12 13 -64307
-6 18 -2 17 -67063
12 9 14 -23 -84317
-7 12 -9 13 -69137
17 21 16 18 -61899
-13 -14 -17 -15 -62757
-16 -18 -16 -16 -67533
-11 4 -11 0 -62471
-4 -4 -6 -4 -72747
3 -9 7 -9 -76595
10 16 7 13 -67335
-5 20 -24 23 -67499
10 11 10 6 -63871
8 -24 5 -21 -63477
18 19 21 23 -63259
-22 22 -24 8 -66341
-17 17 -15 12 -68813
-1 -5 0 -6 -69933
22 -24 0 -24 -66113
-2 15 -1 21 -73555
11 5 8 6 -64805
-1 18 -1 11 -84935
11 -16 11 -23 -63111
22 -19 21 -20 -62629
10 9 12 10 -66433
-10 23 -9 18 -69587
12 -9 15 -12 -68259
-24 11 -22 8 -58651
19 1 17 1 -59737
-14 -2 -17 6 -76775
16 -15 14 -14 -65361
-13 15 -9 13 -67921
24 4 21 8 -66023
-24 5 -24 6 -58427
-11 19 -14 18 -63003
21 6 24 -20 -65415
-7 -9 -8 -7 -69743
21 11 23 10 -69489
-24 -9 -18 -10 -64197
11 23 8 23 -59077
6 -9 5 -11 -63723
-4 24 16 24 -67123
24 -3 22 -8 -54049
11 -20 5 -17 -72469
20 16 16 13 -67447
0 -23 4 -21 -61145
-21 24 -21 17 -50345
-3 21 1 23 -65137
-2 -21 2 -21 -63451
20 13 18 24 -61587
23 -16 -4 -19 -76055
0 0 0 1 -65515
-24 11 -22 16 -60041
-9 -19 -11 -17 -72831
-4 -24 -24 -21 -66845
15 23 9 22 -69813
16 15 18 12 -73367
-10 -15 -14 -15 -71163
9 -20 5 -22 -84093
-12 -24 -19 -23 -63211
0 -20 2 -24 -60265
-7 23 -11 23 -72767
21 -9 18 -6 -68943
22 -4 21 -11 -69597
-7 -21 -4 -18 -69433
-24 -24 -20 -15 -49769
-17 16 -19 16 -59837
21 8 24 10 -52083
-12 24 -20 24 -52733
24 -6 22 -8 -53415
14 10 14 15 -63623
-8 14 -9 21 -73621
-23 -23 -24 -9 -71993
-3 10 -4 10 -62875
-16 6 -19 9 -71689
-24 -8 -24 -14 -70433
4 -18 0 12 -88295
-15 -20 -16 -23 -64933
-22 -17 -21 -19 -58365
-23 -9 -24 17 -64633
3 -3 4 -1 -62243
13 -24 -15 -24 -61863
3 -10 3 -8 -63205
24 -15 22 -22 -68473
2 16 2 18 -66993
-21 -2 -23 0 -69235
-17 4 -17 6 -58021
5 -5 8 -6 -71753
-8 -19 -9 -17 -72553
20 24 16 19 -65867
-24 5 -22 -22 -69439
-19 13 -19 19 -69649
-11 -5 -9 -5 -66415
3 7 5 6 -67607
-9 -19 -10 -19 -65267
-23 6 -21 6 -66869
4 -18 4 -16 -61069
10 7 12 7 -67089
23 -20 23 -21 -55533
18 -21 16 -20 -65941
1 6 0 5 -74793
1 13 1 16 -74715
-24 -5 -24 -3 -58007
-12 -21 -12 -20 -68765
-17 -13 -18 -10 -68501
-7 3 -7 4 -60879
21 11 24 8 -73589
-12 -13 -14 -13 -67033
-2 20 0 21 -67067
0 24 1 22 -53437
12 4 12 7 -61013
9 -19 10 -18 -64909
-10 -14 -9 -13 -70011
1 14 0 12 -72657
-2 -17 -3 -17 -69375
-10 -1 -8 -2 -63033
-19 2 -18 0 -68629
19 10 20 4 -68687
16 -22 19 -20 -65933
23 18 21 9 -57727
-13 14 -18 12 -68303
-23 15 -24 19 -54979
-7 -7 -7 -6 -65539
-12 -13 -12 -12 -69905
11 19 9 24 -57113
23 -11 24 -13 -51355
5 -22 4 -23 -62867
22 2 23 11 -62097
14 -3 14 1 -61977
-13 -16 -13 -20 -74935
17 11 20 13 -64415
-6 13 -5 13 -61593
2 -18 2 -21 -66159
-2 -21 -2 -20 -65589
-3 -19 -6 -18 -67983
-13 -7 -12 -11 -65523
-12 -14 -10 -13 -71337
19 -2 21 -6 -62705
17 6 17 9 -59191
-13 10 -14 7 -67129
23 14 17 17 -66141
-19 3 -23 0 -67565
2 13 2 11 -64493
16 4 16 3 -58097
19 1 20 -2 -61807
10 -11 10 -16 -72305
24 13 -24 -21 -67387
10 4 9 1 -67607
24 6 24 -4 -53917
15 -12 18 -11 -67307
-21 -8 -22 -12 -72631
6 7 7 11 -65263
23 -23 23 -22 -45063
4 5 3 3 -73625
1 3 2 1 -66485
-1 -14 1 -14 -66799
-22 11 -22 7 -58883
-7 -23 -9 -23 -58435
22 -10 20 -9 -67145
11 4 11 22 -75281
0 -8 0 -10 -62127
-12 23 -11 21 -56591
2 5 2 6 -78291
-20 -8 -20 -9 -62951
3 -12 3 -15 -66243
12 2 12 0 -66915
-20 23 -19 22 -45159
-1 -6 -2 -3 -67507
-1 7 -3 7 -65121
-24 -10 -24 -13 -64261
-15 23 -18 21 -56861
-2 -17 -2 -18 -62701
-23 0 22 8 -71829
-11 -12 -9 -15 -67879
16 24 19 24 -59125
-7 -16 -8 -17 -66815
-4 12 -4 10 -62103
4 20 2 22 -70017
-9 -22 -4 -24 -61083
-16 20 -24 22 -60415
7 -17 10 12 -92575
4 4 2 10 -89339
17 -18 19 -13 -70517
-4 -9 -4 -11 -64071
-7 23 -1 24 -61207
-11 18 -12 12 -64681
20 1 24 5 -63201
16 24 20 19 -58547
-18 16 -18 19 -65271
2 8 0 7 -76843
9 -4 8 -6 -60171
15 -14 10 -12 -66169
15 20 15 22 -59269
3 -15 5 -13 -67089
15 23 19 16 -70987
21 -23 18 -21 -48209
16 22 13 24 -56049
-18 6 -15 7 -65431
-10 13 -9 14 -60333
-19 11 -17 9 -69075
14 20 13 24 -56945
18 -13 18 -11 -65955
23 24 -10 19 -68509
8 -4 9 -9 -59633
-6 12 -7 14 -75537
-16 -20 -20 -20 -66953
-20 -12 -22 -19 -76345
15 -10 15 -17 -71589
5 9 1 9 -70215
13 -7 12 -3 -58601
-24 -14 -22 -18 -60991
-9 3 -11 2 -66641
14 6 16 8 -63607
0 -15 1 -12 -64495
23 1 23 7 -56941
-11 -18 -12 -21 -68449
0 9 1 9 -69707
22 -22 24 -5 -73223
0 -1 1 -3 -65631
15 19 11 18 -70373
-15 23 -14 18 -64543
-5 0 -5 1 -60785
-14 0 -15 0 -57261
-10 23 -15 23 -59879
23 -17 24 -10 -63291
-11 -7 -10 -7 -62625
-4 4 -4 -21 -79605
12 24 23 24 -62699
8 24 8 23 -29115
-19 11 -19 9 -59281
-6 9 -5 10 -56975
-8 19 -8 20 -64481
-8 2 -9 -1 -63669
8 7 8 5 -62709
-24 0 -24 6 -67253
-18 -21 -12 -24 -65673
11 -1 7 -5 -70145
-10 21 -8 23 -63519
8 -4 6 -5 -66911
0 24 3 22 -58421
0 -22 -6 -21 -70667
10 -14 10 -11 -65609
-2 -6 0 -7 -72149
20 -13 24 -13 -67129
-23 -11 -22 -6 -67059
-3 23 1 22 -61865
9 -20 8 -22 -68797
-2 -16 -3 -12 -69323
19 20 21 21 -57027
-22 0 -22 -3 -59945
-19 22 -17 24 -50145
21 -24 21 -23 -31579
14 -14 -23 2 -82231
-20 -1 -16 -3 -67899
23 -19 24 -17 -58525
11 16 10 18 -63885
-22 15 -23 23 -59671
-15 -3 -14 -5 -56865
-5 -10 -6 -13 -67491
-16 2 -17 3 -69351
12 -21 21 -23 -72901
19 -9 19 -5 -64553
-4 -12 -3 -12 -68859
-22 3 -23 7 -70865
-10 3 -9 1 -64191
12 9 13 8 -64871
-17 -21 -19 -19 -67497
-23 14 7 13 -75917
-8 -11 -4 -10 -64913
3 1 7 -3 -70721
-8 -9 -8 -11 -63167
-15 -16 -15 -15 -66579
18 -2 17 -5 -58561
-18 -3 -16 -2 -55065
14 2 16 0 -66885
-16 14 -16 13 -58373
-24 -8 -22 -12 -67915
22 14 21 17 -54545
-17 -11 -17 -13 -63827
0 -11 2 -13 -72021
-12 11 -11 9 -65363
12 -5 9 -5 -62155
11 13 9 13 -71067
7 23 4 23 -58377
23 21 24 -8 -60807
-13 20 -3 3 -90281
-24 9 -21 10 -65643
15 21 17 21 -61949
0 -22 -2 -20 -67323
11 16 11 20 -64323
0 22 0 19 -69595
6 -21 11 7 -94817
-23 -16 -18 -23 -63387
24 -11 20 -7 -66685
-11 -22 -9 -24 -56673
-20 18 24 22 -68523
-23 -6 -21 -5 -55925
-24 6 -23 1 -69085
19 10 18 11 -66533
22 0 20 5 -66615
-1 -22 -4 -24 -60345
6 -13 4 -10 -71367
13 -21 6 -22 -78043
24 9 23 9 -45315
-2 0 -6 1 -72107
-10 -22 -24 -22 -69553
24 -22 -10 0 -77799
-13 7 -13 4 -63579
22 15 23 14 -54227
-11 4 -12 6 -66117
15 10 16 12 -61161
3 -1 2 -1 -57597
18 -9 23 -8 -74397
-20 7 -18 6 -67295
-8 5 -10 5 -62211
8 20 13 24 -67911
-5 -4 -5 -5 -66303
-14 7 -12 7 -62351
-6 5 -7 8 -69779
9 -3 9 0 -67111
10 17 12 21 -70673
-22 1 -23 1 -57407
0 7 0 6 -77985
16 -5 16 -9 -60559
-17 -10 -22 -10 -62135
-3 -5 -2 -5 -64571
11 -17 11 -14 -65251
-16 22 -14 17 -71789
21 -12 22 -11 -72289
19 0 20 0 -67155
15 -21 16 -19 -60069
-18 11 -16 12 -67075
1 -6 0 -6 -63839
22 -13 23 -9 -70419
-21 -18 -21 -14 -72945
1 8 1 10 -64483
-12 -12 -12 -15 -73137
5 -8 6 -6 -60997
-12 -18 -11 -15 -72165
