-12 24 -8 22 -63261
-23 -13 -20 -10 -55671
3 12 8 14 -65553
7 -9 8 -10 -64069
-3 -11 2 -11 -71171
-20 21 9 21 -75121
1 5 0 5 -68175
-13 -5 -16 -7 -66169
-6 24 -2 23 -61107
6 19 8 22 -54609
22 7 23 12 -51827
-19 13 -21 15 -64973
-16 -4 -16 0 -64615
0 -11 -1 -9 -63507
11 14 13 13 -69569
-23 6 -24 7 -52179
5 8 8 8 -62179
-8 9 -8 5 -72191
8 24 16 24 -64771
1 6 6 5 -71143
-12 -3 -14 -3 -73657
-18 7 -17 8 -66981
17 -13 19 -14 -62005
-5 -23 -5 -22 -56209
16 -14 17 -21 -64713
-22 -7 -23 -3 -59507
2 -6 14 -8 -86125
18 24 -18 22 -71997
-22 -16 -18 -15 -58689
-21 21 -19 23 -50847
1 -12 2 -12 -64733
-15 -4 -12 -7 -78947
-21 8 -24 8 -62553
-15 -12 -12 -10 -72175
-13 8 -13 9 -67363
23 18 24 19 -34589
-21 -7 -22 -6 -62439
-23 -4 -23 -3 -58961
-2 22 -2 23 -54161
-4 -7 -5 -8 -70227
24 -1 20 0 -55923
-6 -15 -6 -12 -57559
-19 -7 -18 -4 -58455
11 16 12 14 -69397
-21 -21 -18 -18 -66221
-1 3 -1 7 -77173
-10 -3 -9 0 -60463
6 2 5 4 -62569
18 -3 16 0 -79793
-2 18 -5 17 -69539
-12 22 -8 24 -63773
-20 12 -24 10 -71807
8 8 7 15 -73635
-23 -2 -21 -3 -66609
4 -23 6 -23 -55947
12 -21 5 -24 -60411
2 -19 1 -16 -64043
22 -24 22 -19 -67975
14 1 15 1 -62433
17 -5 13 -7 -64469
-24 -18 -24 -11 -60175
7 -18 8 -15 -68053
4 19 3 20 -61187
5 19 4 16 -65179
-23 20 -23 16 -60207
-8 -4 -9 -5 -64967
-12 11 -12 13 -65131
-10 11 -13 10 -63729
13 0 11 0 -58865
-14 17 -13 19 -59305
-24 -24 4 1 -65281
-5 7 -6 7 -65069
0 8 -1 10 -70083
22 -3 20 -3 -59159
15 9 18 8 -73063
-5 22 -7 24 -50841
-13 15 -15 16 -64621
-7 -18 -7 -16 -62497
-3 2 0 1 -71123
8 -8 8 -5 -63061
-7 -21 -7 -19 -67307
-14 -4 -14 -3 -60949
24 -22 23 -1 -60901
-21 20 -21 22 -53709
24 19 22 11 -53891
13 -7 15 -8 -68799
-7 7 -8 5 -66811
3 -21 4 -20 -64531
-4 -4 -5 -4 -74829
9 -5 8 -2 -65349
-17 18 -24 23 -69655
-6 -2 -7 0 -71685
10 -24 10 -23 -28361
10 -2 7 -1 -70739
-21 12 -23 14 -55607
-3 -1 -3 0 -64827
12 -15 14 -13 -63751
6 22 5 18 -60141
2 19 3 19 -61001
-24 1 -24 0 -49873
-4 2 -2 3 -63269
2 15 2 13 -74445
23 21 19 24 -48269
7 16 5 17 -58923
17 -14 15 -15 -66859
24 -15 21 -16 -62007
-16 -22 -17 -23 -61869
-21 20 -22 19 -44253
10 -4 11 -2 -65099
-17 -18 -16 -19 -64789
-14 -21 -10 -24 -73459
-22 -24 -8 -22 -71375
8 1 8 0 -64775
19 -18 20 -22 -66977
-24 0 -23 2 -54169
-20 18 -19 17 -70421
15 -22 12 -21 -65593
-15 0 -15 3 -57701
-15 -9 -16 -7 -68379
-11 -23 -11 -21 -59453
17 9 13 9 -69511
-1 -8 3 -3 -65553
-1 24 0 23 -65913
22 4 20 4 -62845
-8 18 -8 15 -59063
-2 -19 -1 -24 -69483
-16 8 -18 3 -74787
23 2 22 0 -47103
16 -7 15 -4 -72475
9 -8 10 -8 -63073
10 0 8 1 -68603
24 7 22 11 -63067
23 -19 19 -22 -64509
16 1 15 0 -58249
4 -11 5 -11 -69177
-18 -13 -19 -13 -61043
5 -20 7 -20 -59997
-23 22 -2 22 -74175
20 -2 21 0 -59563
17 7 16 9 -70695
15 -22 12 -22 -64695
-10 19 -9 15 -63189
-18 -23 -18 -21 -55149
-18 -23 24 -21 -60715
-21 -14 -20 -16 -66157
-11 -12 -4 -11 -71255
-1 -14 -4 -17 -63697
18 -10 17 -12 -66869
-17 -20 -19 -24 -64589
1 16 3 14 -66099
8 -20 14 -21 -63677
9 -16 8 -17 -65517
14 5 15 3 -69013
11 -11 12 -9 -58747
24 9 17 8 -69665
-17 -19 -16 -24 -63159
-7 -22 -9 -23 -56423
-1 1 1 3 -71487
-24 3 -16 -1 -73963
-4 9 -5 12 -69039
1 -21 5 -24 -50413
6 -21 6 -23 -50005
11 -8 12 -5 -67871
-23 17 -24 12 -58459
1 23 -1 19 -68211
16 -2 17 -4 -77037
7 3 8 4 -67081
-6 18 -10 17 -67165
-3 -21 -4 -24 -59261
23 -16 22 -16 -55393
22 -15 21 -12 -69937
-24 14 -23 15 -51329
-14 -17 -18 -20 -69833
13 16 12 13 -66313
24 -11 24 -15 -68879
-13 -11 -18 -11 -73211
-7 12 -9 13 -66717
17 21 16 18 -59923
-13 -14 -17 -15 -70243
-16 -18 -16 -16 -60253
-11 4 -11 0 -62067
-4 -4 -6 -4 -75657
0 11 4 7 -77547
10 16 7 13 -65327
-5 20 -24 23 -75305
10 11 10 6 -65237
8 -24 5 -21 -51175
18 19 21 23 -71533
17 22 -24 12 -70901
15 -22 13 -23 -54097
-1 -5 0 -6 -59839
22 -24 0 -24 -56701
-2 15 -1 21 -69327
11 5 8 6 -65339
8 10 9 12 -65819
11 -16 11 -23 -61109
22 -19 21 -20 -66437
10 9 12 10 -68795
-10 23 -9 18 -67693
12 -9 15 -12 -69489
-24 11 -22 8 -53933
19 1 17 1 -63265
1 -2 1 -3 -67851
16 -15 14 -14 -65747
-18 -3 -16 0 -68721
24 4 21 8 -62799
-24 5 -24 6 -43817
-11 19 -14 18 -66063
21 6 24 -20 -68327
-7 -9 -8 -7 -59481
21 11 23 10 -70167
-24 -9 -18 -10 -65711
11 23 8 23 -53843
6 -9 5 -11 -61229
-4 24 16 24 -64295
24 -3 22 -8 -56993
11 -20 5 -17 -65385
-10 -24 -12 -24 -56603
0 -23 4 -21 -55743
-21 24 -21 17 -63033
-3 21 1 23 -68261
-2 -21 2 -21 -54303
20 13 18 24 -56649
12 -6 11 -5 -65035
0 0 0 1 -70739
-24 11 -22 16 -62651
-17 21 -16 21 -61737
-4 -24 -24 -21 -69481
15 23 9 22 -69317
16 15 18 12 -62015
-3 16 -2 15 -64363
13 14 17 14 -63873
-12 -24 -19 -23 -68443
0 -20 2 -24 -58077
-7 23 -11 23 -64457
22 -8 0 -7 -79201
22 -4 21 -11 -61889
-7 -21 -4 -18 -67399
-24 -24 -20 -15 -47609
-17 16 -19 16 -62113
21 8 24 10 -55027
-12 24 -20 24 -60947
24 -6 22 -8 -50753
14 10 14 15 -63089
-6 0 -4 -4 -73073
-23 -23 -24 -9 -68903
-3 10 -4 10 -69877
19 -19 19 -23 -67063
-24 -8 -24 -14 -64457
-12 13 -14 14 -68885
-15 -20 -16 -23 -68579
-22 -17 -21 -19 -57459
-23 -9 -24 17 -62967
3 -3 4 -1 -71723
13 -24 -15 -24 -57657
3 -10 3 -8 -61053
24 -15 22 -22 -68805
2 16 2 18 -64155
-21 -2 -23 0 -65985
-17 4 -17 6 -60981
5 24 8 -6 -79685
-8 -19 -9 -17 -66353
20 24 16 19 -71133
-24 5 -22 -22 -64383
-18 4 -16 18 -75957
-11 -5 -9 -5 -72971
12 19 11 21 -69333
-9 -19 -10 -19 -68317
-15 13 13 14 -81915
4 -18 4 -16 -58669
10 7 12 7 -67587
23 -20 23 -21 -60351
18 -21 16 -20 -61007
-3 18 -5 21 -68965
1 13 1 16 -74891
-24 -5 -24 -3 -55797
-12 -21 -12 -20 -66069
-17 -13 -18 -10 -70627
-7 3 -7 4 -62531
21 11 24 8 -72367
-12 -13 -14 -13 -69601
-2 20 0 21 -70601
0 24 1 22 -63877
12 4 12 7 -61055
9 -19 10 -18 -63269
-10 -14 -9 -13 -72813
1 14 0 12 -72195
-2 -17 -3 -17 -63475
-10 -1 -8 -2 -67515
-12 20 23 17 -73573
-8 12 -7 15 -65477
16 -22 19 -20 -57785
23 18 21 9 -59483
-4 24 -5 18 -66939
-23 15 -24 19 -53109
-7 -7 -7 -6 -60925
-12 -13 -12 -12 -64647
11 19 9 24 -62829
23 -11 24 -13 -56401
5 -22 4 -23 -58447
22 2 23 11 -57053
14 -3 14 1 -65943
-13 22 -13 20 -56975
17 11 20 13 -64739
-6 13 -5 13 -65361
2 -18 2 -21 -63053
-2 -21 -2 -20 -67241
-3 -19 -6 -18 -64205
-13 -7 -12 -11 -63439
-12 -14 -10 -13 -75877
19 -2 21 -6 -69313
17 6 17 9 -59299
-13 10 -14 7 -71447
-19 9 -23 6 -70775
-19 3 -23 0 -64357
2 13 2 11 -69557
16 4 16 3 -57419
19 1 20 -2 -69199
-7 -8 -8 -10 -68411
24 13 -24 -21 -68755
10 4 9 1 -66533
24 6 24 -4 -54965
15 -12 18 -11 -69063
-12 12 -17 -7 -88747
6 7 7 11 -68361
23 -23 23 -22 -48679
4 5 3 3 -72721
1 3 2 1 -71067
-1 -14 1 -14 -67525
-22 11 -22 7 -54311
-7 -23 -9 -23 -63211
5 2 4 -1 -73361
2 1 3 0 -65901
0 -8 0 -10 -59919
-12 23 -11 21 -58255
2 5 2 6 -73281
-20 -8 -20 -9 -57373
3 -12 3 -15 -58187
12 2 12 0 -65507
-20 23 -19 22 -50431
21 22 18 22 -65513
-1 7 -3 7 -71493
-24 -10 -24 -13 -60021
-15 23 -18 21 -64813
-2 -17 -2 -18 -58933
-10 -21 -8 -24 -72991
-11 -12 -9 -15 -59349
16 24 19 24 -61753
-7 -16 -8 -17 -67805
-4 12 -4 10 -65613
-23 0 -24 -3 -54227
-9 -22 -4 -24 -63567
-16 20 -24 22 -64757
21 21 21 24 -30487
9 -11 8 -14 -62749
17 -18 19 -13 -68671
-4 -9 -4 -11 -58583
-7 23 -1 24 -61375
5 10 6 8 -69331
19 1 16 5 -75101
16 24 20 19 -62157
-18 16 -18 19 -54113
3 -2 3 -1 -67871
9 -4 8 -6 -67081
15 -14 10 -12 -74233
15 20 15 22 -61811
-10 -20 -14 -19 -67993
0 5 0 8 -78105
21 -23 18 -21 -47999
16 22 13 24 -58401
-3 6 -2 7 -72989
-10 13 -9 14 -63233
-19 11 -17 9 -63065
14 20 13 24 -62761
18 -13 18 -11 -64579
-15 -5 -11 -6 -82001
20 17 22 17 -59709
-6 12 -7 14 -66035
-1 3 -2 1 -71607
18 -8 24 -9 -61897
15 -10 15 -17 -66929
5 9 1 9 -68177
-16 -22 -21 -22 -58271
-24 -14 -22 -18 -60339
-9 3 -11 2 -60395
14 6 16 8 -62899
0 -15 1 -12 -58411
23 1 23 7 -49809
-11 -18 -12 -21 -65971
0 9 1 9 -63277
13 -20 9 -15 -68555
0 -1 1 -3 -69413
15 19 11 18 -64563
-15 23 -12 17 -71025
-5 0 -5 1 -63437
-14 0 -15 0 -59911
-10 23 -15 23 -62175
23 -17 24 -10 -75497
-11 -7 -10 -7 -70877
-11 -9 -11 -5 -61185
12 24 23 24 -67587
8 24 8 23 -28567
-19 11 -19 9 -61093
-6 9 -5 10 -67147
-8 19 -8 20 -64329
18 13 22 15 -68249
8 7 8 5 -59119
-24 0 -24 6 -56579
-18 -21 -12 -24 -69645
12 -17 15 -24 -62155
-10 21 -8 23 -62343
8 -4 6 -5 -68041
0 24 3 22 -70115
0 -22 -6 -21 -62237
10 -14 10 -11 -57927
0 -6 0 -3 -62725
20 -13 24 -13 -64035
-23 -11 -22 -6 -57485
-3 23 1 22 -74055
9 -20 8 -22 -58873
-2 -16 -3 -12 -62853
19 20 21 21 -70379
24 15 -22 -3 -72803
-19 22 -17 24 -55651
21 -24 21 -23 -36327
0 16 -4 14 -73223
-20 -1 -16 -3 -62719
23 -19 24 -17 -56675
11 16 10 18 -68345
-22 15 -23 23 -67055
-15 -3 -14 -5 -68075
-19 -6 -23 -8 -68067
-16 2 -17 3 -57279
12 -21 21 -23 -65951
19 -9 19 -5 -63729
-4 -12 -3 -12 -64177
11 14 12 15 -67161
-10 3 -9 1 -65367
12 9 13 8 -62761
-17 -21 -19 -19 -63981
11 13 9 14 -69195
-8 -11 -4 -10 -69893
18 -9 20 -8 -63293
-8 -9 -8 -11 -58531
-15 -16 -15 -15 -60043
18 -2 17 -5 -65143
-18 -3 -16 -2 -62909
14 2 16 0 -72399
-16 14 -16 13 -52411
-24 -8 -22 -12 -64177
22 14 21 17 -47587
-17 -11 -17 -13 -62135
0 -11 2 -13 -68891
-12 11 -11 9 -70403
24 -10 24 -18 -71197
-11 13 -12 10 -67765
7 23 4 23 -46363
23 21 24 -8 -62809
-11 12 -12 13 -70351
-24 9 -21 10 -68231
15 21 17 21 -61673
0 -22 -2 -20 -62589
-12 0 -13 -2 -63409
0 22 0 19 -67743
12 18 12 15 -58329
-23 -16 -18 -23 -61513
24 -11 20 -7 -54753
-11 -22 -9 -24 -72549
-20 18 24 22 -71715
-23 -6 -21 -5 -62593
-24 6 -23 1 -55935
19 10 18 11 -68287
-20 -12 -22 -9 -71781
-1 -22 -4 -24 -52861
6 -13 4 -10 -67451
-3 23 -3 -1 -82365
24 9 23 9 -45773
23 2 24 -8 -58533
1 2 -1 3 -73259
3 -5 4 -5 -69251
-13 7 -13 4 -68203
22 15 23 14 -50921
-11 4 -12 6 -66579
15 10 16 12 -62015
3 -1 2 -1 -63811
18 -19 21 -19 -59173
-20 7 -18 6 -56699
-8 5 -10 5 -59759
8 20 13 24 -62101
-5 -4 -5 -5 -59233
-14 7 -12 7 -58175
-6 5 -7 8 -72933
9 -3 9 0 -65345
13 -14 8 -12 -69711
-22 1 -23 1 -53687
4 21 0 22 -68823
16 -5 16 -9 -65419
5 -10 3 -10 -71639
-3 -5 -2 -5 -60943
11 -17 11 -14 -59311
-2 11 -1 12 -66631
21 -12 22 -11 -66859
19 0 20 0 -64799
15 -21 16 -19 -59441
-18 11 -16 12 -58149
1 -6 0 -6 -59247
22 -13 23 10 -69393
-21 -18 -21 -14 -64613
1 8 1 10 -65349
-12 -12 -12 -15 -67677
5 -8 6 -6 -63863
-12 -18 -11 -15 -68985
