-12 24 -8 22 -60644
-23 -13 -20 -10 -61500
3 12 8 14 -66818
7 -9 8 -10 -65904
-7 18 -9 13 -74862
-20 21 9 21 -68842
1 5 0 5 -66600
-13 -5 -16 -7 -63554
-6 24 -2 23 -59338
6 19 8 22 -58192
22 7 23 12 -68828
20 19 20 20 -56472
-16 -4 -16 0 -63144
0 -11 -1 -9 -67182
11 14 13 13 -65690
-23 6 -24 7 -51098
5 8 8 8 -63636
-22 -10 -21 -8 -68296
8 24 16 24 -57414
1 6 6 5 -70678
-12 -3 -14 -3 -65650
-18 7 -17 8 -60580
17 -13 19 -14 -64632
-5 -23 -5 -22 -53956
16 -14 17 -21 -65262
-22 -7 -23 -3 -58520
13 -4 14 -3 -71168
18 24 -18 22 -70046
-22 -16 -18 -15 -58742
-21 21 -19 23 -50356
1 -12 2 -12 -60416
-10 3 -12 3 -70670
-21 8 -24 8 -57584
-15 -12 -12 -10 -64708
-13 8 -13 9 -62308
23 18 24 19 -36118
-21 -7 -22 -6 -58758
-23 -4 -23 -3 -58916
-2 22 -2 23 -53996
-4 -7 -6 -8 -62688
24 -1 20 0 -64920
-6 -15 -6 -12 -61124
-19 -7 -18 -4 -58032
11 16 12 14 -62984
-21 -21 -18 -18 -69916
-1 3 -1 7 -68744
-10 -3 -9 0 -60504
6 2 5 4 -68880
-2 8 18 -9 -94324
-2 18 -5 17 -64804
-12 22 -8 24 -61682
21 -2 23 -6 -71518
-9 9 -7 7 -69974
-23 -2 -21 -3 -63702
4 -23 6 -23 -66498
12 -21 5 -24 -63870
2 -19 1 -16 -68998
22 -24 22 -19 -68780
14 1 15 1 -67424
17 -5 13 -7 -70544
-24 -18 -24 -11 -61252
7 -18 8 -15 -70736
4 19 3 20 -58922
5 19 4 16 -66360
-23 20 -23 16 -59658
-8 -4 -9 -5 -65760
-12 11 -12 13 -62818
-10 11 -13 10 -60898
13 0 11 0 -68340
-14 17 -13 19 -60708
-24 -24 4 1 -67316
-5 7 -6 7 -66094
0 8 -1 10 -62596
22 -3 20 -3 -69404
2 1 5 5 -71730
-5 22 -7 24 -50628
-13 15 -15 16 -54474
-7 -18 -7 -16 -61690
-3 2 0 1 -71698
8 -8 8 -5 -68008
-7 -21 -7 -19 -63390
-14 -4 -14 -3 -58914
24 -22 23 -1 -61454
-21 20 -21 22 -52664
24 19 22 11 -57702
13 -7 15 -8 -71372
-7 7 -8 5 -64170
3 -21 4 -20 -68320
-4 -4 -5 -4 -60526
9 -5 8 -2 -68540
-17 18 -24 23 -64892
-6 -2 -7 0 -69100
10 -24 10 -23 -29558
10 -2 7 -1 -76590
-21 12 -23 14 -46738
-3 -1 -3 0 -61766
12 -15 14 -13 -73458
6 22 5 18 -63604
2 19 3 19 -59586
-24 1 -24 0 -51792
-4 2 -2 3 -63042
2 15 2 13 -57358
23 21 19 24 -50504
7 16 5 17 -59154
17 -14 15 -15 -69788
24 -15 21 -16 -61910
-16 -22 -17 -23 -61942
-21 20 -22 19 -45616
10 -4 11 -2 -69612
-17 -18 -16 -19 -65572
-9 4 -9 3 -70858
-22 -24 -8 -22 -71766
8 1 8 0 -62026
19 -18 20 -22 -68002
-24 0 -23 2 -54734
-20 18 -19 17 -64070
15 -22 12 -21 -66914
-15 0 -15 3 -59656
-15 -9 -16 -7 -59994
-11 -23 -11 -21 -54840
2 14 4 13 -65608
-1 -8 3 -3 -65612
-1 24 0 23 -58344
22 4 20 4 -65238
-8 18 -8 15 -64922
-2 -19 -1 -24 -70484
-20 -12 -23 -24 -73764
23 2 22 0 -51368
16 -7 15 -4 -76600
9 -8 10 -8 -66726
10 0 8 1 -76490
24 7 22 11 -61156
23 -19 19 -22 -65598
16 1 15 0 -63536
-2 -12 9 -13 -74938
-18 -13 -19 -13 -59206
5 -20 7 -20 -69720
-23 22 -2 22 -62126
20 -2 21 0 -71756
17 9 16 9 -60498
15 -22 12 -22 -66102
-10 19 -9 15 -65406
-18 -23 -18 -21 -55242
-18 -23 24 -21 -60892
-21 -14 -20 -16 -65570
-9 -24 -8 -24 -54886
-1 -14 -4 -17 -63476
18 -10 17 -12 -64936
-17 -20 -19 -24 -65948
1 16 3 14 -66300
8 -20 14 -21 -65240
9 -16 8 -17 -68914
14 5 15 3 -75662
11 -11 12 -9 -63824
24 9 17 8 -70274
-17 -19 -16 -24 -63172
-7 -22 -9 -23 -55336
-1 6 -2 7 -70146
-2 13 -3 13 -66754
9 -8 7 -9 -70612
1 -21 5 -24 -59970
6 -21 6 -23 -52480
11 -8 12 -5 -71878
-23 17 -24 12 -55340
1 23 -1 19 -70212
16 -2 17 -4 -75858
7 3 8 4 -68080
-6 18 -10 17 -65664
-3 -21 -4 -24 -59510
23 -16 22 -16 -55926
22 -15 21 -12 -64606
-24 14 -23 15 -50032
-14 -17 -18 -20 -69968
13 16 12 13 -61064
24 -11 24 -15 -57072
-19 13 -23 12 -65176
-7 12 -9 13 -68440
17 21 16 18 -64604
-13 -14 -17 -15 -62368
-16 -18 -16 -16 -62836
-11 4 -11 0 -68128
-9 0 -5 -3 -75940
1 10 5 11 -67956
10 16 7 13 -65194
4 23 2 24 -52554
10 11 10 6 -61440
8 -24 5 -21 -65176
18 19 21 23 -74754
17 22 -24 12 -68826
15 -22 13 -23 -55762
-1 -5 0 -6 -65650
22 -24 0 -24 -61316
-2 15 -1 21 -64548
11 5 8 6 -73090
8 10 9 12 -58078
11 -16 11 -23 -62966
22 -19 21 -20 -66646
10 9 12 10 -68860
-10 23 -9 18 -66550
12 -9 15 -12 -70216
-24 11 -22 8 -51776
19 1 17 1 -65994
1 -2 1 -3 -66320
16 -15 14 -14 -65374
-18 -3 -16 0 -70852
24 4 21 8 -61958
-24 5 -24 6 -43208
-11 19 -14 18 -61630
21 6 24 -20 -69886
-7 -9 -8 -7 -59760
21 11 23 10 -62894
-24 -9 -18 -10 -62968
11 23 8 23 -52710
6 -9 5 -11 -65896
-4 24 16 24 -63066
24 -3 22 -8 -64576
11 -20 5 -17 -76718
-10 -24 -12 -24 -49620
0 -23 4 -21 -59692
-21 24 -21 17 -62676
-3 21 1 23 -66736
-2 -21 2 -21 -55870
20 13 18 24 -64862
12 -6 11 -5 -73748
0 0 0 1 -66852
-24 11 -22 16 -59506
-17 21 -16 21 -59288
-4 -24 -24 -21 -66904
11 2 10 7 -84282
16 15 18 12 -57068
-3 16 -2 15 -62446
13 14 17 14 -58572
-12 -24 -19 -23 -65556
0 -20 2 -24 -61804
-7 23 -11 23 -61482
23 14 22 7 -68792
22 -4 21 -11 -65672
-7 -21 -4 -18 -66530
-24 -24 -20 -15 -57210
-17 16 -19 16 -59286
21 8 24 10 -58630
-12 24 -20 24 -56488
24 -6 22 -8 -55008
3 -14 0 -19 -70124
-21 -6 -13 -6 -70400
-23 -23 -24 -9 -72960
-3 10 -4 10 -70650
19 -19 19 -23 -68252
-24 -8 -24 -14 -63788
5 0 6 -23 -73268
-15 -20 -16 -23 -67794
-22 -17 -21 -19 -60128
-23 -9 -24 17 -59738
3 -3 4 -1 -68426
13 -24 -15 -24 -58276
3 -10 3 -8 -68594
24 -15 22 -22 -67562
2 16 2 18 -58276
-21 -2 -23 0 -64906
-17 4 -17 6 -53852
19 0 19 -1 -69256
-8 -19 -9 -17 -65200
20 24 16 19 -73422
-24 5 -22 -22 -65446
-20 0 -17 21 -68770
-11 -5 -9 -5 -69840
12 19 11 21 -68634
-9 -19 -10 -19 -64230
5 21 2 19 -69092
4 -18 4 -16 -65464
10 7 12 7 -71232
23 -20 23 -21 -60430
18 -21 16 -20 -61168
-3 18 -5 21 -68542
8 21 14 23 -65218
-24 -5 -24 -3 -55828
-12 -21 -12 -20 -64160
-17 -13 -18 -10 -66396
-7 3 -7 4 -70902
1 0 5 1 -74590
-12 -13 -14 -13 -62670
-2 20 0 21 -67678
0 24 1 22 -55994
12 4 12 7 -72046
9 -19 10 -18 -65002
-10 -14 -9 -13 -68080
1 14 0 12 -62734
-2 -17 -3 -17 -61294
-10 -1 -8 -2 -71590
-12 20 23 17 -71394
17 0 -21 3 -74204
16 -22 19 -20 -60378
23 18 21 9 -66674
-4 24 -5 18 -64310
-23 15 -24 19 -50806
-7 -7 -7 -6 -59610
-12 -13 -12 -12 -66166
11 19 9 24 -60684
23 -11 24 -13 -53080
5 -22 4 -23 -61050
22 2 23 11 -66712
14 -3 14 1 -68778
-13 22 -13 20 -56946
17 11 20 13 -65390
-6 13 -5 13 -66222
2 -18 2 -21 -66772
-2 -21 -2 -20 -67514
-3 -19 -6 -18 -62940
-13 -7 -12 -11 -60362
-12 -14 -10 -13 -70478
19 -2 21 -6 -80926
17 6 17 9 -62744
-13 10 -14 7 -66436
-19 9 -23 6 -63432
-19 3 -23 0 -63584
2 13 2 11 -58388
16 4 16 3 -63314
19 1 20 -2 -73650
-7 -8 -8 -10 -64216
24 13 -24 -21 -67316
10 4 9 1 -70244
24 6 24 -4 -57772
15 -12 18 -11 -68790
-3 -15 -9 -12 -67258
6 7 7 11 -63306
23 -23 23 -22 -49598
-18 0 -21 4 -69568
1 3 2 1 -70082
-1 -14 4 -16 -69430
-22 11 -22 7 -50138
10 6 12 2 -85624
22 2 21 24 -69348
2 1 3 0 -70280
0 -8 0 -10 -70560
-12 23 -11 21 -57900
2 5 2 6 -64650
-20 -8 -20 -9 -59738
3 -12 3 -15 -63758
12 2 12 0 -67936
-20 23 -19 22 -48076
21 22 18 22 -66002
23 -2 21 -3 -66480
-24 -10 -24 -13 -58524
-15 23 -18 21 -62968
-2 -17 -2 -18 -61772
-10 -21 -8 -24 -56770
-11 -12 -9 -15 -71900
16 24 19 24 -61682
-7 -16 -8 -17 -64814
-4 12 -4 10 -53710
-23 0 -24 -3 -53160
-9 -22 -4 -24 -58794
-16 20 -24 22 -60376
21 21 21 24 -33260
9 -11 8 -14 -68854
17 -18 19 -13 -67522
-4 -9 -4 -11 -64856
-7 23 -1 24 -60352
5 10 6 8 -60168
19 1 16 5 -74540
16 24 20 19 -64146
-18 16 -18 19 -53766
3 -2 3 -1 -65454
9 -4 8 -6 -72134
6 -14 10 -17 -73284
15 20 15 22 -64382
-10 -20 -14 -19 -62780
-10 12 -9 17 -71226
21 -23 18 -21 -49178
16 22 13 24 -53358
-3 6 -2 7 -68800
-10 13 -9 14 -64552
-19 11 -17 9 -60610
14 20 13 24 -61432
18 -13 18 -11 -62102
4 12 5 -10 -78414
20 17 22 17 -58794
-6 12 -7 14 -63914
-1 3 -2 1 -67024
18 -8 24 -9 -67534
-1 -11 0 -8 -68366
15 -11 16 -13 -64380
-16 -22 -21 -22 -58414
-24 -14 -22 -18 -61466
-9 3 -11 2 -74616
14 6 16 8 -60528
0 -15 1 -12 -65026
23 1 23 7 -53686
-11 -18 -12 -21 -65210
0 9 1 9 -62734
13 -20 9 -15 -69612
19 12 19 6 -70102
2 0 23 0 -76890
-15 23 -12 17 -67954
-5 0 -5 1 -63000
-14 0 -15 0 -62450
-10 23 -15 23 -57604
-2 3 0 4 -68938
-11 -7 -10 -7 -65496
-11 -9 -11 -5 -58570
12 24 23 24 -66926
8 24 8 23 -26230
-19 11 -19 9 -56054
-6 9 -5 10 -63112
-8 19 -8 20 -63884
18 13 22 15 -68614
8 7 8 5 -65840
-24 0 -24 6 -58840
-18 -21 -12 -24 -64732
12 -17 15 -24 -63130
-10 21 -8 23 -60602
8 -4 6 -5 -71102
-1 -2 1 -5 -72380
0 -22 -6 -21 -61394
10 -14 10 -11 -63022
0 -6 0 -3 -66006
20 -13 24 -13 -66062
-23 -11 -22 -6 -66544
-3 23 1 22 -66182
9 -20 8 -22 -60428
-2 -16 -3 -12 -65340
19 20 21 21 -71530
-11 -14 -10 -15 -68662
-19 22 -17 24 -53352
21 -24 21 -23 -36630
-14 2 -17 0 -65052
-20 -1 -16 -3 -64696
23 -19 24 -17 -55256
11 16 10 18 -65058
-22 15 -23 23 -65210
-15 -3 -14 -5 -59824
-19 -6 -23 -8 -71194
-16 2 -17 3 -60920
12 -21 21 -23 -67082
19 -9 19 -5 -69536
-4 -12 -3 -12 -58532
11 14 12 15 -64990
-10 3 -9 1 -70076
12 9 13 8 -64826
-17 -21 -19 -19 -64866
11 13 9 14 -65346
-10 2 -7 4 -75590
18 -9 20 -8 -63580
-8 -9 -8 -11 -59800
-15 -16 -15 -15 -62440
18 -2 17 -5 -72254
-18 -3 -16 -2 -66996
14 2 16 0 -73848
-16 14 -16 13 -48332
-24 -8 -22 -12 -57582
22 14 21 17 -48548
-17 -11 -17 -13 -61616
0 -11 2 -13 -66340
-12 11 -11 9 -65308
24 -10 24 -18 -57112
-11 13 -12 10 -64892
7 23 4 23 -48310
23 21 24 -8 -68820
-11 12 -12 13 -64046
-24 9 -21 10 -58596
15 21 17 21 -57796
0 -22 -2 -20 -64270
-12 0 -13 -2 -63460
0 22 0 19 -67018
12 18 12 15 -55432
-23 -16 -18 -23 -63240
24 -11 20 -7 -60488
4 -22 7 -24 -68710
-20 18 24 22 -67202
-23 -6 -21 -5 -64622
-24 6 -23 1 -57424
19 10 18 11 -63990
24 -11 2 -12 -76842
-1 -22 -4 -24 -52214
6 -13 4 -10 -66970
9 -2 16 -6 -87064
24 9 23 9 -42452
23 2 24 -8 -69352
1 2 -1 3 -73508
3 -5 4 -5 -66024
-13 7 -13 4 -64636
22 15 23 14 -48730
-11 4 -12 6 -67294
15 10 16 12 -59280
3 -1 2 -1 -72220
18 -19 21 -19 -60244
-20 7 -18 6 -58250
-8 5 -10 5 -71900
8 20 13 24 -62544
-5 -4 -5 -5 -57686
-14 7 -12 7 -58202
-6 5 -7 8 -67196
9 -3 9 0 -63812
13 -14 8 -12 -71042
-22 1 -23 1 -50514
4 7 24 8 -76678
16 -5 16 -9 -70624
12 -16 13 -14 -71130
-3 -5 -2 -5 -55568
11 -17 11 -14 -64646
-2 11 -1 12 -64420
21 -12 22 -11 -63922
19 0 20 0 -70420
15 -21 16 -19 -62062
-18 11 -16 12 -57106
1 -6 0 -6 -55934
22 -13 23 10 -73430
-21 -18 -21 -14 -69482
1 8 1 10 -56988
-12 -12 -12 -15 -69926
5 -8 6 -6 -70294
-12 -18 -11 -15 -67476
