-12 24 -8 22 -64841
-23 -13 -20 -10 -65711
3 12 8 14 -65629
7 -9 8 -10 -64631
3 16 -1 17 -69261
12 0 6 -2 -74303
1 5 0 5 -65511
-13 -5 -16 -7 -62699
-6 24 -2 23 -58289
6 19 8 22 -64063
22 7 23 12 -70627
20 19 20 20 -59505
-16 -4 -16 0 -65225
0 -11 -1 -9 -57603
11 14 13 13 -67567
-23 6 -24 7 -53407
5 8 8 8 -62193
-22 -10 -21 -8 -70717
8 24 16 24 -58045
-19 21 -15 22 -80197
11 -17 9 -13 -63293
-18 7 -17 8 -60131
17 -13 19 -14 -67641
-5 -23 -5 -22 -54681
16 -14 17 -21 -65303
-22 -7 -23 -3 -61055
18 -1 16 -1 -68991
18 24 -18 22 -68573
-22 -16 -18 -15 -62835
-21 21 -19 23 -54243
1 -12 2 -12 -55769
-10 3 -12 3 -69145
-21 8 -24 8 -61779
-15 -12 -12 -10 -63639
-13 8 -13 9 -62893
23 18 24 19 -32555
-21 -7 -22 -6 -62875
-23 -4 -23 -3 -59805
-2 22 -2 23 -56675
-4 -7 -6 -8 -59053
24 -1 20 0 -71277
-6 -15 -6 -12 -54967
-19 -7 -18 -4 -57541
11 16 12 14 -67287
-21 -21 -18 -18 -71731
0 -5 -1 -8 -69023
-10 -3 -9 0 -62261
6 2 5 4 -65193
-2 -8 -7 -5 -64191
-2 18 -5 17 -63563
-12 22 -8 24 -63407
21 -2 23 -6 -60505
-11 9 -11 11 -69653
-23 -2 -21 -3 -66021
4 -23 6 -23 -63465
12 -21 5 -24 -59139
2 -19 1 -16 -67735
-23 2 12 2 -77061
14 1 15 1 -64743
17 -5 13 -7 -64365
-24 -18 -24 -11 -63317
7 -18 8 -15 -72233
4 19 3 20 -63149
5 19 4 16 -66315
-23 20 -23 16 -52047
-8 -4 -9 -5 -61471
-12 11 -12 13 -69117
-10 11 -13 10 -63231
13 0 11 0 -59525
-14 17 -13 19 -69251
-24 -24 4 1 -71015
-5 7 -6 7 -61523
0 8 -1 10 -64479
22 -3 20 -3 -72457
2 1 5 5 -71141
-5 22 -7 24 -51137
19 -12 19 -6 -71433
-7 -18 -7 -16 -61023
21 -24 18 -23 -48915
8 -8 8 -5 -65499
-7 -21 -7 -19 -64827
-14 -4 -14 -3 -58713
24 -22 23 -1 -63319
-21 20 -21 22 -47761
24 19 22 11 -56659
13 -7 15 -8 -63107
-7 7 -8 5 -57123
3 -21 4 -20 -66717
-9 18 -12 19 -67905
9 -5 8 -2 -63875
-17 18 -24 23 -63969
-6 -2 -7 0 -65277
10 -24 10 -23 -30437
-24 -13 -21 -13 -47787
-21 12 -23 14 -50977
-3 -1 -3 0 -63119
12 15 13 9 -67263
6 22 5 18 -68849
2 19 3 19 -65569
-24 1 -24 0 -58865
-4 2 -2 3 -59485
2 15 2 13 -58419
23 21 19 24 -53209
7 16 5 17 -61123
17 -14 15 -15 -63295
24 -15 21 -16 -63039
-16 -22 -17 -23 -63183
-21 20 -22 19 -48141
10 -4 11 -2 -70899
-17 -18 -16 -19 -66825
0 -15 2 -16 -63029
-22 -24 -8 -22 -71563
8 1 8 0 -63627
19 -18 20 -22 -69665
-24 0 -23 2 -62699
-20 18 -19 17 -65325
15 -22 12 -21 -65821
-15 0 -15 3 -58337
-15 -9 -16 -7 -57757
-11 -23 -11 -21 -54677
2 14 4 13 -69529
-2 6 -1 10 -69069
-1 24 0 23 -59325
22 4 20 4 -65923
-8 18 -8 15 -59223
-2 -19 -1 -24 -69537
-20 -12 -23 -24 -79913
23 2 22 0 -50511
16 -7 15 -4 -69795
9 -8 10 -8 -60719
10 0 8 1 -66131
24 7 22 11 -59535
23 -19 19 -22 -65571
16 1 15 0 -66633
15 22 14 20 -65885
-18 -13 -19 -13 -59263
5 -20 7 -20 -63653
-23 22 -2 22 -73189
20 -2 21 0 -68455
17 9 16 9 -61593
15 -22 12 -22 -65047
-10 19 -9 15 -62987
-18 -23 -18 -21 -57703
-18 -23 24 -21 -66227
-21 -14 -20 -16 -67735
-9 -24 -8 -24 -53791
-1 -14 -4 -17 -62507
18 -10 17 -12 -67629
-17 -20 -19 -24 -67027
1 16 3 14 -71765
8 -20 14 -21 -60999
9 -16 8 -17 -68197
14 5 15 3 -61317
11 -11 12 -9 -63421
24 9 17 8 -67467
-17 -19 -16 -24 -64789
-7 -22 -9 -23 -54501
-1 6 -2 7 -68021
-2 13 -3 13 -61449
9 -8 7 -9 -64647
1 -21 5 -24 -58997
6 -21 6 -23 -53265
0 0 1 -20 -79979
-23 17 -24 12 -56263
1 23 -1 19 -72553
16 -2 17 -4 -68205
7 3 8 4 -68141
-6 18 -10 17 -65307
-3 -21 -4 -24 -60499
23 -16 22 -16 -56959
22 -15 21 -12 -64737
-24 14 -23 15 -51157
-14 -17 -18 -20 -71967
13 16 12 13 -64777
24 -11 24 -15 -57489
-19 13 -23 12 -67119
-7 12 -9 13 -66603
17 21 16 18 -68237
-13 -14 -17 -15 -61287
-16 -18 -16 -16 -67593
-11 4 -11 0 -55523
-23 15 -23 -3 -68943
1 10 5 11 -68399
10 16 7 13 -62743
4 23 2 24 -54599
10 11 10 6 -65207
8 -24 5 -21 -60961
-24 -1 23 1 -69835
17 22 -24 12 -72653
15 -22 13 -23 -55711
-1 -5 0 -6 -60257
22 -24 0 -24 -62241
-2 15 -1 21 -63549
11 5 8 6 -66037
8 10 9 12 -58963
11 -16 11 -23 -67089
22 -19 21 -20 -66403
1 -19 -1 -22 -65771
-10 23 -9 18 -66519
-7 0 -6 -7 -71401
-24 11 -22 8 -54541
19 1 17 1 -69787
1 -2 1 -3 -61751
16 -15 14 -14 -68065
-18 -3 -16 0 -73295
24 4 21 8 -58509
-24 5 -24 6 -50245
-11 19 -14 18 -67995
21 6 24 -20 -71371
-7 -9 -8 -7 -60473
21 11 23 10 -60285
-24 -9 -18 -10 -66957
11 23 8 23 -54077
6 -9 5 -11 -61861
-4 24 16 24 -63629
2 -14 23 -14 -73831
0 5 6 5 -76513
-10 -24 -12 -24 -49459
0 -23 4 -21 -62711
-21 24 -21 17 -55177
-3 21 1 23 -69543
-2 -21 2 -21 -58597
20 13 18 24 -70299
12 -6 11 -5 -63019
0 0 0 1 -63899
-24 11 -22 16 -60949
-17 21 -16 21 -76145
-4 -24 -24 -21 -68227
-1 0 0 -2 -67605
16 15 18 12 -60195
-3 16 -2 15 -67573
13 14 17 14 -61221
-12 -24 -19 -23 -65789
0 -20 2 -24 -60073
-7 23 -11 23 -65113
23 14 22 7 -69887
22 -4 21 -11 -64243
-7 -21 -4 -18 -66401
-24 -24 -20 -15 -61465
-17 16 -19 16 -68213
21 8 24 10 -58679
-12 24 -20 24 -65819
24 -6 22 -8 -48463
-15 15 -13 18 -71679
0 -13 -1 -15 -59001
-23 -23 -24 -9 -76659
-14 -2 -12 -1 -69761
19 -19 19 -23 -66193
-24 -8 -24 -14 -65705
0 0 6 1 -73405
-15 -20 -16 -23 -69967
-22 -17 -21 -19 -66081
-16 9 -16 5 -65087
3 -3 4 -1 -66951
13 -24 -15 -24 -58745
3 -10 3 -8 -59333
24 -15 22 -22 -66903
2 16 2 18 -59667
-21 -2 -23 0 -65687
-17 4 -17 6 -57787
19 0 19 -1 -66367
-8 -19 -9 -17 -61627
-23 -14 20 -21 -68953
-24 5 -22 -22 -75507
-24 21 1 20 -72775
6 -3 6 -2 -66179
12 19 11 21 -69761
-9 -19 -10 -19 -58587
5 21 2 19 -69687
4 -18 4 -16 -63565
7 -17 7 -21 -63647
23 -20 23 -21 -60953
18 -21 16 -20 -64891
-3 -2 -5 -2 -60147
8 21 14 23 -68439
-24 -5 -24 -3 -57567
-12 -21 -12 -20 -65413
-17 -13 -18 -10 -65485
-2 1 -5 7 -72109
-8 0 -5 1 -66573
-12 -13 -14 -13 -61071
-2 20 0 21 -70637
0 24 1 22 -60989
12 4 12 7 -59487
9 -19 10 -18 -66091
-10 -14 -9 -13 -62881
1 14 0 12 -62707
-2 -17 -3 -17 -59551
-10 -1 -8 -2 -58105
-12 20 23 17 -71175
-24 15 -23 -14 -68573
16 -22 19 -20 -59187
23 18 21 9 -67285
-4 24 -5 18 -63449
-23 15 -24 19 -46521
-7 -7 -7 -6 -64459
-12 -13 -12 -12 -60247
11 19 9 24 -62961
23 -11 24 -13 -53119
5 -22 4 -23 -60707
22 2 23 11 -62567
14 -3 14 1 -63911
-13 22 -13 20 -54577
17 11 20 13 -64801
-6 13 -5 13 -59619
5 -13 2 -15 -61253
-2 -21 -2 -20 -67581
-3 -19 -6 -18 -60249
-13 -7 -12 -11 -60071
23 -23 22 -19 -59153
-1 -22 -5 -22 -56909
17 6 17 9 -59477
3 23 3 24 -40313
-19 9 -23 6 -66653
-19 3 -23 0 -73943
2 13 2 11 -60527
16 4 16 3 -52779
19 1 20 -2 -68939
-7 -8 -8 -10 -62255
24 13 -24 -21 -71293
10 4 9 1 -66735
24 6 24 -4 -54289
15 -12 18 -11 -67011
-3 1 23 4 -76429
6 7 7 11 -66315
23 -23 23 -22 -46015
-20 5 -4 3 -81129
1 3 2 1 -65379
-19 -14 -19 -22 -86437
-22 11 -22 7 -53579
-18 6 -20 -22 -81029
22 2 21 24 -69053
2 1 3 0 -67155
10 9 11 -24 -74393
-12 23 -11 21 -59289
2 5 2 6 -57945
-20 -8 -20 -9 -61745
3 -12 3 -15 -61543
12 2 12 0 -63439
-20 23 -19 22 -46955
21 22 18 22 -59761
23 -2 21 -3 -68129
-24 -10 -24 -13 -59453
22 -1 23 -1 -63795
-2 -17 -2 -18 -59341
-10 -21 -8 -24 -55575
8 6 -4 -15 -90089
16 24 19 24 -56319
-7 -16 -8 -17 -62489
-4 12 -4 10 -57063
-23 0 -24 -3 -55529
-9 -22 -4 -24 -56997
-16 20 -24 22 -64911
21 21 21 24 -35387
9 -11 8 -14 -63289
17 -18 19 -13 -61437
-4 -9 -4 -11 -58231
-7 23 -1 24 -60775
5 10 6 8 -66749
-14 15 -16 16 -58143
16 24 20 19 -67661
-18 16 -18 19 -56199
8 -10 13 -1 -88765
9 -4 8 -6 -72249
6 3 8 0 -70501
15 20 15 22 -69629
-10 -20 -14 -19 -58795
-10 12 -9 17 -67671
21 -23 18 -21 -61063
16 22 13 24 -53867
-3 6 -2 7 -67589
-10 13 -9 14 -64759
-19 11 -17 9 -63751
14 20 13 24 -62785
18 -13 18 -11 -65197
14 -15 16 -18 -69035
20 17 22 17 -54679
-6 12 -7 14 -66823
-1 3 -2 1 -60477
18 -8 24 -9 -66537
-14 20 -16 20 -71859
15 -11 16 -13 -64569
-16 -22 -21 -22 -58571
-24 -14 -22 -18 -65689
-9 3 -11 2 -65281
14 6 16 8 -62025
-2 -15 0 -3 -80215
23 1 23 7 -48451
-11 -18 -12 -21 -66011
0 9 1 9 -60819
12 -7 12 -12 -68205
19 12 19 6 -71383
4 -17 3 -16 -63733
-15 23 -12 17 -67925
-5 0 -5 1 -58927
-14 0 -15 0 -63247
-10 23 -15 23 -62077
-2 3 0 4 -66581
-11 -7 -10 -7 -54235
-11 -9 -11 -5 -60395
12 24 23 24 -61353
8 24 8 23 -33529
-19 11 -19 9 -56795
-6 9 -5 10 -63837
-8 19 -8 20 -60255
18 13 22 15 -64781
8 7 8 5 -58597
-24 0 -24 6 -69763
-18 -21 -12 -24 -63889
12 -17 15 -24 -65109
-10 21 -8 23 -60941
8 -4 6 -5 -70705
-22 0 -23 3 -66391
10 -8 12 -10 -67371
10 -14 10 -11 -61229
0 -6 0 -3 -65711
20 -13 24 -13 -65105
-23 -11 -22 -6 -69889
-3 23 1 22 -66383
9 -20 8 -22 -61675
-2 -16 -3 -12 -61779
19 20 21 21 -57309
23 23 23 18 -43169
-19 22 -17 24 -55373
21 -24 21 -23 -34783
-14 2 -17 0 -69259
-20 -1 -16 -3 -60585
23 -19 24 -17 -55061
11 16 10 18 -66229
-22 4 -23 3 -62041
-15 -3 -14 -5 -55929
-19 -6 -23 -8 -71185
-16 2 -17 3 -58807
12 -21 21 -23 -71291
19 -9 19 -5 -69867
-4 -12 -3 -12 -55287
11 14 12 15 -64243
-10 3 -9 1 -60383
12 9 13 8 -65561
-17 -21 -19 -19 -66495
11 13 9 14 -65583
9 9 8 12 -68069
18 -9 20 -8 -63705
-8 -9 -8 -11 -58177
-15 -16 -15 -15 -61497
18 -2 17 -5 -64991
-18 -3 -16 -2 -64225
-7 21 0 11 -85517
-16 14 -16 13 -50155
-24 -8 -22 -12 -61815
22 14 21 17 -49585
-17 -11 -17 -13 -60737
0 -11 2 -13 -61585
-12 11 -11 9 -73285
24 -10 24 -18 -57651
-11 13 -12 10 -71417
7 23 4 23 -48603
23 21 24 -8 -65171
-11 12 -12 13 -65511
-24 9 -21 10 -62637
15 21 17 21 -56395
0 -22 -2 -20 -62713
-12 0 -13 -2 -68651
0 22 0 19 -66855
12 18 12 15 -62631
-23 -16 -18 -23 -69481
24 -11 20 -7 -62461
4 -22 7 -24 -65123
-20 18 24 22 -68159
-23 -6 -21 -5 -65063
-24 6 -23 1 -66147
19 10 18 11 -61941
11 20 10 17 -65261
-1 -22 -4 -24 -54975
6 -13 4 -10 -65077
-13 -11 -10 -10 -62889
24 9 23 9 -41625
23 2 24 -8 -60685
1 2 -1 3 -65965
3 -5 4 -5 -60141
-13 7 -13 4 -59813
22 15 23 14 -47771
-11 4 -12 6 -61655
15 10 16 12 -62123
14 6 15 6 -65725
18 -19 21 -19 -64869
-20 7 -18 6 -58539
-8 5 -10 5 -65795
8 20 13 24 -69641
-5 -4 -5 -5 -65897
-14 7 -12 7 -61455
-6 5 -7 8 -60291
9 -3 9 0 -66051
13 -14 8 -12 -64171
-22 1 -23 1 -56149
11 7 12 7 -60355
16 -5 16 -9 -70783
-20 14 -16 19 -71339
-3 -5 -2 -5 -55939
11 -17 11 -14 -61591
-2 11 -1 12 -62135
21 -12 22 -11 -65841
19 0 20 0 -71755
15 -21 16 -19 -59089
-18 11 -16 12 -60343
1 -6 0 -6 -50385
22 -13 23 10 -69211
-21 -18 -21 -14 -76761
1 8 1 10 -61819
-12 -12 -12 -15 -62351
5 -8 6 -6 -67425
-12 -18 -11 -15 -65949
