-12 24 -8 22 -64348
-23 -13 -20 -10 -65048
3 12 8 14 -67140
7 -9 8 -10 -62824
4 -17 7 -20 -74534
8 15 10 15 -55886
10 -17 6 -17 -69490
-13 -5 -16 -7 -67086
-6 24 -2 23 -61154
6 19 8 22 -61732
22 13 19 -16 -82888
20 19 20 20 -59814
-16 -4 -16 0 -67160
0 -11 -1 -9 -60548
11 14 13 13 -65342
-23 6 -24 7 -53246
5 8 8 8 -64930
-22 -10 -21 -8 -73180
8 24 16 24 -58098
-6 14 -5 9 -72006
11 -17 9 -13 -67776
-18 7 -17 8 -65266
17 -13 19 -14 -65032
-5 -23 -5 -22 -54720
16 -14 17 -21 -61740
-22 -7 -23 -3 -61184
-11 -1 -13 -1 -65784
18 24 -18 22 -64984
-22 -16 -18 -15 -58100
-21 21 -19 23 -58762
1 -12 2 -12 -54458
-10 3 -12 3 -71046
-21 8 -24 8 -63478
-15 -12 -12 -10 -72746
-13 8 -13 9 -61428
23 18 24 19 -33880
-21 -7 -22 -6 -61798
-23 -4 -23 -3 -60110
-2 22 -2 23 -58638
-4 -7 -6 -8 -63300
24 -1 20 0 -62798
-6 -15 -6 -12 -59910
-19 -7 -18 -4 -63090
11 16 12 14 -64894
9 0 2 -2 -71066
0 -5 -1 -8 -63178
-10 -3 -9 0 -68160
6 2 5 4 -60768
-4 23 -1 24 -59700
-2 18 -5 17 -64370
-12 22 -8 24 -64862
21 -2 23 -6 -63598
-11 9 -11 11 -65064
-23 -2 -21 -3 -68664
4 -23 6 -23 -63944
12 -21 5 -24 -60424
2 -19 1 -16 -72154
10 -11 12 -13 -70330
14 1 15 1 -59944
17 -5 13 -7 -61368
-24 -18 -24 -11 -57298
-3 -18 -3 -16 -72442
4 19 3 20 -58994
5 19 4 16 -62338
-23 20 -23 16 -55188
-8 -4 -9 -5 -66790
-12 11 -12 13 -67266
-10 11 -13 10 -63568
13 0 11 0 -58824
-14 17 -13 19 -67422
-24 -24 4 1 -66398
-5 7 -6 7 -59300
0 8 -1 10 -63418
22 -3 20 -3 -58712
2 1 5 5 -63424
-5 22 -7 24 -52756
21 6 22 9 -64284
-7 -18 -7 -16 -64634
21 -24 18 -23 -46962
8 -8 8 -5 -61288
-7 -21 -7 -19 -64684
-14 -4 -14 -3 -63578
24 -22 23 -1 -59464
-21 20 -21 22 -60324
24 19 22 11 -62608
13 -7 15 -8 -60424
-7 7 -8 5 -63250
3 20 4 23 -63744
-9 18 -12 19 -73164
9 -5 8 -2 -60820
-17 18 -24 23 -65666
-6 -2 -7 0 -66682
10 -24 10 -23 -28788
-24 -13 -21 -13 -47498
-21 12 -23 14 -51314
-3 -1 -3 0 -70268
12 15 13 9 -71230
-18 -24 -17 -2 -75146
2 19 3 19 -57534
-24 1 -24 0 -53032
-4 2 -2 3 -62024
2 15 2 13 -62854
23 21 19 24 -51700
7 16 5 17 -59998
17 -14 15 -15 -62050
24 -15 21 -16 -62180
-16 -22 -17 -23 -55696
-21 20 -22 19 -49452
10 -4 11 -2 -69628
-17 -18 -16 -19 -69324
0 -15 2 -16 -63676
-22 -24 -8 -22 -72308
8 1 8 0 -60102
-7 -18 -9 -20 -73466
-24 0 -23 2 -56168
-20 18 -19 17 -62504
15 -22 12 -21 -64150
-15 0 -15 3 -60916
-15 -9 -16 -7 -64766
-11 -23 -11 -21 -53982
6 -8 13 -3 -83896
-2 6 -1 10 -69242
-1 24 0 23 -59506
22 4 20 4 -65576
-8 18 -8 15 -60950
-2 -19 -1 -24 -71498
-3 -6 -5 -4 -70190
23 2 22 0 -45362
16 -7 15 -4 -66252
9 -8 10 -8 -62036
10 0 8 1 -59252
24 7 22 11 -54116
23 -19 19 -22 -63412
16 1 15 0 -59602
15 22 14 20 -65904
-18 -13 -19 -13 -58802
5 -20 7 -20 -70380
-23 22 -2 22 -72242
-19 -14 -2 -17 -87822
17 9 16 9 -64358
15 -22 12 -22 -64526
-10 19 -9 15 -68318
-18 -23 -18 -21 -54480
-18 -23 24 -21 -68072
-21 -14 -20 -16 -65604
-9 -24 -8 -24 -59804
-1 -14 -4 -17 -67080
18 -10 17 -12 -64866
-17 -20 -19 -24 -56810
1 16 3 14 -63102
8 -20 14 -21 -61600
9 -16 8 -17 -64060
14 5 15 3 -59780
11 -11 12 -9 -60972
24 9 17 8 -70404
-17 -19 -16 -24 -64224
-7 -22 -9 -23 -62332
-1 6 -2 7 -62528
-2 13 -3 13 -58470
9 -8 7 -9 -67294
1 -21 5 -24 -62892
6 -21 6 -23 -50090
12 0 10 -2 -69274
-23 17 -24 12 -58010
1 23 -1 19 -70648
16 -2 17 -4 -63716
7 3 8 4 -66738
-6 18 -10 17 -64078
-3 -21 -4 -24 -60384
23 -16 22 -16 -56310
22 -15 21 -12 -64302
-24 14 -23 15 -52104
-14 -5 -16 -11 -73260
13 16 12 13 -68878
24 -11 24 -15 -57992
-19 13 -23 12 -67896
-7 12 -9 13 -65500
17 21 16 18 -67576
-13 -14 -17 -15 -68186
-16 -18 -16 -16 -60694
-11 4 -11 0 -59584
-23 15 -23 -3 -63056
1 10 5 11 -70342
24 -2 -22 -5 -67056
4 23 2 24 -52656
10 11 10 6 -70722
8 -24 5 -21 -64512
-24 -24 18 -13 -67548
15 16 16 16 -65470
15 -22 13 -23 -55344
-1 -5 0 -6 -60396
22 -24 0 -24 -59178
-2 15 -1 21 -67804
11 5 8 6 -62544
8 10 9 12 -64478
11 -16 11 -23 -63050
22 -19 21 -20 -64232
1 -19 -1 -22 -63916
-10 23 -9 18 -66194
-7 15 -6 12 -68682
-24 11 -22 8 -56238
19 1 17 1 -53318
-19 1 -24 6 -72784
16 -15 14 -14 -65650
-18 15 -16 16 -62082
24 4 21 8 -57202
-24 5 -24 6 -41110
-11 19 -14 18 -66400
21 6 24 -20 -70072
-7 -9 -8 -7 -67842
21 11 23 10 -59818
-24 -9 -18 -10 -67416
11 23 8 23 -54800
6 -9 5 -11 -62400
-4 24 16 24 -61238
-20 23 -21 20 -61848
22 18 23 14 -66800
-10 -24 -12 -24 -52242
0 -23 4 -21 -57718
-21 24 -21 17 -66766
-8 -6 9 -2 -76760
-2 -21 2 -21 -60202
20 13 19 21 -70836
12 -6 11 -5 -59136
0 0 0 1 -63788
-24 11 -22 16 -63372
-17 21 -16 21 -63188
-4 -24 -24 -21 -71128
-1 0 0 -2 -71942
16 15 18 12 -66116
-3 16 -2 15 -64170
13 14 17 14 -71490
-12 -24 -19 -23 -66422
0 -20 2 -24 -63596
-7 23 -11 23 -65542
23 14 22 7 -56992
22 -4 21 -11 -56932
-1 -1 0 -4 -69316
-24 -24 -20 -15 -44358
-8 5 -8 4 -57542
21 8 24 10 -57252
-12 24 -20 24 -58698
24 -6 22 -8 -43216
-15 15 -13 18 -67880
0 -13 -1 -15 -61434
-23 -23 -24 -9 -67198
0 -10 0 -14 -65762
19 -19 19 -23 -55922
-24 -8 -24 -14 -65996
20 4 19 4 -63332
-15 -20 -16 -23 -62508
-22 -17 -21 -19 -60050
-16 9 -16 5 -65798
3 -3 4 -1 -66540
13 -24 -15 -24 -63528
3 -10 3 -8 -56888
24 -15 22 -22 -63488
2 16 2 18 -59992
-21 -2 -23 0 -71194
-17 4 -17 6 -57134
19 0 19 -1 -52732
-21 5 -24 23 -63812
-23 -14 20 -21 -74136
-24 5 -22 -22 -69254
-24 21 1 20 -73662
6 -3 6 -2 -63386
12 19 11 21 -69156
-9 -19 -10 -19 -70184
5 21 2 19 -66748
4 -18 4 -16 -61914
7 -17 7 -21 -61324
23 -20 23 -21 -54758
18 -21 16 -20 -62500
-3 -2 -5 -2 -61214
8 21 14 23 -69906
-24 -5 -24 -3 -58038
-12 -21 -12 -20 -64118
-17 -13 -18 -10 -67412
22 -2 22 -3 -56240
-8 0 -5 1 -66970
-12 -13 -14 -13 -70990
-2 20 0 21 -63796
0 24 1 22 -62144
12 4 12 7 -58026
9 -19 10 -18 -64168
-10 -14 -9 -13 -69598
1 14 0 12 -69482
-2 -17 -3 -17 -65620
-10 -1 -8 -2 -62186
-12 20 23 17 -70212
-24 15 -23 -14 -66196
16 -22 19 -20 -57906
23 18 21 9 -68078
-4 24 -5 18 -64252
-23 15 -24 19 -49664
-7 -7 -7 -6 -64312
-12 -13 -12 -12 -63870
11 19 9 24 -62324
23 -11 24 -13 -52248
5 -22 4 -23 -52484
22 2 23 11 -65422
14 -3 14 1 -61646
-13 22 -13 20 -58272
17 11 20 13 -66858
-6 13 -5 13 -58724
5 -13 2 -15 -58592
-2 -21 -2 -20 -69080
-3 -19 -6 -18 -69292
-13 -7 -12 -11 -66232
23 -23 22 -19 -53596
-1 -22 -5 -22 -65560
17 6 17 9 -56408
3 23 3 24 -44364
-19 9 -23 6 -68226
-19 3 -23 0 -70152
2 13 2 11 -64838
16 4 16 3 -51338
-18 0 -18 -1 -62148
-7 -8 -8 -10 -65186
24 13 -24 2 -68808
10 4 9 1 -66300
24 6 24 -4 -55022
15 -12 18 -11 -65462
-7 -18 -8 -17 -66864
6 7 7 11 -70998
23 -23 23 -22 -43998
-18 10 -17 11 -68228
1 3 2 1 -65708
-12 -13 -7 -14 -73082
-22 11 -22 7 -56010
-17 -18 -11 -18 -73738
22 2 21 24 -70436
2 1 3 0 -63108
-2 10 -24 9 -73564
-12 23 -11 21 -56352
2 5 2 6 -55452
-20 -8 -20 -9 -66154
3 -12 3 -15 -64822
12 2 12 0 -61370
-20 23 -19 22 -48544
21 22 18 22 -61388
-7 -21 -1 -23 -70966
-24 -10 -24 -13 -59380
22 -1 23 -1 -54294
-2 -17 -2 -18 -71386
-10 -21 -8 -24 -57758
-16 22 -16 19 -62534
16 24 19 24 -58320
-7 -16 -8 -17 -70130
-4 12 -4 10 -63800
-23 0 -24 -3 -54736
-9 -22 -4 -24 -66348
-16 20 -24 22 -62502
21 21 21 24 -34414
9 -11 8 -14 -63500
17 -18 19 -13 -62178
-4 -9 -4 -11 -59222
-7 23 -1 24 -65152
5 10 6 8 -67548
-14 15 -16 16 -57028
16 24 20 19 -67676
-18 16 -18 19 -56328
0 5 2 5 -59994
9 -4 8 -6 -70426
-10 -12 -2 -13 -76550
15 20 15 22 -68124
-10 -20 -14 -19 -69626
-10 12 -9 17 -64198
21 -23 18 -21 -57470
16 22 13 24 -55616
-3 6 -2 7 -66028
-10 16 -12 18 -71056
-19 11 -17 9 -62918
14 20 13 24 -63344
18 -13 18 -11 -62788
14 -15 16 -18 -66598
20 17 22 17 -55848
-18 -5 -10 -7 -73496
-1 3 -2 1 -60908
18 -8 24 -9 -62506
-14 20 -16 20 -64102
15 -11 16 -13 -64588
-16 -22 -21 -22 -55256
-24 -14 -22 -18 -62588
-9 3 -11 2 -67552
14 6 16 8 -65806
-6 -2 -6 -1 -66176
23 1 23 7 -51368
-11 -18 -12 -21 -66060
0 9 1 9 -57446
12 -7 12 -12 -65372
15 21 20 -7 -80466
4 -17 3 -16 -66654
4 5 7 5 -70090
-5 0 -5 1 -62952
3 12 2 12 -63316
-10 23 -15 23 -61142
-2 3 0 4 -63230
-11 -7 -10 -7 -63980
-11 -9 -11 -5 -66846
12 24 23 24 -63226
8 24 8 23 -33880
-19 11 -19 9 -61418
-6 9 -5 10 -62138
-8 19 -8 20 -60918
18 13 22 15 -65208
8 7 8 5 -58972
-11 -6 -10 -3 -71140
-18 -21 -12 -24 -68306
12 -17 15 -24 -61014
-10 21 -8 23 -60986
8 -4 6 -5 -73194
-22 0 -23 3 -61236
-8 -8 -5 -10 -70132
10 -14 10 -11 -63424
0 -6 0 -3 -62152
20 -13 24 -13 -63930
-23 -11 -22 -6 -71666
-3 23 1 22 -63818
9 -20 8 -22 -59342
-2 -16 -3 -12 -70406
19 20 21 21 -58648
23 23 23 18 -44826
-19 22 -17 24 -52114
21 -24 21 -23 -33152
-14 2 -17 0 -62132
-20 -1 -16 -3 -65904
23 -19 24 -17 -54274
11 16 10 18 -65668
-22 4 -23 3 -56802
-15 -3 -14 -5 -62042
-19 -6 -23 -8 -72928
-16 2 -17 3 -63358
12 -21 21 -23 -69072
19 -9 19 -5 -62384
-4 -12 -3 -12 -64292
11 14 12 15 -68366
-10 3 -9 1 -62652
12 9 13 8 -64090
-17 -21 -19 -19 -68448
-2 18 -2 12 -69480
9 9 8 12 -69174
18 -9 20 -8 -59878
-8 -9 -8 -11 -62388
-15 -16 -15 -15 -59912
18 -2 17 -5 -63266
-18 -3 -16 -2 -64346
12 14 11 12 -69990
-16 14 -16 13 -50912
-24 -8 -22 -12 -63246
22 14 21 17 -68980
-17 -11 -17 -13 -63246
0 -11 2 -13 -65442
-16 0 -18 0 -65026
24 -10 24 -18 -58216
-11 13 -12 10 -69420
7 23 4 23 -48802
23 21 24 -8 -72136
-11 12 -12 13 -65800
-24 9 -21 10 -64352
15 21 17 21 -61306
0 -22 -2 -20 -66512
-12 0 -13 -2 -65962
0 22 0 19 -68014
12 18 12 15 -62544
-23 -16 -18 -23 -66364
24 -11 20 -7 -56712
4 -22 7 -24 -68866
-20 18 24 22 -65270
-23 -6 -21 -5 -66876
4 -2 5 16 -82874
19 10 18 11 -59896
11 20 10 17 -63154
-1 -22 -4 -24 -57130
6 -13 4 -10 -66878
-13 -11 -10 -10 -72276
24 9 23 9 -40996
23 2 24 -8 -64116
1 2 -1 3 -64558
3 -5 4 -5 -57472
-13 7 -13 4 -63712
22 15 23 14 -55406
-11 4 -12 6 -63992
15 10 16 12 -65574
14 6 15 6 -64352
18 -19 21 -19 -63444
-20 7 -18 6 -61416
-8 5 -10 5 -65400
8 20 13 24 -69768
-5 -4 -5 -5 -64850
-14 7 -12 7 -59594
-6 5 -7 8 -63274
9 -3 9 0 -64950
13 -14 8 -12 -71904
-22 1 -23 1 -59008
11 7 12 7 -62048
16 -5 16 -9 -65002
1 -1 -2 -4 -65278
-3 -5 -2 -5 -62404
11 -17 11 -14 -57960
-2 11 -1 12 -63520
21 -12 22 -11 -63618
10 8 12 10 -66212
15 -21 16 -19 -55588
-18 11 -16 12 -67160
1 -6 0 -6 -54590
22 -13 23 10 -75688
-21 -18 -21 -14 -64260
1 8 1 10 -63118
-12 -12 -12 -15 -64912
5 -8 6 -6 -67106
-12 -18 -11 -15 -67628
