-12 24 -8 22 -70787
-23 -13 -20 -10 -51987
3 12 8 14 -69467
7 -9 8 -10 -62601
2 8 2 9 -59125
8 15 10 15 -61707
10 -17 6 -17 -68807
-13 -5 -16 -7 -59791
-6 24 -2 23 -63887
6 19 8 22 -70673
-1 -24 1 -3 -70719
20 19 20 20 -64595
-16 -4 -16 0 -74681
0 -11 -1 -9 -59301
11 14 13 13 -64885
-23 6 -24 7 -52755
5 8 8 8 -61449
-12 9 18 10 -83277
8 24 16 24 -52739
-5 3 23 2 -81617
17 10 18 13 -66381
-18 7 -17 8 -65285
17 -13 19 -14 -67473
-5 -23 -5 -22 -55101
16 -14 17 -21 -63863
-22 -7 -23 -3 -60029
-11 -1 -13 -1 -62933
18 24 -18 22 -73345
-22 -16 -18 -15 -50605
-21 21 -19 23 -60635
1 -12 2 -12 -55913
-10 3 -12 3 -71397
-21 8 -24 8 -61341
-15 -12 -12 -10 -63687
-13 8 -13 9 -64373
23 18 24 19 -35647
-21 -7 -22 -6 -57403
-23 -4 -23 -3 -59593
-2 22 -2 23 -57051
-4 -7 -6 -8 -65313
24 -1 20 0 -62505
-6 -15 -6 -12 -60837
-19 -7 -18 -4 -55587
11 16 12 14 -63177
6 19 5 24 -71589
0 -5 -1 -8 -68417
-9 3 -6 10 -71757
6 2 5 4 -61077
-4 23 -1 24 -59295
-2 18 -5 17 -64731
-12 22 -8 24 -69685
21 -2 23 -6 -64219
-11 9 -11 11 -67951
-23 -2 -21 -3 -64015
4 -23 6 -23 -60889
12 -21 5 -24 -62207
2 -19 1 -16 -60941
10 -11 12 -13 -66615
14 1 15 1 -65939
17 -5 13 -7 -69515
-24 -18 -24 -11 -54975
-10 22 -6 19 -78429
4 19 3 20 -68693
5 19 4 16 -67969
-23 20 -23 16 -56663
-8 -4 -9 -5 -68577
-12 11 -12 13 -70219
-10 11 -13 10 -63279
13 0 11 0 -60069
-14 17 -13 19 -68879
22 -8 23 6 -71337
-5 7 -6 7 -63411
0 8 -1 10 -66839
22 -3 20 -3 -59285
2 1 5 5 -74359
-5 22 -7 24 -58519
21 6 22 9 -61405
-7 -18 -7 -16 -57021
21 -24 18 -23 -49895
8 -8 8 -5 -59663
-7 -21 -7 -19 -62067
-14 -4 -14 -3 -64057
24 -22 23 -1 -55947
-21 20 -21 22 -60737
24 19 22 11 -59763
13 -7 15 -8 -65591
1 -13 24 -8 -79869
3 20 4 23 -70373
21 22 24 16 -60839
9 -5 8 -2 -62965
-17 18 -24 23 -66351
-6 -2 -7 0 -71029
10 -24 10 -23 -28783
-24 -13 -21 -13 -37619
-21 12 -23 14 -50763
-3 -1 -3 0 -69095
12 15 13 9 -70327
-5 1 6 5 -86051
2 19 3 19 -63247
-24 1 -24 0 -50941
-4 2 -2 3 -64497
2 15 2 13 -63139
23 21 19 24 -52153
7 16 5 17 -67109
17 -14 15 -15 -68235
24 -15 21 -16 -62959
-16 -22 -17 -23 -56227
-21 20 -22 19 -50845
10 -4 11 -2 -67353
-17 -18 -16 -19 -67655
17 -9 13 -10 -75265
-22 -24 -8 -22 -73953
8 1 8 0 -63107
-7 -18 -9 -20 -71491
-24 0 -23 2 -51033
-20 18 -19 17 -64179
15 -22 12 -21 -64051
-15 0 -15 3 -62255
-15 -9 -16 -7 -56809
-11 -23 -11 -21 -53951
6 10 -2 12 -88675
-2 6 -1 10 -67141
-1 24 0 23 -60207
22 4 20 4 -65737
-8 18 -8 15 -62407
-2 -19 -1 -24 -69187
-3 -6 -5 -4 -68085
23 2 22 0 -47157
16 -7 15 -4 -65153
9 -8 10 -8 -58583
10 0 8 1 -58479
24 7 22 11 -56111
23 -19 19 -22 -66199
16 1 15 0 -64631
15 22 14 20 -60191
-18 -13 -19 -13 -52093
5 -20 7 -20 -68703
-23 22 -2 22 -74183
11 19 8 18 -64275
17 9 16 9 -65725
15 -22 12 -22 -64697
-10 19 -9 15 -70779
-18 -23 -18 -21 -52401
-18 -23 24 -21 -68495
-21 -14 -20 -16 -63829
-9 -24 -8 -24 -59593
-1 -14 -4 -17 -65003
18 -10 17 -12 -67489
-17 -20 -19 -24 -56101
1 16 3 14 -80001
8 -20 14 -21 -63219
9 -16 8 -17 -67863
14 5 18 3 -71985
11 -11 12 -9 -60565
24 9 17 8 -68605
-17 -19 -16 -24 -61661
-7 -22 -9 -23 -62219
-1 6 -2 7 -73417
-2 13 -3 13 -61025
9 -8 7 -9 -63709
1 -2 5 -4 -74497
6 -21 6 -23 -47631
12 0 10 -2 -68335
-23 17 -24 12 -58155
1 -22 -22 -24 -68881
16 -2 17 -4 -63747
7 3 8 4 -68367
-6 18 -10 17 -70483
-3 -21 -4 -24 -59717
23 -16 22 -16 -58883
22 -15 21 -12 -67987
-24 14 -23 15 -51023
-8 -14 -6 -14 -63833
13 16 12 13 -71411
24 -11 24 -15 -59685
-19 13 -23 12 -65971
-7 12 -9 13 -64925
17 21 16 18 -66975
-13 -14 -17 -15 -64127
-16 -18 -16 -16 -56661
-11 4 -11 0 -66915
-23 15 -23 -3 -63103
1 10 5 11 -79547
24 -2 -22 -5 -70247
4 23 2 24 -54813
10 11 10 6 -67711
8 -24 5 -21 -58875
-24 -24 18 -13 -65021
15 16 16 16 -65157
15 -22 13 -23 -55455
-1 -5 0 -6 -62473
22 -24 0 -24 -69685
-2 15 -1 21 -66189
11 5 8 6 -62893
8 10 9 12 -64193
11 -16 11 -23 -64561
22 -19 21 -20 -65843
1 -19 -1 -22 -61019
-10 23 -9 18 -70663
-7 15 -6 12 -65039
-24 11 -22 8 -55501
19 1 17 1 -58071
-19 1 -24 6 -68921
16 -15 14 -14 -68989
-18 15 -16 16 -61981
24 4 21 8 -56775
-24 5 -24 6 -40269
-11 19 -14 18 -68955
-17 1 -15 -6 -79389
-7 -9 -8 -7 -65737
21 11 23 10 -61289
-9 20 -12 20 -78979
11 23 8 23 -50257
6 -9 5 -11 -62937
-4 24 16 24 -66921
-20 23 -21 20 -62953
22 18 23 14 -56873
-10 -24 -12 -24 -52573
0 -23 4 -21 -57587
-21 24 -21 17 -68419
9 -14 10 -18 -63133
-2 -21 2 -21 -58941
20 13 19 21 -68485
12 -6 11 -5 -59295
0 0 0 1 -64719
-24 11 -22 16 -62701
-17 21 -16 21 -63293
-4 -24 -24 -21 -72481
-1 0 0 -2 -67625
16 15 18 12 -64299
-3 16 -2 15 -62403
13 14 17 14 -71557
-12 -24 -19 -23 -67341
0 -20 2 -24 -56459
-7 23 -11 23 -73233
23 14 22 7 -57445
22 -4 21 -11 -54677
-16 20 14 18 -84567
-24 -24 -20 -15 -40135
-8 5 -8 4 -62943
21 8 24 10 -57071
-12 24 -20 24 -59069
24 -6 22 -8 -44209
-15 15 -13 18 -69029
0 -13 -1 -15 -61861
-23 -23 -24 -9 -61949
0 -10 0 -14 -64569
19 -19 19 -23 -57113
-24 -8 -24 -14 -59643
20 4 19 4 -66185
-15 -20 -16 -23 -61307
-22 -17 -21 -19 -56417
-16 9 -16 5 -67235
3 -3 4 -1 -64031
13 -24 -15 -24 -60443
3 -10 3 -8 -57407
24 -15 22 -22 -65665
2 16 2 18 -71663
-21 -2 -23 0 -67891
-17 4 -17 6 -57899
19 0 19 -1 -54877
-21 5 -24 23 -65739
0 -20 24 -20 -80927
-24 -10 -7 -22 -79755
-24 21 1 20 -73725
6 -3 6 -2 -63175
12 19 11 21 -69879
-9 -19 -10 -19 -69297
5 21 2 19 -68791
4 -18 4 -16 -58257
7 -17 7 -21 -58659
23 -20 23 -21 -56139
18 -21 16 -20 -64257
-3 -2 -5 -2 -70061
0 3 0 5 -63545
-24 -5 -24 -3 -56097
-12 -21 -12 -20 -62757
-17 -13 -18 -10 -63975
22 -2 22 -3 -59701
-8 0 -5 1 -72341
-12 -13 -14 -13 -66069
-2 20 0 21 -60877
0 24 1 22 -64349
12 4 12 7 -56175
9 -19 10 -18 -66435
-10 -14 -9 -13 -65765
1 14 0 12 -65443
-2 -17 -3 -17 -64871
-10 -1 -8 -2 -64223
-12 20 23 17 -80541
-24 15 -23 -14 -61757
16 -22 19 -20 -60107
23 18 21 9 -66359
-4 24 -5 18 -63111
-23 15 -24 19 -50587
-7 -7 -7 -6 -62695
-12 -13 -12 -12 -61979
11 19 9 24 -70605
23 -11 24 -13 -55301
5 -22 4 -23 -54247
22 2 23 11 -62785
14 -3 14 1 -64609
-13 22 -13 20 -61269
-6 -18 24 -15 -80993
-6 13 -5 13 -59647
5 -13 2 -15 -66007
-2 -21 -2 -20 -65055
-3 -19 -6 -18 -67679
-13 -7 -12 -11 -59899
23 -23 22 -19 -54815
-1 -22 -5 -22 -66737
17 6 17 9 -55485
3 23 3 24 -50187
-19 9 -23 6 -67353
-6 11 -6 12 -67161
2 13 2 11 -62901
16 4 16 3 -49203
-18 0 -18 -1 -64009
-7 -8 -8 -10 -63703
24 13 -24 2 -69415
10 4 9 1 -69801
24 6 24 -4 -56907
15 -12 18 -11 -77325
-7 -18 -8 -17 -65109
6 7 7 11 -67339
23 -23 23 -22 -44115
-18 10 -17 11 -68481
1 3 2 1 -70129
-12 -13 -7 -14 -67483
-22 11 -22 7 -56183
-17 -18 -11 -18 -71849
22 2 21 24 -70755
2 1 3 0 -67823
-8 0 -10 -3 -72953
-12 23 -11 21 -59735
2 5 2 6 -66105
-20 -8 -20 -9 -52085
3 -12 3 -15 -62187
12 2 12 0 -70091
-20 23 -19 22 -49453
21 22 18 22 -60765
-7 -21 -1 -23 -71289
-24 -10 -24 -13 -55361
22 -1 23 -1 -54625
-17 0 -21 -1 -65711
-10 -21 -8 -24 -58311
-16 22 -16 19 -65515
16 24 19 24 -60843
-7 -16 -8 -17 -67725
-4 12 -4 10 -64473
-23 0 -24 -3 -51713
-9 -22 -4 -24 -67563
-16 20 -24 22 -63067
21 21 21 24 -39721
9 -11 8 -14 -64653
17 -18 19 -13 -65473
-4 -9 -4 -11 -60211
-7 23 -1 24 -66635
0 15 3 12 -80221
-14 15 -16 16 -58101
16 24 20 19 -66255
-18 16 -18 19 -60219
0 5 2 5 -70625
9 -4 8 -6 -63709
0 -16 6 -16 -68297
24 -18 22 -14 -50539
-10 -20 -14 -19 -68279
-10 12 -9 17 -67035
21 -23 18 -21 -59581
16 22 13 24 -58153
4 6 3 7 -67245
-10 16 -12 18 -72529
-19 11 -17 9 -64061
14 20 13 24 -62003
18 -13 18 -11 -61311
14 -15 16 -18 -68761
20 17 22 17 -56253
-16 24 -13 5 -76843
-1 3 -2 1 -63409
18 -8 24 -9 -64095
-14 20 -16 20 -64759
15 -11 16 -13 -64021
-16 -22 -21 -22 -53741
-24 -14 -22 -18 -58129
-9 3 -11 2 -68831
14 6 16 8 -66681
-6 -2 -6 -1 -64837
23 1 23 7 -47867
-11 -18 -12 -21 -64637
0 9 1 9 -70037
12 -7 12 -12 -63073
18 20 19 23 -60925
4 -17 3 -16 -60937
4 0 7 0 -69061
-5 0 -5 1 -67465
3 12 2 12 -78239
-10 23 -15 23 -64765
-2 3 0 4 -67369
-8 0 -14 -5 -81179
-11 -9 -11 -5 -59669
12 24 23 24 -65283
8 24 8 23 -42801
-19 11 -19 9 -62493
-6 9 -5 10 -64371
-8 19 -8 20 -62785
18 13 22 15 -61973
8 7 8 5 -59189
13 -1 13 5 -71317
-18 -21 -12 -24 -67885
12 -17 15 -24 -63377
-10 21 -8 23 -63773
8 -4 6 -5 -66321
-22 0 -23 3 -58643
-8 -8 -5 -10 -65799
10 -14 10 -11 -62497
0 -6 0 -3 -63365
20 -13 24 -13 -66267
-23 -11 -22 -6 -54879
-3 23 1 22 -64615
9 -20 8 -22 -60209
-7 0 -8 4 -76063
19 20 21 21 -61853
23 23 23 18 -51213
-19 22 -17 24 -52965
21 -24 21 -23 -32639
-14 2 -17 0 -62283
-20 -1 -16 -3 -67929
23 -19 24 -17 -55601
11 16 10 18 -65315
-22 4 -23 3 -52291
-15 -3 -14 -5 -62477
1 -6 -4 -8 -72983
-16 2 -17 3 -64553
12 -21 21 -23 -71609
19 -9 19 -5 -60135
-4 -12 -3 -12 -60677
11 14 12 15 -73449
-10 3 -9 1 -72137
12 9 13 8 -64573
-17 -21 -19 -19 -66553
0 20 20 19 -77685
9 9 8 12 -64081
18 -9 20 -8 -62785
-8 -9 -8 -11 -60715
-15 -16 -15 -15 -57715
18 -2 17 -5 -64393
-18 -3 -16 -2 -64109
12 14 11 12 -73531
-16 14 -16 13 -53963
-24 -8 -22 -12 -55231
8 24 7 20 -65961
-17 -11 -17 -13 -58023
0 -11 2 -13 -60223
-16 0 -18 0 -67143
24 -10 24 -18 -63123
-11 13 -12 10 -72067
7 23 4 23 -53475
23 21 24 -8 -67677
-11 12 -12 13 -66997
-24 9 -21 10 -63063
15 21 17 21 -63079
0 -22 -2 -20 -65303
-12 0 -13 -2 -68309
0 22 0 19 -66451
12 18 12 15 -63181
-23 -16 -18 -23 -63011
24 -11 20 -7 -56773
4 -22 7 -24 -61975
-20 18 24 22 -71979
-23 -6 -21 -5 -46925
-3 2 -6 3 -75607
19 10 18 11 -60133
11 20 10 17 -66069
-1 -22 -4 -24 -57329
6 -13 4 -10 -64953
-13 -11 -10 -10 -63041
24 9 23 9 -42387
23 2 24 -8 -65007
1 2 -1 3 -73981
3 -5 4 -5 -66021
-13 7 -13 4 -65565
22 15 23 14 -53225
-11 4 -12 6 -65451
15 10 16 12 -70729
14 6 15 6 -69765
18 -19 21 -19 -67137
-20 7 -18 6 -61995
-8 5 -10 5 -66989
-4 -15 -4 -14 -58851
-5 -4 -5 -5 -63961
-14 7 -12 7 -59127
-6 5 -7 8 -66759
9 -3 9 0 -66635
13 -14 8 -12 -67917
-22 1 -23 1 -54247
11 7 12 7 -64671
16 -5 16 -9 -61987
1 -1 -2 -4 -67011
-3 -5 -2 -5 -67081
11 -17 11 -14 -59501
-2 11 -1 12 -63679
21 -12 22 -11 -63727
10 8 12 10 -67669
15 -21 16 -19 -57095
-18 11 -16 12 -66849
1 -6 0 -6 -58375
3 16 3 18 -71685
-21 -18 -21 -14 -60911
8 0 -21 10 -80001
-12 -12 -12 -15 -63315
5 -8 6 -6 -64819
-12 -18 -11 -15 -64881
