-12 24 -8 22 -61390
-23 -13 -20 -10 -56232
3 12 8 14 -66994
7 -9 8 -10 -65164
2 8 2 9 -67122
8 15 10 15 -59388
10 -17 6 -17 -67742
-13 -5 -16 -7 -63926
-6 24 -2 23 -60476
6 19 8 22 -69556
-1 -24 1 -3 -72116
20 19 20 20 -64362
-16 -4 -16 0 -67334
0 -11 -1 -9 -60708
11 14 13 13 -65200
-23 6 -24 7 -53598
5 8 8 8 -59596
11 -15 11 -14 -70200
8 24 16 24 -49054
-3 -19 0 -16 -72516
17 10 18 13 -65608
-18 7 -17 8 -69418
17 -13 19 -14 -64616
-5 -23 -5 -22 -55456
16 -14 17 -21 -65978
-22 -7 -23 -3 -61488
-11 -1 -13 -1 -63194
18 24 -18 22 -58316
-22 -16 -18 -15 -53924
-21 21 -19 23 -57770
1 -12 2 -12 -62268
-10 3 -12 3 -69628
-21 8 -24 8 -62504
-15 -12 -12 -10 -66652
-13 8 -13 9 -64502
23 18 24 19 -35736
-21 -7 -22 -6 -59172
-23 -4 -23 -3 -63800
-2 22 -2 23 -56264
-4 -7 -6 -8 -68724
24 -1 20 0 -62476
-6 -15 -6 -12 -64286
-19 -7 -18 -4 -63492
11 16 12 14 -65338
6 19 5 24 -69674
0 -5 -1 -8 -69116
-9 3 -6 10 -72458
6 2 5 4 -66718
-4 23 -1 24 -57216
-2 18 -5 17 -62128
-12 22 -8 24 -61664
21 -2 23 -6 -64262
-11 9 -11 11 -66898
-23 -2 -21 -3 -67494
4 -23 6 -23 -60174
12 -21 5 -24 -64230
2 -19 1 -16 -64750
10 -11 12 -13 -70086
14 1 15 1 -64378
17 -5 13 -7 -65704
-24 -18 -24 -11 -57910
-10 22 -6 19 -71450
4 19 3 20 -62008
5 19 4 16 -68268
-23 20 -23 16 -55458
-8 -4 -9 -5 -69878
-12 11 -12 13 -68710
-10 11 -13 10 -60816
13 0 11 0 -58646
-14 17 -19 -2 -86926
22 -8 23 6 -71406
-5 7 -6 7 -60560
0 8 -1 10 -65748
22 -3 20 -3 -58120
2 1 5 5 -75884
-5 22 -7 24 -54296
21 6 22 9 -61666
-7 -18 -7 -16 -58824
21 -24 18 -23 -48258
8 -8 8 -5 -59838
-7 -21 -7 -19 -62918
-14 -4 -14 -3 -60472
24 -22 23 -1 -55596
-21 20 -21 22 -58880
24 19 22 11 -59856
13 -7 15 -8 -65224
-15 12 -16 -14 -79254
3 20 4 23 -70300
21 22 24 16 -60812
9 -5 8 -2 -62616
-17 18 -24 23 -65008
-6 -2 -7 0 -68800
10 -24 10 -23 -29558
-24 -13 -21 -13 -45668
-21 12 -23 14 -51734
-3 -1 -3 0 -72642
12 15 13 9 -74174
5 2 6 -1 -71424
2 19 3 19 -54946
-24 1 -24 0 -52374
-4 2 -2 3 -65864
2 15 2 13 -58934
23 21 19 24 -50492
7 16 5 17 -59798
17 -14 15 -15 -62636
24 -15 21 -16 -62252
-16 -22 -17 -23 -58324
-21 20 -22 19 -49240
10 -4 11 -2 -69118
-17 -18 -16 -19 -65686
17 -9 13 -10 -66352
-22 -24 -8 -22 -74388
8 1 8 0 -68840
-7 -18 -9 -20 -71028
-24 0 -23 2 -54300
-20 18 -19 17 -63820
15 -22 12 -21 -70016
-15 0 -15 3 -62256
-15 -9 -16 -7 -58676
-11 -23 -11 -21 -55708
-19 -2 -21 -5 -70298
-2 6 -1 10 -70318
-1 24 0 23 -59616
22 4 20 4 -65622
-8 18 -8 15 -59164
-2 -19 -1 -24 -68760
-3 -6 -5 -4 -69478
23 2 22 0 -48596
16 -7 15 -4 -65778
9 -8 10 -8 -59772
10 0 8 1 -59658
24 7 22 11 -55590
23 -19 19 -22 -64558
16 1 15 0 -61312
15 22 14 20 -59270
-18 -13 -19 -13 -54874
5 -20 7 -20 -67540
-23 22 -2 22 -60102
11 19 8 18 -62140
17 9 16 9 -63502
15 -22 12 -22 -71122
-10 19 -9 15 -66546
-18 -23 -18 -21 -53654
-18 -23 24 -21 -67338
-21 -14 -20 -16 -70392
-9 -24 -8 -24 -59230
-1 -14 -4 -17 -76110
18 -10 17 -12 -62560
-17 -20 -19 -24 -58038
-7 -6 -12 -8 -70464
8 -20 14 -21 -69118
9 -16 8 -17 -69230
14 5 18 3 -71194
11 -11 12 -9 -60064
24 9 17 8 -67996
-17 -19 -16 -24 -62610
-7 -22 -9 -23 -61976
-1 6 -2 7 -68834
-2 13 -3 13 -57766
9 -8 7 -9 -63972
23 -15 -6 -16 -79912
6 -21 6 -23 -48340
12 0 10 -2 -68584
-23 17 -24 12 -62444
1 -22 -22 -24 -68332
16 -2 17 -4 -63600
7 3 8 4 -68108
-6 18 -10 17 -62962
-3 -21 -4 -24 -59572
23 -16 22 -16 -58292
22 -15 21 -12 -67864
-24 14 -23 15 -52976
-8 -14 -6 -14 -65592
13 16 12 13 -70512
24 -11 24 -15 -58176
-19 13 -23 12 -67276
-7 12 -9 13 -64082
17 21 16 18 -65894
-13 -14 -17 -15 -62502
-16 -18 -16 -16 -58854
-11 4 -11 0 -68570
-23 15 -23 -3 -67982
1 10 5 11 -73228
24 -2 -22 -5 -63958
4 23 2 24 -52792
10 11 10 6 -73102
8 -24 5 -21 -58342
-24 -24 18 -13 -66606
15 16 16 16 -62260
15 -22 13 -23 -59276
-1 -5 0 -6 -60842
22 -24 0 -24 -65598
-2 15 -1 21 -64744
11 5 8 6 -63620
8 10 9 12 -66952
11 -16 11 -23 -65170
22 -19 21 -20 -64660
1 -19 -1 -22 -66114
-10 23 -9 18 -66904
-7 15 -6 12 -63670
-24 11 -22 8 -57270
19 1 17 1 -56406
-19 1 -24 6 -72050
16 -15 14 -14 -68304
-18 15 -16 16 -62052
24 4 21 8 -58498
-24 5 -24 6 -41252
-11 19 -14 18 -58356
5 9 1 14 -75716
-7 -9 -8 -7 -72182
21 11 23 10 -61106
-9 -10 -8 -11 -69034
11 23 8 23 -46604
6 -9 5 -11 -63074
-4 24 16 24 -55854
-20 23 -21 20 -60458
22 18 23 14 -56792
-10 -24 -12 -24 -55124
0 -23 4 -21 -60990
-21 24 -21 17 -65744
9 -14 10 -18 -70794
-2 -21 2 -21 -62496
20 13 19 21 -68148
12 -6 11 -5 -60044
0 0 0 1 -72630
-24 11 -22 16 -68370
-17 21 -16 21 -61214
-4 -24 -24 -21 -71496
-1 0 0 -2 -68796
16 15 18 12 -64162
-3 16 -2 15 -57980
13 14 17 14 -69536
-12 -24 -19 -23 -67878
0 -20 2 -24 -56846
-7 23 -11 23 -63890
23 14 22 7 -56702
22 -4 21 -11 -55330
-10 -18 -14 -16 -72486
-24 -24 -20 -15 -41586
-8 5 -8 4 -65234
21 8 24 10 -57198
-12 24 -20 24 -55366
24 -6 22 -8 -43984
-15 15 -13 18 -58702
0 -13 -1 -15 -75044
-23 -23 -24 -9 -64800
0 -10 0 -14 -70904
19 -19 19 -23 -57876
-24 -8 -24 -14 -61418
20 4 19 4 -64542
-15 -20 -16 -23 -64878
-22 -17 -21 -19 -59518
-16 9 -16 5 -69894
3 -3 4 -1 -67010
13 -24 -15 -24 -60912
3 -10 3 -8 -58564
24 -15 22 -22 -65458
2 16 2 18 -69036
-21 -2 -23 0 -69396
-17 4 -17 6 -60728
19 0 19 -1 -55560
-21 5 -24 23 -69834
6 -23 18 -23 -73764
-24 -15 -23 -16 -54624
3 3 1 0 -73396
6 -3 6 -2 -65132
12 19 11 21 -68746
-9 -19 -10 -19 -69770
5 21 2 19 -65738
4 -18 4 -16 -61792
7 -17 7 -21 -60766
23 -20 23 -21 -56450
18 -21 16 -20 -63568
-3 -2 -5 -2 -68474
0 3 0 5 -64886
-24 -5 -24 -3 -60034
-12 -21 -12 -20 -64424
-17 -13 -18 -10 -66892
22 -2 22 -3 -58574
-8 0 -5 1 -72556
-12 -13 -14 -13 -65974
-2 20 0 21 -58026
0 24 1 22 -64624
12 4 12 7 -57980
9 -19 10 -18 -68810
-10 -14 -9 -13 -68770
1 14 0 12 -70362
-2 -17 -3 -17 -67218
-10 -1 -8 -2 -65412
-11 -19 -17 -22 -70194
-24 15 -23 -14 -65250
16 -22 19 -20 -58996
23 18 21 9 -65758
-4 24 -5 18 -62402
-23 15 -24 19 -50042
-7 -7 -7 -6 -66412
-12 -13 -12 -12 -65516
11 19 9 24 -68622
23 -11 24 -13 -54588
5 -22 4 -23 -55356
22 2 23 11 -63776
14 -3 14 1 -63092
-13 22 -13 20 -58524
17 6 18 0 -62624
-6 13 -5 13 -57632
5 -13 2 -15 -71322
-2 -21 -2 -20 -66132
-3 -19 -6 -18 -63676
-13 -7 -12 -11 -64644
23 -23 22 -19 -55286
-1 -22 -5 -22 -60292
17 6 17 9 -56932
3 23 3 24 -49670
-19 9 -23 6 -70748
-6 11 -6 12 -65644
2 13 2 11 -67630
16 4 16 3 -54476
-18 0 -18 -1 -61652
-7 -8 -8 -10 -74450
24 13 -24 2 -63380
10 4 9 1 -70134
24 6 24 -4 -57316
2 12 0 8 -75266
-7 -18 -8 -17 -66514
6 7 7 11 -73590
23 -23 23 -22 -44592
-18 10 -17 11 -71410
1 3 2 1 -74066
-12 -13 -7 -3 -89814
-22 11 -22 7 -61594
-3 3 -5 0 -74986
22 2 21 24 -69774
2 1 3 0 -66462
-8 0 -10 -3 -70610
-12 23 -11 21 -56008
2 5 2 6 -66274
-20 -8 -20 -9 -55104
3 -12 3 -15 -70074
12 2 12 0 -64900
-20 23 -19 22 -48096
21 22 18 22 -59376
0 -15 2 -12 -78104
-24 -10 -24 -13 -56990
22 -1 23 -1 -54482
-17 0 -21 -1 -69298
-10 -21 -8 -24 -58224
-16 22 -16 19 -60632
-9 -17 19 -12 -83018
-7 -16 -8 -17 -68856
-4 12 -4 10 -64690
-23 0 -24 -3 -56720
-9 -22 -4 -24 -61562
-16 20 -24 22 -61074
21 21 21 24 -39188
9 -11 8 -14 -69434
17 -18 19 -13 -64674
-4 -9 -4 -11 -65094
-7 23 -1 24 -63180
5 -15 1 -12 -72880
-14 15 -16 16 -56408
16 24 20 19 -63832
-18 16 -18 19 -55522
0 5 2 5 -62988
9 -4 8 -6 -65332
0 -16 6 -16 -74506
24 -18 22 -14 -50190
-10 -20 -14 -19 -72298
-10 12 -9 17 -62932
21 -23 18 -21 -59230
16 22 13 24 -55512
4 6 3 7 -66676
-10 16 -12 18 -65732
-19 11 -17 9 -62816
14 20 13 24 -61370
18 -13 18 -11 -61930
14 -15 16 -18 -69456
20 17 22 17 -55922
-22 19 -23 5 -75376
-1 3 -2 1 -70756
18 -8 24 -9 -62714
-14 20 -16 20 -60972
15 -11 16 -13 -66050
-16 -22 -21 -22 -54160
-24 -14 -22 -18 -70036
-9 3 -11 2 -70004
14 6 16 8 -66128
-6 -2 -6 -1 -63750
23 1 23 7 -50438
-11 -18 -12 -21 -67010
0 9 1 9 -59550
12 -7 12 -12 -63668
18 20 19 23 -60340
4 -17 3 -16 -66248
4 0 7 0 -64958
-5 0 -5 1 -71250
3 12 2 12 -65002
-10 23 -15 23 -57068
-2 3 0 4 -62236
-23 -7 -21 -6 -63630
-11 -9 -11 -5 -66236
12 24 23 24 -61610
8 24 8 23 -42460
-19 11 -19 9 -65836
-6 9 -5 10 -62028
-8 19 -8 20 -60636
18 13 22 15 -60042
8 7 8 5 -62088
-1 -1 -24 3 -75060
-18 -21 -12 -24 -67602
12 -17 15 -24 -64048
-10 21 -8 23 -60184
8 -4 6 -5 -67664
-22 0 -23 3 -59654
-8 -8 -5 -10 -72230
10 -14 10 -11 -69546
0 -6 0 -3 -61628
20 -13 24 -13 -65620
-23 -11 -22 -6 -58110
-3 23 1 22 -62140
9 -20 8 -22 -61374
-7 0 -8 4 -76984
19 20 21 21 -61504
23 23 23 18 -51428
-19 22 -17 24 -50322
21 -24 21 -23 -32932
-14 2 -17 0 -62330
-20 -1 -16 -3 -68050
23 -19 24 -17 -55808
11 16 10 18 -65636
-22 4 -23 3 -53184
-15 -3 -14 -5 -58502
1 -6 -4 -8 -75222
-16 2 -17 3 -63808
12 -21 21 -23 -72090
19 -9 19 -5 -61256
-4 -12 -3 -12 -63342
11 14 12 15 -70686
-10 3 -9 1 -73306
12 9 13 8 -66326
-17 -21 -19 -19 -65940
8 10 5 -7 -86886
9 9 8 12 -70318
18 -9 20 -8 -59102
-8 -9 -8 -11 -69006
-15 -16 -15 -15 -58738
18 -2 17 -5 -63694
-18 -3 -16 -2 -66754
12 14 11 12 -72562
-16 14 -16 13 -53274
-24 -8 -22 -12 -58624
8 24 7 20 -65556
-17 -11 -17 -13 -60458
0 -11 2 -13 -65756
-16 0 -18 0 -68808
24 -10 24 -18 -60914
-11 13 -12 10 -70284
7 23 4 23 -48344
23 21 24 -8 -67032
-11 12 -12 13 -64164
-24 9 -21 10 -64590
15 21 17 21 -59726
0 -22 -2 -20 -63966
-12 0 -13 -2 -63348
0 22 0 19 -66354
12 18 12 15 -62734
-23 -16 -18 -23 -63976
24 -11 20 -7 -57320
4 -22 7 -24 -60780
-20 18 24 22 -58126
-23 -6 -21 -5 -65802
11 2 8 18 -84076
19 10 18 11 -60394
11 20 10 17 -64400
-1 -22 -4 -24 -56076
6 -13 4 -10 -72224
-13 -11 -10 -10 -66340
24 9 23 9 -42934
23 2 24 -8 -63964
1 2 -1 3 -69006
3 -5 4 -5 -61148
-13 7 -13 4 -68208
22 15 23 14 -52752
-11 4 -12 6 -65570
15 10 16 12 -69938
14 6 15 6 -67222
18 -19 21 -19 -64366
-20 7 -18 6 -61186
-8 5 -10 5 -67212
-4 -15 -4 -14 -63360
-5 -4 -5 -5 -61978
-14 7 -12 7 -56780
-6 5 -7 8 -66748
9 -3 9 0 -69012
13 -14 8 -12 -71054
-22 1 -23 1 -57996
11 7 12 7 -63348
16 -5 16 -9 -63392
1 -1 -2 -4 -68086
-3 -5 -2 -5 -69522
11 -17 11 -14 -72612
-2 11 -1 12 -68284
21 -12 22 -11 -62302
10 8 12 10 -66632
15 -21 16 -19 -57572
-18 11 -16 12 -68594
1 -6 0 -6 -58574
3 16 3 18 -68978
-21 -18 -21 -14 -64148
18 24 17 24 -55760
-12 -12 -12 -15 -65358
5 -8 6 -6 -64232
-12 -18 -11 -15 -65478
