-12 24 -8 22 -58946
-23 -13 -20 -10 -62340
3 12 8 14 -70466
7 -9 8 -10 -67638
2 8 2 9 -64492
8 15 10 15 -66306
10 -17 6 -17 -65304
-13 -5 -16 -7 -61768
-6 24 -2 23 -61904
6 -7 8 -10 -70050
14 11 -1 6 -90142
20 19 20 20 -68198
-16 -4 -16 0 -63700
0 -11 -1 -9 -60354
11 14 13 13 -65520
-23 6 -24 7 -57704
5 8 8 8 -75334
11 -15 11 -14 -62680
8 24 16 24 -58530
-7 20 -4 19 -62694
17 10 18 13 -57850
-18 7 -17 8 -71522
17 -13 19 -14 -66844
-5 -23 -5 -22 -60926
16 -14 17 -21 -64272
-22 -7 -23 -3 -59376
-11 -1 -13 -1 -63892
18 24 -18 22 -60606
-22 -16 -18 -15 -58810
-21 21 -19 23 -58414
1 -12 2 -12 -70656
-10 3 -12 3 -69570
-21 8 -24 8 -63594
-15 -12 -12 -10 -66876
22 17 22 11 -59226
23 18 24 19 -37038
-21 -7 -22 -6 -60866
-23 -4 -23 -3 -59806
-2 22 -2 23 -54796
-4 -7 -6 -8 -66592
24 -1 20 0 -63752
-6 -15 -6 -12 -63476
-19 -7 -18 -4 -58228
11 16 12 14 -63126
6 19 5 24 -69816
0 -5 -1 -8 -59546
20 1 23 7 -66292
6 2 5 4 -67828
-4 23 -1 24 -55744
-11 -12 -9 -17 -66710
-12 22 -8 24 -60716
21 -2 23 -6 -62716
23 20 20 -20 -72184
-23 -2 -21 -3 -65120
4 -23 6 -23 -60376
12 -2 -5 1 -85464
2 -19 1 -16 -73840
10 -11 12 -13 -71534
14 1 15 1 -73148
17 -5 13 -7 -73844
-24 -18 -24 -11 -56108
15 7 17 4 -70762
4 19 3 20 -67192
3 17 -1 19 -67158
-23 20 -23 16 -57194
14 0 12 0 -81524
-4 11 -6 13 -69874
-10 11 -13 10 -62922
13 0 11 0 -79958
0 19 0 17 -63808
11 0 12 -1 -71750
-5 7 -6 7 -55238
0 8 -1 10 -63024
22 -3 20 -3 -60174
-1 9 -4 8 -63390
-5 22 -7 24 -51736
2 17 1 15 -66644
-7 -18 -7 -16 -62010
21 -24 18 -23 -46754
8 -8 8 -5 -63280
-7 -21 -7 -19 -65552
-14 -4 -14 -3 -57504
24 -22 23 -1 -62932
-21 20 -21 22 -59688
24 19 22 11 -58928
13 -7 15 -8 -67778
14 3 13 1 -73624
3 20 4 23 -63422
21 22 24 16 -61684
9 -5 8 -2 -66616
-17 18 -24 23 -65380
-6 -2 -7 0 -62288
10 -24 10 -23 -31636
-24 -13 -21 -13 -56966
-21 12 -23 14 -55518
-3 -1 -3 0 -68024
-10 7 -14 9 -71950
22 -6 21 -8 -69696
2 19 3 19 -60014
-24 1 -24 0 -57166
-4 2 -2 3 -58356
2 15 2 13 -66436
23 21 19 24 -52978
7 16 5 17 -62602
17 -14 15 -15 -66334
24 -15 21 -16 -63746
-16 -22 -17 -23 -56670
-21 20 -22 19 -50152
10 -4 11 -2 -62642
-17 -18 -16 -19 -68270
17 -9 13 -10 -71630
-23 -14 -24 -16 -43358
8 1 8 0 -63228
-7 -18 -9 -20 -71262
-24 0 -23 2 -58112
-20 18 -19 17 -64670
15 -22 12 -21 -67908
-15 0 -15 3 -60168
-15 -9 -16 -7 -60762
-11 -23 -11 -21 -56640
-3 -13 0 -13 -66362
-2 6 -1 10 -67174
-1 24 0 23 -61620
22 4 20 4 -61770
-8 18 -8 15 -61222
-2 -19 -1 -24 -78962
9 21 13 20 -71088
23 2 22 0 -56930
16 -7 15 -4 -63378
9 -8 10 -8 -64124
10 0 8 1 -68732
24 7 22 11 -55442
23 -19 19 -22 -65190
16 1 15 0 -69188
15 22 14 20 -61464
-18 -13 -19 -13 -55392
5 -20 7 -20 -66434
-23 22 -2 22 -64624
11 19 8 18 -72170
17 9 16 9 -59930
15 -22 12 -22 -70056
-10 19 -9 15 -66836
-18 -23 -18 -21 -51822
6 -5 4 5 -79750
15 -10 18 -10 -69430
-9 -24 -8 -24 -60284
9 -22 6 -24 -56342
18 -10 17 -12 -66406
-17 -20 -19 -24 -56124
3 -3 0 0 -71906
8 -20 14 -21 -66312
9 19 -24 20 -66182
-24 -14 12 -14 -74104
11 -11 12 -9 -62238
24 9 17 8 -65154
-17 -19 -16 -24 -61070
-7 -22 -9 -23 -60624
-1 6 -2 7 -64556
-2 13 -3 13 -60282
9 -8 7 -9 -65982
-2 13 -3 12 -64866
6 -21 6 -23 -52738
12 0 10 -2 -70104
-13 15 -15 16 -71044
1 -22 -22 -24 -64272
1 -17 1 -18 -69112
7 3 8 4 -67016
-6 18 -10 17 -58088
-3 -21 -4 -24 -63632
23 -16 22 -16 -60698
22 -15 21 -12 -70136
-24 14 -23 15 -44456
-8 -14 -6 -14 -61540
13 16 12 13 -59152
24 -11 24 -15 -60648
-19 13 -23 12 -65290
-10 12 -9 17 -60940
17 21 16 18 -68278
-13 -14 -17 -15 -64402
-16 -18 -16 -16 -59506
-11 4 -11 0 -59168
-23 15 -23 -3 -69180
-6 8 -6 6 -57628
24 -2 -22 -5 -71774
4 23 2 24 -55962
10 11 10 6 -70588
8 -24 5 -21 -59150
-24 -24 18 -13 -64958
15 16 16 16 -62490
15 -22 13 -23 -59962
-1 -5 0 -6 -58452
22 -24 0 -24 -61016
-12 3 -15 1 -70686
11 5 8 6 -67226
8 10 9 12 -66124
11 -16 11 -23 -64132
22 -19 21 -20 -65264
1 -19 -1 -22 -68782
-10 23 -9 18 -63662
-7 15 -6 12 -65562
-24 11 -22 8 -60884
19 1 17 1 -49476
2 -12 0 -12 -72930
-15 -15 -16 -14 -66760
-18 15 -16 16 -62170
24 4 21 8 -65396
-24 5 -24 6 -46244
-11 19 -14 18 -61816
16 -17 15 -17 -65088
-7 -9 -8 -7 -61724
21 11 23 10 -65288
-9 -10 -8 -11 -61378
11 23 8 23 -57638
6 -9 5 -11 -61444
-4 24 16 24 -63536
-20 23 -21 20 -60278
22 18 23 14 -58260
-10 -24 -12 -24 -50840
0 -23 4 -21 -59500
-21 24 -21 17 -66386
9 -14 10 -18 -66998
-2 -21 2 -21 -59680
20 13 19 21 -67732
12 -6 11 -5 -69886
0 0 0 1 -70448
3 8 3 13 -77792
-17 21 -16 21 -62004
-4 -24 -24 -21 -66232
-1 0 0 -2 -70566
8 9 8 10 -67616
-3 16 -2 15 -66468
13 14 17 14 -67842
-12 -24 -19 -23 -59518
0 -20 2 -24 -77050
-7 23 -11 23 -60346
23 14 22 7 -49922
22 -4 21 -11 -73946
18 -3 -14 -16 -80712
-24 -24 -20 -15 -43890
-8 5 -8 4 -53874
21 8 24 10 -52496
-12 24 -20 24 -57932
24 -6 22 -8 -55440
-15 15 -13 18 -62784
0 -13 -1 -15 -64150
-23 -23 -24 -9 -59700
0 -10 0 -14 -62412
19 -19 19 -23 -58068
-24 -8 -24 -14 -61896
-21 -5 -15 -4 -68320
-15 -20 -16 -23 -63702
-22 -17 -21 -19 -50852
-16 9 -16 5 -61256
3 -3 4 -1 -63062
13 -24 -15 -24 -60044
3 -10 3 -8 -58054
24 -15 22 -22 -65350
0 3 1 0 -73620
-21 -2 -23 0 -67006
-17 4 -17 6 -59902
19 0 19 -1 -57572
-21 5 -24 23 -71244
6 -23 18 -23 -70384
-24 -15 -23 -16 -40910
3 3 1 0 -64646
6 -3 6 -2 -62554
12 19 11 21 -71268
-9 -19 -10 -19 -65122
5 21 2 19 -61472
4 -18 4 -16 -67566
7 -17 7 -21 -62508
23 -20 23 -21 -56906
18 -21 16 -20 -61590
-3 -2 -5 -2 -57764
0 3 0 5 -57334
-24 -5 -24 -3 -56222
-12 -21 -12 -20 -63610
-17 -13 -18 -10 -63570
22 -2 22 -3 -53026
0 15 0 17 -67886
-12 -13 -14 -13 -65306
-2 20 0 21 -57278
0 24 1 22 -65556
12 4 12 7 -60710
9 -19 10 -18 -65806
-10 -14 -9 -13 -66914
1 14 0 12 -72178
-2 -17 -3 -17 -66660
-7 -22 -5 -24 -65272
-11 -19 -17 -22 -63348
-24 15 -23 -14 -64962
16 -22 19 -20 -59578
7 19 9 20 -65756
-4 24 -5 18 -59968
-23 15 -24 19 -53910
-7 -7 -7 -6 -56376
-12 -13 -12 -12 -67544
11 19 9 24 -70230
23 -11 24 -13 -59264
5 -22 4 -23 -58802
-24 15 23 -2 -73464
14 -3 14 1 -62852
-13 22 -13 20 -55674
17 6 18 0 -75040
-6 13 -5 13 -57292
5 -13 2 -15 -65730
-2 -21 -2 -20 -73064
-3 -19 -6 -18 -67182
-13 -7 -12 -11 -61544
23 -23 22 -19 -55482
-1 -22 -5 -22 -60696
17 6 17 9 -57730
3 23 3 24 -49554
-19 9 -23 6 -70460
-6 11 -6 12 -63010
2 13 2 11 -73082
16 4 16 3 -64526
-18 0 -18 -1 -59956
-7 -8 -8 -10 -60028
24 13 -24 2 -63108
10 4 9 1 -70510
24 6 24 -4 -58252
24 22 0 23 -63044
-7 -18 -8 -17 -65704
1 4 1 19 -83676
23 -23 23 -22 -44638
-18 10 -17 11 -68800
23 -23 -15 0 -72718
-21 6 -16 7 -73762
-22 11 -22 7 -61474
18 1 13 17 -84674
22 2 21 24 -71578
2 1 3 0 -73036
18 -15 21 -17 -71594
-12 23 -11 21 -54448
7 7 5 7 -74914
-20 -8 -20 -9 -55098
3 -12 3 -15 -59030
12 2 12 0 -69098
-20 23 -19 22 -48752
21 22 18 22 -59782
22 7 24 6 -62192
-24 -10 -24 -13 -57732
22 -1 23 -1 -58232
-6 -5 -11 -4 -55716
-10 -21 -8 -24 -61960
-16 22 -16 19 -60448
-24 5 -24 0 -57318
-7 -16 -8 -17 -69094
-4 12 -4 10 -64986
-23 0 -24 -3 -56178
-9 -22 -4 -24 -70662
-16 20 -24 22 -62100
21 21 21 24 -55352
9 -11 8 -14 -65458
17 -18 19 -13 -64142
-4 -9 -4 -11 -58876
-7 23 -1 24 -62348
-17 14 -17 15 -59322
-14 15 -16 16 -69082
16 24 20 19 -67414
-18 16 -18 19 -58854
0 5 2 5 -61106
9 -4 8 -6 -64002
0 -16 6 -16 -71134
24 -18 22 -14 -52766
-10 -20 -14 -19 -60840
21 23 21 21 -61428
21 -23 18 -21 -56710
16 22 13 24 -58726
4 6 3 7 -65400
-10 16 -12 18 -68068
-19 11 -17 9 -68194
14 20 13 24 -62700
18 -13 18 -11 -63260
21 3 21 0 -62650
20 17 22 17 -55274
-24 14 -24 16 -48448
-1 3 -2 1 -64458
18 -8 24 -9 -65574
-14 20 -16 20 -64288
15 -11 16 -13 -67246
-16 -22 -21 -22 -52914
23 -14 22 -2 -73350
-9 3 -11 2 -63216
14 6 16 8 -64020
-6 -2 -6 -1 -59534
23 1 23 7 -55558
-11 -18 -12 -21 -65732
0 9 1 9 -54390
12 -7 12 -12 -64934
18 20 19 23 -67660
4 -17 3 -16 -65584
4 0 7 0 -64752
-5 0 -5 1 -62322
3 12 2 12 -55402
-10 23 -15 23 -58850
-2 3 0 4 -63318
-23 -7 -21 -6 -65410
-11 -9 -11 -5 -57282
12 24 23 24 -63728
8 24 8 23 -42422
-19 11 -19 9 -66998
-6 -7 -3 -6 -69154
-8 19 -8 20 -58342
18 13 22 15 -60046
8 7 8 5 -59328
-7 9 -8 6 -54800
-18 -21 -12 -24 -60416
12 -17 15 -24 -61992
-10 21 -8 23 -57590
8 -4 6 -5 -67828
-22 0 -23 3 -63670
16 -10 6 2 -92992
10 -14 10 -11 -65462
0 -6 0 -3 -54910
20 -13 24 -13 -69490
-23 -11 -22 -6 -59330
-3 23 1 22 -65444
9 -20 8 -22 -62012
-2 -18 -3 -19 -68122
19 20 21 21 -62764
23 23 23 18 -57952
-19 22 -17 24 -52102
21 -24 21 -23 -33676
-14 2 -17 0 -65986
-20 -1 -16 -3 -69798
23 -19 24 -17 -54670
11 16 10 18 -66480
-22 4 -23 3 -54078
-15 -3 -14 -5 -65304
-9 11 -7 10 -62696
-16 2 -17 3 -63830
-14 -3 -13 -4 -66066
19 -9 19 -5 -73714
-21 -12 -23 -12 -61720
11 14 12 15 -62810
-10 3 -9 1 -59032
12 9 13 8 -63900
-17 -21 -19 -19 -66644
12 -14 13 -17 -63902
9 9 8 12 -67476
18 -9 20 -8 -66016
-8 -9 -8 -11 -61938
-15 -16 -15 -15 -61522
18 -2 17 -5 -65854
-18 -3 -16 -2 -65244
-17 9 -17 13 -66008
-16 14 -16 13 -60524
-24 -8 -22 -12 -59152
8 24 7 20 -61976
-17 -11 -17 -13 -57642
0 -11 2 -13 -64332
-16 0 -18 0 -68134
24 -10 24 -18 -62782
-11 13 -12 10 -56174
7 23 4 23 -51544
23 21 24 -8 -68274
-11 12 -12 13 -61728
-24 9 -21 10 -63618
15 21 17 21 -61140
0 -22 -2 -20 -70898
-12 0 -13 -2 -57976
0 22 0 19 -64634
12 18 12 15 -58514
-23 -16 -18 -23 -61710
24 -11 20 -7 -62664
4 -22 7 -24 -61624
3 6 3 5 -59620
-23 -6 -21 -5 -66228
-1 -15 -2 -18 -67436
19 10 18 11 -60710
11 20 10 17 -61998
-1 -22 -4 -24 -55692
14 -17 10 -20 -70734
-13 -11 -10 -10 -61288
24 9 23 9 -48006
23 2 24 -8 -60400
1 2 -1 3 -67736
3 -5 4 -5 -62884
-13 7 -13 4 -61022
22 15 23 14 -54068
-11 4 -12 6 -63800
15 10 16 12 -61294
14 6 15 6 -67462
18 -19 21 -19 -66986
-20 7 -18 6 -64548
-8 5 -10 5 -61060
-4 -15 -4 -14 -61728
-5 -4 -5 -5 -54690
-14 7 -12 7 -67944
-4 -11 -5 -11 -61042
-23 19 -24 6 -64544
13 -14 8 -12 -73392
-22 1 -23 1 -55896
11 7 12 7 -67700
16 -5 16 -9 -69262
1 -1 -2 -4 -60158
-3 -5 -2 -5 -61190
2 -24 0 -20 -76206
-20 3 -24 7 -70682
21 -12 22 -11 -66730
10 8 12 10 -70736
15 -21 16 -19 -59408
-18 11 -16 12 -67682
1 -6 0 -6 -58616
3 16 3 18 -62924
-21 -18 -21 -14 -58024
18 24 17 24 -55984
-12 -12 -12 -15 -70968
5 -8 6 -6 -64446
-12 -18 -11 -15 -67184
