-12 24 -8 22 -61622
-24 18 22 21 -63866
3 12 8 14 -65646
7 -9 8 -10 -70458
2 8 2 9 -66076
8 15 10 15 -64638
10 -17 6 -17 -69048
-13 -5 -16 -7 -62334
-6 24 -2 23 -64914
6 -7 8 -10 -71474
-14 11 -14 13 -68816
20 19 20 20 -67320
-19 -1 -21 0 -73976
0 -11 -1 -9 -61402
11 14 13 13 -64674
-23 6 -24 7 -56756
14 15 17 8 -71858
11 -15 11 -14 -53232
8 24 16 24 -57548
-7 20 -4 19 -69434
17 10 18 13 -62696
-18 7 -17 8 -67622
17 -13 19 -14 -67630
-5 -23 -5 -22 -52148
16 -14 17 -21 -73432
-22 -7 -23 -3 -66152
-11 -1 -13 -1 -61878
18 24 -18 22 -64364
-22 -16 -18 -15 -58278
-21 21 -19 23 -59472
2 -17 3 -15 -66202
-10 3 -12 3 -67646
-21 8 -24 8 -65762
-15 -12 -12 -10 -66446
22 17 22 11 -60098
23 18 24 19 -37194
-21 -7 -22 -6 -68418
-23 -4 -23 -3 -60546
-2 22 -2 23 -54446
-4 -7 -6 -8 -61376
24 -1 20 0 -64276
-6 -15 -6 -12 -66624
-19 -7 -18 -4 -60038
11 16 12 14 -62830
-10 1 -10 4 -74006
0 -5 -1 -8 -65492
20 1 23 7 -68324
6 2 5 4 -60746
-4 23 -1 24 -58832
-11 -12 -9 -17 -65984
-12 22 -8 24 -63930
21 -2 23 -6 -61882
9 -22 -22 -24 -69266
-23 -2 -21 -3 -66374
4 -23 6 -23 -63818
6 11 10 10 -72220
-15 -1 -15 -3 -65942
10 -11 12 -13 -66648
14 1 15 1 -64418
17 -5 13 -7 -69156
-24 -18 -24 -11 -64140
15 7 17 4 -63608
4 19 3 20 -62520
3 17 -1 19 -71470
-23 20 -23 16 -53870
-24 -12 -23 -8 -65594
-4 11 -6 13 -71902
-10 11 -13 10 -60544
11 -16 12 -18 -57038
0 19 0 17 -62590
11 0 12 -1 -59518
-5 7 -6 7 -59920
0 8 -1 10 -67426
22 -3 20 -3 -60670
-1 9 -4 8 -68736
-5 22 -7 24 -55238
2 17 1 15 -66562
-7 -18 -7 -16 -63718
21 -24 18 -23 -47018
8 -8 8 -5 -63318
-7 -21 -7 -19 -61874
-14 -4 -14 -3 -61966
24 -22 23 -1 -62324
-21 20 -21 22 -58832
24 19 22 11 -58576
13 -7 15 -8 -65180
14 3 13 1 -71244
3 20 4 23 -55004
21 22 24 16 -63622
9 -5 8 -2 -61360
-17 18 -24 23 -65394
-6 -2 -7 0 -65418
10 -24 10 -23 -30878
-24 -13 -21 -13 -55452
-21 12 -23 14 -54032
-4 11 0 9 -74974
14 7 19 9 -69492
-17 7 -10 -11 -91024
2 19 3 19 -63768
-24 1 -24 0 -64034
-4 2 -2 3 -68486
2 15 2 13 -65292
23 21 19 24 -52720
7 16 5 17 -57542
17 -14 15 -15 -62648
24 -15 21 -16 -63924
-16 -22 -17 -23 -61246
-21 20 -22 19 -50570
10 -4 11 -2 -62124
-17 -18 -16 -19 -65876
17 -9 13 -10 -67178
-23 -14 -24 -16 -51426
8 1 8 0 -56506
-7 -18 -9 -20 -64292
-24 0 -23 2 -67150
-20 18 -19 17 -63532
15 -22 12 -21 -67396
-15 0 -15 3 -71160
-15 -9 -16 -7 -63162
-11 -23 -11 -21 -58098
-3 -13 0 -13 -56386
-2 6 -1 10 -69198
-1 24 0 23 -63308
22 4 20 4 -63124
-8 18 -8 15 -61932
-16 -10 -15 -12 -61958
9 21 13 20 -65522
23 2 22 0 -58514
16 -7 15 -4 -60550
9 -8 10 -8 -64444
10 0 8 1 -63534
24 7 22 11 -54928
23 -19 19 -22 -66778
16 1 15 0 -68200
15 22 14 20 -63134
-18 -13 -19 -13 -55088
5 -20 7 -20 -68790
-23 22 -2 22 -66294
-22 4 -18 3 -74440
17 9 16 9 -64138
15 -22 12 -22 -69532
-10 19 -9 15 -69208
-18 -23 -18 -21 -55822
17 20 12 17 -66826
-2 -1 -24 -3 -71278
-9 -24 -8 -24 -59686
9 -22 6 -24 -54178
18 -10 17 -12 -63652
-17 -20 -19 -24 -61216
0 -7 -1 -10 -64348
8 -20 14 -21 -68292
9 19 -24 20 -67600
14 -21 14 -16 -71448
11 -11 12 -9 -63558
24 9 17 8 -69034
-17 -19 -16 -24 -63960
-7 -22 -9 -23 -61248
10 -7 -8 23 -85510
-2 13 0 13 -71082
9 -8 7 -9 -68118
-2 13 -3 12 -64798
6 -21 6 -23 -48082
12 0 10 -2 -64744
-9 22 -9 19 -74272
1 -22 -22 -24 -69866
17 -13 18 -17 -65026
7 3 8 4 -63638
-6 18 -10 17 -63936
-3 -21 -4 -24 -55282
23 -16 22 -16 -60350
-5 -14 -4 -18 -71714
-24 14 -23 15 -49196
-8 -14 -6 -14 -57470
13 16 12 13 -57884
24 -11 24 -15 -55828
-19 13 -23 12 -68278
-10 12 -9 17 -62716
17 21 16 18 -70300
-13 -14 -17 -15 -66176
-16 -18 -16 -16 -60292
-11 4 -11 0 -74226
-23 15 -23 -3 -71300
-6 8 -6 6 -64874
24 -2 -22 -5 -68158
4 23 2 24 -56754
10 11 10 6 -76876
8 -24 5 -21 -59148
-24 -24 18 -13 -67810
15 16 16 16 -58476
15 -22 13 -23 -58820
-1 -5 0 -6 -53608
22 -24 0 -24 -60572
7 -19 -3 -19 -76428
11 5 8 6 -67690
8 10 9 12 -69534
11 -16 11 -23 -69874
22 -19 21 -20 -67796
1 -19 -1 -22 -63272
-10 23 -9 18 -75384
-7 15 -6 12 -65572
-24 11 -22 8 -60450
19 1 17 1 -53400
5 -12 2 -11 -64940
-20 2 -21 0 -76850
-18 15 -16 16 -63034
24 4 21 8 -62752
-24 5 -24 6 -46810
-5 16 3 18 -79138
16 -17 15 -17 -62368
-7 -9 -8 -7 -64298
21 11 23 10 -65116
-9 -10 -8 -11 -60480
11 23 8 23 -48650
6 -9 5 -11 -63056
-4 24 16 24 -63392
-20 23 -21 20 -61050
22 18 23 14 -60120
-10 -24 -12 -24 -54226
0 -23 4 -21 -63136
-21 24 -21 17 -65368
-17 -1 -16 -2 -69834
-2 -21 2 -21 -59170
20 13 19 21 -66912
12 -6 11 -5 -65100
0 0 0 1 -59554
2 8 2 12 -72960
-17 21 -16 21 -62674
-4 -24 -24 -21 -70256
-1 0 0 -2 -56530
8 9 8 10 -72512
-2 8 -5 3 -76204
15 -14 20 13 -82498
-12 -24 -19 -23 -62978
-12 -20 -15 -24 -70246
-7 23 -11 23 -63436
23 14 22 7 -50570
22 -4 21 -11 -57166
-1 1 -4 0 -68836
-24 -24 -20 -15 -51888
-8 5 -8 4 -62546
21 8 24 10 -55654
-12 24 -20 24 -58932
24 -6 22 -8 -43362
-15 15 -13 18 -59824
0 -13 -1 -15 -66468
-23 -23 -24 -9 -70456
0 -10 0 -14 -65322
19 -19 19 -23 -59574
-24 -8 -24 -14 -71450
-21 -5 -15 -4 -71534
-15 -20 -16 -23 -73180
-22 -17 -21 -19 -52688
-16 9 -16 5 -62558
3 -3 4 -1 -61174
13 -24 -15 -24 -62592
3 -10 3 -8 -61642
24 -15 22 -22 -66510
15 -6 15 -8 -58468
-21 14 -23 10 -68722
-17 4 -17 6 -59076
19 0 19 -1 -57968
-21 -13 22 -13 -69276
6 -23 18 -23 -69602
-24 -15 -23 -16 -41618
3 3 1 0 -63112
6 -3 6 -2 -56452
12 19 11 21 -63498
-9 -19 -10 -19 -63110
5 21 2 19 -59996
4 -18 4 -16 -54994
7 -17 7 -21 -57936
23 -20 23 -21 -56888
18 -21 16 -20 -61338
-3 -2 -5 -2 -61340
0 3 0 5 -59256
-24 -5 -24 -3 -58480
-12 -21 -12 -20 -66020
14 15 12 0 -86592
22 -2 22 -3 -52696
0 15 0 17 -64878
-12 -13 -14 -13 -64478
-2 20 0 21 -64206
0 24 1 22 -64870
12 4 12 7 -62226
9 -19 10 -18 -68704
-10 -14 -9 -13 -61282
1 14 0 12 -69892
5 14 8 5 -86964
-7 -22 -5 -24 -58860
-11 -19 -17 -22 -72896
-24 15 -23 -14 -66148
16 -22 19 -20 -59622
-6 5 -4 2 -69910
-4 24 -5 18 -65050
-23 15 -24 19 -49700
-7 -7 -7 -6 -61678
-12 -13 -12 -12 -63928
-8 2 -6 -8 -73360
23 -11 24 -13 -54444
5 -22 4 -23 -57902
7 11 10 12 -73104
14 -3 14 1 -60854
-13 22 -13 20 -62174
-13 21 -12 21 -63088
-6 13 -5 13 -61054
5 -13 2 -15 -63376
-2 -21 -2 -20 -55870
-3 -19 -6 -18 -62554
-13 -7 -12 -11 -65414
23 -23 22 -19 -55294
-1 -22 -5 -22 -55294
17 6 17 9 -56066
3 23 3 24 -43232
-19 9 -23 6 -71372
-6 11 -6 12 -65504
2 13 2 11 -68690
16 4 16 3 -56226
-18 0 -18 -1 -68600
-7 -8 -8 -10 -67916
24 13 -24 2 -66044
10 4 9 1 -65858
24 6 24 -4 -64182
24 22 0 23 -62260
-7 -18 -8 -17 -69588
20 -9 19 -8 -62448
23 -23 23 -22 -44374
-18 10 -17 11 -72692
6 -15 11 -13 -73872
-12 6 -12 7 -57564
-22 11 -22 7 -60722
20 -3 12 -1 -70004
22 2 21 24 -69514
2 1 3 0 -57596
18 -15 21 -17 -73616
-12 23 -11 21 -58296
-24 -22 -22 -10 -71452
-20 -8 -20 -9 -61974
3 -12 3 -15 -60684
12 2 12 0 -65370
-20 23 -19 22 -48264
21 22 18 22 -59316
22 7 24 6 -61518
-24 -10 -24 -13 -64052
22 -1 23 -1 -58490
-6 -5 -11 -4 -59732
-10 -21 -8 -24 -60000
-16 22 -16 19 -62104
-24 5 -24 0 -65324
-22 -24 -21 -24 -27266
-4 12 -4 10 -66302
-23 0 -24 -3 -57388
-9 -22 -4 -24 -65948
-16 20 -24 22 -62806
21 21 21 24 -54708
9 -11 8 -14 -65880
17 -18 19 -13 -65080
-4 -9 -4 -11 -61648
-7 23 -1 24 -66036
-17 14 -17 15 -61212
-14 15 -16 16 -58304
16 24 20 19 -64920
-18 16 -18 19 -57824
0 5 2 5 -56740
9 -4 8 -6 -65478
0 -13 6 -16 -71476
24 -18 22 -14 -51036
-10 -20 -14 -19 -63258
21 23 21 21 -60270
21 -23 18 -21 -57488
16 22 13 24 -56494
4 6 3 7 -62672
-10 16 -12 18 -68090
-19 11 -17 9 -66976
14 20 13 24 -55844
18 -13 18 -11 -57750
21 3 21 0 -62108
20 17 22 17 -56160
-24 14 -24 16 -47958
-1 3 -2 1 -67240
18 -8 24 -9 -69474
-14 20 -16 20 -62806
-2 15 0 13 -72694
-16 -22 -21 -22 -56918
23 -14 22 -2 -66792
-9 3 -11 2 -61026
-9 17 -6 16 -68946
-6 -2 -6 -1 -57794
23 1 23 7 -57732
-11 -18 -12 -21 -69458
0 9 1 9 -59114
12 -7 12 -12 -65760
18 20 19 23 -66322
4 -17 3 -16 -59986
4 0 7 0 -63604
-5 0 -5 1 -58598
3 12 2 12 -54244
-10 23 -15 23 -64838
-2 3 0 4 -67826
-23 -7 -21 -6 -63310
-11 -9 -11 -5 -63396
12 24 23 24 -64212
8 24 8 23 -33992
-19 11 -19 9 -71712
11 -7 14 -6 -67054
-8 19 -8 20 -69772
18 13 22 15 -62674
8 7 8 5 -60820
-7 9 -8 6 -62984
-18 -21 -12 -24 -62272
12 -17 15 -24 -66742
-10 21 -8 23 -62462
8 -4 6 -5 -69154
-22 0 -23 3 -71136
5 3 10 3 -69320
10 -14 10 -11 -61604
0 -6 0 -3 -55476
20 -13 24 -13 -69284
-23 -11 -22 -6 -69228
-3 23 1 22 -69612
9 -20 8 -22 -60388
-2 -18 -3 -19 -60906
19 20 21 21 -62418
23 23 23 18 -58284
-19 22 -17 24 -51894
21 -24 21 -23 -33412
-14 2 -17 0 -62048
-10 -9 -7 -7 -63794
23 -19 24 -17 -56124
11 16 10 18 -64494
-22 4 -23 3 -61350
-15 -3 -14 -5 -70044
-9 11 -7 10 -62546
-16 2 -17 3 -72584
-14 -3 -13 -4 -69538
-23 -9 -24 -6 -64566
-21 -12 -23 -12 -59974
11 14 12 15 -58754
-10 3 -9 1 -71036
12 9 13 8 -64380
-17 -21 -19 -19 -65980
18 0 24 -22 -75128
9 9 8 12 -75296
18 -9 20 -8 -63764
-8 -9 -8 -11 -64010
-15 -16 -15 -15 -59464
18 -2 17 -5 -60388
-18 -3 -16 -2 -68130
-17 9 -17 13 -75612
-16 14 -16 13 -67444
-24 -8 -22 -12 -67820
8 24 7 20 -50066
-17 -11 -17 -13 -53110
0 -11 2 -13 -62302
-16 0 -18 0 -68958
24 -10 24 -18 -59922
-11 13 -12 10 -64882
7 23 4 23 -46666
23 21 24 -8 -68864
-11 12 -12 13 -61330
-24 9 -21 10 -66178
15 21 17 21 -62834
0 -22 -2 -20 -55082
-12 0 -13 -2 -58582
0 22 0 19 -61624
12 18 12 15 -55886
-23 -16 -18 -23 -63436
24 -11 20 -7 -66100
4 -22 7 -24 -62074
3 6 3 5 -62640
-23 -6 -21 -5 -65190
-1 -15 -2 -18 -64924
19 10 18 11 -64108
11 20 10 17 -55016
-1 -22 -4 -24 -53938
14 -17 10 -20 -73060
-13 -11 -10 -10 -60634
24 9 23 9 -48844
23 2 24 -8 -60760
1 2 -1 3 -62650
3 -5 4 -5 -59942
-18 0 -19 3 -77676
22 15 23 14 -56050
-11 4 -12 6 -66418
15 10 16 12 -65554
14 6 15 6 -63024
18 -19 21 -19 -67500
-20 7 -18 6 -67474
-8 5 -10 5 -61038
-4 -15 -4 -14 -68336
-5 -4 -5 -5 -57770
-14 7 -12 7 -59090
-4 -11 -5 -11 -56154
-23 19 -24 6 -65116
13 -14 8 -12 -71486
-22 1 -23 1 -58326
11 7 12 7 -63664
22 -5 24 11 -73788
1 -1 -2 -4 -62510
-3 -5 -2 -5 -59180
2 -24 0 -20 -48228
-20 3 -24 7 -73102
21 -12 22 -11 -62920
10 8 12 10 -71318
15 -21 16 -19 -63622
-18 11 -16 12 -68776
1 -6 0 -6 -50656
3 16 3 18 -60554
-21 -18 -21 -14 -63054
18 24 17 24 -56392
-12 -12 -12 -15 -67146
5 -8 6 -6 -65396
-12 -18 -11 -15 -65584
