-12 24 -8 22 -59082
-24 18 22 21 -66844
3 12 8 14 -66252
15 -18 10 -18 -75822
2 8 2 9 -61742
8 15 10 15 -59466
10 -17 6 -17 -64110
-13 -5 -16 -7 -67292
-6 24 -2 23 -61934
6 -7 8 -10 -58328
-14 11 -14 13 -67824
20 19 20 20 -61592
-19 -1 -21 0 -69380
0 -11 -1 -9 -58946
11 14 13 13 -65638
-23 6 -24 7 -60676
20 -7 17 -5 -70026
11 -15 11 -14 -56300
8 24 16 24 -60006
-7 20 -4 19 -67012
17 10 18 13 -66080
-18 7 -17 8 -70964
17 -13 19 -14 -66474
-5 -23 -5 -22 -53176
6 -14 9 -21 -69894
-22 -7 -23 -3 -65450
19 -13 19 -20 -70918
18 24 -18 22 -65288
-22 -16 -18 -15 -60252
-21 21 -19 23 -58822
2 -17 3 -15 -67784
-24 12 -23 8 -67112
-21 8 -24 8 -68688
-15 -12 -12 -10 -66586
22 17 22 11 -60224
23 18 24 19 -39554
-21 -7 -22 -6 -66254
-23 -4 -23 -3 -60554
-2 22 -2 23 -62550
-4 -7 -6 -8 -61588
24 -1 20 0 -67998
-6 -15 -6 -12 -69400
-19 -7 -18 -4 -63874
11 16 12 14 -62074
0 3 2 18 -76448
2 -1 0 0 -61754
20 1 23 7 -64638
6 2 5 4 -57180
-4 23 -1 24 -60810
-11 -12 -9 -17 -68384
-12 22 -8 24 -62666
21 -2 23 -6 -67442
-7 12 23 7 -83612
-23 -2 -21 -3 -63770
4 -23 6 -23 -60204
6 -16 7 -13 -72768
-15 -1 -15 -3 -64658
10 -11 12 -13 -61568
13 -13 12 -13 -63622
17 -5 13 -7 -68274
-24 -18 -24 -11 -64910
15 7 17 4 -70166
4 19 3 20 -67374
3 17 -1 19 -69014
-23 20 -23 16 -54852
-24 -12 -23 -8 -66170
-13 3 -12 3 -65506
-10 11 -13 10 -63680
11 -16 12 -18 -61882
0 19 0 17 -68224
11 0 12 -1 -62208
-5 7 -6 7 -59340
0 8 -1 10 -62156
22 -3 20 -3 -65128
-1 9 -4 8 -63860
-5 22 -7 24 -50878
2 17 1 15 -68120
-7 -18 -7 -16 -61700
21 -24 18 -23 -47026
8 -8 8 -5 -60932
-7 -21 -7 -19 -63058
-14 -4 -14 -3 -58116
24 -22 23 -1 -56950
-21 20 -21 22 -58024
24 19 22 11 -58250
13 -7 15 -8 -69550
14 3 13 1 -74924
3 20 4 23 -63276
21 22 24 16 -58658
9 -5 8 -2 -57790
-17 18 -24 23 -65804
-6 -2 -7 0 -65346
10 -24 10 -23 -30792
-24 -13 -21 -13 -56466
-21 12 -23 14 -63196
-5 -14 -7 -12 -67340
14 7 19 9 -73962
-1 23 0 23 -56314
2 19 3 19 -63556
-24 1 -24 0 -58914
-4 2 -2 3 -68256
2 15 2 13 -59826
23 21 19 24 -54258
7 16 5 17 -57564
17 -14 15 -15 -64350
24 -15 21 -16 -64930
-16 -22 -17 -23 -62264
-21 20 -22 19 -51430
10 -4 11 -2 -53960
-17 -18 -16 -19 -66082
13 0 12 0 -63412
-23 -14 -24 -16 -53104
8 1 8 0 -53094
-7 -18 -9 -20 -64898
-24 0 -23 2 -61954
-20 18 -19 17 -67212
15 -22 12 -21 -70790
-15 0 -15 3 -60092
-15 -9 -16 -7 -60120
-11 -23 -11 -21 -61186
-3 -13 0 -13 -57708
-2 6 -1 10 -66274
-1 24 0 23 -62156
22 4 20 4 -65596
-8 18 -8 15 -59418
-16 -10 -15 -12 -59340
9 21 13 20 -66636
23 2 22 0 -56280
16 -7 15 -4 -59018
9 -8 10 -8 -58842
10 0 8 1 -58976
24 7 22 11 -57038
23 -19 19 -22 -55888
16 1 15 0 -69190
15 22 14 20 -62080
-18 -13 -19 -13 -54068
5 -20 7 -20 -65878
-23 22 -2 22 -67074
-22 4 -18 3 -73470
17 9 16 9 -66980
15 -22 12 -22 -72466
-10 19 -9 15 -64342
-18 -23 -18 -21 -56388
17 20 12 17 -74016
-2 -4 -1 -24 -68254
-9 -24 -8 -24 -59956
9 -22 6 -24 -53706
18 -10 17 -12 -61110
-17 -20 -19 -24 -63860
0 -7 -1 -10 -58156
8 -20 14 -21 -70842
9 19 -24 20 -68164
14 -21 14 -16 -66568
11 -11 12 -9 -62582
24 9 17 8 -71952
-17 -19 -16 -24 -64616
-7 -22 -9 -23 -60014
-8 14 -5 14 -70902
-2 13 0 13 -60970
9 -8 7 -9 -65590
-2 13 -3 12 -60394
6 -21 6 -23 -50510
-2 -12 -3 -13 -65336
16 12 17 17 -64300
23 -10 21 -24 -72638
17 -13 18 -17 -64656
7 3 8 4 -64756
-6 18 -10 17 -64836
-3 -21 -4 -24 -55366
23 -16 22 -16 -65314
-5 -14 -4 -18 -69398
-24 14 -23 15 -48758
-8 -14 -6 -14 -59260
13 16 12 13 -64634
24 -11 24 -15 -57854
-19 13 -23 12 -69926
-17 13 -19 15 -73404
17 21 16 18 -67800
-13 -14 -17 -15 -62704
-16 -18 -16 -16 -60128
6 -16 6 -12 -69450
-23 15 -23 -3 -73798
-6 8 -6 6 -60458
-8 15 -9 12 -62586
4 23 2 24 -57190
-10 6 -11 3 -65868
8 -24 5 -21 -60508
-24 -24 18 -13 -63134
15 16 16 16 -66882
15 -22 13 -23 -59594
-1 -5 0 -6 -58760
22 -24 0 -24 -60318
18 4 17 8 -66384
14 0 -17 3 -75894
8 10 9 12 -64474
11 -16 11 -23 -69566
-7 1 -7 3 -61386
5 9 22 15 -85738
-17 5 -18 3 -64702
-7 15 -6 12 -69068
-24 11 -22 8 -72084
19 1 17 1 -54610
5 -12 2 -11 -60596
-3 12 -8 19 -79874
-18 15 -16 16 -61888
24 4 21 8 -64286
-24 5 -24 6 -47620
24 -18 22 -17 -52194
16 -17 15 -17 -66248
-7 -9 -8 -7 -67166
21 11 23 10 -68066
-9 -10 -8 -11 -62270
11 23 8 23 -49112
6 -9 5 -11 -61310
-4 24 16 24 -63748
-20 23 -21 20 -60438
22 18 23 14 -56782
-10 -24 -12 -24 -55450
0 -23 4 -21 -55160
-21 24 -21 17 -64298
-17 -1 -16 -2 -65924
-2 -21 2 -21 -50082
6 5 3 2 -65858
12 -6 11 -5 -61672
0 0 0 1 -52916
-21 -23 -19 -22 -48642
-17 21 -16 21 -64158
-4 -24 -24 -21 -68126
-1 0 0 -2 -60866
8 9 8 10 -61632
7 -14 9 -13 -62454
-9 -22 -10 -21 -71310
-12 -24 -19 -23 -61520
-12 -20 -15 -24 -68442
-7 23 -11 23 -62300
23 14 22 7 -52378
22 -4 21 -11 -52838
12 6 13 15 -73746
-24 -24 -20 -15 -55314
-8 5 -8 4 -61414
21 8 24 10 -57064
-12 24 -20 24 -58380
24 -6 22 -8 -42334
-15 15 -13 18 -58536
0 -13 -1 -15 -71020
-23 -23 -24 -9 -69928
-10 -2 -15 0 -69988
19 -19 19 -23 -57074
-24 -8 -24 -14 -72228
-21 -5 -15 -4 -69322
-15 -20 -16 -23 -72726
-22 -17 -21 -19 -51014
-16 9 -16 5 -66086
3 -3 4 -1 -57960
13 -24 -15 -24 -56004
3 -10 3 -8 -57458
-3 17 0 21 -72680
15 -6 15 -8 -55570
-21 14 -23 10 -68402
-17 4 -17 6 -61710
19 0 19 -1 -58638
-21 -13 22 -13 -66684
6 -23 18 -23 -71208
-24 -15 -23 -16 -41098
3 -17 1 -21 -65536
6 -3 6 -2 -54212
12 19 11 21 -62506
-9 -19 -10 -19 -66328
5 21 2 19 -62126
-1 0 -4 0 -74506
7 -17 7 -21 -61606
23 -20 23 -21 -51404
18 -21 16 -20 -60748
-3 -2 -5 -2 -66086
0 3 0 5 -52394
-24 -5 -24 -3 -58060
-12 -21 -12 -20 -66774
22 24 20 24 -47054
22 -2 22 -3 -54372
0 15 0 17 -66788
12 8 13 10 -68608
-2 20 0 21 -65954
0 24 1 22 -70088
12 4 12 7 -57374
9 -19 10 -18 -62488
-10 -14 -9 -13 -63750
17 -8 14 -8 -69582
15 15 13 15 -70918
-7 -22 -5 -24 -60078
-11 -19 -17 -22 -70240
-24 15 -23 -14 -72142
16 -22 19 -20 -59108
-5 4 -2 4 -72136
-4 24 -5 18 -62018
-23 15 -24 19 -50510
-7 -7 -7 -6 -63296
-12 -13 -12 -12 -65758
-8 -2 -8 -4 -57294
23 -11 24 -13 -54162
5 -22 4 -23 -55818
7 11 10 12 -66092
14 -3 14 1 -55934
-13 22 -13 20 -49540
-13 21 -12 21 -63264
-6 13 -5 13 -65532
5 -13 2 -15 -65564
-2 -21 -2 -20 -55538
-3 -19 -6 -18 -60892
-13 -7 -12 -11 -64986
23 -23 22 -19 -54490
-1 -22 -5 -22 -51634
17 6 17 9 -58028
3 23 3 24 -56672
-19 9 -23 6 -71164
-6 11 -6 12 -64212
2 13 2 11 -56868
16 4 16 3 -57944
-18 0 -18 -1 -67716
-7 -8 -8 -10 -68926
24 13 -24 2 -67034
10 4 9 1 -66040
24 6 24 -4 -61184
24 22 0 23 -67892
-12 11 -8 9 -74146
20 -9 19 -8 -66956
23 -23 23 -22 -42280
-18 10 -17 11 -71122
5 24 6 20 -65148
-12 6 -12 7 -61476
-22 11 -22 7 -68566
-4 -3 -3 -7 -65528
22 2 21 24 -67528
0 9 24 13 -80144
18 -15 21 -17 -72246
-12 23 -11 21 -49464
-24 -22 -22 -10 -72970
-20 -8 -20 -9 -62102
3 -12 3 -15 -64236
12 2 12 0 -65422
-20 23 -19 22 -48102
21 22 18 22 -64802
22 7 24 6 -63300
-24 -10 -24 -13 -64926
22 -1 23 -1 -60698
-6 -5 -11 -4 -58576
-10 -21 -8 -24 -68654
-16 22 -16 19 -56346
-24 5 -24 0 -60278
-22 -24 -21 -24 -33750
-4 12 -4 10 -62584
-23 0 -24 -3 -57884
-9 -22 -4 -24 -66424
-16 20 -24 22 -63676
21 21 21 24 -53168
9 5 8 5 -56466
17 -18 19 -13 -67914
-4 -9 -4 -11 -62902
-7 23 -1 24 -66594
-17 14 -17 15 -62202
-14 15 -16 16 -61690
10 -2 17 5 -87232
-18 16 -18 19 -57348
0 5 2 5 -58820
9 -4 8 -6 -64056
0 -13 6 -16 -65176
24 -18 22 -14 -58036
-10 -20 -14 -19 -63806
21 23 21 21 -58662
21 -23 18 -21 -57948
16 22 13 24 -58980
4 6 3 7 -64946
-10 16 -12 18 -64504
-19 11 -17 9 -72052
14 20 13 24 -54704
18 -13 18 -11 -57046
21 3 21 0 -60036
20 17 22 17 -58682
-24 14 -24 16 -49488
-1 3 -2 1 -54618
18 -8 24 -9 -71266
-14 20 -16 20 -63550
-2 15 0 13 -64804
-16 -22 -21 -22 -63280
23 -14 22 -2 -60954
-9 3 -11 2 -60246
-13 12 -12 9 -68190
-6 -2 -6 -1 -58038
23 1 23 7 -51848
-11 -18 -12 -21 -68472
0 9 1 9 -57864
12 -7 12 -12 -60932
18 20 19 23 -64520
4 -17 3 -16 -56462
4 0 7 0 -67590
-5 0 -5 1 -58312
3 12 2 12 -55010
-10 23 -15 23 -64042
5 8 4 10 -68476
-23 -7 -21 -6 -62724
-11 -9 -11 -5 -67064
12 24 23 24 -67146
8 24 8 23 -41986
-19 11 -19 9 -70018
11 -7 14 -6 -67442
-8 19 -8 20 -51550
18 13 22 15 -65422
8 7 8 5 -55330
-7 9 -8 6 -61992
-18 -21 -12 -24 -62018
12 -17 15 -24 -66162
-10 21 -8 23 -59542
8 -4 6 -5 -66976
-22 0 -23 3 -64480
-22 21 -23 -20 -71484
10 -14 10 -11 -58238
0 -6 0 -3 -56000
20 -13 24 -13 -70160
-23 -11 -22 -6 -69184
3 3 6 2 -66980
9 -20 8 -22 -59336
-2 -18 -3 -19 -59116
19 20 21 21 -67108
23 23 23 18 -55238
-19 22 -17 24 -51280
21 -24 21 -23 -33044
-14 2 -17 0 -64298
-10 -9 -7 -7 -63534
23 -19 24 -17 -47288
11 16 10 18 -63064
-22 4 -23 3 -56882
-15 -8 -14 -5 -66942
-9 11 -7 10 -69846
-16 2 -17 3 -65380
0 24 0 23 -58556
-23 -9 -24 -6 -63830
-21 -12 -23 -12 -59654
11 14 12 15 -63614
-10 3 -9 1 -62646
12 9 13 8 -58790
-17 -21 -19 -19 -67188
23 -2 22 0 -64014
9 9 8 12 -65786
18 -9 20 -8 -63264
-8 -9 -8 -11 -66288
-15 -16 -15 -15 -59286
-12 -2 -11 -3 -63422
-18 -3 -16 -2 -70160
-1 0 0 0 -69530
-16 14 -16 13 -66348
-24 -8 -22 -12 -67720
8 24 7 20 -55454
-17 -11 -17 -13 -53870
0 -11 2 -13 -57460
-16 0 -18 0 -69996
24 -10 24 -18 -63328
-11 13 -12 10 -65138
7 23 4 23 -46764
23 21 24 -8 -66226
-11 12 -12 13 -69528
-1 -14 -24 -19 -68658
15 21 17 21 -64006
0 -22 -2 -20 -52276
-12 0 -13 -2 -58466
0 22 0 19 -68922
12 18 12 15 -56724
-23 -16 -18 -23 -63694
24 -11 20 -7 -64502
4 -22 7 -24 -62018
3 6 3 5 -60536
-23 -6 -21 -5 -64018
-1 -15 -2 -18 -66848
19 10 18 11 -63492
11 20 10 17 -56000
-1 -22 -4 -24 -49564
-12 -14 -13 -14 -62484
-13 -11 -10 -10 -62462
24 9 23 9 -49872
23 2 24 -8 -63374
1 2 -1 3 -70114
3 -5 4 -5 -58838
-18 1 -19 -2 -73778
22 15 23 14 -56952
-11 4 -12 6 -65984
15 10 16 12 -69938
14 6 15 6 -65892
18 -19 21 -19 -64988
-20 7 -18 6 -68966
-8 5 -10 5 -61262
-4 -15 -4 -14 -68506
-5 -4 -5 -5 -61654
-14 7 -12 7 -65024
-4 -11 -5 -11 -60942
-23 19 -24 6 -68956
-22 10 -23 10 -66788
-22 1 -23 1 -57440
11 7 12 7 -60550
-7 10 24 2 -81004
1 -1 -2 -4 -63548
-3 -5 -2 -5 -61964
2 -24 0 -20 -45850
-20 3 -24 7 -74716
21 -12 22 -11 -64856
18 -2 13 0 -67248
15 -21 16 -19 -61344
-18 11 -16 12 -68502
1 -6 0 -6 -52770
3 16 3 18 -63644
-21 -18 -21 -14 -63112
18 24 17 24 -56106
-12 -12 -12 -15 -68328
5 -8 6 -6 -64326
-12 -18 -11 -15 -65882
