-15 0 -15 -1 -52336
24 -3 23 -4 -50282
1 -14 1 -12 -68182
1 -24 0 -23 -54052
-24 -17 -22 -17 -69664
19 22 24 11 -87744
1 5 1 4 -52074
-22 0 -21 -4 -66906
0 -24 -1 -20 -69904
14 -12 13 -13 -58896
13 -6 12 -6 -62606
15 3 16 21 -108450
-24 -8 -23 16 -65844
-1 -22 0 -21 -63464
14 -1 14 -2 -53792
-21 19 -19 21 -57806
-22 -2 -22 -1 -57970
-15 -5 -15 -2 -49758
-9 11 -5 10 -62472
-23 -8 -23 -9 -47956
5 23 -5 23 -75560
-14 19 -17 22 -66204
14 19 13 21 -87990
-16 7 -19 5 -73422
1 6 13 14 -99822
21 12 22 14 -79218
7 7 4 7 -74632
21 7 23 11 -86508
17 22 14 21 -77498
24 -7 24 -9 -52096
16 -2 19 -4 -63506
-18 22 -15 24 -52180
-24 -15 -21 -15 -74840
22 -6 22 -3 -59500
19 -22 23 -12 -74074
-10 16 -11 14 -71436
0 19 2 12 -81152
-16 -15 -15 -12 -64862
12 -8 13 -7 -63676
22 13 19 11 -89822
14 23 -9 -4 -91880
6 -24 1 -20 -71184
24 2 22 1 -55208
11 16 12 19 -92522
-7 6 -6 5 -71274
22 20 18 18 -77960
8 -7 11 -7 -79212
24 21 -9 22 -75634
20 11 19 9 -80238
-23 22 -19 15 -65586
-18 10 -15 10 -69544
-17 8 -18 8 -69746
-4 -2 0 -2 -65014
-10 -24 -15 -23 -72580
-19 21 -16 17 -75488
-20 17 -20 21 -57310
-8 21 -9 16 -77612
7 -24 15 -20 -64784
-18 20 -20 15 -65748
-17 -21 -16 -20 -72258
-3 14 0 12 -74460
24 14 24 13 -53644
1 21 2 17 -85154
-21 -24 -21 -20 -40526
24 4 23 10 -69604
-17 24 -12 22 -61020
-10 24 -16 24 -56622
0 11 18 -16 -95850
-20 -18 -24 -23 -75260
15 19 14 22 -94548
23 -17 23 -14 -61442
10 -2 8 -3 -80456
8 22 11 21 -55530
-8 -4 -8 -2 -48062
15 -22 14 -22 -46566
-13 -21 -16 -23 -74682
10 19 12 23 -81334
-14 -19 -18 -17 -72856
-4 23 -9 22 -57720
-7 -12 -10 -20 -67522
20 -11 24 -14 -70328
14 2 14 9 -76886
-12 20 -8 21 -58842
-22 0 -24 2 -49382
-3 3 -4 2 -58070
-8 -23 -7 -21 -62330
9 0 13 0 -78790
-5 17 -4 17 -65788
12 15 10 11 -71812
7 -24 -6 -24 -65346
9 -13 8 -13 -63628
16 -9 1 14 -100060
3 20 3 15 -77782
3 -13 -1 -10 -62446
-23 -10 -24 -11 -45674
7 -8 6 -8 -63402
-5 -24 -5 -20 -63408
19 -15 20 -12 -70402
16 20 15 18 -99416
23 0 20 -1 -68650
16 22 -4 17 -89592
18 17 20 18 -81002
18 -24 17 -20 -63458
3 -7 7 -21 -90430
3 22 5 23 -65040
11 -14 9 -15 -65358
0 17 20 0 -103274
19 9 23 -1 -83702
22 7 19 11 -86788
6 17 7 19 -74858
-8 17 -4 13 -69520
-1 -13 0 -10 -66462
-18 -12 -18 -13 -55420
-1 -15 0 -11 -71398
-23 -8 -21 -6 -59932
21 4 23 2 -63226
12 -19 10 -19 -64504
-15 17 -12 19 -73878
15 1 14 1 -69908
-8 15 -9 14 -73338
13 2 2 0 -93042
-3 -2 -2 -1 -66390
-22 15 -20 16 -56630
-5 -21 -7 -24 -60630
-16 -4 -15 -5 -55082
-24 -16 -23 -13 -59828
-2 -8 -1 -7 -58308
20 -24 14 -20 -68460
-22 13 -19 15 -62996
-11 -6 -11 -4 -45902
-5 15 -5 16 -66904
-2 -6 -2 -3 -55474
15 12 13 13 -94730
-23 -14 -22 -23 -72736
20 3 21 5 -64144
23 -9 24 -24 -66138
-20 -17 -20 -16 -69772
-24 24 0 19 -67448
15 10 13 9 -72824
16 -23 16 -21 -62254
-8 4 -9 0 -58746
22 24 15 18 -83426
14 15 17 15 -88418
-23 -22 -21 -23 -47238
-22 21 -19 22 -54612
10 24 11 15 -86468
23 -15 19 -13 -75384
-5 16 -4 19 -71340
-18 2 -16 3 -64488
-7 -9 -4 -9 -57112
-9 8 -6 5 -74550
-21 -19 -20 -17 -74788
7 -16 9 -17 -62022
23 -3 21 -2 -50876
-6 15 -2 17 -73938
0 5 2 5 -56082
18 6 -8 9 -90600
-4 4 -5 9 -74742
2 1 24 -19 -75136
15 -4 3 -7 -99460
-8 -11 -9 -10 -64548
24 19 -23 21 -64836
24 0 22 -24 -76142
15 18 14 15 -102944
8 -1 8 -4 -50642
-10 -19 -10 -23 -52014
-12 -23 -10 -23 -70448
15 15 18 14 -84366
12 -6 9 -4 -72536
24 2 24 8 -69010
20 -2 19 -3 -69646
13 7 10 10 -102222
-22 12 -21 10 -46848
-7 -15 -5 -9 -64224
6 12 4 12 -72420
-13 22 -17 19 -73662
-16 -6 -18 -7 -57796
16 0 15 -1 -65662
-20 -22 -18 -23 -49160
6 1 5 0 -76836
-24 -10 -21 -9 -52338
0 11 2 7 -73678
18 24 17 20 -53688
8 6 8 4 -59300
21 -15 24 -15 -58446
3 -24 5 -21 -57538
-24 -24 -21 0 -69402
11 -13 9 -9 -70806
-23 -21 -21 -19 -76178
12 -24 12 -20 -67340
-6 22 0 23 -71954
-12 -17 -13 -18 -68808
14 13 14 8 -81116
12 -3 5 -4 -96650
14 9 13 10 -98820
-2 22 0 19 -75702
20 -13 19 -13 -63412
21 -13 22 -8 -56948
16 -22 23 -2 -88642
-3 21 0 18 -81998
-2 -20 -5 -22 -59344
15 -8 15 -11 -61620
-2 3 0 2 -54182
-12 -15 -15 -15 -67856
-20 1 -20 -1 -62342
-24 -24 -4 -18 -69584
20 -17 22 -22 -62652
-7 5 -7 0 -58376
24 -8 23 -3 -58170
-16 6 -14 11 -62438
5 -10 5 -7 -58300
-12 -10 -9 -9 -64308
8 -3 9 -4 -66000
-12 -14 -13 -13 -66332
10 -21 11 -19 -63466
-7 -23 -10 -23 -67780
-23 -14 -23 -16 -61814
3 20 1 18 -77800
14 -11 15 9 -79040
21 -23 18 -23 -66336
0 -19 1 -20 -65166
-16 10 -16 11 -52062
23 -12 24 -16 -57874
-1 24 3 23 -61910
-24 19 -24 -21 -65590
-2 -21 -3 -23 -63838
24 13 19 10 -87960
12 1 17 23 -103624
-24 22 -6 18 -74610
15 -20 13 -16 -65462
-17 -15 -18 -21 -80272
3 0 0 0 -65204
-21 -24 -15 -23 -62310
-2 -10 -3 -8 -52486
-4 22 -12 24 -64150
-24 -24 -4 5 -69460
1 11 0 12 -67212
23 -10 22 -10 -58516
-2 12 0 6 -82388
15 4 15 1 -57484
-24 3 -24 2 -54584
-17 -24 24 -23 -54240
-24 8 -22 5 -42256
7 24 6 20 -57140
7 24 3 24 -59474
1 -21 1 -17 -58916
19 -1 18 1 -65294
-17 21 -22 22 -60236
17 0 18 -1 -68294
17 21 24 16 -84522
18 13 17 19 -90712
-24 9 -24 5 -51550
-14 16 -14 21 -77146
-8 21 -6 17 -81614
8 -10 7 -17 -78866
6 24 9 23 -48492
24 20 23 16 -47474
3 4 0 6 -62652
-21 4 -18 3 -59570
24 1 23 0 -53068
-4 -20 -5 -19 -55636
21 -10 24 -6 -67740
-7 -10 -7 -6 -56266
-19 -7 -21 -9 -66786
-6 8 -6 10 -53792
-15 -22 -17 -22 -66094
15 20 8 20 -69714
-22 24 -18 20 -45140
21 10 -18 1 -76374
15 17 17 21 -102666
16 14 16 16 -79596
0 -6 1 -6 -50500
17 24 18 23 -55178
-23 -20 -22 -20 -62976
7 -18 6 -10 -80792
-24 -4 -24 -17 -56606
-4 -22 2 -23 -60144
-24 0 -20 -3 -61976
3 -18 4 -16 -53170
-24 10 -21 16 -60506
-1 -19 0 -16 -54542
4 -8 2 -11 -59064
-13 -13 -13 -9 -59486
8 -22 7 -22 -46522
-24 6 -24 2 -63472
-5 -11 -8 -13 -60338
15 -16 13 -15 -53184
3 8 18 10 -101364
3 19 0 18 -77732
-21 -24 -20 -23 -46658
2 -3 1 -6 -55698
-9 11 -7 13 -65744
-7 -6 -12 -9 -65540
5 24 2 -19 -83028
16 17 13 18 -79176
-20 8 -23 6 -71786
23 10 23 13 -64356
10 1 9 -1 -62066
-12 24 -6 19 -68932
16 1 10 0 -80188
17 -22 17 -18 -64184
-6 17 -9 19 -74030
6 10 9 8 -72750
24 -7 24 -6 -56398
10 10 10 5 -72104
-10 -2 -12 -3 -55036
0 -14 1 -16 -60092
8 -16 7 -20 -57376
14 7 10 6 -80000
2 -13 -4 -13 -58430
-23 -18 -24 -23 -50260
17 6 17 9 -75472
15 23 16 23 -68916
16 -17 16 -12 -72764
-17 1 -17 2 -57226
5 9 2 7 -74372
9 23 9 21 -55512
-11 -20 -10 -20 -70610
-20 10 -23 7 -70828
23 24 -19 12 -71702
-6 23 -2 20 -71530
-22 -16 -23 -16 -76700
8 -13 8 -11 -71882
19 -24 15 -22 -59236
-20 -3 -18 -9 -64606
23 11 21 10 -76206
-14 8 -10 5 -56358
-8 18 -8 20 -73660
14 12 14 13 -67788
8 7 6 5 -74328
1 -1 4 -2 -62996
-16 -13 -11 -9 -65272
12 14 7 14 -80136
-15 -19 -14 -23 -46884
6 -6 7 -5 -71814
9 -23 8 -20 -65356
8 24 0 20 -80480
-13 6 -12 3 -54632
16 -23 24 -21 -68922
-20 8 -24 5 -69064
-7 -6 -5 -9 -62328
5 -5 2 0 -63722
14 8 17 7 -74314
3 -23 2 -20 -64788
0 -23 6 -22 -72208
-17 10 -18 8 -64658
-3 24 -4 24 -59246
18 -9 21 -11 -61508
-11 -21 2 -21 -66092
21 -13 19 -15 -71098
-2 14 -2 12 -61204
22 -23 18 -20 -69520
20 -2 20 -4 -54836
22 22 23 21 -46032
24 -23 24 4 -67492
22 3 24 11 -84994
22 13 19 15 -74370
-23 4 -23 3 -66126
20 -10 24 -8 -68470
-3 -24 -5 -21 -57038
12 13 8 12 -84306
-10 -12 -9 -20 -70956
4 18 2 10 -72846
-11 -24 -15 -23 -67818
6 19 1 24 -73602
20 0 19 0 -66976
-18 -11 -19 -10 -69890
1 -23 3 -22 -65202
17 -12 16 -12 -46978
-11 20 -14 20 -65106
-5 1 -6 -1 -69386
-17 -9 -17 -7 -52844
9 -19 11 -22 -64636
11 -13 11 -11 -65742
-23 -10 -19 -13 -72424
-15 16 -17 16 -60572
-17 -15 -17 -18 -71702
-9 0 -9 -3 -50314
10 15 16 5 -114698
-16 10 -18 16 -67740
0 10 0 5 -72968
20 -9 19 -6 -56858
21 -14 24 -16 -66120
-13 11 -14 16 -64872
11 -24 11 -22 -55520
-24 17 -16 15 -65598
12 -5 12 -8 -53946
2 21 3 18 -82078
19 21 21 17 -79420
-24 1 -21 9 -73786
13 22 24 24 -74238
17 -24 21 -22 -61644
-14 -8 -19 -6 -67004
-13 18 -13 20 -71916
-16 -17 -14 -18 -71774
24 22 14 20 -83738
12 2 13 0 -63334
-1 0 0 -2 -54904
7 0 7 -1 -48992
14 24 18 19 -86082
1 12 4 12 -70308
9 -23 9 -22 -58568
-5 11 -4 13 -58570
13 -15 13 -20 -62806
4 17 2 14 -74182
1 24 2 19 -60408
-9 -21 -8 -22 -55530
17 -22 8 -22 -58626
-15 -24 -11 -17 -77312
1 -14 3 -15 -59188
20 -24 21 -20 -41210
5 -13 4 -14 -57774
21 11 23 7 -75888
16 2 16 24 -104990
-14 -11 -8 -11 -68146
-11 -6 -11 -12 -64474
18 2 17 1 -64450
8 -19 10 -19 -65280
-9 -23 -8 -23 -66150
17 23 17 14 -97622
-8 -18 -12 -14 -76022
5 1 4 0 -71842
-15 17 -11 13 -68266
-23 -22 -24 -14 -68302
23 -19 23 -16 -54462
-24 -5 -24 -1 -51104
24 8 23 1 -72316
0 21 -2 19 -68598
-7 3 -13 1 -65310
6 24 24 24 -66658
-12 0 -8 3 -65078
-22 15 -22 6 -63220
-4 14 0 16 -71766
24 11 4 14 -90464
7 20 7 16 -76436
17 -2 15 -2 -64082
21 12 20 14 -71958
10 13 15 10 -103728
3 3 3 1 -48786
-12 -22 -10 -20 -74234
-11 10 -11 6 -50488
-15 -3 -13 -2 -54686
-24 -3 -22 -9 -59380
-18 3 -18 4 -62506
17 -18 17 -13 -72612
-2 17 1 18 -74798
-12 -19 -11 -12 -71416
-6 4 -2 5 -56796
12 4 -19 10 -78262
21 8 20 9 -77738
-20 -10 -18 -9 -67206
13 -17 11 -12 -64900
-16 21 -18 20 -67066
-3 -4 -2 -5 -54724
20 5 24 17 -96210
-18 8 -18 2 -67806
5 -3 4 -4 -67104
10 17 13 21 -94618
21 -11 22 -10 -63476
-23 -8 -23 -4 -59264
-23 -11 -22 -15 -55976
16 -22 17 -21 -50760
-10 22 -9 18 -68230
-18 8 -14 7 -63308
-18 -14 -21 -12 -75830
-24 2 20 -9 -65966
-16 -14 -18 -17 -73018
12 8 14 4 -89970
-7 0 -9 0 -60218
-3 13 -3 18 -76046
6 -7 6 -6 -56088
5 -21 1 -20 -70004
13 -8 13 -9 -60586
-18 -1 -20 -2 -55490
-6 -3 -8 -2 -53154
15 22 16 19 -92832
7 -6 5 -9 -67962
-17 12 -17 21 -75590
-5 -17 -10 -12 -77802
9 -16 9 11 -82166
8 3 7 4 -65828
11 10 12 11 -73516
2 -11 -5 -10 -62230
22 -24 20 -24 -48556
-3 -17 -9 -14 -69426
1 -5 3 -21 -82294
24 24 24 9 -64420
-15 -24 -14 -23 -55252
10 13 2 18 -81842
15 18 14 15 -102944
-19 -13 -16 -14 -66826
3 -24 6 -23 -55796
-10 15 -12 15 -59494
0 -2 2 0 -60986
-2 15 0 13 -76540
-10 -10 -10 -9 -60786
24 2 24 -1 -40568
11 7 7 6 -76232
-5 3 -4 6 -56608
-1 -23 -1 -19 -71576
3 15 2 3 -78272
-24 9 -23 17 -56434
-17 0 -18 -2 -62270
17 16 14 14 -87212
-21 22 -20 11 -71204
10 8 12 5 -91988
-23 -2 -19 -2 -51240
-12 16 -13 11 -62120
-22 24 -19 5 -68578
-7 -17 -6 -14 -56434
-22 -18 -18 -20 -64806
-5 -3 -4 2 -67738
