-23 17 -23 20 -56986
24 -3 23 -4 -40332
4 -15 4 -6 -50676
1 -24 0 -23 -58854
-24 -17 -22 -17 -54874
11 22 12 22 -66794
15 10 18 7 -81528
19 -20 19 -23 -66012
-10 7 -10 9 -70310
19 -14 20 -12 -62084
-8 -9 -7 -10 -59918
20 7 18 6 -63538
3 9 2 7 -72816
11 24 9 24 -57196
14 -1 14 -2 -54744
5 6 5 5 -65904
0 17 0 18 -64886
-16 -3 -13 14 -92014
9 9 9 11 -57608
24 -6 24 -14 -53016
-10 6 -8 5 -70992
0 5 -1 4 -74232
-7 -24 -6 -22 -49588
24 7 24 24 -65300
-23 15 -24 13 -56118
-17 -3 -18 0 -63320
20 19 24 17 -58642
11 -22 14 -21 -53050
16 11 17 13 -62012
24 -7 24 -9 -47786
-20 -10 -22 -9 -57602
-18 22 -15 24 -53564
-16 -10 -16 -9 -63870
-6 -11 -6 -9 -54602
-24 5 -22 7 -66388
-19 7 -15 8 -69096
16 23 24 24 -74192
-16 0 -19 -1 -62726
9 3 7 3 -71870
22 -23 19 -20 -61344
-8 10 -11 9 -62808
-18 -21 -15 -17 -72164
24 2 22 1 -58572
-14 7 -16 5 -68750
-14 21 -16 23 -66094
18 3 18 2 -73840
0 19 2 17 -61096
8 -12 7 -11 -39846
18 4 17 9 -70270
-3 16 -9 16 -63564
0 -21 -24 -24 -58716
0 15 0 14 -60818
-19 -22 -17 -23 -57900
20 16 21 12 -66306
-5 -5 -5 -6 -62054
2 4 0 1 -66408
22 15 23 16 -67618
-9 -2 -5 -8 -65566
-17 11 -15 9 -65476
20 -9 18 -11 -54306
-23 -24 -22 -23 -46014
24 14 24 13 -50500
11 -22 8 -24 -49962
-21 -24 -21 -20 -54512
13 2 10 -1 -78718
4 -6 0 -7 -43066
17 6 18 7 -62982
-23 -24 -19 -24 -64580
-17 -24 -15 -22 -67252
-5 7 -5 8 -66396
23 -17 23 -14 -66596
0 4 1 3 -68430
14 -2 10 -3 -64076
20 11 18 12 -72808
6 20 4 4 -100584
6 11 3 10 -66322
22 -18 21 -18 -58274
14 0 16 3 -79300
17 21 0 0 -104352
11 6 7 3 -81416
-20 5 -17 6 -68918
11 24 9 22 -58452
-2 16 -2 22 -68964
-22 0 -24 2 -55684
3 -20 3 -21 -63884
-9 21 -9 22 -63972
-17 18 -17 19 -62284
-24 20 -22 17 -57376
12 -9 10 -11 -59256
1 -4 -11 6 -92786
-24 3 -24 0 -62640
-11 0 -10 1 -60700
-13 -16 -11 -15 -55920
-5 -22 -11 -21 -64420
-23 -10 -24 -11 -56200
24 6 0 -2 -79616
7 -24 5 -22 -45016
24 -8 24 10 -60726
7 -1 3 2 -73114
8 15 8 19 -67800
13 -5 10 -7 -60802
-22 -17 -23 -14 -53626
18 -24 17 -20 -67352
-24 13 -22 13 -51362
3 22 5 23 -55372
-10 -2 -8 -2 -73062
13 -12 11 -15 -62230
-2 1 -3 0 -58946
-16 6 -12 6 -61524
19 -1 20 -3 -50134
-10 -19 -10 -20 -61988
23 -15 21 -18 -71070
-8 -6 -6 -6 -60112
11 -2 -1 6 -88186
17 24 8 24 -73786
7 -22 9 -23 -43900
-23 8 -23 14 -59300
-14 -5 -14 -7 -53202
23 3 23 5 -49672
14 16 15 14 -64822
15 18 14 18 -64588
0 -24 -1 -24 -48168
-22 15 -20 16 -63326
-7 -15 -6 -14 -61346
-4 -22 -2 -21 -53976
10 0 11 2 -73500
6 3 8 5 -82216
-23 -3 -24 -1 -64658
-24 4 -20 5 -65478
-24 -15 -23 -14 -55456
-5 15 -5 16 -58842
-18 -5 -18 -3 -58414
23 15 24 16 -62810
-23 -13 -24 -13 -48514
24 -9 23 -10 -40454
23 -9 24 -24 -62984
-20 -17 -20 -16 -54088
19 15 18 14 -66718
15 9 14 9 -60130
16 -23 16 -21 -66680
-6 10 -9 11 -60484
-24 -9 -24 -12 -41274
-7 -2 -7 -4 -62236
20 23 19 21 -72444
-23 8 -24 7 -57740
14 14 15 11 -70938
4 19 6 -10 -93236
6 23 8 19 -71298
16 -16 10 -12 -56508
14 -24 12 -23 -47496
-2 -9 -3 -10 -54248
-1 6 1 6 -65602
-11 19 -16 16 -64494
-13 -9 -13 -8 -58452
-12 15 -11 13 -66960
-14 15 -14 18 -67758
8 3 23 22 -86634
-8 11 -8 10 -67726
-24 -6 -24 -5 -47216
10 17 11 11 -74172
-6 -20 -6 -21 -64034
24 19 -23 21 -60550
-21 -10 -23 -2 -66042
-24 -10 -23 -7 -57028
-7 -13 -6 -14 -54650
13 -5 12 -22 -67388
-22 23 -21 24 -55846
-15 -12 -17 -12 -52550
-11 19 -7 16 -67644
1 -15 -4 -15 -54892
-3 -24 -2 -23 -46552
-3 19 1 22 -68084
-22 12 -21 10 -60442
-18 22 -20 24 -68124
24 19 23 19 -51856
-1 23 -2 24 -51330
9 -20 9 -21 -61498
2 10 5 16 -75072
6 12 7 12 -57466
-18 16 -18 15 -58828
-13 24 -9 21 -58454
23 7 24 8 -49572
-12 22 -13 22 -52774
-16 22 -13 24 -54840
-6 -1 -6 0 -65976
-14 -24 -10 -21 -61416
-3 21 -5 21 -54356
-24 -24 -24 -2 -58268
-1 18 24 18 -70328
-8 14 -7 16 -63902
-15 13 -15 12 -63448
-17 -23 -16 -24 -56266
21 -2 21 3 -70866
15 -14 12 -17 -58644
-8 -3 -7 -2 -70348
-14 7 -13 10 -79756
-8 -11 -11 -13 -66602
-2 3 -3 2 -60752
-11 23 -11 21 -59140
2 -2 18 23 -104194
-12 -24 -12 -21 -55092
-19 14 -17 12 -61984
-12 -12 -10 -13 -62370
-9 -12 -9 -13 -55720
16 15 11 -16 -85628
-12 8 -10 9 -63362
20 -17 22 -22 -61148
-18 16 -16 17 -61548
14 20 13 -4 -96306
-22 23 -19 21 -68500
0 -7 0 -9 -56124
-6 -17 -7 -18 -57672
22 -15 22 -14 -65190
-21 20 -21 21 -57548
10 -21 11 -19 -68302
-3 -18 -4 -17 -55630
-7 -24 -11 -23 -60322
0 14 5 20 -74416
-21 15 -23 15 -61302
-11 -19 -12 -14 -58138
22 -23 19 -23 -62136
-16 0 -17 3 -61816
23 -12 24 -16 -56084
-4 12 -4 9 -74632
9 6 11 4 -59958
8 -7 10 -6 -53826
23 8 24 8 -50016
24 11 20 12 -65950
-11 -22 -10 -19 -63650
1 -16 0 -15 -47656
4 18 5 16 -65020
23 7 24 6 -43566
-14 -24 -13 -24 -54932
-19 -11 -18 -14 -50638
-24 13 -23 16 -57236
24 24 5 22 -74212
-17 23 -18 24 -68918
10 -18 8 -16 -47800
18 24 18 19 -67588
-21 -18 24 -18 -56926
-24 3 -24 2 -59770
-23 -5 -22 -5 -53672
-24 8 -22 5 -54532
17 -10 15 -8 -45448
7 24 3 24 -55678
-17 -21 -16 -23 -60034
10 -4 10 -3 -43630
-22 19 -23 17 -62428
-21 -24 -22 -23 -48792
24 -10 20 -9 -43332
23 19 24 21 -64154
-24 9 -24 5 -56968
-11 -1 -9 -1 -71616
23 4 24 8 -49404
-18 4 -18 5 -62542
6 24 9 23 -54520
24 20 23 16 -56010
1 -24 3 -24 -52474
-6 10 -7 8 -69296
24 1 23 0 -62170
12 -24 9 -23 -47934
-12 14 -23 23 -85150
-22 -5 -24 -4 -57316
-16 -20 -10 -22 -70094
-13 13 -12 17 -68326
-24 -2 -24 -3 -66770
-18 23 0 22 -67362
-10 -4 -13 0 -74132
15 22 14 23 -73956
-24 12 -23 7 -60464
-2 2 5 3 -72902
-10 18 -10 20 -58560
17 24 18 23 -67464
7 24 7 23 -42542
-6 -23 -7 -22 -64092
-23 23 -21 24 -62654
-24 18 -23 11 -52350
-9 -11 -10 -13 -66546
4 1 4 23 -102832
3 -15 3 -16 -48428
-14 11 -18 8 -72538
-17 -8 -20 -10 -53986
-23 -17 -22 -19 -51746
13 20 13 21 -66134
-24 6 -24 2 -58042
-20 3 -19 5 -66250
11 2 14 -1 -65186
17 1 17 6 -80780
-23 -23 -21 -23 -64010
-21 -24 -20 -23 -58610
3 -24 1 -22 -64368
4 16 -16 -6 -88924
-5 22 -4 24 -57468
8 7 4 6 -79046
-1 -10 -2 -23 -65604
4 -20 24 -24 -53528
23 10 23 13 -50122
18 7 11 18 -92388
18 -15 18 -17 -57058
0 23 1 21 -57696
-12 -8 -10 -6 -62860
-21 -3 -20 -2 -63308
17 0 16 -2 -70222
24 -7 24 -6 -41936
19 -9 19 -11 -54418
-19 18 -17 21 -66550
3 22 3 20 -59334
8 -16 7 -20 -64648
10 24 -19 23 -63886
-1 -2 -3 -3 -62132
-23 -18 -24 -23 -53668
20 23 -22 22 -64044
15 23 16 23 -62022
-5 -23 -5 -22 -60352
-15 -20 -16 -22 -68228
17 3 18 1 -66572
9 23 9 21 -66252
-21 -23 15 -22 -60242
14 23 24 -22 -81860
-9 -24 -10 -23 -56042
0 16 -2 16 -59422
5 -18 5 -17 -58830
-5 0 -5 -1 -63944
19 -24 15 -22 -47290
-4 17 -3 16 -66384
-10 -24 23 -22 -54192
-1 3 -2 3 -70400
-24 6 -24 -17 -62954
-13 -11 -14 -13 -54984
4 -19 3 -20 -56944
-15 -7 -13 -10 -62872
15 1 13 1 -58356
-6 -18 -6 -19 -56128
-15 -3 -14 -3 -52262
-10 23 -8 24 -47462
19 -7 19 -5 -43914
-20 -7 -18 -9 -60004
-18 0 -20 0 -69954
-24 -2 -23 3 -68960
-9 6 -7 4 -76588
-18 17 -17 16 -65464
17 17 16 16 -66640
20 -14 17 -14 -45826
3 -23 2 -20 -67968
-8 24 -7 23 -48964
6 -17 3 -17 -49942
23 2 22 16 -64192
-14 12 -12 9 -68962
16 0 19 1 -60180
-14 10 -14 7 -77138
-24 23 -20 23 -58416
-12 14 -14 9 -77554
20 -2 20 -4 -50454
22 22 23 21 -45564
24 -23 24 4 -60456
-15 -19 -14 -16 -60952
-14 -24 -15 -23 -55978
22 -12 20 -8 -58902
17 23 19 24 -61504
-19 -16 -21 -16 -65502
2 -7 0 17 -92390
-4 22 -4 23 -62868
-8 -20 -7 9 -72304
22 -15 21 -16 -70406
-1 -6 0 -4 -55066
5 4 8 1 -71500
-8 2 -9 3 -71450
1 -23 3 -22 -48296
10 7 10 9 -58936
-23 -23 -23 -20 -49976
12 1 9 2 -63774
-14 -3 -14 -2 -61544
3 -2 -24 -6 -67820
-2 4 -1 3 -73826
-15 3 -14 2 -61584
-23 -8 -24 -9 -57458
0 -10 -1 -8 -56688
-9 0 -9 -3 -68800
16 -16 13 -13 -51940
16 5 0 6 -87498
17 24 19 22 -69648
-14 -24 0 -24 -63004
-9 -2 -9 16 -87812
-3 -22 -2 -23 -66150
11 -24 11 -22 -49300
-24 23 -22 21 -44178
0 12 -5 9 -77978
14 21 14 24 -64460
24 -10 22 -11 -41596
12 3 13 5 -71894
11 24 14 22 -73304
17 -24 21 -22 -57596
5 0 6 0 -68720
-11 16 -12 18 -68464
-18 -24 -17 -23 -57542
10 -12 9 -14 -54506
10 -6 10 21 -96762
-17 20 -18 22 -72286
7 0 7 -1 -48836
2 -15 1 -20 -62670
21 5 24 6 -58580
9 -23 9 -22 -53938
12 21 13 22 -65806
13 -15 13 -20 -51590
0 10 4 9 -61608
-5 11 -4 13 -69248
-4 -8 -4 -5 -64236
5 -11 3 -11 -40670
18 23 20 23 -69192
9 -14 10 -8 -55890
20 -24 21 -20 -55818
5 21 7 22 -57990
1 -12 -24 -16 -66442
17 13 14 13 -63770
24 -1 24 0 -55512
-7 17 -4 14 -69856
-23 -21 -19 -21 -72704
-11 20 -9 21 -55718
-1 4 -1 1 -63268
9 -3 9 -1 -51426
-12 -5 -11 -2 -62834
-5 -15 -4 -13 -56724
-24 -17 -23 -12 -55214
-24 23 -23 24 -49060
23 -19 23 -16 -58450
-24 -5 -24 -1 -68616
18 -24 19 -22 -57012
3 0 0 23 -97154
-14 -16 -11 -17 -67976
-14 -17 -14 -20 -62396
-4 -12 -6 -9 -63132
4 23 2 24 -51672
22 22 23 23 -61618
-11 19 -13 -1 -90566
-17 -10 -17 -8 -64568
24 -21 22 -21 -38780
0 -1 1 -2 -61360
21 23 23 23 -56254
7 -21 5 -22 -50770
17 19 17 18 -52964
-9 -19 -12 -16 -67320
-14 -10 -14 11 -80442
-15 20 -14 22 -61488
-20 -18 -18 -18 -65112
17 -4 14 -7 -54416
-16 -12 -13 -14 -57704
-7 19 -10 23 -71190
-5 5 -5 4 -62372
-24 0 -21 1 -59304
-1 9 0 11 -73002
-9 -2 -10 -1 -74442
-2 11 -2 10 -70094
22 -17 20 -19 -64944
-14 -6 -12 -5 -59016
1 -12 0 -10 -48116
-5 -11 -4 -11 -51852
13 10 20 7 -85234
24 14 22 15 -59284
0 -24 -2 -19 -71136
-4 -22 -3 -23 -66312
-24 -17 -24 -16 -51030
16 -22 17 -21 -58008
-23 -17 -24 -20 -54334
-2 21 0 24 -58094
24 -12 22 -10 -46256
9 -21 11 -19 -67312
3 16 3 14 -64878
-20 2 -19 2 -69468
10 14 10 12 -65520
-4 21 -5 24 -64436
7 19 7 20 -62492
5 -21 1 -20 -59388
13 -8 13 -9 -42632
-23 23 -24 -5 -67904
-3 0 -4 0 -60580
-16 6 -15 4 -62718
11 16 11 18 -61452
9 -4 8 -7 -46436
23 19 24 24 -57034
11 23 12 21 -73952
0 -3 -2 -1 -62826
11 10 12 11 -53062
-18 24 -16 23 -67932
22 -24 20 -24 -53978
-3 -14 0 -10 -57146
6 9 7 6 -61054
-2 12 -1 12 -60820
-15 -24 -14 -23 -61258
0 10 6 7 -68716
16 13 16 7 -68166
-24 -3 -23 0 -65300
-6 19 -4 21 -62514
-3 24 2 24 -46850
1 6 -2 4 -78910
12 16 5 15 -58672
17 0 21 2 -66404
24 2 24 -1 -59680
11 -5 12 -6 -43046
19 7 18 8 -71188
3 -2 3 14 -95754
-18 8 -18 10 -65040
13 10 15 0 -86004
-24 20 -23 21 -54344
20 19 21 24 -74032
2 -6 0 -4 -59060
14 -2 14 7 -87340
-19 7 -19 6 -62448
18 -17 16 -19 -56218
-5 9 -2 8 -64676
21 16 19 15 -66618
15 -22 14 -21 -52768
-1 -22 0 -19 -60300
