-23 17 -23 20 -54284
24 -3 23 -4 -56546
18 17 10 11 -85230
1 -24 0 -23 -42564
-24 -17 -22 -17 -51928
11 -16 11 -18 -49534
22 -6 24 -4 -63182
18 8 21 8 -65444
-10 7 -10 9 -63538
1 15 3 16 -62932
-8 -9 -7 -10 -57450
-1 8 -23 7 -65436
13 2 14 -2 -72444
11 24 9 24 -68800
14 -1 14 -2 -63982
12 8 10 17 -87154
0 17 0 18 -70306
17 -23 16 -22 -55628
9 9 9 11 -65972
18 -8 14 -13 -55854
-10 6 -8 5 -66746
21 -15 23 -13 -67028
-7 -24 -6 -22 -45202
-11 0 -11 4 -55254
-23 15 -24 13 -63546
0 23 0 24 -47358
15 8 24 -24 -70070
-14 15 -12 15 -55730
-16 12 -15 6 -72298
24 -7 24 -9 -41814
-20 -10 -22 -9 -49754
-18 22 -15 24 -48772
-16 -10 -16 -9 -63932
-6 -11 -6 -9 -56488
-24 5 -22 7 -63254
-19 7 -15 8 -53870
3 24 0 22 -48516
-16 0 -19 -1 -50238
14 13 -11 3 -80182
22 -23 19 -20 -63902
-1 -15 -2 -13 -52046
24 -23 7 -23 -49550
24 2 22 1 -57442
-13 24 -6 24 -67352
-14 21 -16 23 -64006
10 3 11 24 -92230
-21 24 22 23 -78268
8 -12 7 -11 -49148
22 22 24 16 -68056
0 20 0 18 -73730
24 8 23 14 -77054
0 15 0 14 -62876
-19 -22 -17 -23 -53306
21 -11 22 -15 -65120
-5 -5 -5 -6 -64098
6 10 3 11 -65338
1 24 12 19 -86686
23 11 24 14 -72240
-17 11 -15 9 -58200
16 -21 17 -16 -64244
-23 -24 -22 -23 -43184
24 14 24 13 -65056
19 4 20 5 -71180
-21 -24 -21 -20 -54012
8 24 9 23 -69756
4 -23 4 -21 -56816
14 24 16 14 -85568
-23 -24 -19 -24 -54806
-17 -24 -15 -22 -63964
8 17 7 15 -64674
20 3 20 4 -63498
-5 15 -2 16 -56174
20 9 20 7 -65626
6 12 6 14 -67750
-4 24 23 23 -80058
10 24 9 23 -67658
22 -18 21 -18 -66194
-6 -19 -5 -17 -70652
21 -20 22 -21 -62784
23 0 3 -3 -75924
-20 5 -17 6 -56238
0 7 0 9 -73118
0 10 0 13 -73208
-22 0 -24 2 -68438
-4 1 18 19 -95804
19 -10 21 -9 -61746
-17 18 -17 19 -53600
-24 20 -22 17 -56518
2 -4 1 -4 -54210
24 -14 22 -13 -70364
-24 3 -24 0 -59058
19 -19 19 -18 -53054
-13 -16 -11 -15 -59732
9 -10 9 -13 -45474
-23 -10 -24 -11 -62900
12 10 13 3 -76330
7 -24 5 -22 -44922
13 -6 14 -6 -64386
17 7 10 6 -98528
14 17 15 18 -63804
-8 0 -7 -15 -73232
-22 -17 -23 -14 -54840
20 20 19 23 -75902
-24 13 -22 13 -51200
-13 0 -12 -1 -68584
-10 -2 -8 -2 -71992
-10 2 -7 6 -74176
0 -4 -3 -1 -66586
22 -19 23 -15 -50798
4 7 18 14 -99196
-10 -19 -10 -20 -58780
-7 6 -7 3 -59308
-8 -6 -6 -6 -63258
0 1 -1 -2 -62250
23 -11 22 -9 -54964
7 -22 9 -23 -45926
-23 8 -23 14 -60472
-14 -5 -14 -7 -54130
2 -6 8 21 -88488
14 23 5 2 -102122
10 3 9 4 -58292
0 -24 -1 -24 -39522
-22 15 -20 16 -60948
-7 -15 -6 -14 -60742
-4 -22 -2 -21 -56562
10 0 11 2 -63850
-13 6 -12 5 -57272
-23 -3 -24 -1 -66682
-24 4 -20 5 -64832
-24 -15 -23 -14 -63098
-5 15 -5 16 -59012
-18 -5 -18 -3 -63152
23 15 24 16 -57174
-23 -13 -24 -13 -49984
24 -9 23 -10 -55144
-2 16 -2 18 -68164
-20 -17 -20 -16 -55520
13 6 21 5 -84816
15 9 14 9 -84734
9 -6 7 -3 -67038
-6 12 -9 11 -64892
-24 -9 -24 -12 -40298
-17 8 -17 9 -63064
15 -6 16 -9 -62404
-23 8 -24 7 -56896
5 -23 12 -24 -43242
-16 3 -13 4 -56016
-13 -19 -14 -21 -65372
3 24 15 22 -92888
14 -24 12 -23 -41738
5 -3 7 -2 -55268
-13 3 -11 3 -66404
-7 9 -7 5 -69264
-13 -9 -13 -8 -56884
24 -12 23 -16 -56234
0 -5 -2 -6 -64976
-8 -23 -10 -22 -68548
12 20 12 16 -84542
-24 -6 -24 -5 -40170
-9 3 -8 -2 -58984
-6 -20 -6 -21 -64358
24 19 -23 21 -73432
-9 7 -11 6 -69320
-24 -10 -23 -7 -55338
-7 -13 -6 -14 -59048
-6 0 -5 0 -57040
-22 23 -21 24 -54736
-15 -12 -17 -12 -56220
24 3 21 4 -57790
1 -15 0 -15 -43174
-3 -24 -2 -23 -48316
14 10 12 7 -80390
-22 12 -21 10 -60508
-18 22 -20 24 -66278
24 19 23 19 -48788
-1 23 -2 24 -51516
9 -20 9 -21 -49624
-10 13 -12 12 -60034
12 6 11 9 -73876
-18 16 -18 15 -55908
-13 24 -9 21 -71164
23 7 24 8 -53136
-12 22 -13 22 -57666
-16 22 -13 24 -50390
6 -2 6 -1 -50532
-14 -24 -10 -21 -57402
-3 21 -5 21 -47876
-24 -24 -24 -2 -51180
15 -20 14 -21 -45886
-8 14 -7 16 -62062
-15 13 -15 12 -58858
-17 -23 -16 -24 -50502
-5 12 -3 11 -59602
21 19 -3 20 -91360
23 22 23 16 -70342
10 -1 10 -5 -63376
23 -19 20 -17 -74138
-3 0 -2 -1 -63612
14 10 19 9 -81448
-15 9 -14 12 -61428
-12 -24 -12 -21 -53424
-19 14 -17 12 -60732
-12 -12 -10 -13 -57558
-9 -12 -9 -13 -49374
-8 20 -11 20 -70660
-23 -21 3 -19 -57106
-6 9 -7 13 -63992
-18 16 -16 17 -49440
14 2 13 0 -63476
-22 23 -19 21 -66206
0 -4 0 -9 -66176
-6 -17 -7 -18 -68328
1 -2 2 -4 -58998
-21 20 -21 21 -53886
-5 -2 -6 0 -61814
-3 -18 -4 -17 -57524
-7 -24 -11 -23 -63028
0 -11 0 -24 -59090
-21 15 -23 15 -60382
-11 -19 -12 -14 -57830
23 16 23 14 -62150
-16 0 -17 3 -53604
17 3 4 24 -101292
15 -4 13 -4 -65520
9 21 11 23 -78388
-13 16 -12 13 -64254
23 8 24 8 -45500
-3 17 24 15 -88126
20 -19 18 -21 -49130
24 -12 22 -11 -75472
21 -15 22 -17 -61768
23 7 24 6 -54682
-14 -24 -13 -24 -47738
-19 -11 -18 -14 -56252
-24 13 -23 16 -64590
18 17 21 18 -67272
-17 23 -18 24 -64806
-5 5 -7 0 -65040
16 23 16 23 -241204
-21 -18 24 -18 -49420
-24 3 -24 2 -56400
-23 -5 -22 -5 -50818
-24 8 -22 5 -61592
17 -10 15 -8 -58310
20 24 19 24 -70522
-17 -21 -16 -23 -57388
1 -5 0 -6 -59670
-22 19 -23 17 -59352
-21 -24 -22 -23 -46060
7 -12 15 -11 -57020
-2 10 0 9 -60382
-24 9 -24 5 -55134
-11 -1 -9 -1 -74170
24 3 24 8 -65304
-18 4 -18 5 -59904
6 24 9 23 -69674
24 20 23 16 -64010
1 -24 3 -24 -40534
6 4 6 7 -60476
24 6 23 3 -66750
20 9 18 7 -68726
-14 1 -14 -3 -63994
-22 -5 -24 -4 -53680
2 5 0 4 -62210
-13 13 -12 17 -58480
-24 -2 -24 -3 -64070
7 -23 7 -24 -47682
12 -16 10 -16 -43092
22 -3 18 -3 -62610
-24 12 -23 7 -58338
11 6 12 9 -74006
-10 18 -10 20 -64418
3 11 1 13 -71676
7 24 7 23 -60410
-6 -23 -7 -22 -64990
-23 23 -21 24 -62280
-24 18 -23 11 -58760
23 18 18 19 -78018
10 14 12 14 -69460
23 7 4 9 -98894
12 -12 11 -14 -43524
-17 -8 -20 -10 -54584
-23 -17 -22 -19 -49490
13 20 13 21 -74352
-24 6 -24 2 -56722
-20 3 -19 5 -60326
-4 7 -4 8 -69978
5 20 5 18 -72658
-23 -23 -21 -23 -53968
-21 -24 -20 -23 -53044
3 2 3 4 -70066
3 7 0 9 -72434
-5 22 -4 24 -47150
-17 -4 -18 -2 -65084
-9 0 -7 2 -71032
-10 -18 -8 -17 -60804
23 10 23 13 -75870
-2 -10 -2 -7 -58374
18 -2 20 -3 -61734
0 23 1 21 -62306
8 -22 1 -23 -41300
-21 -3 -20 -2 -59274
-23 -12 -24 -14 -62640
24 -7 24 -6 -43810
20 19 18 20 -78708
21 -5 21 0 -65008
-2 -10 -1 6 -76786
-22 0 -23 2 -69262
-14 24 -3 23 -72002
5 10 4 8 -60870
-23 -18 -24 -23 -51758
20 23 -22 22 -77728
15 23 16 23 -46704
-5 -23 -5 -22 -59790
-15 -20 -16 -22 -66058
6 23 6 21 -67630
-12 -9 -13 -10 -54310
4 11 2 11 -63824
11 19 11 20 -76158
-9 -24 -10 -23 -61466
0 16 -2 16 -51270
5 -18 5 -17 -35538
1 -24 0 -20 -60614
19 -24 15 -22 -54066
21 0 22 1 -65892
16 7 14 20 -99032
-15 -16 -16 -10 -59924
8 -8 6 -9 -45116
-13 -11 -14 -13 -56858
4 -19 3 -20 -43518
24 -10 23 -10 -62828
2 3 2 0 -69886
-6 -18 -6 -19 -64310
-15 -3 -14 -3 -53990
21 24 21 23 -48072
0 10 0 5 -78912
-4 -14 -7 -14 -65794
13 24 12 21 -69338
17 -4 18 -3 -57278
-18 -8 -18 -7 -57138
-18 17 -17 16 -60188
17 -23 17 -24 -38450
24 6 24 2 -69762
-9 3 -11 2 -74728
-8 24 -7 23 -50862
4 14 21 6 -103310
-9 -3 -11 -2 -69482
22 24 23 20 -69720
-24 5 -22 4 -60702
-9 10 -9 11 -57708
-24 23 -20 23 -57662
18 -9 15 -9 -55690
21 22 23 24 -54436
22 22 23 21 -66166
24 -23 24 4 -59534
-15 -19 -14 -16 -60806
-14 -24 -15 -23 -49390
18 23 18 21 -67116
17 23 19 24 -62096
-19 -16 -21 -16 -64386
-22 14 -22 13 -60544
-4 22 -4 23 -53976
-10 14 -9 13 -59654
22 -15 21 -16 -60466
5 15 4 14 -66790
-8 -3 -7 -7 -63814
1 3 2 0 -74994
1 -23 3 -22 -46432
10 -11 9 -6 -56530
-23 -23 -23 -20 -49578
-9 18 -6 17 -68554
-14 -3 -14 -2 -65536
10 -9 11 -10 -65522
4 -5 5 -3 -53126
1 -5 1 -4 -60624
-23 -8 -24 -9 -59502
16 14 16 11 -71008
8 -4 10 -5 -60330
-2 -20 -2 -18 -64950
0 -22 0 -19 -65100
20 -7 18 -6 -58104
-14 -24 0 -24 -59764
-4 -9 3 -9 -63708
-3 -22 -2 -23 -58688
11 -24 11 -22 -45132
-24 23 -22 21 -43912
14 -19 12 -10 -52104
14 21 14 24 -65392
24 -10 22 -11 -66428
9 24 9 23 -60698
8 10 9 9 -64984
1 3 2 2 -71506
12 14 7 16 -73690
-11 16 -12 18 -64044
-18 -24 -17 -23 -54380
-9 19 -10 18 -67084
-1 -7 -3 -7 -61192
-17 20 -18 22 -71900
23 -7 23 -1 -57388
12 -21 11 -16 -58444
2 0 2 9 -81326
-3 4 5 4 -77412
7 -21 7 -24 -59546
-20 -15 -18 -14 -59242
8 16 11 17 -71122
24 20 23 19 -56638
-1 24 -2 24 -51458
15 -1 11 -4 -76250
18 23 20 23 -76632
0 14 0 11 -72862
20 -24 21 -20 -44356
15 13 20 7 -87162
10 -9 13 -11 -67202
-13 24 -13 20 -54666
24 -1 24 0 -58944
-21 23 2 23 -67280
-12 23 -10 20 -69544
2 5 7 5 -65960
23 5 24 17 -88474
15 17 15 16 -69626
-12 -5 -11 -2 -59802
-5 -15 -4 -13 -52076
-24 -17 -23 -12 -62298
-24 23 -23 24 -49634
13 -5 12 -7 -54950
-24 -5 -24 -1 -65124
18 -24 19 -22 -44598
-5 -8 -6 -9 -67328
-14 -16 -11 -17 -60216
-14 -17 -14 -20 -61076
15 -24 14 -21 -52828
4 23 2 24 -47256
22 -21 12 -22 -55568
13 -23 9 -23 -39138
-17 -10 -17 -8 -66150
24 -21 22 -21 -41118
6 17 5 18 -63092
21 23 23 23 -57064
20 5 18 8 -66482
22 -2 21 0 -63850
-9 -19 -12 -16 -61506
-2 -12 -4 -10 -62358
-15 20 -14 22 -58984
-20 -18 -18 -18 -62378
-7 19 -7 21 -62340
-16 -12 -13 -14 -59098
-17 -8 -16 -8 -54382
-7 -1 -8 -8 -73708
-24 0 -21 1 -57620
22 -12 22 -13 -55906
14 0 12 2 -70774
-2 11 -2 10 -67842
5 17 4 12 -75538
17 16 18 13 -71980
1 -12 0 -10 -55254
-5 -11 -4 -11 -61412
-4 10 -2 11 -52608
24 14 22 15 -49936
-14 -3 -13 -4 -66310
-4 -22 -3 -23 -61580
-24 -17 -24 -16 -51512
5 2 6 1 -52034
-23 -17 -24 -20 -52450
23 3 23 2 -65600
24 -12 22 -10 -70682
0 -14 0 -10 -48204
12 15 12 12 -71856
-13 4 -13 9 -64736
5 -11 -3 -7 -66274
16 1 18 -17 -69676
7 19 7 20 -71446
1 22 0 20 -68330
13 -8 13 -9 -53574
-23 23 -24 -5 -63252
24 8 24 10 -60152
15 5 14 5 -82516
11 16 11 18 -76472
22 24 21 0 -78476
23 19 24 24 -62556
0 5 1 5 -65750
13 11 14 11 -76576
6 -20 -14 -21 -66898
-18 24 -16 23 -63106
22 -24 20 -24 -43652
-8 17 -6 16 -66612
17 22 5 23 -86624
22 24 8 21 -73590
-15 -24 -14 -23 -58858
-7 18 17 5 -91074
14 2 6 3 -72800
-24 -3 -23 0 -58792
-5 -8 -6 -10 -67826
-3 24 2 24 -55130
1 -3 3 -2 -57178
21 -24 23 -8 -64008
14 -6 14 -4 -55044
24 2 24 -1 -61978
0 21 0 20 -71410
-9 17 -8 21 -70798
19 8 7 5 -103294
14 7 14 2 -61262
0 -1 0 -3 -62994
-24 20 -23 21 -52750
14 10 14 9 -70730
16 -2 15 5 -68228
14 -18 14 -17 -57540
-19 7 -19 6 -62490
-19 -2 -19 0 -63278
-2 0 0 0 -62158
7 -7 6 -6 -59562
12 0 11 -4 -72756
-6 9 -7 9 -59356
