-21 -8 -21 -6 -66817
24 -3 23 -4 -51285
-4 -18 -6 -17 -64009
1 -24 0 -23 -45889
-16 -19 -16 -18 -68241
-11 -14 -10 -23 -73781
5 2 6 -8 -63673
0 12 0 8 -62609
-13 2 -13 0 -60265
1 14 3 16 -71055
-16 -9 -17 -23 -82303
4 15 8 16 -51709
12 15 12 16 -52677
-21 7 -20 -6 -89017
7 -6 5 -5 -56803
1 17 1 9 -82939
-19 -8 -19 -9 -68171
17 -23 16 -22 -52849
-13 -7 -10 -9 -64895
-8 -4 -9 -4 -59201
-24 -6 -22 -5 -75167
3 5 2 6 -58087
9 12 9 7 -56815
-11 6 -13 5 -61425
-23 15 -24 13 -59341
-23 3 -22 4 -71519
-23 -2 -24 -3 -61247
24 -17 21 -12 -66255
10 -8 11 -10 -49937
24 -7 24 -9 -63905
-1 22 0 23 -66347
-20 0 -13 -9 -85977
11 23 11 22 -48539
-10 3 -9 4 -61571
17 4 19 5 -48517
1 -5 4 -3 -66549
23 -7 24 -11 -61445
8 -24 10 -24 -45739
20 -24 19 -23 -52253
9 17 9 18 -47173
16 24 19 22 -64017
-2 24 18 24 -59043
24 2 22 1 -55911
-2 23 -1 23 -63765
-5 -1 -5 0 -72795
14 -19 12 -7 -68353
23 14 23 12 -64511
-15 -21 -15 -23 -65701
-17 14 -15 14 -62441
-2 -23 -2 -24 -55551
23 16 24 12 -63761
4 -10 3 -12 -58941
-19 -22 -17 -23 -62387
-3 1 -3 -9 -86105
-7 0 -2 0 -63281
-11 -5 -11 -8 -58521
-6 15 -4 13 -61873
-9 -23 -7 -22 -63749
-13 -23 -14 -22 -68845
2 6 3 12 -64063
-23 -24 -22 -23 -44369
10 2 9 3 -45177
-5 -23 -4 -23 -56689
-13 11 -12 11 -54049
-15 -1 -16 -1 -65751
18 24 17 24 -59305
12 -9 9 -7 -56251
10 -17 7 -20 -64617
-23 7 -23 6 -63097
-11 15 -11 10 -54117
5 -8 0 -8 -70129
-6 22 -5 18 -60665
-20 -15 -22 -15 -61965
-14 15 -14 17 -50873
-3 22 -2 22 -57463
10 24 9 23 -49895
-3 0 6 1 -74763
-17 20 -15 23 -61829
20 -10 17 -8 -59339
4 23 6 24 -45089
20 -11 21 -11 -60467
19 24 21 23 -59531
-8 16 -8 15 -62295
0 11 -1 19 -87563
6 18 9 20 -54957
-21 18 -23 17 -70523
22 12 19 12 -53755
-4 23 3 23 -69117
-10 22 -11 23 -63009
24 -14 22 -13 -65983
-24 -19 -24 -18 -46791
16 -12 16 -13 -56885
-11 -9 -11 -10 -46677
1 -13 0 -12 -58245
-23 -10 -24 -11 -67867
12 -1 14 -5 -63649
-2 -9 -4 -14 -64705
-24 23 -23 24 -66193
19 -8 19 -7 -62827
4 24 0 3 -82395
-6 1 -6 3 -77305
-22 -17 -23 -14 -57435
-16 3 -19 4 -64475
-8 1 -8 2 -74139
12 4 11 4 -59047
9 -7 8 -9 -53823
14 -23 15 -22 -52435
6 24 1 24 -51093
-23 -24 -24 24 -63855
-10 0 -11 -8 -72707
24 -5 23 -9 -66709
0 -2 1 -2 -64433
-24 1 -22 0 -77885
-18 8 -18 7 -59439
12 -16 12 -15 -62339
7 -22 9 -23 -54051
14 12 12 13 -57353
6 5 5 6 -54213
-3 -15 -5 -18 -51401
-23 -23 -23 -22 -44765
15 -20 16 -16 -63797
4 9 3 9 -60817
-3 8 -3 7 -64463
-24 -18 -24 -16 -50139
22 20 22 19 -52077
-12 8 -12 7 -57881
-24 -1 -24 0 -59645
-23 11 -24 10 -57573
-1 18 0 15 -70671
-22 23 -18 24 -59191
15 -12 14 -13 -60093
-17 0 -18 0 -64231
-9 24 -10 24 -50229
-23 -13 -24 -13 -55499
24 -9 23 -10 -56363
-23 -20 -24 -20 -54729
3 -3 7 0 -58123
18 24 -24 23 -53415
19 -4 17 -4 -52367
17 1 14 1 -49711
9 15 9 14 -51083
-24 -9 -24 -12 -57957
-21 -19 -16 -20 -63365
-24 -8 -22 -12 -64881
-23 8 -24 7 -60461
9 -2 15 -2 -56359
-7 16 -7 17 -64719
-4 20 -5 18 -65361
15 -16 12 -16 -62445
14 -24 12 -23 -45247
-17 8 -16 3 -66807
5 -1 2 2 -74977
-24 17 -22 15 -59449
-6 -19 -7 -19 -61309
24 -12 23 -16 -49103
10 -1 10 0 -44787
23 9 24 10 -59397
-12 24 -11 22 -62257
-24 -6 -24 -5 -46503
1 -11 -1 -9 -58387
20 -16 22 -17 -61745
15 -13 14 -17 -71337
0 -16 3 -16 -56219
-14 -3 -10 -3 -65865
-24 17 -24 23 -45641
-21 13 -22 14 -57159
-22 23 -21 24 -63787
-23 11 -23 9 -55633
21 -22 22 -19 -56485
-8 -22 -7 -24 -53633
21 -12 21 -10 -58505
3 18 2 18 -64415
-8 14 -7 14 -45379
-24 16 -24 15 -54089
24 19 23 19 -52509
-3 -20 -3 -24 -65101
9 -20 9 -21 -54931
22 -15 22 -20 -52633
3 -17 1 -15 -59605
-14 -21 -2 -3 -83657
5 -16 6 -20 -66083
23 7 24 8 -56523
19 -5 21 -4 -62191
-16 22 -13 24 -57949
19 12 18 12 -44539
-8 20 -17 21 -69119
-16 -20 -17 -20 -60957
-19 -16 -18 -15 -72559
-19 -6 -21 -5 -64735
-22 -14 -22 -12 -57113
-2 -7 -2 11 -88683
-17 -23 -16 -24 -66249
0 -11 22 -10 -64889
8 -17 -14 -14 -74673
12 9 12 11 -49707
-3 22 -2 24 -65787
-13 -1 -13 -2 -55967
-13 13 -11 16 -57397
16 23 15 21 -51491
-6 -8 -6 -5 -65323
-2 -14 -2 -16 -47323
-3 23 -3 22 -61913
10 -19 9 -16 -70601
24 7 23 -19 -54683
11 -9 12 -7 -54199
-13 8 -12 9 -65295
0 13 1 12 -67833
12 23 13 23 -61969
-3 8 -1 4 -68871
19 11 19 10 -50217
-13 0 -23 2 -77327
24 -10 22 -9 -64771
19 -23 16 -24 -47681
-1 -12 -19 -9 -81435
24 24 20 23 -55673
-4 -20 -5 -22 -64455
-7 -24 -11 -23 -58631
-7 -12 -6 -12 -63313
13 -23 13 -24 -51041
-4 22 -2 -3 -88681
23 16 23 14 -60805
12 -23 10 -22 -52417
-17 16 -16 17 -63375
16 4 16 7 -52017
10 22 11 21 -51315
13 24 11 24 -58719
23 8 24 8 -53371
23 3 24 0 -48835
15 11 -17 -9 -78313
23 -2 23 -4 -43285
11 24 11 23 -41317
23 7 24 6 -49663
-14 -24 -13 -24 -51543
-10 4 -11 6 -60391
15 -15 17 -18 -58115
-17 -16 -17 -14 -69659
-17 23 -18 24 -47489
-10 -21 -12 -22 -56049
21 6 22 8 -53393
8 3 9 5 -50269
-24 3 -24 2 -74819
-24 -20 -24 -24 -40863
1 22 0 23 -54331
-8 -18 -11 -16 -60815
20 24 19 24 -57321
-1 -3 -1 -2 -71639
-5 -4 -7 -7 -74815
-6 7 -8 9 -66673
-21 -24 -22 -23 -45731
-22 5 -21 3 -85125
3 -22 3 -24 -53297
12 19 14 18 -57265
-2 -3 -1 -24 -66455
0 17 3 16 -67391
20 0 22 3 -64837
-7 -7 -8 -8 -71977
18 4 18 1 -58317
-12 -15 -11 -13 -53207
-3 -4 -2 -3 -67815
24 12 24 11 -53827
23 0 24 -4 -42929
2 -22 5 -18 -56131
-22 4 -22 2 -88027
-22 -8 -20 -10 -73561
-24 21 -24 22 -43157
-24 -2 -24 -3 -51451
7 -23 7 -24 -48535
1 7 0 7 -52457
17 -14 15 -14 -52795
3 18 4 19 -61817
19 24 19 22 -54109
24 -2 18 2 -63791
-8 7 -8 6 -65799
-4 0 -3 -3 -73095
-18 10 -17 10 -57093
5 23 5 22 -38947
9 -18 8 -16 -69917
19 3 21 -2 -62237
7 3 -23 9 -79351
24 -19 24 -24 -52721
0 17 -1 17 -63095
0 23 0 24 -52309
5 9 4 15 -63937
14 2 14 1 -48293
-24 -19 -23 -19 -55725
-11 19 -10 23 -60669
24 -24 21 -23 -44329
2 19 2 20 -48643
-10 -1 -10 -1 -238869
-21 -24 -20 -23 -49715
-1 -8 -3 -8 -57217
5 7 7 8 -58093
-22 -2 -23 -1 -70625
6 -24 5 -23 -47879
-6 -3 -4 -11 -69065
-6 24 -24 11 -78367
-4 -24 -2 -23 -54793
-6 4 5 5 -67917
24 9 23 10 -53445
-3 1 -5 0 -71035
2 -22 0 -24 -62305
17 -19 17 -14 -67293
-23 -12 -24 -14 -59097
24 -7 24 -6 -57043
-8 5 -8 2 -74705
24 -18 23 -14 -50875
8 -10 7 -10 -50445
-3 2 -4 0 -76301
-23 15 -23 18 -56171
1 -7 -2 -7 -61953
-22 22 -20 22 -61093
-12 -12 -13 -11 -60335
11 -11 12 -10 -59937
13 8 11 8 -54247
-17 23 -17 24 -48483
-11 -19 -11 -20 -63387
19 -11 20 -9 -56229
-20 14 -19 15 -63753
15 12 14 14 -54261
-9 -24 -10 -23 -54189
-16 -10 -15 -13 -57897
20 -21 19 -22 -58507
-16 -5 -15 -5 -62091
19 -24 15 -22 -53361
-11 -3 -11 -4 -56783
-11 23 -12 23 -58137
10 -17 7 -17 -60707
-18 -14 -19 -13 -57771
-6 8 -6 15 -65885
19 -7 19 -6 -58291
24 -10 23 -10 -61781
-8 -24 -7 -23 -56389
-7 23 -8 22 -64085
-18 10 -18 12 -54885
21 24 21 23 -47209
-22 -10 -21 -10 -68445
23 0 24 2 -54455
5 -13 5 -16 -62019
-9 17 -5 21 -69121
-22 9 -23 10 -62223
-22 1 -22 10 -89419
17 -23 17 -24 -52135
-3 -22 -2 -24 -58583
3 -2 2 0 -76409
-8 24 -7 23 -47083
-12 11 -16 17 -63779
17 -3 15 -4 -49385
22 24 23 20 -55723
-19 -15 -18 8 -77025
-20 18 -18 17 -54705
-22 -18 -22 -21 -50531
-14 -4 -13 -5 -63845
-15 24 -14 20 -55859
22 22 23 21 -57223
4 -23 2 -23 -47685
-22 2 -24 3 -78163
-14 -24 -15 -23 -67855
-5 -14 -3 -10 -62549
17 23 19 24 -53253
14 22 16 22 -59155
-20 -19 -19 -14 -76077
9 -21 -1 -20 -63567
-9 -13 -8 -16 -53715
22 -15 21 -16 -54077
-13 4 -13 16 -68921
-20 22 -21 24 -50101
-9 -8 -10 -9 -62443
3 -8 3 -9 -50923
-3 -20 -5 -17 -59127
-2 23 -2 24 -59495
15 15 17 17 -61799
-2 -4 -3 3 -87527
0 -5 2 -2 -67887
8 -14 4 -16 -61117
5 -8 4 -14 -62041
-23 -8 -24 -9 -70935
22 15 -6 1 -70573
-24 -10 -24 -8 -59843
-24 16 -23 16 -61237
-10 -24 0 1 -85813
3 -18 5 -20 -63889
14 -18 13 -18 -59879
5 11 3 10 -66251
-2 -2 -1 -2 -59971
11 -24 11 -22 -53823
-24 23 -22 21 -44801
-6 11 -5 9 -68045
-5 -10 -7 -9 -59445
-23 -7 -21 -5 -74871
-8 4 -4 8 -66801
-12 -23 -13 -24 -50019
6 -23 5 -24 -47863
-15 -18 -15 -17 -71589
7 24 9 24 -47725
-18 -24 -17 -23 -51073
-20 -1 -20 -2 -61719
-17 -19 -15 -17 -72369
18 20 18 21 -52695
-13 -13 -14 -17 -66221
-2 13 0 10 -74651
-1 -24 -5 -23 -53049
19 20 20 14 -58609
-23 14 -24 14 -60121
-19 -5 -17 -10 -77427
-23 4 -23 5 -77963
24 20 23 19 -53751
11 7 11 8 -50879
-24 12 -24 11 -49513
-2 18 0 20 -71995
23 -17 -23 -23 -55697
3 -1 2 0 -76953
21 -23 21 -24 -49313
23 0 20 0 -58335
-22 17 -23 15 -67593
24 15 21 18 -59925
-24 4 -22 4 -65091
3 16 3 15 -61067
-15 -24 -15 -23 -56793
-11 -1 -9 0 -58571
0 -7 -3 -11 -64047
-1 -19 -2 -21 -55621
24 -24 24 -22 -43201
-7 18 -6 17 -55423
-24 23 -23 24 -66193
-11 18 -11 19 -51077
-15 20 -17 19 -65459
18 -24 19 -22 -56943
-5 7 -4 8 -53933
6 -15 6 -13 -60447
-8 23 -6 24 -54073
15 4 20 1 -55189
-2 14 -1 16 -71723
-17 -7 -18 -8 -52739
9 16 11 17 -55889
4 -10 2 -9 -65347
24 -21 22 -21 -44065
-24 -4 -23 -4 -62915
21 23 23 23 -59215
4 3 -24 2 -73403
-4 8 -3 -5 -95841
-20 4 -19 5 -60801
-24 3 -23 0 -80181
-9 -19 -10 -21 -63571
11 23 8 23 -57553
-1 -19 0 -20 -58153
11 -22 12 -20 -59661
-11 17 -12 18 -58169
10 10 8 9 -50247
8 -14 7 -22 -72285
22 -12 22 -13 -53701
-9 0 -11 3 -67523
-21 18 -21 4 -73931
-13 23 -12 24 -57015
7 3 7 5 -41497
15 3 7 3 -64813
-18 20 -15 20 -62299
-1 14 -2 13 -59419
24 14 22 15 -57763
12 -2 6 -6 -55553
10 22 -22 23 -58079
-18 -3 -18 -2 -59191
-22 10 -20 8 -64979
22 -6 23 -6 -59089
12 11 10 13 -59755
24 16 22 14 -62525
-4 -12 -16 -8 -83555
-22 1 -20 3 -70485
16 -11 15 -10 -55153
24 9 24 8 -53957
-10 23 -10 24 -53499
-24 -24 0 -24 -56035
17 14 18 17 -62837
22 -24 -24 -19 -53371
-1 -20 -24 23 -79731
24 8 24 10 -56539
12 -14 8 -13 -58871
9 -9 9 -9 -238869
18 -2 19 0 -55115
23 19 24 24 -49171
1 -23 0 -24 -58599
13 18 11 16 -61643
16 14 14 12 -53441
-15 10 -17 8 -61437
22 -24 20 -24 -57369
13 6 -12 6 -66921
15 7 15 8 -49309
-24 -5 -24 8 -84009
-15 -24 -14 -23 -55475
13 -1 14 -3 -63233
-17 -20 -16 -24 -68999
16 19 18 20 -56967
-3 23 -1 8 -90531
17 3 17 5 -54765
-24 -17 -23 -16 -53679
-7 -6 -6 9 -95427
-20 -10 -19 -9 -63919
21 -23 20 -23 -61595
11 -3 11 -2 -48589
-2 2 1 6 -50567
12 -23 10 -24 -48445
24 -18 24 -22 -48185
2 1 2 -3 -68893
-24 20 -23 21 -57687
23 -13 22 -13 -67443
24 14 23 12 -64913
13 -12 15 3 -63443
-15 3 -15 1 -60393
-21 -24 -23 -24 -45791
14 24 16 22 -58747
-14 -8 -12 -7 -57523
-17 -15 -13 -14 -59351
24 18 23 16 -53873
