-18 -22 -18 -21 -59232
24 -3 23 -4 -46506
-19 0 -20 0 -77510
18 -5 14 -4 -52536
-16 -19 -16 -18 -55228
15 3 14 2 -60864
-1 13 -1 3 -80478
-8 24 -8 22 -58100
-19 -2 -22 0 -69212
14 18 16 19 -52726
6 13 6 12 -66886
-18 0 -18 -1 -65036
-9 5 -6 6 -71054
-6 -13 11 -17 -65248
9 23 8 1 -74642
-10 -11 -10 -10 -49936
-17 14 -20 12 -68444
17 -23 16 -22 -59014
19 20 19 19 -52912
-13 7 -11 8 -66868
-9 -15 -10 -18 -60476
24 23 -10 22 -59036
-3 -1 -3 -2 -62592
24 -9 23 -8 -57628
-3 19 -2 16 -55156
1 15 -1 14 -63774
-23 -2 -24 -3 -60250
-21 -13 -21 -15 -52996
9 -24 19 -23 -64876
-18 -17 -18 -15 -54070
-6 -16 -6 -21 -58692
-2 8 -3 8 -61060
-5 -12 -7 -11 -49798
0 -1 0 -5 -69866
4 11 4 15 -75924
-10 9 -8 6 -66182
-10 22 -15 10 -84892
8 -24 10 -24 -43380
20 -24 19 -23 -60598
-24 -5 -10 -1 -84666
-6 3 -7 5 -64268
-8 -2 -7 -5 -58986
-24 5 -24 8 -70790
-24 2 -24 0 -71296
-1 4 -5 2 -61618
8 24 8 22 -56354
14 10 15 10 -51540
-15 -21 -15 -23 -58464
22 -5 23 -4 -48638
-2 -23 -2 -24 -46072
23 16 24 12 -56626
23 -3 24 -4 -53348
-19 -22 -17 -23 -55260
21 -23 19 -22 -61226
-24 -5 -24 -6 -57274
-4 9 -7 10 -68854
-3 -10 -3 -11 -50838
-1 -19 -1 -21 -57158
24 -2 24 -1 -44950
9 -23 7 -24 -52240
-23 -24 -22 -23 -51918
9 10 6 10 -48992
-5 -23 -4 -23 -54146
-9 13 -16 17 -86456
-23 -1 -22 -1 -65310
5 -9 7 -10 -48224
-10 0 -10 14 -84624
22 -1 24 -2 -60930
-12 -6 -11 -4 -63856
-7 -5 -5 1 -69138
-11 -10 -16 -13 -58398
18 17 20 16 -57486
5 -4 4 -6 -42434
-14 24 -19 23 -81002
-10 -10 -8 -10 -50580
-2 17 -1 17 -68308
6 1 6 0 -50498
-17 24 -19 23 -65214
-22 5 -22 7 -72842
4 23 6 24 -49836
23 5 23 2 -53458
-7 19 -6 20 -56082
10 23 9 24 -54756
19 24 18 24 -38690
20 0 18 2 -55190
2 14 1 16 -58876
10 1 6 1 -53968
-4 -22 -4 -23 -56120
-3 12 -3 10 -73986
24 -14 22 -13 -55568
21 -12 -24 -15 -56262
-5 -24 -2 -24 -58306
0 12 -3 9 -74162
14 22 14 24 -55552
-23 -10 -24 -11 -52210
-24 10 -24 7 -63814
24 15 24 18 -43216
22 -7 21 -3 -47406
2 8 1 10 -60396
3 -10 1 -11 -51376
-19 15 -17 16 -65444
12 -21 12 0 -58446
9 23 10 21 -62172
-4 22 -7 21 -63622
4 20 3 19 -50048
-4 9 -4 12 -76854
0 -8 0 -12 -54842
5 14 5 15 -65634
-12 10 12 11 -70046
-15 -2 -16 -3 -66426
-5 -13 -6 -16 -58932
-21 -6 -21 -8 -61806
5 24 8 24 -44468
6 2 6 6 -55228
12 -16 12 -15 -50450
19 15 20 15 -60900
20 -20 20 -19 -45470
-22 -16 -22 -22 -53240
-15 13 -14 9 -82938
-23 -23 -23 -22 -48748
-2 -14 -4 -14 -46528
-1 12 0 12 -62238
15 -10 16 -8 -49014
8 -5 5 16 -78428
7 -4 8 -4 -50620
-8 -9 -9 -7 -49478
-24 -1 -24 0 -62810
-23 11 -24 10 -58780
15 6 14 5 -57540
-2 -7 -3 -3 -55472
-7 -13 -7 -12 -51738
-8 15 -7 15 -65278
-9 24 -10 24 -43808
-23 -13 -24 -13 -57352
16 -21 19 -21 -63820
-23 -20 -24 -20 -62596
-11 21 -12 1 -88424
0 5 -1 3 -56078
6 -19 7 -17 -60366
-3 -12 0 -10 -53030
-5 -2 -3 -2 -50382
-19 -13 -20 -14 -52886
-21 11 -24 15 -69092
-6 -5 -9 -7 -62830
-24 22 -24 21 -47976
1 16 0 12 -63876
-15 10 -23 -3 -94546
-18 -24 -16 -23 -65392
7 18 8 19 -47144
14 -24 12 -23 -65778
23 10 21 10 -53880
9 -9 12 -9 -48694
-1 22 4 22 -57106
23 24 24 24 -38748
-17 20 -17 17 -63712
-13 5 -13 7 -59934
1 -1 1 0 -59726
9 12 3 10 -58508
-15 7 -16 8 -76918
-2 -1 0 -1 -65486
24 13 23 10 -56266
-11 -6 -14 -6 -51286
3 -16 3 -14 -51982
24 -21 24 -20 -49548
-23 -4 -24 -6 -60716
0 6 1 6 -55850
-22 23 -21 24 -56046
7 -24 3 -22 -49092
-9 24 14 21 -70264
-8 -22 -7 -24 -49440
-12 -16 -13 -15 -57182
11 22 14 22 -62930
5 19 5 12 -65528
-4 -19 -2 -17 -61372
24 19 23 19 -60028
-7 -16 -5 -14 -61032
-21 23 -15 19 -74128
-5 -5 -9 17 -87270
23 -15 24 -14 -45196
23 2 24 5 -57264
11 -21 11 -20 -52258
24 2 24 0 -50678
-23 -9 -24 -9 -56242
12 -8 15 -7 -52748
4 -22 2 -21 -43642
18 -23 20 -22 -62706
-16 -20 -17 -20 -57062
-20 -4 -20 -5 -54826
22 6 24 7 -56420
21 22 22 24 -69428
-23 8 -24 8 -63274
-17 -23 -16 -24 -53512
-15 6 -17 6 -73190
13 15 14 15 -50924
-17 -1 -17 0 -61518
-12 4 -12 1 -48790
21 7 13 10 -55406
-22 11 -23 11 -65912
0 10 -1 8 -72398
-20 -10 -21 -9 -68728
-22 10 -20 9 -70312
-8 3 -9 2 -61646
24 -24 23 15 -56150
0 24 1 23 -48992
-14 18 -14 19 -60282
-17 22 -17 12 -74766
-14 0 -13 0 -62426
21 -11 21 -2 -50380
23 8 24 6 -49994
22 -1 23 -1 -59898
-6 11 -5 13 -67386
14 -18 12 -21 -62192
24 -10 21 -11 -52790
2 -24 4 -23 -50854
24 24 20 23 -51816
-22 22 9 24 -71488
-7 -24 -11 -23 -53586
5 22 7 24 -55334
13 -23 13 -24 -55626
-15 -6 -15 -7 -57742
-14 -18 -12 -17 -56116
14 -19 12 -18 -53438
-23 -7 -21 -8 -64936
-1 0 -1 1 -56450
23 0 24 3 -57696
13 24 11 24 -59384
23 8 24 8 -52558
-24 -8 -24 -5 -60004
-3 13 -24 17 -94234
-11 -7 -12 -9 -60166
-8 -20 -8 -21 -54292
21 -13 21 -8 -61506
-14 -24 -13 -24 -51670
9 16 -17 17 -85332
7 -2 7 -3 -45226
4 -5 3 -5 -44262
-17 23 -18 24 -61864
-10 -21 -12 -22 -62920
-16 -17 -15 -11 -57962
13 24 12 22 -53910
-7 1 -9 2 -67544
-24 -20 -24 -24 -44638
-1 16 -13 18 -87322
-8 -18 -11 -16 -57158
-1 23 0 24 -60144
-4 8 -6 8 -65036
-10 -14 -10 -17 -61530
23 -14 23 -12 -48942
-21 -24 -22 -23 -48764
16 24 14 23 -42626
3 -22 3 -24 -50536
10 24 12 24 -55466
-24 0 -24 17 -84196
-12 18 -10 17 -68016
-6 5 -20 7 -89320
4 3 2 0 -51828
10 6 10 9 -65192
23 22 24 1 -57290
-2 6 20 9 -67534
-15 21 -17 20 -75968
23 0 24 -4 -52610
0 -1 0 -5 -69866
-11 -15 -11 -12 -58058
23 20 24 19 -49088
-7 23 -1 24 -73152
-24 -2 -24 -3 -50424
7 -23 7 -24 -47722
-9 20 -9 21 -56050
24 3 23 3 -54366
-13 -8 -13 -11 -55096
7 7 -1 11 -59740
11 -1 9 -3 -51706
-12 23 -12 22 -62086
-17 -9 -18 -8 -60252
2 -17 2 -18 -50604
10 -10 9 -9 -51052
-2 24 -3 23 -64646
-24 -11 -23 -12 -59232
-3 6 -3 5 -68490
19 12 17 7 -57646
23 17 22 16 -54500
-22 -21 -23 -11 -55400
-21 19 -4 3 -99594
-17 11 -17 12 -78120
-24 -19 -23 -19 -63080
-17 -19 -20 -21 -64126
24 -24 21 -23 -41816
-6 21 -23 1 -100250
-17 3 -18 3 -74444
-21 -24 -20 -23 -59478
0 6 1 8 -68812
14 -23 13 -24 -58074
9 11 12 12 -47440
6 -24 5 -23 -46884
-8 -16 -7 -18 -53110
-21 3 -23 1 -77796
-4 -24 -2 -23 -59320
2 2 1 3 -51796
5 24 6 23 -51744
1 -14 0 -13 -57254
-12 -24 -8 -23 -59992
-20 9 -24 7 -73576
-23 -12 -24 -14 -54862
-16 3 -17 1 -66762
24 -23 23 -21 -56782
24 -18 23 -14 -50704
5 -13 5 -12 -55162
-24 -11 -24 -13 -48190
21 6 20 12 -65076
23 -16 22 -14 -55986
-8 -5 -6 -3 -69316
-5 20 -5 23 -55124
22 14 22 13 -56936
-24 -17 -21 -19 -56460
-17 23 -17 24 -56082
15 0 15 4 -50180
-24 4 -24 5 -63370
-11 6 -8 11 -73920
-14 24 -17 23 -78426
-9 -24 -10 -23 -50260
12 -17 12 -16 -54042
-4 4 -4 7 -72286
4 24 4 22 -55292
-15 12 -15 10 -78190
10 -17 10 -20 -57134
-11 23 -12 23 -54688
17 22 16 24 -62318
-7 1 -8 1 -73790
-11 16 -11 15 -60210
13 -24 21 -22 -66052
24 -10 23 -10 -51746
-8 -24 -7 -23 -46958
-19 15 -19 14 -62148
-19 -20 20 -21 -60450
21 24 21 23 -56248
-22 24 -21 24 -49978
-9 -20 -10 -22 -58722
-1 1 0 1 -67106
-3 -23 0 -24 -52430
4 -12 5 -9 -52966
-1 -1 24 -24 -58030
17 -23 17 -24 -58610
-1 -4 0 -4 -51020
23 9 22 11 -61090
-8 24 -7 23 -48922
-11 14 -12 19 -66968
0 12 -23 16 -96776
-16 -2 -14 -5 -56780
24 -10 24 -8 -44628
-24 7 -23 6 -65124
-23 17 -24 18 -52298
17 -24 18 -21 -64170
24 17 23 17 -59114
17 11 17 13 -47850
12 6 12 8 -60482
-11 13 -13 12 -68120
-14 -24 -15 -23 -51838
-12 -6 -12 -5 -58816
8 -10 7 -13 -50200
24 22 24 23 -57834
-24 -24 6 -22 -62302
-20 3 -18 15 -91504
-20 -11 -19 -12 -58222
22 -15 21 -16 -49906
-2 4 -2 -4 -69082
-20 22 -21 24 -60122
-22 23 -23 24 -49056
-7 -3 -7 -4 -60066
-6 21 1 22 -83904
-2 23 -2 24 -47010
-14 24 -16 24 -69878
1 -24 3 -22 -56748
-16 9 -17 7 -65996
24 24 -23 17 -62536
-2 24 -3 24 -66196
21 14 18 14 -60502
-21 1 -20 1 -79314
-24 -10 -24 -8 -47948
-24 16 -23 16 -51532
15 -24 13 -23 -64728
12 -2 12 0 -53978
3 15 0 16 -57364
0 -11 0 -6 -52924
16 23 15 24 -56008
11 -24 11 -22 -56674
23 7 -22 21 -69376
-12 -15 -8 -14 -58730
-20 0 -19 2 -78276
16 -10 16 -11 -42504
-16 5 -22 9 -85142
-12 -23 -13 -24 -56842
6 -23 5 -24 -51794
5 -18 5 -19 -54716
-16 -3 -17 -3 -67172
-18 -24 -17 -23 -64480
0 24 -1 24 -57906
16 -23 24 -21 -65198
9 -18 7 -19 -56104
24 22 24 24 -55852
20 -5 17 -5 -49456
3 23 4 18 -59590
10 21 10 20 -51604
-24 0 -24 1 -70696
-10 2 -11 2 -60604
-22 20 -24 21 -57332
24 20 23 19 -56028
-24 23 -24 24 -40034
-24 12 -24 11 -53126
-6 13 -10 15 -72692
11 10 11 19 -57554
7 -6 7 -5 -38508
21 -23 21 -24 -60458
12 1 11 1 -52802
-13 9 -12 8 -69788
20 17 21 15 -57886
-24 4 -22 4 -64282
0 23 0 20 -57136
-15 -24 -15 -23 -51578
-24 14 -24 -23 -71572
13 4 12 3 -63010
-13 15 -13 15 -236824
24 -24 24 -22 -60620
-4 -10 -5 -11 -52796
21 -24 22 -22 -58818
12 1 11 0 -61290
-2 21 -24 0 -94318
-24 21 -24 18 -43314
12 -18 9 -18 -49964
-7 0 -24 -24 -72798
-24 14 -21 6 -83672
-3 16 -4 17 -65674
24 -16 24 -19 -40752
-17 -7 -18 -8 -53564
13 -23 12 -22 -60868
-16 21 -16 20 -64952
24 -21 22 -21 -40302
-24 -4 -23 -4 -54448
9 -24 4 4 -67486
21 7 21 6 -53650
9 10 7 8 -65806
12 -11 13 -12 -48174
-16 24 -13 22 -64042
23 20 24 23 -62372
13 -17 15 -16 -52114
1 -18 0 -19 -50068
-17 -20 -18 -17 -58222
8 -10 10 -10 -47110
0 -16 7 -13 -56082
24 -24 24 -21 -63940
24 9 24 11 -49980
9 5 9 0 -53498
10 7 11 11 -70092
-13 23 -12 24 -59110
-8 10 -8 11 -64156
19 17 19 19 -52140
17 -8 15 -8 -52060
-24 16 -24 15 -37212
12 13 12 15 -47076
-4 -20 -6 -23 -62732
-22 6 -21 24 -72368
12 -11 12 -1 -46932
-13 14 -14 14 -71190
8 9 8 11 -61830
-24 2 -24 3 -64282
-6 12 -6 17 -60758
14 -1 13 1 -52524
-23 2 -8 4 -91996
17 8 17 6 -55730
24 -12 22 -10 -64220
-10 23 -10 24 -57288
-24 -24 0 -24 -59308
23 -12 23 -9 -56974
19 23 20 24 -55664
19 -17 19 -15 -46006
20 4 21 5 -56256
-1 23 -17 0 -92272
15 -1 12 -2 -60534
15 22 15 17 -52818
15 -2 15 0 -52178
-2 -24 0 -24 -51016
-17 23 -17 21 -67772
19 -12 18 -11 -53520
-21 -22 -22 -22 -65448
-6 -1 5 0 -73934
6 1 9 -1 -56598
0 -20 0 -23 -59500
-19 4 -20 5 -72552
-15 -24 -14 -23 -61132
6 8 6 9 -62390
-17 -9 -17 -10 -54486
0 -12 2 -13 -56634
-24 -21 -23 -19 -52982
-24 23 -22 24 -51754
-24 -17 -23 -16 -54368
17 -12 21 -12 -57342
20 -15 17 -15 -55896
22 0 19 2 -59200
19 21 17 24 -58918
-22 20 -1 21 -84456
12 -23 10 -24 -53998
-17 6 -17 2 -63370
9 19 14 21 -60874
-24 20 -23 21 -49364
-17 11 -17 15 -79318
24 14 23 12 -55680
2 -16 1 -15 -54996
21 0 19 -1 -49366
-21 -24 -23 -24 -56342
15 5 13 6 -52108
7 -14 7 -15 -53516
-14 12 -18 12 -72260
-24 -16 -22 11 -72772
