22 -14 23 7 -63551
-9 18 -8 15 -59831
11 4 11 3 -50275
-12 -8 -14 -10 -72771
24 9 -20 11 -62395
0 -8 -13 -8 -100385
23 -11 24 -14 -51777
20 -20 23 -19 -58445
-3 -9 -3 -8 -71359
-16 -6 -14 -7 -74627
-4 -22 -1 -23 -69135
-7 -15 -8 -14 -78651
-10 4 -10 3 -57907
9 -23 19 -24 -50267
21 0 23 19 -68435
8 12 7 11 -62023
6 24 5 19 -72699
0 -9 2 -8 -65357
19 -18 18 -15 -65217
5 -15 4 -15 -61819
-9 -17 -6 -16 -81925
-21 -13 -23 -11 -63441
-5 24 -12 23 -59819
-15 -3 -8 -6 -96845
-24 20 -24 19 -46913
-21 1 -20 -1 -63223
-10 -3 -10 -5 -67549
0 -13 0 -11 -68557
24 -15 20 -8 -67185
2 2 4 3 -60211
1 -12 2 -12 -64345
8 19 7 18 -64481
0 -6 -2 -5 -68297
3 12 2 7 -66797
-12 -3 -7 -2 -93225
7 -20 7 -17 -66043
-14 -15 -21 -18 -81145
-23 23 -24 18 -56495
-20 -13 -16 -13 -66919
20 8 23 9 -66947
-7 22 -11 19 -65927
1 6 1 9 -70709
19 1 18 2 -59437
-15 -16 -16 -23 -66393
15 -14 15 -16 -64193
-23 -13 -24 -13 -47121
8 -9 8 -6 -57775
16 -16 15 -13 -68439
22 24 22 23 -52959
16 9 15 9 -71435
9 -13 7 -13 -56261
-12 -2 -12 6 -65091
15 -13 18 -16 -69119
-2 -12 -10 -19 -97669
-18 9 -14 9 -49605
-3 -8 -1 -6 -75719
-10 -17 -11 -21 -67219
-5 -2 -8 0 -67727
11 7 11 6 -59301
4 14 6 15 -67951
-4 3 -3 5 -58075
-10 23 -13 23 -49365
21 1 21 -3 -59775
-18 3 -21 2 -68285
-12 -8 -14 -6 -74621
-15 20 -15 17 -62167
4 21 6 20 -67703
-5 21 -3 18 -69403
6 -17 7 -11 -68543
-16 -5 -17 -4 -65611
4 5 4 6 -63201
3 24 1 24 -50159
-7 -5 -2 -6 -83393
-18 24 -18 20 -57771
-19 -22 -17 -24 -46435
-17 -22 -3 2 -93351
16 24 13 23 -57129
-13 -21 -15 -24 -57115
-8 -4 -10 -5 -83445
-22 -17 -24 -20 -39283
14 24 17 24 -58549
-22 -22 -10 -20 -93439
17 -13 21 -13 -64223
-2 -7 -24 -1 -87563
12 4 12 23 -71657
3 6 6 9 -70903
-2 16 1 15 -51671
0 17 1 18 -53493
6 3 6 0 -62247
1 17 21 19 -74111
15 0 17 3 -64291
8 24 -5 23 -67331
13 24 13 22 -57381
-22 -10 -23 -15 -63167
11 21 11 23 -66781
18 21 17 20 -63431
16 -24 21 -18 -66883
-17 22 -16 22 -53299
-21 6 -21 3 -58139
0 11 0 13 -61959
22 23 23 24 -56447
-1 -13 -2 -15 -70311
-23 18 -24 17 -46519
13 -3 12 -4 -63923
0 -14 -2 -15 -68435
3 14 5 14 -59239
19 -24 17 -24 -45739
13 21 11 23 -65443
9 5 8 7 -61133
24 21 23 23 -64403
-23 -1 -23 8 -59593
6 11 5 15 -60705
10 16 12 10 -63267
-3 -19 -1 -1 -96619
15 19 15 20 -52881
-23 7 -22 7 -53845
-2 -20 -2 -15 -73959
-6 19 -8 17 -63487
10 14 10 15 -53521
-24 24 -23 8 -50607
17 -24 15 -19 -58865
23 3 22 5 -55851
-9 -13 -13 -7 -77933
-6 -15 -7 -18 -74767
-21 -7 -21 -8 -57839
21 12 19 13 -68891
16 -13 16 -9 -54885
-19 14 -18 10 -56141
-22 -12 -24 -18 -54519
-9 15 -12 13 -58427
-24 10 -18 10 -64913
13 -3 11 -1 -65285
2 -18 3 -13 -70969
10 -20 9 -21 -67811
19 6 18 3 -58821
0 0 0 1 -60999
7 -5 7 -6 -53885
8 -10 12 -5 -69815
7 -1 10 -7 -66533
23 -15 23 -16 -58801
-6 4 -8 6 -66909
24 -5 22 -5 -55121
11 3 13 -3 -69953
20 -18 24 -24 -53065
15 6 15 7 -54953
23 6 22 6 -58105
0 4 -1 7 -66829
24 -8 22 -5 -49029
-2 -3 -2 -1 -67905
15 20 17 23 -67349
22 8 24 12 -55909
-2 4 -1 0 -68393
0 -20 3 -22 -62101
-22 -10 -19 -13 -70139
-14 3 -9 -2 -80219
0 5 2 5 -59485
8 2 10 4 -64171
22 0 21 0 -62599
-24 -24 -24 -2 -60569
-20 -2 -22 -2 -69429
-11 1 -9 1 -78301
19 0 16 0 -60929
10 -21 8 -19 -55429
-16 16 -15 6 -66623
8 15 7 15 -63347
12 10 12 9 -55975
-20 -6 -20 -3 -65217
-17 9 -16 12 -52559
12 -3 17 -4 -55749
-12 -4 -5 -1 -93017
-3 -23 -9 -23 -88485
17 10 19 10 -62315
-22 21 -24 20 -49499
22 -10 24 -6 -43675
-18 24 -16 21 -52125
13 2 12 2 -54787
24 -24 5 -21 -59111
-14 24 -14 19 -71397
15 11 15 12 -54797
-19 -22 -7 -19 -93567
-4 -22 -5 -21 -74123
9 23 10 21 -68449
-13 -23 -16 -23 -68623
14 -14 12 -16 -61555
13 -3 13 -4 -56083
7 21 8 22 -69713
18 23 22 23 -52891
-6 -12 -3 -13 -82803
0 13 -3 18 -64103
-10 10 -14 14 -61243
11 -24 12 -21 -53765
-8 -12 -7 -9 -67961
4 19 4 21 -62385
-17 5 -19 13 -71949
-7 -17 -6 -21 -68737
-16 -1 -16 -2 -55015
15 -1 17 -7 -62555
-4 -9 -3 -10 -82011
15 -20 15 -19 -65145
24 -21 23 -11 -67767
24 21 22 20 -67937
-3 18 -4 18 -58325
20 0 19 0 -61323
-24 -18 0 -13 -91243
10 -15 13 -15 -56095
22 24 24 21 -63767
-6 19 -8 21 -62783
24 8 24 13 -42855
-24 -13 -22 -11 -66091
20 8 19 10 -53645
-20 19 -21 17 -58433
-3 23 -5 23 -54135
0 21 -1 13 -65093
-24 -10 -21 -9 -62495
8 24 10 23 -58907
-15 -21 1 -18 -102151
-10 23 -19 24 -55977
-5 -4 -4 -7 -71557
21 -6 22 -6 -68859
-7 -17 -5 -18 -81863
-4 -24 -5 -21 -52865
-17 13 -14 14 -50277
0 -17 -7 -8 -106447
20 -3 20 -5 -58117
-6 9 -7 5 -54153
15 24 18 23 -55975
-24 14 -24 11 -38953
-22 -13 -21 -21 -60107
-18 -21 -19 -23 -54063
-22 12 -24 8 -50553
24 4 24 24 -65121
5 -23 7 -20 -84193
17 -15 19 -13 -56923
-13 -5 -12 -4 -71751
3 14 4 16 -60781
-6 -10 -6 -5 -76625
0 -1 1 -2 -69005
-6 -3 -1 -13 -103831
19 -10 23 -9 -64615
1 -16 2 -16 -64679
-21 3 -23 5 -59271
19 14 19 15 -54993
24 -24 16 -20 -62787
-23 19 -22 11 -50081
13 23 9 23 -60181
3 -10 3 -9 -73619
13 -3 -3 -10 -78935
-9 10 -8 -12 -76837
15 -5 17 -3 -58865
-23 -9 -23 -3 -61757
-15 -19 -14 -23 -56273
-4 23 -8 19 -59719
3 1 4 0 -61163
23 6 24 8 -51235
1 -12 2 -11 -69357
-22 -22 -18 -18 -71291
20 -18 19 -20 -65339
-8 -20 -6 -15 -83919
23 0 22 1 -66583
22 -8 21 -7 -61379
-6 -14 -2 0 -99129
-16 -17 -13 -9 -64721
22 14 24 17 -63963
-6 -21 -3 -22 -84405
-3 -11 -1 -16 -84629
5 -6 6 -6 -54753
-21 -14 -19 -13 -74267
-14 21 -23 22 -60887
-7 -4 -7 -2 -64889
-22 3 -21 13 -68277
-13 17 -18 18 -52701
23 19 24 19 -54603
-24 0 -19 0 -71295
17 14 -7 15 -69801
22 -17 24 -7 -59571
-19 -3 -16 0 -68645
0 -19 -5 -23 -75109
1 0 0 0 -66925
22 21 23 23 -73537
8 17 8 18 -45379
-14 24 -11 18 -63921
-20 16 -24 19 -55869
23 -14 22 -14 -53577
-12 6 -12 8 -55715
14 9 15 7 -59845
17 -4 19 -3 -59695
10 24 3 23 -72181
24 11 6 8 -72589
20 -16 21 -16 -65037
22 24 -17 20 -54813
-13 -8 -13 -9 -52431
-21 -9 -24 -6 -61869
1 -18 5 -22 -68001
11 24 10 23 -50531
8 8 5 9 -61545
-8 24 -5 23 -55585
-24 -8 -23 5 -58495
-10 -19 3 -3 -102849
-23 -7 -24 -8 -54667
22 16 23 21 -69403
6 -18 8 -17 -71927
3 -11 3 -8 -76785
23 7 21 6 -65691
15 -21 22 -24 -64109
7 -24 9 -21 -74917
17 -24 12 -20 -53991
5 2 4 -17 -82349
12 14 16 13 -62973
-1 -17 -2 -14 -71077
-1 -24 4 -21 -59035
-3 8 0 -20 -87817
22 24 2 24 -64505
-4 22 0 23 -56499
10 -6 9 -7 -62079
-20 -16 -22 -12 -63587
-6 3 -4 3 -62567
-7 19 -8 11 -71675
15 5 17 5 -67223
8 21 9 23 -66501
12 -4 10 -5 -67711
20 -24 23 -23 -44435
-23 -22 -24 -20 -46849
14 -24 17 -17 -68179
-17 14 -17 16 -49965
2 -13 -19 -5 -100615
6 -13 7 -14 -55819
-20 -2 -18 -4 -64611
-20 0 -21 6 -64821
10 0 8 -1 -63019
-14 -22 -9 -20 -73145
-24 14 -23 14 -45427
-12 21 -11 17 -61961
-19 0 -17 1 -65983
-3 -22 2 -22 -66041
-14 21 -14 20 -70029
21 15 24 16 -63581
0 1 -2 0 -67003
20 -24 21 -21 -44993
-4 15 -5 15 -56193
-2 7 0 7 -74237
-4 0 5 -3 -82939
15 24 16 21 -59579
-8 16 -8 12 -63411
23 1 24 7 -54153
21 -5 23 -3 -59209
-9 1 -9 -1 -51583
22 8 23 7 -48657
4 -24 4 -11 -78833
-14 -19 -9 -23 -67211
1 -24 7 -19 -78771
-16 -21 -21 -23 -74753
24 14 24 18 -63617
17 -22 -4 -20 -72237
-17 23 -13 24 -47643
11 -16 9 -18 -62499
-24 24 -24 18 -47467
2 24 0 21 -67179
2 24 2 21 -67063
-2 10 -3 7 -66523
-22 0 -22 1 -55235
-12 -7 -10 -8 -77751
-4 -22 -22 -21 -93713
20 18 21 15 -64957
16 12 17 14 -56195
11 -22 10 -16 -70283
-17 18 -19 17 -56475
24 24 24 23 -48901
6 -24 8 -21 -77631
-3 24 -2 23 -45189
-5 -12 -3 -15 -88599
1 24 1 20 -73927
24 -3 21 0 -72029
1 24 -1 24 -50887
-12 6 -12 5 -60351
-19 -17 -22 -16 -78587
13 -8 16 -24 -76425
-17 -11 -13 -8 -63283
9 -24 3 -19 -58911
24 21 24 11 -71787
-19 -22 -19 -20 -53243
0 1 -2 -3 -67847
6 21 5 21 -71777
-16 -5 -13 -4 -71087
-17 0 -10 -6 -90693
16 9 13 7 -71533
13 1 13 0 -59907
-23 -3 -22 2 -58735
11 5 9 6 -54767
-23 -13 -21 -5 -73393
-21 -20 -23 -18 -65421
-21 -19 18 -15 -73075
-12 -12 -9 -14 -70749
11 -4 10 -4 -63915
3 24 7 24 -63683
-12 9 -11 0 -74081
-23 -16 -18 -16 -83167
-19 16 -21 17 -61409
1 12 0 14 -60139
-22 8 -22 6 -51373
14 -9 11 -6 -59047
-1 24 0 20 -63237
-22 -5 -24 -4 -60573
-9 6 -12 5 -67621
-14 -23 -16 -24 -65387
21 -23 22 -17 -67773
23 -21 24 -17 -55751
5 -11 2 -10 -60759
-23 -17 -5 -18 -94599
-11 -15 -7 -17 -80869
-8 11 -7 11 -56673
-17 7 -16 5 -56833
-2 -1 -3 -1 -65857
11 -19 11 -22 -65061
-10 23 -7 22 -59351
12 17 13 14 -54065
-7 -22 -6 -19 -64201
-8 16 -11 17 -59895
2 7 4 8 -63695
-4 19 -4 18 -54347
-1 -2 -1 -3 -65041
-21 12 -23 12 -62291
5 -1 5 2 -60901
-2 2 -2 1 -61393
-11 -5 -11 -2 -66923
-24 -17 -22 -20 -61013
-9 -8 -4 -8 -83379
21 -6 21 -1 -62377
-19 21 -23 20 -60265
-17 24 -24 22 -51655
24 -2 23 0 -60551
12 15 7 9 -72171
-2 -19 -1 -18 -73585
-8 10 -8 14 -54955
-2 7 0 7 -74237
24 22 22 19 -73829
10 -13 10 -11 -57795
23 24 18 21 -69647
21 -16 23 -14 -58969
-20 0 -24 -4 -61033
24 18 24 -19 -62615
16 1 16 2 -58981
-7 -4 3 -5 -89247
-8 -13 -8 -11 -62035
-1 12 -1 9 -63109
-13 16 -13 14 -55217
24 -17 21 -14 -61361
-22 -21 -13 -22 -83035
16 -10 16 -8 -48361
-18 -21 -19 -17 -57473
24 -9 24 -19 -64215
6 -21 7 -21 -62147
-10 18 -12 15 -64695
-5 0 -21 -2 -91203
2 5 4 1 -65983
-17 22 -17 21 -65383
-21 -2 -21 -6 -64569
-12 -24 -12 0 -76539
24 -24 -12 -21 -71977
-18 -14 -18 -11 -54515
20 5 20 0 -62489
15 13 16 13 -65157
-7 -24 -10 -21 -60199
-15 -23 -24 -24 -59611
-24 -15 -24 -5 -63809
14 17 16 20 -60671
-2 -24 -2 -18 -64065
24 7 24 -5 -60031
19 21 20 20 -52907
-12 -8 -8 -7 -82763
-11 0 -13 0 -78717
14 -12 12 -11 -55541
10 6 9 5 -60011
13 -21 3 -24 -74059
-21 11 -21 7 -58815
-3 11 -4 9 -63383
6 7 6 9 -59233
-21 12 -23 14 -57681
14 -12 19 -14 -61163
-12 -10 -11 -9 -74455
21 11 20 14 -62801
-16 1 -14 3 -56763
-13 23 -14 21 -54583
9 -2 9 -1 -53975
23 24 24 18 -67747
0 -11 -18 -24 -94515
-9 -24 -7 -24 -70189
13 -18 14 -17 -61813
10 22 9 22 -62397
-12 11 -6 9 -66063
-10 -24 -8 -23 -59723
-13 7 -10 8 -62477
-24 0 -20 -3 -70151
15 6 17 8 -73307
2 11 7 6 -72809
12 19 13 19 -55641
8 -9 8 -12 -59039
0 5 -3 6 -73275
22 14 20 14 -66327
-11 -22 -11 -16 -68891
-16 -21 20 -22 -75449
0 15 0 14 -57469
2 -4 7 0 -63229
-9 -24 3 -24 -78393
10 -13 10 -16 -59855
24 -23 23 -17 -53201
0 23 -1 21 -63809
-5 -1 -6 -20 -98581
4 -21 4 -19 -68291
-9 -22 -3 -21 -93565
23 17 22 18 -62571
0 -23 2 -17 -76671
-23 6 -18 6 -68573
