-9 -19 -9 -21 -59517
-9 18 -8 15 -54597
11 4 11 3 -57395
-24 1 -23 0 -53933
-15 -14 -15 -17 -58703
9 -22 10 -24 -60983
24 10 17 8 -57745
-13 12 -15 8 -66259
23 -4 23 -7 -50445
24 7 17 5 -58119
12 15 14 14 -56273
-11 -21 -10 -22 -53633
22 -19 21 -9 -77111
-12 10 -13 13 -65265
8 -15 8 -17 -52865
8 12 7 11 -50771
-14 18 -14 13 -62563
-5 -10 -5 -11 -61013
23 8 24 7 -49971
-1 -12 3 -14 -72791
14 -13 1 -12 -84791
22 3 22 -24 -81841
-5 -23 -8 -24 -54859
0 -16 1 -17 -73441
-24 20 -24 19 -50863
9 20 5 24 -68349
12 -5 14 -7 -65423
-16 8 -19 7 -65709
-22 -5 -22 -4 -54301
-2 -5 -4 -4 -66337
-7 -1 -8 -2 -67857
8 19 7 18 -51909
23 -8 24 -8 -43527
-19 9 -19 11 -65463
7 -22 5 -24 -47295
6 -1 6 0 -56665
-4 -1 -4 0 -69335
-23 23 -24 18 -62309
-24 14 -23 15 -58621
3 -23 3 -18 -64375
4 -7 5 -3 -80415
22 -22 -23 -19 -59987
7 -8 8 -22 -76101
18 14 17 19 -63969
24 20 24 -13 -60783
-23 -13 -24 -13 -54371
-5 -1 -5 -3 -76139
6 -10 7 -10 -62741
22 24 22 23 -49675
2 -18 2 -10 -77695
-12 -11 -12 -15 -55933
22 -17 21 -16 -69523
-18 21 -19 21 -60185
-21 6 -23 9 -65999
-20 -20 -22 16 -71149
-17 -9 -18 -11 -59233
0 -13 3 -16 -79639
1 16 0 19 -64613
-5 23 -3 24 -54493
14 -11 12 -12 -58769
-21 -21 -24 -21 -65211
24 -22 23 -24 -60857
24 -21 24 5 -72395
23 -18 21 -21 -68269
15 24 18 22 -61503
16 -10 17 -4 -66735
-4 -24 -4 -22 -57023
-19 -11 -19 -12 -47661
-17 -18 -16 -20 -61947
-7 -22 -8 -24 -54489
24 -9 24 -11 -52003
3 24 1 24 -46157
-9 4 -10 3 -61267
-18 24 -18 20 -60641
-17 -15 -16 -18 -65983
2 -22 2 -23 -63327
16 24 13 23 -53251
-13 -21 -15 -24 -58943
11 2 9 1 -57217
-22 -17 -24 -20 -62527
14 24 17 24 -57305
-20 -1 -22 -1 -61609
-10 -6 -9 -8 -60787
-1 23 6 22 -61435
-24 -24 -22 -1 -59585
-22 -14 -22 -24 -67671
-3 -4 -2 -4 -63381
0 5 1 4 -63117
22 -22 24 -21 -75667
-15 -5 -14 -9 -56663
-15 -13 -13 -14 -62151
5 13 5 17 -61087
13 24 13 22 -43475
-10 12 -10 13 -64297
18 -18 17 -22 -79523
18 21 17 20 -60545
23 0 22 0 -42929
-17 22 -16 22 -53343
-9 23 -11 21 -42811
-16 7 -14 7 -62899
22 23 23 24 -49711
-21 -14 -20 -15 -58627
-23 18 -24 17 -64043
15 -22 10 -18 -80793
-5 0 -4 -2 -79375
0 2 -2 0 -65395
19 -24 17 -24 -82213
-11 -2 -9 -3 -69379
-14 11 -9 10 -64061
24 21 23 23 -60197
-2 17 -1 19 -54371
10 -8 10 -4 -77241
-17 17 -17 16 -52335
23 3 17 1 -58659
15 19 15 20 -50723
-23 7 -22 7 -57123
10 -6 3 -1 -98095
-17 -17 -15 -16 -56145
-4 10 -5 11 -67555
-24 24 -23 8 -57961
17 -4 17 -12 -67527
23 3 22 5 -47659
3 10 3 8 -55151
24 -11 21 -11 -55211
-17 8 -20 9 -70783
21 12 19 13 -59721
-23 9 -24 5 -61265
-22 23 -19 22 -50513
-17 -5 -20 -4 -55785
14 -17 12 -13 -56641
-24 12 -22 10 -60489
-14 -22 -14 -23 -57457
-1 -17 -2 -22 -67487
14 -22 17 -24 -82181
-19 2 -18 -2 -63545
-6 10 -9 8 -64363
8 -14 8 -11 -67453
-1 22 -2 21 -61039
23 -7 24 -8 -44051
9 -6 10 -2 -71111
15 -22 18 -15 -80377
0 -2 1 -3 -58977
7 3 9 1 -62007
4 -17 5 -19 -59977
-21 3 -20 3 -66787
20 0 17 0 -52705
-11 -3 -13 -3 -63569
5 -24 5 -23 -48415
-15 0 -17 0 -56401
15 20 17 23 -62873
22 8 24 12 -57771
20 0 20 -1 -55787
-14 14 -17 11 -62789
5 -3 6 -7 -97167
0 17 4 17 -54229
-17 -19 -17 -17 -66443
10 -19 11 -21 -66599
6 15 5 15 -50007
-23 -19 -24 -17 -55061
12 12 11 11 -52065
-20 -10 -19 -8 -63445
-9 -15 -6 -15 -65907
-21 7 -20 9 -67087
12 -4 13 -4 -58021
11 15 11 16 -48875
-24 -1 -24 -3 -58055
-20 -13 -21 -12 -61591
11 -22 11 -24 -54385
-9 -16 -8 -18 -61355
23 -24 24 -24 -53177
-10 21 -11 23 -60679
-5 4 -7 -7 -87453
-22 21 -24 20 -56783
7 -4 9 -6 -86901
-18 24 -16 21 -55853
6 -6 7 -10 -76855
20 11 20 9 -61609
-23 -13 -24 -15 -52903
3 -17 2 -17 -60647
-6 21 -8 24 -67849
1 -14 1 -15 -66249
24 -11 23 -12 -50975
-13 -23 -16 -23 -50743
-12 3 -8 -2 -73571
9 -22 9 0 -79243
7 21 8 22 -44103
18 23 22 23 -47657
18 -23 19 -22 -78007
5 -19 21 -21 -91919
-24 -1 -24 14 -68601
1 -1 8 -3 -78877
21 -23 21 -24 -50881
4 19 4 21 -58935
-19 -24 -22 -19 -54823
16 9 17 11 -57159
-11 -11 -12 -11 -56479
-5 18 -9 15 -55017
16 -24 17 -22 -61545
-10 19 -10 17 -51129
4 -3 5 -6 -89421
24 21 22 20 -62397
23 1 24 -1 -43971
-24 17 24 15 -63003
-16 1 -16 -2 -62241
23 20 24 18 -57407
22 24 24 21 -61253
-24 -4 -23 -8 -51113
24 8 24 13 -49601
-24 -13 -22 -11 -60649
20 8 19 10 -60883
-1 4 0 2 -64505
-3 23 -5 23 -53511
0 21 1 22 -61219
12 5 12 4 -54567
8 24 10 23 -53865
9 8 10 6 -53617
24 -20 24 -23 -52681
-10 -6 -9 3 -85231
23 -22 -8 -22 -71345
-5 -24 -4 -24 -55959
23 -22 13 -22 -94015
-9 -12 -10 -11 -58665
5 8 6 6 -60921
-14 2 -15 1 -68753
5 1 5 2 -61141
15 24 18 23 -61977
-24 14 -24 11 -49317
-14 -2 -14 -3 -64999
-18 -21 -19 -23 -55993
-22 12 -24 8 -62687
24 4 24 24 -59507
-10 6 -11 9 -67421
4 -22 1 -24 -57841
-22 -13 -24 -11 -55181
-24 -2 -24 3 -63475
23 14 22 14 -60801
-20 -21 -18 -20 -58983
-13 -21 -12 -21 -50031
-14 18 -15 21 -59297
20 -24 24 -24 -63431
10 -17 9 -17 -61197
19 14 19 15 -59287
22 -23 24 -22 -76933
-23 19 -22 11 -55577
-21 14 -23 12 -65865
2 11 2 13 -53677
4 -23 6 -24 -43913
2 3 1 2 -63829
8 1 13 -9 -94045
-21 16 -18 14 -64875
16 -24 19 -22 -80711
-23 4 -23 0 -60909
23 -4 23 -2 -56473
23 6 24 8 -48759
-1 -4 0 -3 -61053
-6 -5 -6 -7 -67831
-5 -23 -3 -22 -57759
-24 -16 -24 -20 -54073
-6 -16 -3 -15 -69117
-24 -12 -23 -6 -52067
-9 21 -9 24 -58891
20 -22 20 -21 -71885
22 14 24 17 -60093
22 -2 24 0 -53411
13 3 12 -1 -72569
-13 6 -14 4 -66659
23 -14 24 -15 -57741
0 12 0 15 -66501
0 -9 0 -11 -59093
-7 -16 -7 -18 -55193
-14 7 -14 4 -64937
23 19 24 19 -55667
11 -20 9 -19 -70827
-2 -6 -1 -7 -66969
-14 -14 -13 -14 -65305
-6 -11 -7 -12 -66361
-11 -8 -10 -6 -59255
-24 -12 -21 -11 -64063
22 21 23 23 -64685
8 17 8 18 -51667
15 -21 22 -24 -93173
-19 21 -18 19 -63315
20 -5 20 -6 -60195
4 -12 1 -22 -70015
23 -20 21 -18 -68593
-3 -13 -3 -15 -57047
0 8 -2 7 -66959
-3 17 -4 15 -55729
-7 6 -4 6 -68777
-5 2 -4 2 -59039
-6 -6 -4 -8 -70625
-21 -9 -24 -6 -60615
6 17 4 19 -69989
11 24 10 23 -43221
5 -4 1 -10 -80611
-8 24 -5 23 -51451
20 -17 20 -24 -81733
-7 -15 -6 -15 -66839
-23 -7 -24 -8 -54197
22 16 23 21 -62779
-6 17 -4 16 -60417
-4 -24 -6 -22 -61147
13 -3 14 -3 -61181
-5 7 -5 6 -57779
23 -10 19 -14 -62857
-6 -3 -11 -4 -67293
11 -10 8 -13 -67909
-6 10 -5 10 -67677
-15 7 -12 5 -67499
-4 -9 -4 -8 -64747
11 -24 12 -22 -49413
22 24 2 24 -56121
-7 15 -5 8 -69855
-15 -6 -17 -4 -61481
-2 -16 -3 -16 -63013
-24 -14 -23 7 -66225
-18 -15 -20 -20 -68567
-16 -15 -14 -14 -63599
0 -7 0 4 -72335
2 0 -1 0 -67885
15 -2 15 -1 -63499
-23 -22 -24 -20 -55879
12 24 10 24 -49055
0 -21 -2 -19 -67937
-7 21 -5 23 -55289
8 13 9 12 -44899
-9 6 -8 3 -63063
-18 9 -15 6 -71087
10 21 10 20 -48917
-2 3 -2 1 -63095
-24 14 -23 14 -54651
14 -18 1 -17 -82451
7 -11 8 -14 -67143
-1 10 0 11 -53561
14 6 14 -5 -75485
21 15 24 16 -65373
-11 10 -10 8 -65431
2 -12 0 -13 -59939
5 2 -1 -1 -71947
-5 22 -3 18 -59761
22 22 -20 8 -66093
15 24 16 21 -53307
0 14 -24 14 -70743
13 -1 16 0 -63005
19 -7 21 -5 -59325
7 3 6 1 -60797
0 -22 0 -24 -59591
23 -4 24 0 -60629
-17 11 -17 9 -65281
-9 -2 -7 -5 -76417
-10 6 -9 5 -68555
24 14 24 18 -49391
-7 -6 -6 -10 -69889
-17 23 -13 24 -45899
20 -13 20 -15 -60155
-24 24 -24 18 -52693
2 24 0 21 -58393
2 24 2 21 -48543
2 -13 22 -14 -81917
-22 0 -22 1 -64055
-6 -23 -6 -22 -57823
9 -3 10 -5 -85107
-14 -10 -13 -9 -55837
-2 -10 -4 -13 -66307
17 -3 18 -2 -62277
-14 -24 -14 -23 -47365
24 24 24 23 -44305
-12 -5 -13 -3 -71819
-3 24 -2 23 -43481
-5 11 -3 11 -64019
-8 24 -7 21 -67841
-7 0 -6 -2 -82915
9 -11 11 -6 -68921
19 -15 21 -15 -62961
-3 -19 -2 -18 -63345
13 12 14 11 -60669
17 17 21 17 -56659
-23 -22 -24 -21 -54895
0 -24 2 -23 -54261
17 -17 1 -21 -81651
-20 4 -20 7 -63877
8 -2 8 -4 -74123
13 -16 17 -19 -71321
-20 4 -23 5 -67969
-2 -13 0 -13 -58119
12 -24 13 -24 -53793
0 -3 -1 -3 -63409
-18 -9 -22 -9 -64205
12 -4 1 -3 -85195
15 8 15 12 -65373
-4 -23 -2 -24 -58419
4 3 5 0 -63399
18 -23 20 -24 -72953
20 -8 21 -12 -60291
-21 -7 -19 -5 -63637
-14 14 -16 15 -63149
-13 -17 -12 -16 -61965
3 -13 3 -11 -66825
-22 8 -22 6 -64613
23 -22 24 -24 -40687
22 -18 24 -18 -60025
-22 -5 -24 -4 -56021
15 8 14 15 -70441
-14 -23 -16 -24 -51987
-9 -22 -8 -23 -53131
12 -22 12 -21 -57555
7 -10 4 -13 -71521
-20 4 -21 3 -62025
9 -4 9 -13 -82929
18 -3 18 -4 -62277
0 -22 5 -23 -56121
2 8 2 6 -65943
-16 2 -17 1 -67339
-9 -6 -9 -1 -84051
6 17 5 14 -59967
9 -24 10 -24 -49777
-9 -18 -10 -21 -62943
13 -1 14 1 -74867
-4 19 -4 22 -56165
-8 -24 -9 -24 -48455
-22 17 20 20 -69219
-22 -24 -20 -24 -50999
15 -15 17 -14 -60183
24 -10 24 -12 -54259
16 -8 17 -17 -64747
19 6 19 4 -43933
9 0 10 -2 -71067
-19 21 -23 20 -64517
-17 24 -24 22 -60025
0 -22 1 -23 -59973
-9 8 -8 8 -65485
10 6 12 7 -57999
19 -22 19 0 -82069
-4 -5 -8 -8 -70981
24 22 22 19 -65919
-16 -22 -15 -24 -47501
0 17 -2 18 -57877
7 18 5 19 -65783
-20 -21 -24 -21 -69645
9 -3 0 -6 -78553
15 -22 18 -24 -84975
-11 18 -14 18 -53649
18 -8 -1 -10 -84137
-6 2 -5 6 -62127
-13 16 -14 14 -62815
18 -22 17 -22 -88153
-10 12 -11 11 -59591
2 9 -2 9 -59453
19 -9 15 -12 -58015
-8 -12 -7 -14 -59635
24 -12 24 -19 -58779
-24 -24 -20 -18 -58371
-23 -1 -23 -4 -62805
24 -18 24 -17 -49327
-17 22 -17 21 -64653
-16 18 -15 20 -62105
14 8 14 6 -49565
-24 24 12 21 -57507
5 -8 4 -11 -70019
-19 20 -17 23 -63685
15 13 16 13 -46075
17 -18 17 -17 -59937
-15 -23 -24 -24 -56119
-24 -5 -23 23 -66131
-18 -1 -19 -4 -60257
21 -22 5 -24 -78875
24 7 24 -5 -49935
19 21 20 20 -54355
-12 -16 -11 -20 -63429
-10 -1 -11 -4 -78777
-9 -15 -7 -12 -63309
10 6 9 5 -61069
1 12 0 13 -59829
-11 19 -13 20 -55025
2 8 3 7 -58173
6 7 6 9 -59141
-21 12 -23 14 -66609
13 -23 15 -24 -69259
-24 -13 -24 -14 -40983
21 11 20 14 -60127
4 23 2 24 -52155
-13 23 -14 21 -54363
-9 6 -10 5 -63439
0 -17 0 -18 -59751
20 -2 18 -1 -50973
-24 24 3 21 -56573
2 -4 6 -9 -91439
10 22 9 22 -53087
-24 17 -22 18 -67739
-10 -24 -8 -23 -50987
18 -13 19 -13 -56063
-16 4 -16 3 -57197
-3 16 -2 14 -66249
-2 5 1 6 -66531
12 19 13 19 -50063
13 7 15 7 -48517
0 4 -2 12 -67909
-11 -12 -10 -10 -59427
24 5 24 6 -43785
0 -23 -1 -23 -53879
0 15 0 14 -65449
-16 11 -19 12 -68155
15 14 15 15 -58231
-9 15 -9 12 -63609
16 12 18 20 -66443
4 23 5 21 -59573
-14 -3 -12 -2 -65011
23 9 24 6 -56103
-22 -21 5 -10 -60489
23 17 22 18 -63103
-24 -4 -21 -3 -56959
11 6 13 5 -58057
