8 12 8 11 -55914
11 6 4 -3 -76168
-23 -18 -22 -18 -58800
-24 1 -23 0 -52828
0 1 -2 4 -72784
9 -22 10 -24 -49460
-16 -22 -14 -24 -49324
23 -24 22 -3 -61136
5 -10 5 -11 -63592
24 7 17 5 -67900
6 -19 7 -16 -66046
23 12 3 12 -61112
0 10 0 8 -58884
-12 10 -13 13 -48096
8 -15 8 -17 -57494
16 17 19 18 -61654
15 -7 15 -5 -52830
12 12 10 13 -62322
23 8 24 7 -59808
14 -11 21 -7 -63242
23 -2 24 -3 -54636
-24 -21 -24 -24 -49322
-13 -2 -13 -5 -54166
20 -22 23 -24 -58188
-24 20 -24 19 -56766
-23 -2 -24 -1 -60674
14 5 14 2 -62050
11 -12 12 -9 -55612
-1 24 0 22 -61714
22 -5 1 -9 -69698
-12 5 -10 5 -78066
10 -21 15 -20 -71404
23 -8 24 -8 -56124
24 -20 24 -24 -50400
7 -22 5 -24 -62188
-2 -20 -3 -22 -61684
-1 0 -3 -1 -69532
-23 23 -24 18 -67218
-24 14 -23 15 -63244
11 -23 11 -24 -48450
3 20 4 20 -55198
-10 22 -12 23 -55698
24 -13 23 -12 -62220
-4 -1 -4 -3 -57574
-13 -18 -13 -22 -59974
-23 -13 -24 -13 -45934
-23 -19 -10 -14 -62988
-19 24 -14 22 -63292
22 24 22 23 -45206
11 -18 10 -20 -62398
17 0 16 0 -52074
12 11 9 6 -67868
-18 21 -19 21 -57186
-21 6 -23 9 -63302
20 -6 20 -7 -60240
-24 -21 -23 -24 -63690
0 12 1 12 -70318
21 19 22 16 -73040
-5 23 -3 24 -58592
9 -24 10 -22 -62094
13 4 12 4 -49678
24 -22 23 -24 -52542
18 -18 16 -20 -63452
-22 12 -24 11 -68528
-9 -3 -12 -1 -66958
-17 3 -17 4 -55202
-4 -24 -4 -22 -61922
7 -10 6 -10 -56468
13 22 13 19 -68810
-7 -22 -8 -24 -56042
24 -9 24 -11 -57512
3 24 1 24 -54336
-1 -1 0 1 -74892
-18 24 -18 20 -62114
23 -17 24 -18 -58208
19 -2 20 -2 -53382
16 24 13 23 -49930
-13 -21 -15 -24 -59768
11 8 10 9 -59830
-7 17 -6 19 -63218
14 24 17 24 -53304
1 14 0 14 -70954
-10 -16 -9 -16 -64044
12 13 5 10 -57370
-16 24 -8 23 -62410
-10 19 -4 16 -66210
6 15 7 14 -57264
-5 6 -5 4 -75618
22 -22 24 -21 -58424
1 -18 1 -19 -73056
3 -20 4 -22 -56274
10 -19 11 -20 -54506
13 24 13 22 -46696
12 0 11 -1 -58206
0 -14 1 -14 -62058
-20 -9 -24 -10 -59820
9 4 11 4 -51530
-17 22 -16 22 -59060
-9 23 -11 21 -67746
-6 0 -6 -1 -58790
22 23 23 24 -49932
-4 3 2 5 -76430
-23 18 -24 17 -66916
5 -4 5 -11 -79058
-14 -10 -12 -8 -65544
0 2 -2 0 -78688
6 22 9 22 -55020
-14 1 -15 2 -65162
-9 -20 -4 -23 -70592
24 21 23 23 -50398
-2 17 -1 19 -53726
24 16 24 14 -57504
-17 17 -17 16 -68458
11 16 7 20 -68306
15 19 15 20 -61956
-23 7 -22 7 -62176
-22 -23 -23 -24 -41462
-16 -18 -15 -19 -55280
-4 10 -5 11 -73002
-24 24 -23 8 -67740
-18 -4 -18 -2 -58060
-9 0 -3 1 -74142
18 -1 19 -3 -69832
24 -11 21 -11 -63840
-19 -15 -20 -14 -55054
21 12 19 13 -64426
-23 9 -24 5 -59454
-22 23 -19 22 -49916
-24 19 -23 19 -49496
8 -7 9 -3 -62204
-24 12 -22 10 -64150
-19 12 -6 12 -89910
22 1 24 0 -62670
3 -15 5 -15 -61850
9 -14 8 -11 -57316
-10 21 -7 22 -59006
-3 -8 -6 -13 -56402
-7 -22 -7 -24 -63454
23 -7 24 -8 -59986
-24 -9 -23 -10 -46588
21 -13 21 -10 -64382
9 24 0 22 -59416
-18 -13 -20 -9 -59648
-16 11 0 10 -92378
-6 4 -6 0 -68670
-15 12 -17 10 -64068
23 -7 24 -5 -59174
5 -24 5 -23 -43968
-1 -11 -21 -11 -79672
-6 -3 -7 -5 -61952
22 8 24 12 -57172
7 -1 -16 1 -83846
15 -23 18 -22 -62224
23 -11 18 -12 -65678
-19 -2 -21 -4 -57918
23 -8 23 -7 -62750
12 -18 10 -18 -66958
-7 -20 -6 -20 -61780
-23 -19 -24 -17 -56566
-6 14 -2 17 -69460
3 -18 3 -17 -70080
-21 -17 0 -10 -78848
17 5 17 9 -63722
-12 -15 -12 -7 -67948
11 15 11 16 -58478
-24 -1 -24 -3 -46250
5 -10 5 -12 -63418
18 3 18 2 -56962
19 19 20 19 -59040
23 -24 24 -24 -45862
-2 -3 -2 -5 -54110
-22 -5 23 -2 -64040
-22 21 -24 20 -57024
-18 6 -9 9 -94730
-18 24 -16 21 -60634
1 20 -24 19 -66806
20 11 20 9 -59144
-23 -13 -24 -15 -44316
-20 -3 -21 -3 -59844
-3 23 3 23 -58924
4 -17 1 -21 -68934
24 -11 23 -12 -52982
0 -12 1 -15 -57348
-6 -22 -6 -24 -65498
-7 0 -8 0 -69384
7 21 8 22 -57164
18 23 22 23 -51464
4 -24 0 -23 -51360
6 0 5 -3 -66728
10 -9 17 -7 -60816
6 -13 11 -13 -60356
21 -23 21 -24 -53470
-3 2 -1 1 -68308
19 -21 20 -24 -61790
16 9 17 11 -55830
-4 -15 -12 -18 -73070
-11 21 -10 23 -66788
16 -24 17 -22 -63416
-10 19 -10 17 -58922
19 8 17 7 -55138
24 21 22 20 -57080
23 1 24 -1 -60694
-24 17 24 15 -57828
23 4 23 2 -53354
23 20 24 18 -61090
-1 14 -1 11 -53890
-24 -4 -23 -8 -45804
24 8 24 13 -52186
-1 22 -2 21 -57126
15 23 19 24 -52470
-23 8 -20 -24 -69290
-3 23 -5 23 -65166
-11 -10 -13 -10 -61172
22 10 23 9 -62590
8 24 10 23 -45632
-14 0 -14 -3 -66568
14 21 17 20 -59618
-19 15 -19 12 -69882
-10 -8 -21 19 -93704
-5 -24 -4 -24 -55610
-18 -24 -17 -24 -44280
-18 14 -15 13 -62180
9 -2 10 4 -65288
9 -4 -6 -13 -73732
-22 1 -20 2 -61426
12 24 11 20 -63104
-24 14 -24 11 -53808
-20 -12 -6 -21 -79546
-22 -20 -24 -22 -52426
-22 12 -24 8 -66812
14 -1 15 -2 -66070
24 -16 24 -13 -56890
-19 -22 -19 -23 -56572
-22 -22 -21 -22 -56994
8 13 10 18 -55430
-23 -16 -24 -23 -53082
8 7 9 4 -63414
10 4 10 2 -59716
-14 18 -15 21 -68100
20 -24 24 -24 -54438
10 -17 9 -17 -60764
19 14 19 15 -62326
-21 9 -4 7 -93312
-23 19 -22 11 -72196
0 -24 -1 -23 -54944
5 -17 6 -18 -63912
4 -23 6 -24 -48148
24 -7 24 -6 -58652
15 14 15 18 -66758
16 1 17 -1 -69518
4 -9 6 13 -77286
2 0 1 23 -72330
23 -4 23 -2 -51686
23 6 24 8 -55304
-12 -13 -6 -19 -68660
9 -24 10 -24 -63452
8 -8 4 -5 -84972
-20 -22 -18 -24 -48310
17 -24 17 -19 -58630
-23 -8 -23 -10 -47592
-9 21 -9 24 -53546
23 -17 23 -21 -53526
22 14 24 17 -56636
22 -2 24 0 -58726
9 -3 9 -1 -65732
-15 1 -16 19 -73838
23 -14 24 -15 -62070
1 -15 1 -14 -52980
-17 16 -17 13 -70360
3 -4 8 -5 -75142
-3 17 -6 21 -64878
23 19 24 19 -48710
20 18 19 21 -67214
-10 -4 -7 -4 -61020
-6 15 -7 14 -61158
18 -11 21 -13 -63854
5 -2 4 -4 -67022
6 -3 9 -5 -73532
22 21 23 23 -62648
8 17 8 18 -48186
2 -15 3 -15 -66864
-23 -17 -22 -20 -63336
-19 15 -20 18 -78086
1 -13 3 -12 -57984
-14 -10 -14 -11 -61054
-5 10 -6 7 -74226
-20 12 -20 6 -67542
-20 4 -20 3 -50312
3 10 -24 9 -81992
11 6 12 2 -67896
8 21 11 23 -69370
20 12 23 10 -67144
13 -3 16 -2 -60704
11 24 10 23 -56274
-18 6 -20 4 -74662
-8 24 -5 23 -49396
0 10 1 8 -71140
-24 -3 -24 -4 -43270
-23 -7 -24 -8 -48612
22 16 23 21 -63918
-13 -11 -13 -14 -64326
-16 -1 -16 0 -63018
-23 -21 -24 -21 -53740
-5 7 -5 6 -76672
-17 12 -21 9 -71034
-11 -16 -11 -15 -48310
17 5 16 6 -59322
0 -20 0 -19 -66378
6 10 5 8 -60200
-23 12 4 -19 -87978
11 -24 12 -22 -62550
4 -12 1 -5 -85520
-19 7 -21 6 -73372
4 13 3 12 -55528
22 -16 -21 -23 -59380
7 -20 6 -20 -56102
22 5 23 4 -65206
-16 -4 -14 -4 -56702
3 -16 -4 -16 -73940
3 9 1 10 -66004
15 -2 15 -1 -66964
-23 -22 -24 -20 -69274
12 24 10 24 -48458
19 23 -5 2 -71828
18 16 16 15 -57950
10 -10 10 -15 -58820
-6 8 -6 10 -74210
-12 7 -13 7 -83850
10 21 10 20 -57114
19 2 19 -2 -65760
-24 14 -23 14 -59392
-4 3 -14 10 -92700
-3 24 -4 24 -62694
1 1 0 1 -72404
-6 22 -6 24 -50986
-13 0 -7 2 -73998
-11 -16 -11 -21 -63724
-17 -9 -17 -8 -53064
21 -22 19 -24 -55138
20 -8 19 -7 -60284
10 0 12 -1 -54740
15 24 16 21 -52560
14 19 6 20 -69950
-14 -17 -14 -19 -53764
-9 -18 -9 -19 -54588
13 -16 12 -19 -61340
0 -22 0 -24 -56932
23 -4 24 0 -57082
-4 -14 -3 -14 -56654
17 -4 18 -3 -57404
-21 -11 -21 -10 -53470
24 14 24 18 -61902
-18 -10 -20 -4 -58046
-17 23 -13 24 -56168
23 3 24 0 -60630
-24 24 -24 18 -57678
2 24 0 21 -51908
2 24 2 21 -47328
-23 3 -24 0 -41168
6 -5 7 -8 -77184
-8 14 -1 -7 -93144
-3 -4 -5 -7 -67244
-20 14 -24 -19 -77940
-16 8 -18 7 -64606
14 -16 15 -15 -60640
-14 -24 -14 -23 -42888
24 24 24 23 -40610
-21 22 -21 19 -68230
-3 24 -2 23 -58178
9 14 10 13 -64512
-18 -9 -22 -11 -59826
2 -4 1 -6 -61840
2 -7 5 -10 -79880
19 -15 21 -15 -59354
0 8 -3 9 -72716
-23 -16 -8 4 -81068
-21 19 -19 15 -79190
-23 -22 -24 -21 -66584
0 -24 2 -23 -52628
-3 12 -4 12 -63422
0 3 0 1 -60522
8 -2 8 -4 -68026
-15 -12 -15 -13 -59932
-20 4 -23 5 -61676
12 -7 13 -9 -58110
12 -24 13 -24 -51888
0 -3 -1 -3 -65222
15 15 16 12 -61258
-15 6 -11 -5 -87410
-11 14 -11 18 -55018
-4 -23 -2 -24 -59514
24 21 24 -12 -61508
18 -23 20 -24 -49560
15 -21 14 -23 -67572
0 -22 -1 -24 -59268
-14 14 -16 15 -68176
-21 -13 -23 23 -77384
7 -23 5 -24 -57886
-22 8 -22 6 -60282
23 -22 24 -24 -49074
22 -18 24 -18 -60198
-22 -5 -24 -4 -59454
-13 -16 -11 -16 -60336
-14 -23 -16 -24 -53220
-9 -22 -8 -23 -59228
18 -24 5 21 -77852
-12 -5 -13 -7 -54642
-4 5 -3 6 -70022
-8 8 -8 9 -67444
-5 10 -11 14 -69810
1 16 2 16 -64842
16 -18 18 -18 -56334
-24 11 -23 6 -60510
17 -24 16 -24 -48440
23 -17 22 -18 -56282
9 -24 10 -24 -63452
24 3 21 2 -59460
-2 -15 -3 -17 -62224
-4 19 -4 22 -61400
-8 -24 -9 -24 -54342
-15 -16 -19 -20 -56624
-22 -24 -20 -24 -46318
-23 -15 -23 -17 -40186
24 -10 24 -12 -59604
20 4 23 7 -69014
19 6 19 4 -63120
4 -14 5 -19 -70802
-5 17 -5 11 -56876
-17 24 -24 22 -51164
-6 7 -9 -2 -79394
0 -8 0 -9 -55256
-3 -21 -4 4 -71102
-17 -21 -18 -24 -64464
-3 -19 -3 -17 -59816
24 22 22 19 -63680
-15 6 -11 7 -89398
-20 -1 -21 0 -64060
23 -3 20 -4 -59718
-1 3 -2 6 -71968
1 14 0 16 -57184
15 -13 11 -15 -62290
-11 18 -14 18 -64558
10 5 10 8 -66166
2 5 1 5 -64000
-3 8 -5 7 -66360
17 -7 18 -10 -59502
-10 12 -11 11 -54960
-4 -13 -5 -9 -51268
2 21 0 23 -64352
-3 -22 -1 -22 -63084
24 -12 24 -19 -61830
0 -3 1 -3 -68576
-17 -21 -18 -22 -64084
24 -18 24 -17 -50690
-17 22 -17 21 -65484
-16 18 -15 20 -63004
-14 20 -14 18 -67946
18 -16 17 -14 -57500
14 -5 16 -6 -60024
-13 -11 -16 22 -85850
-24 -15 -17 9 -86756
17 -18 17 -17 -50150
-15 -23 -10 -23 -47942
-16 -6 0 -2 -87100
-10 -3 -11 1 -66090
-18 4 -17 5 -66626
3 0 4 0 -59872
19 21 20 20 -64400
-19 18 -23 14 -73336
-7 -8 -6 -10 -45426
-11 -6 -10 -7 -51380
-19 -15 24 -23 -61094
-10 -11 -9 -10 -59370
-11 19 -13 20 -68120
-3 5 -7 11 -91132
15 -4 15 -2 -64344
-21 12 -23 14 -70292
13 -23 15 -24 -46704
-24 -13 -24 -14 -35934
21 11 20 14 -61486
4 23 2 24 -56734
-13 23 -14 21 -60296
-2 -17 -3 -17 -64908
1 -3 2 -3 -66326
22 14 20 13 -56750
-13 -4 -15 -5 -64226
-5 -15 -5 -16 -51606
13 -7 13 -12 -57820
20 -13 20 -14 -58434
-10 -24 -8 -23 -53000
-2 21 -2 24 -61390
-14 0 -16 -2 -61630
-3 16 -2 14 -57570
12 8 13 5 -68122
12 19 13 19 -54542
4 1 3 3 -53974
14 -16 13 -14 -49680
-9 -13 -11 -16 -62034
24 5 24 6 -52026
0 -23 -1 -23 -59218
11 11 11 9 -60534
1 -3 2 -1 -68184
15 14 15 15 -64536
-7 0 -5 7 -80334
-5 -24 -6 -24 -55590
5 8 4 9 -60412
8 10 8 9 -63546
23 9 24 6 -63542
-13 5 -11 3 -73734
23 17 22 18 -67494
-24 -4 -21 -3 -57578
3 5 4 5 -61690
