13 -5 10 -5 -71273
-23 22 -22 24 -63393
-23 -18 -22 -18 -57623
-24 1 -23 0 -55273
21 0 19 0 -65115
9 -22 10 -24 -61287
-16 -22 -14 -24 -57057
-12 14 -11 13 -54595
13 -12 13 -20 -69865
7 17 6 19 -67489
-11 -23 -12 -24 -62443
24 12 24 16 -48847
23 2 -23 19 -66523
-23 -16 -24 -18 -50763
0 10 2 11 -57977
14 -3 11 -4 -71413
15 -23 13 -24 -52291
14 16 12 12 -74875
23 8 24 7 -54101
16 9 15 14 -61063
23 -2 24 -3 -53265
-24 -21 -24 -24 -60387
2 -24 23 -18 -67789
20 -22 23 -24 -57237
-23 -5 -23 -6 -46177
-23 -2 -24 -1 -51197
-11 -11 -10 -11 -57967
-17 23 -17 22 -55829
-20 11 -20 14 -52657
16 14 11 10 -76721
17 -20 16 -21 -59809
-23 -10 -24 -11 -59863
23 -8 24 -8 -51321
24 -20 24 -24 -53361
-14 13 -13 13 -53735
-2 -20 -3 -22 -45889
20 -11 14 -10 -68263
-24 22 -24 20 -55783
-24 14 -23 15 -55541
11 -23 11 -24 -53079
-21 24 -24 23 -62455
20 -5 19 -7 -67651
24 -13 23 -12 -54075
6 6 9 6 -65697
-11 -13 -11 -11 -49037
-13 20 -12 24 -65145
4 20 2 20 -53917
3 15 1 17 -72559
18 3 19 1 -60843
11 -18 10 -20 -55651
13 7 10 8 -63853
22 -8 21 -7 -66163
-24 8 -24 10 -41241
19 3 18 6 -66027
-2 -15 -2 -18 -62439
-24 -21 -23 -24 -61531
-23 -12 -23 -9 -42659
-19 17 -21 14 -49261
19 8 19 5 -59181
24 0 24 -1 -67371
5 15 10 23 -77201
24 -22 23 -24 -51423
-9 11 -7 12 -44807
24 2 23 11 -61735
7 21 6 20 -59437
11 -24 9 -24 -58049
-4 -24 -4 -22 -44879
15 -9 15 -11 -57751
-18 -8 -19 -9 -58563
-7 -22 -8 -24 -53299
24 -9 24 -11 -58267
-6 -19 -8 -19 -51051
-24 -6 -23 -6 -55693
15 1 14 0 -65127
2 -19 4 -20 -57283
-12 9 -15 8 -60161
-13 -5 -13 -3 -60075
10 15 10 12 -54155
-13 -18 -10 -15 -51419
18 21 14 19 -77515
-12 -16 -11 -16 -58763
-4 22 -6 22 -64405
-17 4 -18 9 -63053
7 16 9 18 -69645
6 -7 3 5 -90905
-20 -3 -18 -6 -60699
-24 -13 -23 -12 -61597
20 -24 18 0 -67353
22 -22 24 -21 -59949
-14 -8 -15 -10 -60757
-3 20 -3 18 -57949
4 19 5 17 -72395
13 24 13 22 -58315
0 -9 1 -8 -56375
1 18 2 16 -70635
-24 23 -21 24 -62559
-11 -9 -11 -11 -51397
-17 22 -16 22 -52445
10 2 6 15 -91565
-21 0 -19 1 -55185
22 23 23 24 -45067
24 -7 21 -6 -61353
-18 1 -19 8 -70119
-6 -18 -6 -21 -49781
-3 -24 -1 -24 -52383
18 -1 19 -2 -67083
-11 -1 -12 6 -66953
13 -4 13 -7 -64573
6 -2 6 1 -63733
24 21 23 23 -51479
24 23 -7 24 -58793
-4 4 -5 7 -61487
-21 23 -20 24 -57125
15 0 14 0 -67681
15 19 15 20 -57895
-7 16 -7 17 -53857
-22 -23 -23 -24 -45809
20 24 18 24 -48883
5 -14 6 -16 -60787
0 -24 0 -23 -42255
-14 7 -13 6 -60863
14 18 9 6 -82719
5 16 4 12 -59997
0 6 2 6 -54691
-19 -15 -20 -14 -62647
5 9 6 10 -63349
2 -19 3 -17 -61083
2 -24 18 -22 -73235
-24 19 -23 19 -45687
-9 23 -8 24 -44801
9 -9 8 -12 -59757
-7 -7 -11 -4 -66615
0 9 -1 10 -60139
11 -8 10 -7 -67049
-2 3 -4 2 -52327
-1 -14 -1 -13 -52715
9 21 8 22 -65323
11 8 11 7 -58785
23 -7 24 -8 -62661
-24 -9 -23 -10 -46293
19 11 19 12 -51147
10 2 3 0 -74715
-16 -15 -17 -17 -51103
-3 4 -2 3 -70747
-16 -19 -16 -17 -45645
-9 5 -9 4 -51169
-22 9 -23 22 -47757
5 -24 5 -23 -42825
24 -1 24 0 -66961
-5 13 -6 12 -53805
6 14 5 13 -64573
-14 -6 -13 -2 -65293
1 9 1 10 -51135
15 11 19 10 -67875
-24 6 -24 5 -51915
-7 -3 -9 -3 -66773
23 1 24 -4 -64537
23 -19 24 -17 -56105
-1 -12 0 -13 -52605
-16 -11 -17 -11 -61185
11 6 9 14 -73851
21 -15 20 -16 -57093
-8 0 -6 0 -68219
-11 -4 -10 5 -76517
-5 0 -5 -1 -64175
-4 3 -4 1 -58589
-3 -4 -2 -4 -59113
14 5 14 2 -56807
-21 9 -20 10 -47473
23 -24 24 -24 -49195
-6 19 -5 19 -61037
18 -6 15 -6 -69057
11 -5 11 -3 -59477
-20 23 -15 24 -51533
-11 21 -12 22 -55223
0 24 -1 22 -55607
-7 24 -6 24 -46481
-23 -13 -24 -15 -63387
10 21 11 23 -67411
14 16 12 16 -66371
-23 13 -22 11 -60845
-8 11 -8 10 -42701
13 4 8 3 -66999
-19 -7 -17 -7 -62905
18 -24 16 -23 -55073
18 10 19 10 -63843
-24 23 -24 22 -62593
16 -18 16 -19 -62879
-20 -15 -19 -15 -61851
-13 1 -13 8 -66749
-8 20 -9 17 -56887
21 -23 21 -24 -45735
20 8 20 10 -50187
1 21 -2 22 -62857
-9 1 -8 3 -60511
22 22 24 23 -46905
7 -12 7 -10 -59391
4 -11 0 -11 -59983
12 -11 13 -11 -67151
23 2 24 3 -52469
23 23 24 -5 -60031
18 -2 16 -5 -70193
-2 20 0 22 -54195
10 -16 -15 11 -82061
23 20 24 18 -50565
19 0 18 -2 -61587
13 0 -2 3 -91341
-5 -1 -6 -5 -59653
6 -11 2 -12 -61355
18 23 17 24 -58593
10 4 10 6 -59385
24 10 20 8 -56281
15 24 17 23 -54643
22 10 23 9 -57415
8 24 10 23 -55391
23 5 24 7 -54905
-24 22 -22 20 -42949
16 3 17 6 -64215
-23 -6 -24 -9 -55951
-5 -24 -4 -24 -49565
-18 -24 -17 -24 -48273
17 24 17 23 -50823
-22 1 -22 0 -56201
-3 -5 7 -4 -82199
19 20 18 19 -71687
19 1 20 1 -67009
-5 21 18 24 -67085
-24 -21 -24 -23 -62947
14 -20 14 -22 -62147
4 -1 2 0 -71651
13 -20 11 -19 -68309
24 -16 24 -13 -48537
-19 -22 -19 -23 -52555
23 8 24 8 -50229
-5 -16 -5 -17 -48541
19 15 20 17 -60689
-10 -2 -12 -2 -59725
-16 -22 -17 -23 -58273
2 -19 2 -18 -56807
20 -24 24 -24 -61095
-13 -7 17 -10 -81049
-13 0 -14 -1 -61195
5 -14 5 -13 -59863
-12 -12 -12 -3 -57207
0 -24 -1 -23 -50833
-22 -21 -24 -22 -54163
-10 -5 -12 -7 -55141
24 -7 24 -6 -50887
1 4 1 5 -53517
-3 13 -5 15 -54339
-11 20 -10 23 -60965
16 -10 6 5 -89457
17 -24 17 -21 -55763
13 11 6 10 -73387
15 12 21 12 -71099
-4 18 -4 19 -60255
-14 -23 -1 -22 -65321
-20 -22 -18 -24 -54103
21 20 15 18 -75749
-13 -23 -12 -21 -63613
-4 -5 -6 3 -80449
22 12 21 14 -56997
22 14 24 17 -52399
22 -2 24 0 -55395
1 1 0 2 -73421
-20 -18 -17 -17 -60551
23 -14 24 -15 -55803
13 21 17 23 -67159
-23 -5 -22 -7 -55147
-18 5 -20 4 -57173
-16 16 -17 17 -49199
23 19 24 19 -43929
-2 12 -2 11 -53967
13 10 14 10 -60631
23 3 24 1 -52239
7 -14 6 -15 -55945
4 -6 4 -4 -62703
-8 -21 -8 -22 -51165
-21 -15 -21 -18 -54375
0 6 1 5 -68817
14 21 13 14 -61587
1 -2 0 0 -68525
1 23 0 23 -52053
-23 2 -23 -4 -52203
7 -1 -11 -1 -81797
10 -9 10 -6 -55323
-16 -16 -15 -17 -55367
24 -19 23 -17 -59833
3 -2 -2 -4 -69421
16 0 17 -9 -72889
0 -9 -1 -8 -50759
7 11 8 8 -64781
-13 -11 -12 -10 -62053
11 24 10 23 -59523
-24 15 -23 16 -55725
5 0 2 -1 -65173
1 -15 1 -17 -63551
7 17 10 16 -63785
-23 -7 -24 -8 -61905
9 16 4 15 -66787
18 24 17 23 -52559
19 -5 16 -3 -72533
-23 -21 -24 -21 -51137
6 -23 5 -24 -57675
-10 16 -10 20 -54105
-18 6 -17 6 -59509
24 15 24 17 -50279
22 14 7 22 -72121
22 20 22 19 -52243
4 14 12 -3 -94129
11 -24 12 -22 -59565
-9 -21 -10 -21 -55855
24 2 -21 0 -68183
1 -8 0 -12 -54453
18 -10 18 -13 -60081
-22 -4 -19 -5 -63093
-17 -3 -16 -3 -59333
2 15 -14 21 -69595
-16 12 -16 11 -42705
-19 21 -20 17 -52045
-18 -15 -18 -13 -50627
-23 -1 -24 -2 -47241
12 24 10 24 -52871
10 -21 10 -22 -59777
24 -17 24 -15 -54669
18 2 20 4 -64741
-11 6 -12 6 -54025
-1 -22 -3 -21 -57543
17 3 15 3 -60177
-15 22 -15 24 -56963
-24 14 -23 14 -49507
24 10 21 10 -59171
-3 24 -4 24 -67093
12 -12 -24 -12 -71697
-6 22 -6 24 -58595
-18 14 -17 14 -50305
22 24 22 23 -50045
-21 -9 -22 -9 -62543
13 -16 12 -13 -70029
-4 15 -7 15 -55133
8 -6 8 1 -69017
11 -24 3 -23 -65875
11 8 7 4 -72563
-4 -12 -5 -14 -48635
23 -2 22 -5 -54353
-23 19 -23 -14 -59489
3 -23 4 -24 -45733
16 -14 12 -14 -71441
-3 6 -2 -9 -77907
-11 11 -10 12 -44755
-7 -1 -3 -2 -71249
21 -19 19 -18 -55909
4 -24 5 -24 -51627
15 20 11 17 -74553
-13 23 -12 22 -57375
-24 8 -22 8 -50323
10 -19 7 -17 -66069
-16 -2 -16 0 -59009
-23 3 -24 0 -55097
6 24 6 22 -47825
18 -24 21 -21 -57499
-11 -20 -11 -19 -46077
-24 21 -24 0 -55031
21 -24 20 -24 -52595
-13 23 -12 23 -45867
-14 -24 -14 -23 -52561
24 24 24 23 -40987
17 -12 15 -14 -65231
-3 24 -2 23 -56677
0 14 -1 14 -53341
24 -22 24 -19 -53563
0 13 0 19 -64523
-24 24 -1 24 -44387
-15 5 -17 3 -63275
-1 8 -2 7 -46729
-20 3 -19 2 -59113
-20 8 -20 6 -54761
-23 -22 -24 -21 -55167
0 -24 2 -23 -53707
24 23 22 24 -48943
-12 10 -8 7 -57691
-24 23 -24 22 -62593
10 -3 7 -3 -69127
-17 -10 -17 -9 -47907
-2 21 -1 20 -61167
12 -24 13 -24 -52213
-10 -3 -10 0 -63373
-15 -2 -16 0 -60431
15 12 16 14 -66021
-8 -3 -13 -3 -67091
5 6 4 3 -59615
18 21 18 18 -62041
4 1 3 -4 -73509
-10 17 -9 13 -52825
-9 0 16 0 -83923
-8 6 -9 9 -51687
-22 5 -23 6 -56943
7 -23 5 -24 -61425
18 -8 18 -9 -65605
23 -22 24 -24 -44781
22 -18 24 -18 -53273
12 -12 7 -12 -66173
-14 13 -15 15 -54263
-14 -23 -16 -24 -55889
14 -7 3 -7 -86109
0 -24 1 -23 -52225
-12 -22 -14 -21 -55923
-15 -22 -17 -21 -59497
0 0 -2 2 -73913
24 2 24 3 -51947
22 12 -24 -15 -64657
20 -9 21 -8 -63653
-18 -6 -16 8 -75559
17 -24 16 -24 -50197
-2 -9 -2 -11 -43771
5 -4 4 -2 -79305
1 22 2 24 -52255
21 15 20 17 -58619
10 0 11 3 -55153
-16 23 -15 23 -50705
17 -4 13 -6 -73847
-22 -24 -20 -24 -55693
-12 -10 -14 -10 -61225
24 -10 24 -12 -53051
-11 -17 -13 -13 -54443
3 -4 4 -5 -75407
-9 23 -10 24 -47411
-22 -20 -22 -21 -56605
0 -17 1 -16 -56207
-4 23 -4 24 -51751
-3 24 -4 24 -67093
24 -9 24 -7 -57647
13 -4 15 -6 -73275
6 16 6 17 -56165
5 0 0 19 -84101
-24 -16 -24 -15 -48961
3 -5 5 -3 -65017
-22 -5 -23 -6 -60073
-20 -24 -21 -24 -55199
-11 10 -12 8 -46019
-2 -2 -1 0 -66429
1 -2 2 0 -68463
-10 -19 -9 -20 -55913
-15 23 -14 24 -52159
-18 22 -20 24 -40451
-24 13 -23 10 -56901
17 -24 15 -22 -57095
-24 6 -24 7 -51637
2 22 1 24 -49919
5 -10 6 -14 -66167
-19 18 -17 21 -55849
-24 -22 -24 -17 -50503
14 -15 13 -14 -74021
24 -18 24 -17 -58387
-24 11 -21 10 -58519
-24 -24 9 -24 -53435
12 -24 10 -22 -63265
-9 -13 -8 -14 -49825
-12 -6 -14 -2 -60045
2 -5 1 -9 -57183
-16 -12 -17 -11 -58925
10 22 10 24 -57881
-1 -13 -2 -13 -44411
-14 -24 -12 -23 -56991
-24 -12 -21 -14 -53383
17 -10 16 -7 -70427
2 -20 0 -17 -62821
10 -8 7 -8 -70107
8 6 8 8 -65263
24 -9 23 -10 -54929
24 14 0 6 -73115
18 -16 17 -15 -61951
11 14 10 14 -65107
22 22 21 22 -51365
2 9 0 11 -61693
-22 3 -23 3 -50301
12 21 10 22 -62777
21 21 19 24 -59539
-24 -13 -24 -14 -47531
8 1 9 -1 -64435
2 -14 4 -15 -62871
-12 -23 -12 -24 -52719
8 -18 9 -19 -63781
-8 24 -8 23 -54119
4 15 2 14 -59001
-7 -11 -9 -13 -54051
3 -22 0 6 -77103
10 0 6 -21 -79563
14 -12 13 -13 -66549
-10 -24 -8 -23 -57255
-15 4 -14 4 -60123
0 -7 -8 -8 -60085
15 -17 16 -19 -66417
17 -16 16 -17 -64165
-16 -7 -14 -7 -61707
-24 19 -23 22 -57789
-5 -6 -7 -4 -59445
19 -13 18 -12 -65373
24 5 24 6 -52851
0 -23 -1 -23 -55755
6 0 2 5 -76553
9 19 -24 17 -59993
-8 -23 -7 -24 -42369
4 23 6 24 -45903
-5 -24 -6 -24 -50183
-2 12 -2 14 -56057
-24 4 -24 2 -50327
-15 8 -18 9 -61381
9 -21 8 -22 -62275
0 -7 -23 -24 -58557
14 -12 15 -14 -72481
20 -17 20 -21 -66685
