13 -5 10 -5 -72442
-23 22 -22 24 -65478
-23 -18 -22 -18 -58282
-24 1 -23 0 -53038
21 0 19 0 -63730
9 -22 10 -24 -61276
-16 -22 -14 -24 -57260
-12 14 -11 13 -60890
13 -12 13 -20 -62242
7 17 6 19 -71536
-11 -23 -12 -24 -62780
24 12 24 16 -46134
20 24 19 20 -66530
-23 -16 -24 -18 -51662
-8 0 8 3 -84532
14 -3 11 -4 -70410
15 -23 13 -24 -47832
-3 8 -4 9 -66426
23 8 24 7 -51554
16 9 15 14 -62416
23 -2 24 -3 -52254
-24 -21 -24 -24 -61672
2 -24 23 -18 -58590
20 -22 23 -24 -59026
-23 -5 -23 -6 -46428
-23 -2 -24 -1 -51076
-11 -11 -10 -11 -55754
-17 23 -17 22 -59268
-20 11 -20 14 -65106
-12 24 -11 14 -81096
17 -20 16 -21 -58752
-23 -10 -24 -11 -59624
23 -8 24 -8 -51458
24 -20 24 -24 -54436
-14 13 -13 13 -70996
-2 -20 -3 -22 -46652
20 -11 14 -10 -58342
-24 22 -24 20 -58050
-24 14 -23 15 -59784
11 -23 11 -24 -53282
-21 24 -24 23 -64022
20 -5 19 -7 -59152
24 -13 23 -12 -54068
6 6 9 6 -65302
-11 -13 -11 -11 -50052
-13 20 -12 24 -74168
14 0 16 18 -79570
12 5 12 3 -52116
18 3 19 1 -57304
11 -18 10 -20 -51966
13 1 10 1 -69084
22 -8 21 -7 -65614
-24 8 -24 10 -43454
11 4 -2 3 -82928
-2 -15 -2 -18 -60700
-24 -21 -23 -24 -62890
-23 -12 -23 -9 -42624
-19 17 -21 14 -56706
19 8 19 5 -52882
24 0 24 -1 -65202
-1 6 -3 6 -61752
24 -22 23 -24 -52030
-13 20 -12 20 -64688
-14 3 -13 21 -76310
7 21 6 20 -58372
11 -24 9 -24 -50642
-4 -24 -4 -22 -44838
15 -9 15 -11 -53462
-18 -8 -19 -9 -57466
-7 -22 -8 -24 -52372
24 -9 24 -11 -56560
-6 -19 -8 -19 -51634
-24 -6 -23 -6 -55248
2 11 2 13 -85140
2 -19 4 -20 -54964
3 24 2 13 -78166
-13 -5 -13 -3 -62020
10 15 10 12 -62038
-13 -18 -10 -15 -52288
13 9 15 10 -50578
-12 -16 -11 -16 -56852
-14 15 -13 18 -58778
-17 4 -18 9 -56448
7 16 9 18 -60938
-7 21 -3 6 -94220
-20 -3 -18 -6 -62268
-24 -13 -23 -12 -62556
20 -24 18 0 -62466
22 -22 24 -21 -60048
-14 -8 -15 -10 -60572
-19 8 -17 8 -70444
-13 14 -14 14 -71684
13 24 13 22 -60830
0 -9 1 -8 -55312
1 18 2 16 -73590
-24 23 -21 24 -64068
-11 -9 -11 -11 -52660
-17 22 -16 22 -61094
-17 -1 -17 -3 -64866
-21 0 -19 1 -56958
22 23 23 24 -47370
24 -7 21 -6 -61986
-16 5 -14 0 -58984
-6 -18 -6 -21 -50624
-3 -24 -1 -24 -52208
18 -1 19 -2 -57226
-16 5 5 -4 -81088
13 -4 13 -7 -49588
6 -2 6 1 -55234
24 21 23 23 -52930
11 8 13 24 -78566
5 3 4 2 -63628
-21 23 -20 24 -58600
15 0 14 0 -57924
15 19 15 20 -63332
-7 16 -7 17 -61102
-22 -23 -23 -24 -46306
20 24 18 24 -48428
5 -14 6 -16 -57932
0 -24 0 -23 -42590
-14 7 -13 6 -58970
24 19 1 21 -75906
5 16 4 12 -76638
0 6 2 6 -51590
-19 -15 -20 -14 -62828
5 9 6 10 -67058
2 -19 3 -17 -58842
-7 13 -10 -22 -70184
-24 19 -23 19 -47604
-9 23 -8 24 -46004
9 -9 8 -12 -54162
-7 -7 -11 -4 -59676
13 21 13 20 -64190
11 -8 10 -7 -59496
-12 5 19 19 -86254
-1 -14 -1 -13 -51766
9 21 8 22 -72466
11 8 11 7 -61972
23 -7 24 -8 -62824
-24 -9 -23 -10 -46788
19 11 19 12 -56888
0 -8 -2 -6 -62510
-16 -15 -17 -17 -50768
11 15 -9 15 -93422
-16 -19 -16 -17 -46210
-9 5 -9 4 -56834
-22 9 -23 22 -63478
5 -24 5 -23 -43236
24 -1 24 0 -64760
0 14 0 15 -81570
-18 17 -15 15 -75514
-14 -6 -13 -2 -67882
1 9 1 10 -72192
1 21 8 20 -70256
-24 6 -24 5 -50004
-7 -3 -9 -3 -54836
23 1 24 -4 -60668
23 -19 24 -17 -56402
-1 -12 0 -13 -51890
-16 -11 -17 -11 -60616
22 10 -4 8 -77178
21 -15 20 -16 -54198
2 6 15 7 -82936
-10 4 -9 10 -72706
-5 0 -5 -1 -56380
-4 3 -4 1 -67192
-3 -4 -2 -4 -69724
-22 21 -20 7 -76570
-21 9 -20 10 -48144
23 -24 24 -24 -48714
-6 19 -5 19 -49924
18 -6 15 -6 -55186
11 -5 11 -3 -51660
-20 23 -15 24 -58502
-11 21 -12 22 -70672
0 24 -1 22 -59676
-7 24 -6 24 -39138
-23 -13 -24 -15 -63596
10 23 -12 23 -71510
-3 16 -1 15 -74004
-23 13 -22 11 -67116
-8 11 -8 10 -61522
9 7 8 10 -78200
-19 -7 -17 -7 -61360
18 -24 16 -23 -62294
18 10 19 10 -62594
-24 23 -24 22 -63404
16 -18 16 -19 -63126
-20 -15 -19 -15 -62126
14 -1 -2 17 -93844
-8 20 -9 17 -65964
21 -23 21 -24 -45370
20 8 20 10 -58870
1 21 -2 22 -65642
-9 1 -8 3 -56210
22 22 24 23 -47916
7 -12 7 -10 -55644
4 -11 0 -11 -55518
12 -11 13 -11 -57038
23 2 24 3 -49690
23 23 24 -5 -57808
18 -2 16 -5 -56710
-2 20 0 22 -62648
-4 24 -3 5 -88080
23 20 24 18 -44812
19 0 18 -2 -53136
-6 0 -6 3 -66696
-5 -1 -6 -5 -53116
6 -11 2 -12 -55400
18 23 17 24 -62628
10 4 10 6 -58592
24 10 20 8 -62936
15 24 17 23 -62692
22 10 23 9 -59108
8 24 10 23 -61944
23 5 24 7 -52496
-24 22 -22 20 -45522
16 3 17 6 -49866
-23 -6 -24 -9 -55324
-5 -24 -4 -24 -48884
-18 -24 -17 -24 -50136
17 24 17 23 -57726
-22 1 -22 0 -56184
0 10 -1 14 -92826
2 -4 5 12 -87594
19 1 20 1 -65280
12 24 20 23 -64506
-24 -21 -24 -23 -64512
14 -20 14 -22 -62112
-1 -1 -3 0 -72432
13 -20 11 -19 -59506
24 -16 24 -13 -47786
-19 -22 -19 -23 -53022
23 8 24 8 -51652
-5 -16 -5 -17 -48032
19 15 20 17 -54106
-10 -2 -12 -2 -49132
-16 -22 -17 -23 -60132
2 -19 2 -18 -55296
20 -24 24 -24 -62386
1 19 1 20 -55246
-13 0 -14 -1 -55692
5 -14 5 -13 -56332
-12 -12 -12 -3 -58658
0 -24 -1 -23 -49910
-22 -21 -24 -22 -54954
-10 -5 -12 -7 -56060
24 -7 24 -6 -47738
1 4 1 5 -59854
-3 13 -5 15 -72526
-11 20 -10 23 -71558
0 -10 -3 0 -64016
17 -24 17 -21 -54450
1 2 -9 2 -82522
15 12 21 12 -63604
2 18 -4 19 -77716
-14 -23 -1 -22 -63182
-20 -22 -18 -24 -54430
-7 3 -4 8 -66348
-13 -23 -12 -21 -64460
-7 5 16 -9 -86598
22 12 21 14 -52992
22 14 24 17 -49458
22 -2 24 0 -52386
3 4 1 7 -64486
-20 -18 -17 -17 -61544
23 -14 24 -15 -55770
13 21 17 23 -54106
-23 -5 -22 -7 -55712
-18 5 -20 4 -60210
-16 16 -17 17 -70398
23 19 24 19 -42528
-2 12 -2 11 -82844
3 15 5 4 -91476
23 3 24 1 -48776
7 -14 6 -15 -49336
4 -6 4 -4 -55488
-8 -21 -8 -22 -51816
-21 -15 -21 -18 -54134
2 24 22 23 -71144
14 21 13 14 -63790
1 -2 0 0 -53276
1 23 0 23 -55902
-23 2 -23 -4 -53758
13 20 12 20 -58448
10 -9 10 -6 -45776
-16 -16 -15 -17 -54908
24 -19 23 -17 -60258
3 -2 -2 -4 -68272
15 -8 13 -8 -60670
0 -9 -1 -8 -58938
7 11 8 8 -76508
-13 -11 -12 -10 -62962
11 24 10 23 -50314
-24 15 -23 16 -60096
5 0 2 -1 -59932
1 -15 1 -17 -62358
7 17 10 16 -72056
-23 -7 -24 -8 -61566
10 10 11 10 -56738
18 24 17 23 -51014
-4 2 -3 3 -64370
-23 -21 -24 -21 -50878
6 -23 5 -24 -56662
-10 16 -10 20 -72300
-18 6 -17 6 -71652
24 15 24 17 -43808
8 13 10 11 -71856
22 20 22 19 -50782
22 -23 12 -20 -69408
11 -24 12 -22 -55478
-9 -21 -10 -21 -55174
24 23 -21 24 -51834
1 -8 0 -12 -53866
18 -10 18 -13 -54186
-22 -4 -19 -5 -62968
-17 -3 -16 -3 -59304
7 15 5 9 -78336
-16 12 -16 11 -55340
-19 21 -20 17 -59502
-18 -15 -18 -13 -50834
-23 -1 -24 -2 -48616
12 24 10 24 -56888
10 -21 10 -22 -60386
24 -17 24 -15 -55942
-9 21 -9 20 -68618
-11 6 -12 6 -51130
-1 -22 -3 -21 -57168
17 3 15 3 -52296
-15 22 -15 24 -60918
-24 14 -23 14 -50538
24 10 21 10 -59372
4 5 5 10 -83054
16 12 17 13 -68736
-6 22 -6 24 -65340
-18 14 -17 14 -59740
22 24 22 23 -55652
-21 -9 -22 -9 -62656
13 -16 12 -13 -51688
-4 15 -7 15 -51862
8 -6 8 1 -63868
11 -24 3 -23 -59156
18 10 20 11 -69098
-4 -12 -5 -14 -49702
23 -2 22 -5 -48594
-23 19 -23 -14 -61882
3 -23 4 -24 -45248
10 8 8 21 -86696
3 17 4 14 -81530
-11 11 -10 12 -55380
-7 -1 -3 -2 -70610
21 -19 19 -18 -59712
4 -24 5 -24 -49448
-14 14 -14 13 -62974
-13 23 -12 22 -68972
-24 8 -22 8 -52982
10 -19 7 -17 -61226
-16 -2 -16 0 -65402
-23 3 -24 0 -55204
6 24 6 22 -47332
18 -24 21 -21 -57948
-11 -20 -11 -19 -46756
-24 21 -24 0 -60360
21 -24 20 -24 -55494
-13 23 -12 23 -57986
-14 -24 -14 -23 -53856
24 24 24 23 -45102
17 -12 15 -14 -61866
-3 24 -2 23 -53106
0 14 -1 14 -60812
24 -22 24 -19 -55140
0 13 0 19 -82622
-24 24 -1 24 -45348
-15 5 -17 3 -57030
-1 8 -2 7 -56770
-20 3 -19 2 -58664
-20 8 -20 6 -50784
-23 -22 -24 -21 -55636
0 -24 2 -23 -53122
24 23 22 24 -48738
10 1 9 0 -62294
-24 23 -24 22 -63404
10 -3 7 -3 -66382
-17 -10 -17 -9 -47186
1 11 1 10 -80902
12 -24 13 -24 -47654
-10 -3 -10 0 -57438
-15 -2 -16 0 -66606
15 12 16 14 -69208
13 -3 11 0 -64632
5 6 4 3 -71176
18 21 18 18 -61650
-14 22 13 19 -82108
-10 17 -9 13 -65536
-6 0 -6 0 -238338
-8 6 -9 9 -63266
-22 5 -23 6 -58206
7 -23 5 -24 -58744
18 -8 18 -9 -61210
23 -22 24 -24 -44500
22 -18 24 -18 -51548
12 -12 7 -12 -59900
-14 13 -15 15 -72200
-14 -23 -16 -24 -58190
5 -4 4 -4 -59698
0 -24 1 -23 -51996
-12 -22 -14 -21 -56050
-15 -22 -17 -21 -59988
13 0 11 1 -68888
24 2 24 3 -46692
22 12 -24 -15 -62112
20 -9 21 -8 -60302
2 -3 -4 -2 -78336
17 -24 16 -24 -55308
-2 -9 -2 -11 -45378
7 -4 6 -2 -64088
1 22 2 24 -54980
-5 15 -6 8 -76242
10 0 11 3 -56800
-16 23 -15 23 -59582
22 2 18 4 -67280
-22 -24 -20 -24 -57120
-12 -10 -14 -10 -59736
24 -10 24 -12 -51494
-11 -17 -13 -13 -53672
23 10 23 8 -49094
-9 23 -10 24 -54404
-22 -20 -22 -21 -57956
0 -17 1 -16 -56572
-4 23 -4 24 -55222
6 24 4 24 -52966
24 -9 24 -7 -55412
-5 -3 17 -1 -86446
6 16 6 17 -66876
-2 0 -2 6 -68656
-24 -16 -24 -15 -48806
3 -5 5 -3 -59030
-22 -5 -23 -6 -60290
-20 -24 -21 -24 -56684
-11 10 -12 8 -63484
-2 -2 -1 0 -61642
1 -2 2 0 -61350
-10 -19 -9 -20 -55464
-15 23 -14 24 -58750
-18 22 -20 24 -43164
-24 13 -23 10 -63110
17 -24 15 -22 -62392
-24 6 -24 7 -49782
2 22 1 24 -50190
5 -10 6 -14 -63254
-19 18 -17 21 -63710
-24 -22 -24 -17 -50288
-9 2 -11 4 -54394
24 -18 24 -17 -59628
-24 11 -21 10 -61150
-24 -24 9 -24 -48604
12 -24 10 -22 -61618
-9 -13 -8 -14 -47250
-12 -6 -14 -2 -60456
2 -5 1 -9 -58782
-16 -12 -17 -11 -58640
10 22 10 24 -54864
-1 -13 -2 -13 -47372
-14 -24 -12 -23 -58024
-24 -12 -21 -14 -52544
17 -10 16 -7 -60724
2 -20 0 -17 -59966
10 -8 7 -8 -61536
8 6 8 8 -71948
24 -9 23 -10 -51920
-12 11 7 10 -74698
18 -16 17 -15 -57214
11 14 10 14 -62728
22 22 21 22 -49188
-8 13 13 16 -96122
-22 3 -23 3 -52190
12 21 10 22 -75440
21 21 19 24 -61698
-24 -13 -24 -14 -47936
8 1 9 -1 -57250
2 -14 4 -15 -59440
-12 -23 -12 -24 -53908
8 -18 9 -19 -59700
-8 24 -8 23 -61238
4 15 2 14 -54400
-7 -11 -9 -13 -53510
11 19 10 20 -75646
12 12 15 6 -65892
14 -12 13 -13 -60884
-10 -24 -8 -23 -55798
-15 4 -14 4 -60422
0 -7 -8 -8 -62808
15 -17 16 -19 -63262
17 -16 16 -17 -61456
-16 -7 -14 -7 -60714
-24 19 -23 22 -60472
-5 -6 -7 -4 -59354
19 -13 18 -12 -58414
24 5 24 6 -43808
0 -23 -1 -23 -55706
-7 -6 -6 11 -79312
19 14 -5 16 -89836
-8 -23 -7 -24 -42014
4 23 6 24 -55044
-5 -24 -6 -24 -48624
-2 12 -2 14 -83208
-24 4 -24 2 -46786
-15 8 -18 9 -69294
9 -21 8 -22 -57388
0 -7 -23 -24 -57758
-2 24 -3 24 -52178
20 -17 20 -21 -67992
