-1 -13 -2 -6 -71205
0 2 0 -1 -64549
-23 -18 -22 -18 -62081
-24 1 -23 0 -59737
6 4 1 20 -84933
9 -22 10 -24 -65333
-16 -22 -14 -24 -57151
-20 11 -19 10 -63347
-1 0 0 0 -48439
-19 9 -15 11 -57611
-11 -23 -12 -24 -53713
24 12 24 16 -58439
20 24 19 20 -63613
-23 -16 -24 -18 -54585
14 17 12 17 -68429
-8 14 -8 15 -55039
15 -23 13 -24 -64425
-7 -3 -6 -5 -51739
23 8 24 7 -60859
-18 23 -15 21 -60345
23 -2 24 -3 -55333
-24 -21 -24 -24 -47685
-20 17 -22 19 -60613
20 -22 23 -24 -54779
-23 -5 -23 -6 -44859
14 7 13 7 -64709
-20 -8 -20 -9 -63699
-17 23 -17 22 -63045
-10 10 -9 11 -49411
0 -8 3 -7 -58321
19 -12 21 -13 -67073
-23 -10 -24 -11 -51965
23 -8 24 -8 -53557
24 -20 24 -24 -56213
15 -18 12 -19 -76529
-2 -20 -3 -22 -68483
13 -2 21 19 -92913
-24 22 -24 20 -61703
-24 14 -23 15 -52077
11 -23 11 -24 -53885
22 -6 23 0 -68061
-23 12 -24 12 -54257
24 -13 23 -12 -57611
-5 14 -8 13 -45903
-19 24 -17 24 -51713
-23 19 -24 17 -56767
-20 9 -21 7 -53299
22 24 19 24 -61781
18 3 19 1 -72567
11 -18 10 -20 -70897
-13 13 -13 14 -48905
0 -5 -1 -2 -65651
-24 8 -24 10 -51099
14 9 14 10 -57163
23 -10 24 -10 -55561
-24 -21 -23 -24 -51945
-23 -12 -23 -9 -51065
-23 0 -24 3 -57929
24 2 22 4 -75313
-9 0 -10 -2 -49551
6 24 5 22 -59497
24 -22 23 -24 -53903
-24 9 -24 14 -44849
16 18 14 19 -64171
-4 -2 -4 1 -49691
11 -24 9 -24 -52785
-4 -24 -4 -22 -60911
15 -9 15 -11 -53027
4 -14 5 -16 -63015
-7 -22 -8 -24 -56045
24 -9 24 -11 -44741
4 -13 1 -2 -83575
-24 -6 -23 -6 -47973
-4 -9 -3 -10 -50287
-13 -19 -13 -14 -57419
8 -17 9 -18 -58545
-13 -5 -13 -3 -45425
10 15 10 12 -67117
0 10 -1 8 -51863
5 12 5 19 -73075
-12 -16 -11 -16 -53563
-8 5 -7 7 -59785
21 -15 1 -18 -92587
18 9 20 8 -65211
-13 20 -15 20 -49659
8 -16 -4 -18 -91877
-7 12 23 8 -78379
-6 9 -8 5 -61057
22 -22 24 -21 -56783
-17 0 -17 1 -43895
13 -19 13 -18 -63587
-13 19 -13 20 -60629
13 24 13 22 -54533
0 -9 1 -8 -61047
15 1 16 3 -66613
-18 16 -19 17 -54787
2 18 2 19 -44997
-5 4 -6 7 -66099
6 0 7 1 -74603
22 12 21 8 -74263
22 23 23 24 -52557
-22 8 -21 7 -64129
15 4 15 6 -59217
-6 -18 -6 -21 -61623
-3 -24 -1 -24 -53579
18 -1 19 -2 -73375
-13 -6 -13 -5 -53205
19 -18 -5 -18 -87607
-3 -6 -4 -6 -47131
24 21 23 23 -57001
-5 20 -4 20 -51151
3 4 3 5 -76797
-21 23 -20 24 -40587
-13 -10 -14 -9 -51307
15 19 15 20 -53887
-17 -12 -16 -14 -48615
-22 -23 -23 -24 -68737
20 24 18 24 -59737
1 12 2 11 -58907
0 -24 0 -23 -54453
-2 1 0 -4 -67591
23 -11 0 -18 -87595
10 0 9 4 -63729
20 20 20 14 -71069
8 20 9 22 -57561
8 -18 6 -18 -74213
14 0 14 -16 -77207
-14 -15 10 -17 -70385
-24 19 -23 19 -51031
-9 23 -8 24 -59101
0 19 1 21 -49139
-15 10 -17 10 -53725
13 21 13 20 -55793
0 -5 -1 16 -82281
19 6 -17 8 -72069
-1 -14 -1 -13 -59469
9 21 8 22 -56569
14 -10 16 -12 -64337
-19 9 -20 11 -65287
-24 -9 -23 -10 -50049
19 6 19 8 -66031
5 -11 6 -10 -58825
-16 -15 -17 -17 -52273
-8 -15 -7 -16 -49731
-16 -19 -16 -17 -57655
3 -9 1 -10 -64591
7 12 5 16 -75505
5 -24 5 -23 -52487
10 2 7 2 -70531
-7 21 -9 19 -62109
-20 -22 -21 -23 -68561
14 -16 16 -16 -71789
-7 -9 -8 -8 -55703
13 -18 14 -21 -71327
-22 15 -22 14 -40647
7 -12 8 -13 -63357
21 -15 23 -13 -60861
23 -19 24 -17 -61753
18 -21 18 -22 -65815
-16 -11 -17 -11 -51199
22 -16 21 -15 -65733
21 -15 20 -16 -60883
-23 8 -24 11 -59011
2 -11 1 -14 -64149
24 -12 24 -14 -54173
10 11 9 12 -66607
-17 21 -17 22 -65133
7 -9 8 14 -80129
-1 -22 -3 -24 -63885
23 -24 24 -24 -44265
0 3 0 4 -74463
-11 -4 -21 4 -61047
-2 3 -4 2 -45521
1 -1 3 -3 -65185
2 4 11 10 -85553
0 24 -1 22 -49725
-7 24 -6 24 -38673
-23 -13 -24 -15 -58407
5 17 6 10 -83237
-21 5 -20 -7 -58751
8 10 -18 7 -64637
-8 11 -8 10 -55185
-15 3 -13 0 -47197
3 -21 4 -21 -67765
18 -24 16 -23 -57557
-9 -17 -10 -20 -60633
-24 23 -24 22 -59501
-11 -13 -10 -14 -53785
-20 -15 -19 -15 -56579
9 -5 9 -8 -52681
15 23 -2 22 -63597
21 -23 21 -24 -49593
23 0 23 -1 -71259
6 11 8 14 -69481
3 2 3 0 -65057
22 22 24 23 -56775
-24 5 -21 5 -57877
20 3 21 5 -69369
7 7 11 9 -72445
23 2 24 3 -62099
23 22 24 0 -72209
14 -6 15 -5 -61183
-13 9 -12 9 -40425
-8 -1 -10 -1 -62023
23 20 24 18 -60779
-24 23 -22 22 -47991
6 -17 5 -24 -70607
6 4 6 6 -64595
7 -18 8 -13 -63725
-24 1 -21 -4 -60569
0 23 2 23 -50309
-8 -1 -9 0 -48677
15 24 17 23 -61349
22 10 23 9 -65421
8 24 10 23 -48863
-4 1 -24 -20 -59085
-24 22 -22 20 -63933
16 -1 19 0 -71175
-23 -6 -24 -9 -59707
-5 -24 -4 -24 -47699
-18 -24 -17 -24 -51325
17 24 17 23 -51239
-4 -12 -1 -10 -57545
-21 6 -20 3 -48481
-8 -2 -9 -4 -51107
-13 0 -15 -1 -49363
3 -8 2 -6 -70963
11 -19 12 -18 -73289
14 -20 14 -22 -66385
13 8 14 7 -63777
13 -20 11 -19 -72025
24 -16 24 -13 -64463
-19 -22 -19 -23 -55457
23 8 24 8 -54693
-5 -16 -5 -17 -49059
22 2 19 3 -83663
-23 -3 -24 -2 -51895
-16 -22 -17 -23 -56113
14 -22 15 -22 -70865
20 -24 24 -24 -54467
-5 -21 -4 -23 -68379
-23 -6 -22 -9 -63745
5 -14 5 -13 -60383
-24 -1 -22 1 -51319
0 -24 -1 -23 -53515
-22 -21 -24 -22 -67413
19 1 22 0 -83701
24 -7 24 -6 -54473
-2 15 0 16 -64321
12 -3 12 -4 -52351
13 17 17 18 -72037
4 -20 3 -22 -69587
17 -24 17 -21 -62923
20 17 19 17 -63485
-23 8 -20 10 -58363
18 10 16 9 -68311
7 -14 4 -15 -72775
-20 -22 -18 -24 -56849
5 18 5 17 -55997
-18 14 -15 15 -53103
-3 9 -4 10 -57153
22 12 21 14 -65557
22 14 24 17 -60459
22 -2 24 0 -64677
6 -20 10 -21 -69555
15 0 17 -2 -64075
23 -14 24 -15 -61333
13 21 17 23 -66161
-2 -20 -3 -19 -64997
24 15 22 -22 -84777
16 -15 15 -14 -71159
23 19 24 19 -56065
12 -2 13 -2 -49559
23 7 24 8 -57323
23 3 24 1 -73581
14 6 12 4 -66953
0 6 0 0 -80597
-8 -21 -8 -22 -59283
-21 -15 -21 -18 -53913
2 24 22 23 -63385
5 11 6 14 -71459
-18 -23 22 -24 -58981
1 23 0 23 -52167
15 12 16 10 -67529
13 20 12 20 -62191
0 -12 -1 -11 -55803
-16 -16 -15 -17 -54851
24 -19 23 -17 -59999
2 -15 0 -13 -64849
-20 -7 -19 -10 -63869
21 18 23 17 -69161
17 10 17 12 -69543
5 -7 5 -12 -61889
11 24 10 23 -51377
-4 13 -8 15 -43553
-19 -21 -20 -21 -65147
3 4 3 3 -78379
19 -8 18 1 -68947
-22 -23 -23 -24 -68737
-2 16 -2 14 -58125
18 24 17 23 -54953
-16 -23 -16 -20 -60009
-23 -21 -24 -21 -56341
5 -17 0 -16 -77419
23 6 23 3 -63441
23 -4 24 -5 -53873
24 15 24 17 -59715
20 -8 19 -8 -66151
22 20 22 19 -56381
-19 22 -17 23 -55645
11 -24 12 -22 -59263
-9 -21 -10 -21 -47635
24 23 -21 24 -47833
0 -16 -2 -18 -66157
-18 -3 -14 -2 -52603
-18 4 -19 3 -48595
1 6 23 5 -82371
-19 19 -24 16 -59859
-16 12 -16 11 -46347
-23 1 -23 2 -46959
-18 -15 -18 -13 -48613
-23 -1 -24 -2 -46465
12 24 10 24 -47893
22 -6 23 8 -87273
24 -17 24 -15 -66943
-1 9 -1 13 -63665
9 -1 10 -2 -61203
-1 -22 -3 -21 -69047
-9 -12 -11 -8 -60785
-15 22 -15 24 -59033
-24 14 -23 14 -57585
-4 -6 -4 -8 -57079
-18 5 -16 5 -49701
16 12 17 13 -70251
9 -5 12 0 -68995
-14 20 -14 16 -56297
22 24 22 23 -53623
-21 -9 -22 -9 -48277
13 -16 12 -13 -58683
12 14 12 12 -65045
-2 4 1 5 -50769
-1 17 -3 14 -77407
-22 19 -23 20 -63481
-4 -12 -5 -14 -52611
5 -20 6 -20 -72869
-2 17 -3 16 -72779
3 -23 4 -24 -55485
2 -23 3 -17 -70987
-24 22 -24 3 -53831
-7 -12 -10 -14 -38399
-10 17 -12 19 -46359
24 11 24 -19 -78733
4 -24 5 -24 -55531
-14 19 -14 21 -63951
23 1 23 -3 -74037
-19 -12 -18 -12 -52221
-1 17 2 16 -47789
-4 13 -2 15 -68445
4 9 6 11 -60415
6 24 6 22 -48861
18 -24 21 -21 -57763
-11 -20 -11 -19 -56153
-24 18 -24 17 -47585
21 0 14 -3 -78455
-13 23 -12 23 -41687
-14 -24 -14 -23 -52579
24 24 24 23 -43145
-13 19 -16 -14 -65117
-3 24 -2 23 -53139
3 1 19 10 -94997
24 -22 24 -19 -55837
22 0 21 0 -68025
-24 24 -1 24 -45353
-2 -18 0 -18 -70157
19 11 19 5 -75717
24 -11 -24 8 -64257
-2 3 -1 2 -62139
-23 -22 -24 -21 -50339
0 -24 2 -23 -59659
24 23 22 24 -55965
20 -21 21 -21 -55665
-24 23 -24 22 -59501
12 4 13 1 -62667
-20 -2 -17 0 -50955
15 7 18 7 -68561
12 -24 13 -24 -60857
7 3 5 5 -62079
9 -2 8 0 -62073
7 10 2 -10 -85069
8 -9 6 -8 -78369
23 23 24 -24 -76067
10 6 10 7 -51481
15 -6 15 -8 -55937
3 11 4 8 -55221
7 11 8 11 -57189
-9 7 -8 5 -53159
-22 5 -23 6 -60583
-17 20 -16 20 -54915
5 -9 6 -10 -76459
23 -22 24 -24 -45681
-3 24 -1 23 -54733
-22 5 -23 4 -46027
21 14 19 12 -70387
-14 -23 -16 -24 -50179
9 -21 10 0 -74661
0 -24 1 -23 -62673
-12 -22 -14 -21 -53329
-15 -22 -17 -21 -59529
-6 15 -6 14 -57479
24 2 24 3 -66623
-10 0 -12 0 -52017
-7 -5 -17 -10 -57121
9 -5 8 -6 -57275
17 -24 16 -24 -55689
-2 -9 -2 -11 -60403
21 10 23 12 -70499
1 22 2 24 -51397
-18 -12 -11 -9 -51245
11 -18 13 -14 -68505
-15 -6 -15 -8 -54385
-10 4 -10 2 -42223
-22 -24 -20 -24 -67451
8 0 5 -1 -78537
-12 19 -11 19 -47371
21 -19 21 -17 -67119
23 10 23 8 -60301
-9 23 -10 24 -42691
-9 21 -8 23 -68373
0 -17 1 -16 -62639
-4 23 -4 24 -41751
6 24 4 24 -42807
24 -9 24 -7 -51327
-10 22 -8 23 -59297
-6 0 -12 -1 -68835
23 -6 23 -5 -56741
-24 -16 -24 -15 -45025
3 -5 5 -3 -51839
-22 -5 -23 -6 -54201
-20 -24 -21 -24 -68311
18 17 19 18 -65001
-24 -8 -24 -10 -57357
23 0 24 2 -68939
14 5 23 2 -83735
-15 23 -14 24 -45593
-18 22 -20 24 -58743
16 16 16 12 -63235
17 -24 15 -22 -63225
-24 6 -24 7 -38863
0 0 10 0 -79789
18 -10 3 -10 -78359
-19 -4 -20 -7 -54139
-24 -22 -24 -17 -44385
-5 11 -5 10 -60575
24 -18 24 -17 -66071
-20 -20 -20 -19 -51611
-24 -24 9 -24 -51561
12 -24 10 -22 -65985
-24 -15 -20 -14 -62605
-14 7 -16 4 -49025
-8 0 -5 5 -54489
12 -14 13 -11 -61029
10 22 10 24 -54719
10 -1 12 1 -64745
0 -24 0 -9 -68941
22 14 5 -12 -93571
15 24 18 24 -60937
-7 13 7 10 -66787
5 -7 8 -9 -83461
-12 -5 -11 -7 -56269
24 -9 23 -10 -51229
7 -21 8 -23 -66841
18 -16 17 -15 -70037
11 14 10 14 -59001
22 22 21 22 -66211
17 9 5 6 -91639
9 18 8 17 -52555
2 3 -4 6 -64171
21 21 19 24 -62831
-24 -13 -24 -14 -42447
9 20 9 16 -53171
-1 -20 -1 -21 -64935
-12 -23 -12 -24 -51181
-15 9 -15 8 -40299
-8 24 -8 23 -52127
0 0 -1 -4 -62827
-13 15 -13 16 -46485
12 10 10 11 -67569
3 -4 2 -2 -69375
14 -12 13 -13 -59855
-10 -24 -8 -23 -51231
22 -7 15 -7 -74521
-13 -22 -10 -21 -57535
22 18 22 16 -67823
17 -16 16 -17 -59907
-9 -10 -10 -7 -57441
-24 19 -23 22 -57993
-9 -15 -9 -18 -53733
19 -13 18 -12 -67237
14 -7 15 -11 -60951
-19 20 -19 13 -54475
24 -21 -2 -11 -80301
-9 23 -9 21 -59025
-8 -23 -7 -24 -44299
4 23 6 24 -53309
-5 -24 -6 -24 -45849
-5 -1 -6 -2 -57675
11 -1 11 2 -60777
22 15 24 14 -61783
9 -21 8 -22 -63323
15 -9 20 -4 -70777
-2 24 -3 24 -48611
-6 16 -8 5 -73143
