-21 15 -17 13 -90899
-1 -14 -8 -15 -78209
15 -14 15 -11 -86647
22 -7 23 -15 -66709
22 -19 15 -13 -85051
-4 24 -8 21 -61787
8 -5 10 -1 -75395
8 12 5 11 -71191
13 7 17 11 -79937
6 -12 8 -10 -90381
8 14 4 7 -83353
6 3 6 5 -69381
15 -22 9 -20 -81449
9 11 9 6 -74947
7 14 5 8 -73035
23 -14 20 -16 -69259
-22 -20 -18 -9 -85195
-21 21 -19 -16 -97909
-17 24 -19 12 -100575
2 -9 1 -12 -85033
20 -24 18 -4 -84255
-4 -19 -6 -10 -93287
18 2 10 -1 -84525
10 14 13 23 -42545
-7 -1 -15 -7 -87949
4 -23 21 -16 -87239
16 -13 24 -14 -87305
-11 7 -16 6 -107563
0 17 2 23 -51825
-7 20 24 18 -81791
1 -12 2 -12 -69327
-11 0 -19 2 -101087
20 -1 21 5 -61735
17 -23 10 -18 -79739
3 -14 2 -24 -85897
16 -6 12 0 -86291
-24 -13 9 -10 -90061
-23 6 -18 9 -92867
-21 12 -23 14 -83737
-11 19 -7 19 -57065
14 -18 8 -20 -88287
-24 18 -21 0 -98441
16 -13 24 20 -86813
-11 8 24 11 -86105
-19 0 -23 10 -97009
11 -20 14 -16 -80499
-8 -24 -22 -21 -77699
-17 -8 -14 -6 -74243
-5 23 -7 19 -76393
9 17 6 17 -63169
-6 -11 -6 -17 -81115
-14 23 -11 21 -71383
-12 22 -20 23 -73257
-4 10 4 9 -89033
-20 24 -20 21 -39323
-13 19 -16 22 -78655
23 -2 21 -9 -76487
13 -20 9 -15 -83917
-12 -13 -9 6 -105189
-11 -6 -15 -10 -76469
-20 2 -21 0 -82435
4 15 1 10 -68929
-4 -7 -5 -6 -80709
10 5 24 0 -88475
23 7 17 22 -70985
17 7 16 1 -72435
22 24 11 12 -57695
-20 -24 -15 -16 -67297
-20 12 -14 -16 -112085
13 8 17 13 -75299
-1 -6 -5 -6 -97507
-16 -14 -19 -13 -77735
9 13 14 5 -85775
2 0 0 5 -83911
14 -24 24 -14 -76561
10 -7 6 -11 -92981
-22 19 -21 9 -94615
-24 -13 -16 -12 -71797
-23 20 -23 23 -38499
-21 17 -12 21 -92511
-4 -1 1 0 -85159
-10 2 -13 9 -118625
-24 3 -21 11 -90629
-23 -2 -19 -14 -73677
-10 20 -11 21 -74021
3 10 -1 13 -75683
-13 24 -12 -11 -103733
-17 12 -13 15 -86415
4 -2 6 -1 -82387
7 -2 8 6 -82389
-1 -8 -9 -7 -94587
-10 6 -18 4 -112293
10 -4 6 -5 -87867
6 -11 5 -11 -78897
10 6 13 12 -84069
-4 18 24 21 -75863
-18 7 -18 2 -108139
13 -5 11 -8 -79035
21 10 17 24 -56347
-2 9 -6 11 -90991
0 17 3 13 -61515
-4 -14 -1 -19 -87765
20 7 21 -24 -79549
-24 -24 19 0 -78621
-13 23 -14 22 -57219
11 3 18 7 -91715
-5 9 -2 -10 -108087
-7 -4 -5 -7 -78699
-8 10 -9 12 -92639
-9 22 -7 24 -55865
-14 -23 -19 -13 -84707
-22 -17 -18 -9 -83593
6 -11 13 -10 -92273
23 -10 17 -6 -89837
1 -22 -1 -21 -63129
15 -21 19 -13 -82799
-5 -13 -5 -11 -76513
-23 11 -14 -1 -114805
-3 -13 -4 -8 -84813
-7 22 -7 24 -41467
-5 -1 0 -3 -93965
-8 -14 -14 -24 -69151
19 13 9 22 -75279
0 15 6 1 -102775
-5 3 -5 1 -84131
11 -15 9 -16 -83671
-5 13 -5 17 -65027
-20 18 -23 16 -72211
-17 -11 -14 -20 -84775
-20 18 -21 23 -63285
10 -9 15 -12 -80163
14 13 23 -7 -92627
18 21 -10 16 -86383
-19 13 -20 16 -93601
16 -7 21 -7 -81109
9 4 12 0 -79283
24 -4 0 0 -82709
-17 -4 -17 -14 -73793
-23 -17 -19 -2 -88713
24 -20 20 -15 -58975
-8 4 -9 0 -95461
20 22 4 15 -78589
-20 -7 -19 -2 -67661
-20 16 -20 14 -87163
-11 -3 -14 6 -107263
7 18 5 18 -57321
5 -3 8 -8 -83403
15 12 15 14 -39085
-14 -1 -19 -1 -83907
20 -10 17 -3 -88085
-2 8 2 14 -79495
-6 -13 -10 -16 -70381
22 -6 22 2 -83869
-9 -5 -10 -2 -68321
0 -9 -2 -7 -75313
0 5 2 5 -77457
-11 -3 -8 -2 -72181
-18 19 -18 23 -60431
-1 4 2 6 -72323
-3 -12 -1 -9 -88473
12 -7 18 -5 -73557
8 -8 9 -9 -83709
14 -10 13 -7 -79113
-12 5 -1 6 -96705
1 20 -8 24 -71761
3 -21 5 -24 -48731
16 -3 10 -9 -88737
10 14 -20 22 -84591
-4 -9 -23 -24 -83305
-20 -19 -11 -22 -77647
-14 -1 -9 -7 -86403
-13 -8 -15 -19 -83245
17 21 20 3 -75869
0 19 -3 16 -68087
22 10 20 5 -40699
-4 12 -3 7 -76769
-14 13 -13 -2 -127183
13 -23 11 -21 -56857
-2 17 -1 22 -61615
-23 21 -19 21 -52293
-8 14 -9 15 -67029
-5 16 -2 13 -75405
-15 15 -15 19 -89175
10 3 12 7 -78419
-2 15 -1 -5 -101133
4 16 9 12 -82027
-13 5 -13 12 -102969
-21 12 -21 23 -99975
-13 5 -17 6 -97881
-13 -23 -16 12 -109937
-14 7 -18 6 -91165
-4 10 -6 11 -85225
5 -22 -6 -20 -91237
13 -15 15 -20 -79215
5 -8 6 -10 -76439
23 0 23 -1 -54133
-17 -22 -24 -1 -84157
9 -12 7 -13 -90841
-22 -17 -21 -7 -71293
-22 11 -18 20 -99239
21 -21 24 -9 -82321
-5 16 -24 23 -79381
-10 -4 -8 5 -101151
-6 -24 -24 -15 -87725
-24 -11 -24 -15 -39885
-5 -11 -6 -23 -83203
11 -1 11 3 -72323
-16 -18 -11 -15 -75485
-22 -24 -14 -16 -69873
20 -3 16 -1 -74555
-21 14 -24 9 -62631
0 -14 0 -22 -91397
-11 24 -15 22 -67431
0 -24 -24 -13 -87917
9 -13 8 -18 -89185
-4 -18 -1 -18 -72005
5 0 9 -2 -88227
-24 -20 -22 -14 -39283
12 -20 24 -18 -79081
-1 5 -1 -6 -96209
-21 -13 -18 -23 -65275
-19 15 -16 -4 -118431
-6 -9 -6 -11 -73013
0 23 3 14 -58049
0 18 18 21 -81595
8 0 14 -2 -77223
12 0 20 2 -87437
-2 -4 -2 0 -82353
-12 7 -10 9 -83099
-9 -10 -7 -14 -72383
-10 -15 -14 -15 -66803
-15 2 -5 0 -101147
-24 -23 -4 6 -93675
7 -20 0 -22 -78055
9 10 4 15 -85495
5 -10 6 -15 -89321
-9 24 -18 22 -76435
-16 13 -22 12 -88655
-14 18 -13 11 -85823
-8 6 -16 6 -110649
0 -5 -9 -3 -108349
15 0 22 19 -84839
-16 24 -8 0 -121787
-9 -15 -4 -10 -80979
-22 2 -23 15 -95727
16 12 7 8 -85523
-8 -19 -9 -17 -57575
-14 18 -21 20 -85317
1 1 2 -1 -77015
18 -11 23 -12 -87447
3 -12 4 -7 -87161
-6 -10 -1 -15 -86527
12 -23 -7 -21 -87239
-21 0 -21 8 -100161
9 9 15 7 -75577
-22 -19 -15 -18 -69339
7 -20 6 -13 -93925
3 4 0 6 -81799
-16 0 -10 -2 -91325
-18 18 -23 14 -86247
-1 -12 0 -11 -83255
-15 -1 -16 -4 -67723
8 -24 17 -15 -87431
10 -2 12 -11 -87727
-5 -2 -4 0 -86353
-17 -2 -18 6 -107489
-5 2 -4 -3 -88123
-11 24 -23 18 -95253
0 1 -20 0 -100883
-14 -10 -17 0 -83425
-7 3 -6 3 -80145
-1 11 -1 16 -66075
-2 -18 0 -14 -80927
5 -24 6 -14 -82611
-2 3 0 4 -69595
2 -22 -9 -24 -73213
0 -19 -5 -23 -61789
-7 -5 -6 -3 -79609
-6 -15 12 0 -103745
23 18 11 22 -68613
5 6 4 10 -71645
17 -14 17 -15 -77617
19 -11 18 -8 -77193
-23 -14 -15 -11 -83865
-4 3 -2 -2 -95653
13 22 15 -2 -84673
-9 4 -11 16 -119213
7 11 11 10 -69167
-4 -7 -6 -9 -81405
1 -3 2 -7 -77147
6 -15 1 -14 -85509
10 -17 10 -9 -91841
5 -18 4 -15 -88199
-22 13 -24 20 -79231
5 -14 6 -7 -92917
6 -23 0 -22 -76597
18 -13 18 -7 -83387
-19 -21 -17 -16 -65019
-12 18 6 -3 -119079
18 18 24 -13 -85219
20 -13 24 3 -91723
-7 5 -5 7 -75809
6 10 9 8 -75093
21 -8 19 -15 -87923
-24 16 -22 15 -63699
5 -23 1 -20 -72495
2 -11 0 -16 -95325
-6 10 -6 13 -84123
-19 -8 -16 -4 -78499
23 -3 13 2 -89409
19 -4 19 -9 -75681
17 6 17 9 -51537
-24 -8 -16 -6 -74849
8 9 6 4 -79299
3 -18 -6 -20 -86821
15 -21 13 -22 -55647
-23 11 -22 10 -65739
-17 -13 -13 -14 -76551
5 8 -2 10 -86685
15 -24 4 -23 -72183
23 -14 24 -17 -60179
-24 -8 -24 1 -54411
9 2 6 7 -82795
16 -3 20 8 -92113
-14 2 -15 -5 -78401
6 -13 7 -14 -83793
-5 2 -18 9 -122291
-19 7 -17 2 -101903
-10 -20 -14 -22 -57883
16 9 13 10 -66383
12 3 7 2 -67799
1 -17 -1 -15 -83267
0 -6 2 -7 -77565
0 -8 1 -6 -82217
-11 8 -15 9 -100469
21 24 2 23 -62803
17 22 18 -7 -88735
-14 2 -9 16 -116441
-24 -2 -19 8 -109863
-19 -15 -10 -20 -90481
24 2 12 3 -83017
0 0 0 3 -75301
-19 -3 -16 5 -106781
12 -4 8 -6 -85347
3 24 -5 23 -48039
10 -7 11 -14 -87875
5 22 11 11 -74553
-20 -15 -15 -16 -83883
6 -16 10 -17 -81253
23 -8 21 2 -86001
16 -11 15 -14 -86213
16 -7 13 0 -87253
12 -18 17 -24 -61307
-24 -9 -18 -11 -53839
-2 -3 4 -1 -87337
-8 -20 -17 -21 -73867
-24 17 -19 10 -100809
20 11 19 -13 -92007
-1 -13 2 -16 -84473
20 -2 23 -6 -68487
21 -11 23 -18 -81863
17 -15 19 -21 -72771
-16 -15 -14 -24 -57943
22 6 -23 -3 -86833
-9 9 0 11 -91187
-9 -11 -9 -6 -69063
14 6 13 -1 -79235
-17 11 -16 2 -111985
-22 0 -17 -2 -70303
23 -5 21 -19 -88155
11 -5 9 7 -93293
-15 15 -14 19 -89531
13 9 18 0 -78915
-22 2 -18 5 -100715
11 -20 1 -18 -92197
9 12 13 4 -86843
24 4 15 -4 -86523
4 -4 2 -5 -78489
-9 7 -11 11 -104245
-21 21 -18 15 -91701
23 0 19 2 -48845
-8 17 -5 23 -83151
-16 -3 0 12 -108615
4 0 6 -4 -81831
-15 10 -24 7 -94281
-2 16 -17 6 -102935
-8 3 -9 5 -90207
16 -9 20 -11 -85831
23 20 11 23 -63283
-24 6 -9 2 -100339
-12 24 -23 19 -90577
24 -17 20 -15 -61721
13 18 10 21 -45501
-7 11 -7 13 -82185
-23 -9 -16 -5 -82349
-5 -5 -1 -5 -99805
24 -5 18 -15 -86317
-9 5 -16 21 -119949
-4 6 -4 5 -72155
-10 -4 -16 23 -123503
-11 -23 5 -22 -87263
-15 -11 -17 -7 -64815
-5 0 -6 -4 -89117
12 -18 14 -12 -88807
-8 16 -14 24 -92741
0 -6 -1 -9 -85161
-12 6 -11 1 -107015
-9 13 -8 2 -114477
14 10 10 5 -87859
-8 9 -5 10 -72203
-9 7 -11 0 -108093
-6 21 -6 16 -72251
7 -16 10 -23 -66851
-5 21 -6 15 -76025
3 3 4 2 -77611
7 -9 10 -11 -90451
-1 -23 -3 -13 -90331
-19 7 -18 14 -82657
-22 6 -20 12 -89683
22 -24 -15 0 -83427
-23 9 -22 -10 -85805
17 21 -23 0 -86951
-14 8 -24 0 -117309
-15 -13 -17 -16 -74419
14 -8 17 4 -90809
20 -12 19 -13 -78851
1 -21 7 -16 -88657
-10 23 -10 19 -64545
-10 0 -8 20 -109867
21 -12 24 -13 -59189
-10 7 -10 4 -96143
-21 -16 -20 0 -89935
13 -14 17 -10 -82805
3 -5 -1 -2 -83377
4 -1 8 1 -84383
-6 -24 -6 2 -92107
-13 17 -16 -24 -104729
-13 5 -9 3 -96873
4 -23 6 -23 -61597
16 -17 11 -13 -83557
-10 -17 -5 -24 -55289
0 12 4 24 -64149
-3 18 -5 18 -66725
-3 -24 4 0 -92311
2 -24 1 -13 -92741
18 -2 17 -5 -72315
23 -21 21 -11 -80883
-7 3 -6 1 -90847
-13 -19 13 -22 -83443
20 -7 24 -2 -65027
24 13 7 23 -77803
-1 -4 0 -1 -77203
-21 -7 -19 12 -113851
8 -8 8 24 -84085
7 7 24 10 -83113
-24 -5 -23 1 -51335
5 -3 4 -4 -82001
-1 13 -4 11 -75869
23 -10 18 -9 -83679
-22 1 -20 4 -94313
-2 13 0 13 -69119
-21 5 -21 12 -87825
0 -24 -19 -24 -71471
3 19 -4 24 -55771
-22 16 -24 17 -58815
-11 6 -11 9 -95385
2 5 -3 6 -86003
-11 24 -8 21 -60581
-15 -17 -16 -10 -74407
5 -17 11 -15 -93115
-16 6 -21 11 -87233
12 21 4 21 -54745
-18 1 -18 3 -91711
-14 4 -12 7 -95655
-22 22 -23 13 -82507
23 17 11 13 -68055
20 -18 21 -17 -66187
-14 -18 -13 -13 -70043
-10 -23 -2 -13 -83501
-13 -3 -6 -9 -88501
-14 -9 -8 -9 -72837
4 -16 5 -13 -92571
-14 15 -15 11 -82887
-10 15 -11 19 -75255
3 -1 2 -1 -76699
23 -21 24 -18 -36853
20 22 10 22 -58987
-19 7 -21 5 -99225
-6 -10 -5 -7 -79907
5 -24 -21 -23 -81415
14 -16 13 -12 -85031
-24 -5 -2 15 -99017
-17 11 -21 12 -85823
23 3 22 -9 -92661
-14 -24 -10 7 -101071
20 14 15 10 -59141
11 -12 12 -8 -80425
5 -7 6 -3 -76403
-14 15 -12 20 -82759
2 -14 2 -13 -83421
9 11 1 8 -84919
1 -14 6 -12 -89621
6 -23 15 -20 -82537
4 -18 5 -16 -85389
-7 23 0 21 -68497
-13 12 -12 10 -84087
8 1 8 -2 -65335
-16 4 -18 1 -98683
12 -20 24 -18 -79081
-3 -17 -14 -15 -75977
-16 22 8 21 -73497
23 8 18 19 -59605
