-1 24 -4 24 -56135
14 -21 16 -18 -59707
-17 10 -14 12 -75473
22 -7 23 -15 -60771
8 -8 8 -13 -56893
-4 24 -8 21 -60431
-6 3 -6 1 -68075
-16 3 -18 5 -71747
-6 -24 -3 -24 -45833
-18 -15 -20 -14 -70579
-18 24 -22 18 -64153
-21 -15 -23 -15 -71163
-24 -19 -24 10 -62223
5 -7 6 -7 -55953
23 15 23 19 -73919
-18 -1 -17 -4 -74151
-5 -3 -6 0 -78311
14 -15 14 -2 -76491
18 -20 20 -16 -62627
20 -13 13 -10 -60409
24 22 -24 19 -52767
-2 23 1 22 -59453
-17 -24 -17 -19 -62329
-12 6 -14 8 -72981
-20 6 -22 4 -66231
-18 -10 -17 -12 -68545
-12 22 -11 4 -72585
1 0 1 -1 -72385
-14 13 -13 14 -73665
22 5 24 2 -51711
1 -12 2 -12 -58411
0 -7 0 -11 -67977
-8 -3 -7 -4 -71525
-10 12 -8 12 -69585
-22 -22 -20 -24 -50077
-2 -8 -1 -8 -63321
-22 11 -23 6 -54557
-24 2 -20 5 -64211
-21 12 -23 14 -64499
-11 19 -7 19 -66041
3 12 4 10 -71611
-22 20 -22 14 -69749
-19 -7 -20 -9 -61091
-24 1 -24 4 -55275
-22 -16 -21 -16 -71013
-5 -4 -8 -10 -84925
-14 -8 -14 -10 -66867
-3 -5 -1 -2 -83325
16 -9 14 -7 -63165
3 23 3 21 -51783
24 21 18 20 -61793
-14 23 -11 21 -70107
-12 22 -20 23 -66275
-17 5 -14 2 -78887
-20 24 -20 21 -54587
-6 3 -7 3 -75627
-24 -2 -21 -1 -54913
22 8 23 11 -55251
-19 17 -21 19 -69105
5 9 5 7 -64253
-20 2 -21 0 -66569
-6 22 -7 19 -59789
-5 -6 -6 -7 -78921
14 -2 13 0 -58371
-14 3 -15 2 -78815
-3 -18 2 -24 -71125
-4 11 -4 14 -72441
24 -24 23 -3 -62265
-8 6 -12 5 -72947
-21 -8 -23 -2 -76175
-18 -23 -19 -21 -59875
-1 24 -2 24 -51225
-12 12 -17 12 -75477
-3 10 -1 8 -62421
-5 3 -5 7 -81549
-18 4 -18 6 -63841
-24 -15 -21 -16 -71537
13 6 -14 -7 -95853
-23 20 -23 23 -50625
-15 -18 -17 -17 -65809
-12 -1 -14 2 -75925
-14 -15 -14 -16 -70879
11 3 10 4 -63313
8 7 3 6 -78843
-10 20 -11 21 -68575
12 2 11 0 -60977
-22 12 -21 14 -62197
24 -21 23 16 -67231
-17 -21 -17 -18 -68773
22 -3 20 0 -67665
12 7 11 7 -56823
1 19 2 16 -59877
-13 -18 -10 -24 -68187
6 -13 5 -19 -67183
11 20 9 18 -60615
-17 9 -19 9 -66077
12 16 12 10 -62895
10 -15 9 -13 -51057
-12 -17 -7 -21 -82351
-12 19 -11 17 -64139
23 -1 23 -12 -66277
-11 1 -10 0 -72025
-24 -13 -2 -3 -87879
10 -2 11 -2 -51471
-13 23 -14 22 -59235
-1 -3 1 -5 -66749
-20 0 -18 1 -66083
10 24 13 23 -49199
0 20 -1 24 -67599
-9 22 -7 24 -57875
11 -9 10 -14 -62201
0 9 0 11 -62221
-24 22 -7 23 -71421
-23 -3 0 -5 -101181
1 -22 -1 -21 -66641
10 0 -24 0 -97471
-11 -11 -10 -11 -64985
-18 -21 1 -16 -85473
21 23 17 24 -59023
-7 22 -7 24 -44911
11 12 10 10 -64975
-1 -19 0 -19 -60537
-7 5 -5 -3 -89733
-22 2 -21 1 -70091
-2 19 -3 24 -70083
11 -15 9 -16 -55107
9 24 6 22 -51303
-20 18 -23 16 -57021
24 3 20 -1 -71621
16 3 19 2 -61701
11 8 10 5 -73003
10 -22 11 -24 -44495
20 -17 21 -20 -56741
-19 13 -20 16 -66499
-15 -5 -17 -17 -92509
-23 -5 -20 -5 -63401
23 22 22 19 -62613
7 -1 7 -2 -62925
-22 -2 20 -8 -85481
24 -13 20 -16 -55273
-16 22 -14 21 -64197
23 -3 22 -4 -59099
6 -15 -3 0 -91171
-20 16 -20 14 -65087
11 24 10 21 -50429
9 9 9 6 -66995
10 13 11 13 -61701
4 16 4 15 -46747
-23 -11 -3 -15 -97027
24 -6 24 6 -74943
-12 14 -10 12 -71957
12 15 8 11 -71373
-22 21 -24 22 -41793
15 7 16 9 -57717
-16 -21 -21 -23 -53013
0 5 2 5 -67021
-19 -11 -19 -15 -78979
-18 19 -18 23 -67505
-2 2 1 3 -68307
-14 -13 -14 -14 -84717
-13 -16 -12 -13 -80145
8 -8 9 -9 -48029
14 -10 13 -7 -63415
5 -24 4 -24 -58189
24 17 23 13 -63055
3 -21 5 -24 -57307
-10 3 -10 2 -63931
22 -11 21 -4 -68291
16 4 15 4 -51829
-21 -18 -21 -23 -73595
24 0 24 7 -59005
16 10 18 14 -63019
-6 -19 -4 -23 -62783
18 -14 18 -9 -64931
-7 24 -10 24 -53545
24 3 24 13 -51337
6 8 5 11 -69685
13 -23 11 -21 -54915
17 24 19 22 -55613
-23 21 -19 21 -64021
-8 14 -9 15 -67373
-15 12 -14 14 -69417
-24 -9 -19 -9 -64941
22 -16 24 12 -71261
24 -12 22 -12 -45449
24 -6 22 -5 -52089
-20 3 -23 12 -65763
-21 8 -21 11 -57133
-17 -18 -15 -17 -60729
6 -24 4 -24 -57927
-15 -1 -15 -4 -69935
16 20 18 23 -68065
-24 -7 -23 -4 -63905
13 -15 15 -20 -58961
-5 -14 -4 -17 -70205
23 0 23 -1 -63291
17 23 17 21 -63381
-2 -15 -2 -17 -79741
-6 -11 -7 -2 -81581
-23 23 -20 23 -53105
1 0 0 -2 -74585
8 -22 11 -21 -46939
-19 5 -17 7 -71635
9 -17 7 -17 -48631
-24 -11 -24 -15 -42195
0 3 2 1 -78123
3 19 -1 21 -63741
-5 -6 -2 -7 -73307
23 -3 24 3 -69265
20 6 24 9 -72973
-21 14 -24 9 -59735
15 7 16 4 -58469
-11 24 -15 22 -70033
-16 -22 -12 -22 -67329
-22 -19 -21 0 -78523
9 3 10 1 -63549
12 -24 23 -22 -45329
13 -8 -16 -10 -90707
13 -6 11 -11 -59691
9 -15 9 -17 -52799
-4 -20 -6 -24 -59747
-5 22 -4 18 -68973
-1 -15 -1 -18 -83857
11 21 11 22 -47269
-7 12 -8 8 -66779
2 2 1 2 -70787
-24 21 -23 23 -45415
-19 -16 -16 -20 -79801
1 -18 0 -19 -70417
-23 -21 -23 -23 -48315
-22 -4 -22 -5 -70913
-9 -10 -8 -7 -64529
16 -23 16 -22 -29279
-17 -13 -18 -17 -79029
-15 -24 -13 -21 -49801
-17 -3 -15 0 -71651
-9 24 -18 22 -77225
23 11 19 9 -76135
-23 13 -23 15 -55687
10 -5 10 -4 -51507
-19 -9 -17 0 -82507
-11 0 -9 -4 -76859
16 4 17 1 -58277
21 19 19 23 -65165
-12 3 -14 0 -77529
4 22 6 22 -63905
2 23 23 24 -54725
-12 -4 -3 -4 -90719
-20 24 -19 20 -63423
18 -5 18 -3 -66227
0 -12 2 -14 -61301
-22 -23 -20 -23 -54815
-20 -4 -19 -8 -75451
20 -12 19 -10 -67755
24 24 22 21 -44941
-1 -4 -10 -8 -96599
0 -14 0 -17 -77735
-12 -8 -12 -11 -70205
-4 4 -3 9 -80291
12 4 11 1 -63197
-10 -12 -15 -16 -87449
-1 -5 0 -3 -78391
-6 -2 -5 -5 -75479
19 -24 11 -21 -56251
12 -12 -10 -12 -78697
18 -2 21 0 -70053
-13 -24 -9 -23 -72595
-17 -5 -12 -5 -78007
4 0 3 -10 -77585
-7 -20 -8 -22 -60385
-21 -11 -21 -12 -55295
6 -22 7 -19 -52157
-24 -23 -23 -18 -59959
0 0 1 -2 -72483
12 17 9 20 -53129
-3 17 -6 17 -75127
0 -23 -4 -23 -52639
18 16 19 11 -65979
2 0 0 6 -89449
3 23 7 20 -66841
-1 -17 -1 -21 -71159
17 -14 17 -15 -58967
6 -20 18 -16 -71143
23 24 19 21 -62193
-21 -21 -24 -18 -63937
12 22 15 23 -57905
-22 -3 -22 0 -61743
-6 -22 22 -11 -66273
-17 17 -16 23 -66703
-21 23 -17 21 -59211
-24 6 -24 2 -54081
-24 -15 -24 -19 -51475
-11 17 -11 18 -52227
-3 -10 -2 -12 -64441
-15 -20 -13 -23 -61821
6 -5 7 -4 -64103
-14 -17 -11 -16 -76543
-6 4 -8 11 -74661
8 -4 9 -1 -66549
2 3 2 0 -73337
-4 -24 0 -19 -57175
3 -23 5 -24 -57989
6 4 6 6 -63969
13 11 15 11 -55719
-24 16 -22 15 -63271
2 -23 -3 -20 -71811
-24 -22 -21 -16 -65359
7 -24 6 -15 -62923
11 11 10 13 -61687
16 7 19 9 -70743
19 -4 19 -9 -69013
17 21 21 20 -67561
3 2 0 -1 -75887
9 11 -18 12 -91805
-6 -24 -7 -20 -53295
15 -21 13 -22 -50651
-23 11 -22 10 -52519
18 20 15 17 -63717
16 11 18 11 -61059
15 -24 4 -23 -53561
23 -14 24 -17 -48013
-24 -8 -24 1 -71515
6 13 3 12 -63489
-1 -6 -3 -4 -73243
-21 -14 -24 -12 -67787
6 -13 7 -14 -50895
-3 -7 -2 -10 -77393
18 1 24 3 -74987
-10 -20 -14 -22 -73067
19 17 20 16 -69347
20 3 18 2 -73135
-3 -20 -6 -2 -96029
-13 3 23 3 -78255
0 -12 -24 -13 -93579
-15 10 -16 7 -71819
14 -3 15 -1 -61117
9 21 5 19 -73473
23 -18 22 -18 -39343
9 11 3 6 -82361
-3 15 -10 16 -79449
-8 -21 -5 -21 -58367
-9 19 -10 24 -59851
-5 5 -4 5 -72039
-14 -12 -11 -11 -72903
20 -4 19 -4 -62529
5 23 3 23 -56651
-13 -11 -13 -15 -87117
-7 17 -7 14 -55625
9 -1 6 -2 -68257
14 -23 15 -17 -57607
13 -15 11 -14 -51379
-11 -7 -7 4 -85375
12 -18 17 -24 -62291
9 -7 6 -12 -64915
-15 3 -14 3 -79833
-5 8 7 7 -79453
11 16 12 18 -53553
3 -20 4 -24 -50989
-7 -13 -7 -12 -54917
20 -2 23 -6 -68493
19 -12 20 -14 -64447
-17 -12 -16 -21 -86877
0 16 0 17 -53387
-23 15 -24 21 -59839
-13 -24 -8 -23 -73827
3 -18 2 -19 -67929
-3 -12 -4 -12 -61397
0 19 -23 19 -75349
24 -6 23 -24 -62643
2 -10 0 -10 -58883
-17 12 -16 10 -60639
-15 15 -14 19 -62467
-6 1 -1 3 -73665
24 12 22 13 -53289
-15 -1 -12 -1 -83295
24 -9 24 -18 -55847
-18 -5 0 -9 -104255
-24 -16 -1 -24 -83679
1 -17 1 -19 -73183
-7 -24 -6 -19 -62857
8 12 2 15 -73657
-21 -2 8 -5 -105139
12 11 11 11 -62773
-15 -7 -16 -8 -66229
21 11 24 11 -64239
21 -18 19 -16 -57211
5 0 -12 -6 -101603
-5 -9 -5 -8 -68781
8 -23 -23 -23 -64469
-1 3 -2 5 -80561
24 -10 20 -9 -61539
24 -17 20 -22 -57435
3 21 1 24 -61911
-11 13 -9 15 -65347
14 17 18 14 -65773
17 0 18 -1 -58581
-24 4 -23 2 -54899
-23 -23 -24 -15 -70087
-4 8 -4 5 -80761
-20 -18 -20 -17 -66617
-21 0 1 8 -98341
6 -1 0 -5 -76529
-6 -5 -1 0 -88165
24 12 21 17 -68309
23 -19 22 -18 -42737
-24 -6 -22 -6 -51301
4 11 4 13 -64073
21 21 22 18 -64149
10 4 10 8 -71633
-8 9 -5 10 -67595
-3 15 -4 19 -63479
-23 -24 -18 -20 -59953
-8 -18 -7 -19 -70753
14 21 10 21 -57241
-5 10 -6 12 -64161
19 -8 17 -7 -62023
15 -18 14 -10 -67063
-19 -15 -15 -12 -72219
0 -5 1 -4 -71571
-12 0 -11 0 -71343
-21 0 -23 2 -68601
1 12 0 16 -61959
20 -7 18 -10 -54797
11 13 -16 6 -93045
8 11 9 15 -65051
14 -7 15 -1 -68199
-4 12 -4 13 -69275
23 3 24 -1 -62825
-10 8 -11 7 -71839
22 6 22 4 -48997
-12 5 -12 3 -62005
-14 -24 -22 -1 -92427
5 14 -3 17 -66123
14 24 17 23 -47597
6 1 12 1 -69225
11 22 8 24 -48243
3 17 5 21 -54979
-1 -10 0 -6 -75485
-10 0 -10 -4 -71509
4 21 -16 24 -70793
17 20 18 16 -62551
-19 -12 -18 -17 -85617
-3 18 -5 18 -72575
20 -7 24 -7 -62441
-15 -7 -15 -5 -59889
11 -2 9 23 -70625
14 -21 -22 2 -90565
13 21 15 23 -63657
-8 -15 -7 -15 -63625
20 -14 19 -16 -61177
6 -21 9 -24 -52941
10 -18 23 -20 -65831
23 15 23 18 -73205
-16 -2 -15 -2 -76903
22 7 23 7 -62799
-24 -5 -23 1 -66527
-4 -22 -4 -1 -88659
13 17 21 21 -73561
15 -18 18 -19 -55339
16 9 -1 0 -86761
-13 20 -14 20 -72177
4 7 5 6 -70915
21 18 21 9 -72939
14 4 14 7 -62293
-22 16 -24 17 -63795
-11 6 -11 9 -64101
-13 11 -11 11 -75155
-11 24 -8 21 -62765
-3 1 -2 -3 -78809
19 -5 20 -2 -70947
-19 9 -17 10 -70473
22 15 22 13 -64853
-18 1 -18 3 -64725
-14 4 -12 7 -74849
-22 22 -23 13 -70531
15 -16 13 -18 -59739
20 -18 21 -17 -60985
-12 -4 -10 -24 -79955
-11 -8 -7 -9 -73679
0 5 0 3 -73999
21 20 24 18 -51341
18 24 18 20 -64871
21 9 24 10 -71783
4 0 3 3 -68255
-23 -1 -13 -8 -88463
23 -21 24 -18 -43879
8 20 5 19 -72941
22 -6 23 -4 -62055
-24 -24 -21 -23 -38805
-12 -10 -12 -12 -71991
-8 -10 -5 -14 -76117
24 9 24 13 -44185
-17 11 -21 12 -60399
20 6 19 6 -67769
3 -20 0 -23 -56571
22 24 20 20 -66237
-18 -24 -11 -24 -59785
-5 12 -6 11 -64665
8 7 5 7 -70963
2 -14 2 -13 -53755
3 12 1 9 -62651
-12 -19 -7 -19 -79351
-10 17 15 12 -81703
4 -18 5 -16 -65605
-7 23 0 21 -71671
-13 12 -12 10 -68981
8 1 8 -2 -63233
-16 8 -16 11 -66041
2 21 3 23 -49981
11 -4 9 -1 -64423
24 19 22 16 -58333
0 7 2 4 -83981
