-1 24 -4 24 -50765
14 -21 16 -18 -59301
-17 10 -14 12 -68207
22 -7 23 -15 -53867
8 -8 8 -13 -61673
-4 24 -8 21 -51075
-6 3 -6 1 -51313
-16 3 -18 5 -62003
-6 -24 -3 -24 -57037
-6 4 -14 -23 -92083
-18 24 -22 18 -61123
-12 -13 -8 -13 -93221
-24 -19 -24 10 -73979
5 -7 6 -7 -67387
23 15 23 19 -69145
-18 -1 -17 -4 -64361
-5 -3 -6 0 -62539
-4 -16 -5 -11 -82507
-2 -7 -5 -5 -64607
23 3 1 -1 -66017
24 22 -24 19 -49821
-2 23 1 22 -61341
-17 -24 -17 -19 -65619
-12 6 -14 8 -60325
-20 6 -22 4 -65743
18 4 17 2 -60977
-24 -15 -18 -13 -90009
1 0 1 -1 -66787
-14 13 -13 14 -59443
22 5 24 2 -53239
1 -12 2 -12 -62695
-12 -24 -6 -22 -80225
-8 -3 -7 -4 -64003
-10 12 -8 12 -59737
-22 -22 -20 -24 -61295
-2 -8 -1 -8 -61545
-22 11 -23 6 -55407
-24 2 -20 5 -66409
-10 -19 -3 -12 -92181
-11 19 -7 19 -57433
3 12 4 10 -58815
-22 20 -22 14 -64611
-19 -7 -20 -9 -83121
-24 1 -24 4 -59889
7 -4 11 -6 -72451
-9 -19 -7 -18 -84915
-22 -4 24 11 -71445
11 -23 11 -19 -70473
16 -9 14 -7 -58157
3 23 3 21 -53561
24 21 18 20 -62211
-14 23 -11 21 -68517
-12 22 -20 23 -62037
-4 -14 -3 -14 -65597
-20 24 -20 21 -54687
-6 3 -7 3 -61407
-24 -2 -21 -1 -72175
22 8 23 11 -58529
-19 17 -21 19 -64485
5 9 5 7 -53973
-20 2 -21 0 -67741
-6 22 -7 19 -57259
-22 4 -22 5 -64003
14 -2 13 0 -57893
-12 -15 -7 -21 -83077
19 -10 18 -7 -64259
-4 11 -4 14 -68003
24 -24 23 -3 -62681
-8 6 -12 5 -68095
1 -5 4 -8 -73249
-18 -23 -19 -21 -62777
-1 24 -2 24 -49809
-12 12 -17 12 -75645
-3 10 -1 8 -47901
21 -10 17 -2 -66147
-18 4 -18 6 -63871
-24 -15 -21 -16 -71195
-5 -17 -19 -13 -109217
-23 20 -23 23 -49795
-22 -20 5 -14 -99805
-12 -1 -14 2 -67853
-14 -15 -14 -16 -62185
11 3 10 4 -55623
8 -7 3 -9 -73331
-10 20 -11 21 -67247
12 2 11 0 -56005
-22 12 -21 14 -59359
24 -21 23 16 -68013
-17 -21 -17 -18 -73107
22 -3 20 0 -57713
12 7 11 7 -55329
1 19 2 16 -63503
-3 -13 -1 -16 -94493
0 -20 0 -19 -80213
11 20 9 18 -63897
-17 9 -19 9 -66903
12 16 12 10 -61031
10 -15 9 -13 -66025
12 -23 12 -22 -61113
-12 19 -11 17 -61329
8 8 5 4 -58679
-11 1 -10 0 -66359
7 7 6 10 -58533
10 -2 11 -2 -58663
-13 23 -14 22 -58371
-1 -3 1 -5 -63631
-20 0 -18 1 -61253
10 24 13 23 -51401
0 20 -1 24 -67987
-9 22 -7 24 -53127
-10 -4 24 -17 -73685
0 9 0 11 -52947
-24 22 -7 23 -66195
20 2 21 5 -63539
6 7 0 7 -56993
-16 -16 -10 -14 -83435
-11 -11 -10 -11 -87131
20 0 20 1 -66417
21 23 17 24 -59797
-7 22 -7 24 -44481
11 12 10 10 -57393
-1 -19 0 -19 -56375
21 -5 20 -6 -59641
-22 2 -21 1 -72043
-2 19 -3 24 -70015
11 -15 9 -16 -73789
9 24 6 22 -51745
-20 18 -23 16 -56017
24 3 20 -1 -67637
-16 -10 -15 -6 -101181
11 -6 10 -19 -73611
10 -22 11 -24 -57051
20 -17 21 -20 -66015
20 18 18 20 -75613
-5 -7 -24 -7 -92653
-23 -5 -20 -5 -72381
23 22 22 19 -63135
-21 -2 -24 -3 -74717
10 -18 11 -17 -69947
24 -13 20 -16 -55641
-16 22 -14 21 -61737
23 -3 22 -4 -54547
-19 -10 -24 -13 -79231
-20 16 -20 14 -51917
11 24 10 21 -50271
-21 -14 -18 6 -97613
10 13 11 13 -63777
4 16 4 15 -51279
6 -16 10 -16 -91507
-8 -3 -6 -2 -75215
-12 14 -10 12 -67999
-7 -18 -8 -21 -77945
-22 21 -24 22 -43025
15 7 16 9 -41681
-16 -21 -21 -23 -68247
-21 -9 -9 -8 -95743
-19 -11 -19 -15 -65739
-18 19 -18 23 -67153
-2 2 1 3 -52837
-24 -11 -21 -13 -76007
-19 -1 -19 1 -63883
8 -8 9 -9 -64779
-3 -1 0 -1 -64529
5 -24 4 -24 -46885
24 17 23 13 -56187
3 -21 5 -24 -69051
-10 3 -10 2 -59043
-7 -4 -6 -2 -70897
16 4 15 4 -43977
-21 -18 -21 -23 -81065
24 0 24 7 -60867
16 10 18 14 -54303
-6 -19 -4 -23 -69031
-4 -11 9 -6 -83237
-7 24 -10 24 -49023
24 3 24 13 -52097
-17 0 -5 -5 -91803
13 -23 11 -21 -63409
17 24 19 22 -55605
-23 21 -19 21 -61739
-8 14 -9 15 -58133
-15 6 -14 14 -75623
-10 -2 -19 -12 -110569
22 -16 24 12 -67049
24 -12 22 -12 -47889
24 -6 22 -5 -45231
-20 3 -23 12 -66873
-21 8 -21 11 -56783
7 -1 9 -9 -73455
-6 4 -6 6 -49483
-15 -1 -15 -4 -65859
16 20 18 23 -66563
-24 -7 -23 -4 -64363
6 -9 9 14 -73263
-3 19 -1 17 -70167
23 0 23 -1 -60235
17 23 17 21 -63775
-2 -15 -2 -17 -71009
0 -13 0 -11 -80981
-23 23 -20 23 -52989
0 -9 0 -10 -85439
8 -22 11 -21 -60561
-19 5 -17 7 -63947
9 -17 7 -17 -84231
-24 -11 -24 -15 -59067
0 3 2 1 -67441
3 19 -1 21 -66735
-4 -11 0 -18 -104423
23 -3 24 3 -66003
20 6 24 9 -69151
-21 14 -24 9 -59323
-1 -24 1 -2 -78059
-11 24 -15 22 -69251
-22 -5 -21 -16 -81955
-1 -22 -1 -18 -83475
9 3 10 1 -58365
12 -24 23 -22 -47665
14 -13 14 -10 -57265
13 -6 11 -11 -61279
9 -15 9 -17 -53501
-4 -20 -6 -24 -75403
-5 22 -4 18 -67565
-24 -22 23 -1 -75087
11 21 11 22 -46473
-7 12 -8 8 -54415
2 2 1 2 -56367
-24 21 -23 23 -44323
-1 -15 3 -21 -77867
-24 -1 -13 -6 -72469
-23 -21 -23 -23 -56095
-22 -4 -22 -5 -66041
-9 -10 -8 -7 -69399
16 -23 16 -22 -46727
1 -13 -2 3 -94387
-15 -24 -13 -21 -52231
9 -24 12 -21 -56601
-9 24 -18 22 -75069
23 11 19 9 -72623
-23 13 -23 15 -46463
10 -5 10 -4 -49333
-23 -4 -24 -3 -53713
1 10 1 -3 -77631
-3 -15 0 -17 -81207
21 19 19 23 -70107
20 -7 16 -11 -62793
4 22 6 22 -61523
2 23 23 24 -55647
0 -22 1 -24 -48907
-20 24 -19 20 -63603
-22 -19 -23 -13 -68649
0 -12 2 -14 -80039
-22 -23 -20 -23 -62951
-15 -17 2 -14 -110133
20 -12 19 -10 -58533
24 24 22 21 -44967
-13 11 -18 13 -72051
-14 -5 1 -4 -92295
-2 -8 0 -5 -74161
10 -17 14 -15 -67285
12 4 11 1 -54131
-21 -23 17 -10 -83945
-18 -2 -14 -24 -85221
15 0 11 2 -58329
19 -24 11 -21 -57233
6 19 3 14 -63113
18 -2 21 0 -68755
-13 -24 -9 -23 -73777
-5 -18 -4 -15 -67333
-4 -24 24 -21 -59299
-7 -20 -8 -22 -78889
-21 -11 -21 -12 -69553
6 -22 7 -19 -59223
-24 -23 -23 -18 -65321
0 0 1 -2 -72093
12 17 9 20 -56737
-14 -9 -10 -9 -88587
0 -23 -4 -23 -54743
-4 15 -3 15 -45607
-10 -15 -11 -12 -56921
3 23 7 20 -64197
-24 -15 -15 -13 -87689
-18 -10 -13 -12 -75363
17 -1 18 1 -65853
23 24 19 21 -61609
-21 -21 -24 -18 -72895
12 22 15 23 -59193
-22 -3 -22 0 -66565
6 -13 3 -9 -73171
-17 17 -16 23 -64611
-21 23 -17 21 -56681
-24 6 -24 2 -61381
-24 -15 -24 -19 -57809
-11 17 -11 18 -49705
-3 -10 -2 -12 -84511
-15 -20 -13 -23 -56743
6 -5 7 -4 -61999
12 -5 10 -6 -55573
-6 -12 -16 -11 -108299
-18 -6 -18 -7 -78139
2 3 2 0 -67261
-4 -24 0 -19 -75047
3 -23 5 -24 -57305
6 4 6 6 -52505
13 11 15 11 -48831
-24 16 -22 15 -60943
-23 -15 -21 -14 -78667
-24 -22 -21 -16 -74327
-24 -16 11 -18 -93029
11 11 10 13 -64441
-4 -7 -4 -10 -78815
1 -11 0 -15 -72665
17 21 21 20 -69685
3 2 0 -1 -61265
-8 -11 -14 -23 -91169
-6 -24 -7 -20 -58655
15 -21 13 -22 -50499
-23 11 -22 10 -50597
18 20 15 17 -59995
10 11 6 21 -62493
15 -24 4 -23 -60609
23 -14 24 -17 -48847
-24 -8 -24 1 -73337
6 13 3 12 -50123
-20 -10 -14 -18 -79719
-21 -14 -24 -12 -77809
6 -13 7 -14 -67517
14 -17 13 -15 -49137
-1 -19 -23 -16 -114189
-10 -20 -14 -22 -74281
19 17 20 16 -66187
-19 -24 -16 -23 -57341
-3 -23 3 -23 -52857
5 -3 5 -6 -70729
24 -22 1 -16 -72371
-15 10 -16 7 -72563
14 -3 15 -1 -46509
9 21 5 19 -72701
23 -18 22 -18 -47685
2 -21 2 -20 -71823
-8 -1 -10 -2 -70927
-8 -21 -5 -21 -79853
-9 19 -10 24 -58079
5 -4 4 -7 -70477
9 -17 5 -15 -84643
20 -4 19 -4 -63989
5 23 3 23 -55521
-13 -7 -12 -9 -70857
-7 17 -7 14 -52533
-17 -10 -15 -5 -108613
14 -23 15 -17 -71231
13 -15 11 -14 -58899
18 -22 16 -17 -74755
12 -18 17 -24 -73035
10 16 9 16 -61485
21 -20 23 -21 -44487
21 8 21 14 -57791
11 16 12 18 -52685
3 -20 4 -24 -68447
-7 -13 -7 -12 -60221
16 -16 19 -14 -54273
19 -12 20 -14 -54453
9 -11 5 -13 -74319
0 16 0 17 -56685
-23 15 -24 21 -57771
8 -16 10 -23 -69641
17 16 -10 21 -68403
-11 -8 -9 -2 -78823
-3 -7 -23 -24 -92029
24 -6 23 -24 -65763
-14 -24 -11 -24 -66341
-17 12 -16 10 -63097
-15 15 -14 19 -54995
-6 1 -1 3 -60171
24 12 22 13 -51569
-14 -5 -9 0 -82249
24 -9 24 -18 -53683
-11 -21 -9 -22 -69933
0 -3 0 0 -71381
1 -17 1 -19 -68515
-7 -24 -6 -19 -76293
-22 11 -24 12 -49871
0 -17 -23 -16 -116449
12 11 11 11 -61845
-15 -7 -16 -8 -92737
21 11 24 11 -61933
21 -18 19 -16 -65283
18 21 19 -5 -68745
-5 -9 -5 -8 -72949
8 -23 -23 -23 -79795
-23 5 15 1 -72049
24 -10 20 -9 -59725
24 -17 20 -22 -57313
3 21 1 24 -62761
-11 13 -9 15 -59625
0 -17 4 -14 -59639
17 0 18 -1 -50993
-24 4 -23 2 -56807
-23 -23 -24 -15 -76865
-17 -18 -16 -16 -66109
-20 -18 -20 -17 -69427
-1 -3 -1 -4 -64031
0 -10 -1 -8 -82457
4 -13 4 -12 -64575
24 12 21 17 -62787
23 -19 22 -18 -56125
-24 -6 -22 -6 -60565
4 11 4 13 -57595
21 21 22 18 -66413
-12 -5 -17 -11 -108077
-8 9 -5 10 -53689
-3 15 -4 19 -65711
-23 -24 -18 -20 -68229
-8 -18 -7 -19 -74757
14 21 10 21 -61365
-5 10 -6 12 -56863
19 -8 17 -7 -60737
12 -7 13 -9 -59351
-14 4 -14 2 -64885
0 -5 1 -4 -62107
-12 0 -11 0 -68667
-21 0 -23 2 -72197
1 12 0 16 -59117
20 -7 18 -10 -62773
-14 -15 -14 -18 -67675
8 11 9 15 -60369
0 -13 -13 -15 -107321
-4 12 -4 13 -64985
23 3 24 -1 -62777
-10 8 -11 7 -65301
22 6 22 4 -47611
-12 5 -12 3 -62039
19 -7 19 -6 -48733
5 14 -3 17 -59023
14 24 17 23 -46241
2 1 9 0 -61357
11 22 8 24 -49027
3 17 5 21 -59479
0 -11 0 -8 -89201
-10 0 -10 -4 -60229
4 21 -16 24 -63525
17 20 18 16 -63107
21 -24 21 -17 -48807
-22 -17 -13 5 -101003
20 -7 24 -7 -62125
-15 -7 -15 -5 -75881
-15 -7 -12 -9 -75773
23 -3 10 13 -71555
13 21 15 23 -63687
-8 -15 -7 -15 -83001
20 -14 19 -16 -55401
6 -21 9 -24 -65033
-24 -19 -19 -19 -75131
23 15 23 18 -67219
-19 -10 -16 -7 -88033
22 7 23 7 -57277
-24 -5 -23 1 -69833
-19 -8 -19 -10 -74453
13 17 21 21 -69495
15 -18 18 -19 -55827
-2 -2 -3 -1 -69603
-13 20 -14 20 -69129
4 7 5 6 -58919
-12 -11 -8 -1 -93909
-24 -12 -24 -10 -58903
-22 16 -24 17 -62955
-11 6 -11 9 -55553
-13 11 -11 11 -69291
-11 24 -8 21 -60171
-24 -15 -24 0 -77991
-10 -9 -1 -22 -98615
-19 9 -17 10 -68427
22 15 22 13 -54321
24 1 -18 22 -68399
-14 4 -12 7 -70235
-22 22 -23 13 -67483
0 -24 -23 -18 -98627
20 -18 21 -17 -57567
13 10 12 13 -62041
-9 -13 -5 -10 -77277
0 5 0 3 -54255
21 20 24 18 -52875
18 24 18 20 -65347
21 9 24 10 -70295
4 0 3 3 -63849
9 -16 8 -15 -76587
23 -21 24 -18 -46673
8 20 5 19 -71283
22 -6 23 -4 -51083
-24 -24 -21 -23 -42425
-12 -10 -12 -12 -54949
-9 -24 -5 -23 -74693
24 9 24 13 -46113
-17 11 -21 12 -61087
20 6 19 6 -51225
3 -20 0 -23 -58377
22 24 20 20 -66803
-18 -24 -11 -24 -61535
-5 12 -6 11 -52721
8 7 5 7 -53275
14 -23 12 -1 -68009
3 12 1 9 -56125
0 -1 -3 5 -73617
-15 -3 -13 4 -74651
-24 -19 -21 -24 -74075
-7 23 0 21 -61255
-13 12 -12 10 -65883
8 1 8 -2 -49189
-16 8 -16 11 -70681
2 21 3 23 -48853
11 -4 9 -1 -70799
24 19 22 16 -55635
0 -9 2 -8 -64807
