-1 24 -4 24 -49748
18 -16 18 -19 -50846
20 -10 5 15 -97520
22 -7 23 -15 -54644
2 -23 0 -24 -54574
-4 24 -8 21 -71832
12 8 13 6 -71396
-16 3 -18 5 -62402
-6 -24 -3 -24 -56746
-10 -17 -13 -12 -59168
-18 2 -13 4 -67308
-23 -23 -20 -23 -61526
0 -10 3 -10 -63356
-16 -22 -20 -21 -68992
23 -12 23 -7 -56768
24 18 22 17 -57012
-21 -9 -16 -11 -68422
20 6 21 3 -75358
21 19 20 19 -67056
8 22 8 21 -63736
24 22 -24 19 -57162
20 12 20 13 -65092
-17 -24 -17 -19 -67636
-12 6 -12 8 -64200
8 10 16 9 -84994
-19 -4 -18 -1 -66872
-14 22 -14 21 -67022
-11 -24 -10 -20 -55530
-14 13 -13 14 -70802
22 5 24 2 -70134
1 -12 2 -12 -63266
-6 -24 -1 -23 -58660
-19 3 -24 4 -66038
10 23 12 24 -48338
-22 -22 -20 -24 -63718
-5 20 -7 22 -57012
-22 11 -23 6 -59714
-24 2 -20 5 -72944
-8 7 -9 3 -70048
9 -8 10 -7 -44904
-17 -12 -18 -16 -61638
-22 20 -22 14 -56678
12 8 12 6 -65700
-24 1 -24 4 -60668
-17 11 -15 14 -76412
-3 -3 -3 -5 -51134
11 -20 11 -21 -53304
19 -22 20 -21 -49806
13 -5 15 -5 -70056
3 23 3 21 -61918
-9 21 -11 20 -67760
7 -1 7 0 -56970
0 3 -1 3 -76288
24 -24 24 -3 -54362
-20 24 -20 21 -58468
-14 -15 -16 -15 -53390
1 17 2 17 -66054
12 -15 13 -13 -59494
18 -20 17 -24 -57502
-19 13 -13 14 -83164
8 8 20 0 -96466
-11 -19 20 -21 -69066
8 -24 -12 8 -82596
8 22 5 22 -42998
3 -18 2 -18 -50318
-6 16 -5 18 -77920
6 24 4 22 -45840
12 9 3 11 -78480
16 8 13 7 -70762
-12 1 -12 0 -64462
-18 -23 -19 -21 -70436
-1 24 -2 24 -48992
13 21 13 19 -59174
-11 10 -16 8 -78286
-8 -7 -4 -5 -60648
10 0 12 0 -72356
-24 -15 -21 -16 -58682
-1 4 0 0 -72148
-23 20 -23 23 -58874
7 12 21 11 -95608
-20 15 -15 17 -81340
18 15 16 13 -68664
24 0 19 21 -81588
-24 -2 -22 -5 -69322
24 4 24 3 -72352
7 19 6 16 -48018
-22 12 -21 14 -65364
13 -23 19 -23 -56324
-2 15 0 16 -69540
-3 -8 -4 -8 -49876
16 6 15 2 -79274
12 -8 14 -7 -60842
4 22 0 22 -60588
-3 24 -4 23 -52000
0 0 1 1 -68164
-13 22 -14 24 -57558
4 13 1 6 -83060
8 3 10 4 -81532
12 -23 12 -22 -54184
0 -14 1 -16 -54218
-8 6 -6 6 -65952
-1 7 -3 4 -64454
-20 13 -18 5 -68544
-15 4 -15 2 -64222
-13 23 -14 22 -53142
-2 -13 -3 -15 -49776
-9 0 -8 1 -54824
10 24 13 23 -56926
18 -10 18 -11 -45816
-9 22 -7 24 -73774
-23 -7 -21 -7 -64012
0 9 0 11 -59822
9 -15 8 -15 -41492
5 14 5 11 -72700
-8 5 -11 9 -67210
-21 -15 -19 -14 -72468
24 10 22 13 -62870
-24 -9 -24 -5 -51384
9 6 8 5 -76870
-7 22 -7 24 -51234
11 -15 15 -16 -53126
-1 -18 0 -18 -66162
6 14 6 6 -77464
-15 16 -21 17 -77242
23 1 24 -5 -58342
-3 0 0 -2 -64114
-12 0 -12 4 -69138
-20 18 -23 16 -67850
-17 -13 -19 -13 -63550
-16 -9 -24 -8 -73142
3 2 3 3 -68526
10 -22 11 -24 -47928
18 10 22 11 -68706
-8 -7 -8 -5 -54498
0 16 3 13 -75402
21 10 24 9 -64554
23 22 22 19 -56912
-24 1 -24 0 -54238
-22 23 -23 21 -67780
24 -13 20 -16 -59544
-16 22 -14 21 -53240
23 -3 22 -4 -54162
2 6 3 5 -67840
-20 16 -20 14 -53514
11 24 10 21 -56528
19 7 17 5 -76952
-8 -2 -11 -5 -56350
-16 -1 -17 0 -63120
-20 -24 -15 -20 -68944
12 -23 -6 -24 -57756
-12 14 -10 12 -64158
1 0 3 1 -65064
-22 21 -24 22 -44468
17 20 20 15 -78574
-22 19 -23 21 -61012
-4 -17 -4 -21 -59234
-14 -19 -12 -16 -68422
-18 -9 -18 -6 -53478
17 7 22 10 -81324
0 -8 0 -10 -53482
-19 -1 -19 1 -69570
8 -8 9 -9 -49524
3 -11 4 -8 -49976
5 -24 4 -24 -36334
-12 -19 -16 -17 -60896
21 -13 20 -16 -49252
4 9 0 5 -77026
24 2 22 0 -63196
13 5 14 7 -73314
2 -17 2 -19 -44622
-5 21 -10 22 -69606
0 5 0 1 -72158
-6 -17 -9 -18 -62440
-24 1 -24 23 -54472
-7 24 -10 24 -72198
11 0 11 3 -69346
12 -7 13 -8 -63804
-1 12 3 14 -85232
17 24 19 22 -66370
3 2 8 0 -64196
16 22 19 20 -75014
1 -13 4 -16 -54908
7 10 9 5 -71434
0 -10 -2 -12 -59744
24 -12 22 -12 -48964
24 -6 22 -5 -61430
-19 -17 -17 -18 -68688
-21 8 -21 11 -63862
14 14 17 13 -77378
-1 -15 -2 -15 -67052
19 -3 19 -2 -55430
-12 -17 -15 -21 -72052
-24 -7 -23 -4 -50738
13 -5 16 -6 -67144
10 -19 10 -18 -44982
23 0 23 -1 -55990
17 23 17 21 -65500
-2 -15 -2 -17 -50348
0 -13 0 -11 -46800
-23 23 -20 23 -50246
1 11 -2 10 -75844
-10 24 -10 21 -63866
-19 5 -17 7 -65484
19 0 16 0 -56086
-24 -11 -24 -15 -56852
8 0 8 1 -64874
-5 -19 -2 -22 -61486
-8 0 -1 0 -66614
-20 7 20 0 -91210
4 -21 4 -24 -55288
10 23 11 21 -65284
-10 11 -20 11 -83312
-8 12 -6 13 -65832
-18 -5 -19 -6 -53092
3 0 3 1 -61224
9 3 10 1 -66066
14 -3 14 -4 -59158
2 22 3 21 -62344
-14 -2 -14 0 -68000
9 -15 9 -17 -42564
-4 -20 -6 -24 -58636
-19 1 -20 1 -63354
-5 13 -8 8 -77526
11 21 11 22 -64948
-8 0 -7 -1 -62394
20 -6 18 -7 -61990
-24 21 -23 23 -59492
17 -24 15 -20 -68916
0 -23 1 -22 -65740
-23 -21 -23 -23 -54536
-22 -4 -22 -5 -55894
-23 -19 -21 -20 -73156
16 -23 16 -22 -56894
5 18 21 17 -92808
-15 -24 -13 -21 -57928
9 -24 12 -21 -60344
21 1 23 24 -71192
7 13 8 14 -60394
-23 13 -23 15 -50360
21 -21 23 -20 -54300
-23 -4 -24 -3 -60692
9 -9 7 -12 -49136
14 5 10 6 -76826
-6 22 -7 15 -84266
1 5 0 2 -68762
3 4 5 2 -71198
19 8 20 10 -74300
0 -22 1 -24 -51556
-5 24 -11 20 -86800
-22 2 -21 3 -71168
14 3 -13 1 -91166
-24 -23 -23 -21 -49472
-15 -21 -15 -22 -59680
-1 -14 0 -14 -70270
24 24 22 21 -45652
22 24 23 21 -51186
-13 -18 -13 -19 -60572
12 21 14 17 -68500
-6 12 -6 20 -84316
1 21 21 22 -72248
13 10 14 17 -73014
4 19 3 23 -67582
5 -24 9 -24 -41394
-22 16 18 17 -76576
20 2 -1 1 -79900
9 -24 10 -24 -46504
-13 -24 -9 -23 -48552
-24 -1 -24 -2 -50848
16 -4 18 -1 -63266
-17 24 -16 22 -54806
-21 -11 -21 -12 -63712
6 -22 7 -19 -54380
-24 -23 -23 -18 -61792
20 2 23 2 -63188
20 -19 20 -23 -65716
21 -9 22 -9 -59806
12 -24 11 -24 -48034
-4 15 -3 15 -54002
5 6 4 6 -73228
-22 -24 -24 -3 -63442
21 -23 22 -23 -46004
17 1 17 2 -67642
-7 -24 -10 -21 -50932
23 24 19 21 -58554
-21 -21 -24 -18 -72440
12 22 15 23 -54908
8 8 6 5 -76240
16 -3 2 16 -106816
-17 17 -16 23 -70206
-21 23 -17 21 -60484
-24 6 -24 2 -53312
-24 -15 -24 -19 -57736
-11 17 -11 18 -71112
-20 3 -20 2 -63934
14 5 4 -19 -83566
-6 -20 -8 -20 -57364
-20 -10 -24 -11 -67556
-11 5 -10 3 -65356
-16 2 -13 5 -68258
-16 11 -17 15 -60136
11 4 7 3 -83038
11 -5 11 -4 -62510
-24 -13 -23 -9 -69418
10 -2 10 -5 -64286
-24 16 -22 15 -65688
-23 -15 -21 -14 -69086
-24 -22 -21 -16 -70770
-3 2 -4 1 -60380
6 10 4 9 -72210
-10 21 -14 -3 -78866
-14 -24 -15 -23 -41512
23 -7 24 -10 -58754
-13 0 -12 -1 -62206
-6 -11 -4 -7 -64482
-6 -24 -7 -20 -56084
15 -21 13 -22 -53978
-23 11 -22 10 -64218
-6 -6 -6 -4 -57672
12 -11 11 -17 -58090
23 -17 23 -21 -57462
23 -14 24 -17 -40688
-20 21 -21 19 -70614
-2 22 -1 24 -51948
20 24 21 22 -59984
10 -22 9 -23 -57556
-14 3 -12 3 -57766
14 -17 13 -15 -47538
-6 -23 -1 -18 -72466
-12 22 -20 19 -68398
19 17 20 16 -70738
-19 -24 -16 -23 -57828
17 6 18 13 -79310
-7 13 -7 14 -64420
16 0 10 17 -100146
-15 10 -16 7 -66148
23 4 23 10 -60632
-10 -6 -11 -9 -55682
23 -18 22 -18 -56588
1 -3 0 -4 -53556
-3 -5 -3 4 -67732
-1 10 0 9 -64806
0 22 0 19 -57132
-10 -15 -7 -15 -53362
1 15 -1 12 -80184
20 -4 19 -4 -57172
24 1 -24 18 -74272
18 -20 16 -19 -63548
-7 17 -7 14 -73976
4 20 5 10 -71696
-20 11 -23 7 -70608
19 -23 17 -22 -63938
-5 16 -7 20 -66352
-11 24 -7 24 -70716
15 -9 17 -7 -60202
21 -20 23 -21 -59394
23 -1 22 -1 -59014
-19 -5 -20 -1 -70638
3 -20 4 -24 -57402
-7 -13 -7 -12 -45302
-10 15 -14 15 -68530
-7 10 -7 8 -69526
-20 13 -21 13 -74024
0 16 0 17 -51874
-23 15 -24 21 -54744
24 24 13 21 -59690
-21 12 -21 11 -62912
22 -3 23 -4 -66294
-20 -14 -22 -11 -64594
-9 8 -9 9 -72624
-14 -24 -11 -24 -48102
-1 0 -4 -1 -61484
-15 15 -14 19 -63648
-22 8 -23 8 -58528
24 12 22 13 -59704
7 10 8 12 -67888
18 -21 19 -22 -70688
3 -6 0 -7 -59406
-10 23 -11 19 -73878
9 4 -14 1 -88168
-24 -10 -23 -8 -56956
-22 11 -24 12 -61596
16 4 9 -6 -89886
11 -16 13 -15 -57160
14 -13 14 -12 -45020
12 19 16 18 -79304
21 -18 19 -16 -59218
21 13 11 -20 -87976
-5 -9 -5 -8 -52378
12 10 12 12 -63268
13 0 14 3 -72212
16 -23 11 -23 -54284
-15 7 24 -7 -85772
-14 21 -11 18 -64788
-13 -10 -14 -12 -51672
22 10 19 0 -94472
11 -6 8 -3 -63130
-24 4 -23 2 -53992
-13 -7 -10 -6 -52716
-17 -18 -16 -16 -72812
-20 -18 -20 -17 -73192
-22 -18 -21 -14 -74196
-7 -23 -4 -24 -54732
15 6 17 10 -81232
24 -24 23 15 -67254
23 -19 22 -18 -61986
-24 -6 -22 -6 -53378
17 3 17 4 -74740
21 21 22 18 -60980
20 -18 16 -19 -60524
-22 -19 -22 -16 -72886
9 10 2 14 -78428
-23 -24 -18 -20 -66600
-10 -17 -12 -17 -52422
24 1 24 4 -75616
-5 10 -6 12 -62644
-10 19 -10 17 -74134
12 -7 13 -9 -56144
0 -21 0 -20 -56036
0 -8 -3 -7 -51340
5 -3 4 -5 -48640
8 -3 -3 23 -93338
-8 -2 -8 -3 -55258
-10 -1 -9 -3 -60554
-14 -15 -14 -18 -63804
0 -18 1 -17 -56128
23 -3 24 -5 -60056
-4 12 -4 13 -66978
23 3 24 -1 -68578
-10 8 -11 7 -70246
1 -23 0 -22 -51028
-22 5 -18 6 -73950
19 -7 19 -6 -50186
0 4 -2 4 -76072
14 24 17 23 -55438
-19 -17 -20 -13 -65556
11 22 8 24 -53454
-14 -1 -15 -6 -64426
-1 -3 0 -5 -44536
18 15 18 13 -68790
4 -2 -23 -23 -62198
-18 18 -23 18 -78116
21 -24 21 -17 -67302
-21 -2 -22 1 -71262
20 18 19 16 -55518
-15 -7 -15 -5 -52670
-4 -17 -7 -19 -63842
-21 11 -19 12 -73850
-16 -19 22 -23 -64182
24 4 23 1 -75358
23 21 20 21 -63226
6 -21 9 -24 -48012
19 13 24 15 -62906
8 -6 8 -3 -58708
3 -6 4 -6 -56042
22 7 23 7 -59322
-20 20 -16 24 -66682
-19 -8 -19 -10 -52790
-14 -6 -12 -6 -48216
-6 8 -8 7 -71588
16 15 9 18 -86222
4 15 5 14 -67270
12 -12 23 -14 -60044
0 11 0 15 -74502
-24 -12 -24 -10 -60768
-22 16 -24 17 -65708
-9 -17 -10 -15 -52858
-10 -10 -11 -13 -55962
-11 24 -8 21 -62660
-4 -19 -5 -14 -54024
-6 22 22 18 -80130
0 -24 1 -22 -59320
22 15 22 13 -64742
-2 24 4 23 -56140
2 8 -2 8 -76922
-8 11 -9 1 -84920
21 -13 15 -17 -64794
5 4 2 5 -77378
12 -24 11 11 -75316
-24 -17 -24 12 -62436
8 14 11 16 -56454
21 20 24 18 -56644
18 24 18 20 -67880
0 -12 0 -8 -57312
21 -5 3 12 -103464
-12 15 -14 16 -66480
23 -21 24 -18 -51754
12 4 -16 7 -94534
22 -6 23 -4 -52374
-24 -24 -21 -23 -46492
-12 -10 -12 -12 -49518
-4 10 -3 10 -59030
24 9 24 13 -47908
-19 -2 -16 -1 -59552
22 16 22 14 -60136
-2 20 -24 9 -80664
14 17 14 15 -53648
-23 -23 -5 -23 -57164
9 0 13 1 -80324
-8 -18 -9 -23 -60796
-17 -23 -18 -22 -64160
-4 3 -4 -2 -63842
5 13 0 13 -76364
23 -9 22 -7 -63080
-24 -19 -21 -24 -70418
11 14 11 12 -64604
-13 12 -12 10 -58828
23 -9 21 -11 -59152
15 1 17 -1 -67008
2 21 3 23 -58242
-11 10 -7 13 -73178
24 19 22 16 -57906
16 12 17 12 -69296
