-1 24 -4 24 -49546
18 -16 18 -19 -67000
7 -3 19 -15 -100994
22 -7 23 -15 -78018
2 -23 0 -24 -53564
-4 24 -8 21 -60832
12 8 13 6 -63762
-16 3 -18 5 -52052
-6 -24 -3 -24 -56204
-10 -17 -13 -12 -72504
-3 -18 -4 -15 -64978
-23 -23 -20 -23 -60302
-20 2 -19 2 -70104
-16 -22 -20 -21 -70478
23 -12 23 -7 -69486
24 18 22 17 -59596
-21 -9 -16 -11 -68238
20 6 21 3 -62902
-18 3 -19 1 -73502
8 22 8 21 -58418
24 22 -24 19 -43480
20 12 20 13 -60872
-17 -24 -17 -19 -71486
-12 6 -12 8 -48142
1 -2 0 0 -67254
-19 -4 -18 -1 -59754
-14 22 -14 21 -65810
-11 -24 -10 -20 -67292
24 5 22 10 -67952
-6 -4 -9 1 -75206
1 -12 2 -12 -46778
-6 -24 -1 -23 -55284
-19 3 -24 4 -64722
10 23 12 24 -45454
-22 -22 -20 -24 -64516
-5 20 -7 22 -47502
-22 11 -23 6 -58148
10 -13 7 -13 -77428
-8 7 -9 3 -60648
11 -2 10 2 -73622
-17 -12 -18 -16 -80964
-22 20 -22 14 -55222
12 8 12 6 -62636
-24 1 -24 4 -60804
-17 11 -15 14 -56130
-3 -3 -3 -5 -59018
11 -20 11 -21 -68094
19 -22 20 -21 -71138
15 -2 18 -1 -67386
3 23 3 21 -58556
-2 3 -2 1 -57368
-8 -5 -10 -3 -62032
-14 10 23 20 -60048
24 -24 24 -3 -57440
-20 24 -20 21 -58600
-14 -15 -16 -15 -57760
18 -11 16 -11 -67792
12 -15 13 -13 -68828
18 -20 17 -24 -74066
8 0 8 -21 -97022
20 1 19 0 -65552
6 -19 7 -19 -73608
22 6 24 6 -64374
8 22 5 22 -37904
3 -18 2 -18 -55202
23 16 23 19 -51258
6 24 4 22 -39800
7 -10 13 -8 -67654
23 -19 0 -7 -78800
-13 1 -12 3 -63192
-18 -23 -19 -21 -75576
-1 24 -2 24 -47338
13 -16 13 19 -94146
-8 1 -9 3 -63736
1 -7 -4 -5 -75670
10 0 12 0 -54026
-24 -15 -21 -16 -60438
9 -18 11 -17 -72054
-23 20 -23 23 -58328
11 -15 10 -13 -80644
13 -3 14 -2 -71160
18 15 16 13 -58788
-18 -12 -19 -14 -78894
-24 -2 -22 -5 -63594
24 4 24 3 -49244
7 19 6 16 -47242
-22 12 -21 14 -62282
13 -23 19 -23 -55196
-2 15 0 16 -57000
1 -23 3 24 -91592
-1 17 -2 20 -65286
17 -8 14 -7 -68024
4 22 0 22 -51588
-3 24 -4 23 -51274
-15 -8 -14 -11 -60010
-13 22 -14 24 -58248
-1 13 -3 13 -49362
3 -7 -6 -6 -76134
12 -23 12 -22 -59264
19 18 18 19 -62016
20 6 19 6 -57612
-8 -20 -8 -18 -64136
-20 13 -18 5 -70906
-15 4 -15 2 -57082
-13 23 -14 22 -46050
-2 -13 -3 -15 -64298
-11 6 -8 8 -62262
10 24 13 23 -58098
18 -10 18 -11 -77734
-9 22 -7 24 -56792
-23 -7 -21 -7 -63356
0 9 0 11 -46764
9 -15 8 -15 -79240
20 -24 23 -24 -59940
5 5 6 15 -69794
-21 -15 -19 -14 -71616
15 9 15 10 -56568
-24 -9 -24 -5 -51662
9 6 8 5 -55308
-7 22 -7 24 -48662
5 -9 6 -8 -67540
-1 -18 0 -18 -56834
8 -20 6 -18 -93328
-8 -3 -4 2 -67812
23 1 24 -5 -58446
10 12 10 13 -59428
-20 -13 5 -24 -74106
-20 18 -23 16 -62146
-17 -13 -19 -13 -62632
-16 -9 -24 -8 -71026
3 2 3 3 -57072
10 -22 11 -24 -63598
-1 10 -4 6 -51604
-8 -7 -8 -5 -63448
0 17 0 20 -68580
-1 16 0 18 -64176
23 22 22 19 -57788
-24 1 -24 0 -53224
-22 23 -23 21 -70782
24 -13 20 -16 -67474
-16 22 -14 21 -54726
23 -3 22 -4 -48484
20 0 21 5 -70162
-20 16 -20 14 -51834
11 24 10 21 -50630
13 -7 13 -4 -57204
6 -14 6 -11 -83712
-8 2 -8 4 -59604
-20 -24 -15 -20 -65890
12 -23 -6 -24 -65102
-12 14 -10 12 -58628
5 -5 6 0 -62392
-22 21 -24 22 -44350
20 15 24 15 -62926
-22 19 -23 21 -58878
-4 -17 -4 -21 -66584
12 -3 -2 11 -88604
-18 -9 -18 -6 -56466
9 -17 10 -15 -75270
0 -8 0 -10 -71548
-19 -1 -19 1 -66294
13 11 14 16 -62874
-3 -4 -3 -19 -90636
5 -24 4 -24 -48950
-12 -19 -16 -17 -71810
21 -13 20 -16 -66990
-5 -8 -2 -11 -77332
-4 -5 -3 -8 -74958
13 5 14 7 -62058
2 -17 2 -19 -64106
16 -17 13 -14 -78590
8 -17 8 -11 -87008
-6 -10 -9 -8 -65930
-24 1 -24 23 -58028
-7 24 -10 24 -54646
9 -22 11 -24 -69028
14 -8 14 -9 -64884
21 -15 6 1 -97312
17 24 19 22 -55062
6 -17 8 -16 -75874
17 18 17 -16 -92708
1 -13 4 -16 -62278
-11 22 10 22 -56854
0 -10 -2 -12 -78754
24 -12 22 -12 -51816
24 -6 22 -5 -66166
22 7 21 11 -67986
-21 8 -21 11 -64934
14 14 17 13 -62104
8 4 8 3 -62582
8 0 -6 -1 -70600
16 -6 8 14 -91942
-24 -7 -23 -4 -51032
-22 6 -24 8 -59656
10 -19 10 -18 -68648
23 0 23 -1 -55338
17 23 17 21 -60838
22 -23 24 -19 -60592
2 -13 2 -10 -80672
-23 23 -20 23 -54796
0 -17 0 10 -97574
-10 24 -10 21 -60414
-19 5 -17 7 -57990
19 0 16 0 -61054
-24 -11 -24 -15 -67158
8 0 8 1 -68738
-5 -19 -2 -22 -67204
14 -14 16 -19 -80198
-14 -4 -13 -3 -69924
4 -21 4 -24 -68838
10 23 11 21 -61526
3 -2 1 -3 -56252
-13 -1 -14 -1 -65540
6 -19 6 -21 -78842
3 0 3 1 -62782
9 3 10 1 -69688
12 3 18 5 -64634
2 22 3 21 -60810
-14 -2 -14 0 -58196
5 -19 8 -23 -95960
-4 -20 -6 -24 -62300
-19 1 -20 1 -69678
-11 -22 -9 -19 -73950
11 21 11 22 -57304
-8 0 -7 -1 -68282
20 9 21 10 -64506
-24 21 -23 23 -61114
-7 -7 -7 -12 -78760
0 -23 1 -22 -63978
-23 -21 -23 -23 -56640
-22 -4 -22 -5 -48890
-23 -19 -21 -20 -70974
16 -23 16 -22 -57770
5 17 5 15 -50158
-15 -24 -13 -21 -59106
6 10 2 -20 -104764
-13 -2 -12 -1 -69890
19 -20 18 -19 -71150
-23 13 -23 15 -48770
21 -21 23 -20 -69762
-23 -4 -24 -3 -57776
9 -9 7 -12 -76628
14 5 10 6 -59136
-6 -18 -7 -14 -65168
22 -16 17 -12 -77472
5 -19 1 6 -100346
19 8 20 10 -65876
0 -22 1 -24 -69366
14 8 13 -10 -89678
-22 2 -21 3 -63604
18 -7 20 -8 -74038
-24 -23 -23 -21 -51930
-15 -21 -15 -22 -64460
-18 5 -19 -24 -77820
24 24 22 21 -44850
22 24 23 21 -47208
-13 -18 -13 -19 -62018
12 21 14 17 -55972
14 -1 14 2 -70252
2 21 -4 -2 -79540
-14 2 -17 1 -64748
-2 -12 -1 -10 -82858
5 -24 9 -24 -62486
7 -20 6 -18 -89994
-1 3 0 7 -52286
9 -24 10 -24 -58876
-13 -24 -9 -23 -55462
-24 -1 -24 -2 -47272
-3 -2 -7 -3 -60364
-17 24 -16 22 -54566
-21 -11 -21 -12 -76198
6 -22 7 -19 -70968
-24 -23 -23 -18 -64580
14 21 16 20 -58458
-12 -8 -13 -16 -74852
21 -9 22 -9 -65272
12 -24 11 -24 -47750
-4 15 -3 15 -47382
7 4 13 7 -61492
-22 -24 -24 -3 -71230
21 -23 22 -23 -65418
2 5 6 3 -57208
-7 -24 -10 -21 -51816
23 24 19 21 -58000
-21 -21 -24 -18 -71586
12 22 15 23 -51450
5 -3 4 0 -64240
16 -16 17 -14 -68658
-17 17 -16 23 -70270
-21 23 -17 21 -56922
-24 6 -24 2 -54930
-24 -15 -24 -19 -58462
-11 17 -11 18 -61870
-20 3 -20 2 -67026
-16 -20 -14 -21 -69458
-6 -20 -8 -20 -54122
-20 -10 -24 -11 -68116
-7 0 -9 0 -58012
-16 2 -13 5 -67888
-16 11 -17 15 -57652
18 -7 17 0 -62274
2 10 3 13 -56220
-24 -13 -23 -9 -76182
-9 2 -9 -2 -61230
-24 16 -22 15 -62264
-23 -15 -21 -14 -68868
-24 -22 -21 -16 -68498
-3 2 -4 1 -59622
-14 -11 -16 -13 -57820
7 4 2 -21 -103742
-14 -24 -15 -23 -48482
23 -7 24 -10 -67156
3 -8 3 -10 -70658
-12 -24 -11 2 -81420
-6 -24 -7 -20 -61944
15 -21 13 -22 -55110
-23 11 -22 10 -68550
-6 -6 -6 -4 -65330
-1 -14 -6 -10 -73084
23 -17 23 -21 -57598
23 -14 24 -17 -48840
-20 21 -21 19 -69494
-2 22 -1 24 -50774
20 24 21 22 -53804
10 -22 9 -23 -57608
-14 3 -12 3 -56502
14 -17 13 -15 -79058
-11 -21 -12 -22 -68672
-12 22 -20 19 -65830
19 17 20 16 -62844
-19 -24 -16 -23 -57494
2 -8 4 -4 -67882
-7 13 -7 14 -54192
5 -19 3 -17 -70810
-15 10 -16 7 -57048
23 4 23 10 -59862
-10 -6 -11 -9 -64716
23 -18 22 -18 -62242
1 -3 0 -4 -52456
13 22 11 22 -56636
-1 10 0 9 -46886
0 22 0 19 -62978
-10 -15 -7 -15 -57288
-18 16 -19 16 -59346
20 -4 19 -4 -66230
5 14 8 -6 -88966
9 0 8 -15 -87706
-7 17 -7 14 -59322
4 -2 2 -2 -52854
-20 11 -23 7 -65012
19 -23 17 -22 -62454
-5 16 -7 20 -62436
-11 24 -7 24 -53804
15 -9 17 -7 -72158
21 -20 23 -21 -65120
23 -1 22 -1 -61776
16 0 17 -1 -58352
3 -20 4 -24 -82374
-7 -13 -7 -12 -63020
0 -2 1 -3 -65052
-7 10 -7 8 -45908
-20 13 -21 13 -70838
0 16 0 17 -62840
-23 15 -24 21 -54464
24 24 13 21 -55356
-21 12 -21 11 -61180
22 -3 23 -4 -70606
-20 -14 -22 -11 -72288
-18 -16 -18 -15 -72592
-14 -24 -11 -24 -51262
-1 0 -4 -1 -54988
-15 15 -14 19 -59000
-22 8 -23 8 -59626
24 12 22 13 -50814
7 10 8 12 -57402
18 -21 19 -22 -67716
19 -18 19 -20 -69068
-10 23 -11 19 -61558
13 -12 12 -12 -57198
-24 -10 -23 -8 -61616
-22 11 -24 12 -63660
2 8 7 6 -54326
-19 8 -22 10 -72414
14 -13 14 -12 -70292
20 -1 21 -1 -67148
21 -18 14 -16 -76266
17 -23 18 -22 -66454
-5 -9 -5 -8 -73786
12 10 12 12 -59454
-8 -17 -7 -16 -54662
10 3 10 2 -72144
7 16 8 11 -58998
-14 21 -11 18 -58856
0 -23 -1 -21 -74290
-11 16 -13 13 -51818
4 15 -1 14 -52468
-24 4 -23 2 -58528
-13 -7 -10 -6 -65450
1 -7 1 -6 -64110
-20 -18 -20 -17 -70002
19 -18 17 -24 -82552
-7 -23 -4 -24 -54736
8 -6 9 -7 -57740
5 -9 23 -9 -81062
23 -19 22 -18 -62540
-24 -6 -22 -6 -54656
17 3 17 4 -60334
21 21 22 18 -59276
20 -18 16 -19 -74176
-22 -19 -22 -16 -71466
24 6 23 13 -68288
-23 -24 -18 -20 -65230
-10 -17 -12 -17 -58748
-7 14 -10 16 -56522
-5 10 -6 12 -49350
-10 19 -10 17 -61650
12 -7 13 -9 -67816
0 -21 0 -20 -69360
19 -8 3 -5 -79186
-2 16 -2 13 -56460
4 23 5 22 -55648
-8 -2 -8 -3 -54612
-4 12 7 2 -78604
-14 -15 -14 -18 -65536
0 -18 1 -17 -60034
23 -3 24 -5 -61452
-4 12 -4 13 -50168
23 3 24 -1 -57240
-10 8 -11 7 -61278
1 -23 0 -22 -68884
23 -14 23 -13 -54686
19 -7 19 -6 -58186
-19 24 -23 22 -63712
14 24 17 23 -51584
-19 -17 -20 -13 -76318
11 22 8 24 -50764
19 -10 19 -13 -80160
10 -21 16 14 -98196
18 15 18 13 -62386
4 -2 -23 -23 -66458
-24 -12 0 -9 -67544
13 -10 15 -8 -66874
-21 -2 -22 1 -67942
20 18 19 16 -54906
-15 -7 -15 -5 -50834
24 4 20 4 -71002
-21 11 -19 12 -66958
-18 19 -14 19 -56510
24 4 23 1 -59826
23 21 20 21 -57776
6 -21 9 -24 -80420
19 13 24 15 -63514
19 -12 18 -10 -80886
0 -16 0 -13 -73486
22 7 23 7 -67456
-20 20 -16 24 -66558
-19 -8 -19 -10 -61210
-14 -6 -12 -6 -63342
9 8 9 7 -58926
-2 21 -23 22 -50950
4 15 5 14 -42648
0 -1 -1 2 -63380
12 0 10 -4 -66118
-24 -12 -24 -10 -66756
-22 16 -24 17 -62858
-9 -17 -10 -15 -66520
-10 -10 -11 -13 -67428
-11 24 -8 21 -55626
12 11 17 9 -63942
15 -4 16 -3 -70102
0 -24 1 -22 -61088
-22 -15 -22 -13 -74074
-2 24 4 23 -51656
2 -19 20 8 -94200
2 -12 1 -17 -81688
-22 -12 -22 22 -69238
-13 3 -10 0 -62012
7 -11 6 -15 -90194
-24 -17 -24 12 -67214
14 -24 16 -1 -86590
21 20 24 18 -56104
18 24 18 20 -63056
-7 4 18 -20 -87306
23 0 24 1 -57914
-12 15 -14 16 -50476
23 -21 24 -18 -58920
-3 -9 -7 -10 -56736
22 11 23 16 -61662
-24 -24 -21 -23 -46874
-12 -10 -12 -12 -65898
0 -12 1 -10 -84450
24 9 24 13 -54620
-19 -2 -16 -1 -63170
22 16 22 14 -54006
24 23 0 24 -50952
14 17 14 15 -47756
-23 -23 -5 -23 -64616
11 -14 10 -12 -81040
-8 -18 -9 -23 -74740
-17 -23 -18 -22 -72610
-14 8 2 12 -62842
-10 -5 -4 -6 -64540
23 -9 22 -7 -73618
-24 -19 -21 -24 -70052
-2 6 -4 3 -59782
-13 12 -12 10 -52950
23 -9 21 -11 -62058
12 0 13 3 -76228
2 21 3 23 -54514
-5 18 13 -7 -90372
24 19 22 16 -62094
16 12 17 12 -57502
