-1 24 -4 24 -45385
19 8 18 9 -67633
17 -2 20 -14 -101385
17 23 18 24 -54109
24 -23 24 -24 -43423
-1 -16 -4 -14 -71205
-24 -9 -20 -12 -66237
16 -1 18 16 -83371
-17 15 -16 14 -56767
23 -15 24 -14 -56709
14 2 15 -2 -75985
-23 -23 -20 -23 -53621
6 -22 7 -23 -59655
22 -24 23 -24 -64093
-1 -5 0 -5 -76229
-1 -18 -1 -17 -69963
-4 -7 -17 -7 -88851
0 -4 -1 -6 -63481
-19 -5 -19 -3 -54389
1 -19 1 -20 -66807
24 22 -24 19 -50645
18 16 18 17 -46985
18 9 14 14 -64611
0 21 0 24 -60329
10 -13 7 -14 -62313
-2 -17 -4 -17 -67667
-14 22 -14 21 -64517
2 -2 0 1 -64005
-9 -2 -12 -3 -67925
23 6 24 -19 -81527
-12 -10 -13 -13 -55941
-15 -5 2 -6 -92923
24 -20 22 -24 -63569
10 23 12 24 -46385
-22 -22 -20 -24 -50579
3 -5 3 -9 -73309
13 0 15 2 -66993
-7 12 -11 12 -40401
-24 -2 12 9 -77919
16 -4 14 -10 -86589
-8 -7 0 -3 -79857
6 15 7 19 -48679
0 -21 22 -8 -77269
-1 0 0 3 -50977
-23 16 -23 5 -62927
19 0 20 -21 -97129
6 -2 16 -3 -86019
9 20 8 24 -63861
5 -23 5 -22 -53859
3 23 3 21 -58429
5 -3 6 3 -66615
23 -8 -15 -1 -79487
20 21 16 21 -65325
12 -15 14 -17 -69201
-20 24 -20 21 -53937
-14 -15 -16 -15 -58023
-11 -23 -12 -20 -71993
0 -9 -7 -12 -79861
-22 15 -22 16 -52715
-7 6 -10 6 -44861
-20 23 -14 21 -51215
-5 22 -7 24 -39639
5 -14 8 -15 -71087
0 5 2 5 -60317
18 6 17 10 -75497
23 16 23 19 -44291
6 24 4 22 -48851
-16 8 -18 10 -53227
22 0 22 1 -72473
24 24 23 18 -56477
7 5 7 3 -72247
-1 24 -2 24 -45071
15 7 15 8 -61675
10 5 12 1 -84947
-23 -12 -22 -15 -63223
-8 -17 -11 -17 -65845
-24 -15 -21 -16 -60359
24 20 -14 23 -54865
-23 20 -23 23 -44553
-10 -6 -9 -6 -73601
4 -19 -3 -17 -86399
16 -21 17 -3 -97273
4 20 7 20 -62441
9 -7 8 -8 -67203
24 4 24 3 -60985
12 18 9 19 -52539
-11 -23 -8 -23 -51381
1 -18 1 -17 -69995
10 12 7 14 -54017
-19 18 -20 16 -63821
-24 -17 -24 -14 -56785
7 -5 7 -2 -71105
19 12 20 13 -60967
-3 24 -4 23 -47029
-18 -20 -19 -16 -65069
16 18 16 21 -59001
-18 0 -19 -2 -51465
17 -1 21 -2 -61967
15 -13 16 -18 -73401
-3 0 -5 -2 -50301
20 6 19 6 -54465
-17 16 -14 10 -63265
24 -12 23 -13 -64305
-16 22 -17 18 -61055
-13 23 -14 22 -52065
-3 -9 -3 -6 -75067
22 9 24 7 -62151
8 -3 7 -2 -87249
-16 22 -16 23 -66149
-3 -22 -4 -24 -61057
24 17 22 16 -48211
-21 -6 -20 -7 -61715
-2 -7 -1 -6 -78435
20 -24 23 -24 -68029
-22 -10 -24 -14 -61163
-20 18 -18 21 -66605
8 -23 7 -23 -52871
-20 -17 -21 -18 -71517
-1 -23 -4 -23 -64475
-7 22 -7 24 -53507
2 8 2 16 -48381
-20 4 -19 7 -43759
23 0 24 21 -67561
-23 -17 -24 -19 -60571
14 -8 20 -9 -62125
10 12 10 13 -38389
2 23 0 24 -50099
0 -20 3 -19 -73995
-8 18 -5 -23 -69003
-20 22 -17 23 -60465
-10 12 -12 13 -42705
11 -3 2 -2 -85197
-2 17 -3 20 -61181
-11 -20 -10 -18 -61897
24 -9 24 -10 -60023
5 -4 5 0 -65737
10 -11 10 -13 -65993
16 18 18 19 -66257
-6 19 -6 18 -53985
-22 -11 -24 -6 -62247
-24 9 -22 5 -58735
19 -8 20 -10 -74773
24 12 22 10 -62625
0 -12 -15 -9 -91461
11 24 10 21 -53129
16 -23 16 -24 -43169
24 5 23 4 -61415
14 -19 13 -17 -64635
9 -22 -4 -21 -89859
13 -12 11 -14 -63539
-10 -9 -9 -8 -62491
-24 2 -23 0 -57003
-22 21 -24 22 -53131
11 -1 8 1 -78201
-4 -23 2 -24 -76427
6 -1 9 -5 -92621
-7 -23 -7 -21 -61017
23 3 22 6 -70921
24 -11 24 -15 -54885
15 -18 19 -17 -80483
-8 -9 -8 -10 -58455
-22 23 -24 24 -44663
15 -17 17 -17 -77807
5 -24 4 -24 -52329
-12 -13 -6 -13 -75401
-23 -3 -24 -3 -48811
-23 -7 -23 -8 -53055
24 21 22 23 -56957
3 -6 2 -6 -70825
9 6 9 -13 -87083
24 10 24 8 -59101
24 -5 24 -7 -71847
-17 -24 -15 -23 -56021
24 -10 23 -10 -47967
-7 24 -10 24 -25751
-9 -23 -8 -22 -55355
22 5 21 5 -62965
24 11 21 11 -59317
17 24 19 22 -60639
-24 0 -23 -2 -54933
-9 -4 -9 -6 -54839
5 -2 0 -5 -76337
-14 -24 -16 -23 -58739
-9 -9 -9 -6 -62787
22 9 21 7 -69895
23 -20 23 -24 -63259
22 24 21 22 -63523
13 10 12 11 -51265
-24 24 -24 4 -54289
9 -13 7 -19 -73065
1 17 3 23 -66241
23 -5 21 -7 -70209
-24 -7 -23 -4 -48117
-6 -17 -7 -15 -62997
24 -19 24 -20 -48979
-22 7 -23 12 -63457
17 23 17 21 -62863
-15 -10 -15 -9 -61289
24 0 22 -3 -70817
-22 14 -21 14 -57491
-6 -18 -6 -20 -61781
6 21 7 19 -62163
24 9 24 4 -66185
9 19 7 17 -56709
-24 -11 -24 -15 -57525
-17 -9 -14 -6 -58377
-24 -1 -24 0 -47197
-15 5 -14 0 -49239
0 -19 1 -19 -79117
-4 -6 -4 -7 -72387
10 23 11 21 -58929
8 -20 6 -18 -65575
24 0 24 -1 -64255
13 19 13 21 -57443
22 -1 24 -2 -63523
-5 21 -5 22 -60463
10 13 9 13 -49703
24 2 23 4 -66141
-24 17 -21 19 -59037
-12 8 -13 5 -55281
-21 3 -18 20 -70455
-23 -15 -24 21 -58977
-11 -23 -11 -21 -64713
-15 -23 -14 -20 -63597
-23 22 -17 19 -67403
10 -24 24 -24 -68203
-24 21 -23 23 -44597
3 -15 4 -17 -72001
9 5 9 3 -79255
-23 -21 -23 -23 -58417
24 -3 22 -6 -70607
0 -12 0 -13 -58705
1 23 -24 23 -41847
24 -24 23 -23 -46901
1 11 1 8 -45229
16 15 14 14 -60119
16 4 16 1 -74411
-9 6 -9 5 -49613
-23 13 -23 15 -47943
-5 0 -6 3 -48547
-23 -4 -24 -3 -52223
-14 -5 -14 -6 -51315
-12 22 -12 24 -56697
12 -7 16 -8 -65971
0 -23 1 -22 -71307
13 -22 11 -23 -67443
-15 -9 -15 -7 -61263
0 -22 1 -24 -63911
1 18 3 19 -54351
14 -6 14 2 -83077
-4 -10 0 -9 -76203
-24 -23 -23 -21 -55479
-15 -21 -15 -22 -65899
-6 -24 -4 -22 -57747
24 24 22 21 -61505
22 24 23 21 -62591
24 -4 24 -14 -80007
17 -13 17 -12 -65429
18 -24 17 -24 -61559
24 -10 21 -5 -74307
-14 17 -17 21 -50459
-15 -8 -11 -10 -69749
17 -5 17 -4 -67631
24 -12 23 -10 -56633
-23 0 -24 -1 -51795
0 7 2 6 -54095
4 -10 7 -15 -80501
23 3 24 3 -56027
-7 -4 -6 -5 -59315
-17 24 -16 22 -51953
16 9 15 8 -53085
16 -23 17 -24 -54071
-24 -23 -23 -18 -66665
-8 -16 -7 -10 -56397
-21 23 -19 24 -60155
21 -24 21 -21 -60863
15 7 14 7 -55533
-4 15 -3 15 -39223
-24 2 -24 3 -46893
17 16 15 16 -60085
8 2 7 1 -65905
14 -12 15 -10 -72569
-7 -24 -10 -21 -56499
-10 -11 -11 -10 -70973
-22 2 -23 0 -57717
12 22 15 23 -52813
7 5 5 7 -57175
22 24 13 24 -59607
-16 18 -16 16 -54051
0 5 0 3 -40971
-24 12 16 17 -64111
-24 -15 -24 -19 -58289
1 -12 -8 -15 -80631
-20 -17 -21 -17 -64273
-17 -10 -16 -11 -64129
9 22 5 24 -61451
8 -20 13 -23 -60747
-8 -7 -6 -10 -68407
-24 -13 -21 -14 -62767
24 -21 14 0 -93759
-23 12 -18 10 -71969
-22 -20 -23 -17 -58577
15 6 17 4 -72413
17 0 17 -1 -72797
7 -9 8 -10 -73225
18 2 19 0 -70983
19 10 19 12 -61181
-16 0 -15 2 -52035
9 -2 20 -9 -85495
22 10 23 14 -68661
-14 -24 -15 -23 -57205
-7 16 -8 21 -57835
-6 7 -6 5 -49563
-5 -16 -5 -17 -61819
23 -4 21 0 -71735
20 -13 19 -13 -57189
-23 11 -22 10 -71121
0 -19 -2 -21 -74893
23 -24 21 -23 -64919
11 -22 -6 14 -85281
23 -14 24 -17 -50629
5 -8 2 -6 -80433
-2 22 -1 24 -55393
-16 24 -17 22 -60251
-11 -16 -10 -18 -69377
-12 9 -12 12 -45725
20 -16 20 -19 -63541
19 24 19 21 -66743
-13 -16 -13 -18 -61779
-2 13 -4 15 -53011
-19 -24 -16 -23 -54833
0 -11 -2 -9 -66773
1 6 -3 13 -57817
-22 23 -19 22 -64213
-10 -16 -10 -15 -56795
23 4 24 7 -68069
-15 -2 -14 -4 -50745
10 19 12 20 -54679
6 -23 -11 -23 -79173
10 -24 10 -23 -45781
7 -17 6 -20 -69855
-16 -14 -16 -13 -65729
-19 -10 -7 -12 -83785
-18 16 -19 16 -56165
7 -16 6 -17 -71441
-15 16 -14 17 -45529
-11 13 -11 15 -41875
24 -3 23 -3 -53157
-5 10 -5 11 -40153
6 15 5 14 -49855
1 1 -1 1 -67803
2 -5 3 -6 -72979
22 14 20 16 -56269
13 -7 14 -6 -68255
0 -9 0 -8 -66837
8 -14 10 -16 -66261
-15 -17 -12 -19 -70701
0 17 -1 19 -56991
0 2 1 -2 -59653
-9 1 -10 -1 -57941
2 21 4 22 -54535
5 15 0 15 -55795
4 9 2 9 -55317
10 -24 0 -23 -70967
-10 -15 -7 -13 -66243
-21 12 -21 11 -54749
-15 3 -14 5 -51393
10 1 24 1 -70181
-18 -16 -18 -15 -59619
-14 -24 -11 -24 -47359
-8 -2 -10 0 -53275
5 -12 2 -14 -60209
-22 8 -23 8 -51677
24 12 22 13 -56847
-16 -20 -15 -21 -70019
-16 12 -13 12 -42363
21 -20 21 -19 -60291
15 -9 15 -22 -83307
24 24 22 22 -53021
-24 -10 -23 -8 -54679
-22 11 -24 12 -60593
1 -22 0 -24 -65243
-6 13 -6 18 -46347
-16 11 -16 9 -49045
14 -8 14 -9 -77509
24 1 24 0 -64863
20 -24 18 -24 -60661
9 -9 9 -10 -69031
11 -8 11 -9 -75259
17 23 15 22 -64759
18 2 -2 -3 -93885
24 2 23 -21 -83349
15 -16 19 -17 -81133
10 -23 12 -23 -56541
-3 -23 -4 -22 -59317
14 -22 13 -23 -63547
10 2 10 3 -75685
9 -14 17 -14 -70889
0 11 1 12 -41887
21 23 20 24 -54585
10 -4 10 -5 -65207
-7 -23 -4 -24 -48707
20 -16 18 -14 -69805
-24 15 -23 18 -48873
-21 -5 -22 -2 -55849
-8 10 -4 12 -40677
-13 2 -13 0 -48971
21 21 22 18 -58667
-5 -2 18 -1 -95449
5 23 8 24 -48303
-12 22 -11 23 -49241
-21 -21 -21 -22 -64647
-16 -6 -17 -6 -51019
17 -20 19 -22 -62217
11 4 7 3 -61187
-20 -22 -18 -22 -56893
-17 -14 -18 -14 -54933
-11 -18 -13 -19 -58733
22 -12 23 -11 -69245
-1 0 -2 1 -54907
4 23 5 22 -56629
-9 -1 -10 -2 -67989
-4 -23 -4 -24 -50023
19 -21 17 -23 -62667
-21 23 -24 23 -56171
7 4 5 5 -59299
0 -11 1 -15 -68531
0 -11 1 -9 -61425
22 -1 21 -3 -72225
17 -23 12 -24 -59897
9 6 10 2 -81765
17 -10 16 -5 -83251
9 5 -23 4 -72149
14 24 17 23 -54313
24 -5 24 -7 -71847
11 22 8 24 -56467
10 11 9 8 -46281
11 -5 12 -6 -68715
-20 -7 -19 -5 -57459
-10 6 -23 9 -54681
-17 -14 -17 -12 -68071
-23 1 -22 6 -49059
24 -19 21 -19 -67059
-19 -15 -18 -13 -62799
15 17 14 14 -52571
-8 -3 -8 -2 -47525
8 -23 11 -20 -68051
0 14 -1 16 -51581
12 -23 12 -24 -46841
23 21 20 21 -52607
24 -20 23 -20 -60697
-14 -22 -16 -24 -54189
-5 15 -6 16 -52117
12 17 12 18 -48097
18 6 16 2 -68973
-7 24 -8 23 -41421
-23 -20 -24 -21 -56251
4 -13 3 -10 -69205
24 13 24 16 -57175
4 -23 -1 -21 -83641
-1 6 1 8 -54967
13 2 14 4 -70323
10 -16 0 3 -97799
-24 -12 -24 -10 -52445
14 -1 14 -5 -74385
24 -19 23 -18 -58053
-10 8 -11 6 -53367
-2 -5 0 -5 -77247
5 10 -8 1 -78293
5 -16 5 -17 -67109
-15 -18 -14 -21 -75369
10 -18 9 -20 -68523
-17 -5 -18 -4 -56857
18 7 18 5 -67913
20 -20 21 -15 -68115
-9 0 -10 0 -62225
5 -7 6 -5 -67231
-24 3 -22 3 -49157
3 13 2 16 -47853
-22 -2 -20 -2 -53105
21 20 24 18 -57367
1 -23 2 -24 -64739
-24 5 -23 4 -52535
21 -8 20 -9 -63885
13 2 11 3 -69639
-19 -18 -20 -19 -70147
9 -7 10 -7 -63437
-15 -22 0 -8 -80089
-24 -24 -21 -23 -43957
12 -12 11 -11 -65283
-20 -7 -24 -10 -57555
24 9 24 13 -60983
23 -21 20 -24 -66985
-11 5 -12 9 -48417
-1 -20 -1 -19 -68175
-4 0 -1 -8 -73275
4 -23 4 -24 -51727
15 -13 -24 -8 -78873
22 -18 -18 -21 -69295
-5 -2 5 6 -84101
-18 16 -18 15 -58225
-18 2 -20 4 -52625
1 23 0 24 -51067
-24 -19 -21 -24 -56629
-23 -9 19 1 -79745
-8 20 -8 22 -59475
8 13 6 1 -69677
-9 -4 4 -22 -91809
24 15 24 14 -55369
3 -4 1 -5 -69761
13 -10 13 -15 -75777
4 14 6 13 -57533
