3 24 1 24 -57439
-13 -22 -13 -23 -54187
5 -18 3 -20 -59543
17 23 18 24 -44119
24 -23 24 -24 -39647
14 -19 12 -21 -67583
9 -1 7 -4 -68897
3 1 1 3 -72311
-16 5 -15 4 -61973
-9 0 -9 2 -45407
-3 3 0 5 -63217
-23 -23 -20 -23 -62093
-22 -8 -23 -7 -64253
-24 -7 -24 -5 -41543
-17 4 -19 1 -63029
17 14 17 12 -59865
19 7 17 7 -67653
-17 1 -19 -1 -70463
21 0 21 2 -61109
-24 8 -23 7 -43583
-7 -18 -7 -14 -56525
-24 1 -24 0 -45383
-7 -13 -8 -15 -60351
15 20 13 21 -69889
-15 23 -16 24 -46639
-24 22 -24 21 -45057
-14 22 -14 21 -61137
19 11 19 13 -60205
-14 24 -16 24 -43635
2 -15 -1 -14 -68349
-16 -9 -17 -8 -65069
-22 18 -24 18 -67049
-12 9 16 23 -79139
10 23 12 24 -57079
-22 -22 -20 -24 -54715
-22 -17 -24 1 -63437
23 -11 24 -10 -53455
24 20 24 22 -42335
5 -3 1 -3 -80391
-22 10 -24 9 -63581
23 10 24 10 -48237
0 -3 5 -6 -83527
5 -5 5 -2 -56687
17 24 17 22 -52695
-3 0 -4 2 -56901
10 9 9 8 -60991
-3 -12 -1 -15 -67611
3 23 4 23 -62267
-11 -19 -1 -18 -74271
3 23 3 21 -68889
24 -13 24 -17 -46925
-1 22 -2 24 -60469
-7 23 -13 23 -55433
1 6 1 7 -73559
-11 -14 -12 -10 -58875
-6 15 -4 13 -61353
-10 8 -10 9 -53965
-24 5 -24 6 -46691
-22 -4 -18 22 -75405
-19 23 -20 23 -52815
-24 -11 -23 -13 -60051
-23 4 -24 4 -52125
-9 -5 -12 -6 -50485
24 16 22 15 -56847
2 -7 5 -9 -78449
23 16 23 19 -57835
6 24 4 22 -53781
20 -16 18 -16 -61301
2 -14 2 -12 -52393
13 -20 13 -19 -57459
-23 20 -24 15 -67059
7 -21 7 -19 -58187
13 -7 12 -8 -62339
-17 11 -18 17 -60141
8 16 6 19 -71971
18 -24 15 -24 -48625
10 -3 -21 -6 -79087
-20 -9 -21 -10 -57227
-23 3 -23 4 -54367
20 -13 21 -14 -55865
-4 23 -6 23 -67119
-8 18 -10 18 -59669
17 3 16 4 -59737
-19 15 -20 13 -84271
24 4 24 3 -53201
-23 -6 -24 -5 -55755
-23 -4 0 -8 -81455
-12 -4 -12 -3 -51913
-17 -18 -18 -18 -57869
17 -19 13 -18 -53079
-10 -16 -9 -15 -54941
-24 11 -24 10 -40555
-6 -3 -7 -2 -55339
-3 24 -4 23 -58429
14 6 11 6 -55977
11 -7 12 -6 -62105
-3 -7 -8 -8 -58617
-8 7 -20 8 -78827
23 -3 24 -8 -50857
-24 -14 -23 -16 -57877
-17 0 -23 2 -78409
8 -4 6 -4 -68841
7 -12 4 -10 -55841
-1 -12 17 -15 -75551
-8 21 -12 21 -60571
-6 -20 -5 -24 -55823
22 9 24 7 -55639
-14 18 -19 10 -92049
-6 -7 -8 -14 -59869
-23 4 -24 5 -52517
24 17 22 16 -53905
0 -24 0 -22 -59091
1 17 2 17 -72841
24 -5 24 -6 -42407
-13 -19 -15 -18 -60459
-11 -20 -13 -22 -52931
-5 18 -3 14 -64755
17 12 18 11 -61505
20 0 18 -1 -62755
-7 22 -7 24 -53037
-5 -23 -3 -23 -62797
-6 2 -4 3 -64277
14 -9 13 -12 -50375
-8 -10 -7 -10 -54871
10 -6 10 -14 -48251
7 21 7 20 -60491
16 -4 18 -4 -56431
7 12 9 11 -69579
-10 -22 -11 -21 -59479
-3 12 -2 12 -64845
-15 19 -15 18 -62309
11 15 11 13 -62597
-9 -15 -11 -15 -52701
24 22 22 12 -70005
24 -9 24 -10 -50117
-1 -23 -3 -24 -51823
6 14 5 14 -70613
22 -23 24 -23 -48927
-18 15 -21 14 -88041
-20 -3 -21 -5 -57589
17 -1 17 -3 -62769
5 19 6 19 -70041
24 12 22 10 -53739
3 -23 6 -24 -60105
-14 7 -10 8 -54871
16 -23 16 -24 -44441
24 5 23 4 -57725
5 15 3 15 -74269
24 -2 24 -3 -47665
-24 19 -24 18 -51313
2 -17 0 -21 -66405
-24 2 -23 0 -52211
-24 17 -24 16 -52409
24 -5 23 -5 -55809
-9 -20 -10 -18 -61533
0 -22 3 -23 -58859
1 -14 -1 -10 -72409
-10 -14 -8 -17 -65735
-1 2 0 7 -74445
-21 11 -23 8 -64599
-13 -4 -12 -3 -56317
-22 23 -24 24 -37471
1 21 0 20 -71415
5 -24 4 -24 -56005
-17 -9 -17 -8 -52951
-23 -3 -24 -3 -52875
-12 -16 -11 -19 -62577
1 11 0 14 -63745
-18 -19 -20 -21 -59437
6 10 4 7 -74063
24 10 24 8 -42611
24 24 -19 24 -52121
-17 -24 -15 -23 -53037
3 9 4 12 -67327
-1 -5 6 -8 -87913
-24 -23 0 13 -67337
-6 -9 -6 -10 -45485
-24 -23 -1 -11 -60225
17 24 19 22 -59319
7 10 8 12 -67019
-1 4 -1 15 -86787
-6 9 -4 18 -71993
-14 -24 -16 -23 -56087
18 -23 19 -24 -49781
3 -23 5 -22 -57789
-8 -17 -4 -18 -68243
23 24 6 0 -78833
19 -19 -3 -18 -65855
-1 -2 -2 0 -57433
12 4 13 -12 -82617
3 5 7 7 -90307
20 20 9 21 -81425
-24 5 -23 7 -52969
-22 24 -24 22 -64667
24 -19 24 -20 -50517
-15 -1 -14 -4 -67769
17 23 17 21 -62261
18 -9 18 -10 -53145
24 0 22 -3 -60783
8 23 5 24 -66331
-17 -7 -17 -8 -51531
0 1 1 4 -67519
14 1 15 1 -55007
10 4 3 8 -76159
-24 -11 -24 -15 -57425
-5 20 -5 21 -59837
-1 11 -23 15 -74891
-16 -18 -16 -17 -52137
9 0 9 -2 -67129
18 17 -23 7 -81213
1 -9 1 -10 -54977
-12 0 -12 -3 -65295
24 0 24 -1 -60045
13 19 13 21 -59091
24 -21 6 -21 -59451
-4 0 -1 1 -63485
21 -11 18 -10 -58919
24 2 23 4 -54473
-19 1 -22 1 -72649
-14 18 -14 17 -63159
-4 13 -9 11 -63223
-22 10 -18 15 -90409
24 -11 23 -10 -51965
-15 15 -17 9 -74951
3 17 3 20 -72411
5 21 3 24 -69925
-24 21 -23 23 -59443
0 1 0 1 -239041
2 14 1 13 -66081
-23 -21 -23 -23 -58949
-22 13 -22 14 -59897
24 -18 23 -19 -44033
-22 -11 -24 -10 -63091
24 -24 23 -23 -37017
24 -8 23 -13 -56125
3 15 3 17 -64629
16 16 18 15 -63969
9 -14 7 -15 -53983
21 13 23 9 -60441
20 -3 17 -1 -62519
4 2 5 5 -75723
-16 1 15 5 -79225
-22 11 -22 13 -56065
8 -15 13 -16 -61923
0 -23 1 -22 -57497
-19 16 -22 21 -57955
1 -14 2 -18 -56359
-5 8 -6 7 -70161
7 22 -1 5 -94499
0 11 3 10 -68387
-2 -9 -1 -9 -55007
-24 -23 -23 -21 -58427
-15 -21 -15 -22 -62683
12 21 14 22 -66627
-16 -12 -17 -11 -67005
22 24 23 21 -44045
5 -19 4 -18 -54571
-5 -16 -2 -13 -57427
-15 0 -15 1 -56245
1 18 1 17 -69375
0 23 -1 23 -54779
17 -9 -22 5 -80619
7 11 7 14 -66907
15 15 14 16 -64557
11 -1 12 2 -80007
-21 -11 -24 -11 -58007
-21 -15 -20 -16 -64459
23 3 24 3 -52777
-4 -11 -5 -10 -53787
-10 -12 -10 -17 -64799
10 -15 17 0 -79297
16 -23 17 -24 -48315
-24 -23 -23 -18 -62823
21 -23 22 -1 -54013
13 4 14 24 -72159
21 -24 21 -21 -55629
12 10 13 8 -51303
17 -5 16 -3 -58019
-24 2 -24 3 -51995
17 16 15 16 -67103
7 14 9 12 -73089
-1 18 -1 20 -67925
3 -7 5 -7 -70963
-3 3 24 2 -76017
-6 18 -8 14 -65281
12 22 15 23 -67301
-3 24 -3 23 -56927
22 24 13 24 -56921
12 -21 11 -20 -48293
-22 -19 -21 -19 -57397
3 24 3 23 -52543
-24 -15 -24 -19 -50051
21 -13 13 -15 -63319
-16 0 -15 0 -80361
-13 -7 -13 -11 -49795
-3 -7 -3 -8 -48735
-7 20 -5 19 -62927
15 19 15 17 -55607
1 -9 3 -7 -51509
-10 17 -10 16 -57163
8 -12 11 -11 -58177
-22 -20 -23 -17 -52773
-15 24 -17 23 -54355
-24 11 -23 19 -68455
9 1 8 0 -74451
2 2 3 3 -76001
-19 13 -21 13 -72937
-19 20 -20 17 -73017
-7 -21 -8 -20 -60851
12 -9 11 -8 -50371
-14 -24 -15 -23 -55037
18 17 21 20 -63695
-24 23 -22 24 -57019
-1 6 -1 13 -79789
-9 -24 -8 -24 -41237
-19 24 -20 23 -59711
-3 13 0 12 -72433
10 1 12 11 -65587
13 -20 14 -17 -62919
-11 -23 -12 -24 -49113
5 -10 5 -7 -52845
-17 -21 -17 -20 -61835
-2 22 -1 24 -63643
-16 24 -17 22 -63453
24 9 24 1 -53205
0 -23 -1 -23 -58571
-4 24 -5 24 -62409
-19 24 -19 23 -53153
8 -16 10 -22 -57631
22 -14 24 -14 -51913
15 -24 16 -23 -54147
19 14 21 15 -56421
20 -18 18 -21 -62717
18 20 18 21 -60473
10 -4 9 -3 -68303
24 -7 23 -7 -58973
-23 -1 -24 -2 -56553
-23 7 -21 8 -69401
-17 -11 -19 -12 -60381
10 -24 10 -23 -44539
24 -3 22 0 -57849
1 -22 -2 -21 -66943
21 -16 22 -19 -65887
10 23 8 24 -66681
18 10 16 7 -63427
-9 19 -9 20 -60503
-17 14 24 17 -70821
-11 5 -2 4 -73347
7 23 12 24 -63445
-6 9 -6 7 -62503
0 -16 0 -20 -62881
-1 17 1 19 -74637
22 14 20 16 -53003
-18 3 -17 3 -76845
7 8 6 10 -63835
15 7 17 8 -64267
23 -19 24 -21 -60897
-2 -10 -18 2 -81361
22 -3 -23 -4 -72921
23 -14 24 -18 -59163
10 -21 12 -21 -54345
14 -1 14 -8 -64691
-15 -17 -12 -16 -50879
21 -6 19 -7 -57687
-1 10 0 10 -61935
-12 -8 -14 -9 -50211
7 2 5 -6 -72691
-3 -23 -2 -20 -58051
-18 -16 -18 -15 -55865
-14 -24 -11 -24 -48483
17 -17 16 -18 -57057
-19 -22 -17 -23 -51007
-17 18 -18 17 -77767
-4 -4 -4 -6 -48799
4 -24 2 -23 -56769
0 -5 0 -4 -53115
-20 -3 -20 -1 -51587
-14 -1 -14 0 -65387
24 24 22 22 -23319
-24 -10 -23 -8 -45611
10 -8 9 3 -81365
-24 -16 -24 -15 -54225
12 -22 10 -24 -54639
-14 2 -18 2 -87099
21 -23 19 -24 -47343
24 1 24 0 -59047
18 2 17 0 -65913
-21 -7 -19 -7 -69305
5 -16 5 -18 -48787
-21 15 -24 15 -66841
-17 -24 -17 -23 -47145
-5 -23 -6 -23 -61591
-16 1 -13 0 -74769
19 11 18 10 -61567
-3 -23 -4 -22 -64241
2 9 4 7 -70371
6 0 5 -24 -62187
9 0 10 -1 -66653
-11 20 -10 23 -64577
21 23 20 24 -44781
-15 16 -2 5 -85979
-7 -23 -4 -24 -66021
-12 0 -9 15 -67451
-24 0 -9 -3 -89541
-2 -17 1 -17 -68433
20 -20 18 -20 -60111
-13 -11 -13 -12 -55373
19 -1 24 0 -61433
-4 -3 7 0 -80651
5 23 8 24 -56825
-12 22 -11 23 -57769
-21 -21 -21 -22 -65801
0 -11 1 -10 -49603
5 22 5 20 -69941
-1 8 -3 10 -70867
2 5 2 6 -70215
-7 2 -7 8 -55163
8 13 9 14 -59797
10 9 1 2 -103391
24 -23 24 -21 -47981
-15 -9 -17 -9 -62237
-6 10 -7 9 -68009
-4 -23 -4 -24 -42563
13 14 15 14 -62701
-23 -3 -24 -4 -56997
0 1 -2 1 -58649
18 -9 17 -8 -53409
23 -23 21 -23 -49937
22 6 23 6 -64351
-10 10 -14 12 -65991
13 0 15 4 -69281
-23 16 -13 17 -89323
24 14 23 24 -60343
14 24 17 23 -60167
-21 21 -23 24 -48525
11 22 8 24 -68189
1 -12 1 -11 -58247
14 -1 14 -2 -66251
18 7 17 8 -57979
3 14 -5 14 -77273
-22 4 -20 6 -68657
21 -7 21 -11 -60453
22 4 23 6 -60433
-19 -15 -18 -13 -60185
13 12 14 15 -63167
-20 -2 -19 -3 -71571
-4 23 -6 24 -61177
6 15 6 14 -60903
12 -23 12 -24 -45637
-6 2 20 21 -87543
-10 21 -12 24 -51409
-14 -22 -16 -24 -59617
-6 1 -7 -1 -54853
12 17 12 18 -54725
24 -15 23 -16 -43781
-7 24 -8 23 -50873
-23 -20 -24 -21 -56407
11 0 12 3 -78549
24 13 24 16 -64319
-10 13 -10 12 -49623
-3 17 -4 14 -64053
-20 18 -13 17 -69167
21 -14 22 -17 -59819
-24 -12 -24 -10 -49587
-14 -17 -14 -14 -58545
24 -19 23 -18 -57707
-22 -12 -24 -15 -51045
21 6 20 6 -62491
9 -17 12 -16 -66555
2 6 3 6 -72151
-20 -3 -17 -4 -78865
-17 -14 -20 -12 -73123
18 -8 15 -9 -53607
12 -4 10 -3 -64521
17 -15 18 -23 -61005
10 0 8 0 -66443
15 -23 13 -24 -56419
-9 -3 -12 0 -57825
-18 -6 -17 -4 -53443
1 2 3 0 -74311
-3 11 24 11 -75937
-18 22 -18 23 -63907
1 -19 1 -21 -62915
-1 -18 -2 -17 -65767
13 1 11 2 -61371
-22 18 -23 18 -71353
23 -24 24 -23 -43647
6 2 4 3 -72695
-24 -24 -21 -23 -55259
16 4 16 6 -43531
10 19 8 21 -72289
24 9 24 13 -51337
-15 12 -20 12 -73495
-23 -24 -20 -23 -62539
-12 24 -9 1 -80715
-1 0 -1 -1 -54121
0 21 3 20 -71945
-16 10 -15 9 -56007
-2 -12 0 -12 -60765
-10 13 -13 14 -61233
7 -24 10 -23 -40097
0 -23 0 -24 -53069
1 23 0 24 -60783
-24 -19 -21 -24 -57929
10 4 9 2 -72107
-19 16 -16 17 -83235
-10 21 -10 5 -80155
6 -23 6 -22 -47879
24 15 24 14 -61599
-4 -4 -2 1 -64725
-11 13 -14 24 -74471
22 -7 24 -8 -62571
