24 10 21 10 -65491
1 16 3 16 -66425
9 14 0 17 -68917
2 -5 1 -3 -64593
24 20 0 21 -61771
23 -10 24 -13 -69407
-17 -22 -18 -24 -55275
-8 19 -10 19 -56151
-11 -5 -13 -7 -67411
-1 -24 0 -23 -54301
-5 -12 -3 -14 -53915
9 -10 9 -11 -60665
1 24 8 22 -49737
7 -24 8 -24 -41421
-9 -3 -10 -4 -66911
8 -11 22 10 -94145
12 -17 13 -18 -68277
12 24 7 23 -53507
9 -23 16 -24 -59799
-1 3 1 -4 -65931
5 24 3 22 -54247
-2 4 0 4 -53571
-24 0 -23 2 -60865
-23 23 -23 21 -50631
-6 0 -6 -10 -81441
-19 -6 -19 -5 -61551
-3 -23 -6 -23 -54735
3 -19 2 -15 -57799
5 -9 5 -11 -73303
-11 15 -11 16 -53227
20 -22 21 -24 -43829
1 -1 3 -2 -60019
20 15 22 14 -68157
0 -12 2 -17 -66637
-2 -11 -3 -11 -51081
-14 -8 -15 -10 -61003
-9 22 -12 23 -61467
-20 15 -20 20 -70651
2 -21 3 -7 -86789
21 -14 21 -13 -69309
4 -23 3 -21 -63307
-9 -22 -10 -22 -61713
-15 -8 -12 -8 -63853
21 -15 21 -17 -85607
0 -23 0 -24 -51263
-2 -22 -1 -21 -63475
-10 0 -10 -1 -52471
-22 16 -24 15 -54707
-23 16 -22 17 -60539
-9 -22 -3 -23 -62867
7 -20 7 -21 -72147
-2 -15 -2 -14 -58047
-5 -16 -3 -19 -59531
10 20 10 19 -58763
21 24 1 1 -91625
19 1 18 -1 -55295
0 -4 2 -5 -59369
3 -23 4 -24 -53299
-23 -10 -23 -9 -59627
19 8 20 8 -63921
24 24 23 22 -42935
7 22 7 24 -63551
-8 -13 -9 -12 -47237
-21 20 -21 18 -62979
24 1 24 3 -42669
0 21 -2 23 -53959
11 22 10 24 -60357
17 -20 17 -21 -65969
7 12 10 -13 -81311
-21 7 -24 8 -68971
10 -21 -23 -23 -51013
20 -23 20 -20 -60797
-16 24 -15 20 -58555
14 -13 21 -7 -88757
3 0 3 1 -57525
23 -18 24 -17 -64111
14 22 12 4 -87525
23 -21 21 -23 -64013
0 -10 0 -11 -64771
-5 0 -5 4 -61959
4 3 4 20 -92275
-6 19 -7 15 -62589
20 12 23 14 -63727
14 1 9 0 -76023
7 -1 6 -23 -84581
-17 10 -18 10 -65771
-20 -20 -20 -18 -60329
-24 14 -18 12 -69153
17 -19 17 -18 -71883
18 24 20 22 -51939
-11 23 -15 21 -63059
23 11 23 8 -53077
3 22 2 23 -55113
6 8 5 7 -71717
-14 -24 -15 -24 -55241
21 -17 24 -17 -54221
-16 -5 -16 -4 -53799
14 5 15 6 -72739
-24 7 -24 -8 -67349
-3 13 -4 15 -54357
-17 11 -15 11 -65255
-9 4 -8 1 -68113
-23 -7 -23 -8 -59213
5 -1 5 0 -62989
1 0 0 -1 -56773
24 -1 22 0 -52417
11 0 13 1 -67493
-24 11 -22 9 -63251
19 -7 18 -7 -57713
21 -10 21 -8 -78569
11 7 11 6 -75021
15 24 13 21 -51647
-12 -4 -12 0 -57119
11 19 10 21 -65863
24 10 0 -13 -86375
14 -15 17 -23 -88683
-24 0 -24 -1 -52679
2 -21 1 -24 -63027
1 -15 2 -11 -66743
7 15 5 8 -90563
3 12 5 15 -73477
5 16 5 17 -52487
-23 -15 -23 -12 -48043
17 21 16 24 -58679
6 21 6 22 -63265
7 -22 7 -24 -54933
13 24 11 24 -47507
-1 23 -1 24 -52401
-12 -2 -11 -2 -70057
-4 11 -7 11 -59269
-24 -13 -20 -13 -60101
19 -23 16 -22 -66363
-12 14 -12 12 -58121
-10 21 -11 23 -52479
24 -19 24 -22 -54785
23 -7 22 -4 -61975
18 13 17 16 -59441
-1 -18 -9 -21 -68003
16 13 17 15 -59641
19 -24 23 -23 -54803
24 -7 22 -8 -50745
23 2 24 8 -59763
-15 -16 -15 -19 -48477
-10 -22 -9 -23 -60489
7 0 7 -1 -58671
7 -6 7 -8 -67731
14 12 13 10 -78149
12 -12 10 -11 -54113
6 -22 5 -23 -62487
9 9 10 7 -72061
17 -17 16 -16 -78517
-5 -3 -5 2 -62661
23 7 21 -23 -74321
10 24 10 23 -52587
-19 22 -19 24 -56537
17 3 5 6 -81867
-23 10 -21 -1 -71109
-8 -23 -7 -22 -61009
-24 22 -21 19 -58357
9 -13 10 -17 -58223
-23 6 -24 10 -59605
-10 10 -9 12 -60609
24 -18 22 -22 -73033
3 8 3 13 -89743
-24 -10 -23 -8 -56583
-10 8 -12 8 -52719
24 2 23 1 -52023
-17 -23 22 -24 -51799
24 -21 23 -20 -44531
-4 8 -3 11 -61181
-12 -24 -13 -24 -48253
21 -12 5 -17 -79533
-3 21 -2 24 -61643
-8 -7 -9 -2 -69721
18 -20 17 -19 -75437
-18 21 23 22 -52953
-20 11 -20 13 -62855
4 12 4 11 -79817
21 -5 22 -6 -65569
19 -11 19 -12 -71783
-23 -16 -24 -16 -60305
23 -5 20 -4 -62661
3 -6 6 0 -70657
2 6 7 1 -66207
0 6 -1 10 -81363
-24 8 -23 14 -53621
-6 3 -5 2 -68309
-21 3 -24 3 -64821
-8 24 -11 21 -55229
-5 -24 -5 -23 -53637
21 9 23 11 -69671
-22 -2 -24 -8 -68631
16 -16 20 -17 -73431
-2 -22 0 -23 -55623
-22 -1 -20 -5 -70319
23 -13 23 -18 -78561
15 2 15 0 -47681
-23 -14 -24 -16 -46409
9 -19 10 -20 -59915
-23 -17 -24 -17 -59523
15 -23 10 -24 -55647
-5 -3 -4 -3 -62919
-12 -13 -12 -14 -47757
20 -23 18 -24 -55307
-9 -14 -6 -12 -49807
8 -5 8 -4 -64175
14 -15 17 -15 -72753
-5 14 -3 15 -59021
2 1 4 5 -62921
-9 12 -9 14 -59081
20 18 23 14 -65877
-15 -13 -13 -15 -62161
3 -11 5 -12 -59763
24 -20 22 -24 -63635
-11 17 -10 20 -60265
8 13 10 15 -55759
24 -16 23 -18 -69703
2 15 2 21 -56061
11 -22 9 -8 -77791
13 -21 12 -23 -53893
5 -24 7 -23 -57257
0 19 1 19 -63859
-23 -8 -24 -8 -52335
23 17 22 21 -66091
-7 -2 -7 -5 -68735
-19 11 -19 14 -63319
6 9 9 8 -60071
22 20 24 22 -69087
15 -5 16 -6 -59939
4 -17 4 -15 -58619
-19 -21 -20 -24 -51387
-24 6 -24 3 -55569
9 -9 7 -6 -78735
-4 22 -5 24 -45661
16 17 16 18 -57635
-22 -15 -21 -17 -49391
-5 -22 -6 -24 -63163
-7 -20 -6 -21 -59677
2 -6 3 -4 -57283
19 19 18 20 -66281
-11 -16 -14 -15 -57169
24 20 24 22 -55811
-10 24 -11 24 -54665
-13 20 -14 20 -63409
22 -24 24 -24 -43257
21 11 1 10 -77105
-18 -18 -17 -17 -58233
-18 13 -19 13 -65485
-18 23 -12 23 -69881
24 0 2 -2 -81977
-23 -11 -24 -12 -55049
13 2 19 8 -84493
22 -23 23 -24 -37245
5 14 6 14 -56343
-10 -19 -8 -19 -62557
-22 20 -23 20 -56151
-8 -5 -13 -7 -71093
-15 14 -18 12 -67131
18 -8 18 -9 -73817
-22 15 -22 17 -57549
23 20 24 21 -63245
23 3 22 6 -55641
11 23 10 22 -55841
-24 8 -22 9 -58451
19 24 18 23 -47853
0 0 -24 -15 -71149
16 13 20 14 -65081
17 -12 16 -9 -74099
-21 7 -20 12 -65399
-6 -4 -2 -5 -65475
6 7 5 8 -70137
-3 16 0 16 -64103
-20 21 -24 19 -61223
13 8 13 9 -91039
14 8 14 9 -90747
3 24 -1 22 -54029
8 9 6 13 -79143
18 12 17 9 -86341
12 -3 9 3 -63365
6 -2 23 1 -87155
23 -13 24 -14 -63949
17 -12 19 -11 -69893
14 -14 14 -12 -56907
21 9 24 3 -63453
-10 12 -9 10 -58055
-5 2 -8 0 -61705
-19 2 -18 4 -60071
-18 0 -17 1 -55971
10 -24 8 22 -81367
0 -14 -1 -14 -43901
-16 -24 -15 -24 -50783
11 22 8 23 -57275
-23 -20 -23 -24 -46113
-11 2 -12 3 -61739
21 -19 21 -17 -79671
-14 -13 -16 -15 -51701
-14 -22 -15 -24 -57369
-2 -14 -3 -17 -56357
-23 1 -21 -6 -71245
-23 3 -23 2 -63725
-20 -8 -21 -8 -60413
22 -14 11 5 -84777
-3 -6 -1 -5 -61367
-20 24 -23 24 -48245
11 9 11 11 -80331
-6 -21 -6 -20 -59491
-19 -7 -20 -8 -65379
-12 -22 -11 -23 -53313
-24 16 -23 14 -53103
-23 -22 -20 -21 -48387
0 8 0 5 -72811
-15 20 -17 20 -67581
23 -2 24 -1 -49883
23 19 22 18 -58763
-17 22 -15 24 -58001
23 21 22 22 -52291
19 22 21 -3 -73207
-19 22 -20 21 -63979
-21 5 -24 6 -67959
6 -4 6 -2 -65657
18 22 13 21 -50845
19 7 23 8 -75189
-24 4 -24 1 -64381
12 -19 9 -19 -52695
-18 -14 -18 -18 -55881
20 7 20 6 -58301
10 -23 10 -22 -54643
7 -7 10 -10 -75547
-15 -9 -11 -12 -66195
24 11 22 12 -59223
-1 -24 0 -1 -79303
-9 10 -7 5 -65973
14 -1 15 -3 -64109
-8 -14 -7 -9 -58207
-12 -22 -13 -24 -47729
0 19 -3 18 -72669
0 -9 -24 -10 -63931
-19 -19 -17 -21 -53279
-17 -17 -19 -18 -57023
-20 24 -16 24 -69107
9 17 9 18 -58355
-7 5 -7 3 -61691
-23 -21 -23 -17 -51459
22 -13 23 -6 -81725
3 -19 1 -23 -65423
-4 -1 -4 -2 -59413
1 2 23 24 -89333
-13 -7 -13 -10 -58691
18 8 19 12 -86397
1 -10 2 -9 -58655
1 4 1 5 -59605
20 17 20 20 -64595
-18 16 -17 18 -64113
12 18 7 18 -57047
1 -15 1 -4 -90659
2 10 0 9 -57905
-9 -21 -9 -20 -52467
17 11 16 8 -90165
-23 -10 -24 -9 -60799
-22 10 -22 8 -62745
-3 -19 -1 -18 -58005
19 21 23 20 -59561
12 -16 12 -18 -64523
-22 -22 -20 -23 -47339
17 -10 9 -20 -81693
1 11 3 11 -63067
3 -12 4 -12 -51293
0 -20 6 -21 -57861
-16 -11 -18 -10 -58667
12 14 11 17 -59529
-20 1 -21 1 -59417
3 8 4 8 -60457
-21 7 -24 4 -68759
-10 -3 -9 -9 -67231
6 10 6 9 -83091
-12 5 -12 4 -52027
8 -17 9 -16 -58247
-5 -7 -6 -8 -63647
-4 24 -9 23 -58567
-24 -2 -21 -1 -61491
-16 14 -13 12 -60529
16 -5 19 -13 -85441
1 10 0 11 -65625
-19 21 -18 24 -64879
10 -3 9 -2 -62777
11 2 7 2 -66707
-23 -1 -20 -2 -62611
-8 -21 -10 -22 -64001
23 15 24 24 -67103
18 -24 14 -22 -63999
0 7 -2 6 -54691
-8 18 -6 13 -63657
-4 4 -6 10 -79179
-23 -20 -24 -20 -46039
-6 -22 -5 -15 -57185
-4 24 -7 21 -65467
2 24 -24 21 -68003
3 -13 23 -1 -83299
2 14 1 11 -70125
1 24 1 22 -59003
21 -8 19 -10 -75327
15 -13 17 -15 -70227
-24 -22 -18 -23 -50719
-13 21 -17 24 -64969
12 -14 17 -12 -75383
16 -23 18 -22 -60451
15 0 3 -3 -80529
16 0 16 -2 -59967
-18 7 -17 10 -55305
-12 -13 -11 -9 -60693
24 18 24 -12 -64401
-16 17 -16 18 -54905
15 8 14 8 -60819
-24 6 -23 8 -57711
-20 23 -18 21 -68745
15 -8 15 -6 -67119
13 -22 14 -24 -49925
13 5 14 4 -58039
-15 -1 -12 -1 -63641
0 -23 -4 -22 -56255
18 -24 19 -24 -57255
10 11 11 15 -67681
24 3 18 4 -65633
11 24 21 22 -59911
24 -12 23 -11 -61879
-18 -8 -20 -9 -63765
-3 3 -2 5 -61225
-23 15 -21 12 -64715
-19 -11 -19 -12 -53491
19 0 20 -2 -59689
23 -5 24 -5 -46667
-3 19 -5 17 -65649
12 -13 13 -12 -61187
-2 2 -3 1 -59217
-7 10 -8 8 -59081
-11 20 -11 21 -49713
-13 5 -13 7 -47053
20 10 12 14 -73441
18 10 17 11 -64307
-12 10 -14 9 -54661
-15 14 -17 -21 -68821
-16 -24 -15 -23 -59289
24 -16 23 -14 -66191
-9 13 -8 12 -59827
-10 -2 -8 -3 -56223
-16 -11 -17 -8 -59759
-11 -1 -12 -2 -65511
-7 -24 -7 -23 -51511
-7 0 -13 0 -69831
-6 6 -2 7 -62935
23 13 24 14 -43763
-16 -6 -15 -6 -60035
17 20 17 22 -60993
0 24 -5 20 -73717
-2 16 -4 21 -57423
-5 23 -2 23 -53457
3 -11 4 -7 -76557
0 -22 2 -23 -52707
23 -6 23 -4 -49871
-9 -8 -9 -10 -58075
8 -21 8 -20 -73515
-6 7 -8 7 -59313
-23 -11 -23 -13 -52107
-21 -5 -21 -3 -67531
6 22 7 24 -59283
21 3 14 2 -68495
-2 -6 -4 -5 -59321
-9 11 -11 10 -58849
-21 -17 -21 -19 -59211
-16 6 -16 0 -56221
23 -9 21 -12 -74365
13 17 13 16 -58945
4 -19 5 -18 -60881
0 17 2 19 -68863
23 5 24 6 -58153
24 -10 24 -9 -63067
4 -24 5 -24 -49605
21 -19 21 -14 -92915
-5 21 -10 24 -56173
24 9 23 13 -50823
-21 20 -18 17 -69947
11 -7 11 -5 -66913
11 5 11 7 -70313
16 -5 17 -2 -59391
-2 24 -24 22 -67839
4 6 5 11 -88021
-21 23 -21 21 -64365
20 22 21 23 -62193
-23 -19 -23 -24 -50315
-20 9 -17 7 -62041
10 -9 12 -13 -67471
-8 19 -8 17 -58023
1 8 0 11 -80911
-16 -2 -17 -2 -55307
14 5 15 9 -85951
15 -6 15 -5 -65409
-23 14 -24 23 -61439
-12 -17 -11 -16 -51993
-14 -21 -17 -19 -52097
-23 0 -24 -2 -60457
10 -20 11 -18 -65065
-24 -7 -24 -5 -57851
-18 18 9 23 -65701
0 -11 1 -4 -81123
24 -2 24 0 -42469
-17 23 -19 23 -71349
-3 -10 -3 -8 -60401
14 0 15 0 -62881
-24 -9 -23 -11 -60699
-19 -2 -17 -4 -58291
1 3 7 2 -67833
15 21 14 22 -60091
