13 20 11 19 -63550
-8 18 -9 18 -58880
12 -5 11 -4 -59488
6 -23 8 -24 -54974
4 -23 4 -24 -63182
13 -19 13 -18 -49730
14 -24 16 -23 -51096
13 11 15 11 -75280
19 -24 22 -24 -45946
-14 4 -14 5 -62110
8 23 9 22 -69352
-23 -4 -24 -24 -51364
10 19 7 20 -69754
-20 13 -22 16 -61214
0 22 -1 21 -65754
-24 -12 -24 -11 -33824
13 7 16 6 -80904
-7 -14 -7 -11 -46704
0 10 -1 11 -73298
21 4 19 5 -63706
5 -20 5 -22 -66324
23 17 24 20 -62078
4 16 4 18 -54424
-24 2 -23 1 -49104
-13 -5 -13 -3 -48474
-15 -16 -16 -11 -50630
-17 12 -16 14 -58682
4 15 3 13 -70212
-13 24 -13 23 -51896
15 0 19 -1 -76480
-24 23 -23 23 -45194
-23 24 -20 23 -63114
-5 18 -7 15 -61550
-7 -23 -7 -24 -68050
-12 -8 -13 -10 -50290
12 21 13 21 -58694
2 -24 2 -23 -59356
1 22 1 20 -62082
-4 -23 -2 -24 -52184
15 3 15 4 -57982
6 13 7 13 -65410
-12 4 -12 1 -65454
-16 9 -16 7 -63528
0 10 -1 10 -74486
-22 -10 -20 -10 -46488
24 1 23 3 -63226
-8 -9 -10 -8 -63632
15 -14 16 -14 -43150
5 -24 4 -24 -55382
-16 -9 0 -8 -91018
-19 3 -20 7 -68728
0 6 -1 5 -63630
18 13 17 13 -53226
-7 9 -8 8 -66514
16 20 15 18 -64918
15 0 18 0 -73664
17 17 15 15 -65562
-21 8 -22 14 -60122
-15 -5 -17 -3 -58566
17 -3 18 -3 -63460
-16 -10 -16 -8 -44966
-11 7 -10 6 -59686
23 18 20 16 -60578
21 0 20 -1 -53958
24 1 24 3 -59486
14 -19 16 -18 -51516
11 22 10 24 -61844
6 7 5 0 -79394
-9 -16 -9 -17 -46638
19 6 20 8 -72146
21 -20 24 -6 -77496
14 12 15 11 -65636
-24 6 -23 6 -60782
24 3 24 6 -53112
-24 -15 -14 13 -71888
-18 -6 -16 -7 -57138
-24 -16 -24 -19 -39818
8 -4 11 -3 -61372
-8 -5 -8 0 -64206
3 23 6 24 -61618
4 -12 5 -11 -71566
-24 4 -24 5 -49186
-17 0 -17 -2 -54424
23 -17 24 -15 -61164
19 2 20 0 -70498
-1 5 -1 -20 -80312
-4 17 -6 18 -69718
11 24 9 24 -57446
14 -12 14 -16 -47688
24 16 22 17 -59306
5 22 7 24 -63866
23 -11 22 -11 -46698
21 -15 21 -16 -64316
10 -24 8 -24 -50194
-7 -3 -9 -8 -58538
21 -17 24 -17 -52804
10 12 11 11 -56692
-5 24 -1 24 -54622
14 7 15 9 -78142
18 -4 18 -3 -45566
-10 -19 -10 -18 -44258
14 24 13 21 -61198
24 -16 24 -17 -60180
19 17 19 19 -65168
16 -24 15 -24 -46206
-7 -1 -5 -5 -63198
-19 23 -18 23 -52448
-10 3 -11 2 -62912
-6 2 -5 4 -57370
-15 24 -13 24 -61954
-23 9 -24 6 -50096
-13 17 -13 18 -50598
11 -23 12 -24 -50164
-17 24 -17 23 -58976
3 8 2 9 -60056
-19 -7 -21 -6 -48854
7 -23 7 -24 -56504
18 -22 19 -22 -41650
24 -15 23 -12 -64362
-3 -24 -1 -23 -48154
15 14 14 -3 -83326
-24 15 -24 13 -49414
13 -24 15 -24 -49932
3 -11 4 -11 -65224
5 -18 5 -17 -55020
-6 9 -7 7 -67654
13 24 11 24 -54280
13 14 15 16 -67408
-19 -23 -18 -21 -52584
13 -23 10 -24 -49706
-17 4 -20 1 -64806
-7 11 -6 13 -57416
24 0 23 -1 -50424
12 -23 -1 -1 -83452
24 -19 24 -22 -56126
-11 8 -17 9 -58548
15 2 13 0 -71684
15 6 13 5 -80676
-23 -14 -24 -15 -48572
14 17 14 16 -57870
24 12 22 6 -63810
-17 -14 -19 -17 -52006
12 12 0 13 -86264
-4 5 -5 6 -65384
-3 -2 -5 -2 -54906
-22 2 -21 -1 -55680
24 -12 24 -13 -59444
-2 -2 -1 -4 -64372
11 -6 11 -5 -54956
-19 8 -18 7 -62274
22 -21 21 -22 -62736
24 -6 23 -6 -49618
-16 10 -15 12 -60442
10 24 10 23 -51076
-19 22 -19 24 -65600
20 -9 21 -9 -45220
-23 7 -22 6 -66736
1 -10 0 -13 -69428
-3 8 -4 17 -61982
0 -16 3 -13 -66244
-1 19 -4 19 -61490
23 -23 24 -20 -65118
0 -20 1 -22 -69216
-5 -10 -4 -12 -57134
-15 16 0 15 -82480
8 17 8 18 -50792
-17 1 -18 -1 -70666
19 -24 18 -21 -58736
3 -20 5 -22 -76580
0 11 -1 11 -72486
-12 -24 -13 -24 -47472
-14 15 -13 16 -56300
-23 -7 -24 -10 -42620
9 22 4 24 -71906
8 2 6 3 -73848
22 0 22 3 -67116
17 -14 18 -15 -46712
-14 -20 3 13 -78142
17 24 17 23 -46988
24 0 24 -1 -42226
-23 -16 -24 -16 -45246
3 -24 4 -22 -58512
-2 17 -2 16 -55262
9 -10 10 -7 -55532
-22 20 -24 24 -64002
10 2 10 3 -64518
-13 9 17 9 -84492
-19 -15 -20 -16 -54870
-23 8 -24 9 -71080
7 -9 8 -11 -57572
24 -5 23 -7 -50046
6 -21 4 -20 -74390
24 -13 23 -15 -59206
7 -17 5 -18 -63310
-6 11 -7 12 -60928
16 -7 16 -4 -52050
-20 -24 -19 -24 -48206
-14 10 -14 9 -59118
0 -22 3 -21 -54098
-6 23 -6 19 -59102
-8 24 -4 22 -61458
22 13 24 21 -69524
1 -7 3 -7 -65308
24 19 23 21 -57510
-8 -1 -8 1 -64078
-23 3 -24 2 -46948
-4 -23 -4 -24 -57494
14 -21 13 -19 -54858
-7 -16 -7 -17 -49048
9 -6 3 -7 -74398
-4 -24 -6 -24 -46336
5 -16 6 -17 -61074
10 2 -5 0 -88564
24 -20 22 -24 -66506
-9 15 -10 16 -61204
14 -12 11 -12 -42072
24 22 -8 21 -70696
-2 -2 -2 -3 -66980
21 -20 21 -19 -61580
-11 9 -10 6 -65948
23 13 24 13 -52884
-24 8 -23 8 -67712
-23 -8 -24 -8 -41056
-24 9 -24 8 -47006
-5 -18 -7 -16 -57140
-22 -19 6 -1 -82374
15 8 15 10 -62302
-13 -24 -14 -24 -51888
-14 19 -16 20 -61188
1 -9 0 -6 -81526
6 -4 7 24 -78824
23 21 2 -20 -77350
12 3 12 5 -62262
24 1 22 24 -63672
-17 0 -16 1 -66798
-19 -16 -20 -12 -49372
6 -4 8 -3 -70276
-23 11 -24 11 -64808
20 -6 20 -9 -54698
23 -6 23 -8 -49434
-10 -18 -12 -18 -49620
24 20 24 22 -50204
-10 24 -11 24 -46054
18 -19 18 -17 -55366
22 -24 24 -24 -44880
-22 -23 -22 -24 -35652
5 -3 4 -2 -69274
23 0 21 1 -60066
3 -4 2 -5 -59878
1 -16 1 -15 -52642
-23 -11 -24 -12 -49754
19 24 23 24 -55644
22 -23 23 -24 -40688
-4 -23 -10 -24 -48490
-3 22 9 17 -78136
-13 -22 -12 -19 -54404
-3 24 -3 23 -53622
-14 17 -12 15 -60438
-20 -9 1 -5 -93138
-2 14 -1 16 -64236
23 20 24 21 -57538
-8 -9 -7 -9 -59788
22 12 22 10 -60620
-24 20 -23 17 -49924
19 24 18 23 -48774
23 -8 24 -7 -56286
-21 20 -22 21 -65196
-1 20 -2 17 -61214
-2 -1 -2 -6 -72722
-15 14 -14 12 -59734
-8 4 6 5 -79194
-23 -17 -24 -14 -40690
4 -8 4 -4 -70206
-2 -1 -3 -23 -73418
10 10 8 8 -69936
-1 -16 -5 -15 -54438
-6 -21 0 -17 -60100
-23 0 -23 -1 -44356
-24 23 -24 21 -58862
-23 -18 -23 -19 -40412
-3 -7 -2 -8 -60758
-1 -24 0 -24 -48620
24 21 22 24 -54242
-9 -23 -10 -24 -43468
-24 11 -23 10 -67106
-1 -20 -2 -24 -66112
5 6 5 5 -59444
0 -18 0 -20 -57480
-4 -7 -6 -7 -57958
-11 -12 -12 -10 -53178
-16 -24 -15 -24 -50774
-21 0 -22 4 -63872
-15 2 7 0 -89800
-24 12 -22 14 -55844
-18 -13 -16 -14 -48858
-5 -1 -19 -2 -79180
11 -5 11 -2 -54382
11 4 9 4 -68074
24 -20 23 -17 -57772
19 -2 18 -1 -63568
2 23 2 21 -62134
-16 -10 -16 -11 -45386
22 2 -22 -7 -80964
-20 24 -23 24 -61970
6 -1 6 2 -60502
-15 18 -18 17 -60636
8 4 7 3 -70160
16 14 16 15 -56020
-10 14 -10 15 -49786
-15 16 -16 18 -55408
-8 6 -10 6 -62418
-7 16 -3 15 -74380
17 2 0 0 -92002
2 -9 -13 -12 -84630
-24 -22 22 0 -69068
23 21 22 22 -59720
24 24 23 22 -45296
-2 11 0 10 -75484
2 24 0 24 -48880
10 -9 8 -10 -52984
-10 11 0 12 -77668
-9 3 -9 4 -60796
16 6 15 6 -79594
9 -23 8 -24 -53846
0 7 17 6 -97224
16 24 23 24 -56224
1 14 2 16 -67432
4 -11 3 -13 -76848
4 2 2 4 -74102
0 -16 0 -12 -59528
18 8 16 6 -85066
-24 20 -23 21 -56250
13 -1 13 1 -64308
16 -1 16 0 -62652
-23 19 -22 21 -62126
-9 -20 -7 -24 -67522
22 -19 24 -19 -54112
18 17 17 20 -64112
-14 24 -15 24 -60606
-21 -20 -19 -20 -55666
22 15 22 16 -52224
9 -22 11 -23 -55116
-12 -3 -12 0 -58256
24 12 24 9 -55344
-8 -12 -8 -5 -62844
-16 -24 -19 -24 -50968
0 24 -2 22 -61808
-23 -21 -24 -24 -43260
-22 -21 -24 -23 -47568
6 13 6 14 -69142
-23 23 -22 24 -58700
24 16 23 17 -55912
-24 14 -24 13 -51340
-19 18 10 21 -69456
-13 -2 -15 -2 -54804
-17 -6 -18 -7 -44320
4 -23 6 -24 -66638
24 -7 23 -6 -42654
-23 -10 -24 -9 -38050
-8 23 -8 24 -51420
-22 7 -22 5 -60250
16 21 16 22 -56188
4 12 1 14 -67322
-22 -22 -20 -23 -46798
-16 -24 -17 -23 -50582
-17 2 -17 4 -62620
13 -11 13 -10 -45352
17 24 15 22 -51998
23 22 24 23 -51222
0 24 0 23 -53176
4 -18 1 -16 -61400
-10 -11 -12 -12 -52086
-22 -22 -23 -22 -49596
9 10 10 11 -71106
-1 -9 0 -8 -69986
-1 8 0 13 -57436
-11 23 -12 24 -61292
16 7 15 8 -69346
19 10 19 11 -59174
0 -4 0 -10 -80908
15 -9 15 -7 -49772
-24 24 -24 4 -50936
20 9 22 8 -65838
-10 -16 -8 -15 -50390
-8 24 -7 23 -51448
-17 7 -16 6 -60612
-8 20 -8 17 -60974
-9 -21 -7 -22 -55938
-9 21 -9 18 -58496
-15 12 -19 13 -58520
-24 -21 -24 -22 -39990
2 20 1 20 -55436
-21 23 -19 24 -58696
-23 -20 -24 -20 -48914
7 -6 8 5 -73524
23 -3 24 -3 -48954
24 7 24 6 -49054
-5 14 -21 13 -70154
8 20 8 22 -59050
8 14 9 15 -59450
5 2 4 3 -69386
-17 5 -13 9 -64492
-23 -21 -24 -20 -42870
-19 24 -18 23 -60784
-11 16 -12 5 -70184
8 24 7 23 -58184
-23 15 -22 16 -53948
-19 23 -20 21 -65244
-10 -5 -9 -6 -53284
12 0 11 -1 -66124
-11 1 -10 4 -70788
19 8 19 5 -68478
-14 -23 -13 -24 -56844
3 -3 -21 -5 -96358
-12 23 -13 22 -53788
5 12 5 13 -69588
13 14 12 16 -60424
-6 0 -6 -1 -63696
13 0 11 0 -65548
-10 23 -9 24 -53410
1 -2 -3 -3 -57264
-24 -14 10 -12 -75922
20 -24 21 -23 -53324
12 0 14 -2 -63846
-4 -24 -6 -22 -61246
-16 -24 -16 -23 -49980
-24 -4 -22 -1 -45414
0 23 -1 24 -50100
4 -11 4 -12 -59046
-23 -5 17 -3 -83904
7 0 8 -2 -62374
-4 8 -3 9 -60256
-19 -6 -19 -5 -46280
7 12 7 11 -60540
-1 1 -1 0 -69642
24 20 -13 20 -70416
-2 6 0 0 -72250
-19 12 -22 12 -55750
0 -9 -1 -7 -73548
-2 1 -2 0 -69574
17 8 15 6 -88554
-16 -24 -15 -23 -48300
24 -16 23 -14 -62162
-11 -14 -10 -15 -52024
19 24 21 23 -53626
23 -20 24 -21 -53476
10 -23 10 -24 -48170
-7 -24 -7 -23 -67276
6 -9 5 -6 -67274
24 6 22 6 -51938
23 13 24 14 -54040
4 23 6 23 -63906
-7 23 -6 24 -56954
20 9 21 9 -58576
2 3 1 4 -67958
4 -23 -3 -22 -62286
21 -22 21 -23 -59878
0 -4 11 -4 -92656
-8 4 -9 4 -62426
-6 22 -5 22 -62730
4 8 0 6 -68986
6 24 9 24 -66232
18 -8 16 -9 -46504
2 1 0 -1 -61312
23 23 -2 23 -65392
-18 23 -16 21 -64032
-24 -24 9 -11 -71196
14 14 15 14 -69282
10 -9 11 -10 -52198
-8 -8 -8 -10 -55086
17 22 15 24 -47522
-13 21 -16 18 -60522
1 9 15 8 -94326
24 -20 24 -9 -75958
23 5 24 6 -52686
24 -10 24 -9 -49162
-13 -22 -12 -20 -55414
17 -11 17 -12 -45766
-17 -18 -16 -20 -40794
-13 24 -12 23 -63794
-24 20 -24 19 -51824
16 -24 16 -22 -50884
-2 -20 -2 -21 -62246
6 -18 6 -21 -63742
24 9 23 11 -57110
13 6 11 6 -74344
7 14 8 13 -68116
11 18 10 -9 -78104
-2 -16 13 -15 -75978
-1 3 -1 6 -61564
-21 0 -22 -1 -54098
7 20 7 19 -54440
-11 -22 -10 -24 -62052
-14 -22 -14 -24 -57072
9 -22 11 -20 -53916
9 -17 10 -19 -53236
-15 -8 -14 -8 -50502
17 -23 18 -21 -59146
17 -24 15 -21 -55212
15 3 21 6 -77350
24 -12 24 -9 -54742
-24 -7 -24 -5 -36996
1 -9 0 -10 -72998
0 -14 1 -15 -52310
-2 5 -3 13 -70604
-24 -5 -24 -4 -33122
-24 24 -24 23 -46150
-19 -1 9 -2 -96296
11 -15 11 -14 -43612
1 -11 0 -11 -58720
-24 14 -22 13 -63694
-9 7 -9 6 -59424
