-8 -19 -8 -12 -58092
-20 2 -18 4 -84388
-24 -16 -2 -15 -65370
6 -23 8 -24 -48188
4 -23 4 -24 -56598
13 -19 13 -18 -50054
14 -24 16 -23 -49520
9 11 15 11 -61140
19 -24 22 -24 -48944
-14 4 -14 5 -61418
8 23 9 22 -61362
21 -5 20 -6 -66428
10 19 7 20 -62564
-2 0 -8 -22 -71198
6 -2 7 -24 -56770
-19 5 -20 4 -80870
5 11 3 10 -49632
-16 6 -14 -4 -93278
0 10 -1 11 -63064
21 4 19 5 -64724
19 6 18 4 -57784
23 17 24 20 -58918
0 -14 -1 -14 -44872
-24 2 -23 1 -54542
-9 -20 -9 -21 -49820
-9 4 -14 5 -82856
19 -19 17 -19 -57132
-10 -16 -11 -19 -57276
-13 24 -13 23 -54376
-16 13 -16 12 -54074
-24 23 -23 23 -46528
-23 24 -20 23 -63572
-21 20 -22 18 -65190
0 0 0 2 -63312
5 13 4 14 -59974
12 21 13 21 -48798
2 -24 2 -23 -51350
1 22 1 20 -59826
-4 -23 -2 -24 -43192
15 3 15 4 -53610
-16 0 -16 -2 -82254
-19 0 -20 1 -64444
-16 9 -16 7 -65104
6 -10 4 -10 -42510
0 -16 0 -17 -43690
24 1 23 3 -61698
-23 -19 -23 22 -76756
15 -14 16 -14 -50138
5 -24 4 -24 -46190
5 7 6 6 -60728
-4 -9 8 -11 -53742
10 -8 13 -6 -55368
18 13 17 13 -52770
8 -7 8 -6 -39858
23 -1 21 0 -63806
15 0 18 0 -58302
-7 -12 -10 -9 -67474
15 -5 15 -3 -50150
11 3 -8 -13 -72710
17 -3 18 -3 -61274
-1 18 0 19 -53008
-23 22 -24 24 -51408
23 18 20 16 -68832
-21 2 -21 0 -74298
24 1 24 3 -60370
-24 11 -15 13 -83680
11 22 10 24 -57368
9 -17 9 -13 -48800
-14 -15 -13 -12 -71484
19 6 20 8 -64832
-9 -10 -11 -8 -67328
14 12 15 11 -60838
-24 6 -23 6 -70720
24 3 24 6 -55624
-16 22 -16 20 -57548
-16 -3 -18 -5 -65526
-24 -16 -24 -19 -53466
-19 11 -22 -3 -96172
-3 7 -2 -14 -78834
3 23 6 24 -53898
-15 -1 -16 -2 -68132
-24 4 -24 5 -53144
-11 -23 -11 -24 -42114
23 -17 24 -15 -58910
18 -14 15 -10 -56504
-20 -24 -20 -23 -57612
-16 1 -14 0 -67950
11 24 9 24 -52320
14 -12 14 -16 -52342
24 16 22 17 -66914
5 -6 6 0 -50068
23 -11 22 -11 -59032
21 -15 21 -16 -61542
10 -24 8 -24 -45098
9 8 8 6 -55114
21 -17 24 -17 -58266
10 12 11 11 -59018
-5 24 -1 24 -45152
-3 -5 -2 -9 -54082
-12 -22 -9 -19 -58020
6 -23 4 -20 -61340
14 24 13 21 -55422
24 -16 24 -17 -55082
19 17 19 19 -54504
16 -24 15 -24 -51176
13 6 10 4 -57250
-19 23 -18 23 -58860
6 19 5 17 -58534
-6 2 -5 4 -61274
-15 24 -13 24 -62844
-23 9 -24 6 -59388
-18 17 -20 18 -65338
11 -23 12 -24 -46740
-17 24 -17 23 -52738
-3 -6 -4 -8 -58106
17 13 17 12 -60704
7 -23 7 -24 -53818
18 -22 19 -22 -54798
24 -15 23 -12 -63706
-17 -15 -18 -13 -72188
-24 -12 -24 -11 -61986
-16 -14 -15 -12 -71832
13 -24 15 -24 -49148
-14 6 -12 7 -75416
-24 0 -24 -2 -59772
-15 -19 -17 -18 -64118
13 24 11 24 -46994
13 14 15 16 -63564
-19 -23 -18 -21 -64702
13 -23 10 -24 -48806
-18 3 -22 1 -77340
-19 -12 -21 -15 -71712
24 0 23 -1 -52300
14 -1 10 -3 -59164
24 -19 24 -22 -48070
-14 -14 -13 -5 -86532
-11 20 -11 21 -55854
-16 -24 -17 -24 -52532
17 8 19 7 -61940
14 17 14 16 -52748
24 12 22 6 -64402
-24 -8 -23 -12 -67278
-14 12 -14 17 -61178
-2 11 -2 10 -68132
-23 -12 -24 -10 -64488
-20 -3 -21 -5 -57486
24 -12 24 -13 -61342
-18 0 -18 1 -78686
-13 4 -16 4 -70848
-15 -9 -15 -7 -67804
13 -10 16 -8 -61582
24 -6 23 -6 -54134
-21 10 -20 12 -62068
10 24 10 23 -45942
17 18 16 19 -56806
20 -9 21 -9 -64048
-23 7 -22 6 -63744
-4 -7 -2 -6 -56326
9 18 10 19 -58484
2 -22 1 -24 -50056
-17 -24 -20 -6 -77328
23 -23 24 -20 -43744
10 23 -5 23 -69724
19 -11 20 -10 -66214
1 6 2 9 -60548
8 17 8 18 -53194
-24 -23 -16 -22 -65676
19 -24 18 -21 -57028
8 -5 15 -9 -49488
12 -16 12 -17 -52232
-12 -24 -13 -24 -49228
-14 15 -13 16 -62022
-23 -7 -24 -10 -59598
3 14 4 14 -49104
-8 -10 -7 -9 -56118
-8 -23 -9 -22 -53946
17 -14 18 -15 -56230
-14 -23 23 -24 -50096
17 24 17 23 -50756
24 0 24 -1 -57028
-23 -16 -24 -16 -48820
-4 -21 -3 -24 -47478
-2 17 -2 16 -62960
24 4 24 -6 -62672
-8 -22 -7 -22 -57458
10 2 10 3 -55468
-17 -12 -16 -14 -71514
11 -3 12 0 -57938
0 -12 0 -9 -40432
5 -19 5 -20 -54854
24 -21 11 -19 -64906
2 0 1 0 -50530
24 -13 23 -15 -60020
7 -17 5 -18 -45408
-6 11 -7 12 -66752
24 -8 24 -7 -53194
-20 -24 -19 -24 -51866
-14 10 -14 9 -57514
-18 -21 2 -14 -67230
-6 23 -6 19 -63136
17 -6 17 -5 -52550
-2 14 -1 14 -60882
-15 -2 -15 -3 -75498
24 19 23 21 -58250
22 -2 22 -1 -58074
22 -12 20 -12 -64010
-4 -23 -4 -24 -40194
8 -20 8 -19 -60658
-10 -21 -9 -23 -56670
6 8 7 5 -63392
-4 -24 -6 -24 -38834
5 -16 6 -17 -52818
12 -17 10 -17 -41308
-18 -11 -20 -14 -74854
-15 -13 -16 14 -88668
-6 4 -2 4 -58104
-7 21 -8 23 -59050
-13 -24 -14 -24 -52360
21 -20 21 -19 -53430
-10 15 -9 17 -63364
23 13 24 13 -56378
-24 8 -23 8 -76756
-23 -8 -24 -8 -44942
-24 9 -24 8 -46932
-3 -18 0 -17 -53328
-12 9 -15 8 -74064
15 8 15 10 -54314
-9 11 -10 12 -66740
-14 19 -16 20 -62842
1 17 0 19 -58454
9 11 9 9 -53234
23 15 23 16 -58080
12 3 12 5 -56266
24 1 22 24 -62232
-9 8 -8 6 -66454
-14 6 -16 8 -65112
-11 -3 -13 -3 -60634
-23 11 -24 11 -68828
-5 15 -6 16 -70782
3 -19 2 -19 -51058
13 12 11 9 -58230
24 20 24 22 -52110
-10 24 -11 24 -49324
18 -19 18 -17 -48758
22 -24 24 -24 -40586
-22 -23 -22 -24 -55488
-24 -5 -23 -6 -49882
10 -7 20 -1 -76618
3 -4 2 -5 -46868
0 10 -23 -2 -80080
-23 -17 -24 -3 -76434
19 24 23 24 -60214
22 -23 23 -24 -40548
-4 0 -4 3 -73854
-3 8 -3 7 -65398
-5 -17 -5 -18 -54576
-3 24 -3 23 -54026
-19 17 -19 15 -57016
-15 -2 -15 -8 -68432
-11 8 -13 8 -76654
23 20 24 21 -61808
9 -20 9 -17 -60820
22 12 22 10 -64186
-24 20 -23 17 -55920
19 24 18 23 -50314
23 -8 24 -7 -60752
22 0 22 5 -66558
-21 0 24 0 -68414
-3 0 -2 -2 -67334
-15 4 -5 8 -87710
0 -2 0 0 -56392
-23 -17 -24 -14 -56258
-12 -13 -13 -14 -66746
-1 -5 -3 -2 -56056
-23 -7 -24 -8 -52418
4 -19 3 -18 -55516
-6 10 -12 7 -72228
-23 0 -23 -1 -66832
-24 23 -24 21 -60174
0 20 -3 22 -66148
-21 -22 -22 -20 -66704
-1 -24 0 -24 -36754
24 21 22 24 -63468
-9 -23 -10 -24 -44334
-24 11 -23 10 -54210
-1 11 0 9 -69400
5 6 5 5 -61228
-6 11 -6 12 -59878
-17 1 -18 19 -77836
-15 -7 -20 -8 -65574
-7 -19 -3 20 -80784
-17 5 -19 5 -61716
-7 12 -5 13 -61334
1 13 0 8 -69252
7 13 10 14 -58402
1 -2 -8 2 -73500
15 0 16 1 -60642
-20 -9 -18 -9 -61226
24 -20 23 -17 -57386
19 -2 18 -1 -59888
2 23 2 21 -60004
-3 20 -11 19 -66110
20 9 14 9 -67500
-20 24 -23 24 -63186
6 -1 6 2 -53288
-6 -11 -7 -10 -55350
8 4 7 3 -56182
16 14 16 15 -59512
-10 14 -10 15 -55858
-15 16 -16 18 -56714
-17 18 -14 19 -60776
-24 -1 -21 -2 -49792
-8 -4 -10 -1 -65556
-13 -10 -13 -8 -74384
-7 -2 -9 -3 -66534
23 21 22 22 -67432
24 24 23 22 -49610
-21 10 -22 -10 -86882
2 24 0 24 -50532
-8 -15 -7 -8 -65044
-1 -12 -2 -13 -47124
-9 3 -9 4 -60272
-12 5 16 7 -73142
9 -23 8 -24 -49302
-19 15 -17 16 -62834
16 24 23 24 -59270
1 14 2 16 -54538
-22 22 16 24 -56766
22 4 23 4 -65382
18 1 22 1 -63840
-22 -15 -24 -20 -66594
-24 20 -23 21 -58100
13 -1 13 1 -54182
16 -1 16 0 -54600
3 -1 5 -3 -45010
0 -4 -2 -4 -53650
22 -19 24 -19 -54884
-16 -21 -16 -22 -60886
-14 24 -15 24 -62360
-1 12 -4 11 -61564
22 15 22 16 -60508
9 -22 11 -23 -50706
0 -3 1 -2 -50476
24 12 24 9 -57216
-14 -9 -14 -11 -73474
-24 21 -24 20 -63240
0 24 -2 22 -51790
-23 -21 -24 -24 -55928
-5 0 -5 2 -73980
6 13 6 14 -56634
-23 23 -22 24 -56850
24 16 23 17 -59762
-24 14 -24 13 -44806
-1 3 0 4 -58700
-17 21 -19 23 -66916
-14 -20 -17 -21 -62698
4 -23 6 -24 -56682
24 -7 23 -6 -51456
-13 -18 -14 -22 -57420
-8 23 -8 24 -56364
-8 -2 -7 0 -65958
16 21 16 22 -57446
-17 -14 -19 -14 -60848
-22 -22 -20 -23 -60320
-16 -24 -17 -23 -52188
-9 4 -1 -10 -89416
20 24 21 21 -61540
17 24 15 22 -48450
23 22 24 23 -55764
0 24 0 23 -51236
-16 -23 -16 -24 -52322
-20 -14 -23 -14 -57256
-22 -22 -23 -22 -56516
8 -6 9 -5 -49210
3 1 2 1 -47828
2 -6 -9 21 -89762
-11 23 -12 24 -52886
16 7 15 8 -59566
19 10 19 11 -64178
-24 11 -23 12 -61392
-24 -4 -24 9 -75784
-24 24 -24 4 -60870
-9 -12 -10 -13 -57428
-21 2 -21 4 -69744
-8 24 -7 23 -50922
-19 6 -19 9 -64892
-8 20 -8 17 -58502
5 1 5 3 -57882
-3 -17 -6 -18 -50300
-24 -15 20 7 -71570
-24 -21 -24 -22 -67624
2 20 1 20 -51534
-21 23 -19 24 -62158
-23 -20 -24 -20 -52666
-12 -7 -10 -6 -63512
23 -3 24 -3 -53808
24 7 24 6 -51048
-15 24 -16 23 -56322
8 20 8 22 -55258
8 14 9 15 -60660
5 2 4 3 -53394
-5 4 -5 5 -62150
-23 -21 -24 -20 -53300
-19 24 -18 23 -60148
-8 3 -9 15 -79716
8 24 7 23 -48524
-23 15 -22 16 -60898
-19 23 -20 21 -64444
-11 2 -9 -3 -75256
-12 2 -12 3 -62066
-13 -16 -14 -15 -59740
19 8 19 5 -61650
23 16 24 17 -65296
-2 4 -1 5 -62326
-12 23 -13 22 -64948
-2 -1 -1 -1 -56220
13 14 12 16 -57352
-6 0 -6 -1 -66014
-19 10 -22 9 -81026
-10 23 -9 24 -57546
-13 -12 -11 -12 -58968
-7 -19 -8 -16 -56464
20 -24 21 -23 -41134
-14 6 -12 4 -78354
-24 7 -21 7 -83626
-9 14 -8 14 -60532
-21 -15 -21 -16 -60976
0 23 -1 24 -55942
4 -11 4 -12 -38692
-14 1 -14 -5 -84464
7 0 8 -2 -47354
-4 8 -3 9 -64582
-7 -21 -8 -21 -58742
7 12 7 11 -57804
22 0 21 -9 -67410
9 -7 7 -6 -48602
-22 -11 -22 -14 -69728
-19 12 -22 12 -77766
-17 11 -19 12 -58448
4 -20 2 -22 -50730
-11 -8 -9 -4 -61642
-16 -24 -15 -23 -54880
24 -16 23 -14 -60514
17 13 15 10 -66122
19 24 21 23 -58494
23 -20 24 -21 -54048
10 -23 10 -24 -47514
-24 -22 -24 -21 -67662
14 -12 15 -5 -54688
24 6 22 6 -60030
23 13 24 14 -58004
4 23 6 23 -55122
-7 23 -6 24 -50792
20 9 21 9 -58588
2 3 1 4 -55940
-2 -18 -2 -17 -49348
21 -22 21 -23 -46704
-9 20 -12 19 -64152
-5 0 -16 0 -80290
-13 6 -5 -13 -94536
15 22 -15 23 -65696
6 24 9 24 -56394
18 -8 16 -9 -64596
-8 -2 -9 -2 -65084
23 23 -2 23 -50884
-18 -3 -16 -4 -62980
-6 12 -6 5 -75284
14 14 15 14 -60042
-2 15 -2 16 -62150
-8 -8 -8 -10 -61832
17 22 15 24 -48000
-20 -19 -23 -21 -66432
3 -22 0 -21 -51014
21 18 22 18 -66326
23 5 24 6 -55232
24 -10 24 -9 -56818
-22 15 -22 14 -52970
17 -11 17 -12 -53120
-21 -13 -24 21 -82266
10 -9 9 -14 -47968
-24 20 -24 19 -60712
16 -24 16 -22 -43660
-22 -15 -23 -19 -66942
19 -12 16 -15 -61592
24 9 23 11 -56810
22 -13 22 -10 -68760
7 14 8 13 -59602
-24 16 -23 15 -49332
-3 17 -7 19 -68064
-19 -5 -19 -10 -64746
7 -12 8 -13 -43712
7 20 7 19 -56314
21 -5 22 -8 -56860
-1 -15 -2 -13 -41698
9 -22 11 -20 -53786
-6 18 -5 19 -61882
-2 -23 -3 -24 -40788
-10 -19 -14 -17 -60698
17 -24 15 -21 -56570
-16 -18 -16 -17 -50874
24 -12 24 -9 -63104
-24 -7 -24 -5 -54840
23 -7 -24 -7 -63034
9 -12 10 -11 -47186
8 -1 10 -1 -46746
-24 -5 -24 -4 -49586
-24 24 -24 23 -46684
-3 15 -2 15 -63772
-7 16 -7 17 -62424
13 6 14 6 -54398
22 -7 23 -4 -64472
2 9 2 16 -67824
