18 -1 19 -5 -64988
-20 -7 -20 -10 -73616
0 -2 24 -7 -88362
17 -16 17 -12 -56926
4 -23 4 -24 -53338
17 2 19 1 -57076
14 -24 16 -23 -56826
-4 -6 -5 -5 -67000
19 -24 22 -24 -67338
-3 14 11 16 -70804
8 23 9 22 -59856
-22 -6 -24 13 -65034
-19 -16 -20 -19 -70508
-17 -3 -13 -1 -63558
17 -18 19 -18 -65386
-20 0 -19 0 -65172
-5 -22 6 -23 -71286
16 12 17 13 -43364
-22 -13 -23 -14 -61270
18 -18 19 -19 -64076
19 6 18 4 -49024
23 17 24 20 -55760
-1 -1 0 -22 -91334
-24 2 -23 1 -52826
-9 -20 -9 -21 -60482
-24 -15 -24 -14 -49664
-13 -24 -12 -23 -54818
9 17 9 16 -49220
-13 24 -13 23 -52198
-16 13 -16 12 -44350
-24 23 -23 23 -50906
-23 24 -20 23 -62722
-21 20 -22 18 -63724
0 21 -24 21 -52150
-10 2 -11 5 -55188
-6 -15 -6 -14 -62906
2 -24 2 -23 -54974
1 22 1 20 -61122
-4 -23 -2 -24 -57960
10 -1 -7 -1 -90758
6 10 5 10 -59704
8 6 8 7 -42754
2 -7 1 -8 -64934
-17 -15 -18 -15 -60596
16 -3 16 1 -66384
24 1 23 3 -62310
15 8 16 6 -64710
9 -14 10 -15 -57650
20 -8 24 0 -76034
-7 8 -6 7 -67428
-12 -11 -12 -12 -63708
6 24 7 23 -55326
18 13 17 13 -53138
8 -7 8 -6 -64442
7 21 8 20 -59922
13 -6 14 -3 -57520
-5 -10 -5 -8 -85646
13 9 15 9 -52002
8 -19 6 -21 -72962
9 -18 0 -20 -72488
-1 18 0 19 -55488
-23 22 -24 24 -50686
0 -15 -1 -13 -66150
23 12 23 -5 -71004
24 1 24 3 -52694
24 9 24 8 -43948
5 -7 6 -6 -68748
10 -13 10 -16 -65658
-8 -8 -8 -6 -73130
5 -21 5 -20 -71686
24 -1 2 0 -80966
-4 22 -5 24 -61012
-24 6 -23 6 -54512
17 9 17 7 -51736
-16 22 -16 20 -56732
-16 -3 -18 -5 -62116
-24 -16 -24 -19 -49538
15 5 14 6 -63656
12 -14 9 -16 -56274
-8 19 -8 21 -58058
-15 -2 -15 0 -46962
-24 4 -24 5 -55330
-11 -23 -11 -24 -46308
12 20 13 19 -57144
-1 -3 0 -4 -67514
-20 -24 -20 -23 -53272
-16 1 -14 0 -64322
11 24 9 24 -39062
-15 15 24 10 -69922
24 -16 -22 -19 -72828
24 -12 23 -12 -45200
-11 -8 6 -8 -97950
-6 -5 -5 -24 -92322
-14 -17 -13 -15 -61274
17 3 17 5 -52310
8 19 8 16 -54478
-1 11 -2 -1 -59870
20 24 -6 24 -49736
-20 20 -24 20 -66678
14 -20 14 -21 -47800
24 7 23 7 -54374
14 24 13 21 -55718
24 -16 24 -17 -49878
19 17 19 19 -54110
16 -24 15 -24 -52194
-1 -8 0 -11 -69700
18 -17 -9 -16 -87586
-21 -8 -20 -7 -83632
-10 -2 -12 -4 -64052
-15 24 -13 24 -55128
-23 9 -24 6 -66138
-18 17 -20 18 -55552
2 -11 0 -10 -63932
-17 24 -17 23 -50550
22 2 24 2 -62122
-19 -24 4 -21 -68042
7 -23 7 -24 -41396
11 -22 12 -19 -58610
24 -15 23 -12 -66914
-1 -10 1 -7 -67620
-9 8 -10 5 -62522
-7 -7 -7 -8 -76156
13 -24 15 -24 -48336
23 -2 23 -1 -58020
9 24 -24 24 -54264
-19 -2 -17 -2 -67568
13 24 11 24 -46294
0 -3 2 -1 -65626
-19 -2 -18 -6 -63838
-1 -18 0 -21 -72268
4 -20 5 -16 -80546
-19 -12 -21 -15 -67150
24 -1 23 -1 -52876
7 22 7 24 -59972
24 -19 24 -22 -54824
-16 -13 -14 -17 -65064
-11 20 -11 21 -56282
-16 -24 -17 -24 -50548
5 15 4 15 -57674
14 17 14 16 -39560
3 21 2 20 -56550
-24 -8 -23 -12 -64686
8 3 9 2 -55420
8 -21 10 -21 -48024
-23 -12 -24 -10 -65768
13 0 12 0 -44540
24 -12 24 -13 -62156
-23 1 -21 5 -64680
7 -4 9 -24 -87364
-15 -9 -15 -7 -61918
22 -10 22 -12 -56344
-21 -23 -21 -20 -63076
-21 10 -20 12 -66376
10 24 10 23 -52920
17 18 16 19 -61590
-8 -2 -4 -2 -61102
-23 7 -22 6 -66080
0 -3 0 -7 -60288
-14 10 -12 8 -48468
14 3 14 5 -54640
-6 -2 -6 -3 -65108
23 -23 24 -20 -49442
6 -9 4 -11 -67016
24 -23 23 -21 -56906
-2 -12 -4 -12 -71024
2 17 2 15 -49562
18 -10 18 -8 -44914
-3 10 -9 13 -64444
-1 -21 0 -20 -60720
-4 -10 -4 -9 -84168
-23 0 -24 -1 -51114
-5 -21 -3 -20 -55582
-23 -7 -24 -10 -66286
-7 -1 -7 -3 -66730
-8 -10 -7 -9 -64362
-8 -23 -9 -22 -60364
0 20 -1 21 -60372
2 -5 -2 -5 -87112
17 24 17 23 -50632
24 0 24 -1 -55002
-23 -16 -24 -16 -59452
-4 -21 -3 -23 -71424
21 -23 18 -24 -62198
23 16 23 -6 -67742
23 1 19 4 -66132
-6 -22 -7 -19 -76264
10 0 9 -1 -55604
-2 0 -2 3 -47856
17 -24 18 -23 -50646
5 -19 5 -20 -78412
-21 3 -24 3 -60776
-2 11 -2 8 -41438
24 -13 23 -15 -58452
-21 2 -21 4 -63738
7 -6 -9 -5 -104194
24 -13 24 -14 -65816
-20 -24 -19 -24 -53474
-14 10 -14 9 -48504
-10 1 -9 4 -52906
-19 -20 -18 -22 -63216
15 0 15 -2 -62832
-2 14 -1 14 -52928
-5 -9 -2 -10 -76562
24 19 23 21 -55990
-22 -6 -21 -6 -70086
8 -12 9 -11 -70672
-4 -23 -4 -24 -52174
8 -20 8 -19 -69776
14 5 14 0 -57844
-22 1 -21 -6 -61716
-8 5 -6 7 -59786
-17 9 -18 11 -59758
22 23 17 23 -56518
21 14 22 13 -56366
-23 -2 -20 -5 -69696
4 -16 3 -13 -63208
-7 21 -8 23 -63500
-11 -21 -8 7 -75514
21 -20 21 -19 -54426
-18 -2 -23 -4 -75084
23 13 24 13 -47352
22 -4 2 -2 -85806
-23 -8 -24 -8 -58736
-24 9 -24 8 -61516
-24 -15 -23 -17 -61550
-1 14 -1 11 -43678
-19 11 -20 10 -68444
-9 -24 -6 -24 -53752
-14 19 -16 20 -56092
-1 -7 0 -7 -80530
-9 13 -10 13 -45914
23 15 23 16 -56600
6 -7 6 -1 -68640
16 -5 24 -5 -67858
-9 8 -8 6 -68008
-2 -2 -1 -24 -94400
3 -17 4 -16 -66706
-23 11 -24 11 -52772
-2 -18 -1 -18 -68696
-14 1 -15 2 -60170
3 12 5 11 -55482
24 20 24 22 -51514
-10 24 -11 24 -41234
-17 -19 -16 -18 -70460
22 -24 24 -24 -61140
-22 -23 -22 -24 -51350
-24 -5 -23 -6 -58768
17 -10 20 -9 -61594
18 14 20 11 -57580
-9 -15 -8 -8 -85710
-23 6 -23 7 -66818
19 24 23 24 -51236
22 -23 23 -24 -55086
13 10 13 9 -41742
-5 -10 -5 -10 -238922
-14 -11 -19 -13 -66416
-3 24 -3 23 -60898
2 0 3 -1 -57628
22 -19 21 -20 -60650
9 9 10 13 -46264
23 20 24 21 -55880
-8 6 -10 5 -59600
5 -6 7 -24 -91076
-24 20 -23 17 -61268
19 24 18 23 -47502
23 -8 24 -7 -54792
23 14 23 12 -46182
10 -21 -7 -19 -83920
-6 -22 -7 -24 -48458
22 2 23 -1 -68286
24 -5 23 -4 -55404
-23 8 -24 10 -65280
-3 -17 -3 -20 -77034
4 -4 3 -3 -60584
-23 -7 -24 -8 -69548
9 3 8 1 -66854
-12 -17 -12 -19 -67850
-23 0 -23 -1 -43636
-24 23 -24 21 -59858
21 7 24 8 -58058
3 -10 5 -24 -87408
-1 -24 0 -24 -52178
24 21 22 24 -56618
-9 -23 -10 -24 -54400
-24 11 -23 10 -57420
21 -3 21 -6 -65488
-8 -16 -9 -16 -42776
-6 11 -6 12 -47932
-15 15 -15 17 -46970
-16 -16 -16 -17 -70720
-4 -7 -8 -8 -64538
-17 5 -19 5 -58726
-24 -7 12 -3 -74816
-10 -4 -11 -6 -62330
12 -17 21 -22 -74174
-8 10 -7 12 -47268
-3 13 -1 14 -52730
10 16 12 16 -40370
24 -20 23 -17 -62166
13 10 12 10 -44898
-1 23 -4 21 -55036
11 -3 9 0 -56688
14 24 15 23 -60202
-20 24 -23 24 -59486
6 -1 6 2 -62778
24 -24 -3 -23 -73090
8 4 7 3 -62620
-17 3 -18 2 -60208
-10 14 -10 15 -48314
-15 16 -16 18 -58184
11 -12 11 -13 -64260
-2 3 -5 2 -49698
9 -22 5 -19 -53722
-10 -7 -9 -18 -89540
3 -14 7 22 -73580
23 21 22 22 -60060
24 24 23 22 -48100
10 -8 11 -9 -50400
2 24 0 24 -44552
-7 8 -8 9 -67210
-15 -20 -14 -20 -53128
4 8 6 9 -60366
-5 -23 -6 -22 -67518
9 -23 8 -24 -50178
9 9 10 8 -45364
-13 -18 -13 -20 -66310
1 14 2 16 -52012
-22 22 16 24 -53842
7 2 7 1 -63692
23 -7 24 -7 -52232
1 -23 18 -7 -85192
-24 20 -23 21 -59096
24 -7 24 -4 -53846
-9 0 -9 -2 -56230
9 -17 21 -17 -72864
-22 -18 -23 -20 -53102
22 -19 24 -19 -69908
-18 -5 -18 -6 -63372
-14 24 -15 24 -53878
-16 -24 -22 -24 -60540
22 15 22 16 -57282
9 -7 9 -4 -62678
0 -17 -1 -16 -72012
24 12 24 9 -45346
-11 -15 -12 -15 -44940
-24 21 -24 20 -63438
0 24 -2 22 -56408
-23 -21 -24 -24 -46676
19 -22 20 -24 -46902
-11 15 -12 13 -48502
-23 23 -22 24 -54156
24 16 23 17 -50250
-24 14 -24 13 -44184
-1 3 0 4 -59060
-17 21 -19 23 -60402
-2 0 -1 -1 -55326
-7 7 -7 5 -59496
24 -7 23 -6 -52756
23 -19 24 -17 -53154
-8 23 -8 24 -59700
-7 15 -7 14 -49144
16 21 16 22 -58542
-10 -23 -7 -24 -59292
-22 -22 -20 -23 -56334
-16 -24 -17 -23 -49958
7 -1 7 -3 -58288
13 -15 13 -12 -64612
17 24 15 22 -53316
23 22 24 23 -52290
0 24 0 23 -58676
-16 -23 -16 -24 -43630
19 -14 20 -14 -69696
-22 -22 -23 -22 -51116
-18 9 -17 10 -63460
-18 19 -18 17 -55428
1 4 0 4 -57764
-11 23 -12 24 -49226
-14 -23 15 -19 -81160
15 -12 14 -12 -49538
-24 11 -23 12 -54212
6 15 5 11 -54816
-24 24 -24 4 -58250
17 -3 16 -3 -60834
0 -15 0 -16 -66154
-8 24 -7 23 -50622
-10 6 -12 4 -57388
-8 -18 -8 -14 -66308
4 7 4 6 -43272
-13 -13 -15 -8 -66442
12 -2 12 -5 -57974
-15 8 -17 7 -55932
2 20 4 19 -57290
2 -19 4 -18 -62932
-23 -20 -24 -20 -52506
9 7 7 7 -52124
-14 -2 -13 -2 -59654
24 7 24 6 -40838
-15 24 -16 23 -47688
15 -22 -19 -24 -73646
-22 -12 -20 -13 -63986
8 -9 8 -10 -64152
12 -15 14 -15 -51810
-23 -21 -24 -20 -57718
-19 24 -18 23 -53500
-3 -6 -3 -4 -62534
8 24 7 23 -40288
-23 15 -22 16 -53652
-19 23 -20 21 -54414
-10 -23 -12 -24 -54816
-23 5 -22 1 -64892
-5 0 23 -14 -91080
-10 0 -12 1 -57850
23 16 24 17 -52154
2 -21 7 -4 -95664
-12 23 -13 22 -55880
-20 -20 -17 -18 -65052
-5 -5 11 -5 -95436
-6 0 -6 -1 -58392
-8 -12 -8 -13 -69482
-10 23 -9 24 -51534
-17 -13 -16 -11 -63400
24 -24 20 -24 -68338
20 -24 21 -23 -52722
-16 -7 -19 -10 -78732
0 0 -1 -1 -62554
4 24 4 23 -55778
-21 -15 -21 -16 -61650
0 23 -1 24 -53876
23 -21 -4 -22 -81680
-20 -9 -19 -10 -62448
15 24 17 23 -62680
9 14 10 12 -48094
2 6 22 6 -70986
7 12 7 11 -47614
15 -15 17 -19 -53638
5 -2 6 -1 -53440
-4 20 -5 19 -59992
-23 -13 -24 -13 -60886
-17 11 -19 12 -56372
18 -13 21 -13 -70676
3 4 4 1 -53116
-16 -24 -15 -23 -53060
24 -16 23 -14 -59962
-20 7 -21 7 -61164
19 24 21 23 -55278
23 -20 24 -21 -67600
0 -23 0 -24 -54534
-24 -22 -24 -21 -49572
10 -12 9 -21 -73554
-10 -7 -8 -8 -62174
23 13 24 14 -49140
4 23 6 23 -46214
-7 23 -6 24 -48856
19 -7 19 -6 -51768
-23 -15 5 -15 -76510
-2 -18 -2 -17 -71800
16 -3 21 -1 -61436
1 16 0 18 -50616
-24 17 -23 15 -60214
-11 -7 -13 -6 -60120
-2 22 0 18 -64070
4 8 0 8 -55296
18 8 16 10 -62464
-8 -2 -9 -2 -59174
-4 13 -5 13 -51666
-11 18 -10 17 -47762
-6 -19 -6 -20 -69814
17 17 18 17 -53766
-12 -7 -10 -7 -60392
15 -4 16 -4 -59702
17 22 15 24 -67570
2 2 0 1 -63802
3 -10 -6 -9 -94748
-22 9 -22 6 -71864
23 5 24 6 -51954
24 -10 24 -9 -42858
-22 15 -22 14 -47936
17 -11 17 -12 -52844
-14 13 -11 13 -47654
-24 -10 -23 -14 -63044
-24 20 -24 19 -61318
16 -24 16 -22 -36746
24 -2 22 -7 -69920
-21 -6 -22 -8 -86634
24 9 23 11 -50218
9 -7 8 -10 -74132
-20 -11 -18 -3 -88236
-24 16 -23 15 -60044
-4 -10 -4 -11 -78178
7 -10 9 -8 -75464
7 -12 8 -13 -55650
7 20 7 19 -52470
-3 6 0 7 -54524
24 -19 23 -19 -63096
17 24 11 23 -51856
-6 18 -5 19 -57884
-2 -23 -3 -24 -52082
-11 -1 0 -10 -90006
-3 -10 -4 -11 -69234
-16 -18 -16 -17 -73296
-15 -1 -14 -22 -79454
-24 -7 -24 -5 -63472
3 22 5 24 -53896
19 3 24 4 -62104
-18 4 -18 3 -52096
-24 -5 -24 -4 -54996
-24 24 -24 23 -44936
24 -24 -24 -11 -68620
19 22 20 17 -67084
-21 -19 -23 -17 -66752
-22 13 24 14 -60482
-6 16 -5 14 -50810
