-1 24 -4 24 -53852
19 8 18 9 -51678
4 13 3 13 -67164
17 23 18 24 -46904
-11 22 -9 23 -68112
24 -5 23 -11 -46480
22 18 -21 13 -70100
-9 -7 -9 -8 -47046
-6 14 -7 13 -80012
23 -15 24 -14 -57370
3 -14 5 -10 -69236
-23 -23 -20 -23 -57802
7 -3 8 -6 -66192
-16 -21 -14 -21 -66358
7 5 -17 2 -82682
24 18 22 17 -67404
13 -1 14 -1 -68308
14 -7 15 -9 -60710
18 -8 17 -9 -71312
16 -12 17 -13 -53312
24 22 -24 19 -52942
-1 -8 -2 0 -62552
-17 -24 -17 -19 -69230
0 21 0 24 -58480
-5 -19 -5 -21 -62022
-14 23 -12 20 -66726
-14 22 -14 21 -61422
-11 -24 -10 -20 -59954
6 -8 6 -8 -239418
-11 -17 -11 -18 -56478
-12 -10 -13 -13 -44748
12 -11 11 -13 -73082
-2 9 -1 14 -70450
10 23 12 24 -59714
-22 -22 -20 -24 -56422
-8 0 -10 -1 -52800
2 -21 4 -24 -73418
21 -3 19 -4 -56418
-21 24 -1 24 -54964
11 -14 9 -16 -67380
-15 -5 -14 5 -67138
12 -5 14 -3 -80002
0 12 0 14 -64276
-10 -18 -10 -24 -65516
-16 -7 -18 8 -76458
-6 24 -6 21 -73806
11 -20 11 -21 -60394
-1 -10 -3 -11 -56834
5 -23 5 -22 -64612
3 23 3 21 -52626
18 -14 19 -13 -58748
1 -21 0 -20 -63740
19 -3 24 -6 -60376
13 -22 14 -19 -63734
-20 24 -20 21 -61224
-14 -15 -16 -15 -48572
15 6 15 7 -39100
3 6 3 7 -54122
-22 15 -22 16 -62300
-18 6 -15 6 -62318
-15 15 -14 14 -56646
-5 22 -7 24 -60176
22 6 24 6 -63482
-6 9 -6 -5 -89064
-20 8 -19 10 -70584
23 16 23 19 -45664
6 24 4 22 -50588
-20 -3 -19 -2 -52372
-1 4 -3 -12 -84046
24 24 23 18 -62072
7 -7 17 -8 -74110
-1 24 -2 24 -52510
-9 15 -10 14 -71746
12 20 13 20 -78036
-23 -12 -22 -15 -51806
-8 -17 -11 -17 -43404
-24 -15 -21 -16 -55650
17 -16 16 -17 -52676
-23 20 -23 23 -53136
10 20 14 22 -74496
-19 13 -14 13 -64698
-7 -11 -8 -13 -63076
12 8 14 8 -52340
-23 8 -21 10 -63050
24 4 24 3 -51442
-6 19 -4 15 -65248
-22 12 -21 14 -65410
13 -23 19 -23 -58020
3 13 2 14 -68844
-19 18 -20 16 -66184
-4 0 -3 6 -86162
-24 5 -23 21 -65826
19 12 20 13 -59960
-3 24 -4 23 -52218
-18 -20 -19 -16 -61610
-8 21 -6 19 -67284
5 -1 5 -4 -54678
-11 6 -9 7 -66066
12 -23 12 -22 -54976
-8 12 -8 10 -53048
20 6 19 6 -68704
3 5 4 5 -56120
24 -12 23 -13 -60458
-15 4 -15 2 -67042
-13 23 -14 22 -54864
-4 -10 -5 -12 -65146
-16 23 -13 22 -62936
-24 -13 -24 -13 -239418
18 -10 18 -11 -51472
-9 22 -7 24 -67926
24 17 22 16 -65970
22 -21 20 -19 -69926
22 19 21 -19 -67762
20 -24 23 -24 -59890
-22 -10 -24 -14 -63968
-1 12 -4 12 -76770
7 -24 8 -24 -63706
-20 -17 -21 -18 -62190
-1 -23 -4 -23 -51582
-7 22 -7 24 -66808
13 0 10 0 -65926
7 -17 7 -14 -55550
-8 1 14 -7 -94212
-23 -17 -24 -19 -62624
23 1 24 -5 -49962
10 12 10 13 -59094
2 23 0 24 -61412
-20 18 -23 16 -64652
23 -11 23 -13 -49732
-12 22 -16 24 -64210
22 -15 24 -18 -64972
10 -22 11 -24 -62536
-24 19 -24 18 -51234
1 5 3 3 -67428
-1 -23 -1 -21 -68402
8 -17 13 -17 -73368
23 22 22 19 -68106
16 18 18 19 -56422
-6 19 -6 18 -70668
13 -16 6 -14 -67942
-23 7 -22 5 -70334
14 18 13 20 -69274
-3 10 7 11 -81478
-20 16 -20 14 -65520
11 24 10 21 -48280
12 -19 16 -19 -62948
-4 11 -2 11 -74608
10 0 11 -1 -53992
19 -6 17 -6 -66116
12 -13 13 -10 -67022
-11 -10 -11 -9 -52480
-9 -15 12 -14 -81700
-22 21 -24 22 -48136
16 18 15 14 -52910
-22 19 -23 21 -59780
17 2 15 4 -53982
20 -22 20 -21 -52014
17 13 15 15 -53310
-23 20 -19 1 -78108
-19 -1 -19 0 -56370
2 -21 1 -22 -55874
-20 1 10 2 -83010
-2 -1 7 -24 -79060
5 -24 4 -24 -46848
-4 -15 -4 -14 -55536
-23 -3 -24 -3 -54802
-23 -7 -23 -8 -43938
-5 -20 -4 -21 -65536
7 13 7 14 -60494
6 -17 5 -19 -59728
24 10 24 8 -51118
-6 -19 -8 -24 -64622
-17 -24 -15 -23 -64114
24 -10 23 -10 -46918
-7 24 -10 24 -56706
-7 0 -6 3 -68980
15 16 12 9 -72280
24 11 21 11 -70386
17 24 19 22 -57002
-24 0 -23 -2 -50280
-20 -7 -19 -10 -50380
0 17 0 16 -59176
-14 -24 -16 -23 -60772
-18 -1 -16 -1 -53970
24 -12 22 -12 -55262
21 5 20 5 -72490
22 24 21 22 -65418
-2 -7 -1 -6 -61714
0 -15 -2 -17 -60000
-13 8 -13 10 -55394
13 -21 16 -24 -55716
-9 12 -12 12 -70198
-24 -7 -23 -4 -42688
0 14 7 20 -82586
10 -19 10 -18 -48900
23 0 23 -1 -48174
17 23 17 21 -50746
22 -23 24 -19 -53410
3 -11 2 -9 -55966
-22 14 -21 14 -59304
21 19 23 19 -73814
2 -24 2 -22 -66156
24 9 24 4 -63252
9 19 7 17 -62800
-24 -11 -24 -15 -52508
-13 -20 -13 17 -73662
-24 -1 -24 0 -44178
21 -23 16 -24 -62774
-9 24 -10 23 -65700
4 -21 4 -24 -70030
10 23 11 21 -58752
11 22 12 21 -66882
-3 0 0 5 -68416
13 19 13 21 -53826
-1 0 -3 1 -63236
-6 -3 -4 0 -59334
-12 18 -12 17 -60222
24 2 23 4 -46526
-4 16 -4 15 -64216
-20 10 -18 9 -64928
-4 0 -5 2 -69192
-23 -15 -24 21 -61770
-11 21 -11 18 -62926
6 -7 6 -8 -56696
-2 -17 -1 -17 -57448
-4 -21 -5 -24 -62076
-24 21 -23 23 -45856
-12 21 -11 21 -60006
-1 10 -2 11 -66586
-23 -21 -23 -23 -62856
-11 -13 12 -1 -89892
-18 24 -19 20 -69646
-14 6 -13 6 -63574
19 3 18 2 -56318
-15 -24 -13 -21 -67990
3 -15 0 -16 -61994
16 7 -6 10 -87880
0 -6 1 -5 -61896
-23 13 -23 15 -57918
21 -21 23 -20 -59982
-23 -4 -24 -3 -50984
11 -23 12 -24 -60252
7 -6 10 -5 -55050
-15 -23 -11 -23 -67408
2 10 1 9 -62042
3 2 4 1 -53502
2 -19 6 -22 -66710
0 -22 1 -24 -68678
9 -2 24 8 -77008
-6 -4 -6 -3 -42800
9 2 6 -18 -87540
-24 -23 -23 -21 -59794
-15 -21 -15 -22 -62412
-3 -15 23 -18 -82222
24 24 22 21 -61898
22 24 23 21 -49322
-13 -18 -13 -19 -59276
-24 -21 -22 -17 -74472
-8 -7 10 -4 -88108
0 -24 2 -24 -53462
-20 -12 -21 -13 -64760
-4 14 -7 12 -79100
5 -24 9 -24 -64494
7 0 7 -23 -78050
-23 0 -24 -1 -51466
9 -24 10 -24 -70134
-13 -24 -9 -23 -52486
0 -14 0 -13 -60050
6 -5 7 -6 -62204
-17 24 -16 22 -55828
14 19 16 19 -76988
-1 -1 2 -4 -59220
-24 -23 -23 -18 -72052
14 -4 16 -5 -65248
15 -6 20 12 -75650
21 0 18 3 -61960
12 -24 11 -24 -59284
-4 15 -3 15 -66730
-24 2 -24 3 -46742
-22 -24 -24 -3 -58904
21 -23 22 -23 -63238
18 -18 20 -24 -65128
-7 -24 -10 -21 -52938
23 24 19 21 -70460
-21 -21 -24 -18 -59392
12 22 15 23 -70642
18 0 19 0 -62140
22 24 13 24 -59884
-4 3 -4 1 -78396
-21 23 -17 21 -62652
-24 6 -24 2 -52968
-24 -15 -24 -19 -46674
-22 4 -19 7 -63838
-20 -17 -21 -17 -60216
-5 -22 -3 -23 -62662
-6 -20 -8 -20 -51346
13 17 15 15 -68292
-4 -22 -4 -23 -64202
-24 -13 -21 -14 -56370
-20 12 -21 9 -73032
18 -4 13 -5 -84706
-8 17 -12 18 -70204
-2 -16 -1 -20 -54490
1 -14 5 -14 -57886
0 -12 22 -15 -79168
0 -6 2 -5 -60978
19 10 19 12 -56094
-2 3 -3 3 -62020
3 -14 3 -17 -57900
13 0 -10 -3 -97602
-14 -24 -15 -23 -52970
6 -14 4 -17 -70594
-16 -18 -17 -13 -58878
-5 -16 -5 -17 -50584
0 -10 -1 -9 -58338
0 -16 -1 11 -87366
-23 11 -22 10 -62976
-9 5 -9 3 -71302
-12 -2 18 -2 -99332
23 -17 23 -21 -59052
23 -14 24 -17 -55456
15 0 13 -3 -64700
-2 22 -1 24 -57350
-16 24 -17 22 -57598
11 -22 10 -23 -56118
-17 4 -18 4 -56784
-6 19 -6 23 -73956
0 0 3 2 -55330
-14 6 -15 8 -58060
19 17 20 16 -59772
-19 -24 -16 -23 -58218
17 12 15 9 -67042
1 21 -1 21 -59868
-22 23 -19 22 -61036
-10 -16 -10 -15 -49788
23 4 24 7 -68604
-5 6 -12 7 -73234
23 -18 22 -18 -57756
-6 -6 -2 -11 -60830
-23 -5 -20 -5 -63720
-20 -9 -23 -9 -60856
7 -8 -6 6 -93916
-4 15 -2 16 -69854
-18 16 -19 16 -59562
18 -12 19 -12 -59576
0 19 -1 16 -61746
4 18 5 17 -69368
23 -10 -10 -4 -86672
-11 -8 -10 -10 -48266
-11 0 -16 1 -62576
19 -23 17 -22 -54980
8 8 10 10 -50882
11 -24 7 -24 -73674
-14 11 -12 11 -64170
19 8 16 5 -64674
23 -1 22 -1 -54566
6 7 8 6 -53714
7 24 13 23 -60838
-7 -13 -7 -12 -55818
21 -22 -24 -22 -58666
2 21 4 22 -66508
21 12 22 12 -72500
6 14 6 9 -64162
-23 15 -24 21 -60502
-6 -17 -4 -15 -55832
-21 12 -21 11 -61504
23 -15 22 -18 -53102
16 -5 14 -6 -86818
-18 -16 -18 -15 -53682
-14 -24 -11 -24 -61074
-14 -5 -14 -8 -38096
-22 -1 -18 2 -63226
-22 8 -23 8 -58198
24 12 22 13 -62698
-2 -5 0 -6 -59098
-6 11 -11 14 -70184
19 -18 19 -20 -59750
24 12 22 1 -88908
13 -12 12 -12 -62876
-24 -10 -23 -8 -55346
-22 11 -24 12 -55556
7 17 7 18 -69722
0 3 0 5 -54600
-16 11 -16 9 -59732
-6 3 -3 1 -68948
24 1 24 0 -47562
17 -23 18 -22 -54756
-24 11 -23 4 -64926
12 10 10 10 -54458
-8 -11 -4 -8 -59896
-9 -3 -13 -4 -60374
-9 19 -4 19 -66190
11 -9 9 -15 -73202
18 17 5 14 -80056
-9 -7 -14 -9 -55692
14 -22 13 -23 -55626
19 1 17 24 -67466
-2 -10 -2 -11 -58626
0 11 1 12 -67868
21 23 20 24 -48112
24 -3 22 -4 -47072
-7 -23 -4 -24 -56526
13 -10 11 -12 -73048
14 -11 11 1 -74100
-21 -5 -22 -2 -48510
-24 -6 -22 -6 -60146
-11 -3 -12 -3 -57868
21 21 22 18 -58000
19 -14 20 -15 -49616
5 23 8 24 -49282
-12 7 -10 4 -71958
-21 -21 -21 -22 -69772
-16 -6 -17 -6 -44204
1 13 3 13 -73178
19 -24 21 -24 -60440
-20 -22 -18 -22 -56722
-17 -14 -18 -14 -49204
4 19 1 20 -73158
17 -1 17 -1 -239418
10 -23 8 -20 -68422
4 23 5 22 -67358
8 -3 6 5 -48138
14 -8 17 -6 -85296
-6 7 -6 3 -80186
-21 23 -24 23 -48852
5 11 5 8 -55182
4 -12 4 -13 -57902
-9 8 -2 6 -73966
5 -24 -3 -24 -61664
-13 2 -13 1 -59630
23 -14 23 -13 -49664
1 9 -1 11 -65916
-19 24 -23 22 -58236
14 24 17 23 -63364
-11 16 -11 15 -62838
11 22 8 24 -57732
23 11 19 7 -76978
6 -7 7 -4 -62662
-20 -7 -19 -5 -45436
-5 13 -5 12 -68286
2 2 22 4 -68304
21 -12 23 -8 -63330
5 -4 -13 -3 -83998
-19 -15 -18 -13 -59558
-19 4 -20 0 -63370
-1 -19 -3 -21 -59744
-22 -11 -22 -9 -58688
-18 19 -14 19 -57294
24 -19 23 1 -56558
23 21 20 21 -67838
14 -9 14 -5 -63880
-14 -22 -16 -24 -67846
-4 -24 -12 -24 -50242
12 17 12 18 -57254
22 7 23 7 -70774
-20 20 -16 24 -65774
-23 -20 -24 -21 -61414
22 -2 23 -7 -49854
24 13 24 16 -49750
-15 2 -16 4 -68416
21 -16 -18 -20 -72612
18 1 -13 12 -92966
11 -1 9 -3 -60168
-24 -12 -24 -10 -56326
-2 -20 19 -22 -77794
24 -19 23 -18 -56384
-13 6 -12 8 -62886
-11 24 -8 21 -65054
8 14 9 15 -62668
17 19 12 20 -85684
-10 -10 -8 -9 -53262
-22 6 -22 8 -59540
0 -21 -1 4 -85210
0 6 0 -15 -92752
12 -3 11 -6 -69112
-10 -6 -11 12 -81032
-7 19 -7 17 -72238
-24 3 -22 3 -51966
-20 7 -19 6 -65900
14 11 14 10 -53034
21 20 24 18 -62910
-7 3 -6 7 -79252
-24 5 -23 4 -58634
23 0 24 1 -52560
6 -14 9 -13 -61078
23 -21 24 -18 -56122
-12 17 -14 13 -64314
3 7 3 8 -53676
-24 -24 -21 -23 -48058
6 20 4 20 -70610
-17 8 -15 10 -67870
24 9 24 13 -47130
9 12 8 13 -56822
12 -8 12 -9 -56158
-9 11 -8 12 -63896
21 -5 22 -9 -51746
15 -3 15 -2 -47218
8 19 8 15 -71418
-7 15 -7 12 -70124
-17 -23 -18 -22 -56052
-18 19 -18 16 -59764
5 22 3 23 -71916
1 23 0 24 -57664
-24 -19 -21 -24 -65894
8 13 6 12 -57692
5 21 5 17 -63694
24 12 22 0 -88992
4 -1 2 -3 -56426
24 15 24 14 -47656
4 -1 -6 0 -82068
-10 5 -12 6 -70284
-13 -11 -14 -24 -70398
