-1 24 -4 24 -57284
19 8 18 9 -61072
-3 -21 -7 -21 -75654
17 23 18 24 -50000
24 -23 24 -24 -43100
-1 -16 -4 -14 -66614
-9 2 -9 1 -44776
22 -9 17 -8 -70170
15 11 16 14 -54110
23 -15 24 -14 -56134
14 2 15 -2 -64872
-23 -23 -20 -23 -53162
6 -22 7 -23 -60380
22 -24 23 -24 -63552
-1 -5 0 -5 -58986
-20 7 -20 6 -59984
-1 -3 -23 -23 -74522
-12 7 -11 6 -66334
-19 -5 -19 -3 -65908
1 -19 1 -20 -68462
24 22 -24 19 -57138
-7 13 -9 17 -58956
18 9 14 14 -61462
0 21 0 24 -52740
10 -13 7 -14 -58232
11 0 1 -23 -95132
-14 22 -14 21 -65022
-11 -24 -10 -20 -59206
-5 -11 -4 -7 -91350
-21 5 -19 7 -58468
-12 -10 -13 -13 -54664
-13 19 -15 23 -60702
24 -20 22 -24 -61060
10 23 12 24 -48118
-22 -22 -20 -24 -48290
-12 -2 -12 0 -51358
13 0 15 2 -57908
-7 -9 -13 -10 -74870
-21 24 -1 24 -60428
15 6 14 3 -57058
-8 23 -5 23 -55924
-22 2 -19 1 -55556
0 12 0 14 -50330
-1 0 0 3 -53816
-9 -23 15 -22 -74608
22 23 -15 22 -63822
-7 24 -11 24 -64986
18 -19 0 -19 -86420
5 -23 5 -22 -52448
3 23 3 21 -45334
14 -16 12 -18 -70638
23 9 24 -11 -69256
6 1 4 2 -56274
12 -15 14 -17 -70234
-20 24 -20 21 -50596
-14 -15 -16 -15 -63202
-11 -23 -12 -20 -56896
-11 8 -11 7 -60756
-22 15 -22 16 -47028
-9 -15 -12 -17 -74488
-12 -6 -11 -4 -72970
-5 22 -7 24 -48316
-5 -5 -10 -3 -81048
-22 2 -23 6 -64192
-5 11 -5 10 -56254
23 16 23 19 -42156
6 24 4 22 -44420
-13 -2 -16 -2 -71254
21 -22 20 -3 -74212
24 24 23 18 -54770
7 5 7 3 -56940
-1 24 -2 24 -55344
15 7 15 8 -50130
-4 7 -11 4 -61850
-23 -12 -22 -15 -62014
-8 -17 -11 -17 -65176
-24 -15 -21 -16 -56124
1 2 3 3 -54354
-23 20 -23 23 -38472
-10 -6 -9 -6 -71804
16 -18 11 -2 -88848
-15 7 -11 5 -69278
4 20 7 20 -50124
9 -7 8 -8 -63640
24 4 24 3 -62006
12 18 9 19 -58284
-11 -23 -8 -23 -61792
1 -18 1 -17 -68914
10 14 11 14 -58298
-19 18 -20 16 -57800
-24 -17 -24 -14 -58754
-11 -9 -4 -7 -83388
19 12 20 13 -59958
-3 24 -4 23 -53020
-18 -20 -19 -16 -65426
16 18 16 21 -56074
13 -6 13 -11 -72602
17 -1 21 -2 -63116
6 -3 6 -7 -68706
-8 12 -8 10 -58450
20 6 19 6 -54342
-5 -5 -3 -14 -84724
24 -12 23 -13 -65542
-16 17 -11 20 -59312
-13 23 -14 22 -59664
-5 6 -1 9 -58812
22 9 24 7 -62460
-9 -14 -10 -18 -75534
-16 22 -16 23 -63804
-9 22 -7 24 -66296
24 17 22 16 -48014
-21 -6 -20 -7 -62774
11 3 10 0 -68022
20 -24 23 -24 -67396
-22 -10 -24 -14 -64644
5 2 6 -3 -65478
8 -23 7 -23 -54136
-20 -17 -21 -18 -70678
-1 -23 -4 -23 -56748
-7 22 -7 24 -49058
12 -4 10 -8 -71058
-24 -3 4 -4 -79112
-2 6 0 7 -54466
-23 -17 -24 -19 -60238
14 -8 20 -9 -65396
10 12 10 13 -41220
2 23 0 24 -55428
10 -16 -10 -7 -78002
-15 -19 -13 -19 -69158
-20 22 -17 23 -57902
-10 12 -12 13 -54610
-4 21 -3 20 -53728
19 -4 15 -12 -73516
-11 -20 -10 -18 -69088
24 -9 24 -10 -56658
15 -7 11 -7 -64876
10 -11 10 -13 -45988
16 18 18 19 -57112
-6 19 -6 18 -46600
-22 -11 -24 -6 -62124
-23 7 -22 5 -66428
19 -8 20 -10 -70092
24 12 22 10 -58206
12 11 9 10 -60366
11 24 10 21 -46240
16 -23 16 -24 -45336
-12 -2 -4 -2 -81786
14 -19 13 -17 -60584
8 -8 8 -5 -72352
13 -12 11 -14 -60752
-10 -9 -9 -8 -75738
7 -1 1 -24 -91190
-22 21 -24 22 -50188
-8 18 -8 -17 -83520
-22 -3 14 -3 -79816
-5 -12 -5 -10 -78782
-7 -23 -7 -21 -63650
23 3 22 6 -72626
24 -11 24 -15 -52634
14 -18 12 -17 -75068
-8 -9 -8 -10 -70200
-22 23 -24 24 -44138
15 -17 17 -17 -67690
5 -24 4 -24 -48740
15 -18 14 -20 -70746
-23 -3 -24 -3 -47852
-23 -7 -23 -8 -56810
24 21 22 23 -55262
3 -6 2 -6 -53202
7 0 7 -1 -64554
24 10 24 8 -54052
24 -5 24 -7 -42108
-17 -24 -15 -23 -58354
24 -10 23 -10 -46864
-7 24 -10 24 -64128
-9 -23 -8 -22 -60024
22 5 21 5 -62994
24 11 21 11 -67670
17 24 19 22 -55606
-24 0 -23 -2 -52250
-2 24 22 22 -57830
-10 -18 5 -2 -96152
-14 -24 -16 -23 -58306
-9 -9 -9 -6 -74674
22 9 21 7 -63938
23 -20 23 -24 -64178
22 24 21 22 -63056
13 10 12 11 -52862
11 -6 11 -7 -72636
9 -13 7 -19 -57174
1 -5 1 0 -54934
3 4 2 4 -50514
-24 -7 -23 -4 -53626
-6 -17 -7 -15 -66194
24 -19 24 -20 -46732
-22 7 -23 12 -51400
17 23 17 21 -61342
-15 -10 -15 -9 -59292
24 0 22 -3 -56286
-22 14 -21 14 -53252
-6 -18 -6 -20 -68656
-16 -9 -17 -7 -68114
24 9 24 4 -61418
9 19 7 17 -46660
-24 -11 -24 -15 -60002
-16 6 -17 8 -65522
-24 -1 -24 0 -50038
0 -12 0 -9 -86802
-9 24 -10 23 -62528
-4 -6 -4 -7 -57664
10 23 11 21 -48414
8 -20 6 -18 -60656
24 0 24 -1 -62276
13 19 13 21 -52002
22 -1 24 -2 -60130
-5 21 -5 22 -53942
-12 18 -12 17 -53716
24 2 23 4 -69978
-24 17 -21 19 -55060
-20 10 -18 9 -51860
-1 13 -2 15 -52914
-23 -15 -24 21 -57386
-11 21 -11 18 -56782
-16 -6 0 0 -88116
-4 -16 -3 -15 -71622
10 -24 24 -24 -76198
-24 21 -23 23 -42602
-12 21 -11 21 -51990
-1 10 -2 11 -55278
-23 -21 -23 -23 -55540
24 -3 22 -6 -51524
-18 10 -1 -8 -88530
1 23 -24 23 -60564
24 -24 23 -23 -47474
1 11 1 8 -48510
-17 22 -16 18 -58858
16 4 16 1 -63056
21 -14 12 -13 -77710
-23 13 -23 15 -38730
24 20 -20 4 -69088
-23 -4 -24 -3 -50952
-14 -5 -14 -6 -66754
-22 -4 -22 -22 -75170
12 -7 16 -8 -67974
0 -23 1 -22 -59432
13 -22 11 -23 -72704
-15 -9 -15 -7 -66692
0 -22 1 -24 -57606
1 18 3 19 -47562
2 2 2 -1 -65756
-2 18 0 -19 -85390
-24 -23 -23 -21 -54270
-15 -21 -15 -22 -46358
-6 -24 -4 -22 -61646
24 24 22 21 -60594
22 24 23 21 -61060
24 -4 24 -14 -68576
17 -13 17 -12 -59020
18 -24 17 -24 -69646
24 2 24 0 -70028
-2 -19 -21 -13 -80022
-15 -8 -11 -10 -64058
17 -5 17 -4 -47410
24 -12 23 -10 -55498
-23 0 -24 -1 -55534
0 7 2 6 -41946
-13 -24 -9 -23 -61964
23 3 24 3 -49532
-7 -4 -6 -5 -64250
-17 24 -16 22 -48440
16 9 15 8 -49216
16 -23 17 -24 -60696
-24 -23 -23 -18 -65720
-12 -15 7 -15 -81010
-21 23 -19 24 -64028
21 -24 21 -21 -64152
15 7 14 7 -47236
-4 15 -3 15 -47560
-24 2 -24 3 -48814
17 16 15 16 -49266
-16 -2 -16 -6 -71734
14 -12 15 -10 -62288
-7 -24 -10 -21 -60260
-10 -11 -11 -10 -66346
-22 2 -23 0 -58688
12 22 15 23 -50762
-5 9 -3 8 -56148
22 24 13 24 -53814
-16 18 -16 16 -56268
-10 18 -9 15 -55380
-24 6 -24 -4 -60712
-24 -15 -24 -19 -61170
-8 8 -10 10 -62002
-20 -17 -21 -17 -62572
-5 3 -6 8 -60824
-11 1 -16 1 -78262
8 -20 13 -23 -65702
-4 -22 -4 -23 -65910
-24 -13 -21 -14 -55882
-2 6 -1 8 -57996
-16 2 -17 3 -55540
-22 -20 -23 -17 -61628
15 6 17 4 -55690
17 0 17 -1 -61344
7 -9 8 -10 -62604
18 2 19 0 -73860
19 10 19 12 -59030
-16 0 -15 2 -56462
-8 2 -7 4 -52650
10 3 8 0 -68640
-14 -24 -15 -23 -54398
17 -9 15 15 -79696
-19 7 -17 13 -59244
-5 -16 -5 -17 -70420
23 -4 21 0 -64956
20 -13 19 -13 -60636
-23 11 -22 10 -61406
0 -19 -2 -21 -69506
23 -24 21 -23 -66056
-7 14 -6 14 -49720
23 -14 24 -17 -43924
12 -8 5 -8 -73490
-2 22 -1 24 -53526
-16 24 -17 22 -58824
0 2 18 4 -79666
-12 9 -12 12 -57070
20 -16 20 -19 -47582
19 24 19 21 -65524
-13 -16 -13 -18 -74888
-5 -12 -4 -11 -79432
-19 -24 -16 -23 -57284
13 -21 15 -21 -76994
1 21 -1 21 -57300
-22 23 -19 22 -56984
-10 -16 -10 -15 -67634
23 4 24 7 -57152
14 12 12 -20 -82194
10 19 12 20 -53604
5 -23 -11 -23 -73994
10 -24 10 -23 -42462
-7 15 11 -24 -88008
-16 -14 -16 -13 -69762
21 -2 -18 -1 -82634
-18 16 -19 16 -52224
5 -8 4 -1 -70382
-12 14 -14 13 -55120
-11 13 -11 15 -48228
24 -3 23 -3 -48188
0 -20 0 -17 -80598
0 -11 1 -12 -61414
-3 -10 -5 -24 -86802
-4 18 0 20 -56766
22 14 20 16 -57694
-22 -4 -18 -1 -67660
0 -9 0 -8 -70024
8 -14 10 -16 -53908
-15 -17 -12 -19 -68772
3 9 7 14 -51640
0 2 1 -2 -64500
-2 -1 -4 -1 -55150
2 21 4 22 -48262
21 12 22 12 -70420
-4 -18 -6 -18 -72666
10 -24 0 -23 -66112
-6 -17 -4 -15 -76722
-21 12 -21 11 -42850
-15 3 -14 5 -58950
24 21 24 -6 -65978
-18 -16 -18 -15 -64564
-14 -24 -11 -24 -58058
-8 -2 -10 0 -59616
3 0 4 -23 -85642
-22 8 -23 8 -54680
24 12 22 13 -60224
19 -9 19 -13 -73904
-16 12 -13 12 -50774
21 -20 21 -19 -56104
-15 -4 -13 -1 -67262
24 24 22 22 -52516
-24 -10 -23 -8 -58386
-22 11 -24 12 -54668
1 -22 0 -24 -60464
-6 13 -6 18 -50092
-16 11 -16 9 -53216
-22 20 11 19 -61400
24 1 24 0 -69442
20 -24 18 -24 -64908
20 -1 21 -1 -59154
20 -1 -2 -1 -80238
17 23 15 22 -58510
8 14 8 17 -38342
24 2 23 -21 -66414
19 11 2 19 -74282
10 -23 12 -23 -61294
-3 -23 -4 -22 -63258
14 -22 13 -23 -71964
20 -8 23 -10 -66384
-1 -14 0 -11 -77380
0 11 1 12 -43470
21 23 20 24 -51200
10 -4 10 -5 -58128
-7 -23 -4 -24 -63458
20 -16 18 -14 -60630
-24 15 -23 18 -43664
-21 -5 -22 -2 -58248
-13 -10 -22 -13 -67832
4 -7 5 -12 -75368
21 21 22 18 -56982
-2 -23 22 -6 -83164
5 23 8 24 -43260
-12 22 -11 23 -62098
-21 -21 -21 -22 -60320
-16 -6 -17 -6 -57668
17 -20 19 -22 -64978
11 4 7 3 -56782
-20 -22 -18 -22 -57984
-17 -14 -18 -14 -59332
-11 -18 -13 -19 -72254
22 -12 23 -11 -70982
-1 0 -2 1 -55056
4 23 5 22 -43882
6 5 5 4 -68508
-4 -23 -4 -24 -54570
19 -21 17 -23 -65382
-21 23 -24 23 -57984
5 11 5 8 -46338
3 5 4 7 -64206
0 -11 1 -9 -75528
-10 -3 -11 -11 -84884
17 -23 12 -24 -74502
9 6 10 2 -54282
17 -10 16 -5 -69872
-19 24 -23 22 -68378
14 24 17 23 -50670
-18 4 -16 7 -64802
11 22 8 24 -45078
10 11 9 8 -47958
11 -5 12 -6 -64892
-20 -7 -19 -5 -61528
18 -11 12 -6 -77262
-17 -14 -17 -12 -70704
-10 11 -6 12 -57294
24 -19 21 -19 -66332
-19 -15 -18 -13 -68804
-4 18 -5 -8 -79692
-8 -3 -8 -2 -44198
8 -23 11 -20 -59512
-18 19 -14 19 -49010
12 -23 12 -24 -43692
23 21 20 21 -49882
24 -20 23 -20 -59236
-14 -22 -16 -24 -54916
0 -23 0 -6 -92004
12 17 12 18 -42348
-23 6 -21 8 -52958
21 0 19 6 -82392
-23 -20 -24 -21 -54196
4 -13 3 -10 -67834
24 13 24 16 -52520
4 -23 -1 -21 -56452
15 17 15 12 -46822
13 -20 14 -17 -68050
-1 5 0 3 -48740
-24 -12 -24 -10 -55252
-14 -16 -14 -18 -73568
24 -19 23 -18 -56948
-13 6 -12 8 -59758
-2 -5 0 -5 -59676
7 5 4 9 -48372
5 -16 5 -17 -50390
-10 14 22 -15 -88484
23 -20 4 -20 -83008
-17 -5 -18 -4 -66964
14 -8 -1 -6 -85208
-8 -13 2 -14 -78626
-6 -5 -4 -3 -60468
7 -17 7 -17 -238230
-24 3 -22 3 -53978
3 13 2 16 -49144
2 7 0 -9 -71004
21 20 24 18 -56362
1 -23 2 -24 -53744
-24 5 -23 4 -61116
21 -8 20 -9 -62646
-17 5 -18 6 -64184
-19 -18 -20 -19 -68718
9 -7 10 -7 -63172
-4 -13 -3 -10 -91176
-24 -24 -21 -23 -44130
17 -23 19 -24 -72364
-20 -7 -24 -10 -58806
24 9 24 13 -51340
23 -21 20 -24 -64856
1 -9 -2 -13 -82598
-9 11 -8 12 -55722
-9 8 -9 2 -61308
4 -23 4 -24 -50246
19 9 19 8 -60664
22 -18 -18 -21 -75674
11 11 12 11 -59610
-18 16 -18 15 -53394
8 0 8 -1 -62854
1 23 0 24 -55658
-24 -19 -21 -24 -55736
-13 0 -13 1 -50166
6 1 7 1 -62110
10 14 7 24 -53898
-2 -18 -2 -19 -76994
24 15 24 14 -50522
3 -4 1 -5 -51720
-20 -4 -16 -2 -63840
-11 0 -16 1 -78778
