3 24 1 24 -39724
-13 -22 -13 -23 -48566
24 -12 23 -10 -70808
17 23 18 24 -52350
24 -23 24 -24 -32672
-12 -3 -12 -7 -64128
-8 -20 -6 -24 -61400
4 -3 5 -22 -91758
-9 10 -10 9 -52156
23 -15 24 -14 -49594
15 -21 17 -23 -71494
-23 -23 -20 -23 -62206
6 -22 7 -23 -75128
22 -24 23 -24 -55654
21 0 22 0 -74774
22 -17 24 -17 -65028
7 12 8 10 -63084
24 -24 24 5 -64540
-3 -4 0 -1 -61224
-24 8 -23 7 -54808
2 -8 5 -7 -73122
18 16 18 17 -63896
5 4 6 3 -70122
0 21 0 24 -55594
10 -4 10 -2 -52376
11 -15 9 -17 -79376
-14 22 -14 21 -59454
-12 -6 -13 -7 -65060
-21 20 -20 21 -65574
-24 24 -1 24 -42708
-12 -10 -13 -13 -61568
-20 20 -20 22 -61534
-23 17 -21 20 -61042
10 23 12 24 -52124
-22 -22 -20 -24 -51354
-3 -8 -2 -7 -66614
-4 6 -6 6 -49770
24 20 24 22 -43418
3 13 3 11 -57202
-4 8 -2 8 -56448
23 10 24 10 -60126
6 15 7 19 -58530
-6 9 -6 7 -53912
5 -9 8 -11 -61208
0 2 5 3 -78056
10 9 9 8 -52118
-21 19 -21 -6 -57300
-23 -1 -23 0 -55724
5 -23 5 -22 -69662
3 23 3 21 -55020
14 -24 -11 -24 -62992
0 -7 -1 -6 -64298
18 -1 18 -1 -240486
0 -24 -21 -24 -58666
-15 6 -16 9 -58996
-10 -19 -11 -16 -58694
-11 -23 -12 -20 -60668
-24 5 -24 6 -39504
-1 14 0 13 -61362
-21 -7 -20 -3 -57768
-24 -11 -23 -13 -54614
-23 4 -24 4 -53820
4 6 4 8 -63646
8 -14 11 -15 -83954
-2 -3 -1 -4 -60712
23 16 23 19 -43794
6 24 4 22 -50542
7 -3 5 -4 -80808
-9 19 -11 18 -53922
21 10 20 11 -63874
21 0 21 23 -55966
-1 24 -2 24 -37990
15 7 15 8 -49466
5 -11 5 -19 -80302
5 6 6 5 -75928
10 -5 8 -7 -68122
-2 -20 -1 -13 -71462
-20 -9 -21 -10 -61486
-23 20 -23 23 -49334
13 12 15 12 -56534
8 24 8 22 -61018
-8 -10 -9 -11 -55934
0 7 0 8 -60078
5 18 5 20 -51646
24 4 24 3 -41996
-17 21 -13 20 -61052
-11 -23 -8 -23 -48896
10 -24 6 -21 -81994
-17 -18 -18 -18 -56286
-10 9 -14 8 -60082
-24 -17 -24 -14 -50226
7 -18 5 -20 -62428
20 0 16 2 -60726
-3 24 -4 23 -47372
-18 -20 -19 -16 -65860
-12 7 -12 4 -56062
20 -12 17 -12 -54566
11 2 10 4 -52448
5 -22 4 -23 -57394
3 16 24 -19 -83060
-9 1 -9 2 -52334
10 -2 8 -1 -70616
-10 -20 -11 -19 -58394
7 -19 7 -20 -64126
-13 23 -14 22 -61324
8 5 7 8 -69326
22 9 24 7 -56766
3 24 7 24 -47970
-14 -5 -15 -6 -68370
-3 -22 -4 -24 -63360
24 17 22 16 -54776
-21 -6 -20 -7 -52106
2 -1 5 -1 -78294
24 -5 24 -6 -47334
-22 -10 -24 -14 -57626
-11 -21 -13 -22 -54448
8 -23 7 -23 -58762
7 -7 7 -5 -65126
-1 -23 -4 -23 -64412
-7 22 -7 24 -47990
6 -1 6 0 -60204
-20 4 -19 7 -57490
-6 -10 -7 -8 -61310
-23 -17 -24 -19 -55338
20 -16 19 -14 -71774
10 12 10 13 -50872
5 -2 6 -2 -83532
14 -18 14 -21 -67410
-23 -5 -20 -5 -63344
-20 22 -17 23 -56550
-19 -12 -18 -14 -51266
9 -13 9 -14 -68270
-9 -15 -11 -15 -54272
16 18 16 16 -64760
24 -9 24 -10 -47486
7 -3 12 -5 -74362
14 -13 12 -16 -81156
16 18 18 19 -57542
-6 19 -6 18 -56326
-5 -22 -7 -23 -55666
-24 9 -22 5 -59926
-17 11 -18 20 -70156
24 12 22 10 -54062
23 -10 21 -10 -68360
11 24 10 21 -62552
16 -23 16 -24 -60940
24 5 23 4 -44772
24 -16 23 -15 -69016
11 16 9 17 -61696
-2 -12 0 -15 -62994
7 -14 12 1 -89448
-24 2 -23 0 -50934
-22 21 -24 22 -69172
-1 -15 0 -14 -76500
-4 -23 2 -24 -68486
-17 9 -16 8 -57932
-18 21 -16 19 -65250
1 -12 0 -22 -85176
-4 5 -5 -6 -62536
-9 -6 -8 -5 -56370
-17 -7 -14 -6 -64120
-22 23 -24 24 -59884
1 21 0 20 -57738
5 -24 4 -24 -50776
20 -19 17 -20 -71106
-23 -3 -24 -3 -53952
17 -24 16 -24 -72304
24 21 22 23 -54654
-18 -19 -20 -21 -61724
24 -2 22 -2 -74110
24 10 24 8 -36188
24 24 -19 24 -39080
-17 -24 -15 -23 -59668
24 -10 23 -10 -67936
-7 24 -10 24 -41944
-9 -23 -8 -22 -48100
15 -13 14 -12 -66130
24 11 21 11 -69524
17 24 19 22 -56706
24 -9 23 -10 -57232
4 -3 4 -8 -80482
-11 24 -12 24 -55034
-14 -24 -16 -23 -55126
18 -23 19 -24 -68958
14 4 15 2 -47500
11 -16 9 -13 -79488
22 24 21 22 -63542
13 10 12 11 -58490
-20 -20 -23 4 -59184
-3 16 -1 19 -57030
19 -10 21 -24 -79760
23 -5 21 -7 -69310
-24 -7 -23 -4 -48176
3 -23 0 -21 -79492
24 -19 24 -20 -43996
-7 22 -9 24 -47970
17 23 17 21 -61808
-15 -10 -15 -9 -55756
24 0 22 -3 -75528
-22 14 -21 14 -55580
1 -2 2 0 -86798
5 0 8 0 -84796
13 -15 14 -17 -76992
-17 -7 -20 -12 -69080
-24 -11 -24 -15 -54772
15 -22 15 -19 -62842
-24 -1 -24 0 -53712
-16 -18 -16 -17 -63218
-5 11 -7 13 -50944
-1 14 -1 19 -54104
10 23 11 21 -63444
-18 9 -16 11 -55238
24 0 24 -1 -65708
13 19 13 21 -60650
-6 21 -5 20 -54252
-11 4 -10 2 -56488
20 1 20 -1 -66536
24 2 23 4 -56686
-20 4 -19 0 -52100
0 1 1 0 -56308
-24 19 -21 19 -65180
16 -16 16 -17 -71290
5 -11 5 20 -80614
3 5 3 4 -62944
-20 19 -22 23 -60070
8 7 6 8 -72634
-24 21 -23 23 -49240
22 -24 12 -24 -83962
-14 14 -16 13 -60652
-23 -21 -23 -23 -57938
-4 -23 -3 -22 -64892
24 -18 23 -19 -52694
-22 -11 -24 -10 -53628
24 -24 23 -23 -43374
1 11 1 8 -55486
7 -11 5 -12 -69826
22 1 23 0 -68038
-9 6 -9 5 -54092
24 -23 -17 -24 -67756
3 16 2 17 -51332
-23 -4 -24 -3 -44940
-21 8 -20 9 -51006
-18 24 -18 6 -67942
-11 -5 -12 -4 -57682
0 -23 1 -22 -57864
18 12 17 18 -63542
-10 23 -16 24 -61554
22 0 1 1 -80974
1 18 3 19 -54072
-10 23 -11 24 -51162
22 -21 -22 -21 -65836
-24 -23 -23 -21 -58468
-15 -21 -15 -22 -52900
-21 5 -20 6 -54432
24 24 22 21 -60118
22 24 23 21 -56964
1 10 -2 11 -56216
24 -22 7 -23 -83194
10 -19 13 -19 -79906
-8 15 -9 19 -63038
5 -1 -1 -6 -88494
11 -7 11 -12 -56250
-3 -1 -4 4 -60046
24 -12 23 -10 -70808
-23 0 -24 -1 -58142
-21 -11 -24 -11 -48362
-10 4 -12 6 -59214
23 3 24 3 -56182
17 -8 18 -10 -58642
-17 24 -16 22 -48564
16 9 15 8 -66030
16 -23 17 -24 -71854
-24 -23 -23 -18 -66768
-5 -22 -7 -20 -63390
-21 23 -19 24 -55588
21 -24 21 -21 -53392
15 7 14 7 -64224
-4 15 -3 15 -45218
-24 2 -24 3 -40222
17 16 15 16 -51416
24 -18 24 -17 -49320
-21 7 -21 10 -50572
-8 -8 -8 -6 -67302
0 -12 2 -12 -70312
22 -20 19 -7 -82444
12 22 15 23 -52692
-15 18 -15 21 -57524
22 24 13 24 -55706
-3 -13 -4 -14 -66672
18 -22 18 -24 -62180
3 -16 1 -17 -70094
-24 -15 -24 -19 -53250
-15 -1 -12 0 -53728
1 -17 -21 -6 -71826
-6 -9 -5 -8 -60988
12 -23 11 -22 -64372
17 -15 18 -15 -60928
-8 -7 -6 -10 -64276
2 -9 1 -7 -74582
23 -2 23 -3 -59818
-11 -1 -9 -1 -49584
-22 -20 -23 -17 -54906
9 7 11 6 -70026
17 0 17 -1 -59032
9 1 8 0 -62222
-6 21 -5 19 -61914
19 10 19 12 -45710
14 -10 14 -6 -50762
16 -2 24 0 -83358
16 -16 17 -14 -73162
-14 -24 -15 -23 -52438
-12 6 -13 6 -54414
0 -13 1 -12 -72892
4 2 4 1 -53888
-9 11 -8 12 -51948
9 -20 10 -24 -76008
20 -6 20 -7 -51916
8 -4 17 -6 -77814
23 -24 21 -23 -60200
-11 3 -12 0 -56852
23 -14 24 -17 -63870
-13 -16 -13 -17 -66634
-2 22 -1 24 -55352
-16 24 -17 22 -59144
23 21 19 20 -64530
2 -16 2 -18 -77260
6 -12 6 -13 -66236
19 24 19 21 -63310
-13 -16 -13 -18 -67878
9 20 10 18 -64730
-19 -24 -16 -23 -62318
19 14 21 15 -56950
-24 3 24 -4 -56996
-9 -13 -6 -15 -54300
15 -14 10 -16 -85866
23 -9 24 7 -70882
3 -11 3 -9 -65846
10 19 12 20 -57270
-2 -11 -2 -10 -58298
10 -24 10 -23 -61444
2 -5 1 -6 -66862
-13 16 -11 16 -55496
14 19 12 22 -65002
12 -2 24 -5 -78014
18 10 16 7 -61562
-15 16 -14 17 -58624
-11 13 -11 15 -51010
24 -3 23 -3 -65900
-3 10 -1 13 -67230
6 15 5 14 -50868
-10 -13 -13 -15 -58104
9 -11 8 -12 -77002
22 14 20 16 -60268
-11 -12 -11 -14 -61684
-8 -6 -9 -5 -63296
8 -19 10 -20 -82930
-6 14 -6 10 -59212
16 -16 15 -17 -75088
-2 18 0 18 -51782
10 -12 11 -12 -79602
-14 -9 -14 -5 -71280
-12 15 -13 17 -59706
-15 -17 -12 -16 -48612
-22 16 -21 15 -52584
-16 13 -17 17 -63022
-21 12 -21 11 -39166
-15 3 -14 5 -55702
11 -16 10 -19 -69286
-18 -16 -18 -15 -56530
-14 -24 -11 -24 -51184
19 1 21 2 -71426
-9 1 -6 2 -52112
-8 -13 -9 -15 -61908
24 12 22 13 -64850
13 -4 15 -6 -66266
0 -23 0 -21 -71632
24 -7 6 -7 -81344
2 -20 2 -21 -70422
24 24 22 22 -53852
-24 -10 -23 -8 -53454
-22 11 -24 12 -51120
3 -2 2 0 -61404
12 -22 10 -24 -60810
-21 -11 -20 -6 -69440
21 -23 19 -24 -62532
24 1 24 0 -61732
20 -24 18 -24 -68172
8 0 8 -1 -57048
22 -9 24 -10 -71524
17 23 15 22 -58298
-4 -20 -4 -21 -56896
15 -13 3 -14 -95290
-2 -13 1 -13 -73128
1 -23 3 -23 -61522
-3 -23 -4 -22 -66846
7 16 8 16 -50806
-19 -21 -17 -22 -60782
1 -16 24 -19 -86046
0 11 1 12 -56376
21 23 20 24 -50508
-23 -4 -22 -10 -55142
-7 -23 -4 -24 -57694
-2 -19 -4 -19 -64698
-24 15 -23 18 -35938
17 5 18 6 -62992
-17 19 -19 20 -60056
-13 2 -13 0 -48016
12 -18 10 -17 -85928
0 -20 2 -24 -82502
5 23 8 24 -49968
-12 22 -11 23 -57600
-21 -21 -21 -22 -61850
-16 -6 -17 -6 -57760
14 6 17 6 -68094
-6 18 -7 14 -58148
-20 -22 -18 -22 -63318
6 -15 8 -17 -74522
12 -17 13 -19 -74242
-19 15 -18 17 -60232
0 -2 3 0 -84110
4 23 5 22 -51508
11 8 9 11 -68204
-4 -23 -4 -24 -49788
-2 -20 3 -21 -76264
-21 23 -24 23 -66950
9 23 9 24 -56168
-2 3 0 5 -63198
23 -2 24 -5 -51984
2 -11 4 -9 -69946
17 -23 12 -24 -71792
3 -12 4 -1 -91462
12 8 11 5 -54694
-1 -7 8 -9 -83314
14 24 17 23 -54164
21 -2 20 -3 -72598
11 22 8 24 -55950
-14 6 -17 7 -58912
-19 12 -18 11 -52010
1 -7 23 -7 -86652
14 -3 14 0 -53238
-15 8 -15 9 -51894
11 5 8 4 -66332
1 -16 1 -17 -75774
-19 -15 -18 -13 -57640
15 17 14 14 -58450
-8 -3 -8 -2 -46992
22 -6 22 -9 -56074
6 15 6 14 -56686
12 -23 12 -24 -61836
23 21 20 21 -61830
24 -20 23 -20 -60370
-14 -22 -16 -24 -54458
-11 -6 -11 -8 -71746
12 17 12 18 -58254
-21 2 -23 -1 -63100
-7 24 -8 23 -41424
-23 -20 -24 -21 -57114
2 0 1 -2 -86736
24 13 24 16 -56628
-3 13 -2 11 -62894
0 -9 -2 -10 -68382
13 2 14 4 -53108
10 14 10 15 -54856
-24 -12 -24 -10 -53460
10 21 8 21 -54438
24 -19 23 -18 -64596
10 -6 18 10 -78402
-17 21 -15 23 -65020
-9 7 -10 10 -55306
2 6 3 6 -55908
-16 10 -19 10 -54578
16 -4 12 -20 -80988
-5 -11 -4 -1 -77418
-15 -9 -16 -8 -57046
-2 7 -3 6 -60390
19 -12 8 -1 -93076
15 -23 13 -24 -65378
-24 3 -22 3 -57328
-18 -6 -17 -4 -63248
-22 -2 -20 -2 -60412
21 20 24 18 -57288
1 -23 2 -24 -68466
23 -22 21 -24 -55970
-1 23 0 -7 -76238
11 3 9 3 -68512
-15 11 -14 12 -60684
-1 0 -3 0 -52006
0 -10 1 -13 -68392
-24 -24 -21 -23 -53926
-10 -15 -10 -12 -63716
19 8 17 9 -57376
24 9 24 13 -45674
3 6 2 4 -71058
-23 -24 -20 -23 -63134
-2 11 -1 14 -66668
-16 0 -17 0 -58192
4 -23 4 -24 -59416
22 4 -4 -4 -82788
-2 -3 -3 -2 -62726
-19 1 -16 2 -56474
-4 4 -4 2 -54168
-9 -2 -8 -3 -57676
1 23 0 24 -44002
-24 -19 -21 -24 -53614
-9 16 -8 14 -54522
-8 20 -8 22 -56896
-22 22 -24 23 -69004
4 11 2 12 -46714
24 15 24 14 -54792
4 -23 3 0 -87810
-4 -14 -6 -15 -59406
14 -11 15 -16 -73528
