3 24 1 24 -59707
-13 -22 -13 -23 -57059
-5 16 -4 17 -64487
17 23 18 24 -49677
24 -23 24 -24 -39901
0 2 -3 12 -81787
-8 -20 -6 -24 -66155
2 -17 2 -12 -62069
8 7 4 7 -57353
-24 4 -24 11 -53525
15 -21 -23 -23 -56843
-23 -23 -20 -23 -67373
6 -22 7 -23 -58717
-7 -10 -12 15 -102253
-8 -7 -9 -4 -60971
17 14 17 12 -63795
19 7 17 7 -51891
24 -24 24 5 -58479
24 -11 24 -14 -53665
-24 8 -23 7 -50651
-7 -18 -7 -14 -53455
18 16 18 17 -61931
-3 0 -8 -1 -85955
0 21 0 24 -55383
0 5 -3 5 -68191
15 -23 14 -19 -52673
-14 22 -14 21 -44641
19 11 19 13 -59353
-14 24 -16 24 -47083
-24 24 -1 24 -60151
-12 1 -12 -3 -67821
-20 20 -20 22 -51189
-23 17 -21 20 -55587
10 23 12 24 -50957
-22 -22 -20 -24 -57241
4 5 4 1 -85423
-1 -11 -2 -11 -53533
24 20 24 22 -43733
-16 -10 -17 -15 -63381
-15 19 -14 20 -58991
23 10 24 10 -46759
6 15 7 19 -60527
-6 9 -6 7 -69623
17 24 17 22 -56665
-13 -9 -12 -13 -58101
10 9 9 8 -62427
-6 5 -7 3 -74767
3 23 4 23 -66639
18 -13 18 -14 -44559
3 23 3 21 -56053
-20 -4 -5 -2 -88621
0 -7 -1 -6 -56005
8 -4 10 -2 -56503
-15 -1 -17 -2 -73271
-23 -4 -23 17 -79345
7 -20 8 -17 -51961
-11 -23 -12 -20 -68767
-24 5 -24 6 -49197
17 -7 15 -6 -48555
-21 -7 -20 -3 -72369
-24 -11 -23 -13 -58973
-23 4 -24 4 -61015
-9 -5 -12 -6 -71081
-24 14 -23 19 -53155
-12 -9 -7 12 -95797
23 16 23 19 -46421
6 24 4 22 -62129
20 -15 24 -17 -52195
-9 19 -11 18 -62911
0 2 -2 4 -73953
14 -4 13 -5 -57753
-1 24 -2 24 -63011
-11 5 -10 7 -76977
-15 -14 -21 -14 -69911
19 -4 18 1 -65981
6 1 5 -1 -70021
-15 -2 -19 -3 -68265
-20 -9 -21 -10 -70687
-23 20 -23 23 -44055
20 3 20 2 -59817
8 24 8 22 -58887
-8 -10 -9 -11 -64685
-13 2 -16 -13 -88885
5 18 5 20 -57051
24 4 24 3 -50945
-20 -8 -21 -8 -63861
-11 -23 -8 -23 -53263
24 -11 14 -10 -59263
-17 -18 -18 -18 -64595
-3 -15 -4 10 -84681
10 23 -24 -1 -84165
-10 7 -9 10 -73913
3 18 2 21 -59595
-3 24 -4 23 -57445
-18 -20 -19 -16 -71779
-1 1 -1 2 -76851
0 -2 -2 -1 -72435
11 2 10 4 -52999
23 -3 24 -8 -61231
-24 -14 -23 -16 -55309
-9 1 -9 2 -55811
-9 18 -13 10 -77597
-8 -14 -8 -13 -58849
0 4 -11 3 -99533
-11 -9 -14 -14 -68289
8 5 7 8 -56971
22 9 24 7 -50915
3 24 7 24 -60935
19 3 15 0 -65607
19 -8 20 -4 -70165
24 17 22 16 -50061
0 17 0 14 -57469
1 17 2 17 -67491
24 -5 24 -6 -56295
-22 -10 -24 -14 -62457
-11 -21 -13 -22 -61245
8 -23 7 -23 -56215
17 12 18 11 -61369
-11 -13 -7 -13 -61363
-7 22 -7 24 -50279
10 -21 10 -22 -56705
-20 4 -19 7 -63383
21 -12 15 -12 -50979
-23 -17 -24 -19 -62495
20 -16 19 -14 -50329
5 13 7 13 -60239
5 -15 6 -17 -47659
21 -6 22 -3 -66211
-10 -22 -11 -21 -68083
-20 22 -17 23 -53749
6 11 9 7 -59597
9 -13 9 -14 -48439
-9 -15 -11 -15 -58875
16 18 16 16 -68597
24 -9 24 -10 -48057
-1 -23 -3 -24 -47949
10 -9 10 -8 -41973
-12 8 -15 10 -53051
-6 19 -6 18 -57945
-5 -22 -7 -23 -54155
13 -3 12 -7 -61733
-15 2 -18 3 -52649
24 12 22 10 -52491
23 -4 22 -9 -69737
11 24 10 21 -62293
16 -23 16 -24 -49833
24 5 23 4 -54935
5 15 3 15 -61671
11 16 9 17 -60371
-17 5 3 -4 -101357
10 -24 7 -23 -55815
-24 2 -23 0 -55867
6 -17 3 -17 -49185
24 -5 23 -5 -59919
-9 -20 -10 -18 -64351
0 14 2 11 -74505
8 -2 7 -6 -59021
-6 -12 -6 -13 -62605
-19 23 -21 24 -42687
-24 8 -22 13 -59003
-13 -4 -12 -3 -71617
-22 23 -24 24 -26691
1 21 0 20 -66681
5 -24 4 -24 -48039
-17 -9 -17 -8 -60669
-23 -3 -24 -3 -61575
-12 -16 -11 -19 -60029
24 21 22 23 -54215
-18 -19 -20 -21 -68253
12 4 12 5 -60021
24 10 24 8 -34825
24 24 -19 24 -53547
-17 -24 -15 -23 -60581
8 -4 7 -3 -52527
-7 24 -10 24 -56915
-9 -23 -8 -22 -50537
-6 -9 -6 -10 -50071
-20 16 -21 14 -58525
17 24 19 22 -55109
7 10 8 12 -68377
5 2 8 -1 -56293
-11 24 -12 24 -50781
-14 -24 -16 -23 -57125
18 -23 19 -24 -48743
4 14 22 24 -71659
-22 -15 -23 -18 -64581
22 24 21 22 -61357
13 10 12 15 -60833
-1 -4 -2 -3 -60165
-3 16 -1 19 -66275
17 -6 16 -7 -58493
-20 5 -22 5 -62699
-24 -7 -23 -4 -63393
18 -23 16 -23 -45517
24 -19 24 -20 -54049
-7 22 -9 24 -51425
17 23 17 21 -60665
-15 -10 -15 -9 -62285
24 0 22 -3 -57269
-22 14 -21 14 -60083
23 24 5 22 -60997
-10 13 20 6 -81757
14 1 15 1 -51817
8 11 7 8 -66023
-24 -11 -24 -15 -57837
-17 -9 -19 -9 -57747
20 9 -24 17 -71797
-16 -18 -16 -17 -60703
-6 -2 -17 -5 -91927
-1 -2 -1 -1 -69983
10 23 11 21 -57811
-18 9 -16 11 -54865
24 0 24 -1 -54317
13 19 13 21 -58881
-6 21 -5 20 -59263
17 -8 19 17 -73195
-9 6 -9 7 -75611
24 2 23 4 -60573
-24 -15 -22 10 -85459
0 1 1 0 -68277
6 11 21 10 -65219
4 5 1 0 -84017
24 -11 23 -10 -54117
12 -22 8 -23 -52497
-20 19 -22 23 -52053
-3 -1 -4 1 -77785
-24 21 -23 23 -44421
3 1 0 0 -59349
2 14 1 13 -62961
-23 -21 -23 -23 -60903
-21 9 0 8 -82869
24 -18 23 -19 -38139
-22 -11 -24 -10 -56615
24 -24 23 -23 -24327
5 9 3 5 -64349
-6 0 -7 12 -91949
22 1 23 0 -67441
0 -18 0 -19 -59697
-15 10 -15 -24 -88341
-2 -1 0 2 -74383
-23 -4 -24 -3 -52027
-21 8 -20 9 -64615
2 -18 0 -20 -62637
-11 -5 -12 -4 -62885
0 -23 1 -22 -53331
3 22 -24 19 -72057
-10 23 -16 24 -55905
-1 -13 1 -14 -50855
2 -6 2 -9 -61991
12 -9 13 -9 -39005
-22 -2 -20 -1 -71035
-24 -23 -23 -21 -60363
-15 -21 -15 -22 -57469
-8 5 -10 6 -68603
24 24 22 21 -59085
22 24 23 21 -55335
-4 0 -5 0 -79643
-15 0 -12 22 -83231
-1 23 -2 23 -68741
-11 -4 -3 -4 -82585
5 1 3 5 -73975
10 -12 9 -11 -47163
7 11 7 14 -63457
-9 21 -8 23 -64705
-23 0 -24 -1 -63053
-21 -11 -24 -11 -57135
-21 -15 -20 -16 -66179
23 3 24 3 -58635
17 -8 18 -10 -53169
-17 24 -16 22 -41839
-6 23 -9 24 -58283
16 -23 17 -24 -47283
-24 -23 -23 -18 -71591
-22 -18 19 6 -88253
-21 23 -19 24 -49497
21 -24 21 -21 -59047
-17 9 -17 12 -59039
3 19 5 21 -72727
-24 2 -24 3 -55989
17 16 15 16 -42391
24 -18 24 -17 -50509
-11 8 -9 -13 -92303
0 12 0 13 -70459
-22 20 16 23 -67031
-19 -1 -18 0 -74641
12 22 15 23 -49225
-4 5 -6 1 -77193
22 24 13 24 -55873
12 0 10 2 -47487
0 3 -18 5 -95761
10 23 9 0 -78975
-24 -15 -24 -19 -61733
-15 -1 -12 0 -68329
10 -23 14 -24 -39643
-1 -18 -1 -17 -57721
12 -23 11 -22 -50317
12 -7 10 -5 -50863
15 19 15 17 -66887
-5 20 -6 20 -64407
17 4 16 -1 -71041
-11 -1 -9 -1 -69071
-22 -20 -23 -17 -67253
2 10 1 13 -75849
17 0 17 -1 -60801
9 1 8 0 -64161
-6 18 -6 15 -56263
-15 3 -15 2 -62709
-5 12 -7 11 -63957
-4 -1 -4 -2 -72101
-5 -8 -5 -6 -54307
-14 -24 -15 -23 -55765
18 17 21 20 -62665
-24 23 -22 24 -36903
4 2 4 1 -76597
-9 11 -8 12 -67325
-12 6 -12 7 -71987
5 -23 8 -24 -61887
-22 -24 -20 0 -77603
-22 18 -24 -8 -84391
-11 -23 -12 -24 -53103
23 -14 24 -17 -50613
-13 -16 -13 -17 -53513
-2 22 -1 24 -58563
-16 24 -17 22 -45027
23 21 19 20 -67147
0 -23 -1 -23 -47115
0 -20 1 -21 -58209
21 -2 22 -3 -59815
-21 11 -24 8 -65299
22 -14 24 -14 -46325
-19 -24 -16 -23 -64435
19 14 21 15 -56785
12 -13 12 -15 -47519
3 -18 2 -19 -60509
19 -2 11 -2 -60771
-13 23 -24 -19 -86697
-12 6 -13 5 -61785
10 19 12 20 -56959
21 -9 20 -10 -51855
10 -24 10 -23 -56297
-16 -3 -16 2 -76811
0 8 -4 3 -83069
23 -4 24 -4 -63525
3 -1 24 -2 -63337
18 10 16 7 -45619
-15 16 -14 17 -63439
-11 13 -11 15 -50331
24 9 -20 -17 -81669
7 -14 13 -13 -49643
3 -1 3 -3 -61223
-2 -3 -6 -1 -85403
9 -11 8 -12 -46693
22 14 20 16 -57959
-4 -17 -7 -16 -63917
22 -15 23 -4 -66939
1 -4 1 -5 -65359
-21 -1 -21 4 -75859
-4 -3 -3 0 -74575
17 -20 15 -23 -59415
22 24 24 -4 -61925
3 -22 0 -20 -57121
-12 -1 -14 16 -89841
-15 -17 -12 -16 -52057
-22 16 -21 15 -49999
-16 13 -17 17 -49759
-21 12 -21 11 -48765
-2 10 -2 11 -69855
-24 11 -1 14 -76401
-18 -16 -18 -15 -59835
-14 -24 -11 -24 -54481
-5 12 -6 16 -55077
-19 -22 -17 -23 -61369
-8 -13 -9 -15 -61201
-13 2 23 2 -79269
5 2 -9 5 -91683
13 -20 15 -16 -47415
-20 -3 -20 -1 -68301
-8 -1 -7 -3 -75815
24 24 22 22 -52021
-24 -10 -23 -8 -60071
-22 11 -24 12 -51499
-11 -4 12 16 -91745
12 -22 10 -24 -52323
-5 22 -2 22 -65029
21 -23 19 -24 -47201
24 1 24 0 -55825
20 -24 18 -24 -44471
-1 11 -1 9 -68511
22 -9 24 -10 -56097
15 9 15 11 -50521
-4 -20 -4 -21 -54503
-5 22 -6 18 -68517
-20 7 -23 -7 -96251
-22 -6 -23 -8 -73105
-3 -23 -4 -22 -61463
7 16 8 16 -59231
18 -19 17 -22 -62479
1 13 -3 15 -64325
0 11 1 12 -59061
21 23 20 24 -51517
-23 -4 -22 -10 -56137
-7 -23 -4 -24 -62487
-19 -7 -17 9 -99961
-24 15 -23 18 -54659
-19 10 -23 10 -66831
-17 19 -19 20 -50505
-13 2 -13 0 -64651
-23 11 -23 -23 -80947
2 -3 4 -1 -59023
5 23 8 24 -56629
-12 22 -11 23 -57679
-21 -21 -21 -22 -65809
9 3 8 2 -64023
8 -8 8 -5 -51057
-3 -18 -4 -17 -63679
-20 -22 -18 -22 -68297
-5 -12 0 21 -92541
0 -13 1 -16 -59393
-19 15 -18 17 -58027
24 -23 24 -21 -55285
17 -2 17 -4 -59885
-21 -1 -21 -5 -67035
-4 -23 -4 -24 -47593
23 -19 24 -14 -51485
-8 -9 -14 13 -105227
9 23 9 24 -53821
15 -10 16 -12 -49911
17 -20 19 -19 -51553
22 6 23 6 -64053
11 12 12 12 -46935
-9 11 -10 11 -60743
12 8 11 5 -65813
4 19 1 19 -73681
14 24 17 23 -48241
-9 -21 0 -21 -73475
11 22 8 24 -48833
-9 -21 0 -24 -76237
-19 12 -18 11 -52207
18 7 17 8 -53811
0 17 -3 19 -62017
-15 8 -15 9 -60217
7 -16 6 -18 -54171
22 4 23 6 -55139
-19 -15 -18 -13 -64501
8 4 -18 -17 -87253
-8 -3 -8 -2 -63911
3 -6 3 -4 -67821
6 15 6 14 -59041
12 -23 12 -24 -57027
23 21 20 21 -63029
-11 3 11 22 -93461
-14 -22 -16 -24 -59957
15 -5 15 -8 -58749
12 17 12 18 -61661
1 -23 3 -18 -66743
-7 24 -8 23 -58351
-23 -20 -24 -21 -60613
11 0 12 3 -61203
24 13 24 16 -58287
6 17 8 14 -65763
0 -9 -2 -10 -56763
-12 16 -14 14 -68637
-4 -11 -4 -13 -60425
-24 -12 -24 -10 -55083
15 6 12 2 -74109
24 -19 23 -18 -44053
2 -6 0 -8 -53373
21 6 20 6 -54487
15 8 19 -21 -67815
2 6 3 6 -53345
23 -3 16 -3 -59415
15 -9 14 -14 -47157
4 -13 3 -14 -50047
-15 -9 -16 -8 -56421
-2 7 -3 6 -71231
2 -23 5 -22 -54917
15 -23 13 -24 -37357
-24 3 -22 3 -66445
-18 -6 -17 -4 -66267
1 -9 1 -11 -55979
21 20 24 18 -55675
1 -23 2 -24 -48057
23 -22 21 -24 -44271
1 2 1 3 -82589
13 12 14 16 -58535
5 -14 4 -10 -54683
-22 -3 -23 -3 -67921
-6 -23 -6 -22 -56905
-24 -24 -21 -23 -57047
16 4 16 6 -54169
6 -12 8 -12 -45749
24 9 24 13 -43773
-4 11 -5 11 -58479
-23 -24 -20 -23 -66889
1 -12 1 -10 -58933
-5 -7 -6 -7 -56671
4 -23 4 -24 -50043
24 -14 24 -12 -52531
-8 4 -10 4 -71959
-10 -8 -11 -10 -66497
24 -2 23 -2 -61347
0 -23 0 -24 -47483
1 23 0 24 -50101
-24 -19 -21 -24 -62655
-20 -19 -21 -18 -72551
-8 20 -8 22 -57465
-4 3 -5 -23 -75503
6 -23 6 -22 -55515
24 15 24 14 -55939
24 -22 24 -19 -58713
-4 -13 -5 -13 -53613
-22 3 -22 4 -62845
