3 24 1 24 -37163
-13 -22 -13 -23 -55209
-15 9 -16 11 -60435
17 23 18 24 -48199
24 -23 24 -24 -45373
-4 -2 -5 -2 -66609
6 -10 9 -7 -65483
1 -24 2 -20 -61143
-11 11 -13 9 -51549
-15 -3 -16 -6 -60179
14 16 12 14 -50269
-23 -23 -20 -23 -65149
-22 -8 -23 -7 -60251
-24 -7 -24 -5 -45555
-9 2 -10 2 -46689
17 14 17 12 -51753
-14 1 -16 5 -62725
-17 1 -19 -1 -60623
0 -18 2 -20 -64935
-24 8 -23 7 -49867
-7 -18 -7 -14 -62509
18 -7 19 -3 -71761
-7 -13 -8 -15 -62999
-13 23 -15 24 -45897
14 -3 17 -2 -69729
-24 22 -24 21 -43379
11 8 -14 -16 -82133
-4 -7 -6 -7 -57827
-14 24 -16 24 -49881
9 0 8 1 -76855
17 1 16 0 -64717
-22 18 -24 18 -53273
1 -6 3 -5 -62633
10 23 12 24 -41741
-22 -22 -20 -24 -53665
6 11 6 8 -44579
23 -11 24 -10 -67225
24 20 24 22 -45231
1 -6 0 -8 -70203
-22 10 -24 9 -56285
23 10 24 10 -47275
-20 9 -24 10 -60825
5 -5 5 -2 -57815
17 24 17 22 -49517
20 13 20 11 -57741
10 9 9 8 -56459
-1 2 -3 2 -70227
-2 8 -3 10 -50275
13 -4 15 -6 -63833
-16 -4 -14 -4 -64475
24 -13 24 -17 -60829
-3 -19 -15 -22 -84195
-19 -3 -18 -5 -56791
18 1 17 1 -57525
-11 -14 -12 -10 -76267
-19 7 -17 7 -49025
13 1 12 1 -62193
-24 5 -24 6 -48983
15 6 17 8 -50379
-19 23 -20 23 -54515
-24 -11 -23 -13 -63109
-23 4 -24 4 -53835
19 1 20 2 -66631
-11 -13 -12 -4 -74527
-22 2 -22 0 -66375
23 16 23 19 -54697
17 -21 16 -20 -51363
19 -16 18 -16 -50913
16 -18 16 -16 -64225
0 15 17 -17 -94253
-10 21 -12 23 -52411
7 -21 7 -19 -51993
-1 -19 -6 -1 -97105
-14 -6 -15 -7 -68465
20 -10 21 -10 -58751
18 -24 15 -24 -47077
-20 4 -20 5 -60653
-20 -9 -21 -10 -62293
-17 6 -17 5 -58575
22 1 23 3 -67193
-7 11 -7 10 -51645
10 -10 7 -11 -54763
24 -12 24 -15 -67181
-7 15 -8 13 -56027
24 4 24 3 -49849
-23 -6 -24 -5 -53827
10 16 9 17 -58023
6 -2 19 14 -84715
-17 -18 -18 -18 -58335
-2 -4 -2 -2 -58013
-10 -16 -9 -15 -59127
-24 11 -24 10 -44957
-7 -2 -7 0 -59427
-3 24 -4 23 -46061
-11 -15 -11 -19 -63407
11 -9 19 -10 -68369
11 18 11 -10 -82137
15 -5 16 -5 -66715
16 16 17 -16 -94427
-24 -14 -23 -16 -62311
14 23 12 24 -41591
-13 10 17 7 -82607
14 -9 13 -10 -59237
-13 11 -14 6 -60015
14 8 18 4 -64081
-6 -20 -5 -24 -62157
22 -24 21 -24 -58287
-24 13 -24 14 -36217
0 -3 0 -6 -62381
-6 1 -4 2 -58671
24 17 22 16 -46237
8 4 16 -2 -84419
2 -22 -10 6 -95687
24 -5 24 -6 -62815
-13 -19 -15 -18 -61715
-11 -20 -13 -22 -65845
19 0 17 2 -57511
0 -20 24 15 -91051
-6 -22 -7 -19 -63553
-7 22 -7 24 -45461
-5 -23 -3 -23 -71583
19 4 18 8 -60755
14 -9 13 -12 -67005
-8 -2 20 0 -91327
-22 17 -20 17 -61025
7 21 7 20 -48045
-20 -11 -1 -18 -85999
-6 -20 -4 -18 -73821
-10 -22 -11 -21 -59261
17 12 19 12 -52949
-2 -24 12 -23 -70619
-11 11 -11 8 -57473
-22 4 -24 1 -66741
-12 15 -12 16 -48549
24 -9 24 -10 -61285
-1 -23 -3 -24 -58007
6 14 5 14 -50179
22 -23 24 -23 -58045
-19 16 -19 13 -58289
9 -18 8 -20 -62263
0 0 0 1 -60067
-24 -5 -21 -22 -74663
24 12 22 10 -55145
-18 -16 -17 -19 -70387
-10 17 -11 16 -62489
16 -23 16 -24 -45435
24 5 23 4 -55749
0 -11 0 -13 -82187
24 -2 24 -3 -74241
-24 19 -24 18 -35655
-7 11 -8 12 -44223
-24 2 -23 0 -56467
21 -2 22 0 -78827
24 -5 23 -5 -58495
-9 -20 -10 -18 -63907
10 0 8 0 -67757
15 -5 15 -6 -56081
-13 3 6 0 -81687
7 4 6 7 -58491
-18 1 -19 2 -58313
-13 -4 -12 -3 -57679
-22 23 -24 24 -39653
11 -15 11 -14 -48113
5 -24 4 -24 -62179
-17 -11 -17 -12 -62707
-23 -3 -24 -3 -50855
-2 4 -1 3 -68691
7 20 10 22 -57561
-18 -19 -20 -21 -55369
-10 8 -11 5 -51517
-16 10 -18 15 -59353
24 24 -19 24 -46363
-17 -24 -15 -23 -49103
10 20 12 22 -58251
-8 23 -10 24 -43103
3 -24 24 -24 -55383
-6 -9 -6 -10 -65787
9 17 8 14 -51025
17 24 19 22 -64553
-4 -8 -4 -9 -65041
-13 -1 -14 -1 -56867
6 -9 6 -7 -57195
-14 -24 -16 -23 -57623
18 -23 19 -24 -51729
3 -23 5 -22 -61583
2 19 1 18 -53749
24 24 21 23 -50187
24 -14 24 -13 -64567
11 -5 12 -14 -75133
22 -3 24 -6 -77263
20 15 20 16 -57455
8 13 7 16 -53385
-24 5 -23 7 -56129
-22 24 -24 22 -55135
24 -19 24 -20 -56219
-5 -3 -6 0 -64885
21 -24 22 -21 -65229
0 -13 22 -6 -79979
-6 -21 -5 -21 -80739
8 23 5 24 -46447
-7 1 -7 0 -55291
16 -6 18 -8 -69845
23 0 0 19 -83875
-7 -21 -6 -19 -67419
-24 -11 -24 -15 -59773
-17 4 -16 5 -49015
24 -13 24 -24 -64557
-16 -18 -16 -17 -74023
1 -24 1 12 -83915
-19 18 -19 17 -39647
-15 -19 -15 -17 -74083
21 -4 22 -5 -73091
24 0 24 -1 -76309
24 22 -23 18 -51271
22 -15 21 -13 -57813
5 -18 2 -17 -69963
22 9 21 8 -56415
24 2 23 4 -52465
-19 1 -22 1 -56181
-16 18 -19 17 -50673
-8 -6 -8 -9 -69973
23 -7 23 -5 -67523
24 -11 23 -10 -56471
0 15 0 2 -72371
12 4 9 4 -62035
5 21 3 24 -50111
-24 21 -23 23 -50659
-15 19 -16 19 -54409
-11 -9 -13 -9 -58633
-23 -21 -23 -23 -47809
3 4 0 -15 -92551
24 -18 23 -19 -55575
-22 -11 -24 -10 -63083
24 -24 23 -23 -40539
-2 -14 0 21 -93311
19 -2 19 -3 -72039
17 16 18 15 -59473
24 6 13 -12 -91815
21 13 23 9 -58635
2 16 1 14 -44239
-24 3 -24 1 -66313
14 21 15 23 -52725
23 -3 23 -1 -84159
-1 -17 0 -16 -49335
-2 6 -1 6 -60981
2 0 2 -1 -59189
-6 -16 -9 -12 -70821
-16 -1 -17 -14 -70845
12 -24 11 -23 -40153
-13 21 -13 20 -47607
-16 -22 0 -21 -86001
-24 -23 -23 -21 -52063
-15 -21 -15 -22 -63169
8 -8 9 -4 -55653
-16 -12 -17 -11 -65851
22 24 23 21 -47411
-16 -9 -15 -9 -60157
-24 9 -23 -15 -62369
2 15 -10 -5 -84003
22 13 21 13 -56653
0 23 -1 23 -37567
-5 20 -5 -9 -89745
19 18 16 20 -68565
21 23 21 -13 -87443
24 -10 23 -12 -67023
-21 -11 -24 -11 -60193
-21 -15 -20 -16 -70755
23 3 24 3 -51035
-4 -11 -5 -10 -68955
10 -16 9 -17 -55363
19 24 17 24 -61693
16 -23 17 -24 -51915
-24 -23 -23 -18 -56113
-20 15 -20 14 -56671
19 20 18 -5 -89481
21 -24 21 -21 -64585
12 -3 13 -2 -59753
-15 -17 -14 -11 -74325
16 -6 17 -15 -73121
17 16 15 16 -56047
0 -8 1 -8 -64379
-1 18 -1 20 -51683
-11 -1 -10 0 -46345
19 20 21 21 -58581
-18 -1 -21 -3 -65687
-8 -2 -9 -1 -59305
-3 24 -3 23 -47683
22 24 13 24 -66381
12 -21 11 -20 -46315
-22 -19 -21 -19 -60827
3 24 3 23 -45685
-24 -15 -24 -19 -54441
13 -3 13 0 -53237
-3 -11 -3 -19 -68749
9 -21 5 -22 -62513
0 -12 0 -10 -80479
21 -20 21 -19 -60719
15 19 15 17 -57447
-4 -5 -6 9 -80139
-10 17 -10 16 -54263
1 -1 0 0 -58025
-22 -20 -23 -17 -59451
-15 24 -17 23 -53533
-19 -24 -19 2 -72529
14 1 13 23 -76951
-3 17 -3 20 -48477
-19 13 -21 13 -56631
13 -15 -21 -13 -71617
-3 -5 0 -4 -71349
-4 -16 -3 -17 -65695
-14 -24 -15 -23 -56543
-16 6 -19 11 -66451
-24 23 -22 24 -49839
-15 7 16 6 -85165
-9 -24 -8 -24 -54977
-19 24 -20 23 -49977
10 -13 10 -11 -59209
-8 -8 -9 -5 -67637
5 0 4 0 -65705
-11 -23 -12 -24 -53083
3 -24 4 -2 -78231
17 21 17 20 -70141
-2 22 -1 24 -51083
-16 24 -17 22 -53311
12 7 12 0 -61329
0 -23 -1 -23 -53831
-4 24 -5 24 -37941
-19 24 -19 23 -45883
5 2 4 0 -67831
22 -14 24 -14 -64199
15 -24 16 -23 -55101
19 14 21 15 -60839
17 -13 18 -12 -60805
18 20 18 21 -70387
-2 -12 -3 -14 -60025
24 -7 23 -7 -60079
-23 -1 -24 -2 -56749
18 -9 18 -8 -64377
-17 -11 -19 -12 -67773
10 -24 10 -23 -40801
24 -3 22 0 -77165
-8 -5 -9 -6 -55759
15 -11 14 -9 -66733
-20 10 -19 12 -51147
-5 5 24 5 -74935
-9 19 -9 20 -50197
4 2 3 1 -66983
7 -15 5 -14 -60625
-19 0 -19 -3 -52687
17 -12 21 12 -93521
24 -9 23 -7 -62859
-24 11 -24 8 -47323
7 0 19 -12 -88717
21 20 23 17 -57535
-11 19 -13 19 -60411
4 -3 8 -2 -73815
4 20 6 20 -50777
24 -16 23 -16 -59103
5 -16 3 -14 -69969
6 8 8 7 -57327
0 14 1 13 -44021
-22 16 -24 14 -48121
-15 -17 -12 -16 -58299
21 -6 19 -7 -61833
-1 10 0 10 -44957
-12 -8 -14 -9 -65467
20 -17 20 -18 -59061
-3 -23 -2 -20 -68343
-18 -16 -18 -15 -67375
-14 -24 -11 -24 -52935
0 0 -5 20 -83139
-19 -22 -17 -23 -51187
15 -17 15 -18 -61189
-14 12 -7 -18 -86141
4 -24 2 -23 -65423
-9 -24 24 -24 -57925
-10 19 -11 16 -64131
2 -6 3 -11 -68323
24 24 22 22 -42809
-24 -10 -23 -8 -47009
-8 -5 -8 -6 -60587
-24 -16 -24 -15 -57051
12 -22 10 -24 -59205
15 -22 16 -21 -55247
21 -23 19 -24 -48113
24 1 24 0 -68553
-14 -2 -17 0 -59801
7 4 6 5 -63291
5 -16 5 -18 -49121
-8 -6 15 -6 -87459
-17 -24 -17 -23 -42037
-5 -23 -6 -23 -77129
2 -20 3 -22 -64317
1 4 0 8 -62651
-3 -23 -4 -22 -62625
3 12 9 11 -60457
-3 2 -2 4 -54091
-22 19 -22 20 -46669
-11 20 -10 23 -55535
21 23 20 24 -50971
24 23 21 22 -53469
23 -10 23 9 -83331
-3 15 -4 12 -54617
-14 -21 -14 -19 -67361
11 -19 10 -22 -62371
6 24 3 21 -55509
-13 -11 -13 -12 -71455
19 -1 24 0 -61731
7 18 5 12 -56899
5 23 8 24 -51349
-12 22 -11 23 -53819
-1 5 -3 4 -56449
0 -11 1 -10 -65313
0 -22 0 -24 -66907
-1 22 -3 24 -47185
-24 1 -24 2 -66925
10 7 10 6 -54455
20 5 19 7 -59307
0 -1 2 0 -64071
24 -23 24 -21 -56485
3 -9 2 -9 -58009
0 -6 -1 -5 -58715
-4 -23 -4 -24 -48295
13 14 15 14 -50229
-23 -3 -24 -4 -54015
-14 11 -12 10 -50541
-22 21 -21 20 -59837
23 -23 21 -23 -63863
22 6 23 6 -57961
-4 -14 -6 -15 -61413
-9 -11 -7 -11 -55287
13 20 12 22 -58201
24 14 23 24 -61129
14 24 17 23 -54369
-21 21 -23 24 -56935
18 19 16 -22 -88045
1 -12 1 -11 -82527
3 -14 2 -12 -70753
10 15 12 14 -51437
3 -14 0 -13 -63123
14 -16 14 -17 -57409
8 -3 9 -2 -59409
-10 9 -8 7 -51389
-19 -15 -18 -13 -69203
-15 14 -12 14 -52341
-19 -9 -18 -10 -61191
-4 23 -6 24 -42643
8 6 9 8 -63803
0 -14 -14 -6 -88405
12 -4 9 0 -70793
-1 23 -3 -5 -88531
-14 -22 -16 -24 -56683
24 18 24 -1 -67143
12 17 12 18 -55747
24 -15 23 -16 -59075
-7 24 -8 23 -37689
-23 -20 -24 -21 -51645
-6 -24 -8 -24 -66999
24 13 24 16 -61787
-10 13 -10 12 -46943
-17 2 -18 5 -65343
19 2 20 -3 -75913
-10 -2 -13 0 -62369
-24 -12 -24 -10 -51851
-10 -11 -10 -12 -69853
24 -19 23 -18 -53469
-22 -12 -24 -15 -54357
17 -12 16 -12 -55711
-18 3 13 2 -80853
2 6 3 6 -50761
-20 -14 -19 -14 -66473
-20 16 -19 15 -54661
0 -4 -1 -4 -68085
-24 -6 -24 -3 -43423
5 0 6 -1 -69459
-12 18 -13 19 -54321
15 -23 13 -24 -52875
-8 21 -11 21 -49169
2 -24 1 -24 -53767
2 20 1 17 -56039
-1 3 -1 4 -57931
-17 -9 -21 -10 -71641
-1 13 -2 10 -51267
7 0 7 -1 -56947
-2 -19 -3 -19 -63525
24 -7 24 -11 -65231
23 -24 24 -23 -51595
5 -24 3 -23 -66183
-24 -24 -21 -23 -57041
-23 8 -24 8 -56151
-19 24 -18 23 -55505
24 9 24 13 -48943
6 -11 6 -15 -72847
-23 -24 -20 -23 -63093
12 -2 7 3 -88905
1 8 3 9 -46011
-20 23 -18 22 -62065
5 22 5 23 -51241
-2 -12 0 -12 -54553
12 11 12 10 -39625
7 -24 10 -23 -56461
0 -23 0 -24 -60245
1 23 0 24 -47113
-24 -19 -21 -24 -56325
10 4 9 2 -53385
10 19 10 24 -57145
11 -21 9 -21 -53953
6 -23 6 -22 -48089
24 15 24 14 -59319
-22 10 -23 5 -57367
5 -14 5 -13 -69565
-11 7 -11 1 -53103
