-12 -13 -12 -10 -123617
25 -1 23 -3 -129985
9 10 10 11 -130871
20 -18 14 4 -148317
-15 16 22 4 -135027
-15 0 -14 0 -141801
23 3 24 1 -112999
-2 -15 21 5 -70207
12 10 10 14 -96443
6 3 8 -4 -76013
-4 25 -3 23 -132171
-18 13 -17 4 -88051
-25 -13 -22 -13 -131261
-16 -7 -17 -1 -121343
-5 -4 -6 -3 -75115
21 -17 25 -17 -135553
-24 -11 -24 -15 -139003
-25 -15 -23 -14 -89749
-20 16 -25 21 -116067
0 -9 3 -12 -142847
-9 25 -6 24 -84345
-5 -18 -3 -18 -139843
25 25 24 22 -123599
22 -5 24 -9 -142205
-25 -11 -25 -8 -52099
19 25 18 22 -133149
-20 16 -18 17 -111725
-1 5 3 5 -104229
17 17 17 19 -122655
8 22 7 23 -142295
1 -12 2 -12 -62803
25 -24 21 -22 -64389
-18 -25 -16 -22 -138511
-6 -10 -6 -9 -97161
-2 2 -19 -17 -139117
2 8 1 3 -123753
-25 -20 25 0 -113291
-15 -24 -14 -25 -123875
-19 12 -19 15 -135281
-2 -17 0 -25 -110215
-20 -5 -20 -4 -95427
14 2 17 -3 -138139
9 -5 16 -6 -141847
19 25 14 22 -128369
0 4 -2 3 -134543
-14 24 -15 25 -141529
25 17 25 11 -141943
-17 21 -21 20 -124831
-18 -4 -16 -3 -97609
12 -3 12 -5 -125021
-23 24 -25 24 -89195
1 -21 18 -25 -102489
2 -25 2 -23 -38279
22 -19 22 -20 -100635
14 -23 18 -24 -145669
-22 19 -22 25 -134819
1 -23 0 -24 -125479
-19 -23 -22 -14 -91679
-17 -17 -16 -14 -146029
7 -20 7 -19 -135827
-13 25 -10 17 -82033
-11 -24 -10 -25 -74655
-9 0 -7 2 -142485
-25 10 -25 24 -56721
-23 -1 -24 5 -112183
-7 -12 -20 -23 -133981
-11 -1 -15 3 -64287
-12 -18 -12 -20 -128983
-16 7 -12 9 -124571
-2 -2 -5 -1 -111125
25 2 23 2 -93625
4 -25 10 -25 -114115
14 23 8 23 -129231
-24 24 -14 25 -109111
-5 -13 -4 -14 -118781
-4 12 -4 13 -92291
-25 14 -24 13 -115545
-4 23 -2 20 -104571
11 -20 12 -18 -124833
-24 -4 -25 -4 -105407
17 -25 15 -23 -26197
18 -7 18 -3 -105551
-7 15 -9 -8 -92625
-8 25 -8 23 -115873
-11 16 -17 20 -129571
-10 1 -10 -3 -125213
11 -25 10 -22 -130453
22 24 23 25 -139929
8 -14 9 -14 -95281
14 20 11 25 -107025
-1 19 0 24 -102949
19 -15 21 -18 -107009
20 -8 20 -10 -108787
10 11 13 11 -139543
1 24 3 16 -135591
-17 -4 -10 -20 -144431
-11 9 -5 12 -128721
-13 -23 -13 -21 -66831
-14 23 -16 18 -140879
-9 4 -10 -2 -133313
-3 -19 -2 -16 -81915
-12 14 -12 13 -142187
-11 7 -11 9 -113727
0 -4 0 -5 -129749
-23 4 -25 7 -137679
-7 17 -7 14 -120097
25 -3 25 -6 -107041
6 -4 1 -9 -140759
-7 -12 -8 -14 -112053
8 -10 12 -10 -113927
23 -19 24 -17 -23739
-20 -12 -18 -16 -109783
-18 -24 -25 -23 -74641
25 -25 25 18 -133607
-24 25 -25 20 -118563
-17 -6 -20 -16 -124639
-12 -3 -10 -3 -139323
-24 9 -25 7 -146341
7 19 11 21 -85063
-24 -9 -25 0 -113101
-15 -4 -23 -10 -137975
7 -22 7 -23 -111403
-7 16 -7 21 -143999
3 -12 3 -13 -138347
-5 3 -5 1 -93343
-4 -14 -2 -13 -143625
-18 -20 -18 -17 -96209
8 2 -1 6 -118367
-24 -18 -22 -24 -79429
-22 15 22 -8 -133709
-6 -24 -1 -25 -140837
25 21 25 20 -147009
10 6 18 6 -118091
13 -14 14 -14 -112151
-25 7 -23 8 -141355
22 0 21 16 -102665
-25 -16 -22 -18 -143169
9 23 -9 23 -126567
16 19 16 23 -121351
-24 18 -21 -21 -107089
-24 16 -23 17 -93689
17 4 21 13 -99705
1 19 0 13 -80027
21 25 24 23 -110127
10 -7 10 -8 -96001
15 -10 18 -9 -134217
-2 11 -1 9 -134433
20 7 22 7 -136023
12 24 12 22 -61267
-13 -23 -11 -23 -104249
-20 5 -19 7 -127837
-18 23 -17 25 -117213
17 -14 17 -12 -145597
2 1 2 0 -82769
8 -4 12 -4 -93751
23 -14 16 -15 -87327
13 -25 14 -23 -140607
11 -13 -22 13 -128687
10 3 10 2 -101359
-5 -22 -4 -25 -125307
9 -13 9 -16 -135521
-1 -8 -7 -10 -63743
1 -16 1 -18 -127581
24 15 25 13 -111709
-6 21 -2 25 -106571
-16 1 -17 5 -134607
-16 -22 -16 -20 -101159
3 -24 5 -24 -83241
-24 -1 -21 -3 -144737
8 -23 0 -18 -114123
-18 20 -17 18 -132935
-12 24 -13 24 -139061
13 8 -25 -25 -138061
12 -25 10 -24 -70551
24 -11 25 -10 -103737
6 -20 8 -18 -128801
-6 -2 -7 -7 -144565
23 -7 25 -7 -140049
19 -24 22 -25 -137577
-2 19 -4 18 -138893
16 -11 15 -7 -105697
20 -2 22 -3 -78655
24 -21 19 -25 -122439
-16 -25 -21 -25 -139089
-25 -24 -23 -22 -121135
1 25 5 25 -126807
-9 -13 -10 -13 -118559
24 -13 23 -12 -84721
-8 8 -10 7 -135979
0 15 1 15 -143427
-2 4 -2 3 -107559
-1 -6 1 -6 -82507
-22 2 -23 0 -110693
8 25 8 24 -143751
21 -3 21 -4 -112437
13 22 22 22 -91967
5 0 2 -2 -133331
-18 6 -16 7 -128663
-7 -5 -10 -8 -122813
3 23 4 25 -65613
25 -4 25 4 -94557
-21 6 -21 1 -106689
-9 -18 -7 -17 -106147
24 10 6 2 -139135
25 -22 24 -19 -124843
24 6 24 8 -112261
-21 11 -22 11 -76215
18 -25 19 -23 -116225
18 -1 20 0 -126895
-7 -20 -6 -22 -101099
9 22 10 23 -125639
10 -8 10 -15 -135063
-5 17 -7 17 -133993
13 24 19 17 -74519
17 11 16 14 -144847
21 24 -23 23 -111775
17 2 -3 11 -117475
-3 -25 -2 -24 -136535
23 -25 24 -20 -138425
25 19 23 17 -92115
22 10 24 13 -125073
17 17 13 12 -121755
-15 -21 -19 -21 -139453
25 21 22 20 -83631
-4 -21 2 -24 -110279
-1 8 0 11 -78665
7 -4 8 -6 -135817
25 -17 24 -15 -117549
24 24 25 23 -136799
-21 -25 -19 -23 -66699
6 8 6 10 -30823
-13 -21 -12 -15 -132651
25 4 24 3 -145653
9 -17 11 -19 -112849
0 23 1 24 -109071
-11 13 -13 8 -73221
22 -6 21 -19 -123803
25 -9 25 -25 -90209
17 8 19 7 -122813
-7 -2 -10 -1 -131845
11 -3 12 -2 -76397
-16 -14 -10 -13 -82947
-19 9 -18 8 -123521
25 -11 -25 -13 -125985
-25 13 -25 11 -78169
15 -16 15 -18 -62459
-11 -23 -14 -25 -139091
-12 -8 -12 -6 -129119
-25 -19 -23 -18 -130495
-7 11 -5 11 -126331
-25 2 -25 -6 -111945
-25 -23 -25 -25 -121121
4 11 7 16 -114765
-8 25 -11 23 -126667
10 8 11 4 -62233
16 -22 18 -19 -133169
12 16 19 0 -75943
3 4 0 6 -99005
-1 -2 17 2 -128043
1 8 1 3 -107301
-1 -12 0 -11 -76829
7 13 22 -21 -147315
3 -1 4 -19 -118495
-11 -1 3 -1 -133051
-10 1 -4 -10 -131647
3 -2 11 6 -131121
-12 -19 23 -20 -148547
-14 24 -10 -2 -83507
-3 -3 -6 -18 -114917
-10 -13 -1 -7 -113451
-7 2 -6 9 -111359
-4 2 -13 6 -110295
-4 4 3 -2 -124427
2 -4 13 9 -139413
5 -11 -11 -6 -125193
-2 4 -9 11 -124193
0 -19 -5 -23 -28701
-7 -5 -6 -3 -98215
-4 -6 14 12 -132423
-11 12 -16 -8 -112701
15 -21 6 -12 -39381
-1 -2 16 -8 -126809
-1 6 -2 -8 -142105
-1 1 8 -9 -142239
-4 3 -2 -2 -113309
-8 -10 -21 -22 -147599
-11 11 2 -12 -142263
3 2 7 11 -119815
-4 -7 -6 -9 -96225
-7 3 0 -5 -139073
-7 3 -5 -10 -131853
5 13 -17 23 -148295
8 0 1 5 -126903
0 9 16 1 -128109
4 8 -3 -11 -145253
9 -15 17 8 -108659
2 0 17 -9 -119473
-11 -6 -3 -10 -105199
1 1 -8 15 -137655
-13 -12 4 -2 -139785
4 -6 -10 -6 -130235
-7 5 -5 7 -90711
6 10 9 8 -78349
7 -5 -3 -18 -118901
3 -6 4 5 -127051
-13 -10 -3 -5 -114645
2 -11 0 -16 -74093
-21 7 -13 -5 -78673
-14 -14 -4 -4 -108983
9 4 -3 7 -135453
11 4 -4 10 -137127
17 6 17 9 -43081
8 -10 -11 0 -132227
-16 -6 8 -6 -122999
5 -13 -5 10 -142807
2 3 16 12 -110011
-8 13 -6 0 -127117
0 10 -11 4 -125041
5 8 -2 10 -101433
-7 11 3 -13 -144743
4 2 -3 -7 -139353
-2 -14 16 -11 -91861
-6 11 6 7 -122667
15 -3 -10 8 -134155
8 -3 -12 12 -133879
6 -13 7 -14 -51819
-5 -11 -6 -8 -86357
-6 7 3 6 -116665
10 -4 1 5 -140911
16 9 13 10 -37095
10 -17 8 2 -108485
1 -5 -4 4 -135313
8 -14 2 -5 -110833
-9 4 -3 -6 -139549
-7 3 0 -10 -145191
-8 -2 4 -10 -134959
5 -8 24 -9 -61013
-8 2 -9 8 -102139
17 -4 2 -5 -114319
0 14 9 -9 -132741
15 11 5 -6 -123527
1 -8 4 -3 -109811
-21 9 2 10 -83843
-1 2 11 4 -131957
3 24 -2 2 -99881
17 -8 -10 -14 -104887
5 6 7 -13 -132755
10 11 -1 0 -139105
6 4 6 -10 -129599
-23 4 -1 -16 -147775
-1 3 -15 8 -117043
-4 1 11 -7 -141803
11 1 0 5 -134137
-12 6 1 10 -120153
-2 -3 4 -1 -110051
-11 -2 12 -1 -136951
-8 7 -18 -20 -95089
0 2 2 -9 -135743
-1 -13 2 -16 -56483
-1 3 -17 -5 -131767
8 15 -14 3 -122919
-12 -13 15 6 -127815
-8 2 6 2 -132571
22 6 -23 -3 -90373
-7 -2 0 -6 -116601
-10 13 6 -6 -139775
7 6 12 -10 -120513
7 -6 11 -2 -92819
-22 0 -17 -2 -28013
-1 -4 -14 -11 -126699
-8 -2 12 7 -137289
-5 12 -13 7 -95349
-6 -17 23 -1 -147289
8 0 23 -3 -65043
12 6 -11 13 -117223
-10 -21 8 10 -117707
0 -3 15 7 -137873
-6 7 -12 -5 -128857
-10 -21 -11 12 -107799
-11 -5 -11 8 -117123
0 5 -1 -11 -144151
-9 8 -1 7 -103335
-23 11 -5 21 -62045
-5 0 6 -8 -139407
8 -6 12 8 -118123
16 5 5 20 -147335
-20 -5 9 -12 -105189
12 -6 3 -11 -110717
5 4 11 13 -98327
12 2 -12 13 -125031
-13 -4 7 4 -145693
15 0 -16 -3 -130487
2 -3 14 -2 -119977
-14 4 -11 16 -83991
3 -13 10 23 -110209
-19 9 5 2 -110755
3 5 -7 14 -127469
-13 19 15 -11 -104311
0 14 -5 -2 -142051
-4 11 -6 0 -129473
5 -2 -8 -13 -146599
-15 -11 -17 -7 -49355
-18 2 -23 -16 -147969
-10 -13 -12 7 -121339
-13 0 -6 23 -107059
-17 2 -3 -7 -121889
3 1 -10 4 -134453
4 13 -6 14 -76197
-2 -19 5 -1 -125549
-8 9 -5 10 -80671
-1 7 7 5 -119687
-10 9 0 19 -101293
5 7 -7 -4 -144473
1 -11 -11 -1 -137783
-1 2 11 -4 -140371
7 -1 -2 2 -126251
-20 1 -6 -9 -103705
-18 -4 -18 8 -78849
-2 -16 -6 7 -137705
-6 -3 -4 -1 -102643
-16 0 -5 24 -102955
-2 -4 9 -1 -132267
2 -8 15 -6 -113747
4 11 -3 0 -138825
6 7 -10 2 -138693
-9 -7 -6 12 -137777
15 24 -1 -8 -105817
-9 15 -15 -3 -114281
-5 17 -10 11 -77415
13 -2 4 -15 -117801
-1 -2 -23 4 -103027
3 -16 -14 -7 -107645
-5 -3 -9 -10 -117349
3 -5 -1 -2 -115233
4 -1 8 1 -106411
9 12 -14 9 -105479
17 -9 0 -3 -118787
4 5 -6 13 -128771
-8 -1 10 19 -121495
-5 8 2 -15 -141815
-9 -12 -5 -4 -115823
0 12 4 24 -48023
-2 8 4 14 -93997
-4 8 16 -7 -133169
-1 5 -4 -8 -141225
18 -2 17 -5 -45053
-2 8 -2 -9 -143983
-7 3 -6 1 -102095
-22 -5 -2 -5 -92671
-10 -8 1 14 -140285
-13 -3 9 3 -143107
-1 -4 0 -1 -103211
-21 -7 -19 12 -76303
8 -8 8 24 -98917
-3 -19 -18 3 -147373
-11 -5 -4 -22 -84763
5 -3 4 -4 -92939
24 -16 -9 7 -99111
23 -10 18 -9 -10059
12 1 21 17 -68925
-6 24 -11 -3 -108165
17 -7 -6 1 -126931
4 4 -7 2 -128201
6 14 3 -12 -131737
0 -6 13 -16 -103937
5 -10 12 7 -136741
2 5 -3 6 -103769
0 7 1 -23 -113405
-5 15 14 1 -128123
-1 -3 6 6 -136893
-9 6 12 -9 -135169
-2 4 7 -4 -141313
-5 -4 4 4 -137455
0 -13 -10 6 -146097
-12 2 -3 -6 -128639
0 16 3 -3 -137219
-14 5 11 6 -127093
11 5 -13 0 -138285
5 7 -5 -1 -137691
4 12 10 6 -99771
4 -10 -11 -1 -138241
10 4 5 -14 -132007
-14 11 0 -13 -132875
8 2 24 12 -67167
3 -1 2 -1 -88601
-14 9 3 -23 -109123
-6 -8 9 0 -143301
14 -15 -10 10 -127187
-6 -10 -5 -7 -94507
5 11 -15 -3 -136713
0 1 8 1 -118081
-6 -11 -18 -4 -95017
0 9 -4 22 -74003
-1 -5 4 -9 -112409
2 -20 6 1 -119549
2 1 -12 -9 -145369
15 5 -6 4 -124095
4 19 11 4 -104971
-4 17 -1 -8 -140285
-12 -8 -3 7 -139347
9 11 1 8 -90799
22 9 15 -15 -78055
-8 9 21 -11 -84643
10 12 -5 17 -117955
-18 -2 23 -3 -111123
-21 -8 7 11 -106201
4 -18 23 -24 -68333
-21 6 3 -11 -126881
-16 19 -22 5 -128801
20 -14 4 5 -143543
-12 18 18 -10 -121547
6 5 -17 12 -121933
