-12 -13 -12 -10 -52781
3 -1 21 -2 -68239
23 -22 -18 -17 -67269
23 19 17 21 -32557
10 -23 -14 -23 -62161
-12 0 -20 -4 -65793
23 3 24 1 -29993
9 22 -11 16 -63945
12 10 10 14 -51755
6 3 8 -4 -63625
11 -20 6 -23 -36453
-18 13 -17 4 -56237
-19 -2 -18 -15 -67525
-16 -7 -17 -1 -47367
-5 -4 -6 -3 -49431
-7 -24 -1 -17 -64147
11 -2 22 -5 -63589
-25 -15 -23 -14 -11355
-20 16 -25 21 -24921
-20 -23 -18 -20 -27023
-9 25 -6 24 -20005
-11 2 -14 -1 -51967
25 25 24 22 -9241
-14 -17 -11 -13 -53669
-25 -11 -25 -8 -30237
9 19 6 18 -41833
-20 16 -18 17 -43573
-1 5 3 5 -57869
17 17 17 19 -31047
3 -2 -5 3 -66437
1 -12 2 -12 -39229
25 -24 21 -22 -5567
9 14 -19 11 -69369
-6 -10 -6 -9 -54511
18 -15 23 7 -70083
2 8 1 3 -63343
4 -9 -17 -6 -70633
-15 -24 -14 -25 -23447
15 -8 14 11 -70881
-2 -17 0 -25 -39047
-20 -5 -20 -4 -37981
9 -24 18 -9 -65683
12 -8 14 1 -67149
-23 10 -15 22 -64691
4 15 -4 14 -53659
17 20 21 15 -42283
-2 -17 -3 -12 -56345
-17 21 -21 20 -36601
-18 -4 -16 -3 -47519
12 -3 12 -5 -51191
-23 24 -25 24 -6757
1 -21 18 -25 -58899
2 -25 2 -23 -21721
22 -19 22 -20 -35669
22 -15 21 20 -70625
9 -8 9 2 -66335
1 -23 0 -24 -33987
-19 -23 -22 -14 -48159
21 21 23 -8 -67743
22 -8 13 -8 -54607
-13 25 -10 17 -33437
-11 -24 -10 -25 -23441
-22 -24 -19 11 -65737
-25 10 -25 24 -40031
-23 -1 -24 5 -39571
13 19 5 16 -54753
-11 -1 -15 3 -58061
2 -9 -7 -8 -64335
-16 7 -12 9 -50631
-2 -2 -5 -1 -52381
25 2 23 2 -8713
4 -25 10 -25 -34637
-7 -21 -15 -10 -65185
-24 24 -14 25 -27479
-5 -13 -4 -14 -50103
-4 12 -4 13 -39847
-25 14 -24 13 -21615
-4 23 -2 20 -33989
11 -20 12 -18 -31729
-24 -4 -25 -4 -5061
17 -25 15 -23 -19445
18 -7 18 -3 -50927
21 5 17 3 -46359
-8 25 -8 23 -17139
7 -13 5 -18 -54141
-10 1 -10 -3 -48255
-16 13 -18 4 -61155
2 4 4 -5 -65117
8 -14 9 -14 -37115
14 20 11 25 -30509
-1 19 0 24 -32885
19 -15 21 -18 -38711
20 -8 20 -10 -36069
-1 -4 1 -12 -65383
21 -12 12 -7 -59227
-7 -5 -14 -8 -57269
-10 23 -10 -24 -71455
-13 -23 -13 -21 -29235
8 23 14 9 -65091
1 -3 6 20 -75839
-3 -19 -2 -16 -45337
4 11 7 8 -55799
-11 7 -11 9 -46255
-15 11 -8 23 -64403
9 7 9 1 -57985
-7 17 -7 14 -45083
25 -3 25 -6 -30549
23 -17 23 -20 -42491
-7 -12 -8 -14 -50249
8 -10 12 -10 -46659
23 -19 24 -17 -35587
-20 -12 -18 -16 -47433
-18 -24 -25 -23 -17017
15 -8 18 -17 -64191
-24 25 -25 20 -13125
-17 -6 -20 -16 -64387
4 18 1 8 -65031
-16 -9 -16 -17 -57059
7 19 11 21 -41383
-24 -9 -25 0 -45607
-12 -13 -8 -9 -58709
7 -22 7 -23 -18911
-9 23 -9 15 -43783
21 4 14 15 -64169
-5 3 -5 1 -52527
-9 -13 -9 -11 -51599
-18 -20 -18 -17 -36283
19 -19 4 -24 -56495
-24 -18 -22 -24 -28837
14 -4 3 -1 -64983
-24 12 -15 16 -57403
13 -2 23 -6 -61487
10 6 18 6 -50743
13 -14 14 -14 -34427
13 -11 10 0 -66861
22 0 21 16 -64449
-13 -2 -8 -13 -66679
9 23 -9 23 -49925
16 19 16 23 -27103
-24 18 -21 -21 -68725
-24 16 -23 17 -27637
17 4 21 13 -62741
1 19 0 13 -55351
21 25 24 23 -15785
10 -7 10 -8 -42263
3 -18 -21 -22 -61433
-10 -23 8 -23 -61097
6 19 14 11 -62621
12 24 12 22 -21269
-13 -23 -11 -23 -25841
4 -8 7 -13 -56159
-18 23 -17 25 -18739
-15 -16 -20 -7 -70083
2 1 2 0 -47451
8 -4 12 -4 -45441
23 -14 16 -15 -37759
-17 14 -11 7 -57379
23 -20 2 -18 -63215
10 3 10 2 -44521
-5 -22 -4 -25 -25231
-17 14 -4 16 -57803
-1 -8 -7 -10 -63475
23 3 15 8 -51125
24 15 25 13 -21089
-6 21 -2 25 -31955
22 15 14 13 -43457
-16 -22 -16 -20 -33367
3 -24 5 -24 -29355
12 -16 9 -7 -63217
8 -23 0 -18 -46789
-8 23 -1 16 -52191
-11 -24 18 -17 -68829
10 -15 13 -8 -62539
12 -25 10 -24 -27863
24 -11 25 -10 -18889
13 4 18 -7 -72109
21 18 -2 19 -64133
-5 16 22 12 -70559
6 13 12 15 -51467
2 16 -2 18 -50971
16 -11 15 -7 -47645
20 -2 22 -3 -32299
24 -21 19 -25 -19927
16 -16 15 -15 -43219
-25 -24 -23 -22 -12127
1 25 5 25 -20269
-9 -13 -10 -13 -38287
24 -13 23 -12 -21941
0 -18 -4 -12 -64325
5 8 8 7 -50217
-2 4 -2 3 -53785
-1 -6 1 -6 -49221
-22 2 -23 0 -36151
-15 -1 -15 2 -50841
21 -3 21 -4 -43045
13 22 22 22 -26811
-8 -11 -6 -18 -59953
14 15 19 15 -41143
-7 -5 -10 -8 -59991
3 23 4 25 -21619
25 -4 25 4 -39527
-21 6 -21 1 -44553
-9 -18 -7 -17 -45513
2 10 14 11 -62941
25 -22 24 -19 -22099
24 6 24 8 -31449
-21 11 -22 11 -25965
18 -25 19 -23 -17465
18 -1 20 0 -39637
-7 -20 -6 -22 -37199
9 22 10 23 -25333
-19 -18 -22 -16 -35651
-12 5 -17 -1 -64307
13 24 19 17 -46439
-2 1 -3 6 -65251
21 24 -23 23 -47997
5 -10 1 -7 -55543
7 12 20 8 -68859
-11 -14 -16 -16 -54743
25 19 23 17 -13601
22 10 24 13 -27921
17 17 13 12 -47767
-24 -9 -21 11 -63607
25 21 22 20 -7751
-4 -21 2 -24 -34341
-1 8 0 11 -45591
1 12 -4 17 -62591
25 -17 24 -15 -27585
-20 7 -22 20 -57511
-21 -25 -19 -23 -17055
6 8 6 10 -47085
18 4 20 -15 -71037
5 8 2 10 -53597
9 -17 11 -19 -43939
0 23 1 24 -25981
-11 13 -13 8 -53705
22 -6 21 -19 -60897
25 -9 25 -25 -47983
17 8 19 7 -42809
19 21 23 3 -61411
11 -3 12 -2 -48003
-16 -14 -10 -13 -54507
-19 9 -18 8 -37333
25 -11 -25 -13 -65747
-25 13 -25 11 -27387
15 -16 15 -18 -44041
1 -2 5 -9 -67385
20 -3 17 4 -51037
-16 17 -11 15 -40215
-7 11 -5 11 -48925
-25 2 -25 -6 -38877
-25 -23 -25 -25 -11419
4 11 7 16 -55999
-8 25 -11 23 -21785
10 8 11 4 -50725
-5 19 -24 19 -54695
7 -5 6 -17 -67973
3 4 0 6 -56593
-13 23 10 11 -70409
1 8 1 3 -62499
-1 -12 0 -11 -51329
21 10 7 13 -66759
2 -15 13 -23 -62319
-2 -23 -11 -24 -46949
18 -4 13 22 -69359
-24 11 -12 16 -66253
7 -24 -12 -17 -66985
7 -1 11 4 -57917
-7 12 -21 23 -62045
-1 1 -9 -1 -64535
-7 2 -6 9 -59951
-4 2 -13 6 -61201
-3 -21 -6 -16 -54209
19 -7 -21 1 -74601
-10 14 3 12 -68755
-2 4 -9 11 -65877
0 -19 -5 -23 -57409
-7 -5 -6 -3 -56037
-16 9 -19 23 -60109
-22 -2 -18 -2 -35063
15 -21 6 -12 -67801
19 13 -2 22 -68573
16 3 23 4 -43581
-8 -7 -19 -10 -66163
-4 3 -2 -2 -59855
7 1 10 -4 -57959
1 -13 -3 -17 -55693
3 2 7 11 -68411
-4 -7 -6 -9 -62921
-14 12 -23 18 -56255
-19 -7 -12 -6 -56433
6 -18 10 -20 -47407
1 12 21 13 -67697
2 -22 -24 -10 -67459
-8 6 -3 9 -62949
4 5 -2 6 -65317
-12 13 -23 15 -55905
-11 -6 -3 -10 -60609
-20 5 -11 8 -59765
4 21 13 21 -43419
12 -1 16 9 -60773
-7 5 -5 7 -53983
6 10 9 8 -54369
9 -18 -9 -16 -70135
3 -6 4 5 -67785
-13 4 -9 -2 -62021
2 -11 0 -16 -56961
-7 -24 -18 -20 -49529
5 -14 -7 -18 -68185
-14 -23 -16 -16 -48245
5 13 3 22 -52415
17 6 17 9 -44357
-3 -21 -10 -22 -51901
-21 -5 -22 -16 -57839
-12 -6 -17 -14 -67981
-8 -12 -2 -24 -67899
-13 -14 -21 -6 -68823
-19 -18 19 4 -81743
5 8 -2 10 -58705
-8 18 -9 18 -34591
19 -16 10 -18 -53741
-18 -16 -23 -3 -66633
-15 1 -4 -5 -62699
-23 -21 -12 -22 -35729
3 18 -15 17 -62269
6 -13 7 -14 -43159
-5 -11 -6 -8 -58625
-6 7 3 6 -61831
-8 6 -21 6 -61955
16 9 13 10 -43731
19 1 -16 0 -70437
-24 5 -12 18 -69789
-6 -7 -3 -4 -65371
-3 -2 -24 -2 -67927
20 -24 22 5 -72213
23 -19 8 -20 -53307
5 -8 24 -9 -64125
-8 2 -9 8 -57985
16 -5 23 6 -60329
-7 7 -22 13 -63503
-16 22 -1 12 -67699
1 -8 4 -3 -54639
-10 -24 -5 -18 -50249
10 3 15 8 -52459
-1 -1 -8 -3 -67631
-20 4 -24 -11 -60497
-19 -14 -14 -21 -55145
-19 -13 -3 -24 -68631
-15 -20 -14 -12 -51299
-1 -24 9 -13 -64151
15 -5 6 5 -69727
-10 -9 -5 -16 -64357
-9 -13 -8 -4 -67517
16 -8 22 -16 -57303
-2 -3 4 -1 -59349
-11 21 -17 11 -64403
-21 -3 -23 19 -64175
-7 -23 1 -15 -69427
-1 -13 2 -16 -51319
-24 17 -23 -16 -68721
3 -5 2 -16 -70225
3 23 23 22 -43089
21 19 18 8 -54617
23 -21 16 -1 -68811
-7 -2 0 -6 -64749
-6 -4 -3 -7 -55229
20 -7 11 -7 -55529
7 -6 11 -2 -59605
-22 0 -17 -2 -42925
-6 22 0 22 -35389
18 4 22 17 -67031
-5 12 -13 7 -62569
-5 23 4 9 -71479
8 0 23 -3 -62379
19 18 6 20 -56429
-1 7 -1 22 -67885
18 -8 12 2 -72455
-13 7 -13 -2 -61099
10 -17 7 -11 -56461
-17 21 -14 5 -66613
22 6 10 7 -60797
-9 8 -1 7 -59465
-5 -3 -10 -7 -65661
-15 4 -16 2 -49173
-6 14 -24 22 -58441
1 -1 6 3 -64469
-19 2 -14 -1 -57297
12 -6 3 -11 -62723
5 4 11 13 -64827
23 -11 14 -14 -50729
16 10 9 13 -55597
17 -24 8 -18 -52065
-16 19 -18 17 -41791
-4 12 -1 22 -57443
23 -11 23 -17 -46055
-6 7 -10 16 -61285
14 -14 21 1 -70049
-13 -9 -13 -6 -48275
-23 14 -18 14 -39367
15 1 6 -4 -66393
4 -17 -7 -15 -65641
-15 -11 -17 -7 -55207
18 3 14 7 -52627
-11 7 -10 19 -65435
6 13 -2 20 -62807
-23 -12 -11 -16 -56567
16 -12 13 -17 -55585
4 13 -6 14 -62577
-22 -16 -18 -7 -55853
-8 9 -5 10 -56101
-1 7 7 5 -66387
2 20 -2 23 -35981
23 -1 9 7 -66245
-17 7 -17 8 -43143
14 1 21 9 -61959
7 -1 -2 2 -64107
-18 4 -12 3 -52769
-18 -4 -18 8 -63883
-23 14 -24 14 -17775
-6 -3 -4 -1 -59665
-24 -1 -22 -8 -45567
-20 23 -21 -7 -67659
15 5 22 15 -67119
23 -14 -23 -23 -64669
-10 18 -24 14 -65505
16 -5 15 -22 -70091
-2 -13 -11 -24 -68235
17 -23 16 -10 -65509
-5 17 -10 11 -59149
-3 -14 18 -15 -65363
6 8 15 14 -60001
-21 -4 -12 -1 -66699
-16 14 -22 -1 -68069
3 -5 -1 -2 -59929
4 -1 8 1 -60499
21 -20 22 12 -72397
-3 -22 5 -14 -64393
-5 -8 0 -13 -62835
-19 6 -14 -5 -68909
7 9 9 0 -62965
-8 -19 -18 -14 -58725
0 12 4 24 -59997
-2 8 4 14 -60155
-17 -16 6 -22 -70119
-4 -11 -24 -20 -64753
18 -2 17 -5 -51959
-20 20 -16 12 -54943
-7 3 -6 1 -57533
19 18 10 21 -49447
2 -1 -4 -4 -62523
-11 -17 -7 19 -77621
-1 -4 0 -1 -49261
-15 9 -1 13 -68553
14 9 11 19 -61407
15 7 22 10 -48233
-24 -14 -7 -12 -63419
5 -3 4 -4 -50683
11 -11 -3 -9 -63515
23 -10 18 -9 -33401
-5 -4 6 -5 -66739
-8 -2 -24 -2 -64839
-8 -15 19 -23 -70163
-10 -15 -1 -18 -60103
14 19 -15 21 -64231
-24 -4 -14 -9 -49991
4 11 7 15 -54043
2 5 -3 6 -58717
-22 1 -12 -2 -63205
-2 -22 -6 -24 -45639
-2 15 -10 16 -52801
12 12 2 17 -60531
8 -22 16 -24 -44049
-15 -11 -20 -13 -44841
-10 10 -15 2 -60515
8 -10 7 -9 -44143
16 -17 20 -18 -35559
-10 3 -15 11 -59875
5 -16 6 -13 -53389
18 -8 3 -8 -67663
9 -14 12 -9 -59173
13 -4 22 -1 -54109
-3 -11 2 -6 -65825
0 17 -4 17 -46929
2 -6 2 -14 -63529
3 -1 2 -1 -48919
-3 -5 -22 -24 -67767
9 18 -23 22 -59997
22 20 20 23 -28575
-6 -10 -5 -7 -62913
11 -10 16 -20 -66827
0 1 8 1 -61741
-6 -11 -18 -4 -67575
-11 -14 -24 -18 -51189
-1 -5 4 -9 -65953
-1 -7 10 -5 -63583
-7 21 -18 19 -44601
15 5 -6 4 -68977
-11 19 17 20 -65837
-7 1 -6 2 -49629
23 -12 19 -22 -58289
9 11 1 8 -59859
-8 15 17 23 -63577
-1 0 23 2 -69453
10 12 -5 17 -70475
-18 -2 23 -3 -71251
-3 -22 12 -20 -59419
4 -18 23 -24 -58707
-8 5 1 9 -66765
-4 4 -20 9 -67229
22 19 -3 -22 -77311
14 17 14 5 -61955
19 -14 15 -18 -51733
