-12 -13 -12 -10 -49394
8 14 -15 17 -68676
21 16 9 22 -71658
23 19 17 21 -41352
10 -23 -14 -23 -64188
-12 0 -20 -4 -60728
23 3 24 1 -30586
9 22 -11 16 -68302
12 10 10 14 -54640
6 3 8 -4 -54002
11 -20 6 -23 -39148
-18 13 -17 4 -58570
-24 -7 15 -14 -64150
-16 -7 -17 -1 -45420
-5 -4 -6 -3 -45260
-7 -24 -1 -17 -60984
-12 -11 -12 0 -58048
-25 -15 -23 -14 -12512
-20 16 -25 21 -29116
-20 -23 -18 -20 -25988
-9 25 -6 24 -20434
-11 2 -14 -1 -48614
25 25 24 22 -9740
-14 -17 -11 -13 -53676
-25 -11 -25 -8 -27830
9 19 6 18 -43924
-20 16 -18 17 -44244
-1 5 3 5 -53178
17 17 17 19 -34590
3 3 18 0 -58750
1 -12 2 -12 -37670
25 -24 21 -22 -6430
13 -8 7 -8 -52728
-6 -10 -6 -9 -52668
18 -15 23 7 -60848
2 8 1 3 -59340
-9 5 12 6 -65690
-15 -24 -14 -25 -26176
12 5 4 5 -53058
-2 -17 0 -25 -42648
-20 -5 -20 -4 -38218
9 -24 18 -9 -64392
12 -8 14 1 -58206
-23 10 -15 22 -62590
4 15 -4 14 -58836
17 20 21 15 -51332
-2 -17 -3 -12 -54404
-17 21 -21 20 -40028
-18 -4 -16 -3 -49122
12 -3 12 -5 -46472
-23 24 -25 24 -5590
1 -21 18 -25 -59558
2 -25 2 -23 -21982
22 -19 22 -20 -40640
-15 1 -24 12 -62166
9 -8 9 2 -58092
1 -23 0 -24 -34244
-19 -23 -22 -14 -55950
2 -20 14 21 -75088
22 -8 13 -8 -54444
-13 25 -10 17 -36014
-11 -24 -10 -25 -25146
-15 2 -22 -5 -60510
-25 10 -25 24 -40566
-23 -1 -24 5 -40206
13 19 5 16 -57440
-11 -1 -15 3 -54526
2 -9 -7 -8 -60014
-16 7 -12 9 -49822
-2 -2 -5 -1 -48348
25 2 23 2 -7992
4 -25 10 -25 -35380
15 -23 -16 -21 -64784
-24 24 -14 25 -28944
-5 -13 -4 -14 -48068
-4 12 -4 13 -41920
-25 14 -24 13 -24744
-4 23 -2 20 -40338
11 -20 12 -18 -33670
-24 -4 -25 -4 -6038
17 -25 15 -23 -26372
18 -7 18 -3 -45376
21 5 17 3 -45736
-8 25 -8 23 -17584
7 -13 5 -18 -53734
-10 1 -10 -3 -47520
-16 13 -18 4 -60582
-23 -8 -14 -4 -56648
8 -14 9 -14 -38890
14 20 11 25 -35454
-1 19 0 24 -36214
19 -15 21 -18 -40216
20 -8 20 -10 -33956
-1 -4 1 -12 -60104
7 -20 -22 -21 -63940
-7 -5 -14 -8 -54080
15 -3 19 -10 -58366
-13 -23 -13 -21 -30926
2 14 -21 7 -73806
-4 11 -16 11 -59810
-3 -19 -2 -16 -45132
4 11 7 8 -57916
-11 7 -11 9 -47282
4 23 -20 20 -57512
9 7 9 1 -56896
-7 17 -7 14 -48894
25 -3 25 -6 -27382
23 -17 23 -20 -48116
-7 -12 -8 -14 -47194
8 -10 12 -10 -50356
23 -19 24 -17 -38198
-20 -12 -18 -16 -46202
-18 -24 -25 -23 -19620
15 -8 18 -17 -59802
-24 25 -25 20 -14256
-17 -6 -20 -16 -60296
4 18 1 8 -63252
-16 -9 -16 -17 -53790
7 19 11 21 -43722
-24 -9 -25 0 -49258
-12 -13 -8 -9 -54418
7 -22 7 -23 -21354
-9 23 -9 15 -48944
15 12 21 8 -51730
-5 3 -5 1 -51838
-9 -13 -9 -11 -48072
-18 -20 -18 -17 -41622
19 -19 4 -24 -56758
-24 -18 -22 -24 -30790
14 -4 3 -1 -58760
-24 12 -15 16 -56790
13 -2 23 -6 -60804
10 6 18 6 -48730
13 -14 14 -14 -37464
13 -11 10 0 -62040
22 0 21 16 -61600
17 -2 19 7 -58560
9 23 -9 23 -52274
16 19 16 23 -30124
-24 18 -21 -21 -61686
-24 16 -23 17 -26932
17 4 21 13 -57774
1 19 0 13 -56370
21 25 24 23 -19104
10 -7 10 -8 -40834
3 -18 -21 -22 -62436
-10 -23 8 -23 -63026
6 19 14 11 -61884
12 24 12 22 -22658
-13 -23 -11 -23 -29448
4 -8 7 -13 -52398
-18 23 -17 25 -19038
-22 -5 -23 -1 -47010
2 1 2 0 -39914
8 -4 12 -4 -42916
23 -14 16 -15 -41518
-17 14 -11 7 -58976
23 -20 2 -18 -64910
10 3 10 2 -42640
-5 -22 -4 -25 -27162
-17 14 -4 16 -64328
-1 -8 -7 -10 -61976
23 3 15 8 -49342
24 15 25 13 -23786
-6 21 -2 25 -33520
22 15 14 13 -46298
-16 -22 -16 -20 -33632
3 -24 5 -24 -31508
12 -16 9 -7 -61094
8 -23 0 -18 -49728
-8 23 -1 16 -59102
11 22 15 21 -46828
10 -15 13 -8 -60966
12 -25 10 -24 -30382
24 -11 25 -10 -17668
-5 20 16 19 -64230
-4 -4 -7 -12 -73374
13 -15 2 -13 -58640
6 13 12 15 -51802
2 16 -2 18 -53644
16 -11 15 -7 -47706
20 -2 22 -3 -33134
24 -21 19 -25 -23044
16 -16 15 -15 -43760
-25 -24 -23 -22 -11608
1 25 5 25 -22732
-9 -13 -10 -13 -36652
24 -13 23 -12 -21154
0 -18 -4 -12 -62428
5 8 8 7 -51148
-2 4 -2 3 -50882
-1 -6 1 -6 -44932
-22 2 -23 0 -34906
-15 -1 -15 2 -49944
21 -3 21 -4 -37374
13 22 22 22 -37704
-8 -11 -6 -18 -57186
14 15 19 15 -46436
-7 -5 -10 -8 -57476
3 23 4 25 -23630
25 -4 25 4 -39506
-21 6 -21 1 -43114
-9 -18 -7 -17 -44488
2 10 14 11 -59892
25 -22 24 -19 -25718
24 6 24 8 -28436
-21 11 -22 11 -29238
18 -25 19 -23 -20954
18 -1 20 0 -39234
-7 -20 -6 -22 -43884
9 22 10 23 -27490
-19 -18 -22 -16 -38152
-9 22 14 -3 -74252
13 24 19 17 -55992
-2 1 -3 6 -62350
21 24 -23 23 -52356
5 -10 1 -7 -49686
-6 23 0 18 -55126
-11 -14 -16 -16 -55182
25 19 23 17 -14502
22 10 24 13 -29970
17 17 13 12 -53426
-24 -9 -21 11 -60952
25 21 22 20 -9658
-4 -21 2 -24 -36258
-1 8 0 11 -48388
1 12 -4 17 -64020
25 -17 24 -15 -29858
-20 7 -22 20 -61688
-21 -25 -19 -23 -17050
6 8 6 10 -48972
-7 17 -13 13 -60890
5 8 2 10 -55016
9 -17 11 -19 -42862
0 23 1 24 -27524
-11 13 -13 8 -55356
22 -6 21 -19 -53838
25 -9 25 -25 -47662
17 8 19 7 -43636
19 21 23 3 -61810
11 -3 12 -2 -42046
-16 -14 -10 -13 -53542
-19 9 -18 8 -42344
25 -11 -25 -13 -62674
-25 13 -25 11 -29752
15 -16 15 -18 -44702
0 -9 -4 -12 -60028
20 -3 17 4 -50672
-16 17 -11 15 -44074
-7 11 -5 11 -48614
-25 2 -25 -6 -43314
-25 -23 -25 -25 -11992
4 11 7 16 -56404
-8 25 -11 23 -22468
10 8 11 4 -50934
-5 19 -24 19 -59056
7 -5 6 -17 -63614
3 4 0 6 -54194
-15 3 -18 7 -51992
1 8 1 3 -59104
-1 -12 0 -11 -50846
10 1 1 5 -61222
2 -15 13 -23 -61428
-2 -23 -11 -24 -44768
-9 -23 -19 -20 -52502
-5 15 2 19 -60174
7 -24 -12 -17 -62852
7 -1 11 4 -53726
23 -19 -6 -19 -63016
-1 1 -9 -1 -62598
-7 2 -6 9 -59956
-4 2 -13 6 -58476
-3 -21 -6 -16 -57010
14 3 23 -2 -54556
15 -23 18 -13 -60566
5 10 -13 9 -69530
0 -19 -5 -23 -54412
-7 -5 -6 -3 -54008
6 -22 -7 -23 -58464
-22 -2 -18 -2 -39270
-18 10 -19 13 -44506
7 4 10 9 -54824
16 3 23 4 -42480
-8 -7 -19 -10 -62794
-4 3 -2 -2 -54900
7 1 10 -4 -51122
1 -13 -3 -17 -53276
17 -3 18 6 -57546
-4 -7 -6 -9 -61982
-14 12 -23 18 -64348
-19 -7 -12 -6 -54282
6 -18 10 -20 -47150
8 13 -1 21 -63324
-18 22 -16 11 -62194
-8 6 -3 9 -60328
-13 -1 -10 7 -62826
-12 13 -23 15 -61112
-11 -6 -3 -10 -54876
-6 16 -5 3 -65028
4 21 13 21 -44808
12 -1 16 9 -64114
-7 5 -5 7 -52472
6 10 9 8 -54636
21 -3 13 -1 -55638
14 19 16 20 -34134
-13 4 -9 -2 -59742
2 -11 0 -16 -55766
-7 -24 -18 -20 -54130
23 11 5 14 -61490
-14 -23 -16 -16 -52458
5 13 3 22 -53394
17 6 17 9 -42912
-3 -21 -10 -22 -49748
-21 -5 -22 -16 -50868
-12 -6 -17 -14 -64850
-13 10 -15 2 -59884
-13 -14 -21 -6 -59662
2 17 6 21 -47310
5 8 -2 10 -59596
-8 18 -9 18 -38180
19 -16 10 -18 -59128
-18 -16 -23 -3 -58284
-15 1 -4 -5 -56814
-23 -21 -12 -22 -39334
3 18 -15 17 -66832
6 -13 7 -14 -45402
-5 -11 -6 -8 -56676
-6 7 3 6 -62738
10 -16 -4 -18 -63228
16 9 13 10 -44588
18 14 18 8 -55260
19 -24 14 -21 -36984
-6 -7 -3 -4 -62412
5 -16 3 -20 -45344
-7 11 5 9 -67306
23 -19 8 -20 -58018
5 -8 24 -9 -63154
-8 2 -9 8 -58638
16 -5 23 6 -61128
-13 12 -12 20 -59188
11 22 18 20 -59676
1 -8 4 -3 -52936
-10 -24 -5 -18 -52560
10 3 15 8 -57784
-1 -1 -8 -3 -64936
-20 4 -24 -11 -60590
-19 -14 -14 -21 -59800
-12 22 -7 14 -55490
-15 -20 -14 -12 -54188
-1 -24 9 -13 -65382
-11 14 -16 8 -61288
-10 -9 -5 -16 -60794
-7 22 19 -14 -73416
16 -8 22 -16 -56754
-2 -3 4 -1 -61184
-11 21 -17 11 -66164
-21 -3 -23 19 -61628
5 -3 -2 -3 -59386
-1 -13 2 -16 -50814
1 11 -4 8 -57382
8 -10 23 -15 -64400
3 23 23 22 -47996
21 19 18 8 -60570
18 -18 20 -15 -53170
-7 -2 0 -6 -59752
-6 -4 -3 -7 -51668
20 -7 11 -7 -52856
7 -6 11 -2 -55254
-22 0 -17 -2 -47874
-6 22 0 22 -41268
23 19 15 1 -69614
-5 12 -13 7 -65412
0 6 5 8 -56650
8 0 23 -3 -57502
19 18 6 20 -66216
-24 4 -14 -1 -59418
-4 20 1 13 -66506
-13 7 -13 -2 -63766
10 -17 7 -11 -56472
-8 11 -3 17 -64070
22 6 10 7 -57044
-9 8 -1 7 -58944
-8 -20 -7 -23 -43454
-15 4 -16 2 -47788
-6 14 -24 22 -60150
1 -1 6 3 -59152
-19 2 -14 -1 -57152
12 -6 3 -11 -61764
-8 14 23 20 -66718
23 -11 14 -14 -52624
16 10 9 13 -56290
17 -24 8 -18 -56850
-16 19 -18 17 -42826
-4 12 -1 22 -59558
23 -11 23 -17 -44126
-6 7 -10 16 -58082
7 -19 -3 -15 -58204
-13 -9 -13 -6 -45544
-23 14 -18 14 -43820
4 5 -1 10 -63726
4 -17 -7 -15 -61144
-15 -11 -17 -7 -46854
18 3 14 7 -49892
15 15 18 4 -64212
6 13 -2 20 -65852
-23 -12 -11 -16 -56136
16 -12 13 -17 -56678
4 13 -6 14 -65140
-22 -16 -18 -7 -52984
-8 9 -5 10 -56258
-5 -15 -9 -24 -59408
2 20 -2 23 -41310
-21 -14 -18 -21 -57692
-17 7 -17 8 -44856
18 11 18 16 -54380
7 -1 -2 2 -62308
-18 4 -12 3 -51116
-18 -4 -18 8 -62416
-23 14 -24 14 -18494
-6 -3 -4 -1 -57728
-24 -1 -22 -8 -49374
22 -7 22 8 -60218
-23 -19 -6 -15 -61920
23 -14 -23 -23 -64584
-10 18 -24 14 -65790
19 -17 17 -23 -47162
15 10 16 18 -60928
11 22 23 17 -66840
-5 17 -10 11 -66716
-23 17 21 22 -64106
6 8 15 14 -59048
20 10 10 14 -63540
-7 -1 -12 -5 -53640
3 -5 -1 -2 -53684
4 -1 8 1 -56514
23 -11 18 -5 -46370
-3 -22 5 -14 -63468
-5 -8 0 -13 -59034
-1 2 -24 4 -62390
7 9 9 0 -62374
-8 -19 -18 -14 -57698
0 12 4 24 -62074
-2 8 4 14 -63052
22 17 19 20 -41562
-21 19 -15 17 -47910
18 -2 17 -5 -44796
-20 20 -16 12 -64312
-7 3 -6 1 -56804
19 18 10 21 -68478
2 -1 -4 -4 -62962
-18 14 -8 10 -56462
-1 -4 0 -1 -47524
23 -13 22 -22 -58266
-16 -23 -17 -12 -60156
15 7 22 10 -45770
-24 -14 -7 -12 -63302
5 -3 4 -4 -50198
-18 -18 -15 10 -71038
23 -10 18 -9 -35920
-10 7 -24 6 -59566
-8 -2 -24 -2 -58020
10 13 10 8 -52382
-10 -15 -1 -18 -55518
14 19 -15 21 -63258
-24 -4 -14 -9 -47932
4 11 7 15 -54628
2 5 -3 6 -56050
22 -23 16 17 -65410
-2 -22 -6 -24 -44760
-2 15 -10 16 -53492
12 12 2 17 -58762
8 -22 16 -24 -47774
-15 -11 -20 -13 -45976
-23 -22 19 -23 -59920
8 -10 7 -9 -43048
16 -17 20 -18 -40922
-10 3 -15 11 -61066
5 -16 6 -13 -52172
7 -9 19 -11 -63110
9 -14 12 -9 -58144
13 -4 22 -1 -50348
-4 -3 2 1 -63788
0 17 -4 17 -52138
2 -6 2 -14 -55724
3 -1 2 -1 -49520
-16 13 -20 22 -59116
9 18 -23 22 -62946
22 20 20 23 -34084
-6 -10 -5 -7 -62116
11 -10 16 -20 -61784
0 1 8 1 -61980
-6 -11 -18 -4 -58424
-11 -14 -24 -18 -53480
-1 -5 4 -9 -59848
-15 -13 -8 -23 -59928
-7 21 -18 19 -47180
-3 -21 -4 -16 -54020
-22 9 -11 14 -65576
-7 1 -6 2 -50030
14 6 10 4 -47844
9 11 1 8 -58584
19 -6 22 22 -63524
13 16 15 9 -61212
7 -5 3 -8 -52766
18 -20 11 -17 -53134
-3 -22 12 -20 -62238
4 -18 23 -24 -60516
-19 4 -15 5 -50062
-23 22 -21 3 -59222
-22 5 -14 4 -54696
-6 20 22 19 -66178
19 -14 15 -18 -58884
