-12 -13 -12 -10 -48759
-3 17 5 15 -59697
23 -2 16 -11 -56267
23 19 17 21 -41209
10 -23 -14 -23 -59119
-12 0 -20 -4 -60037
23 3 24 1 -32937
4 23 11 16 -48785
12 10 10 14 -53655
6 3 8 -4 -57073
11 -20 6 -23 -36847
-18 13 -17 4 -56595
-16 14 -22 19 -58923
-16 -7 -17 -1 -45419
-5 -4 -6 -3 -46003
-11 1 -4 -2 -55337
-12 -11 -12 0 -58237
-25 -15 -23 -14 -12957
-20 16 -25 21 -33925
-20 -23 -18 -20 -28335
-9 25 -6 24 -26235
-11 2 -14 -1 -50491
25 25 24 22 -9823
-14 -17 -11 -13 -52479
-25 -11 -25 -8 -31123
9 19 6 18 -45227
-20 16 -18 17 -41671
-1 5 3 5 -51267
17 17 17 19 -35145
3 3 18 0 -62195
1 -12 2 -12 -37051
25 -24 21 -22 -5931
13 -8 7 -8 -51565
-6 -10 -6 -9 -51115
18 -15 23 7 -62895
2 8 1 3 -61733
4 13 0 11 -56935
-15 -24 -14 -25 -26623
12 5 4 5 -55395
-2 -17 0 -25 -42063
-20 -5 -20 -4 -38975
23 18 -3 22 -60523
12 -8 14 1 -61467
-23 10 -15 22 -59127
4 15 -4 14 -63039
17 20 21 15 -52609
-2 -17 -3 -12 -54443
-17 21 -21 20 -39627
-18 -4 -16 -3 -48425
12 -3 12 -5 -47551
-23 24 -25 24 -5445
1 -21 18 -25 -53797
2 -25 2 -23 -21847
22 -19 22 -20 -41899
-12 -8 12 17 -76561
9 -8 9 2 -64221
1 -23 0 -24 -34807
-19 -23 -22 -14 -60087
3 -14 5 -6 -59407
22 -8 13 -8 -54205
-13 25 -10 17 -36777
-11 -24 -10 -25 -24579
-15 2 -22 -5 -57169
-25 10 -25 24 -40391
-23 -1 -24 5 -38559
13 19 5 16 -59663
-11 -1 -15 3 -51389
2 -9 -7 -8 -60485
-16 7 -12 9 -49079
-2 -2 -5 -1 -47543
25 2 23 2 -8267
4 -25 10 -25 -32487
-4 10 1 12 -59353
-24 24 -14 25 -29361
-5 -13 -4 -14 -48325
-4 12 -4 13 -41095
-25 14 -24 13 -24323
-4 23 -2 20 -43271
11 -20 12 -18 -44071
-24 -4 -25 -4 -6027
17 -25 15 -23 -26811
18 -7 18 -3 -47371
21 5 17 3 -47845
-8 25 -8 23 -17177
7 -13 5 -18 -55689
-10 1 -10 -3 -47673
-8 20 -2 6 -69473
-23 -8 -14 -4 -53865
8 -14 9 -14 -37831
14 20 11 25 -35197
-1 19 0 24 -37467
19 -15 21 -18 -44551
20 -8 20 -10 -36469
-1 -4 1 -12 -63243
18 23 9 22 -43445
-7 -5 -14 -8 -56823
15 -3 19 -10 -56763
-13 -23 -13 -21 -31749
6 3 5 -7 -62901
-4 11 -16 11 -56585
-3 -19 -2 -16 -45647
4 11 7 8 -58951
-11 7 -11 9 -44579
4 23 -20 20 -55531
9 7 9 1 -56705
-7 17 -7 14 -49803
25 -3 25 -6 -29871
23 -17 23 -20 -49097
-7 -12 -8 -14 -46393
8 -10 12 -10 -48917
23 -19 24 -17 -38835
-20 -12 -18 -16 -48749
-18 -24 -25 -23 -20997
15 -8 18 -17 -59265
-24 25 -25 20 -13575
-17 -6 -20 -16 -60175
1 -10 3 -1 -63437
-16 -9 -16 -17 -55331
7 19 11 21 -45839
-24 -9 -25 0 -49467
-12 -13 -8 -9 -53109
7 -22 7 -23 -23319
-9 23 -9 15 -51709
15 12 21 8 -50849
-5 3 -5 1 -52047
-9 -13 -9 -11 -47679
-18 -20 -18 -17 -45967
19 -19 4 -24 -54563
-24 -18 -22 -24 -35787
14 -4 3 -1 -60219
-24 12 -15 16 -52225
13 -2 23 -6 -60625
10 6 18 6 -54473
13 -14 14 -14 -37571
-24 -1 2 -2 -62663
22 0 21 16 -62939
17 -2 19 7 -59743
9 23 -9 23 -48435
16 19 16 23 -31551
-24 18 -21 -21 -59525
-24 16 -23 17 -26345
17 4 21 13 -58675
1 19 0 13 -55571
21 25 24 23 -19649
10 -7 10 -8 -45315
14 -1 11 1 -43467
20 -7 -3 -12 -64437
6 19 14 11 -59831
12 24 12 22 -23193
-13 -23 -11 -23 -30321
4 -8 7 -13 -52729
-18 23 -17 25 -19033
-22 -5 -23 -1 -45815
2 1 2 0 -41493
8 -4 12 -4 -44255
23 -14 16 -15 -43171
-17 14 -11 7 -59969
6 -14 23 12 -75173
10 3 10 2 -41997
-5 -22 -4 -25 -27347
-17 14 -4 16 -61307
-1 -8 -7 -10 -63355
23 3 15 8 -55585
24 15 25 13 -22233
-6 21 -2 25 -34547
22 15 14 13 -47065
-16 -22 -16 -20 -36463
3 -24 5 -24 -28545
12 -24 13 -15 -50791
8 -23 0 -18 -48137
-8 23 -1 16 -64565
11 22 15 21 -44811
10 -15 13 -8 -62483
12 -25 10 -24 -29047
24 -11 25 -10 -18191
4 -21 -9 -21 -63325
-11 6 -13 0 -59411
13 -15 2 -13 -56033
6 13 12 15 -54511
2 16 -2 18 -52415
16 -11 15 -7 -48007
20 -2 22 -3 -32681
24 -21 19 -25 -24197
16 -16 15 -15 -45873
-25 -24 -23 -22 -12253
1 25 5 25 -21863
-9 -13 -10 -13 -36859
24 -13 23 -12 -22243
0 -18 -4 -12 -62309
5 8 8 7 -58909
-2 4 -2 3 -51407
-1 -6 1 -6 -42339
-22 2 -23 0 -33335
-15 -1 -15 2 -46877
21 -3 21 -4 -38897
13 22 22 22 -33587
-8 -11 -6 -18 -57101
14 15 19 15 -45147
-7 -5 -10 -8 -58779
3 23 4 25 -24131
25 -4 25 4 -40283
-21 6 -21 1 -42709
-9 -18 -7 -17 -45851
2 10 14 11 -64861
25 -22 24 -19 -26709
24 6 24 8 -33429
-21 11 -22 11 -28519
18 -25 19 -23 -22923
18 -1 20 0 -41883
-7 -20 -6 -22 -44159
9 22 10 23 -30415
-19 -18 -22 -16 -39647
-5 -19 -2 -18 -48955
13 24 19 17 -49547
-2 1 -3 6 -63543
21 24 -23 23 -49087
5 -10 1 -7 -51525
-6 23 0 18 -57835
-11 -14 -16 -16 -52453
25 19 23 17 -13929
22 10 24 13 -28771
17 17 13 12 -52773
-24 -9 -21 11 -55973
25 21 22 20 -9087
-4 -21 2 -24 -35379
-1 8 0 11 -50659
1 12 -4 17 -58345
25 -17 24 -15 -30695
-20 7 -22 20 -58861
-21 -25 -19 -23 -18549
6 8 6 10 -52225
-7 17 -13 13 -54661
5 8 2 10 -53347
9 -17 11 -19 -45949
0 23 1 24 -27987
-11 13 -13 8 -50197
22 -6 21 -19 -54851
25 -9 25 -25 -47989
17 8 19 7 -46073
19 21 23 3 -60453
11 -3 12 -2 -44987
-16 -14 -10 -13 -49627
-19 9 -18 8 -40759
25 -11 -25 -13 -57867
-25 13 -25 11 -28369
15 -16 15 -18 -47919
0 -9 -4 -12 -59519
20 -3 17 4 -54039
-16 17 -11 15 -42789
-7 11 -5 11 -46657
-25 2 -25 -6 -40659
-25 -23 -25 -25 -13917
4 11 7 16 -56883
-8 25 -11 23 -26605
10 8 11 4 -51295
-5 19 -24 19 -58063
-24 13 -20 4 -48349
3 4 0 6 -52725
-15 3 -18 7 -48273
1 8 1 3 -61219
-1 -12 0 -11 -50463
10 1 1 5 -62737
2 -15 13 -23 -61679
-2 -23 -11 -24 -47233
-9 -23 -19 -20 -55393
13 -17 12 -20 -49661
22 -21 15 -12 -60601
7 -1 11 4 -56241
10 13 0 17 -56815
-1 1 -9 -1 -57881
-7 2 -6 9 -58635
-4 2 -13 6 -57231
-3 -21 -6 -16 -57411
14 3 23 -2 -59479
9 -24 8 -14 -51671
9 11 10 5 -59463
0 -19 -5 -23 -55981
-7 -5 -6 -3 -53661
6 -22 -7 -23 -57109
-22 -2 -18 -2 -39401
-18 10 -19 13 -42357
7 4 10 9 -58687
16 3 23 4 -44785
21 17 -5 16 -65759
-4 3 -2 -2 -56111
7 1 10 -4 -53617
1 -13 -3 -17 -52579
17 -3 18 6 -58983
-4 -7 -6 -9 -62289
-11 -6 -3 -5 -61441
-19 -7 -12 -6 -53675
6 -18 10 -20 -47293
8 13 -1 21 -60967
-18 22 -16 11 -57447
-8 6 -3 9 -59059
7 8 6 2 -61741
-12 13 -23 15 -56323
-11 -6 -3 -10 -58147
-6 16 -5 3 -63405
4 21 13 21 -48403
22 12 -14 23 -65919
-7 5 -5 7 -51281
6 10 9 8 -58161
21 -3 13 -1 -58995
14 19 16 20 -36387
-13 4 -9 -2 -55903
2 -11 0 -16 -54529
-7 -24 -18 -20 -55623
23 11 5 14 -61435
-14 -23 -16 -16 -54331
5 13 3 22 -51803
17 6 17 9 -42657
-3 -21 -10 -22 -52617
-21 -5 -22 -16 -54649
15 -18 19 -17 -53707
-13 10 -15 2 -57057
-13 -14 -21 -6 -61459
2 17 6 21 -48019
5 8 -2 10 -56571
-8 18 -9 18 -41769
19 -16 10 -18 -61101
-18 -16 -23 -3 -62541
-8 2 6 21 -74851
-23 -21 -12 -22 -43099
3 18 -15 17 -65113
6 -13 7 -14 -45317
-5 -11 -6 -8 -55859
-6 7 3 6 -60015
-7 19 -5 18 -48429
16 9 13 10 -43751
18 14 18 8 -52341
19 -24 14 -21 -38347
-6 -7 -3 -4 -62133
5 -16 3 -20 -44713
-3 7 -5 7 -48585
23 -19 8 -20 -57243
-4 13 0 18 -62153
-8 2 -9 8 -57059
16 -5 23 6 -64095
-13 12 -12 20 -53951
11 22 18 20 -50733
1 -8 4 -3 -57039
-10 -24 -5 -18 -52421
10 3 15 8 -60053
-21 10 -20 1 -51585
-23 -18 -7 -22 -61125
-19 -14 -14 -21 -62201
-12 22 -7 14 -63021
-15 -20 -14 -12 -57075
20 23 3 20 -55399
-11 14 -16 8 -54781
-10 -9 -5 -16 -61733
21 1 22 10 -52467
16 -8 22 -16 -56599
-2 -3 4 -1 -56433
3 -12 7 -21 -58633
-4 23 -13 23 -39021
5 -3 -2 -3 -58373
-1 -13 2 -16 -51441
1 11 -4 8 -61087
14 -5 12 -15 -63065
3 23 23 22 -49749
21 19 18 8 -57375
18 -18 20 -15 -52245
-7 -2 0 -6 -59603
-6 -4 -3 -7 -53079
20 -7 11 -7 -53569
7 -6 11 -2 -58639
-22 0 -17 -2 -48269
-6 22 0 22 -42635
-5 20 -9 15 -55435
16 14 0 13 -67777
0 6 5 8 -57517
8 0 23 -3 -62639
2 -18 -22 -23 -60851
-24 4 -14 -1 -57429
23 13 8 1 -73501
-13 7 -13 -2 -60313
10 -17 7 -11 -55317
-8 11 -3 17 -63069
22 6 10 7 -61877
-9 8 -1 7 -58705
-8 -20 -7 -23 -42649
-15 4 -16 2 -46795
-6 14 -24 22 -62427
1 -1 6 3 -60719
-19 2 -14 -1 -55621
17 5 19 3 -47841
9 18 16 18 -51405
23 -11 14 -14 -54535
16 10 9 13 -53821
17 -24 8 -18 -56915
-16 19 -18 17 -41277
-4 12 -1 22 -63389
23 -11 23 -17 -44235
-6 7 -10 16 -60733
7 -19 -3 -15 -55941
-13 -9 -13 -6 -47137
-23 14 -18 14 -42991
10 -9 11 -5 -54289
4 -17 -7 -15 -62123
-15 -11 -17 -7 -48283
18 3 14 7 -55701
6 19 -2 14 -64139
-24 -2 -23 -13 -52587
-23 -12 -11 -16 -54639
16 -12 13 -17 -56567
4 13 -6 14 -62727
-22 -16 -18 -7 -54291
-8 9 -5 10 -52883
-5 -15 -9 -24 -59117
2 20 -2 23 -41553
-21 -14 -18 -21 -61037
-17 7 -17 8 -43433
18 11 18 16 -51929
7 -1 -2 2 -62153
-18 4 -12 3 -51021
-6 15 -9 20 -59657
-23 14 -24 14 -20039
-6 -3 -4 -1 -53499
-24 -1 -22 -8 -50393
22 -7 22 8 -62353
-23 -19 -6 -15 -60903
-8 7 -15 12 -55951
-10 18 -24 14 -59971
19 -17 17 -23 -49047
15 10 16 18 -59809
5 -20 -14 -22 -68591
8 -4 23 -2 -61839
-20 -21 -21 -8 -58339
6 8 15 14 -60923
-9 7 -16 5 -49509
-7 -1 -12 -5 -56519
3 -5 -1 -2 -54769
4 -1 8 1 -58139
23 -11 18 -5 -45953
-3 -22 5 -14 -60751
-5 -8 0 -13 -59727
-1 2 -24 4 -63147
-23 -20 5 -23 -59301
-8 -19 -18 -14 -59177
-24 -21 -24 -18 -30081
18 22 22 18 -50695
22 17 19 20 -45315
-21 19 -15 17 -49919
18 -2 17 -5 -48043
16 5 14 5 -46073
-7 3 -6 1 -57463
-13 -23 8 -1 -74427
-24 -23 23 -19 -55579
-18 14 -8 10 -58933
-1 -4 0 -1 -45393
23 -13 22 -22 -57921
-16 -23 -17 -12 -64135
15 7 22 10 -49589
-20 -5 -9 -5 -55743
5 -3 4 -4 -51609
-14 -9 10 -10 -60727
23 -10 18 -9 -35273
-10 7 -24 6 -58045
-4 16 3 21 -60687
10 13 10 8 -55047
-10 -15 -1 -18 -57415
14 19 -15 21 -60615
-24 -4 -14 -9 -49987
4 11 7 15 -56035
2 5 -3 6 -53521
-23 0 -17 14 -59405
-2 -22 -6 -24 -46815
-2 15 -10 16 -55269
14 -22 18 -19 -47347
8 -22 16 -24 -45715
-15 -11 -20 -13 -43815
-23 -22 19 -23 -56689
8 -10 7 -9 -42193
16 -17 20 -18 -45187
3 13 2 5 -61951
5 -16 6 -13 -52737
7 -9 19 -11 -58517
9 -14 12 -9 -57781
13 -4 22 -1 -57959
-22 20 -18 16 -47685
0 17 -4 17 -51231
2 -6 2 -14 -58519
3 -1 2 -1 -49583
-16 13 -20 22 -57661
9 18 -23 22 -61669
22 20 20 23 -37681
-6 -10 -5 -7 -59779
11 -10 16 -20 -61409
0 1 8 1 -62249
-6 -11 -18 -4 -58415
-11 -14 -24 -18 -52659
-1 -5 4 -9 -61201
-15 -13 -8 -23 -61587
-7 21 -18 19 -46075
-3 -21 -4 -16 -54035
-11 -5 -14 -10 -56801
-7 1 -6 2 -47693
14 6 10 4 -50193
9 11 1 8 -63281
19 -6 22 22 -60551
13 16 15 9 -57605
7 -5 3 -8 -52967
18 -20 11 -17 -54951
-3 -22 12 -20 -54111
4 -18 23 -24 -55505
-19 4 -15 5 -49583
-23 22 -21 3 -58585
-22 5 -14 4 -53145
8 6 5 7 -57585
19 -14 15 -18 -59491
