-12 -13 -12 -10 -46591
-3 17 5 15 -59085
23 -2 16 -11 -52769
23 19 17 21 -43503
10 -23 -14 -23 -56209
-12 0 -20 -4 -60737
23 3 24 1 -30101
4 23 11 16 -50209
12 10 10 14 -53237
6 3 8 -4 -53595
11 -20 6 -23 -41475
-18 13 -17 4 -58165
-16 14 -22 19 -62271
-16 -7 -17 -1 -47499
-5 -4 -6 -3 -43985
-11 1 -4 -2 -53383
-12 -11 -12 0 -59237
-25 -15 -23 -14 -11691
-20 16 -25 21 -32773
-20 -23 -18 -20 -27153
-9 25 -6 24 -25157
-11 2 -14 -1 -49167
25 25 24 22 -10229
-14 -17 -11 -13 -52203
-25 -11 -25 -8 -30331
9 19 6 18 -43565
-20 16 -18 17 -40889
-1 5 3 5 -49371
17 17 17 19 -40781
-4 -8 13 -9 -64441
1 -12 2 -12 -41507
25 -24 21 -22 -6407
13 -8 7 -8 -52515
-6 -10 -6 -9 -49927
-11 16 -14 5 -66135
2 8 1 3 -58433
4 13 0 11 -51449
-15 -24 -14 -25 -25709
12 5 4 5 -52757
-2 -17 0 -25 -41693
-20 -5 -20 -4 -40657
23 18 -3 22 -58471
12 -8 14 1 -58553
-23 10 -15 22 -60471
4 15 -4 14 -60881
17 20 21 15 -53845
-2 -17 -3 -12 -49645
-17 21 -21 20 -41439
-18 -4 -16 -3 -49333
12 -3 12 -5 -44855
-23 24 -25 24 -6171
1 -21 18 -25 -56509
2 -25 2 -23 -21251
22 -19 22 -20 -41455
23 19 16 10 -59283
12 3 -6 -21 -74375
1 -23 0 -24 -32635
-19 -23 -22 -14 -57321
3 -14 5 -6 -57567
22 -8 13 -8 -51773
-13 25 -10 17 -40429
-11 -24 -10 -25 -23641
-15 2 -22 -5 -59397
-25 10 -25 24 -39159
-23 -1 -24 5 -39181
13 19 5 16 -56845
-11 -1 -15 3 -54153
2 -9 -7 -8 -61571
-16 7 -12 9 -53279
-2 -2 -5 -1 -44819
25 2 23 2 -9453
4 -25 10 -25 -34217
-4 10 1 12 -57001
-24 24 -14 25 -31591
-5 -13 -4 -14 -45079
-4 12 -4 13 -37967
-25 14 -24 13 -24769
-4 23 -2 20 -43097
11 -20 12 -18 -46287
-24 -4 -25 -4 -5435
17 -25 15 -23 -26733
18 -7 18 -3 -46167
21 5 17 3 -46539
-8 25 -8 23 -18001
7 -13 5 -18 -57285
-10 1 -10 -3 -47465
7 -18 -1 -17 -50241
-23 -8 -14 -4 -54901
8 -14 9 -14 -41347
14 20 11 25 -37595
-1 19 0 24 -42939
19 -15 21 -18 -44421
20 -8 20 -10 -34111
-1 -4 1 -12 -60545
18 23 9 22 -48171
-7 -5 -14 -8 -57999
15 -3 19 -10 -55765
-13 -23 -13 -21 -31419
6 3 5 -7 -58449
-4 11 -16 11 -57501
-3 -19 -2 -16 -44875
4 11 7 8 -57259
-11 7 -11 9 -46667
4 23 -20 20 -54303
9 7 9 1 -55693
-7 17 -7 14 -48127
25 -3 25 -6 -26583
23 -17 23 -20 -48423
-7 -12 -8 -14 -46901
8 -10 12 -10 -49975
23 -19 24 -17 -38675
-20 -12 -18 -16 -46211
-18 -24 -25 -23 -19513
15 -8 18 -17 -57461
-24 25 -25 20 -14123
-17 -6 -20 -16 -58885
1 -10 3 -1 -60639
-16 -9 -16 -17 -53027
7 19 11 21 -45609
-24 -9 -25 0 -51001
-12 -13 -8 -9 -57601
7 -22 7 -23 -22583
-9 23 -9 15 -52743
15 12 21 8 -50495
-5 3 -5 1 -49647
-9 -13 -9 -11 -45703
-18 -20 -18 -17 -42643
-16 20 -16 19 -34827
-24 -18 -22 -24 -34601
14 -4 3 -1 -56153
-24 12 -15 16 -51583
15 -19 2 -20 -59259
10 6 18 6 -52613
13 -14 14 -14 -37305
-24 -1 2 -2 -59281
22 0 21 16 -62515
17 -2 19 7 -54437
9 23 -9 23 -46907
16 19 16 23 -37599
-24 18 -21 -21 -67735
-24 16 -23 17 -25839
17 4 21 13 -58589
1 19 0 13 -53355
21 25 24 23 -21093
10 -7 10 -8 -41659
14 -1 11 1 -40487
-13 13 -7 16 -55987
6 19 14 11 -59725
12 24 12 22 -26165
-13 -23 -11 -23 -27551
4 -8 7 -13 -50999
-18 23 -17 25 -20211
-22 -5 -23 -1 -48613
2 1 2 0 -38801
8 -4 12 -4 -43009
23 -14 16 -15 -42285
-17 14 -11 7 -60405
-20 11 -9 15 -59991
10 3 10 2 -40519
-5 -22 -4 -25 -27355
20 23 10 18 -55341
-12 -19 -14 -16 -46899
23 3 15 8 -56933
24 15 25 13 -23243
-6 21 -2 25 -36093
22 15 14 13 -55133
-16 -22 -16 -20 -34497
3 -24 5 -24 -30063
12 -24 13 -15 -51699
8 -23 0 -18 -48921
-8 23 -1 16 -61569
11 22 15 21 -45925
10 -15 13 -8 -57707
12 -25 10 -24 -30397
24 -11 25 -10 -17115
4 -21 -9 -21 -59893
-11 6 -13 0 -58913
13 -15 2 -13 -58079
6 13 12 15 -50845
2 16 -2 18 -51795
16 -11 15 -7 -44707
20 -2 22 -3 -31151
24 -21 19 -25 -23985
16 -16 15 -15 -45571
-25 -24 -23 -22 -12913
1 25 5 25 -21243
-9 -13 -10 -13 -35551
24 -13 23 -12 -21111
13 21 15 16 -46707
5 8 8 7 -56251
-2 4 -2 3 -45353
-1 -6 1 -6 -46021
-22 2 -23 0 -37389
-15 -1 -15 2 -47239
21 -3 21 -4 -36735
13 22 22 22 -40033
-8 -11 -6 -18 -52741
14 15 19 15 -50069
-7 -5 -10 -8 -57515
3 23 4 25 -24457
25 -4 25 4 -34943
-21 6 -21 1 -42987
-9 -18 -7 -17 -44043
2 10 14 11 -57297
25 -22 24 -19 -26117
24 6 24 8 -32207
-21 11 -22 11 -29641
18 -25 19 -23 -23847
18 -1 20 0 -38791
-7 -20 -6 -22 -44445
9 22 10 23 -31897
-19 -18 -22 -16 -38323
-5 -19 -2 -18 -46461
13 24 19 17 -53223
-15 19 -11 15 -55471
21 24 -23 23 -51267
5 -10 1 -7 -50823
-6 23 0 18 -56191
-11 -14 -16 -16 -50643
25 19 23 17 -16805
22 10 24 13 -31539
17 17 13 12 -55859
-24 -9 -21 11 -59297
25 21 22 20 -10587
-4 -21 2 -24 -35699
-1 8 0 11 -47311
1 12 -4 17 -55971
25 -17 24 -15 -29451
22 -19 -18 20 -67971
-21 -25 -19 -23 -18129
6 8 6 10 -49927
-7 17 -13 13 -58145
5 8 2 10 -51443
9 -17 11 -19 -44571
0 23 1 24 -28753
-11 13 -13 8 -56489
22 -6 21 -19 -52715
25 -9 25 -25 -47053
17 8 19 7 -45421
19 21 23 3 -60327
11 -3 12 -2 -44061
-16 -14 -10 -13 -48011
-19 9 -18 8 -43619
25 -11 -25 -13 -58647
-25 13 -25 11 -28771
15 -16 15 -18 -48019
0 -9 -4 -12 -59685
20 -3 17 4 -53665
-16 17 -11 15 -48087
-7 11 -5 11 -45245
-25 2 -25 -6 -44639
-25 -23 -25 -25 -13297
4 11 7 16 -53025
-8 25 -11 23 -26433
10 8 11 4 -50143
-5 19 -24 19 -56507
-24 13 -20 4 -50663
3 4 0 6 -49217
-15 3 -18 7 -48599
1 8 1 3 -56883
-1 -12 0 -11 -51993
10 1 1 5 -57741
20 7 -18 4 -63695
-2 -23 -11 -24 -46145
-9 -23 -19 -20 -49917
13 -17 12 -20 -51027
22 -21 15 -12 -60685
7 -1 11 4 -54743
10 13 0 17 -54017
-1 1 -9 -1 -53833
-7 2 -6 9 -57231
-4 2 -13 6 -55839
-3 -21 -6 -16 -57371
14 3 23 -2 -60553
9 -24 8 -14 -50699
9 11 10 5 -57689
0 -19 -5 -23 -53065
-7 -5 -6 -3 -51161
6 -22 -7 -23 -55883
-22 -2 -18 -2 -39303
-18 10 -19 13 -51545
7 4 10 9 -55577
16 3 23 4 -45253
-18 11 -22 16 -55923
-4 3 -2 -2 -53083
7 1 10 -4 -50057
1 -13 -3 -17 -53645
17 -3 18 6 -54351
-4 -7 -6 -9 -57927
22 16 -14 20 -65247
-19 -7 -12 -6 -54591
6 -18 10 -20 -46649
8 13 -1 21 -60187
-18 22 -16 11 -62337
-8 6 -3 9 -58053
7 8 6 2 -59415
-12 13 -23 15 -57765
-11 -6 -3 -10 -52377
-6 16 -5 3 -60901
4 21 13 21 -46517
-13 -11 -8 -7 -60429
-7 5 -5 7 -49899
6 10 9 8 -56867
21 -3 13 -1 -58021
14 19 16 20 -44115
-13 4 -9 -2 -58737
2 -11 0 -16 -55535
-7 -24 -18 -20 -51173
23 11 5 14 -59649
-14 -23 -16 -16 -52879
5 13 3 22 -52417
17 6 17 9 -42377
-3 -21 -10 -22 -50937
-21 -5 -22 -16 -52967
15 -18 19 -17 -52751
-13 10 -15 2 -58257
-21 -1 -9 -5 -61863
2 17 6 21 -47999
5 8 -2 10 -55125
-8 18 -9 18 -38887
19 -16 10 -18 -61459
-18 -16 -23 -3 -61231
18 -22 6 -24 -50645
-23 -21 -12 -22 -37783
19 -5 15 0 -53805
6 -13 7 -14 -45027
-5 -11 -6 -8 -53281
-6 7 3 6 -59149
-7 19 -5 18 -46245
16 9 13 10 -43535
18 14 18 8 -52143
19 -24 14 -21 -38437
-6 -7 -3 -4 -57807
5 -16 3 -20 -46159
-3 7 -5 7 -47271
23 -19 8 -20 -58061
-4 13 0 18 -58669
-8 2 -9 8 -55431
23 -4 -9 9 -70467
-13 12 -12 20 -58909
11 22 18 20 -53497
1 -8 4 -3 -55681
-10 -24 -5 -18 -50775
10 3 15 8 -57717
-21 10 -20 1 -51083
-9 13 -13 20 -63457
-19 -14 -14 -21 -58507
10 -3 22 12 -69519
-15 -20 -14 -12 -54381
20 23 3 20 -57627
-11 14 -16 8 -61779
-18 10 -19 12 -50245
21 1 22 10 -51231
16 -8 22 -16 -55651
-2 -3 4 -1 -55811
3 -12 7 -21 -57685
-4 23 -13 23 -38347
5 -3 -2 -3 -57299
-1 -13 2 -16 -48577
1 11 -4 8 -58583
19 22 17 20 -30615
3 23 23 22 -51019
21 19 18 8 -63161
18 -18 20 -15 -52145
-7 -2 0 -6 -56871
-6 -4 -3 -7 -49639
20 -7 11 -7 -52561
7 -6 11 -2 -56107
-22 0 -17 -2 -47969
-6 22 0 22 -40633
-5 20 -9 15 -52851
-9 22 -24 23 -42987
0 6 5 8 -53627
8 0 23 -3 -60627
2 -18 -22 -23 -55777
-24 4 -14 -1 -56833
-22 -7 -17 23 -63929
-13 7 -13 -2 -60303
10 -17 7 -11 -55111
-1 -22 -10 -16 -59967
22 6 10 7 -60587
-9 8 -1 7 -56429
-8 -20 -7 -23 -43107
-15 4 -16 2 -46899
16 15 20 16 -48825
1 -1 6 3 -57553
-19 2 -14 -1 -57193
17 5 19 3 -49033
9 18 16 18 -51161
23 -11 14 -14 -52351
16 10 9 13 -54161
17 -24 8 -18 -56101
-16 19 -18 17 -43591
-4 12 -1 22 -62335
23 -11 23 -17 -42991
-6 7 -10 16 -57953
7 -19 -3 -15 -58075
-13 -9 -13 -6 -47395
-23 14 -18 14 -43703
10 -9 11 -5 -49849
10 -17 8 -18 -45967
-15 -11 -17 -7 -44915
18 3 14 7 -56021
6 19 -2 14 -61277
-24 -2 -23 -13 -52899
-23 -12 -11 -16 -50057
16 -12 13 -17 -54919
4 13 -6 14 -61547
-22 -16 -18 -7 -52119
-8 9 -5 10 -52379
-5 -15 -9 -24 -58141
2 20 -2 23 -41451
-21 -14 -18 -21 -58017
-17 7 -17 8 -43953
18 11 18 16 -53519
18 3 -11 -10 -73169
-18 4 -12 3 -52487
-6 15 -9 20 -57775
-23 14 -24 14 -20003
-6 -3 -4 -1 -50621
-24 -1 -22 -8 -52231
9 -9 -11 -10 -69063
-22 1 -24 -3 -39177
-8 7 -15 12 -57299
-19 -19 -6 14 -73947
19 -17 17 -23 -49019
15 10 16 18 -61893
-5 -13 2 -12 -59015
8 -4 23 -2 -60455
-20 -21 -21 -8 -55955
6 8 15 14 -56405
-9 7 -16 5 -53601
-7 -1 -12 -5 -53001
3 -5 -1 -2 -51985
4 -1 8 1 -55919
23 -11 18 -5 -43823
-3 -22 5 -14 -61903
-5 -8 0 -13 -57821
-10 -12 -11 -24 -59329
-23 -20 5 -23 -55367
-8 -19 -18 -14 -54413
-24 -21 -24 -18 -29953
18 22 22 18 -52643
22 17 19 20 -46513
-21 19 -15 17 -51945
18 -2 17 -5 -46465
16 5 14 5 -45155
-7 3 -6 1 -54585
-2 19 -1 22 -45291
-24 -23 23 -19 -55899
-20 -21 -23 19 -69887
-1 -4 0 -1 -43343
23 -13 22 -22 -57815
-21 2 19 -8 -68871
15 7 22 10 -49947
-20 -5 -9 -5 -57937
5 -3 4 -4 -49567
-14 -9 10 -10 -65429
23 -10 18 -9 -34277
-10 7 -24 6 -57425
-4 16 3 21 -60833
10 13 10 8 -53751
-10 -15 -1 -18 -56395
14 19 -15 21 -60139
-24 -4 -14 -9 -49903
4 11 7 15 -51625
2 5 -3 6 -51917
-16 11 -8 9 -54699
-2 -22 -6 -24 -44599
-2 15 -10 16 -51175
14 -22 18 -19 -46761
8 -22 16 -24 -48677
-15 -11 -20 -13 -42327
-23 -22 19 -23 -56591
8 -10 7 -9 -41699
16 -17 20 -18 -45233
3 13 2 5 -58363
5 -16 6 -13 -53419
7 -9 19 -11 -57931
9 -14 12 -9 -54833
13 -4 22 -1 -55483
-22 20 -18 16 -48673
0 17 -4 17 -49279
2 -6 2 -14 -55661
3 -1 2 -1 -46299
-16 13 -20 22 -61277
9 18 -23 22 -60101
22 20 20 23 -40357
-6 -10 -5 -7 -58621
11 -10 16 -20 -60745
0 1 8 1 -57151
-6 -11 -18 -4 -56387
-11 -14 -24 -18 -47139
-1 -5 4 -9 -61327
23 5 21 3 -30197
-7 21 -18 19 -46437
-3 -21 -4 -16 -52865
-11 -5 -14 -10 -60155
-7 1 -6 2 -45923
14 6 10 4 -48553
-3 -10 4 -8 -58805
19 -6 22 22 -60195
13 16 15 9 -58353
7 -5 3 -8 -51733
18 -20 11 -17 -54675
-3 -22 12 -20 -57851
4 -18 23 -24 -55417
-19 4 -15 5 -49387
-23 22 -21 3 -57951
-22 5 -14 4 -51913
8 6 5 7 -54515
19 -14 15 -18 -58795
