-12 -13 -12 -10 -47567
-3 17 5 15 -56651
23 -2 16 -11 -52223
23 19 17 21 -43501
10 -23 -14 -23 -57201
-12 0 -20 -4 -61159
23 3 24 1 -28839
4 23 11 16 -57425
12 10 10 14 -53467
6 3 8 -4 -55261
11 -20 6 -23 -42109
-18 13 -17 4 -53659
-7 14 8 14 -62407
-16 -7 -17 -1 -47847
-5 -4 -6 -3 -51883
-11 1 -4 -2 -56625
-12 -11 -12 0 -59567
-25 -15 -23 -14 -15037
-20 16 -25 21 -31769
-20 -23 -18 -20 -33845
-9 25 -6 24 -24643
-11 2 -14 -1 -48995
25 25 24 22 -10835
-14 -17 -11 -13 -54755
-25 -11 -25 -8 -32877
9 19 6 18 -44961
-20 16 -18 17 -42039
-1 5 3 5 -48473
17 17 17 19 -45381
11 -12 11 -21 -62477
1 -12 2 -12 -40477
25 -24 21 -22 -6027
13 -8 7 -8 -50895
-6 -10 -6 -9 -49683
9 -24 -17 -13 -65313
20 18 20 14 -44029
4 13 0 11 -50623
-15 -24 -14 -25 -26819
12 5 4 5 -52923
-2 -17 0 -25 -41895
-20 -5 -20 -4 -42067
23 18 -3 22 -56751
12 -8 14 1 -58023
-3 0 -15 0 -59213
4 15 -4 14 -57901
17 20 21 15 -56689
-2 -17 -3 -12 -50573
-17 21 -21 20 -43883
-18 -4 -16 -3 -49695
12 -3 12 -5 -44885
-23 24 -25 24 -6949
1 -21 18 -25 -58039
2 -25 2 -23 -22051
22 -19 22 -20 -41893
23 19 16 10 -56359
-18 22 -22 19 -43471
1 -23 0 -24 -33547
-19 -23 -22 -14 -59547
3 -14 5 -6 -56857
22 -8 13 -8 -52131
-13 25 -10 17 -40597
-11 -24 -10 -25 -23875
-15 2 -22 -5 -60359
-25 10 -25 24 -35795
-23 -1 -24 5 -41367
13 19 5 16 -58139
-11 -1 -15 3 -55483
2 -9 -7 -8 -59365
-16 7 -12 9 -50559
-2 -2 -5 -1 -46663
25 2 23 2 -8871
4 -25 10 -25 -34763
-4 10 1 12 -54587
-24 24 -14 25 -31557
-5 -13 -4 -14 -44105
-4 12 -4 13 -35637
-25 14 -24 13 -24153
-4 23 -2 20 -43285
11 -20 12 -18 -48673
-24 -4 -25 -4 -6103
17 -25 15 -23 -27929
18 -7 18 -3 -45579
21 5 17 3 -45669
-8 25 -8 23 -18967
7 -13 5 -18 -59457
-10 1 -10 -3 -46921
7 -18 -1 -17 -50431
-23 -8 -14 -4 -55445
8 -14 9 -14 -40673
14 20 11 25 -41589
-1 19 0 24 -43637
19 -15 21 -18 -45355
20 -8 20 -10 -34783
15 22 0 -12 -71519
18 23 9 22 -49357
-7 -5 -14 -8 -60017
15 -3 19 -10 -54951
-13 -23 -13 -21 -32821
6 3 5 -7 -58957
-4 11 -16 11 -59111
-3 -19 -2 -16 -45991
4 11 7 8 -57997
-11 7 -11 9 -42675
4 23 -20 20 -51381
9 7 9 1 -53687
-7 17 -7 14 -46137
25 -3 25 -6 -27101
23 -17 23 -20 -48797
-7 -12 -8 -14 -48069
8 -10 12 -10 -48869
23 -19 24 -17 -38675
-20 -12 -18 -16 -46767
-18 -24 -25 -23 -21447
15 -8 18 -17 -58203
-24 25 -25 20 -15751
-17 -6 -20 -16 -61485
1 -10 3 -1 -60169
-16 -9 -16 -17 -54281
7 19 11 21 -47067
-24 -9 -25 0 -52711
-12 -13 -8 -9 -59291
7 -22 7 -23 -23507
-9 23 -9 15 -52449
15 12 21 8 -49247
-5 3 -5 1 -49609
-9 -13 -9 -11 -46465
-18 -20 -18 -17 -48083
-16 20 -16 19 -34957
-24 -18 -22 -24 -36461
14 -4 3 -1 -57559
-24 12 -15 16 -50291
15 -19 2 -20 -59277
10 6 18 6 -52449
13 -14 14 -14 -36933
-24 -1 2 -2 -59341
22 0 21 16 -60647
17 -2 19 7 -52681
9 23 -9 23 -45639
16 19 16 23 -41667
-10 -19 -10 -14 -52589
-24 16 -23 17 -24719
17 4 21 13 -55953
1 19 0 13 -50261
21 25 24 23 -20581
10 -7 10 -8 -41875
14 -1 11 1 -40887
-13 13 -7 16 -57477
6 19 14 11 -62273
12 24 12 22 -27035
-13 -23 -11 -23 -29313
4 -8 7 -13 -50871
-18 23 -17 25 -19299
-22 -5 -23 -1 -49693
2 1 2 0 -39659
8 -4 12 -4 -43311
23 -14 16 -15 -42751
-6 -4 -5 -5 -52619
-20 11 -9 15 -58135
10 3 10 2 -39719
-5 -22 -4 -25 -26857
20 23 10 18 -55525
-12 -19 -14 -16 -51105
2 23 -8 16 -59109
24 15 25 13 -23083
-6 21 -2 25 -36945
22 15 14 13 -53081
-16 -22 -16 -20 -39303
3 -24 5 -24 -31089
12 -24 13 -15 -54447
8 -23 0 -18 -51439
-8 23 -1 16 -61059
11 22 15 21 -49147
10 -15 13 -8 -58035
12 -25 10 -24 -31575
24 -11 25 -10 -17227
4 -21 -9 -21 -59449
-11 6 -13 0 -60187
13 -15 2 -13 -57679
6 13 12 15 -51359
2 16 -2 18 -49053
16 -11 15 -7 -43913
20 -2 22 -3 -30823
24 -21 19 -25 -24017
16 -16 15 -15 -47491
-25 -24 -23 -22 -14085
1 25 5 25 -21069
-9 -13 -10 -13 -38935
24 -13 23 -12 -21103
13 21 15 16 -54757
5 8 8 7 -55695
-2 4 -2 3 -44077
-1 -6 1 -6 -45309
-22 2 -23 0 -38417
-15 -1 -15 2 -47939
21 -3 21 -4 -36623
13 22 22 22 -39487
-8 -11 -6 -18 -54569
14 15 19 15 -48925
-7 -5 -10 -8 -57057
3 23 4 25 -25055
25 -4 25 4 -34473
-21 6 -21 1 -44835
-9 -18 -7 -17 -45261
2 10 14 11 -57603
25 -22 24 -19 -26631
24 6 24 8 -31179
-21 11 -22 11 -31247
18 -25 19 -23 -23891
18 -1 20 0 -37783
-7 -20 -6 -22 -42865
9 22 10 23 -32431
-19 -18 -22 -16 -39029
-5 -19 -2 -18 -46591
13 24 19 17 -57039
-15 19 -11 15 -52885
21 24 -23 23 -47239
5 -10 1 -7 -49895
-6 23 0 18 -55671
-11 -14 -16 -16 -54953
25 19 23 17 -17815
22 10 24 13 -29107
17 17 13 12 -55221
-24 -9 -21 11 -62511
25 21 22 20 -10957
-4 -21 2 -24 -36213
-1 8 0 11 -46445
1 12 -4 17 -53815
25 -17 24 -15 -29977
-24 10 -23 -21 -65467
-21 -25 -19 -23 -20261
6 8 6 10 -50197
-7 17 -13 13 -59539
5 8 2 10 -51905
9 -17 11 -19 -47127
0 23 1 24 -28583
-11 13 -13 8 -49709
22 -6 21 -19 -53449
25 -9 25 -25 -47469
17 8 19 7 -42979
19 21 23 3 -61133
11 -3 12 -2 -44007
-16 -14 -10 -13 -54147
-19 9 -18 8 -43359
25 -11 -25 -13 -58261
-25 13 -25 11 -26119
15 -16 15 -18 -51403
0 -9 -4 -12 -59345
20 -3 17 4 -51655
-16 17 -11 15 -45601
-7 11 -5 11 -47305
-25 2 -25 -6 -46437
-25 -23 -25 -25 -14679
4 11 7 16 -53037
-8 25 -11 23 -26187
10 8 11 4 -49799
-5 19 -24 19 -54535
-24 13 -20 4 -50325
3 4 0 6 -49413
-15 3 -18 7 -49025
1 8 1 3 -50847
-1 -12 0 -11 -51973
10 1 1 5 -58913
-23 8 -21 -13 -69363
-2 -23 -11 -24 -44297
-9 -23 -19 -20 -54531
13 -17 12 -20 -54297
22 -21 15 -12 -61973
7 -1 11 4 -53499
10 13 0 17 -56041
-1 1 -9 -1 -56179
-7 2 -6 9 -58525
-4 2 -13 6 -60015
-3 -21 -6 -16 -55149
14 3 23 -2 -57119
9 -24 8 -14 -54431
9 11 10 5 -57653
0 -19 -5 -23 -53799
-7 -5 -6 -3 -52111
6 -22 -7 -23 -56623
-22 -2 -18 -2 -39035
-18 10 -19 13 -49411
7 4 10 9 -55147
16 3 23 4 -42899
-18 11 -22 16 -53525
-4 3 -2 -2 -53775
7 1 10 -4 -51239
1 -13 -3 -17 -54515
17 -3 18 6 -52391
-4 -7 -6 -9 -57779
-15 -12 -24 -24 -51527
-19 -7 -12 -6 -56719
6 -18 10 -20 -48153
8 13 -1 21 -61065
-18 22 -16 11 -58391
-8 6 -3 9 -56889
7 8 6 2 -57355
-12 13 -23 15 -59423
-11 -6 -3 -10 -55757
-6 16 -5 3 -59487
4 21 13 21 -48771
-13 -11 -8 -7 -63079
-7 5 -5 7 -49625
6 10 9 8 -56533
21 -3 13 -1 -56221
14 19 16 20 -44347
-13 4 -9 -2 -61039
2 -11 0 -16 -56401
-7 -24 -18 -20 -53873
23 11 5 14 -58057
-14 -23 -16 -16 -56975
5 13 3 22 -53569
17 6 17 9 -41947
-3 -21 -10 -22 -49577
-21 -5 -22 -16 -56647
15 -18 19 -17 -53745
-13 10 -15 2 -57621
-21 -1 -9 -5 -62621
2 17 6 21 -48145
5 8 -2 10 -55053
-8 18 -9 18 -38393
19 -16 10 -18 -62175
-18 -16 -23 -3 -61843
18 -22 6 -24 -52049
-23 -21 -12 -22 -45657
19 -5 15 0 -53185
6 -13 7 -14 -46371
-5 -11 -6 -8 -53641
-6 7 3 6 -57991
-7 19 -5 18 -45651
16 9 13 10 -42967
18 14 18 8 -50987
19 -24 14 -21 -39217
-6 -7 -3 -4 -57887
5 -16 3 -20 -47273
-3 7 -5 7 -46493
23 -19 8 -20 -59361
-4 13 0 18 -54747
-8 2 -9 8 -60833
-9 -11 -17 -10 -53107
-13 12 -12 20 -57779
11 22 18 20 -55713
1 -8 4 -3 -55471
-10 -24 -5 -18 -50669
10 3 15 8 -56337
-21 10 -20 1 -51467
-9 13 -13 20 -60463
-19 -14 -14 -21 -62719
-16 -18 -18 -22 -43521
-15 -20 -14 -12 -56825
20 23 3 20 -58379
-11 14 -16 8 -56283
-18 10 -19 12 -49531
21 1 22 10 -49493
16 -8 22 -16 -56091
-2 -3 4 -1 -55147
3 -12 7 -21 -61079
-4 23 -13 23 -37169
5 -3 -2 -3 -57557
-1 -13 2 -16 -48461
1 11 -4 8 -55965
19 22 17 20 -31837
3 23 23 22 -51827
-10 21 9 -5 -71493
18 -18 20 -15 -52937
-7 -2 0 -6 -61831
-6 -4 -3 -7 -55535
20 -7 11 -7 -52319
7 -6 11 -2 -55967
-22 0 -17 -2 -48037
-6 22 0 22 -39995
-5 20 -9 15 -52577
-9 22 -24 23 -41189
0 6 5 8 -53081
8 0 23 -3 -60189
2 -18 -22 -23 -59591
-24 4 -14 -1 -57863
-3 -8 -20 -19 -72673
-13 7 -13 -2 -62521
10 -17 7 -11 -57505
-24 -17 -23 11 -66565
22 6 10 7 -59431
-9 8 -1 7 -57977
-8 -20 -7 -23 -41929
-15 4 -16 2 -47583
16 15 20 16 -47709
1 -1 6 3 -56967
-19 2 -14 -1 -57335
17 5 19 3 -44149
9 18 16 18 -52461
23 -11 14 -14 -53085
16 10 9 13 -53677
17 -24 8 -18 -57561
-16 19 -18 17 -43017
14 16 5 23 -62787
23 -11 23 -17 -43907
-6 7 -10 16 -53067
7 -19 -3 -15 -58375
-13 -9 -13 -6 -48739
-23 14 -18 14 -45019
10 -9 11 -5 -49627
10 -17 8 -18 -46243
-15 -11 -17 -7 -46463
18 3 14 7 -53487
6 19 -2 14 -58889
-24 -2 -23 -13 -56077
-23 -12 -11 -16 -53935
16 -12 13 -17 -57477
-11 7 -9 2 -58975
-22 -16 -18 -7 -56521
-8 9 -5 10 -54197
-5 -15 -9 -24 -58853
2 20 -2 23 -41037
-21 -14 -18 -21 -60021
-17 7 -17 8 -41629
18 11 18 16 -52949
0 0 6 -5 -61993
-18 4 -12 3 -51337
-6 15 -9 20 -56803
-23 14 -24 14 -20287
-6 -3 -4 -1 -51839
-24 -1 -22 -8 -53065
3 2 22 2 -57311
-22 1 -24 -3 -40599
-19 14 20 -6 -65693
-6 12 -12 11 -53707
19 -17 17 -23 -49529
15 10 16 18 -61645
-5 -13 2 -12 -57287
8 -4 23 -2 -60079
-20 -21 -21 -8 -57667
6 8 15 14 -57237
-9 7 -16 5 -50691
-7 -1 -12 -5 -53527
3 -5 -1 -2 -56643
4 -1 8 1 -55709
23 -11 18 -5 -43745
-3 -22 5 -14 -62435
-5 -8 0 -13 -55339
11 21 13 17 -52767
-23 -20 5 -23 -59497
-8 -19 -18 -14 -59815
-24 -21 -24 -18 -33049
18 22 22 18 -53923
22 17 19 20 -48157
-21 19 -15 17 -47619
18 -2 17 -5 -45799
16 5 14 5 -44665
-7 3 -6 1 -55789
-2 19 -1 22 -44975
-24 -23 23 -19 -57997
-24 13 -15 10 -55365
-1 -4 0 -1 -45197
23 -13 22 -22 -58047
-14 -21 -20 -19 -47737
15 7 22 10 -47785
-20 -5 -9 -5 -60909
5 -3 4 -4 -49459
-14 -9 10 -10 -60285
23 -10 18 -9 -34117
-10 7 -24 6 -56159
21 -23 -5 -24 -55379
10 13 10 8 -54129
-10 -15 -1 -18 -52277
14 19 -15 21 -55303
-24 -4 -14 -9 -49371
4 11 7 15 -52117
2 5 -3 6 -50917
-16 11 -8 9 -49135
-2 -22 -6 -24 -44195
-2 15 -10 16 -51017
14 -22 18 -19 -47933
8 -22 16 -24 -49645
-15 -11 -20 -13 -45559
-23 -22 19 -23 -59869
8 -10 7 -9 -41611
16 -17 20 -18 -45895
3 13 2 5 -57667
5 -16 6 -13 -55127
7 -9 19 -11 -57883
9 -14 12 -9 -54991
13 -4 22 -1 -54247
-22 20 -18 16 -44067
0 17 -4 17 -47043
2 -6 2 -14 -54037
3 -1 2 -1 -48047
-16 13 -20 22 -56429
14 23 15 -20 -63439
22 20 20 23 -40961
-6 -10 -5 -7 -58105
11 -10 16 -20 -63509
0 1 8 1 -59387
-6 -11 -18 -4 -60819
-11 -14 -24 -18 -53387
-1 -5 4 -9 -60001
23 5 21 3 -29427
-7 21 -18 19 -45299
-3 -21 -4 -16 -52673
-11 -5 -14 -10 -62181
-7 1 -6 2 -47109
14 6 10 4 -47183
-3 -10 4 -8 -57247
19 -6 22 22 -61195
13 16 15 9 -58605
7 -5 3 -8 -51463
18 -20 11 -17 -55017
-3 -22 12 -20 -58923
4 -18 23 -24 -57461
-19 4 -15 5 -48587
-23 22 -21 3 -51317
-22 5 -14 4 -51903
8 6 5 7 -54341
19 -14 15 -18 -60253
