-12 -13 -12 -10 -48894
-3 17 5 15 -53542
23 -2 16 -11 -52804
23 19 17 21 -43780
10 -23 -14 -23 -56108
-12 0 -20 -4 -61650
23 3 24 1 -28608
4 23 11 16 -57384
12 10 10 14 -55278
6 3 8 -4 -54958
11 -20 6 -23 -42732
-18 13 -17 4 -54278
13 -3 -20 -16 -74492
-16 -7 -17 -1 -46942
-5 -4 -6 -3 -51458
-11 1 -4 -2 -57346
-12 -11 -12 0 -59972
-25 -15 -23 -14 -14414
-20 16 -25 21 -32094
-20 -23 -18 -20 -36036
-9 25 -6 24 -26682
-11 2 -14 -1 -49054
25 25 24 22 -10508
-14 -17 -11 -13 -54982
-25 -11 -25 -8 -31452
9 19 6 18 -45332
-20 16 -18 17 -42344
-1 5 3 5 -48770
17 17 17 19 -45496
11 -12 11 -21 -58872
1 -12 2 -12 -39460
25 -24 21 -22 -5918
13 -8 7 -8 -52166
-6 -10 -6 -9 -53096
13 21 2 7 -72264
20 18 20 14 -44336
4 13 0 11 -50818
-15 -24 -14 -25 -26700
12 5 4 5 -54492
-2 -17 0 -25 -42038
-20 -5 -20 -4 -40560
23 18 -3 22 -56316
12 -8 14 1 -57392
-3 0 -15 0 -61144
4 15 -4 14 -54346
17 20 21 15 -56964
-2 -17 -3 -12 -50936
-17 21 -21 20 -44492
-18 -4 -16 -3 -50436
12 -3 12 -5 -44846
-23 24 -25 24 -7374
1 -21 18 -25 -59410
2 -25 2 -23 -22050
22 -19 22 -20 -42384
23 19 16 10 -57560
-18 22 -22 19 -43556
1 -23 0 -24 -32322
-19 -23 -22 -14 -60258
3 -14 5 -6 -57526
22 -8 13 -8 -54682
-13 25 -10 17 -40622
-11 -24 -10 -25 -24016
-15 2 -22 -5 -60068
-25 10 -25 24 -36036
-23 -1 -24 5 -39046
13 19 5 16 -58868
-11 -1 -15 3 -53790
2 -9 -7 -8 -57976
-16 7 -12 9 -51178
-2 -2 -5 -1 -47234
25 2 23 2 -9308
4 -25 10 -25 -34224
-4 10 1 12 -54060
-24 24 -14 25 -31870
-5 -13 -4 -14 -44754
-4 12 -4 13 -37076
-25 14 -24 13 -24648
-4 23 -2 20 -41022
11 -20 12 -18 -48646
-24 -4 -25 -4 -6158
17 -25 15 -23 -27462
18 -7 18 -3 -46190
21 5 17 3 -45996
-8 25 -8 23 -18362
7 -13 5 -18 -58308
-10 1 -10 -3 -45734
7 -18 -1 -17 -51460
-23 -8 -14 -4 -55986
8 -14 9 -14 -42320
14 20 11 25 -42648
-1 19 0 24 -43742
19 -15 21 -18 -45088
20 -8 20 -10 -35014
16 8 -17 1 -64800
18 23 9 22 -50216
-7 -5 -14 -8 -60476
15 -3 19 -10 -56872
-13 -23 -13 -21 -33524
6 3 5 -7 -59152
-4 11 -16 11 -60126
-3 -19 -2 -16 -43762
4 11 7 8 -58322
-11 7 -11 9 -42432
4 23 -20 20 -53434
9 7 9 1 -54346
-7 17 -7 14 -45916
25 -3 25 -6 -27224
23 -17 23 -20 -49318
-7 -12 -8 -14 -51470
8 -10 12 -10 -49488
23 -19 24 -17 -38458
-20 -12 -18 -16 -47686
-18 -24 -25 -23 -21802
15 -8 18 -17 -55560
-24 25 -25 20 -16286
-17 -6 -20 -16 -60516
1 -10 3 -1 -60664
-16 -9 -16 -17 -54210
7 19 11 21 -47874
-24 -9 -25 0 -50244
-12 -13 -8 -9 -61236
7 -22 7 -23 -23016
-9 23 -9 15 -51224
15 12 21 8 -49692
-5 3 -5 1 -49818
-9 -13 -9 -11 -48634
-18 -20 -18 -17 -48176
-16 20 -16 19 -34944
-24 -18 -22 -24 -37756
14 -4 3 -1 -58022
-24 12 -15 16 -49824
15 -19 2 -20 -62004
10 6 18 6 -53360
13 -14 14 -14 -37164
-24 -1 2 -2 -61050
22 0 21 16 -60362
17 -2 19 7 -53094
9 23 -9 23 -46274
16 19 16 23 -41636
-10 -19 -10 -14 -52400
-24 16 -23 17 -24902
17 4 21 13 -56642
1 19 0 13 -52808
21 25 24 23 -20464
10 -7 10 -8 -42260
14 -1 11 1 -40878
-13 13 -7 16 -59038
6 19 14 11 -64486
12 24 12 22 -27484
-13 -23 -11 -23 -29608
4 -8 7 -13 -50882
-18 23 -17 25 -19526
-22 -5 -23 -1 -48262
2 1 2 0 -39654
8 -4 12 -4 -43982
23 -14 16 -15 -42938
-6 -4 -5 -5 -52888
-20 11 -9 15 -57332
10 3 10 2 -40078
-5 -22 -4 -25 -28322
20 23 10 18 -55612
-12 -19 -14 -16 -50262
2 23 -8 16 -59782
24 15 25 13 -24090
-6 21 -2 25 -37594
22 15 14 13 -53078
-16 -22 -16 -20 -40170
3 -24 5 -24 -30602
12 -24 13 -15 -53670
8 -23 0 -18 -52426
5 -1 -23 18 -67888
11 22 15 21 -50000
10 -15 13 -8 -57608
12 -25 10 -24 -30960
24 -11 25 -10 -17452
4 -21 -9 -21 -58590
-11 6 -13 0 -56450
13 -15 2 -13 -58958
6 13 12 15 -52138
2 16 -2 18 -47624
16 -11 15 -7 -45156
20 -2 22 -3 -32030
24 -21 19 -25 -24462
16 -16 15 -15 -45238
-25 -24 -23 -22 -14378
1 25 5 25 -21428
-9 -13 -10 -13 -38606
24 -13 23 -12 -21038
13 21 15 16 -56050
5 8 8 7 -56912
-2 4 -2 3 -44398
-1 -6 1 -6 -44918
-22 2 -23 0 -36684
-15 -1 -15 2 -44286
21 -3 21 -4 -37304
13 22 22 22 -40366
-8 -11 -6 -18 -55148
14 15 19 15 -49138
-7 -5 -10 -8 -58546
3 23 4 25 -25582
25 -4 25 4 -33866
-21 6 -21 1 -42296
-9 -18 -7 -17 -45842
2 10 14 11 -59316
25 -22 24 -19 -26774
24 6 24 8 -30560
-21 11 -22 11 -31082
18 -25 19 -23 -23514
18 -1 20 0 -38578
-7 -20 -6 -22 -43712
9 22 10 23 -33214
-19 -18 -22 -16 -39722
-5 -19 -2 -18 -45984
13 24 19 17 -58162
-15 19 -11 15 -52378
21 24 -23 23 -47600
5 -10 1 -7 -48938
-6 23 0 18 -51232
-11 -14 -16 -16 -54788
25 19 23 17 -17798
22 10 24 13 -29322
17 17 13 12 -56150
-24 -9 -21 11 -55520
25 21 22 20 -10872
-4 -21 2 -24 -36548
-1 8 0 11 -48066
1 12 -4 17 -52580
25 -17 24 -15 -29978
15 -20 -3 -16 -66780
-21 -25 -19 -23 -20788
6 8 6 10 -51186
-7 17 -13 13 -60652
5 8 2 10 -51656
9 -17 11 -19 -46108
0 23 1 24 -29044
-11 13 -13 8 -50426
22 -6 21 -19 -53082
25 -9 25 -25 -47888
17 8 19 7 -42990
19 21 23 3 -61820
11 -3 12 -2 -44660
-16 -14 -10 -13 -53900
-19 9 -18 8 -43240
25 -11 -25 -13 -58956
-25 13 -25 11 -27416
15 -16 15 -18 -49252
0 -9 -4 -12 -60586
20 -3 17 4 -51990
-16 17 -11 15 -45666
-7 11 -5 11 -50006
-25 2 -25 -6 -43474
-25 -23 -25 -25 -14172
4 11 7 16 -56734
-8 25 -11 23 -26804
10 8 11 4 -51024
-5 19 -24 19 -56246
-24 13 -20 4 -51738
3 4 0 6 -50132
-15 3 -18 7 -47686
1 8 1 3 -51990
-1 -12 0 -11 -53546
10 1 1 5 -60334
-12 -19 -19 -23 -45026
-2 -23 -11 -24 -44492
-9 -23 -19 -20 -55020
13 -17 12 -20 -53682
22 -21 15 -12 -60824
7 -1 11 4 -55290
10 13 0 17 -54822
-1 1 -9 -1 -57942
-7 2 -6 9 -58240
-4 2 -13 6 -60612
-3 -21 -6 -16 -54466
14 3 23 -2 -58718
9 -24 8 -14 -51928
9 11 10 5 -58620
0 -19 -5 -23 -52208
-7 -5 -6 -3 -52586
6 -22 -7 -23 -55406
-22 -2 -18 -2 -38840
-18 10 -19 13 -50502
7 4 10 9 -56890
16 3 23 4 -43824
-18 11 -22 16 -55202
-4 3 -2 -2 -53640
7 1 10 -4 -50968
1 -13 -3 -17 -52850
17 -3 18 6 -52664
-4 -7 -6 -9 -59228
-15 -12 -24 -24 -51904
-19 -7 -12 -6 -57032
6 -18 10 -20 -49050
8 13 -1 21 -60164
-18 22 -16 11 -59590
-8 6 -3 9 -63208
7 8 6 2 -57744
-12 13 -23 15 -59784
-11 -6 -3 -10 -54436
-6 16 -5 3 -59014
4 21 13 21 -48516
-13 -11 -8 -7 -63542
-7 5 -5 7 -53748
6 10 9 8 -57874
21 -3 13 -1 -59186
14 19 16 20 -45024
-13 4 -9 -2 -58910
2 -11 0 -16 -56418
-7 -24 -18 -20 -53212
23 11 5 14 -58540
-14 -23 -16 -16 -56348
5 13 3 22 -54122
17 6 17 9 -42294
-3 -21 -10 -22 -49512
-21 -5 -22 -16 -54514
15 -18 19 -17 -53668
-13 10 -15 2 -56208
-21 -1 -9 -5 -62660
2 17 6 21 -50120
5 8 -2 10 -53982
-8 18 -9 18 -40552
19 -16 10 -18 -62338
-18 -16 -23 -3 -60398
18 -22 6 -24 -52406
-23 -21 -12 -22 -47006
19 -5 15 0 -54576
6 -13 7 -14 -46194
-5 -11 -6 -8 -55266
-6 7 3 6 -58594
-7 19 -5 18 -45804
16 9 13 10 -43304
18 14 18 8 -51296
19 -24 14 -21 -39838
-6 -7 -3 -4 -57890
5 -16 3 -20 -44084
-3 7 -5 7 -49502
23 -19 8 -20 -59632
-4 13 0 18 -56430
-8 2 -9 8 -58584
-9 -11 -17 -10 -52634
-13 12 -12 20 -57364
11 22 18 20 -56688
1 -8 4 -3 -55562
-10 -24 -5 -18 -51530
10 3 15 8 -57530
-21 10 -20 1 -50514
-9 13 -13 20 -60426
-19 -14 -14 -21 -62740
-16 -18 -18 -22 -46700
-15 -20 -14 -12 -56736
20 23 3 20 -59150
-11 14 -16 8 -57186
-18 10 -19 12 -50214
21 1 22 10 -49258
16 -8 22 -16 -55416
-2 -3 4 -1 -55768
3 -12 7 -21 -59574
-4 23 -13 23 -39938
5 -3 -2 -3 -57988
-1 -13 2 -16 -47450
1 11 -4 8 -56484
19 22 17 20 -32038
3 23 23 22 -52124
-4 20 -9 22 -47540
18 -18 20 -15 -52558
-7 -2 0 -6 -61274
-6 -4 -3 -7 -55204
20 -7 11 -7 -59016
7 -6 11 -2 -57558
-22 0 -17 -2 -47060
-6 22 0 22 -39970
-5 20 -9 15 -54206
-9 22 -24 23 -41626
0 6 5 8 -53382
8 0 23 -3 -62944
2 -18 -22 -23 -59298
-24 4 -14 -1 -56490
-2 10 -15 -16 -76116
-22 20 -19 -3 -61522
10 -17 7 -11 -56060
11 -6 20 -8 -60456
22 6 10 7 -59732
-9 8 -1 7 -61460
-8 -20 -7 -23 -42946
-15 4 -16 2 -46278
16 15 20 16 -47980
1 -1 6 3 -58102
-19 2 -14 -1 -55960
17 5 19 3 -44400
9 18 16 18 -52386
23 -11 14 -14 -53484
16 10 9 13 -54580
17 -24 8 -18 -57012
-16 19 -18 17 -42930
14 16 5 23 -63336
23 -11 23 -17 -43578
-6 7 -10 16 -53276
7 -19 -3 -15 -59066
-13 -9 -13 -6 -49250
-23 14 -18 14 -45374
10 -9 11 -5 -50020
10 -17 8 -18 -46596
-15 -11 -17 -7 -46756
18 3 14 7 -52992
6 19 -2 14 -60516
-24 -2 -23 -13 -52838
-23 -12 -11 -16 -55036
16 -12 13 -17 -56408
-11 7 -9 2 -56214
-22 -16 -18 -7 -55374
-8 9 -5 10 -59506
-5 -15 -9 -24 -58940
2 20 -2 23 -39994
-21 -14 -18 -21 -60766
-17 7 -17 8 -41046
18 11 18 16 -53146
0 0 6 -5 -61198
-18 4 -12 3 -51620
-6 15 -9 20 -55794
-23 14 -24 14 -20636
-6 -3 -4 -1 -52122
-24 -1 -22 -8 -51464
3 2 22 2 -59348
-22 1 -24 -3 -39258
-7 -16 -5 -8 -63484
-6 12 -12 11 -56246
19 -17 17 -23 -49624
15 10 16 18 -63016
-5 -13 2 -12 -56084
8 -4 23 -2 -62480
-20 -21 -21 -8 -57166
6 8 15 14 -60094
-9 7 -16 5 -52460
-7 -1 -12 -5 -53986
3 -5 -1 -2 -56494
4 -1 8 1 -57040
23 -11 18 -5 -44778
-17 -19 22 -4 -72748
-5 -8 0 -13 -55824
11 21 13 17 -54502
-23 -20 5 -23 -57058
-8 -19 -18 -14 -59848
-24 -21 -24 -18 -33584
18 22 22 18 -53568
22 17 19 20 -48056
-21 19 -15 17 -48740
18 -2 17 -5 -45928
16 5 14 5 -45256
-7 3 -6 1 -55724
-2 19 -1 22 -44624
-24 -23 23 -19 -58396
-24 13 -15 10 -55240
-1 -4 0 -1 -45762
23 -13 22 -22 -58210
-14 -21 -20 -19 -48600
15 7 22 10 -48468
-20 -5 -9 -5 -61410
5 -3 4 -4 -50208
10 22 11 4 -69268
23 -10 18 -9 -33804
-10 7 -24 6 -56124
21 -23 -5 -24 -55640
10 13 10 8 -55812
-10 -15 -1 -18 -52258
14 19 -15 21 -55634
-24 -4 -14 -9 -49472
4 11 7 15 -54794
2 5 -3 6 -51242
-16 11 -8 9 -49496
-2 -22 -6 -24 -44708
-2 15 -10 16 -51128
14 -22 18 -19 -47904
8 -22 16 -24 -49762
-15 -11 -20 -13 -44812
-23 -22 19 -23 -59112
8 -10 7 -9 -42308
16 -17 20 -18 -46026
3 13 2 5 -58846
5 -16 6 -13 -54350
7 -9 19 -11 -60070
9 -14 12 -9 -54334
13 -4 22 -1 -55800
-22 20 -18 16 -44910
0 17 -4 17 -44400
2 -6 2 -14 -54512
3 -1 2 -1 -47956
-16 13 -20 22 -57594
-9 7 -4 8 -61112
22 20 20 23 -40968
-6 -10 -5 -7 -60472
-6 7 9 23 -73752
0 1 8 1 -60094
-6 -11 -18 -4 -61114
-11 -14 -24 -18 -54342
-1 -5 4 -9 -59510
23 5 21 3 -29716
-7 21 -18 19 -45868
-3 -21 -4 -16 -51686
-11 -5 -14 -10 -62762
-7 1 -6 2 -47876
14 6 10 4 -49164
-3 -10 4 -8 -57004
19 -6 22 22 -60076
13 16 15 9 -60302
7 -5 3 -8 -52122
18 -20 11 -17 -54498
-3 -22 12 -20 -59266
4 -18 23 -24 -57522
-19 4 -15 5 -49030
-23 22 -21 3 -55522
-22 5 -14 4 -51710
8 6 5 7 -55244
19 -14 15 -18 -59994
