-12 -13 -12 -10 -48961
-3 17 5 15 -53125
23 -2 16 -11 -53877
23 19 17 21 -44045
10 -23 -14 -23 -51167
-24 -5 -17 -10 -46763
23 3 24 1 -30467
4 23 11 16 -51209
12 10 10 14 -52297
6 3 8 -4 -53033
11 -20 6 -23 -42061
6 -2 10 -9 -54871
-6 9 -5 5 -48915
-16 -7 -17 -1 -50111
-5 -4 -6 -3 -46785
-11 1 -4 -2 -51401
-12 -11 -12 0 -56707
-25 -15 -23 -14 -17217
-20 16 -25 21 -37519
-20 -23 -18 -20 -44875
-9 25 -6 24 -30359
-11 2 -14 -1 -47569
25 25 24 22 -11073
-14 -17 -11 -13 -58161
-25 -11 -25 -8 -31103
9 19 6 18 -43807
-20 16 -18 17 -43557
-1 5 3 5 -47627
17 17 17 19 -42639
1 -18 10 -18 -54547
1 -12 2 -12 -40115
25 -24 21 -22 -6451
13 -8 7 -8 -50403
-6 -10 -6 -9 -49629
-7 -21 -18 -20 -50521
20 18 20 14 -41421
4 13 0 11 -49797
-15 -24 -14 -25 -25833
12 5 4 5 -53053
-2 -17 0 -25 -47939
-20 -5 -20 -4 -44253
3 22 1 17 -51257
6 2 18 4 -59201
-3 0 -15 0 -54339
4 15 -4 14 -53855
17 20 21 15 -53147
-2 -17 -3 -12 -53387
-17 21 -21 20 -49547
-18 -4 -16 -3 -46635
12 -3 12 -5 -43655
-23 24 -25 24 -10071
1 -21 18 -25 -55791
2 -25 2 -23 -22651
22 -19 22 -20 -40335
23 19 16 10 -57225
-18 22 -22 19 -49685
1 -23 0 -24 -31417
-19 -23 -22 -14 -54031
-9 9 -15 -17 -72285
22 -8 13 -8 -55807
-13 25 -10 17 -40769
-11 -24 -10 -25 -25251
-20 19 -20 22 -34569
-25 10 -25 24 -38791
-23 -1 -24 5 -41755
13 19 5 16 -56089
-11 -1 -15 3 -50919
2 -9 -7 -8 -53115
-16 7 -12 9 -53809
-2 -2 -5 -1 -42343
25 2 23 2 -10519
4 -25 10 -25 -41367
-4 10 1 12 -53581
-24 24 -14 25 -38323
-5 -13 -4 -14 -46259
-4 12 -4 13 -36783
-25 14 -24 13 -26629
-4 23 -2 20 -43685
11 -20 12 -18 -46235
-24 -4 -25 -4 -8529
17 -25 15 -23 -29255
18 -7 18 -3 -51707
21 5 17 3 -49817
-8 25 -8 23 -19707
0 23 -17 23 -51525
-10 1 -10 -3 -45351
7 -18 -1 -17 -50757
-18 0 -13 -3 -52733
8 -14 9 -14 -44673
14 20 11 25 -40371
-1 19 0 24 -45349
19 -15 21 -18 -42205
20 -8 20 -10 -38569
16 6 13 4 -51799
18 23 9 22 -43959
14 -22 23 -20 -56413
15 -16 17 -16 -52221
-13 -23 -13 -21 -35195
6 3 5 -7 -58227
-1 23 13 22 -43241
-3 -19 -2 -16 -44189
4 11 7 8 -58351
-11 7 -11 9 -43251
4 23 -20 20 -54801
9 7 9 1 -54283
-7 17 -7 14 -43233
25 -3 25 -6 -30757
23 -17 23 -20 -46999
-7 -12 -8 -14 -47837
8 -10 12 -10 -48581
23 -19 24 -17 -39529
-20 -12 -18 -16 -50717
-18 -24 -25 -23 -27731
15 -8 18 -17 -60451
-24 25 -25 20 -19133
17 -20 19 -20 -47821
-3 22 3 20 -47609
-16 -9 -16 -17 -55899
7 19 11 21 -46207
-24 -9 -25 0 -51959
-12 -13 -8 -9 -55379
7 -22 7 -23 -23571
-9 23 -9 15 -49995
15 12 21 8 -48737
-5 3 -5 1 -47159
-9 -13 -9 -11 -48751
-18 -20 -18 -17 -44835
-16 20 -16 19 -38563
-24 -18 -22 -24 -36221
-24 19 -21 19 -28563
-24 12 -15 16 -54467
20 -22 23 -14 -56609
10 6 18 6 -54661
13 -14 14 -14 -35267
18 23 22 20 -47165
22 0 21 16 -57481
-19 11 -18 13 -43873
9 23 -9 23 -47019
16 19 16 23 -42567
-10 -19 -10 -14 -53555
-24 16 -23 17 -28833
17 4 21 13 -57641
1 19 0 13 -53789
21 25 24 23 -22641
10 -7 10 -8 -43169
14 -1 11 1 -38721
-13 13 -7 16 -52675
-19 14 -23 2 -52277
12 24 12 22 -28313
-13 -23 -11 -23 -29349
4 -8 7 -13 -51595
-18 23 -17 25 -22289
-22 -5 -23 -1 -52595
2 1 2 0 -39115
8 -4 12 -4 -40583
23 -14 16 -15 -46827
-6 -4 -5 -5 -47407
22 7 22 18 -53297
10 3 10 2 -40893
-5 -22 -4 -25 -28801
15 -21 11 -6 -62727
-12 -19 -14 -16 -46845
4 9 -3 12 -53387
24 15 25 13 -24171
-6 21 -2 25 -37547
22 15 14 13 -58999
-16 -22 -16 -20 -40335
3 -24 5 -24 -30997
12 -24 13 -15 -52161
8 -23 0 -18 -52877
4 -24 9 -24 -43567
11 22 15 21 -46643
10 -15 13 -8 -59681
12 -25 10 -24 -29267
24 -11 25 -10 -18137
-24 7 -22 -20 -59465
-11 6 -13 0 -58493
-8 18 -6 19 -45579
6 13 12 15 -48323
2 16 -2 18 -47957
16 -11 15 -7 -46827
20 -2 22 -3 -32751
24 -21 19 -25 -29253
16 -16 15 -15 -45713
-25 -24 -23 -22 -19925
1 25 5 25 -23023
-9 -13 -10 -13 -36793
24 -13 23 -12 -24183
13 21 15 16 -52085
5 8 8 7 -55567
-2 4 -2 3 -41813
-1 -6 1 -6 -43613
-22 2 -23 0 -41289
-15 -1 -15 2 -46119
21 -3 21 -4 -43049
13 22 22 22 -39075
-8 -11 -6 -18 -57121
14 15 19 15 -56011
-7 -5 -10 -8 -51305
3 23 4 25 -25703
25 -4 25 4 -38325
-21 6 -21 1 -44997
-9 -18 -7 -17 -46395
2 10 14 11 -55617
25 -22 24 -19 -26835
24 6 24 8 -30065
-21 11 -22 11 -33813
18 -25 19 -23 -24905
18 -1 20 0 -40267
-7 -20 -6 -22 -45195
9 22 10 23 -32847
-19 -18 -22 -16 -44419
-5 -19 -2 -18 -44721
13 24 19 17 -57097
-15 19 -11 15 -50305
21 24 -23 23 -46967
5 -10 1 -7 -48715
-6 23 0 18 -54821
-11 -14 -16 -16 -57223
25 19 23 17 -18391
22 10 24 13 -31797
17 17 13 12 -59867
6 -14 9 -13 -47285
25 21 22 20 -11507
-4 -21 2 -24 -35927
-1 8 0 11 -45809
1 12 -4 17 -52075
25 -17 24 -15 -30061
21 10 10 9 -56175
-21 -25 -19 -23 -29531
6 8 6 10 -49255
-12 7 -4 11 -67347
5 8 2 10 -54303
9 -17 11 -19 -43159
0 23 1 24 -29347
-11 13 -13 8 -47835
22 -6 21 -19 -59443
25 -9 25 -25 -47805
17 8 19 7 -42437
-10 1 -10 7 -57343
11 -3 12 -2 -42977
-16 -14 -10 -13 -55019
-19 9 -18 8 -41323
25 -11 -25 -13 -52533
-25 13 -25 11 -29179
15 -16 15 -18 -45981
11 7 -18 -11 -70569
20 -3 17 4 -51947
-16 17 -11 15 -48871
-7 11 -5 11 -49499
-25 2 -25 -6 -47659
-25 -23 -25 -25 -14193
4 11 7 16 -53395
-8 25 -11 23 -28173
10 8 11 4 -49373
-19 11 -22 13 -47707
-24 13 -20 4 -49499
3 4 0 6 -49421
-15 3 -18 7 -53069
1 8 1 3 -48959
-1 -12 0 -11 -48017
10 1 1 5 -57853
-12 -19 -19 -23 -48413
-2 -23 -11 -24 -45351
-20 9 -13 13 -56301
13 -17 12 -20 -50861
17 3 17 4 -43251
7 -1 11 4 -53791
10 13 0 17 -53745
-1 1 -9 -1 -56013
-9 -8 -15 -10 -54581
-16 -20 -24 -23 -45467
-3 -21 -6 -16 -57223
14 3 23 -2 -54725
9 -24 8 -14 -51283
9 11 10 5 -55941
0 -19 -5 -23 -50451
-7 -5 -6 -3 -47553
6 -22 -7 -23 -48881
-22 -2 -18 -2 -43919
-18 10 -19 13 -50529
7 4 10 9 -54557
16 3 23 4 -44375
4 -16 -23 -19 -57801
-4 3 -2 -2 -51145
7 1 10 -4 -49793
1 -13 -3 -17 -48269
17 -3 18 6 -52021
-4 -7 -6 -9 -51949
-15 -12 -24 -24 -57853
-19 -7 -12 -6 -53867
6 -18 10 -20 -49031
-21 -14 -18 -17 -49803
-19 15 -22 -11 -61287
15 20 -16 22 -54609
7 8 6 2 -56209
-21 -20 -19 -19 -41291
-11 -6 -3 -10 -51319
-17 7 -6 7 -58799
4 21 13 21 -46545
23 -1 23 -3 -36681
-7 5 -5 7 -51485
6 10 9 8 -56655
21 -3 13 -1 -54357
14 19 16 20 -45533
5 -2 20 17 -71587
2 -11 0 -16 -54377
-7 -24 -18 -20 -50737
-12 -16 -19 -17 -51609
-14 -23 -16 -16 -52577
5 13 3 22 -51563
17 6 17 9 -40913
-3 -21 -10 -22 -51223
-21 -5 -22 -16 -51311
15 -18 19 -17 -60299
-13 10 -15 2 -57689
-23 23 -11 23 -47939
2 17 6 21 -49339
5 8 -2 10 -57273
-8 18 -9 18 -41955
1 -1 2 -4 -48267
-22 -21 -23 -22 -28659
18 -22 6 -24 -48219
-23 -21 -12 -22 -47987
19 -5 15 0 -54567
6 -13 7 -14 -47871
-5 -11 -6 -8 -53413
19 4 16 1 -51303
-7 19 -5 18 -47259
16 9 13 10 -44177
18 14 18 8 -51011
19 -24 14 -21 -42773
9 -8 1 -5 -51433
5 -16 3 -20 -44541
-3 7 -5 7 -45299
-17 -4 -19 -6 -49167
-4 13 0 18 -56479
2 16 1 13 -51241
-9 -11 -17 -10 -53469
-13 12 -12 20 -51433
11 22 18 20 -54197
1 -8 4 -3 -51435
-10 -24 -5 -18 -50979
21 -17 21 -10 -56309
-21 10 -20 1 -50117
-15 4 -16 6 -46933
19 -9 15 -8 -50715
-16 -18 -18 -22 -48439
-15 -20 -14 -12 -58881
13 -13 17 -9 -53603
1 12 3 8 -49951
-18 10 -19 12 -48965
21 1 22 10 -49785
16 -8 22 -16 -59331
-2 -3 4 -1 -56125
-15 -4 -11 -4 -38205
-4 23 -13 23 -44861
5 -3 -2 -3 -54851
-1 -13 2 -16 -48393
18 -6 17 -3 -52321
19 22 17 20 -30191
3 23 23 22 -45945
-4 20 -9 22 -50385
18 -18 20 -15 -53005
-24 0 -16 -3 -57129
-6 -4 -3 -7 -49119
20 -7 11 -7 -54633
7 -6 11 -2 -54697
-22 0 -17 -2 -55769
-6 22 0 22 -41425
-5 20 -9 15 -56049
-9 22 -24 23 -48411
0 6 5 8 -52407
-13 -8 -22 -6 -54553
23 17 23 -22 -58879
-24 -4 -21 3 -54979
-5 3 -14 8 -55959
-18 20 -17 21 -47437
10 -17 7 -11 -55891
-16 -9 -21 -9 -46059
-22 18 -20 13 -45817
-9 8 -1 7 -59023
-8 -20 -7 -23 -44447
-15 4 -16 2 -46259
16 15 20 16 -54615
1 -1 6 3 -55583
-18 8 20 13 -62047
17 5 19 3 -45375
9 18 16 18 -50315
23 -11 14 -14 -57507
16 10 9 13 -51087
17 -24 8 -18 -54769
-16 19 -18 17 -46187
-4 -2 1 0 -47753
23 -11 23 -17 -50117
-6 7 -10 16 -51801
7 -19 -3 -15 -57037
-13 -9 -13 -6 -45107
-23 14 -18 14 -48117
10 -9 11 -5 -49695
10 -17 8 -18 -44829
-15 -11 -17 -7 -43423
18 3 14 7 -52423
5 18 12 11 -58631
-24 -2 -23 -13 -52057
-23 -12 -11 -16 -57135
16 -12 13 -17 -55103
-11 7 -9 2 -53801
-22 -16 -18 -7 -56605
-8 9 -5 10 -59835
-5 -15 -9 -24 -58611
2 20 -2 23 -45573
-18 -4 -19 3 -56553
-17 7 -17 8 -40275
18 11 18 16 -50559
-10 -15 -16 -12 -52273
-18 4 -12 3 -52221
-6 15 -9 20 -53755
-23 14 -24 14 -24783
-6 -3 -4 -1 -49857
-24 -1 -22 -8 -54783
3 2 22 2 -56485
-22 1 -24 -3 -46407
-16 -6 -21 -4 -52295
-6 12 -12 11 -55697
19 -17 17 -23 -49817
-2 -15 -3 -9 -56103
-5 -13 2 -12 -51327
8 -4 23 -2 -57807
-20 -21 -21 -8 -55573
21 -14 19 -2 -56795
-9 7 -16 5 -55423
-7 -1 -12 -5 -50801
3 -5 -1 -2 -50559
4 -1 8 1 -53725
23 -11 18 -5 -47981
-4 13 -9 5 -63999
-5 -8 0 -13 -56071
11 21 13 17 -49303
-23 -20 5 -23 -53515
-24 5 -16 1 -51477
-24 -21 -24 -18 -34279
-11 -20 0 -21 -57395
22 17 19 20 -44919
-21 19 -15 17 -49555
18 -2 17 -5 -47905
16 5 14 5 -47521
-7 3 -6 1 -51617
-2 19 -1 22 -46007
1 21 -8 7 -69533
-24 13 -15 10 -54923
-1 -4 0 -1 -46139
15 16 20 16 -55731
-14 -21 -20 -19 -46529
15 7 22 10 -50411
1 -11 2 -10 -45717
5 -3 4 -4 -49855
-19 13 -8 14 -55329
23 -10 18 -9 -34247
-10 7 -24 6 -58677
21 -23 -5 -24 -48913
10 13 10 8 -51997
-10 -15 -1 -18 -53737
0 10 -3 9 -49001
-12 -13 -12 -17 -54339
4 11 7 15 -51815
2 5 -3 6 -47823
-16 11 -8 9 -51293
-2 -22 -6 -24 -44061
-2 15 -10 16 -53343
14 -22 18 -19 -52069
8 -22 16 -24 -47427
-15 -11 -20 -13 -48787
-9 16 0 -19 -69081
8 -10 7 -9 -44675
16 -17 20 -18 -52971
3 -23 0 -15 -55251
5 -16 6 -13 -47523
7 -9 19 -11 -56985
9 -14 12 -9 -55121
13 -4 22 -1 -54883
-22 20 -18 16 -47801
0 17 -4 17 -45947
2 -6 2 -14 -51963
3 -1 2 -1 -44877
-16 13 -20 22 -54793
-9 7 -4 8 -59421
22 20 20 23 -42469
-6 -10 -5 -7 -54405
16 16 12 12 -55723
0 1 8 1 -55869
12 18 16 23 -49413
-22 -15 -19 -9 -50691
4 -22 2 -13 -55767
23 5 21 3 -30803
-7 21 -18 19 -50139
-3 -21 -4 -16 -55171
-11 -5 -14 -10 -57639
-7 1 -6 2 -47639
14 6 10 4 -48675
-3 -10 4 -8 -53737
-18 18 -9 16 -53449
13 16 15 9 -54879
7 -5 3 -8 -50655
18 -20 11 -17 -53861
10 -15 6 -13 -54855
4 -18 23 -24 -55711
-19 4 -15 5 -48779
-23 22 -21 3 -52313
-22 5 -14 4 -53399
8 6 5 7 -53923
13 -22 22 -21 -54887
