-12 -13 -12 -10 -50032
-3 17 5 15 -51198
23 -2 16 -11 -51510
23 19 17 21 -45454
23 2 15 2 -49942
-24 -5 -17 -10 -49338
23 3 24 1 -32106
-2 1 6 -1 -54394
12 10 10 14 -50568
6 3 8 -4 -49988
11 -20 6 -23 -49218
10 -3 17 -3 -42460
-6 9 -5 5 -44834
-16 -7 -17 -1 -47200
-5 -4 -6 -3 -47888
-11 1 -4 -2 -48336
-14 7 -23 21 -66156
-25 -15 -23 -14 -16896
-20 16 -25 21 -43060
-20 -23 -18 -20 -49612
-9 25 -6 24 -29584
-11 2 -14 -1 -45022
25 25 24 22 -11374
-14 -17 -11 -13 -53750
-25 -11 -25 -8 -31064
9 19 6 18 -48510
-20 16 -18 17 -43482
-1 5 3 5 -46276
17 17 17 19 -44794
13 -21 13 -18 -46782
1 -12 2 -12 -42822
25 -24 21 -22 -8088
13 -8 7 -8 -51488
-6 -10 -6 -9 -49626
-7 -21 -18 -20 -51154
20 18 20 14 -43836
4 13 0 11 -47586
-15 -24 -14 -25 -27006
12 5 4 5 -50326
-2 -17 0 -25 -48364
-20 -5 -20 -4 -42504
3 22 1 17 -52030
6 22 8 16 -47956
3 11 2 6 -54450
-24 -15 -16 -20 -57298
17 20 21 15 -52878
-2 -17 -3 -12 -52208
-17 21 -21 20 -52954
-18 -4 -16 -3 -49558
12 -3 12 -5 -42900
-23 24 -25 24 -11784
13 18 3 22 -54550
2 -25 2 -23 -24982
22 -19 22 -20 -38570
-2 -6 -3 -10 -53758
-18 22 -22 19 -54448
1 -23 0 -24 -32434
-19 -23 -22 -14 -58070
-24 19 -24 15 -41356
22 -8 13 -8 -52062
-13 25 -10 17 -40834
-11 -24 -10 -25 -26304
-20 19 -20 22 -38108
-25 10 -25 24 -47308
-23 -1 -24 5 -41678
19 -22 17 -19 -41108
-11 -1 -15 3 -50526
2 -9 -7 -8 -55040
-16 7 -12 9 -47458
-2 -2 -5 -1 -41650
25 2 23 2 -12624
4 -25 10 -25 -51916
-4 10 1 12 -50802
-24 24 -14 25 -41634
-5 -13 -4 -14 -44124
-4 12 -4 13 -39170
-25 14 -24 13 -28156
-4 23 -2 20 -44476
11 -20 12 -18 -49146
-24 -4 -25 -4 -9234
17 -25 15 -23 -31014
18 -7 18 -3 -51446
21 5 17 3 -53748
-8 25 -8 23 -20214
0 23 -17 23 -46674
-10 1 -10 -3 -43470
7 -18 -1 -17 -48508
-18 0 -13 -3 -54398
8 -14 9 -14 -49086
14 20 11 25 -39612
-1 19 0 24 -46722
19 -15 21 -18 -47222
20 -8 20 -10 -35562
16 6 13 4 -51004
18 23 9 22 -49946
14 -22 23 -20 -55850
15 -16 17 -16 -48402
-13 -23 -13 -21 -44688
-8 -5 1 -3 -56578
-1 23 13 22 -49884
-3 -19 -2 -16 -44590
-13 -12 -7 -15 -52380
-11 7 -11 9 -39220
15 9 23 14 -58056
4 8 6 6 -55132
-7 17 -7 14 -46330
25 -3 25 -6 -32274
23 -17 23 -20 -43534
-7 -12 -8 -14 -48672
8 -10 12 -10 -50206
23 -19 24 -17 -35216
-20 -12 -18 -16 -55484
-18 -24 -25 -23 -29124
6 -24 5 -24 -48230
-24 25 -25 20 -22668
17 -20 19 -20 -48574
-3 22 3 20 -48598
-16 -9 -16 -17 -55530
7 19 11 21 -52438
-24 -9 -25 0 -50460
-12 -13 -8 -9 -55444
7 -22 7 -23 -28068
-9 23 -9 15 -51498
15 12 21 8 -53322
-5 3 -5 1 -46150
-9 -13 -9 -11 -49086
-18 -20 -18 -17 -43912
-16 20 -16 19 -38766
-24 -18 -22 -24 -40190
-24 19 -21 19 -31798
-9 -9 16 -11 -59786
0 17 0 10 -52420
10 6 18 6 -54598
13 -14 14 -14 -38160
18 23 22 20 -47716
-19 -23 10 -24 -51264
-19 11 -18 13 -42858
9 23 -9 23 -52944
16 19 16 23 -43020
-10 -19 -10 -14 -49734
-24 16 -23 17 -33038
17 4 21 13 -55982
-20 -15 -20 -13 -43724
21 25 24 23 -23410
10 -7 10 -8 -39674
14 -1 11 1 -43520
-13 13 -7 16 -47772
7 19 6 19 -39814
12 24 12 22 -29328
-13 -23 -11 -23 -30696
15 -1 17 23 -62230
-18 23 -17 25 -22824
-22 -5 -23 -1 -49674
2 1 2 0 -36540
8 -4 12 -4 -43770
23 -14 16 -15 -50872
-6 -4 -5 -5 -48758
22 7 22 18 -53758
10 3 10 2 -37202
-5 -22 -4 -25 -29500
16 4 17 3 -48204
-12 -19 -14 -16 -50058
4 9 -3 12 -48354
24 15 25 13 -26258
-6 21 -2 25 -38430
7 -21 3 -24 -50748
-16 -22 -16 -20 -46088
3 -24 5 -24 -41534
21 -3 20 1 -47040
8 -23 0 -18 -53008
4 -24 9 -24 -55406
11 22 15 21 -47404
21 -8 22 -17 -55970
12 -25 10 -24 -28262
24 -11 25 -10 -17248
15 18 20 21 -54976
-11 6 -13 0 -54100
-8 18 -6 19 -45616
6 13 12 15 -50900
2 16 -2 18 -47816
16 -11 15 -7 -41468
20 -2 22 -3 -40536
24 -21 19 -25 -29258
16 -16 15 -15 -44862
-25 -24 -23 -22 -20136
1 25 5 25 -26942
-9 -13 -10 -13 -41668
24 -13 23 -12 -31810
13 21 15 16 -49792
5 8 8 7 -57290
-2 4 -2 3 -39326
-1 -6 1 -6 -45322
-22 2 -23 0 -39702
-15 -1 -15 2 -44570
21 -3 21 -4 -47054
13 22 22 22 -44996
4 11 8 12 -47828
14 15 19 15 -53360
-7 -5 -10 -8 -47146
3 23 4 25 -26928
25 -4 25 4 -42222
-21 6 -21 1 -45276
-9 -18 -7 -17 -44608
-23 -7 -13 -10 -58292
25 -22 24 -19 -26420
24 6 24 8 -28624
-21 11 -22 11 -33038
18 -25 19 -23 -26364
18 -1 20 0 -44082
-7 -20 -6 -22 -45812
9 22 10 23 -36216
-19 -18 -22 -16 -50780
-5 -19 -2 -18 -44490
-15 -16 -10 -8 -65892
-15 19 -11 15 -47474
21 24 -23 23 -45650
5 -10 1 -7 -49692
-6 23 0 18 -55306
6 3 0 5 -55598
25 19 23 17 -18850
22 10 24 13 -35170
-9 -2 19 3 -61170
6 -14 9 -13 -49766
25 21 22 20 -12082
-4 -21 2 -24 -36942
-1 8 0 11 -46264
1 12 -4 17 -53862
25 -17 24 -15 -30184
21 10 10 9 -54600
-21 -25 -19 -23 -32738
6 8 6 10 -49962
0 -13 -2 -12 -45854
5 8 2 10 -48978
9 -17 11 -19 -47024
0 23 1 24 -31354
-11 13 -13 8 -43858
10 23 -14 23 -50972
25 -9 25 -25 -44216
17 8 19 7 -44768
-10 1 -10 7 -54246
11 -3 12 -2 -45294
-16 -14 -10 -13 -50990
-19 9 -18 8 -41732
25 -11 -25 -13 -53678
-25 13 -25 11 -32668
15 -16 15 -18 -44480
2 -22 6 -21 -50464
3 -8 5 -12 -48844
-16 17 -11 15 -41832
-7 11 -5 11 -44824
-25 2 -25 -6 -44822
-25 -23 -25 -25 -16324
4 11 7 16 -55762
-8 25 -11 23 -27808
10 8 11 4 -49066
-19 11 -22 13 -49510
-24 13 -20 4 -49922
3 4 0 6 -49740
-15 3 -18 7 -50208
1 8 1 3 -47180
-1 -12 0 -11 -51608
-19 -24 -16 -22 -42420
-12 -19 -19 -23 -50224
-2 -23 -11 -24 -44532
-20 9 -13 13 -50374
13 -17 12 -20 -52478
17 3 17 4 -47528
4 7 -16 -12 -69566
10 13 0 17 -54208
10 -17 7 -16 -54072
-9 -8 -15 -10 -53074
-16 -20 -24 -23 -49304
-3 -21 -6 -16 -56038
5 -24 3 -17 -49530
9 -24 8 -14 -53942
9 11 10 5 -56962
0 -19 -5 -23 -49156
-7 -5 -6 -3 -46074
6 -22 -7 -23 -49688
-22 -2 -18 -2 -47122
-18 10 -19 13 -51454
7 4 10 9 -51494
16 3 23 4 -51174
-23 10 -21 20 -54918
-4 3 -2 -2 -50836
7 1 10 -4 -48700
1 -13 -3 -17 -53196
12 1 6 -2 -51224
-4 -7 -6 -9 -52836
20 13 21 15 -47204
-19 -7 -12 -6 -56818
6 -18 10 -20 -54756
-21 -14 -18 -17 -55860
11 12 9 11 -41872
-23 -24 22 -21 -51578
7 8 6 2 -50842
-21 -20 -19 -19 -43568
-11 -6 -3 -10 -55352
-15 1 -12 1 -41140
4 21 13 21 -52476
23 -1 23 -3 -43746
-7 5 -5 7 -45952
6 10 9 8 -57460
21 -3 13 -1 -49248
14 19 16 20 -52142
12 10 6 13 -56004
2 -11 0 -16 -56182
-7 -24 -18 -20 -52438
-12 -16 -19 -17 -46416
-14 -23 -16 -16 -54088
5 13 3 22 -51890
17 6 17 9 -40880
-3 -21 -10 -22 -49432
-21 -5 -22 -16 -49376
23 8 18 12 -41536
-20 21 -21 23 -27756
-23 23 -11 23 -48100
2 17 6 21 -52162
-23 21 -19 22 -45544
-8 18 -9 18 -40230
1 -1 2 -4 -45028
-22 -21 -23 -22 -30678
18 -22 6 -24 -51744
-23 -21 -12 -22 -49632
17 12 22 17 -57210
6 -13 7 -14 -44774
-5 -11 -6 -8 -52802
19 4 16 1 -54348
-7 19 -5 18 -46080
16 9 13 10 -44408
18 14 18 8 -49102
19 -24 14 -21 -43904
9 -8 1 -5 -50786
5 -16 3 -20 -50410
-3 7 -5 7 -44010
-17 -4 -19 -6 -48872
-4 13 0 18 -54418
2 16 1 13 -49596
-9 -11 -17 -10 -53316
-13 12 -12 20 -52996
11 22 18 20 -53604
1 -8 4 -3 -49118
-10 -24 -5 -18 -46590
21 -17 21 -10 -54766
-21 10 -20 1 -49652
-15 4 -16 6 -44678
19 -9 15 -8 -46654
-16 -18 -18 -22 -50550
17 -18 9 -17 -52864
13 -13 17 -9 -48844
1 12 3 8 -48264
-18 10 -19 12 -49994
21 1 22 10 -47200
19 4 21 1 -42048
-2 -3 4 -1 -56712
-15 -4 -11 -4 -39876
-4 23 -13 23 -43802
5 -3 -2 -3 -56020
-1 -13 2 -16 -49454
18 -6 17 -3 -51336
19 22 17 20 -38334
3 23 23 22 -49572
-4 20 -9 22 -49218
18 -18 20 -15 -46474
23 -13 20 -8 -45746
-6 -4 -3 -7 -50434
20 -7 11 -7 -50816
7 -6 11 -2 -53732
-22 0 -17 -2 -51486
-6 22 0 22 -41964
-5 20 -9 15 -56674
-9 22 -24 23 -48562
0 6 5 8 -49434
-24 3 -21 18 -54110
4 -24 14 -23 -55062
-22 0 -22 23 -57424
-13 0 -21 -2 -56868
-18 20 -17 21 -48428
10 -17 7 -11 -55026
-16 -9 -21 -9 -49088
-22 18 -20 13 -50604
-9 8 -1 7 -56810
-8 -20 -7 -23 -45456
-15 4 -16 2 -45888
16 15 20 16 -56334
19 -12 23 -15 -46692
-24 -2 -17 0 -48004
17 5 19 3 -47336
9 18 16 18 -49882
17 -15 11 -11 -47874
16 10 9 13 -52518
-24 -11 -21 -21 -48622
-16 19 -18 17 -46928
-4 -2 1 0 -47666
23 -11 23 -17 -49058
-6 7 -10 16 -53066
-19 -6 -15 -8 -52152
-13 -9 -13 -6 -39068
-23 14 -18 14 -46020
10 -9 11 -5 -47584
10 -17 8 -18 -48280
-15 -11 -17 -7 -44210
-12 -15 -11 -16 -44984
-14 -23 -14 -21 -44772
-24 -2 -23 -13 -50318
14 2 10 6 -52722
16 -12 13 -17 -53122
-11 7 -9 2 -50200
-22 -16 -18 -7 -55082
-8 9 -5 10 -51958
-23 13 -24 -6 -55394
2 20 -2 23 -46162
-18 -4 -19 3 -52024
-17 7 -17 8 -37202
18 11 18 16 -49012
-10 -15 -16 -12 -54828
-18 4 -12 3 -50420
-6 15 -9 20 -54824
-23 14 -24 14 -23990
-6 -3 -4 -1 -48122
-24 -1 -22 -8 -53592
-6 16 -2 20 -51426
-22 1 -24 -3 -40636
-16 -6 -21 -4 -54436
-6 12 -12 11 -47216
19 -17 17 -23 -47758
-2 -15 -3 -9 -54330
-5 -13 2 -12 -55682
-4 20 10 22 -55102
-17 11 -20 -12 -62650
-24 4 -17 7 -42758
-9 7 -16 5 -46508
23 1 21 -5 -48240
3 -5 -1 -2 -49018
4 -1 8 1 -46528
23 -11 18 -5 -48712
13 22 7 19 -54992
9 3 13 0 -49068
11 21 13 17 -49776
-23 -20 5 -23 -53076
-24 5 -16 1 -50798
-24 -21 -24 -18 -36800
-11 -20 0 -21 -56682
22 17 19 20 -45720
-21 19 -15 17 -47928
18 -2 17 -5 -50062
16 5 14 5 -46728
-7 3 -6 1 -50364
-2 19 -1 22 -46390
10 20 21 22 -58034
-24 13 -15 10 -54442
-1 -4 0 -1 -44390
15 16 20 16 -56296
-14 -21 -20 -19 -48744
15 7 22 10 -52424
1 -11 2 -10 -47230
5 -3 4 -4 -46822
-19 13 -8 14 -47388
23 -10 18 -9 -37846
19 -2 23 -5 -46876
21 -23 -5 -24 -50032
10 13 10 8 -52272
-10 -15 -1 -18 -53154
0 10 -3 9 -46406
-12 -13 -12 -17 -52734
4 11 7 15 -55188
2 5 -3 6 -44758
-16 11 -8 9 -44096
-2 -22 -6 -24 -42018
-4 4 -11 5 -47782
14 -22 18 -19 -51150
8 -22 16 -24 -44114
-15 -11 -20 -13 -47232
14 -5 14 3 -49254
8 -10 7 -9 -41324
16 -17 20 -18 -54618
-9 -6 -7 -7 -40110
5 -16 6 -13 -47838
13 -11 10 -15 -52234
9 -14 12 -9 -52030
13 -4 22 -1 -51404
-22 20 -18 16 -50142
0 17 -4 17 -43130
2 -6 2 -14 -52692
3 -1 2 -1 -43044
-3 -16 5 -15 -51990
-9 7 -4 8 -54242
22 20 20 23 -43430
-6 -10 -5 -7 -55764
16 16 12 12 -47460
23 -15 17 -16 -47770
12 18 16 23 -55656
-22 -15 -19 -9 -49494
4 -22 2 -13 -57398
23 5 21 3 -34018
-7 21 -18 19 -44084
-3 -21 -4 -16 -53554
17 0 17 4 -47946
-7 1 -6 2 -45408
14 6 10 4 -46864
-3 -10 4 -8 -57508
-3 -5 -6 17 -63906
2 -11 3 -24 -60788
7 -5 3 -8 -48876
18 -20 11 -17 -54370
10 -15 6 -13 -57238
4 -18 23 -24 -54644
-19 4 -15 5 -48836
-10 17 -6 12 -52738
-22 5 -14 4 -52542
8 6 5 7 -55634
13 -22 22 -21 -54910
