-12 -13 -12 -10 -46625
-3 17 5 15 -52861
23 -2 16 -11 -51783
23 19 17 21 -44473
23 2 15 2 -49797
-24 -5 -17 -10 -45491
23 3 24 1 -33101
-2 1 6 -1 -52879
12 10 10 14 -48161
6 3 8 -4 -50223
11 -20 6 -23 -49373
10 -3 17 -3 -42115
-6 9 -5 5 -46191
-16 -7 -17 -1 -50225
-5 -4 -6 -3 -47549
-11 1 -4 -2 -47503
20 -17 19 -24 -51861
-25 -15 -23 -14 -16531
-20 16 -25 21 -42753
-20 -23 -18 -20 -49607
-9 25 -6 24 -30251
-11 2 -14 -1 -49057
25 25 24 22 -11703
-14 -17 -11 -13 -52031
-25 -11 -25 -8 -29541
9 19 6 18 -45975
-20 16 -18 17 -46283
-1 5 3 5 -46059
17 17 17 19 -43719
13 -21 13 -18 -48177
1 -12 2 -12 -41045
25 -24 21 -22 -8647
13 -8 7 -8 -50685
-6 -10 -6 -9 -45459
-7 -21 -18 -20 -55053
20 18 20 14 -43043
4 13 0 11 -51007
-15 -24 -14 -25 -27693
12 5 4 5 -48915
-2 -17 0 -25 -47553
-20 -5 -20 -4 -46417
3 22 1 17 -51651
6 22 8 16 -51269
3 11 2 6 -53511
-16 8 -15 16 -53087
17 20 21 15 -52275
-2 -17 -3 -12 -52119
-17 21 -21 20 -54953
-18 -4 -16 -3 -47487
12 -3 12 -5 -42309
-23 24 -25 24 -12279
23 12 13 10 -52161
2 -25 2 -23 -25945
22 -19 22 -20 -42663
-2 -6 -3 -10 -51281
-18 22 -22 19 -55601
1 -23 0 -24 -33581
-4 -17 0 -15 -51621
-24 19 -24 15 -40515
22 -8 13 -8 -53565
-13 25 -10 17 -40877
-11 -24 -10 -25 -26539
-20 19 -20 22 -38111
-25 10 -25 24 -46259
-23 -1 -24 5 -40345
19 -22 17 -19 -43295
-11 -1 -15 3 -52737
2 -9 -7 -8 -50099
-16 7 -12 9 -49711
-2 -2 -5 -1 -38881
25 2 23 2 -12515
4 -25 10 -25 -47155
-4 10 1 12 -50487
-24 24 -14 25 -43445
-5 -13 -4 -14 -44165
-4 12 -4 13 -38931
-25 14 -24 13 -28135
-4 23 -2 20 -43481
11 -20 12 -18 -49559
-24 -4 -25 -4 -8837
17 -25 15 -23 -32367
-16 15 -12 17 -47103
21 5 17 3 -52501
-8 25 -8 23 -19995
0 23 -17 23 -50815
-10 1 -10 -3 -47685
7 -18 -1 -17 -51227
-18 0 -13 -3 -52731
8 -14 9 -14 -47551
14 20 11 25 -39369
-1 19 0 24 -46079
19 -15 21 -18 -47999
20 -8 20 -10 -35917
16 6 13 4 -49169
18 23 9 22 -45481
14 -22 23 -20 -56115
15 -16 17 -16 -49503
-13 -23 -13 -21 -45543
18 3 14 -17 -63851
-1 23 13 22 -46515
-3 -19 -2 -16 -45585
-13 -12 -7 -15 -52593
-11 7 -11 9 -42133
-10 5 -8 1 -55739
4 8 6 6 -52931
-7 17 -7 14 -47039
25 -3 25 -6 -35795
23 -17 23 -20 -46479
-7 -12 -8 -14 -48057
8 -10 12 -10 -48547
23 -19 24 -17 -37037
-20 -12 -18 -16 -54355
-18 -24 -25 -23 -26609
6 -24 5 -24 -45995
-24 25 -25 20 -23071
17 -20 19 -20 -49331
-3 22 3 20 -47627
-16 -9 -16 -17 -52201
7 19 11 21 -50437
-24 -9 -25 0 -46599
-12 -13 -8 -9 -53697
7 -22 7 -23 -27943
-9 23 -9 15 -50795
15 12 21 8 -52811
-5 3 -5 1 -47571
-9 -13 -9 -11 -46997
-18 -20 -18 -17 -41417
-16 20 -16 19 -38605
-24 -18 -22 -24 -36181
-24 19 -21 19 -32699
-17 10 -16 3 -55999
0 17 0 10 -51379
10 6 18 6 -50855
13 -14 14 -14 -38877
18 23 22 20 -46837
-19 -23 10 -24 -53051
-19 11 -18 13 -46261
9 23 -9 23 -51077
16 19 16 23 -42533
-10 -19 -10 -14 -48959
-24 16 -23 17 -33239
17 4 21 13 -53247
-20 -15 -20 -13 -43653
21 25 24 23 -23289
10 -7 10 -8 -40271
14 -1 11 1 -42811
-13 13 -7 16 -50293
7 19 6 19 -36969
12 24 12 22 -29721
-13 -23 -11 -23 -32449
-9 -14 0 -12 -53939
-18 23 -17 25 -24791
-22 -5 -23 -1 -46863
2 1 2 0 -36447
8 -4 12 -4 -43593
23 -14 16 -15 -51441
-6 -4 -5 -5 -48211
22 7 22 18 -51901
10 3 10 2 -37141
-5 -22 -4 -25 -30059
16 4 17 3 -47885
-12 -19 -14 -16 -49633
4 9 -3 12 -49301
24 15 25 13 -25527
-6 21 -2 25 -38517
7 -21 3 -24 -50167
-16 -22 -16 -20 -45703
3 -24 5 -24 -41017
21 -3 20 1 -49651
8 -23 0 -18 -55211
-7 2 9 -19 -70321
11 22 15 21 -45753
21 -8 22 -17 -56187
12 -25 10 -24 -28839
24 -11 25 -10 -17039
15 18 20 21 -49697
-11 6 -13 0 -57317
-8 18 -6 19 -45963
6 13 12 15 -49103
2 16 -2 18 -48217
16 -11 15 -7 -41705
20 -2 22 -3 -40891
24 -21 19 -25 -31459
16 -16 15 -15 -46117
-25 -24 -23 -22 -20919
1 25 5 25 -25375
-9 -13 -10 -13 -42643
24 -13 23 -12 -31939
13 21 15 16 -51941
5 8 8 7 -55609
-2 4 -2 3 -39965
-1 -6 1 -6 -40995
-22 2 -23 0 -38485
-15 -1 -15 2 -46533
21 -3 21 -4 -49459
13 22 22 22 -41123
4 11 8 12 -45469
14 15 19 15 -51629
-7 -5 -10 -8 -48017
3 23 4 25 -26157
25 -4 25 4 -44575
-21 6 -21 1 -44451
-9 -18 -7 -17 -49619
3 -9 10 -12 -55747
25 -22 24 -19 -28949
24 6 24 8 -28273
-21 11 -22 11 -33633
18 -25 19 -23 -27755
18 -1 20 0 -44093
-7 -20 -6 -22 -45697
9 22 10 23 -36537
-19 -18 -22 -16 -44365
-5 -19 -2 -18 -47615
-10 -5 -7 1 -55191
-15 19 -11 15 -48717
21 24 -23 23 -48637
5 -10 1 -7 -49847
-6 23 0 18 -54013
6 3 0 5 -54011
25 19 23 17 -18201
22 10 24 13 -33031
20 23 -15 22 -54543
6 -14 9 -13 -49473
25 21 22 20 -11415
-4 -21 2 -24 -36867
-1 8 0 11 -46999
1 12 -4 17 -52635
25 -17 24 -15 -30251
19 -20 1 -13 -63719
-21 -25 -19 -23 -32365
6 8 6 10 -47057
0 -13 -2 -12 -44009
5 8 2 10 -48951
9 -17 11 -19 -47629
0 23 1 24 -30899
-11 13 -13 8 -48355
10 23 -14 23 -53163
25 -9 25 -25 -45237
17 8 19 7 -44383
-10 1 -10 7 -58331
11 -3 12 -2 -44623
-16 -14 -10 -13 -51069
-19 9 -18 8 -44837
25 -11 -25 -13 -52241
-25 13 -25 11 -31649
15 -16 15 -18 -45827
2 -22 6 -21 -51335
3 -8 5 -12 -50307
-16 17 -11 15 -45373
-7 11 -5 11 -42005
-25 2 -25 -6 -43623
-25 -23 -25 -25 -16103
0 13 3 13 -44449
-8 25 -11 23 -30129
10 8 11 4 -45197
-19 11 -22 13 -48817
-24 13 -20 4 -49933
3 4 0 6 -49219
-15 3 -18 7 -56235
1 8 1 3 -46443
-1 -12 0 -11 -49243
-19 -24 -16 -22 -41685
-12 -19 -19 -23 -52727
-2 -23 -11 -24 -49629
-20 9 -13 13 -53921
13 -17 12 -20 -53631
17 3 17 4 -47629
4 22 11 22 -42919
10 13 0 17 -54035
10 -17 7 -16 -52873
-9 -8 -15 -10 -51675
-16 -20 -24 -23 -48269
-3 -21 -6 -16 -54905
5 -24 3 -17 -48575
9 -24 8 -14 -53545
-21 -10 -19 -4 -48751
0 -19 -5 -23 -52457
-7 -5 -6 -3 -47397
6 -22 -7 -23 -50863
-22 -2 -18 -2 -44461
-18 10 -19 13 -52903
7 4 10 9 -50083
16 3 23 4 -50477
-23 10 -21 20 -54401
-4 3 -2 -2 -51513
7 1 10 -4 -48923
1 -13 -3 -17 -55861
12 1 6 -2 -50707
-4 -7 -6 -9 -47847
20 13 21 15 -45767
-19 -7 -12 -6 -52753
6 -18 10 -20 -55357
-21 -14 -18 -17 -51333
11 12 9 11 -39485
-23 -24 22 -21 -53141
7 8 6 2 -49535
-21 -20 -19 -19 -43707
-12 21 -4 12 -65971
-15 1 -12 1 -42083
-22 13 5 -22 -67431
23 -1 23 -3 -48751
-7 5 -5 7 -45779
6 10 9 8 -54693
21 -3 13 -1 -49641
14 19 16 20 -46853
12 10 6 13 -54119
2 -11 0 -16 -55473
-7 -24 -18 -20 -54497
-12 -16 -19 -17 -50905
-14 -23 -16 -16 -53055
5 13 3 22 -53821
17 6 17 9 -39551
-3 -21 -10 -22 -55359
-21 -5 -22 -16 -47051
23 8 18 12 -41779
-20 21 -21 23 -27939
-23 23 -11 23 -52361
2 17 6 21 -50705
-23 21 -19 22 -46135
-8 18 -9 18 -40789
1 -1 2 -4 -45525
-22 -21 -23 -22 -30119
18 -22 6 -24 -52641
-23 -21 -12 -22 -50607
17 12 22 17 -55307
6 -13 7 -14 -44357
-5 -11 -6 -8 -49807
19 4 16 1 -53415
-7 19 -5 18 -45997
16 9 13 10 -42149
18 14 18 8 -47563
19 -24 14 -21 -45899
9 -8 1 -5 -52285
5 -16 3 -20 -48867
-3 7 -5 7 -37713
-17 -4 -19 -6 -50285
-4 13 0 18 -55203
2 16 1 13 -47687
-9 -11 -17 -10 -52091
-13 12 -12 20 -54725
11 22 18 20 -51527
1 -8 4 -3 -47627
-10 -24 -5 -18 -54013
21 -17 21 -10 -55383
-21 10 -20 1 -51443
-15 4 -16 6 -49567
19 -9 15 -8 -47315
-16 -18 -18 -22 -51597
17 -18 9 -17 -54937
13 -13 17 -9 -50471
1 12 3 8 -47237
-18 10 -19 12 -50789
21 1 22 10 -46705
19 4 21 1 -42363
11 14 8 23 -56785
-15 -4 -11 -4 -39991
-4 23 -13 23 -45665
5 -3 -2 -3 -50193
-1 -13 2 -16 -48703
18 -6 17 -3 -47641
19 22 17 20 -35015
3 23 23 22 -45811
-4 20 -9 22 -49665
18 -18 20 -15 -49531
23 -13 20 -8 -46211
-6 -4 -3 -7 -49089
20 -7 11 -7 -51093
7 -6 11 -2 -53333
-22 0 -17 -2 -49331
-6 22 0 22 -41741
-5 20 -9 15 -55947
-9 22 -24 23 -52659
0 6 5 8 -50821
-24 3 -21 18 -51771
4 -24 14 -23 -54259
-3 -16 -17 -24 -64207
-20 -2 -21 -6 -53327
-18 20 -17 21 -50869
10 -17 7 -11 -53697
-16 -9 -21 -9 -44717
-22 18 -20 13 -49165
-19 -18 -1 -1 -67381
-8 -20 -7 -23 -46193
-15 4 -16 2 -47029
16 15 20 16 -54431
19 -12 23 -15 -46619
-24 -2 -17 0 -45521
17 5 19 3 -47359
9 18 16 18 -47179
17 -15 11 -11 -49089
16 10 9 13 -49891
-24 -11 -21 -21 -47661
-16 19 -18 17 -50723
-4 -2 1 0 -40715
23 -11 23 -17 -49223
-6 7 -10 16 -55949
-19 -6 -15 -8 -47529
-13 -9 -13 -6 -39105
-23 14 -18 14 -45793
10 -9 11 -5 -47687
10 -17 8 -18 -48131
-15 -11 -17 -7 -43509
-12 -15 -11 -16 -44711
-14 -23 -14 -21 -45583
-24 -2 -23 -13 -48151
14 2 10 6 -51293
16 -12 13 -17 -53701
-11 7 -9 2 -55279
-19 21 -9 22 -49311
-8 9 -5 10 -50103
-4 -23 -7 -24 -44803
2 20 -2 23 -45295
-18 -4 -19 3 -52547
-17 7 -17 8 -42063
18 11 18 16 -47835
-10 -15 -16 -12 -54245
-18 4 -12 3 -51963
-4 -18 -13 -20 -57305
-23 14 -24 14 -24525
-6 -3 -4 -1 -45795
-21 8 -14 6 -55787
-6 16 -2 20 -50823
-22 1 -24 -3 -41965
-16 -6 -21 -4 -49597
-6 12 -12 11 -47889
19 -17 17 -23 -55077
-2 -15 -3 -9 -53923
5 -21 8 -21 -51797
-24 23 -10 -11 -63161
12 21 14 23 -41185
-24 4 -17 7 -41691
-9 7 -16 5 -48539
23 1 21 -5 -51083
3 -5 -1 -2 -49495
4 -1 8 1 -46135
23 -11 18 -5 -48811
13 22 7 19 -52897
9 3 13 0 -47901
11 21 13 17 -51555
-23 -20 5 -23 -54281
-24 5 -16 1 -53725
-24 -21 -24 -18 -33541
-15 -4 -12 -1 -47713
22 17 19 20 -44683
-21 19 -15 17 -48511
18 -2 17 -5 -48757
16 5 14 5 -45309
-7 3 -6 1 -52257
-2 19 -1 22 -46009
-4 -17 17 17 -67025
-24 13 -15 10 -54873
-1 -4 0 -1 -43363
15 16 20 16 -54085
-14 -21 -20 -19 -49127
15 7 22 10 -49551
1 -11 2 -10 -45589
5 -3 4 -4 -45045
-19 13 -8 14 -53487
23 -10 18 -9 -37783
19 -2 23 -5 -47761
21 -23 -5 -24 -50687
10 13 10 8 -47607
-10 -15 -1 -18 -53445
0 10 -3 9 -45973
-12 -13 -12 -17 -50547
4 11 7 15 -46203
2 5 -3 6 -44481
-16 11 -8 9 -48269
-2 -22 -6 -24 -48749
-4 4 -11 5 -45989
14 -22 18 -19 -53397
8 -22 16 -24 -45863
-15 -11 -20 -13 -45807
14 -5 14 3 -50409
8 -10 7 -9 -44195
16 -17 20 -18 -55335
-9 -6 -7 -7 -37173
5 -16 6 -13 -46721
13 -11 10 -15 -53147
9 -14 12 -9 -53187
13 -4 22 -1 -51785
-22 20 -18 16 -49263
0 17 -4 17 -43085
2 -6 2 -14 -53099
3 -1 2 -1 -40631
-3 -16 5 -15 -52783
-9 7 -4 8 -50575
22 20 20 23 -42969
-11 -3 -8 16 -63985
16 16 12 12 -47705
23 -15 17 -16 -48097
-21 -16 -14 -16 -49931
-22 -15 -19 -9 -43287
4 -22 2 -13 -53141
23 5 21 3 -33139
-7 21 -18 19 -52701
-3 -21 -4 -16 -52609
17 0 17 4 -48099
-7 1 -6 2 -44965
14 6 10 4 -44917
-3 -10 4 -8 -53049
-24 -12 -21 -16 -38399
22 0 23 -7 -54843
7 -5 3 -8 -47593
18 -20 11 -17 -56255
11 18 9 13 -46527
4 -18 23 -24 -56613
-19 4 -15 5 -49381
-10 17 -6 12 -55327
-22 5 -14 4 -56351
8 6 5 7 -53639
13 -22 22 -21 -55963
