-12 -13 -12 -10 -47352
-3 17 5 15 -52586
23 -2 16 -11 -50402
23 19 17 21 -44272
23 2 15 2 -49472
-24 -5 -17 -10 -46218
23 3 24 1 -32700
-2 1 6 -1 -52432
12 10 10 14 -47374
6 3 8 -4 -50554
11 -20 6 -23 -49010
10 -3 17 -3 -41524
-6 9 -5 5 -46986
-16 -7 -17 -1 -50950
-5 -4 -6 -3 -48660
-11 1 -4 -2 -49502
20 -17 19 -24 -51648
-25 -15 -23 -14 -16488
-20 16 -25 21 -41960
-20 -23 -18 -20 -49566
-9 25 -6 24 -29570
-11 2 -14 -1 -49746
25 25 24 22 -11628
-14 -17 -11 -13 -50896
-25 -11 -25 -8 -29846
9 19 6 18 -45766
-20 16 -18 17 -46024
-1 5 3 5 -45152
17 17 17 19 -43538
13 -21 13 -18 -48018
1 -12 2 -12 -40952
25 -24 21 -22 -8430
13 -8 7 -8 -49682
-6 -10 -6 -9 -45558
-7 -21 -18 -20 -55460
20 18 20 14 -43392
4 13 0 11 -49814
-15 -24 -14 -25 -28352
12 5 4 5 -48554
-2 -17 0 -25 -47320
-20 -5 -20 -4 -47504
3 22 1 17 -51314
6 22 8 16 -51080
3 11 2 6 -53894
-16 8 -15 16 -53486
17 20 21 15 -51868
-2 -17 -3 -12 -51794
-17 21 -21 20 -54282
-18 -4 -16 -3 -48020
12 -3 12 -5 -41750
-23 24 -25 24 -11726
23 12 13 10 -52670
2 -25 2 -23 -25868
22 -19 22 -20 -42478
-2 -6 -3 -10 -50780
-18 22 -22 19 -54712
1 -23 0 -24 -33778
-4 -17 0 -15 -51352
-24 19 -24 15 -39456
22 -8 13 -8 -53168
-13 25 -10 17 -40376
-11 -24 -10 -25 -28448
-20 19 -20 22 -37170
-25 10 -25 24 -44860
-23 -1 -24 5 -39406
19 -22 17 -19 -43090
-11 -1 -15 3 -52610
2 -9 -7 -8 -50982
-16 7 -12 9 -49948
-2 -2 -5 -1 -38464
25 2 23 2 -12486
4 -25 10 -25 -47268
-4 10 1 12 -50290
-24 24 -14 25 -42606
-5 -13 -4 -14 -44914
-4 12 -4 13 -39042
-25 14 -24 13 -28292
-4 23 -2 20 -43336
11 -20 12 -18 -49392
-24 -4 -25 -4 -8812
17 -25 15 -23 -32228
-16 15 -12 17 -46634
21 5 17 3 -52424
-8 25 -8 23 -20582
0 23 -17 23 -49664
-10 1 -10 -3 -47474
7 -18 -1 -17 -50156
-18 0 -13 -3 -53034
8 -14 9 -14 -47260
14 20 11 25 -39260
-1 19 0 24 -45666
19 -15 21 -18 -48052
20 -8 20 -10 -34882
16 6 13 4 -48246
18 23 9 22 -45400
14 -22 23 -20 -56076
15 -16 17 -16 -48532
-13 -23 -13 -21 -45006
12 -17 -20 -14 -61366
-1 23 13 22 -45484
-3 -19 -2 -16 -44910
-13 -12 -7 -15 -54014
-11 7 -11 9 -41842
-10 5 -8 1 -55898
4 8 6 6 -53164
-7 17 -7 14 -44624
25 -3 25 -6 -35308
23 -17 23 -20 -46260
-7 -12 -8 -14 -47926
8 -10 12 -10 -48128
23 -19 24 -17 -36530
-20 -12 -18 -16 -54718
-18 -24 -25 -23 -27014
6 -24 5 -24 -46434
-24 25 -25 20 -22772
17 -20 19 -20 -48960
-3 22 3 20 -47328
-16 -9 -16 -17 -52196
7 19 11 21 -50252
-24 -9 -25 0 -46298
-12 -13 -8 -9 -53672
7 -22 7 -23 -27670
-9 23 -9 15 -49458
15 12 21 8 -52966
-5 3 -5 1 -46642
-9 -13 -9 -11 -46372
-18 -20 -18 -17 -40760
-16 20 -16 19 -37868
-24 -18 -22 -24 -36116
-24 19 -21 19 -32498
-17 10 -16 3 -55446
0 17 0 10 -51142
10 6 18 6 -49648
13 -14 14 -14 -38158
18 23 22 20 -46354
-19 -23 10 -24 -54040
-19 11 -18 13 -46532
9 23 -9 23 -50530
16 19 16 23 -42332
-10 -19 -10 -14 -48324
-24 16 -23 17 -33080
17 4 21 13 -52824
-20 -15 -20 -13 -43040
21 25 24 23 -23376
10 -7 10 -8 -39860
14 -1 11 1 -41864
-13 13 -7 16 -49856
7 19 6 19 -36752
12 24 12 22 -29784
-13 -23 -11 -23 -31872
-9 -14 0 -12 -54710
-18 23 -17 25 -24462
-22 -5 -23 -1 -46752
2 1 2 0 -36208
8 -4 12 -4 -42778
23 -14 16 -15 -51354
-6 -4 -5 -5 -49478
22 7 22 18 -51180
10 3 10 2 -37342
-5 -22 -4 -25 -30676
16 4 17 3 -47434
-12 -19 -14 -16 -50108
4 9 -3 12 -49284
24 15 25 13 -25132
-6 21 -2 25 -39058
7 -21 3 -24 -49614
-16 -22 -16 -20 -44960
3 -24 5 -24 -40802
21 -3 20 1 -48684
8 -23 0 -18 -54200
-11 17 -13 -7 -62536
11 22 15 21 -45496
21 -8 22 -17 -54916
12 -25 10 -24 -28470
24 -11 25 -10 -17298
15 18 20 21 -50124
-11 6 -13 0 -57190
-8 18 -6 19 -46412
6 13 12 15 -48452
2 16 -2 18 -48006
16 -11 15 -7 -40874
20 -2 22 -3 -40336
24 -21 19 -25 -31092
16 -16 15 -15 -45318
-25 -24 -23 -22 -20774
1 25 5 25 -25486
-9 -13 -10 -13 -43312
24 -13 23 -12 -31754
13 21 15 16 -51582
5 8 8 7 -55936
-2 4 -2 3 -39924
-1 -6 1 -6 -40552
-22 2 -23 0 -38114
-15 -1 -15 2 -46216
21 -3 21 -4 -48448
13 22 22 22 -41226
4 11 8 12 -45760
14 15 19 15 -51918
-7 -5 -10 -8 -47472
3 23 4 25 -26588
25 -4 25 4 -43968
-21 6 -21 1 -44160
-9 -18 -7 -17 -48208
3 -9 10 -12 -54390
25 -22 24 -19 -29010
24 6 24 8 -27844
-21 11 -22 11 -33692
18 -25 19 -23 -27628
18 -1 20 0 -43628
-7 -20 -6 -22 -48332
9 22 10 23 -36622
-19 -18 -22 -16 -44360
-5 -19 -2 -18 -47664
-10 -5 -7 1 -53948
-15 19 -11 15 -46938
21 24 -23 23 -48236
5 -10 1 -7 -49332
-6 23 0 18 -53324
6 3 0 5 -53976
25 19 23 17 -18014
22 10 24 13 -32890
20 23 -15 22 -53700
6 -14 9 -13 -49496
25 21 22 20 -10780
-4 -21 2 -24 -37434
-1 8 0 11 -47012
1 12 -4 17 -52170
25 -17 24 -15 -29742
12 9 4 -12 -67174
-21 -25 -19 -23 -32696
6 8 6 10 -47344
0 -13 -2 -12 -44956
5 8 2 10 -48740
9 -17 11 -19 -47578
0 23 1 24 -30902
-11 13 -13 8 -48536
10 23 -14 23 -52346
25 -9 25 -25 -45040
17 8 19 7 -44644
-10 1 -10 7 -57850
11 -3 12 -2 -44102
-16 -14 -10 -13 -52244
-19 9 -18 8 -44518
25 -11 -25 -13 -53728
-25 13 -25 11 -31338
15 -16 15 -18 -45132
2 -22 6 -21 -50590
3 -8 5 -12 -50492
-16 17 -11 15 -43790
-7 11 -5 11 -42790
-25 2 -25 -6 -43342
-25 -23 -25 -25 -15758
0 13 3 13 -43450
-8 25 -11 23 -30102
10 8 11 4 -45286
-19 11 -22 13 -48506
-24 13 -20 4 -49304
3 4 0 6 -48790
-15 3 -18 7 -55506
1 8 1 3 -47298
-1 -12 0 -11 -49132
-19 -24 -16 -22 -41752
-12 -19 -19 -23 -51506
-2 -23 -11 -24 -50524
-20 9 -13 13 -54160
13 -17 12 -20 -53758
17 3 17 4 -47056
4 22 11 22 -42734
10 13 0 17 -54698
10 -17 7 -16 -51990
-9 -8 -15 -10 -53382
-16 -20 -24 -23 -48522
-3 -21 -6 -16 -57506
5 -24 3 -17 -47356
9 -24 8 -14 -53344
-21 -10 -19 -4 -49808
0 -19 -5 -23 -52060
-7 -5 -6 -3 -47060
6 -22 -7 -23 -50972
-22 -2 -18 -2 -45600
-18 10 -19 13 -53074
7 4 10 9 -50714
16 3 23 4 -50642
-23 10 -21 20 -53884
-4 3 -2 -2 -50844
7 1 10 -4 -48822
1 -13 -3 -17 -55394
12 1 6 -2 -50440
-4 -7 -6 -9 -47952
20 13 21 15 -45614
-19 -7 -12 -6 -53228
6 -18 10 -20 -54794
-21 -14 -18 -17 -51678
11 12 9 11 -38890
-23 -24 22 -21 -52716
7 8 6 2 -49612
-21 -20 -19 -19 -43648
-1 16 14 -23 -63564
-15 1 -12 1 -42552
-15 -4 -9 -11 -58858
23 -1 23 -3 -47646
-7 5 -5 7 -44710
6 10 9 8 -55256
21 -3 13 -1 -49306
14 19 16 20 -47074
12 10 6 13 -54250
2 -11 0 -16 -55024
-7 -24 -18 -20 -55754
-12 -16 -19 -17 -51154
-14 -23 -16 -16 -52730
5 13 3 22 -53608
17 6 17 9 -39138
-3 -21 -10 -22 -55990
-21 -5 -22 -16 -47078
23 8 18 12 -41508
-20 21 -21 23 -27654
-23 23 -11 23 -51416
2 17 6 21 -50366
-23 21 -19 22 -46082
-8 18 -9 18 -40778
1 -1 2 -4 -45374
-22 -21 -23 -22 -30518
18 -22 6 -24 -51554
-23 -21 -12 -22 -51100
17 12 22 17 -54848
6 -13 7 -14 -43024
-5 -11 -6 -8 -49614
19 4 16 1 -52906
-7 19 -5 18 -44534
16 9 13 10 -41304
18 14 18 8 -46638
19 -24 14 -21 -45140
9 -8 1 -5 -51450
5 -16 3 -20 -48732
-3 7 -5 7 -38574
-17 -4 -19 -6 -51300
-4 13 0 18 -54046
2 16 1 13 -46974
-9 -11 -17 -10 -56388
-13 12 -12 20 -53672
11 22 18 20 -51474
1 -8 4 -3 -47250
-10 -24 -5 -18 -50948
21 -17 21 -10 -54208
-21 10 -20 1 -50376
-15 4 -16 6 -48452
19 -9 15 -8 -46476
-16 -18 -18 -22 -50346
17 -18 9 -17 -52838
13 -13 17 -9 -49298
1 12 3 8 -47868
-18 10 -19 12 -50788
21 1 22 10 -46462
19 4 21 1 -42430
11 14 8 23 -56846
-15 -4 -11 -4 -42994
-4 23 -13 23 -45344
5 -3 -2 -3 -49568
-1 -13 2 -16 -48976
18 -6 17 -3 -47822
19 22 17 20 -35210
3 23 23 22 -46128
-4 20 -9 22 -48450
18 -18 20 -15 -48466
23 -13 20 -8 -45634
-6 -4 -3 -7 -49656
20 -7 11 -7 -50324
7 -6 11 -2 -53304
-22 0 -17 -2 -49508
-6 22 0 22 -41226
-5 20 -9 15 -55894
-9 22 -24 23 -52070
0 6 5 8 -50408
-24 3 -21 18 -51040
4 -24 14 -23 -54076
-6 -9 -15 -3 -59916
-20 -2 -21 -6 -53930
-18 20 -17 21 -49836
10 -17 7 -11 -52292
-16 -9 -21 -9 -45364
-22 18 -20 13 -48560
-13 17 -1 2 -66000
-8 -20 -7 -23 -48154
-15 4 -16 2 -47662
16 15 20 16 -54598
19 -12 23 -15 -46244
-24 -2 -17 0 -46622
17 5 19 3 -47096
9 18 16 18 -46582
17 -15 11 -11 -47792
16 10 9 13 -49072
-24 -11 -21 -21 -47346
-16 19 -18 17 -50394
-4 -2 1 0 -40342
23 -11 23 -17 -48316
-6 7 -10 16 -56170
-19 -6 -15 -8 -49202
-13 -9 -13 -6 -41802
-23 14 -18 14 -45738
10 -9 11 -5 -47206
10 -17 8 -18 -47920
-15 -11 -17 -7 -47452
-12 -15 -11 -16 -45604
-14 -23 -14 -21 -44730
-24 -2 -23 -13 -48702
14 2 10 6 -51118
16 -12 13 -17 -52584
-11 7 -9 2 -55306
-19 21 -9 22 -48344
-8 9 -5 10 -49412
-4 -23 -7 -24 -44388
2 20 -2 23 -45190
-18 -4 -19 3 -52080
-17 7 -17 8 -42042
18 11 18 16 -47442
-10 -15 -16 -12 -56958
-18 4 -12 3 -51664
-4 -18 -13 -20 -56010
-23 14 -24 14 -24504
-6 -3 -4 -1 -45062
-21 8 -14 6 -55234
-6 16 -2 20 -50888
-22 1 -24 -3 -41580
-16 -6 -21 -4 -49922
-6 12 -12 11 -47586
19 -17 17 -23 -55038
-2 -15 -3 -9 -53572
5 -21 8 -21 -51580
-12 -18 -3 -23 -59410
12 21 14 23 -41096
-24 4 -17 7 -42158
-9 7 -16 5 -48840
23 1 21 -5 -50552
3 -5 -1 -2 -48846
4 -1 8 1 -46168
23 -11 18 -5 -48310
13 22 7 19 -52768
9 3 13 0 -47464
11 21 13 17 -51592
-23 -20 5 -23 -55874
-24 5 -16 1 -53480
-24 -21 -24 -18 -33786
-15 -4 -12 -1 -47426
22 17 19 20 -44836
-21 19 -15 17 -48620
18 -2 17 -5 -47558
16 5 14 5 -44336
-7 3 -6 1 -52354
-2 19 -1 22 -45352
1 10 1 10 -166418
-24 13 -15 10 -54346
-1 -4 0 -1 -43146
15 16 20 16 -53932
-14 -21 -20 -19 -49560
15 7 22 10 -49514
1 -11 2 -10 -44994
5 -3 4 -4 -45368
-19 13 -8 14 -52840
23 -10 18 -9 -38228
19 -2 23 -5 -47476
21 -23 -5 -24 -49976
10 13 10 8 -46944
-10 -15 -1 -18 -56894
0 10 -3 9 -45438
-12 -13 -12 -17 -50286
4 11 7 15 -45570
2 5 -3 6 -43546
-16 11 -8 9 -47440
-2 -22 -6 -24 -48242
-4 4 -11 5 -47122
14 -22 18 -19 -53256
8 -22 16 -24 -44624
-15 -11 -20 -13 -46064
14 -5 14 3 -49934
8 -10 7 -9 -43542
16 -17 20 -18 -54840
-9 -6 -7 -7 -41832
5 -16 6 -13 -46978
13 -11 10 -15 -52166
9 -14 12 -9 -52304
13 -4 22 -1 -50958
-22 20 -18 16 -48690
0 17 -4 17 -42736
2 -6 2 -14 -51894
3 -1 2 -1 -40542
-3 -16 5 -15 -52552
-9 7 -4 8 -50942
22 20 20 23 -42752
4 -20 -24 -4 -64552
16 16 12 12 -47030
23 -15 17 -16 -47766
-21 -16 -14 -16 -50754
-22 -15 -19 -9 -43550
4 -22 2 -13 -52188
23 5 21 3 -33548
-7 21 -18 19 -51574
-3 -21 -4 -16 -53382
17 0 17 4 -47704
-7 1 -6 2 -44234
14 6 10 4 -44296
-3 -10 4 -8 -52822
-24 -12 -21 -16 -38194
22 0 23 -7 -53554
7 -5 3 -8 -47232
18 -20 11 -17 -54594
11 18 9 13 -45696
4 -18 23 -24 -54594
-19 4 -15 5 -49688
-10 17 -6 12 -52220
-22 5 -14 4 -56214
8 6 5 7 -53766
13 -22 22 -21 -55410
