-12 -13 -12 -10 -47555
-3 17 5 15 -53037
8 -3 17 -3 -54071
23 19 17 21 -42493
23 2 15 2 -51467
-24 -5 -17 -10 -47665
23 3 24 1 -34365
-24 -15 -18 -18 -50761
12 10 10 14 -50185
6 3 8 -4 -52559
11 -20 6 -23 -49885
10 -3 17 -3 -50647
-6 9 -5 5 -51177
-16 -7 -17 -1 -46467
-5 -4 -6 -3 -48297
-11 1 -4 -2 -48977
20 -17 19 -24 -51743
-25 -15 -23 -14 -20239
-20 16 -25 21 -45439
18 10 -7 4 -60337
-9 25 -6 24 -31609
-11 2 -14 -1 -47845
25 25 24 22 -11495
-14 -17 -11 -13 -51497
-25 -11 -25 -8 -37819
9 19 6 18 -47725
-20 16 -18 17 -38791
-1 5 3 5 -44353
17 17 17 19 -42829
13 -21 13 -18 -48617
1 -12 2 -12 -38587
25 -24 21 -22 -9525
13 -8 7 -8 -48695
-6 -10 -6 -9 -44493
-11 -12 -19 -6 -59929
20 18 20 14 -39075
4 13 0 11 -47915
-15 -24 -14 -25 -25551
12 5 4 5 -53433
-2 -17 0 -25 -47503
-20 -5 -20 -4 -42433
3 22 1 17 -52063
6 22 8 16 -51301
13 4 6 3 -52659
-2 20 23 22 -52079
17 20 21 15 -50191
-2 -17 -3 -12 -49415
23 -23 14 -24 -37961
-18 -4 -16 -3 -47495
12 -3 12 -5 -43439
-23 24 -25 24 -11329
-2 -6 0 -9 -47955
2 -25 2 -23 -25039
22 -19 22 -20 -43191
-2 -6 -3 -10 -52679
11 -24 17 -23 -41389
1 -23 0 -24 -33973
-4 -17 0 -15 -51575
-24 19 -24 15 -41713
3 23 -8 6 -68227
-13 25 -10 17 -39537
-11 -24 -10 -25 -24517
-20 19 -20 22 -35767
-25 10 -25 24 -44165
-23 -1 -24 5 -42557
19 -22 17 -19 -44259
23 -19 4 8 -63793
2 -9 -7 -8 -49757
-17 -20 -7 -17 -49877
-2 -2 -5 -1 -43475
25 2 23 2 -13519
4 -25 10 -25 -48207
-4 10 1 12 -55271
-24 24 -14 25 -37959
-5 -13 -4 -14 -42563
-4 12 -4 13 -37665
-25 14 -24 13 -28271
-4 23 -2 20 -37607
11 -20 12 -18 -50839
-24 -4 -25 -4 -11041
17 -25 15 -23 -34263
-16 15 -12 17 -43625
21 5 17 3 -52507
-8 25 -8 23 -20997
0 23 -17 23 -49369
-10 1 -10 -3 -43361
7 -18 -1 -17 -47023
-4 -7 -1 -3 -50883
8 -14 9 -14 -45545
14 20 11 25 -38987
-1 19 0 24 -46389
19 -15 21 -18 -47409
20 -8 20 -10 -33129
16 6 13 4 -48897
18 23 9 22 -48243
-13 0 -12 6 -49835
15 -16 17 -16 -48773
-13 -23 -13 -21 -47409
-6 20 -10 20 -48735
-1 23 13 22 -51295
-3 -19 -2 -16 -47363
-13 -12 -7 -15 -48893
-11 7 -11 9 -41309
8 18 3 23 -49317
23 -3 22 21 -49993
-7 17 -7 14 -44777
25 -3 25 -6 -35521
23 -17 23 -20 -46889
-7 -12 -8 -14 -44697
8 -10 12 -10 -46779
23 -19 24 -17 -36967
-13 -10 -14 -13 -47217
-18 -24 -25 -23 -29013
6 -24 5 -24 -48621
-24 25 -25 20 -20387
17 -20 19 -20 -43683
-3 22 3 20 -46161
-20 12 -24 9 -39725
7 19 11 21 -44137
-24 -9 -25 0 -45657
1 3 -5 1 -51113
7 -22 7 -23 -27997
-9 23 -9 15 -45401
23 -3 14 1 -56169
-5 3 -5 1 -46627
-9 -13 -9 -11 -45829
-18 -20 -18 -17 -45351
-16 20 -16 19 -35829
-24 -18 -22 -24 -42241
-24 19 -21 19 -29663
12 -13 -9 20 -67675
0 17 0 10 -49307
-19 -15 -19 -18 -45725
13 -14 14 -14 -36153
18 23 22 20 -44475
-19 -23 10 -24 -50719
-19 11 -18 13 -40303
9 23 -9 23 -51555
16 19 16 23 -41401
-10 -19 -10 -14 -48283
-24 16 -23 17 -30691
12 16 13 13 -44623
-20 -15 -20 -13 -43253
21 25 24 23 -23421
10 -7 10 -8 -43273
14 -1 11 1 -46503
-13 13 -7 16 -46903
7 19 6 19 -43793
12 24 12 22 -30069
-13 -23 -11 -23 -28077
-9 -14 0 -12 -52151
-18 23 -17 25 -23663
-22 -5 -23 -1 -43727
2 1 2 0 -37049
8 -4 12 -4 -45373
23 -14 16 -15 -51617
-6 -4 -5 -5 -49079
15 -24 -1 15 -66059
10 3 10 2 -38537
-5 -22 -4 -25 -30587
16 4 17 3 -49553
-12 -19 -14 -16 -46045
4 9 -3 12 -53647
24 15 25 13 -22715
-6 21 -2 25 -43551
7 -21 3 -24 -51189
-16 -22 -16 -20 -45491
3 -24 5 -24 -41979
21 -3 20 1 -50405
8 20 11 17 -49509
8 4 9 6 -46749
11 22 15 21 -44083
-23 -19 -23 -20 -43645
12 -25 10 -24 -29057
24 -11 25 -10 -16671
15 18 20 21 -48741
20 8 23 12 -43439
-8 18 -6 19 -44507
6 13 12 15 -49889
2 16 -2 18 -46865
16 -11 15 -7 -42889
20 -2 22 -3 -43877
24 -21 19 -25 -30249
16 -16 15 -15 -44197
-25 -24 -23 -22 -23327
1 25 5 25 -29333
-9 -13 -10 -13 -37741
24 -13 23 -12 -30311
13 21 15 16 -51731
-17 23 -13 22 -32849
-2 4 -2 3 -43597
-1 -6 1 -6 -39099
-22 2 -23 0 -41737
-15 -1 -15 2 -44419
21 -3 21 -4 -48797
13 22 22 22 -42431
4 11 8 12 -47377
14 15 19 15 -43737
-7 -5 -10 -8 -44607
3 23 4 25 -26301
25 -4 25 4 -44939
-21 6 -21 1 -47587
-9 -18 -7 -17 -42855
-4 14 -5 17 -44669
25 -22 24 -19 -28757
24 6 24 8 -27051
-21 11 -22 11 -34025
18 -25 19 -23 -28043
18 -1 20 0 -45369
-7 -20 -6 -22 -44159
9 22 10 23 -33161
-19 -18 -22 -16 -50795
-5 -19 -2 -18 -47515
-24 -11 -24 -6 -44689
-15 19 -11 15 -45289
21 24 -23 23 -46011
5 -10 1 -7 -47733
-24 -18 -21 -10 -45625
19 4 19 7 -41889
25 19 23 17 -19335
22 10 24 13 -35843
-24 3 3 3 -53939
6 -14 9 -13 -47421
25 21 22 20 -12241
-4 -21 2 -24 -39037
-1 8 0 11 -51947
-7 9 1 11 -60713
25 -17 24 -15 -30919
19 -15 22 -16 -41253
-21 -25 -19 -23 -37111
6 8 6 10 -46967
0 -13 -2 -12 -44543
5 8 2 10 -49567
9 -17 11 -19 -45611
0 23 1 24 -32843
-11 13 -13 8 -52949
10 23 -14 23 -50487
25 -9 25 -25 -43881
17 8 19 7 -43899
-3 -24 -14 -21 -48655
11 -3 12 -2 -45645
-16 -14 -10 -13 -50035
-19 9 -18 8 -45673
8 -16 8 -13 -41293
-25 13 -25 11 -30321
15 -16 15 -18 -45257
2 -22 6 -21 -51579
3 -8 5 -12 -49059
-16 17 -11 15 -42051
-7 11 -5 11 -44077
-25 2 -25 -6 -40817
-25 -23 -25 -25 -17247
0 13 3 13 -44859
-8 25 -11 23 -29587
10 8 11 4 -46525
-19 11 -22 13 -44199
-24 13 -20 4 -51959
3 4 0 6 -51243
2 21 3 21 -37957
1 8 1 3 -51581
-1 -12 0 -11 -46373
-19 -24 -16 -22 -43963
-20 4 -18 9 -52615
-2 -23 -11 -24 -46389
11 12 3 13 -53619
13 -17 12 -20 -54175
17 3 17 4 -48817
4 22 11 22 -46743
2 -14 0 -17 -50047
10 -17 7 -16 -49391
-9 -8 -15 -10 -48955
-16 -20 -24 -23 -51433
11 -3 12 0 -45863
5 -24 3 -17 -46657
9 -24 8 -14 -53427
-21 -10 -19 -4 -48437
0 -19 -5 -23 -51689
-7 -5 -6 -3 -46561
6 -22 -7 -23 -51361
-22 -2 -18 -2 -43133
-20 -10 -23 -11 -32415
-19 0 -17 3 -52427
16 3 23 4 -51857
14 -4 14 -11 -48923
-4 3 -2 -2 -53689
7 1 10 -4 -53409
13 6 5 23 -68261
-18 13 -17 11 -49151
-4 -7 -6 -9 -47373
20 13 21 15 -41507
-19 -7 -12 -6 -53393
6 -18 10 -20 -52195
-21 -14 -18 -17 -52737
11 12 9 11 -40691
-23 -24 22 -21 -52577
7 8 6 2 -52445
-21 -20 -19 -19 -44505
-14 9 -12 12 -47683
-15 1 -12 1 -40931
-14 14 -14 8 -49963
23 -1 23 -3 -48699
-7 5 -5 7 -49301
6 10 9 8 -52355
-14 -4 -12 -5 -41299
14 19 16 20 -45407
18 7 12 10 -53277
-19 -4 -17 -5 -43721
-1 8 -4 11 -48859
-12 -16 -19 -17 -45331
21 10 18 10 -39145
18 -16 16 -16 -50199
17 6 17 9 -38353
9 -2 11 -5 -48307
-21 -5 -22 -16 -51957
23 8 18 12 -39273
-20 21 -21 23 -27823
-23 23 -11 23 -49207
2 17 6 21 -52721
-23 21 -19 22 -35619
-8 18 -9 18 -41829
1 -1 2 -4 -45973
-22 -21 -23 -22 -36443
18 -22 6 -24 -52149
-9 11 -17 11 -42819
-20 15 -13 13 -48299
6 -13 7 -14 -39129
-5 -11 -6 -8 -49905
19 4 16 1 -52953
-7 19 -5 18 -44287
16 9 13 10 -45505
18 14 18 8 -45503
19 -24 14 -21 -50131
-24 -12 20 -12 -55003
5 -16 3 -20 -51019
-3 7 -5 7 -44543
-17 -4 -19 -6 -47721
-22 12 -24 3 -49213
2 16 1 13 -44663
-9 -11 -17 -10 -53321
-13 12 -12 20 -50755
7 -23 3 -21 -46131
1 -8 4 -3 -50411
-10 -24 -5 -18 -47549
21 -17 21 -10 -49611
-8 4 -8 7 -45403
-15 4 -16 6 -39421
19 -9 15 -8 -44459
-16 -18 -18 -22 -50831
17 -18 9 -17 -49373
13 -13 17 -9 -47443
1 12 3 8 -52893
-18 10 -19 12 -48773
2 -23 -7 -22 -48629
19 4 21 1 -45501
-14 -24 -13 -19 -50133
-15 -4 -11 -4 -43811
-4 23 -13 23 -46827
5 -3 -2 -3 -44173
-1 -13 2 -16 -47255
18 -6 17 -3 -49775
19 22 17 20 -35883
3 23 23 22 -50983
-4 20 -9 22 -50307
18 -18 20 -15 -49491
23 -13 20 -8 -43899
-6 -4 -3 -7 -49951
20 -7 11 -7 -48841
1 -13 -2 -14 -50909
-22 0 -17 -2 -45755
-6 22 0 22 -41659
-24 19 -23 13 -47107
-9 22 -24 23 -50667
0 6 5 8 -48211
-24 -24 2 -24 -49681
-21 -18 -14 -22 -50413
13 -21 20 -24 -50835
3 10 4 6 -55041
-18 20 -17 21 -42167
-1 12 -3 6 -55973
-16 -9 -21 -9 -45273
-22 18 -20 13 -48167
-6 21 -4 22 -44187
-8 -20 -7 -23 -44377
-15 4 -16 2 -48211
16 15 20 16 -45625
19 -12 23 -15 -46611
-24 -2 -17 0 -46187
17 5 19 3 -49485
9 18 16 18 -45257
17 -15 11 -11 -46275
16 10 9 13 -52173
-24 -11 -21 -21 -50975
-16 19 -18 17 -44407
-4 -2 1 0 -47857
23 -11 23 -17 -45015
9 17 4 18 -51765
-19 -6 -15 -8 -50659
-13 -9 -13 -6 -38261
-23 14 -18 14 -42443
10 -9 11 -5 -49035
10 -17 8 -18 -48199
-15 -11 -17 -7 -46873
-12 -15 -11 -16 -42639
-14 -23 -14 -21 -47839
-24 -2 -23 -13 -52723
14 2 10 6 -54753
1 2 -2 5 -53069
-11 7 -9 2 -50153
-19 21 -9 22 -43649
-8 9 -5 10 -53141
-4 -23 -7 -24 -41039
2 20 -2 23 -42103
-18 -4 -19 3 -49133
-17 7 -17 8 -43215
-24 1 -22 6 -44443
-10 -15 -16 -12 -54325
-18 4 -12 3 -46851
-20 2 -23 4 -34501
-23 14 -24 14 -26533
-6 -3 -4 -1 -45553
-21 8 -14 6 -50081
-6 16 -2 20 -50575
-22 1 -24 -3 -40889
-22 -23 -20 -20 -49165
-6 12 -12 11 -46993
19 -17 17 -23 -54255
-2 -15 -3 -9 -50983
5 -21 8 -21 -52163
19 22 11 22 -50369
12 21 14 23 -39965
-24 4 -17 7 -47197
-9 7 -16 5 -43141
23 1 21 -5 -51705
3 -5 -1 -2 -46551
4 -1 8 1 -42127
23 -11 18 -5 -48727
16 4 -2 20 -68797
9 3 13 0 -51751
11 21 13 17 -52021
13 8 12 8 -40315
-7 2 -13 5 -46547
-24 -21 -24 -18 -45497
-15 -4 -12 -1 -48065
22 17 19 20 -43561
-21 19 -15 17 -47053
18 -2 17 -5 -46839
16 5 14 5 -42513
-7 3 -6 1 -51617
-2 19 -1 22 -47145
20 13 20 12 -38569
-1 -24 -21 -24 -51165
-1 -4 0 -1 -46585
20 -4 12 -2 -52811
-14 -21 -20 -19 -46785
15 7 22 10 -48335
1 -11 2 -10 -41025
5 -3 4 -4 -42467
11 -23 6 -23 -49135
23 -10 18 -9 -37163
19 -2 23 -5 -49629
21 -23 -5 -24 -48499
10 13 10 8 -46801
-10 -15 -1 -18 -50109
0 10 -3 9 -52665
-12 -13 -12 -17 -49861
4 11 7 15 -46613
2 5 -3 6 -51377
-18 9 -16 6 -51579
-2 -22 -6 -24 -46105
-4 4 -11 5 -49963
14 -22 18 -19 -50597
8 -22 16 -24 -44451
-15 -11 -20 -13 -45529
5 -6 9 -9 -50501
8 -10 7 -9 -43195
-1 -9 -7 10 -67289
-9 -6 -7 -7 -36761
5 -16 6 -13 -46819
13 -11 10 -15 -48971
9 -14 12 -9 -49571
13 -4 22 -1 -51213
-22 20 -18 16 -49053
0 17 -4 17 -42553
2 -6 2 -14 -51947
3 -1 2 -1 -34737
-3 -16 5 -15 -52033
-9 7 -4 8 -54439
22 20 20 23 -40945
19 -4 23 -2 -39205
16 16 12 12 -43673
23 -15 17 -16 -49305
-20 -24 -14 -23 -40723
-22 -15 -19 -9 -48691
4 -22 2 -13 -53547
23 5 21 3 -34773
-1 -14 -1 -21 -53901
-3 -21 -4 -16 -51183
17 0 17 4 -49193
-7 1 -6 2 -42403
14 6 10 4 -49405
-23 4 -24 10 -42981
-24 -12 -21 -16 -39097
22 0 23 -7 -54219
7 -5 3 -8 -44453
19 -13 18 -16 -45683
11 18 9 13 -44959
17 10 23 13 -48519
-19 4 -15 5 -52089
-10 17 -6 12 -49159
6 7 8 6 -50151
8 6 5 7 -51097
-16 3 -18 3 -44893
