-12 -13 -12 -10 -46303
-3 17 5 15 -52277
8 -3 17 -3 -54001
23 19 17 21 -40197
23 2 15 2 -49995
-24 -5 -17 -10 -47487
23 3 24 1 -33171
-24 -15 -18 -18 -51415
12 10 10 14 -47329
6 3 8 -4 -50907
11 -20 6 -23 -47545
10 -3 17 -3 -51817
-6 9 -5 5 -49871
-16 -7 -17 -1 -48071
-5 -4 -6 -3 -48009
-11 1 -4 -2 -49505
20 -17 19 -24 -42709
-25 -15 -23 -14 -23717
-20 16 -25 21 -41601
10 14 12 15 -45855
-9 25 -6 24 -31651
-11 2 -14 -1 -48791
25 25 24 22 -11941
-14 -17 -11 -13 -52265
-25 -11 -25 -8 -39543
9 19 6 18 -48061
-20 16 -18 17 -38275
-1 5 3 5 -46253
17 17 17 19 -39761
13 -21 13 -18 -45055
1 -12 2 -12 -44061
25 -24 21 -22 -9709
13 -8 7 -8 -46653
-6 -10 -6 -9 -40241
8 7 14 7 -50683
20 18 20 14 -36233
4 13 0 11 -46735
-15 -24 -14 -25 -27271
8 15 9 16 -45967
-2 -17 0 -25 -45609
-20 -5 -20 -4 -42581
8 -10 -1 -10 -51723
6 22 8 16 -46925
13 4 6 3 -48187
8 -24 -20 -18 -63017
-15 -24 -19 -5 -62557
-2 -17 -3 -12 -46695
23 -23 14 -24 -35903
-18 -4 -16 -3 -46851
12 -3 12 -5 -44101
-23 24 -25 24 -12539
-2 -6 0 -9 -43965
2 -25 2 -23 -23893
22 -19 22 -20 -40207
-14 10 8 -13 -66789
11 -24 17 -23 -38921
1 -23 0 -24 -34669
-4 -17 0 -15 -45897
-24 19 -24 15 -40397
-22 -14 -24 -18 -42885
-13 25 -10 17 -38863
-11 -24 -10 -25 -26863
-20 19 -20 22 -34729
-25 10 -25 24 -43855
-23 -1 -24 5 -43135
19 -22 17 -19 -39635
22 -10 20 -15 -42313
2 -9 -7 -8 -48221
-17 -20 -7 -17 -53201
-2 -2 -5 -1 -43549
25 2 23 2 -13045
4 -25 10 -25 -45757
-4 10 1 12 -50367
-24 24 -14 25 -36169
-5 -13 -4 -14 -39649
-4 12 -4 13 -38075
-25 14 -24 13 -29227
-4 23 -2 20 -40733
11 -20 12 -18 -49175
-24 -4 -25 -4 -10803
17 -25 15 -23 -26859
-16 15 -12 17 -44905
21 5 17 3 -52557
-8 25 -8 23 -21539
0 23 -17 23 -48769
-10 1 -10 -3 -43399
7 -18 -1 -17 -47943
-4 -7 -1 -3 -49147
8 -14 9 -14 -42537
14 20 11 25 -38575
-1 19 0 24 -47317
19 -15 21 -18 -44497
20 -8 20 -10 -34643
16 6 13 4 -50633
18 23 9 22 -48223
-13 0 -12 6 -51483
15 -16 17 -16 -46219
-13 -23 -13 -21 -48065
-6 20 -10 20 -49525
-1 23 13 22 -49837
-3 -19 -2 -16 -45777
-13 -12 -7 -15 -48751
-11 7 -11 9 -42195
8 18 3 23 -46171
23 -3 22 21 -47463
-7 17 -7 14 -44743
25 -3 25 -6 -35801
23 -17 23 -20 -44799
-7 -12 -8 -14 -43835
8 -10 12 -10 -43831
23 -19 24 -17 -35273
-13 -10 -14 -13 -47409
-18 -24 -25 -23 -31145
6 -24 5 -24 -46711
-24 25 -25 20 -20259
17 -20 19 -20 -40643
-3 22 3 20 -47039
-20 12 -24 9 -40131
7 19 11 21 -48859
-24 -9 -25 0 -46239
1 3 -5 1 -52177
7 -22 7 -23 -26503
-9 23 -9 15 -45139
-6 13 -2 9 -51727
-5 3 -5 1 -45863
-9 -13 -9 -11 -43801
-18 -20 -18 -17 -47247
-16 20 -16 19 -35201
-24 -18 -22 -24 -43211
-24 19 -21 19 -30657
-1 -24 7 -24 -48231
0 17 0 10 -48691
-19 -15 -19 -18 -48039
13 -14 14 -14 -34859
18 23 22 20 -42187
13 0 16 -3 -47217
-19 11 -18 13 -42009
9 23 -9 23 -50769
16 19 16 23 -40645
-10 -19 -10 -14 -50345
-24 16 -23 17 -30237
12 16 13 13 -42145
-20 -15 -20 -13 -45129
21 25 24 23 -22205
10 -7 10 -8 -43469
14 -1 11 1 -46625
-13 13 -7 16 -48879
7 19 6 19 -42655
12 24 12 22 -30253
-13 -23 -11 -23 -29959
-23 8 -24 16 -43955
-18 23 -17 25 -22753
-22 -5 -23 -1 -44417
2 1 2 0 -35359
8 -4 12 -4 -44121
23 -14 16 -15 -52479
-6 -4 -5 -5 -48635
-1 -13 5 -14 -52461
10 3 10 2 -36563
-5 -22 -4 -25 -30769
16 4 17 3 -48557
-12 -19 -14 -16 -49345
4 9 -3 12 -52275
24 15 25 13 -22825
-6 21 -2 25 -43517
7 -21 3 -24 -47603
-16 -22 -16 -20 -47515
3 -24 5 -24 -42607
21 -3 20 1 -48853
8 20 11 17 -47485
8 4 9 6 -45877
11 22 15 21 -44415
-23 -19 -23 -20 -44059
12 -25 10 -24 -27139
24 -11 25 -10 -16987
15 18 20 21 -48191
20 8 23 12 -44125
-8 18 -6 19 -45299
-18 -19 -10 -20 -48775
2 16 -2 18 -47061
16 -11 15 -7 -42621
20 -2 22 -3 -41405
24 -21 19 -25 -27915
16 -16 15 -15 -42813
-25 -24 -23 -22 -22835
1 25 5 25 -28949
-9 -13 -10 -13 -39791
24 -13 23 -12 -29163
13 21 15 16 -48995
-17 23 -13 22 -32271
-2 4 -2 3 -42053
-1 -6 1 -6 -40685
-22 2 -23 0 -42895
-15 -1 -15 2 -42733
21 -3 21 -4 -49199
13 22 22 22 -39993
4 11 8 12 -45291
14 15 19 15 -46335
-7 -5 -10 -8 -43731
3 23 4 25 -26439
25 -4 25 4 -44155
-21 6 -21 1 -47581
-9 -18 -7 -17 -49147
-4 14 -5 17 -46669
25 -22 24 -19 -28203
24 6 24 8 -28291
-21 11 -22 11 -32681
18 -25 19 -23 -24651
18 -1 20 0 -45167
-7 -20 -6 -22 -45633
9 22 10 23 -36283
-19 -18 -22 -16 -51775
-5 -19 -2 -18 -43699
-24 -11 -24 -6 -45691
-15 19 -11 15 -45053
21 24 -23 23 -44525
5 -10 1 -7 -49939
-24 -18 -21 -10 -50819
19 4 19 7 -41665
25 19 23 17 -17781
22 10 24 13 -35057
14 -12 22 -4 -54787
6 -14 9 -13 -47603
25 21 22 20 -11621
-4 -21 2 -24 -39921
-1 8 0 11 -48625
18 -20 -24 -15 -59537
25 -17 24 -15 -28711
19 -15 22 -16 -40675
-21 -25 -19 -23 -36279
6 8 6 10 -44743
0 -13 -2 -12 -43255
5 8 2 10 -45475
9 -17 11 -19 -40089
0 23 1 24 -31529
-11 13 -13 8 -52959
10 23 -14 23 -50803
25 -9 25 -25 -42821
17 8 19 7 -45221
-3 -24 -14 -21 -53509
11 -3 12 -2 -44907
-16 -14 -10 -13 -48403
-19 9 -18 8 -44167
8 -16 8 -13 -43201
-25 13 -25 11 -33739
15 -16 15 -18 -41547
-3 14 -6 15 -45327
3 -8 5 -12 -48753
-16 17 -11 15 -43687
-7 11 -5 11 -43083
-25 2 -25 -6 -41907
-25 -23 -25 -25 -17991
0 13 3 13 -43621
-8 25 -11 23 -31311
10 8 11 4 -45915
-19 11 -22 13 -42027
18 6 14 10 -48775
3 4 0 6 -50391
2 21 3 21 -36617
1 8 1 3 -47849
-1 -12 0 -11 -43495
-19 -24 -16 -22 -44231
-20 4 -18 9 -51525
-2 -23 -11 -24 -49903
11 12 3 13 -49215
13 -17 12 -20 -51383
17 3 17 4 -47575
4 22 11 22 -46809
2 -14 0 -17 -47773
10 -17 7 -16 -43735
-9 -8 -15 -10 -48107
-16 -20 -24 -23 -52257
11 -3 12 0 -46197
5 -24 3 -17 -42449
9 -24 8 -14 -49941
-21 -10 -19 -4 -49961
22 -24 -12 -16 -53463
-7 -5 -6 -3 -44999
6 -22 -7 -23 -57379
-22 -2 -18 -2 -43467
-20 -10 -23 -11 -33741
23 -24 14 -20 -39815
16 3 23 4 -51131
14 -4 14 -11 -49941
-4 3 -2 -2 -52335
7 1 10 -4 -52101
16 10 21 11 -52905
-18 13 -17 11 -48393
-4 -7 -6 -9 -42745
20 13 21 15 -40955
-19 -7 -12 -6 -52045
7 0 -1 2 -47955
-21 -14 -18 -17 -53143
11 12 9 11 -43663
-17 21 -22 22 -38419
7 8 6 2 -52121
-21 -20 -19 -19 -45773
-14 9 -12 12 -49013
-15 1 -12 1 -42209
-14 14 -14 8 -48673
23 -1 23 -3 -48035
-7 5 -5 7 -45237
6 10 9 8 -47903
-14 -4 -12 -5 -40611
14 19 16 20 -46211
-15 -3 -18 1 -49811
-19 -4 -17 -5 -44589
-1 8 -4 11 -49685
-12 -16 -19 -17 -47013
21 10 18 10 -44383
18 -16 16 -16 -47619
17 6 17 9 -39025
9 -2 11 -5 -48979
-21 -5 -22 -16 -54673
23 8 18 12 -40161
-20 21 -21 23 -28027
-23 23 -11 23 -44239
2 17 6 21 -47475
-23 21 -19 22 -36229
-8 18 -9 18 -43825
1 -1 2 -4 -46203
-22 -21 -23 -22 -37237
18 -22 6 -24 -49657
-9 11 -17 11 -44583
-20 15 -13 13 -49051
6 -13 7 -14 -37757
-5 -11 -6 -8 -46027
19 4 16 1 -52357
-7 19 -5 18 -45053
16 9 13 10 -44901
18 14 18 8 -44865
-4 -24 -13 -13 -62541
-19 19 -14 18 -43977
5 -16 3 -20 -48239
-3 7 -5 7 -40409
-17 -4 -19 -6 -48867
-22 12 -24 3 -47483
2 16 1 13 -43057
-9 -11 -17 -10 -48725
-13 12 -12 20 -51455
7 -23 3 -21 -44657
1 -8 4 -3 -49997
-10 -24 -5 -18 -52393
-1 3 -2 3 -43289
-8 4 -8 7 -45105
-15 4 -16 6 -40943
19 -9 15 -8 -43259
-16 -18 -18 -22 -51463
17 -18 9 -17 -47699
13 -13 17 -9 -47405
1 12 3 8 -48325
-18 10 -19 12 -47339
2 -23 -7 -22 -51251
19 4 21 1 -43953
-14 -24 -13 -19 -50523
-15 -4 -11 -4 -42779
-4 23 -13 23 -46917
5 -3 -2 -3 -48259
-1 -13 2 -16 -49937
18 -6 17 -3 -48991
19 22 17 20 -35755
3 23 23 22 -45931
-4 20 -9 22 -50587
18 -18 20 -15 -46993
23 -13 20 -8 -42401
-6 -4 -3 -7 -48651
20 -7 11 -7 -49341
1 -13 -2 -14 -47091
-22 0 -17 -2 -46327
-6 22 0 22 -41561
-24 19 -23 13 -46449
-24 -20 10 -23 -59615
0 6 5 8 -47669
-24 -24 2 -24 -52361
-21 -18 -14 -22 -55157
-14 9 -5 22 -63429
8 -16 9 -10 -46549
-18 20 -17 21 -42309
-1 12 -3 6 -51443
-16 -9 -21 -9 -45519
-22 18 -20 13 -45999
-6 21 -4 22 -43589
-8 -20 -7 -23 -45765
-15 4 -16 2 -46821
16 15 20 16 -47939
19 -12 23 -15 -45387
-24 -2 -17 0 -45631
17 5 19 3 -49035
9 18 16 18 -48737
17 -15 11 -11 -45813
16 10 9 13 -52611
-24 -11 -21 -21 -53029
-16 19 -18 17 -44927
-4 -2 1 0 -49161
23 -11 23 -17 -41963
9 17 4 18 -49579
-19 -6 -15 -8 -48559
-13 -9 -13 -6 -38329
-23 14 -18 14 -40653
10 -9 11 -5 -48757
10 -17 8 -18 -47375
-15 -11 -17 -7 -44551
-12 -15 -11 -16 -43515
-14 -23 -14 -21 -48803
-24 -2 -23 -13 -54499
8 20 13 21 -46819
1 2 -2 5 -53403
-11 7 -9 2 -50513
-19 21 -9 22 -42109
-8 9 -5 10 -47041
-4 -23 -7 -24 -43341
2 20 -2 23 -44663
15 5 -22 0 -59005
-17 7 -17 8 -42481
-24 1 -22 6 -44329
-21 2 -21 -1 -44611
-18 4 -12 3 -48569
-20 2 -23 4 -34179
-23 14 -24 14 -25883
-6 -3 -4 -1 -46311
-21 8 -14 6 -48867
-6 16 -2 20 -48997
-22 1 -24 -3 -42267
-22 -23 -20 -20 -49129
-6 12 -12 11 -48319
20 13 -22 11 -54111
-10 -24 9 -2 -66335
5 -21 8 -21 -48045
19 22 11 22 -48477
12 21 14 23 -41057
-24 4 -17 7 -45027
-9 7 -16 5 -47139
23 1 21 -5 -52221
3 -5 -1 -2 -48303
4 -1 8 1 -42137
23 -11 18 -5 -47461
18 11 10 10 -49925
9 3 13 0 -47557
11 21 13 17 -49925
13 8 12 8 -44421
-7 2 -13 5 -46861
-24 -21 -24 -18 -45473
-15 -4 -12 -1 -47143
22 17 19 20 -38977
-7 6 -13 1 -53083
18 -2 17 -5 -47949
16 5 14 5 -43963
-7 3 -6 1 -50203
-2 19 -1 22 -44085
20 13 20 12 -38093
-1 -24 -21 -24 -53669
-1 -4 0 -1 -46563
20 -4 12 -2 -52181
-14 -21 -20 -19 -52097
15 7 22 10 -53357
1 -11 2 -10 -41367
5 -3 4 -4 -42671
11 -23 6 -23 -46393
23 -10 18 -9 -37275
19 -2 23 -5 -47829
21 -23 -5 -24 -48119
10 13 10 8 -46157
-10 -15 -1 -18 -50105
0 10 -3 9 -47335
-12 -13 -12 -17 -50503
4 11 7 15 -45617
2 5 -3 6 -52397
-18 9 -16 6 -50189
-2 -22 -6 -24 -46531
-24 -15 -9 7 -67049
14 -22 18 -19 -45171
8 -22 16 -24 -41343
-15 -11 -20 -13 -47145
5 -6 9 -9 -50259
8 -10 7 -9 -43035
-4 2 -11 2 -47071
-9 -6 -7 -7 -37243
5 -16 6 -13 -47631
13 -11 10 -15 -44955
-9 -24 5 -20 -61525
13 -4 22 -1 -51805
8 7 8 8 -44533
0 17 -4 17 -43339
2 -6 2 -14 -47863
3 -1 2 -1 -38611
-10 -20 -6 -18 -52135
-7 8 -11 10 -43205
22 20 20 23 -39305
19 -4 23 -2 -39513
16 16 12 12 -48691
23 -15 17 -16 -49795
-20 -24 -14 -23 -42645
-22 -15 -19 -9 -51007
-1 22 -1 23 -36663
23 5 21 3 -34423
-1 -14 -1 -21 -51327
-3 -21 -4 -16 -51465
17 0 17 4 -47889
-7 1 -6 2 -44911
14 6 10 4 -51605
-23 4 -24 10 -39039
-24 -12 -21 -16 -39339
22 0 23 -7 -53679
7 -5 3 -8 -45191
19 -13 18 -16 -44599
11 18 9 13 -49633
17 10 23 13 -52065
-19 4 -15 5 -51591
-10 17 -6 12 -51163
6 7 8 6 -47323
8 6 5 7 -47301
-16 3 -18 3 -45293
