-12 -13 -12 -10 -47655
18 4 21 5 -46559
-24 6 -19 2 -47971
23 19 17 21 -40279
23 2 15 2 -48769
-24 -5 -17 -10 -48549
23 3 24 1 -31933
-24 -15 -18 -18 -51353
12 10 10 14 -46749
6 3 8 -4 -51003
11 -20 6 -23 -47483
10 -3 17 -3 -45967
-6 9 -5 5 -49983
-16 -7 -17 -1 -51169
-5 -4 -6 -3 -47203
-11 1 -4 -2 -49659
20 -17 19 -24 -43621
-25 -15 -23 -14 -24297
-20 16 -25 21 -42879
10 14 12 15 -45143
-9 25 -6 24 -29753
-11 2 -14 -1 -47239
25 25 24 22 -11859
-14 -17 -11 -13 -51349
-25 -11 -25 -8 -35725
9 19 6 18 -46883
-20 16 -18 17 -41439
-1 5 3 5 -45737
17 17 17 19 -37309
13 -21 13 -18 -45137
1 -12 2 -12 -44327
25 -24 21 -22 -10305
13 -8 7 -8 -49245
-6 -10 -6 -9 -42071
8 7 14 7 -48713
20 18 20 14 -37825
4 13 0 11 -47053
-15 -24 -14 -25 -25071
8 15 9 16 -46413
-2 -17 0 -25 -45457
-20 -5 -20 -4 -43873
8 -10 -1 -10 -53251
6 22 8 16 -45535
13 4 6 3 -48463
16 21 19 23 -41563
-22 -10 -21 -7 -44953
-2 -17 -3 -12 -50091
23 -23 14 -24 -36255
-18 -4 -16 -3 -46505
12 -3 12 -5 -43141
-23 24 -25 24 -13515
-2 -6 0 -9 -45919
2 -25 2 -23 -24101
22 -19 22 -20 -40517
19 -17 -7 -13 -58433
11 -24 17 -23 -39281
1 -23 0 -24 -33267
-4 -17 0 -15 -45647
-24 19 -24 15 -43807
-22 -14 -24 -18 -43515
-13 25 -10 17 -40703
-11 -24 -10 -25 -24461
-20 19 -20 22 -36883
-25 10 -25 24 -46187
-23 -1 -24 5 -46525
19 -22 17 -19 -39487
22 -10 20 -15 -41263
2 -9 -7 -8 -48081
-17 -20 -7 -17 -49923
-2 -2 -5 -1 -41567
25 2 23 2 -13565
4 -25 10 -25 -44699
-4 10 1 12 -51069
-24 24 -14 25 -37903
-5 -13 -4 -14 -41939
-4 12 -4 13 -37245
-25 14 -24 13 -30217
-4 23 -2 20 -43479
11 -20 12 -18 -49213
-24 -4 -25 -4 -13221
17 -25 15 -23 -27015
-16 15 -12 17 -44299
-23 16 -21 20 -44567
-8 25 -8 23 -22523
0 23 -17 23 -49145
-10 1 -10 -3 -44157
7 -18 -1 -17 -49057
-4 -7 -1 -3 -50757
8 -14 9 -14 -43781
14 20 11 25 -38151
-1 19 0 24 -48677
19 -15 21 -18 -45267
20 -8 20 -10 -33071
16 6 13 4 -49231
18 23 9 22 -50011
-13 0 -12 6 -49555
15 -16 17 -16 -46551
-13 -23 -13 -21 -49745
-6 20 -10 20 -48843
-1 23 13 22 -50997
-3 -19 -2 -16 -44157
-13 -12 -7 -15 -46307
-11 7 -11 9 -42779
8 18 3 23 -48781
-16 -13 -17 -17 -50041
-7 17 -7 14 -43513
25 -3 25 -6 -31971
23 -17 23 -20 -45177
-7 -12 -8 -14 -44845
8 -10 12 -10 -44655
23 -19 24 -17 -35799
-13 -10 -14 -13 -47601
-18 -24 -25 -23 -30291
6 -24 5 -24 -45717
-24 25 -25 20 -22155
17 -20 19 -20 -39871
-3 22 3 20 -48837
-20 12 -24 9 -41217
7 19 11 21 -49027
-24 -9 -25 0 -44811
-11 -17 -10 19 -66985
7 -22 7 -23 -26647
-9 23 -9 15 -48825
-6 13 -2 9 -51847
-5 3 -5 1 -46761
-9 -13 -9 -11 -45349
-18 -20 -18 -17 -48377
-16 20 -16 19 -35347
-24 -18 -22 -24 -44517
-24 19 -21 19 -32537
-1 -24 7 -24 -45093
0 17 0 10 -47849
-19 -15 -19 -18 -49265
13 -14 14 -14 -35103
18 23 22 20 -41813
13 0 16 -3 -46801
-19 11 -18 13 -42789
9 23 -9 23 -52397
16 19 16 23 -41165
18 5 20 9 -46195
-24 16 -23 17 -34631
12 16 13 13 -41695
-20 -15 -20 -13 -45881
21 25 24 23 -22367
10 -7 10 -8 -42863
14 -1 11 1 -47065
-13 13 -7 16 -45225
7 19 6 19 -39507
12 24 12 22 -31723
-13 -23 -11 -23 -27539
-23 8 -24 16 -45095
-18 23 -17 25 -23967
-22 -5 -23 -1 -44701
2 1 2 0 -35491
8 -4 12 -4 -47567
23 -14 16 -15 -51483
-6 -4 -5 -5 -47871
-1 -13 5 -14 -53267
10 3 10 2 -36931
-5 -22 -4 -25 -30459
16 4 17 3 -48975
-12 -19 -14 -16 -45681
4 9 -3 12 -50359
24 15 25 13 -24331
-6 21 -2 25 -44489
7 -21 3 -24 -46317
-16 -22 -16 -20 -50493
3 -24 5 -24 -41491
21 -3 20 1 -47047
8 20 11 17 -44011
8 4 9 6 -46387
11 22 15 21 -43415
-23 -19 -23 -20 -46121
12 -25 10 -24 -27129
24 -11 25 -10 -16731
15 18 20 21 -53265
20 8 23 12 -45659
-8 18 -6 19 -45891
-18 -19 -10 -20 -46463
2 16 -2 18 -45077
16 -11 15 -7 -42203
20 -2 22 -3 -40403
24 -21 19 -25 -27849
16 -16 15 -15 -42567
-25 -24 -23 -22 -23727
1 25 5 25 -30699
-9 -13 -10 -13 -37773
24 -13 23 -12 -29347
-1 -16 -7 16 -67699
-17 23 -13 22 -33313
-2 4 -2 3 -42971
-1 -6 1 -6 -40965
-22 2 -23 0 -45799
-15 -1 -15 2 -43529
21 -3 21 -4 -45679
13 22 22 22 -42689
4 11 8 12 -45131
14 15 19 15 -44719
-7 -5 -10 -8 -45119
3 23 4 25 -27117
25 -4 25 4 -41787
-21 6 -21 1 -49575
-9 -18 -7 -17 -43437
-4 14 -5 17 -47157
25 -22 24 -19 -28969
24 6 24 8 -29903
-21 11 -22 11 -34391
18 -25 19 -23 -24801
18 -1 20 0 -44401
-7 -20 -6 -22 -45305
9 22 10 23 -36623
-19 -18 -22 -16 -50887
-5 -19 -2 -18 -46447
-24 -11 -24 -6 -41583
-15 19 -11 15 -45861
21 24 -23 23 -46789
5 -10 1 -7 -50739
-24 -18 -21 -10 -48967
19 4 19 7 -44899
25 19 23 17 -18171
22 10 24 13 -37027
11 20 -23 17 -56999
6 -14 9 -13 -48751
25 21 22 20 -12513
-4 -21 2 -24 -38217
-1 8 0 11 -45191
-11 -9 -16 -5 -53965
25 -17 24 -15 -29279
19 -15 22 -16 -41041
-21 -25 -19 -23 -37531
6 8 6 10 -45049
0 -13 -2 -12 -44779
5 8 2 10 -44905
9 -17 11 -19 -40197
0 23 1 24 -32671
-11 13 -13 8 -52989
10 23 -14 23 -52925
25 -9 25 -25 -42699
17 8 19 7 -46539
-3 11 -5 10 -45955
11 -3 12 -2 -44003
-16 -14 -10 -13 -47929
-19 9 -18 8 -46255
8 -16 8 -13 -45939
-25 13 -25 11 -33819
15 -16 15 -18 -41573
-3 14 -6 15 -46163
3 -8 5 -12 -50269
-16 17 -11 15 -44749
-7 11 -5 11 -43447
-25 2 -25 -6 -44049
-25 -23 -25 -25 -18227
0 13 3 13 -41659
-8 25 -11 23 -32655
10 8 11 4 -47643
-19 11 -22 13 -42739
18 6 14 10 -51639
3 4 0 6 -49649
2 21 3 21 -38163
1 8 1 3 -48901
-1 -12 0 -11 -44473
-19 -24 -16 -22 -45477
-20 4 -18 9 -51299
-2 -23 -11 -24 -48905
11 12 3 13 -46807
13 -17 12 -20 -51899
17 3 17 4 -48405
4 22 11 22 -46261
2 -14 0 -17 -48619
10 -17 7 -16 -44341
-9 -8 -15 -10 -49111
-16 -20 -24 -23 -52663
11 -3 12 0 -45013
5 -24 3 -17 -42883
9 -24 8 -14 -49925
-21 -10 -19 -4 -53065
22 -24 -12 -16 -52503
-7 -5 -6 -3 -47029
6 -22 -7 -23 -49711
-22 -2 -18 -2 -44117
-20 -10 -23 -11 -34217
23 -24 14 -20 -39959
16 3 23 4 -50275
14 -4 14 -11 -47821
-4 3 -2 -2 -52513
7 1 10 -4 -53073
16 10 21 11 -49147
-18 13 -17 11 -48369
-4 -7 -6 -9 -44797
20 13 21 15 -42345
-19 -7 -12 -6 -52821
7 0 -1 2 -47571
-21 -14 -18 -17 -53481
11 12 9 11 -43513
-17 21 -22 22 -39651
7 8 6 2 -53483
-21 -20 -19 -19 -46561
-14 9 -12 12 -49079
-15 1 -12 1 -41923
-14 14 -14 8 -49473
23 -1 23 -3 -44755
-7 5 -5 7 -44807
6 10 9 8 -46925
-14 -4 -12 -5 -45277
14 19 16 20 -47701
-15 -3 -18 1 -50609
-19 -4 -17 -5 -45279
-1 8 -4 11 -49671
-12 -16 -19 -17 -46491
21 10 18 10 -42847
18 -16 16 -16 -47433
17 6 17 9 -44347
9 -2 11 -5 -49671
-17 -12 -19 -3 -56941
23 8 18 12 -42283
-20 21 -21 23 -29207
-23 23 -11 23 -46097
2 17 6 21 -47577
-23 21 -19 22 -38269
-8 18 -9 18 -42949
1 -1 2 -4 -45769
-22 -21 -23 -22 -38799
18 -22 6 -24 -50579
-9 11 -17 11 -43857
-20 15 -13 13 -49739
6 -13 7 -14 -42437
-5 -11 -6 -8 -48027
19 4 16 1 -51059
-7 19 -5 18 -45619
16 9 13 10 -43183
18 14 18 8 -52093
14 23 22 -9 -60075
-19 19 -14 18 -45015
5 -16 3 -20 -48031
-3 7 -5 7 -41147
-17 -4 -19 -6 -49777
-22 12 -24 3 -48267
2 16 1 13 -43351
-9 -11 -17 -10 -50759
13 14 -24 -6 -64531
7 -23 3 -21 -45285
1 -8 4 -3 -50899
-10 -24 -5 -18 -47837
-1 3 -2 3 -39793
-8 4 -8 7 -44933
-15 4 -16 6 -40533
19 -9 15 -8 -42521
-16 -18 -18 -22 -54207
17 -18 9 -17 -48079
13 -13 17 -9 -46169
1 12 3 8 -46947
-18 10 -19 12 -48071
2 -23 -7 -22 -48693
19 4 21 1 -44031
-14 -24 -13 -19 -52279
-15 -4 -11 -4 -44787
-9 23 -16 -24 -63719
5 -3 -2 -3 -47937
-1 -13 2 -16 -51729
18 -6 17 -3 -47897
19 22 17 20 -43325
3 23 23 22 -46025
-4 20 -9 22 -50495
18 -18 20 -15 -47269
23 -13 20 -8 -42523
-6 -4 -3 -7 -48643
20 -7 11 -7 -47225
1 -13 -2 -14 -46769
-22 0 -17 -2 -46905
-6 22 0 22 -41093
-24 19 -23 13 -48897
23 23 22 2 -48603
0 6 5 8 -47797
-24 -24 2 -24 -46473
-21 -18 -14 -22 -51883
3 -13 7 -17 -50011
8 -16 9 -10 -47911
-18 20 -17 21 -43465
-14 22 -5 23 -45489
-16 -9 -21 -9 -46399
-22 18 -20 13 -46477
-6 21 -4 22 -44223
-8 -20 -7 -23 -44737
-15 4 -16 2 -46221
16 15 20 16 -48277
19 -12 23 -15 -45995
-24 -2 -17 0 -48695
17 5 19 3 -49577
9 18 16 18 -47125
17 -15 11 -11 -46083
-24 -3 -22 -1 -41147
-24 -11 -21 -21 -53243
-16 19 -18 17 -46141
-4 -2 1 0 -46119
23 -11 23 -17 -41955
1 -21 -22 22 -65931
-19 -6 -15 -8 -52249
-13 -9 -13 -6 -41395
-23 14 -18 14 -42567
10 -9 11 -5 -47657
10 -17 8 -18 -47419
-15 -11 -17 -7 -49391
-12 -15 -11 -16 -41345
-14 -23 -14 -21 -50629
-4 -1 22 1 -53601
8 20 13 21 -46981
1 2 -2 5 -52215
-11 7 -9 2 -50055
-19 21 -9 22 -44027
-8 9 -5 10 -47229
-4 -23 -7 -24 -43463
2 20 -2 23 -47257
6 18 0 21 -50701
-17 7 -17 8 -43141
-24 1 -22 6 -45673
-21 2 -21 -1 -46785
-18 4 -12 3 -47833
-20 2 -23 4 -42191
-23 14 -24 14 -27567
-6 -3 -4 -1 -46441
-21 8 -14 6 -50793
-6 16 -2 20 -51077
-22 1 -24 -3 -49333
-22 -23 -20 -20 -52427
-6 12 -12 11 -46067
-8 -20 -2 -19 -52609
18 10 17 15 -51799
5 -21 8 -21 -48297
19 22 11 22 -49941
12 21 14 23 -43513
-24 4 -17 7 -45419
-9 7 -16 5 -43933
23 1 21 -5 -49861
3 -5 -1 -2 -48101
4 -1 8 1 -44071
23 -11 18 -5 -47297
18 11 10 10 -47095
9 3 13 0 -49087
11 21 13 17 -44511
13 8 12 8 -41891
-7 2 -13 5 -45705
-24 -21 -24 -18 -46873
-15 -4 -12 -1 -46941
22 17 19 20 -38739
14 -4 6 -3 -54221
18 -2 17 -5 -46265
16 5 14 5 -43189
-7 3 -6 1 -50661
-2 19 -1 22 -46505
20 13 20 12 -43077
-1 -24 -21 -24 -48453
-1 -4 0 -1 -46811
20 -4 12 -2 -49707
-14 -21 -20 -19 -48791
-6 22 -6 17 -47167
1 -11 2 -10 -42607
5 -3 4 -4 -43695
11 -23 6 -23 -45495
23 -10 18 -9 -37201
19 -2 23 -5 -46027
21 -23 -5 -24 -47261
10 13 10 8 -47093
-10 -15 -1 -18 -51121
0 10 -3 9 -47187
-12 -13 -12 -17 -48401
4 11 7 15 -46731
2 5 -3 6 -49731
-18 9 -16 6 -51845
-2 -22 -6 -24 -46209
-1 -15 -2 -9 -50801
14 -22 18 -19 -45557
8 -22 16 -24 -41179
-15 -11 -20 -13 -46401
5 -6 9 -9 -51855
8 -10 7 -9 -44601
-4 2 -11 2 -44623
-9 -6 -7 -7 -36647
5 -16 6 -13 -49795
13 -11 10 -15 -46333
-10 -22 -5 -23 -42091
13 -4 22 -1 -50157
8 7 8 8 -44983
0 17 -4 17 -43169
2 -6 2 -14 -51553
3 -1 2 -1 -38849
-19 -19 -19 -24 -50753
-7 8 -11 10 -41115
22 20 20 23 -39213
19 -4 23 -2 -39193
16 16 12 12 -49387
23 -15 17 -16 -49003
-20 -24 -14 -23 -41171
-22 -15 -19 -9 -48831
-1 22 -1 23 -37897
23 5 21 3 -35303
-1 -14 -1 -21 -50905
-3 -21 -4 -16 -49945
17 0 17 4 -48403
-7 1 -6 2 -42305
14 6 10 4 -50711
-23 4 -24 10 -40261
-24 -12 -21 -16 -40143
-10 -10 6 13 -69807
7 -5 3 -8 -46573
19 -13 18 -16 -44387
11 18 9 13 -50003
17 10 23 13 -51075
-19 4 -15 5 -50365
-10 17 -6 12 -51103
6 7 8 6 -46479
8 6 5 7 -46495
-16 3 -18 3 -44317
