-12 -13 -12 -10 -50541
18 4 21 5 -47015
-24 6 -19 2 -48227
23 19 17 21 -41447
23 2 15 2 -49795
-24 -5 -17 -10 -45817
23 3 24 1 -34525
-24 -15 -18 -18 -46151
12 10 10 14 -45119
13 -19 -21 -5 -61305
11 -20 6 -23 -45677
10 -3 17 -3 -45457
-6 9 -5 5 -50055
-16 -7 -17 -1 -49161
-5 -4 -6 -3 -45917
-11 1 -4 -2 -48523
20 -17 19 -24 -43007
-25 -15 -23 -14 -25999
-20 16 -25 21 -45287
10 14 12 15 -47135
-9 25 -6 24 -31277
-11 2 -14 -1 -45931
25 25 24 22 -13025
17 -16 16 -14 -49683
-25 -11 -25 -8 -34399
9 19 6 18 -49709
-20 16 -18 17 -46469
-1 5 3 5 -43595
17 17 17 19 -40719
13 -21 13 -18 -45625
1 -12 2 -12 -36585
25 -24 21 -22 -10901
13 -8 7 -8 -48159
-6 -10 -6 -9 -45333
8 7 14 7 -51287
20 18 20 14 -38357
4 13 0 11 -46835
-15 -24 -14 -25 -24223
8 15 9 16 -43805
-2 -17 0 -25 -44227
-20 -5 -20 -4 -46237
4 18 3 15 -43523
6 22 8 16 -48237
13 4 6 3 -45819
16 21 19 23 -40633
-22 -10 -21 -7 -43719
-2 -17 -3 -12 -50547
23 -23 14 -24 -36387
-18 -4 -16 -3 -45587
12 -3 12 -5 -45017
-23 24 -25 24 -13347
-2 -6 0 -9 -46003
2 -25 2 -23 -24287
22 -19 22 -20 -40783
-24 -23 -19 -21 -42817
11 -24 17 -23 -38265
1 -23 0 -24 -34099
-4 -17 0 -15 -49057
-24 19 -24 15 -42897
-22 -14 -24 -18 -44283
-13 25 -10 17 -42563
-11 -24 -10 -25 -24153
-20 19 -20 22 -41813
-25 10 -25 24 -46823
-23 -1 -24 5 -45987
19 -22 17 -19 -39897
22 -10 20 -15 -42049
2 -9 -7 -8 -47807
7 18 17 18 -63533
-2 -2 -5 -1 -39551
25 2 23 2 -14053
4 -25 10 -25 -41895
-4 10 1 12 -50861
-24 24 -14 25 -37815
-5 -13 -4 -14 -43979
-4 12 -4 13 -38671
-25 14 -24 13 -29059
-4 23 -2 20 -41583
11 -20 12 -18 -48501
-24 -4 -25 -4 -13719
17 -25 15 -23 -27029
-16 15 -12 17 -46371
-23 16 -21 20 -48313
-8 25 -8 23 -23199
0 23 -17 23 -48477
-10 1 -10 -3 -41663
7 -18 -1 -17 -47693
-1 -9 2 -5 -49529
8 -14 9 -14 -42813
14 20 11 25 -39943
-1 19 0 24 -50019
19 -15 21 -18 -46631
20 -8 20 -10 -33429
16 6 13 4 -47959
18 23 9 22 -48797
-13 0 -12 6 -48959
15 -16 17 -16 -48933
-13 -23 -13 -21 -48905
-6 20 -10 20 -50317
-1 23 13 22 -51197
-3 -19 -2 -16 -46649
18 11 -14 10 -58399
-11 7 -11 9 -41485
8 18 3 23 -50367
-16 -13 -17 -17 -46363
-7 17 -7 14 -46903
25 -3 25 -6 -31743
23 -17 23 -20 -45073
-7 -12 -8 -14 -44245
8 -10 12 -10 -44743
23 -19 24 -17 -36155
-13 -10 -14 -13 -47005
-18 -24 -25 -23 -31017
6 -24 5 -24 -42369
-24 25 -25 20 -23365
17 -20 19 -20 -40957
5 18 9 15 -51991
-20 12 -24 9 -42931
7 19 11 21 -51599
-24 -9 -25 0 -48903
3 23 -7 21 -49889
7 -22 7 -23 -27649
-9 23 -9 15 -50111
-6 13 -2 9 -51697
-5 3 -5 1 -42463
-9 -13 -9 -11 -48805
-18 -20 -18 -17 -46759
-16 20 -16 19 -38161
-24 -18 -22 -24 -42975
-24 19 -21 19 -33697
-1 -24 7 -24 -45397
0 17 0 10 -49651
-19 -15 -19 -18 -47675
13 -14 14 -14 -36365
18 23 22 20 -44319
13 0 16 -3 -53253
-19 11 -18 13 -46071
20 5 21 2 -52405
16 19 16 23 -47145
18 5 20 9 -46755
-24 16 -23 17 -35545
12 16 13 13 -40335
-20 -15 -20 -13 -43453
21 25 24 23 -24209
10 -7 10 -8 -45237
14 -1 11 1 -48973
-13 13 -7 16 -49801
7 19 6 19 -43833
12 24 12 22 -32967
-13 -23 -11 -23 -27731
-23 8 -24 16 -48113
-18 23 -17 25 -23951
-22 -5 -23 -1 -51201
2 1 2 0 -33909
8 -4 12 -4 -42887
23 -14 16 -15 -52129
-6 -4 -5 -5 -46807
-23 -14 12 -17 -56475
10 3 10 2 -35431
-5 -22 -4 -25 -30315
16 4 17 3 -50615
-12 -19 -14 -16 -46761
-17 18 -21 13 -54089
24 15 25 13 -24017
-6 21 -2 25 -46987
7 -21 3 -24 -46289
-16 -22 -16 -20 -47351
3 -24 5 -24 -40893
21 -3 20 1 -47941
4 -3 7 4 -50209
8 4 9 6 -45321
11 22 15 21 -43543
-23 -19 -23 -20 -43649
12 -25 10 -24 -27253
24 -11 25 -10 -16933
15 18 20 21 -52981
20 8 23 12 -44149
-8 18 -6 19 -46521
-18 -19 -10 -20 -46099
2 16 -2 18 -43157
16 -11 15 -7 -44765
20 -2 22 -3 -40977
24 -21 19 -25 -26791
16 -16 15 -15 -49041
-25 -24 -23 -22 -24343
1 25 5 25 -27723
-9 -13 -10 -13 -35785
24 -13 23 -12 -30655
-7 21 -13 22 -43199
-17 23 -13 22 -33917
-2 4 -2 3 -39267
-1 -6 1 -6 -40265
-22 2 -23 0 -44867
-15 -1 -15 2 -43191
21 -3 21 -4 -46329
13 22 22 22 -40449
4 11 8 12 -48975
14 15 19 15 -47441
-7 -5 -10 -8 -42659
3 23 4 25 -29097
25 -4 25 4 -42141
-21 6 -21 1 -47035
-9 -18 -7 -17 -39591
-4 14 -5 17 -48437
25 -22 24 -19 -28599
24 6 24 8 -31075
-21 11 -22 11 -34291
18 -25 19 -23 -25225
18 -1 20 0 -44509
-7 -20 -6 -22 -44035
9 22 10 23 -38711
-19 -18 -22 -16 -45877
-5 -19 -2 -18 -48275
-24 -11 -24 -6 -40729
-15 19 -11 15 -48471
21 24 -23 23 -48233
5 -10 1 -7 -46851
-24 -18 -21 -10 -49743
19 4 19 7 -46965
25 19 23 17 -20187
22 10 24 13 -37079
15 23 16 17 -49885
6 -14 9 -13 -47589
25 21 22 20 -13549
-4 -21 2 -24 -38431
-1 8 0 11 -44679
-21 17 -22 21 -47939
25 -17 24 -15 -30037
19 -15 22 -16 -42043
-21 -25 -19 -23 -35823
6 8 6 10 -42429
0 -13 -2 -12 -43801
5 8 2 10 -47999
9 -17 11 -19 -41753
0 23 1 24 -33125
-11 13 -13 8 -54441
10 23 -14 23 -48295
25 -9 25 -25 -43277
17 8 19 7 -45377
-3 11 -5 10 -46961
11 -3 12 -2 -43705
-16 -14 -10 -13 -44399
-19 9 -18 8 -47927
8 -16 8 -13 -46835
-25 13 -25 11 -36407
15 -16 15 -18 -44663
-3 14 -6 15 -47101
3 -8 5 -12 -49023
-16 17 -11 15 -46629
-7 11 -5 11 -45345
-25 2 -25 -6 -47817
-25 -23 -25 -25 -18221
0 13 3 13 -45103
-8 25 -11 23 -31827
10 8 11 4 -49353
-19 11 -22 13 -44491
18 6 14 10 -49937
3 4 0 6 -45533
2 21 3 21 -35609
1 8 1 3 -46213
-1 -12 0 -11 -43699
-19 -24 -16 -22 -40647
13 10 9 10 -50671
-2 -23 -11 -24 -45941
11 12 3 13 -56305
13 -17 12 -20 -50653
17 3 17 4 -51069
4 22 11 22 -49515
2 -14 0 -17 -50343
10 -17 7 -16 -44049
-9 -8 -15 -10 -50649
-16 -24 -8 -18 -47033
11 -3 12 0 -46009
5 -24 3 -17 -43363
9 -24 8 -14 -51141
-21 -10 -19 -4 -51805
-7 13 -11 16 -48831
-7 -5 -6 -3 -42897
6 -22 -7 -23 -51133
-22 -2 -18 -2 -44761
-20 -10 -23 -11 -34781
23 -24 14 -20 -40799
16 3 23 4 -51597
14 -4 14 -11 -50603
3 17 21 20 -64825
7 1 10 -4 -48591
16 10 21 11 -49777
-18 13 -17 11 -49959
-4 -7 -6 -9 -41927
20 13 21 15 -42997
-10 -3 12 5 -60401
-23 16 21 16 -59161
7 9 9 7 -53017
11 12 9 11 -45347
-17 21 -22 22 -40431
-5 6 -3 4 -49103
-21 -20 -19 -19 -47017
-14 9 -12 12 -50579
-15 1 -12 1 -41083
-14 14 -14 8 -51401
23 -1 23 -3 -44947
-7 5 -5 7 -44953
6 10 9 8 -54105
-14 -4 -12 -5 -39271
14 19 16 20 -48621
-15 -3 -18 1 -50883
-19 -4 -17 -5 -43041
-1 8 -4 11 -48363
-12 -16 -19 -17 -44555
21 10 18 10 -43281
18 -16 16 -16 -49323
17 6 17 9 -42727
9 -2 11 -5 -50301
0 -19 4 -17 -48923
23 8 18 12 -39987
-20 21 -21 23 -31595
-23 23 -11 23 -45771
2 17 6 21 -48967
-23 21 -19 22 -38987
-8 18 -9 18 -45381
1 -1 2 -4 -41935
-22 -21 -23 -22 -36169
18 -22 6 -24 -49479
-9 11 -17 11 -44781
-20 15 -13 13 -50611
6 -13 7 -14 -42969
-5 -11 -6 -8 -52347
19 4 16 1 -51215
-7 19 -5 18 -46169
16 9 13 10 -44195
0 13 5 12 -50685
-13 -15 -6 -18 -46781
-19 19 -14 18 -45057
5 -16 3 -20 -49613
-3 7 -5 7 -42873
-17 -4 -19 -6 -49187
8 13 4 15 -51269
2 16 1 13 -46477
-9 -11 -17 -10 -49739
-8 19 -10 11 -54349
7 -23 3 -21 -42073
1 -8 4 -3 -51175
-10 -24 -5 -18 -46213
-1 3 -2 3 -37041
-8 4 -8 7 -44991
-15 4 -16 6 -40015
19 -9 15 -8 -43165
-23 15 -24 5 -50075
17 -18 9 -17 -48493
-23 -5 -23 -2 -50291
1 12 3 8 -47531
-18 10 -19 12 -49695
2 -23 -7 -22 -47949
19 4 21 1 -50063
-14 -24 -13 -19 -51201
-15 -4 -11 -4 -41857
-21 10 -22 6 -45283
5 -3 -2 -3 -48233
-1 -13 2 -16 -48565
18 -6 17 -3 -48397
19 22 17 20 -43867
3 23 23 22 -51479
-4 20 -9 22 -51121
18 -18 20 -15 -48759
23 -13 20 -8 -44247
-6 -4 -3 -7 -48725
20 -7 11 -7 -46833
1 -13 -2 -14 -46877
-22 0 -17 -2 -47397
-6 22 0 22 -42181
-16 -9 -12 -7 -51345
23 23 22 2 -48361
0 6 5 8 -48105
-24 -24 2 -24 -45723
-21 -18 -14 -22 -51827
3 -13 7 -17 -49927
8 -16 9 -10 -50131
-18 20 -17 21 -45253
-6 16 23 14 -58789
-16 -9 -21 -9 -43309
-22 18 -20 13 -46029
-6 21 -4 22 -45225
-8 -20 -7 -23 -43461
-15 4 -16 2 -44585
16 15 20 16 -49603
19 -12 23 -15 -48003
-24 -2 -17 0 -48315
17 5 19 3 -52421
9 18 16 18 -58107
17 -15 11 -11 -47579
-24 -3 -22 -1 -42355
-24 -11 -21 -21 -49899
-16 19 -18 17 -50005
-4 -2 1 0 -44839
23 -11 23 -17 -43069
14 -9 13 -12 -44127
-19 -6 -15 -8 -45219
-13 -9 -13 -6 -38273
-23 14 -18 14 -43575
10 -9 11 -5 -49879
10 -17 8 -18 -46649
-15 -11 -17 -7 -42309
-12 -15 -11 -16 -42677
-14 -23 -14 -21 -49293
-1 -19 -4 -20 -48491
8 20 13 21 -51841
-10 -9 -9 -12 -51209
-11 7 -9 2 -50559
-19 21 -9 22 -44185
-8 9 -5 10 -48573
-4 -23 -7 -24 -40931
2 20 -2 23 -40249
6 18 0 21 -49209
-17 7 -17 8 -41753
-24 1 -22 6 -43115
-21 2 -21 -1 -46571
-18 4 -12 3 -48193
-20 2 -23 4 -43005
-23 14 -24 14 -26981
-6 -3 -4 -1 -44197
-21 8 -14 6 -51603
-6 16 -2 20 -52439
-22 1 -24 -3 -50001
19 -22 6 -5 -60153
-6 12 -12 11 -47983
-3 -13 -5 -10 -52153
18 10 17 15 -46181
-15 21 19 4 -62783
-18 2 -7 20 -64001
12 21 14 23 -44283
-24 4 -17 7 -44327
-9 7 -16 5 -44581
23 1 21 -5 -49269
3 -5 -1 -2 -44907
4 -1 8 1 -46717
23 -11 18 -5 -47569
18 11 10 10 -51787
9 3 13 0 -46485
11 21 13 17 -46395
13 8 12 8 -44619
-7 2 -13 5 -46477
-24 -21 -24 -18 -45187
-15 -4 -12 -1 -47513
22 17 19 20 -40179
8 4 8 7 -47199
18 -2 17 -5 -46305
16 5 14 5 -43429
-7 3 -6 1 -48697
-2 19 -1 22 -48745
20 13 20 12 -39371
-1 -24 -21 -24 -47239
-1 -4 0 -1 -43325
20 -4 12 -2 -51147
-14 -21 -20 -19 -48505
-6 22 -6 17 -47659
1 -11 2 -10 -41315
5 -3 4 -4 -46327
11 -23 6 -23 -42709
23 -10 18 -9 -37737
19 -2 23 -5 -45793
21 -23 -5 -24 -45025
6 -1 1 -2 -47391
-10 -15 -1 -18 -49693
0 10 -3 9 -47225
-12 -13 -12 -17 -44761
4 11 7 15 -45895
2 5 -3 6 -46043
-18 9 -16 6 -51547
-2 -22 -6 -24 -44073
-1 -15 -2 -9 -52059
14 -22 18 -19 -45543
8 -22 16 -24 -41389
-15 -11 -20 -13 -44295
5 -6 9 -9 -49285
8 -10 7 -9 -45331
-4 2 -11 2 -44977
-9 -6 -7 -7 -36067
5 -16 6 -13 -49465
13 -11 10 -15 -48195
-10 -22 -5 -23 -38805
13 -4 22 -1 -48931
8 7 8 8 -45743
0 17 -4 17 -42257
-19 -17 -22 -19 -46299
3 -1 2 -1 -39997
-19 -19 -19 -24 -47065
-7 8 -11 10 -42087
22 20 20 23 -42319
19 -4 23 -2 -40081
16 16 12 12 -48965
23 -15 17 -16 -49791
-20 -24 -14 -23 -38581
-22 -15 -19 -9 -49253
-1 22 -1 23 -38787
23 5 21 3 -36355
-1 -14 -1 -21 -51559
-3 -21 -4 -16 -48665
17 0 17 4 -50913
-7 1 -6 2 -40819
12 -1 14 -3 -53649
-23 4 -24 10 -39681
-24 -12 -21 -16 -36847
6 -7 5 -11 -48505
7 -5 3 -8 -48219
19 -13 18 -16 -48333
-15 -12 -13 -14 -44601
17 10 23 13 -51367
-19 4 -15 5 -50431
16 -12 14 -13 -44601
6 7 8 6 -52033
8 6 5 7 -51099
-16 3 -18 3 -45075
