-12 -13 -12 -10 -52755
18 4 21 5 -47413
-24 6 -19 2 -46909
23 19 17 21 -43061
23 2 15 2 -51119
-24 -5 -17 -10 -46865
23 3 24 1 -35911
-24 -15 -18 -18 -46517
12 10 10 14 -46517
-8 -24 -13 -18 -52149
11 -20 6 -23 -49535
10 -3 17 -3 -45169
-6 9 -5 5 -49525
-16 -7 -17 -1 -49819
-5 -4 -6 -3 -50775
-11 1 -4 -2 -50095
20 -17 19 -24 -44055
-25 -15 -23 -14 -25763
-20 16 -25 21 -45443
10 14 12 15 -44787
-9 25 -6 24 -30863
-11 2 -14 -1 -47061
25 25 24 22 -13017
17 -16 16 -14 -50163
-25 -11 -25 -8 -35631
9 19 6 18 -46981
-20 16 -18 17 -41677
-1 5 3 5 -42543
17 17 17 19 -40609
13 -21 13 -18 -46973
1 -12 2 -12 -37541
25 -24 21 -22 -10809
13 -8 7 -8 -48193
-6 -10 -6 -9 -48205
8 7 14 7 -50261
20 18 20 14 -38707
4 13 0 11 -47511
-15 -24 -14 -25 -27087
8 15 9 16 -43799
-2 -17 0 -25 -49109
-20 -5 -20 -4 -46483
4 18 3 15 -44309
6 22 8 16 -48103
13 4 6 3 -44963
16 21 19 23 -40875
-22 -10 -21 -7 -44083
-2 -17 -3 -12 -52175
23 -23 14 -24 -36343
-18 -4 -16 -3 -45669
12 -3 12 -5 -45219
-23 24 -25 24 -13009
-2 -6 0 -9 -47683
2 -25 2 -23 -26127
22 -19 22 -20 -41315
-24 -23 -19 -21 -42875
11 -24 17 -23 -38671
1 -23 0 -24 -34899
-4 -17 0 -15 -53139
-24 19 -24 15 -41615
-22 -14 -24 -18 -44683
-13 25 -10 17 -42143
-11 -24 -10 -25 -27575
-20 19 -20 22 -41907
-25 10 -25 24 -47179
-23 -1 -24 5 -45109
19 -22 17 -19 -40435
22 -10 20 -15 -43375
2 -9 -7 -8 -47925
14 -15 12 -9 -51451
-2 -2 -5 -1 -41265
25 2 23 2 -14697
4 -25 10 -25 -41817
-4 10 1 12 -50753
-24 24 -14 25 -37837
-5 -13 -4 -14 -43331
-4 12 -4 13 -38021
-25 14 -24 13 -28845
-4 23 -2 20 -41671
11 -20 12 -18 -49253
-24 -4 -25 -4 -13165
17 -25 15 -23 -26793
-16 15 -12 17 -46645
-23 16 -21 20 -45557
-8 25 -8 23 -23713
0 23 -17 23 -49589
-10 1 -10 -3 -44453
7 -18 -1 -17 -48547
-1 -9 2 -5 -53035
8 -14 9 -14 -43611
14 20 11 25 -39151
-1 19 0 24 -50229
19 -15 21 -18 -46805
20 -8 20 -10 -35807
16 6 13 4 -47819
18 23 9 22 -43919
-13 0 -12 6 -48935
15 -16 17 -16 -48913
-13 -23 -13 -21 -50893
-6 20 -10 20 -49789
-1 23 13 22 -48237
-3 -19 -2 -16 -49373
-11 12 -18 12 -51419
-11 7 -11 9 -37913
8 18 3 23 -50253
-16 -13 -17 -17 -47521
-7 17 -7 14 -46107
25 -3 25 -6 -32533
23 -17 23 -20 -45267
-7 -12 -8 -14 -48209
8 -10 12 -10 -44865
23 -19 24 -17 -36525
-13 -10 -14 -13 -49427
-18 -24 -25 -23 -31115
6 -24 5 -24 -42541
-24 25 -25 20 -23885
17 -20 19 -20 -40713
5 18 9 15 -48731
-20 12 -24 9 -42931
7 19 11 21 -47759
-24 -9 -25 0 -49041
3 23 -7 21 -49593
7 -22 7 -23 -34619
-9 23 -9 15 -49967
-6 13 -2 9 -49971
-5 3 -5 1 -43169
-9 -13 -9 -11 -51707
-18 -20 -18 -17 -47165
-16 20 -16 19 -37651
-24 -18 -22 -24 -42905
-24 19 -21 19 -32513
-1 -24 7 -24 -45671
0 17 0 10 -50491
-19 -15 -19 -18 -47761
13 -14 14 -14 -36957
18 23 22 20 -44431
13 0 16 -3 -50565
-19 11 -18 13 -42663
20 5 21 2 -52771
16 19 16 23 -47509
18 5 20 9 -46015
-24 16 -23 17 -34081
12 16 13 13 -43871
-20 -15 -20 -13 -44373
21 25 24 23 -24687
10 -7 10 -8 -46385
14 -1 11 1 -47273
-13 13 -7 16 -50339
7 19 6 19 -41689
12 24 12 22 -33439
-13 -23 -11 -23 -29927
-23 8 -24 16 -46699
-18 23 -17 25 -23941
-22 -5 -23 -1 -50285
2 1 2 0 -35037
8 -4 12 -4 -42555
23 -14 16 -15 -52847
-6 -4 -5 -5 -51713
-5 -14 -9 4 -69589
10 3 10 2 -35975
-5 -22 -4 -25 -32393
16 4 17 3 -50619
-12 -19 -14 -16 -48411
-5 15 -20 -19 -64047
24 15 25 13 -23607
-6 21 -2 25 -47701
7 -21 3 -24 -49607
-16 -22 -16 -20 -48271
3 -24 5 -24 -41571
21 -3 20 1 -53281
4 -3 7 4 -50517
8 4 9 6 -44915
11 22 15 21 -38831
-23 -19 -23 -20 -44071
12 -25 10 -24 -26877
24 -11 25 -10 -17297
15 18 20 21 -53679
20 8 23 12 -44353
-8 18 -6 19 -46821
-18 -19 -10 -20 -48111
2 16 -2 18 -42419
16 -11 15 -7 -48687
20 -2 22 -3 -41881
24 -21 19 -25 -27337
16 -16 15 -15 -49125
-25 -24 -23 -22 -24081
1 25 5 25 -27671
-9 -13 -10 -13 -37625
24 -13 23 -12 -31023
-7 21 -13 22 -42953
-17 23 -13 22 -34305
-2 4 -2 3 -39799
-1 -6 1 -6 -40139
-22 2 -23 0 -41743
-15 -1 -15 2 -43701
21 -3 21 -4 -47265
13 22 22 22 -39511
4 11 8 12 -43881
14 15 19 15 -48349
-7 -5 -10 -8 -45407
3 23 4 25 -27949
25 -4 25 4 -44149
-21 6 -21 1 -47331
-9 -18 -7 -17 -41747
-4 14 -5 17 -47351
25 -22 24 -19 -28895
24 6 24 8 -31217
-21 11 -22 11 -34545
18 -25 19 -23 -25689
18 -1 20 0 -45759
-7 -20 -6 -22 -46799
9 22 10 23 -36707
-19 -18 -22 -16 -46753
-5 -19 -2 -18 -48635
-24 -11 -24 -6 -42061
-15 19 -11 15 -47755
21 24 -23 23 -44573
5 -10 1 -7 -47077
-24 -18 -21 -10 -50787
19 4 19 7 -46625
25 19 23 17 -20007
22 10 24 13 -36685
15 23 16 17 -49829
6 -14 9 -13 -47143
25 21 22 20 -12823
-4 -21 2 -24 -41761
-1 8 0 11 -43929
-21 17 -22 21 -47863
25 -17 24 -15 -30415
19 -15 22 -16 -42103
-21 -25 -19 -23 -36111
6 8 6 10 -41995
0 -13 -2 -12 -43385
5 8 2 10 -44571
9 -17 11 -19 -42235
0 23 1 24 -32699
-19 11 -2 -16 -70077
10 23 -14 23 -46351
25 -9 25 -25 -42723
17 8 19 7 -46715
-3 11 -5 10 -46947
11 -3 12 -2 -43447
-16 -14 -10 -13 -47243
-19 9 -18 8 -43333
8 -16 8 -13 -45441
-25 13 -25 11 -36047
15 -16 15 -18 -45007
-3 14 -6 15 -45201
3 -8 5 -12 -50481
-16 17 -11 15 -47571
-7 11 -5 11 -44549
-25 2 -25 -6 -45721
-25 -23 -25 -25 -18883
0 13 3 13 -44093
-8 25 -11 23 -31737
10 8 11 4 -49553
-19 11 -22 13 -43499
18 6 14 10 -50959
3 4 0 6 -44733
2 21 3 21 -35475
1 8 1 3 -46017
-1 -12 0 -11 -49053
-19 -24 -16 -22 -41407
13 10 9 10 -47205
-2 -23 -11 -24 -45525
14 16 23 14 -49251
13 -17 12 -20 -51131
17 3 17 4 -51329
4 22 11 22 -46241
2 -14 0 -17 -54007
10 -17 7 -16 -44233
-9 -8 -15 -10 -52453
-16 -24 -8 -18 -48803
11 -3 12 0 -45873
5 -24 3 -17 -50793
9 -24 8 -14 -54197
-21 -10 -19 -4 -52215
-7 13 -11 16 -47231
-7 -5 -6 -3 -46713
6 -22 -7 -23 -52087
-22 -2 -18 -2 -44153
-20 -10 -23 -11 -36027
23 -24 14 -20 -40435
16 3 23 4 -51953
14 -4 14 -11 -53025
-19 11 14 17 -59989
7 1 10 -4 -50383
16 10 21 11 -50915
-18 13 -17 11 -47185
-4 -7 -6 -9 -45069
20 13 21 15 -42525
-24 -6 21 -4 -50627
2 -19 3 -21 -41365
7 9 9 7 -46519
11 12 9 11 -43129
-17 21 -22 22 -39651
-5 6 -3 4 -50109
-21 -20 -19 -19 -47917
-14 9 -12 12 -43777
-15 1 -12 1 -41849
-14 14 -14 8 -44463
23 -1 23 -3 -47469
-7 5 -5 7 -43641
-12 -19 7 -3 -68805
-14 -4 -12 -5 -39993
14 19 16 20 -46823
-15 -3 -18 1 -50431
-19 -4 -17 -5 -43667
-1 8 -4 11 -47451
-12 -16 -19 -17 -46423
21 10 18 10 -44775
18 -16 16 -16 -49215
17 6 17 9 -42823
9 -2 11 -5 -50639
0 -19 4 -17 -50933
23 8 18 12 -41667
-20 21 -21 23 -31713
-23 23 -11 23 -45847
2 17 6 21 -48351
-23 21 -19 22 -37821
-8 18 -9 18 -45145
1 -1 2 -4 -44265
-22 -21 -23 -22 -35957
18 -22 6 -24 -49979
-9 11 -17 11 -50753
-20 15 -13 13 -52057
6 -13 7 -14 -43639
-5 -11 -6 -8 -55161
19 4 16 1 -51669
-7 19 -5 18 -44833
16 9 13 10 -44485
0 13 5 12 -47853
-13 -15 -6 -18 -48025
-19 19 -14 18 -44955
5 -16 3 -20 -52749
-3 7 -5 7 -42707
-17 -4 -19 -6 -49395
8 13 4 15 -46191
2 16 1 13 -46953
-9 -11 -17 -10 -51335
-8 19 -10 11 -52051
7 -23 3 -21 -43155
1 -8 4 -3 -54459
-10 -24 -5 -18 -48721
-1 3 -2 3 -37775
-8 4 -8 7 -44499
-15 4 -16 6 -38957
19 -9 15 -8 -44259
-23 15 -24 5 -48965
17 -18 9 -17 -47979
-23 -5 -23 -2 -49295
1 12 3 8 -46133
-18 10 -19 12 -46927
2 -23 -7 -22 -48609
19 4 21 1 -51075
-14 -24 -13 -19 -52487
-15 -4 -11 -4 -42399
-21 10 -22 6 -43773
5 -3 -2 -3 -47877
-1 -13 2 -16 -47927
18 -6 17 -3 -50307
19 22 17 20 -44375
3 23 23 22 -45163
-4 20 -9 22 -50069
18 -18 20 -15 -48999
23 -13 20 -8 -45239
-6 -4 -3 -7 -52497
20 -7 11 -7 -47651
1 -13 -2 -14 -50379
-22 0 -17 -2 -47085
-6 22 0 22 -42341
-16 -9 -12 -7 -52345
23 23 22 2 -47371
0 6 5 8 -48005
-24 -24 2 -24 -46891
-21 -18 -14 -22 -52157
3 -13 7 -17 -50743
7 -24 8 -21 -42375
-18 20 -17 21 -44473
13 17 14 8 -53495
-16 -9 -21 -9 -43051
-22 18 -20 13 -44455
-6 21 -4 22 -45627
-8 -20 -7 -23 -47343
-15 4 -16 2 -44687
16 15 20 16 -50607
19 -12 23 -15 -47771
-24 -2 -17 0 -47227
17 5 19 3 -52485
9 18 16 18 -45275
17 -15 11 -11 -49529
-24 -3 -22 -1 -37285
-24 -11 -21 -21 -50853
-16 19 -18 17 -47575
-4 -2 1 0 -44621
23 -11 23 -17 -43829
14 -9 13 -12 -48425
-19 -6 -15 -8 -46015
-13 -9 -13 -6 -41171
-23 14 -18 14 -42815
10 -9 11 -5 -50911
10 -17 8 -18 -46417
-15 -11 -17 -7 -43289
-12 -15 -11 -16 -44277
-14 -23 -14 -21 -50697
-1 -19 -4 -20 -48743
8 20 13 21 -45751
-10 -9 -9 -12 -53775
-11 7 -9 2 -49929
-19 21 -9 22 -44175
-8 9 -5 10 -47699
-4 -23 -7 -24 -41423
2 20 -2 23 -39345
6 18 0 21 -48517
-17 7 -17 8 -37243
-24 1 -22 6 -42375
-21 2 -21 -1 -44613
-18 4 -12 3 -49675
-20 2 -23 4 -42425
-23 14 -24 14 -26755
-6 -3 -4 -1 -45205
-21 8 -14 6 -49683
-6 16 -2 20 -53377
11 -12 11 -11 -43897
-8 -1 -6 -8 -56131
-6 12 -12 11 -48409
-3 -13 -5 -10 -52939
18 10 17 15 -49221
-2 -10 -24 -18 -58957
19 -2 19 1 -51361
12 21 14 23 -43965
-24 4 -17 7 -44969
-9 7 -16 5 -45663
23 1 21 -5 -53185
3 -5 -1 -2 -46139
4 -1 8 1 -44923
23 -11 18 -5 -48997
18 11 10 10 -49561
9 3 13 0 -47945
11 21 13 17 -45631
13 8 12 8 -44069
-7 2 -13 5 -46085
-24 -21 -24 -18 -45055
-15 -4 -12 -1 -48405
22 17 19 20 -41709
8 4 8 7 -47639
18 -2 17 -5 -47365
16 5 14 5 -42965
-7 3 -6 1 -50061
-2 19 -1 22 -48319
20 13 20 12 -39793
-1 -24 -21 -24 -49251
-1 -4 0 -1 -45619
20 -4 12 -2 -51255
-14 -21 -20 -19 -49825
-6 22 -6 17 -47441
1 -11 2 -10 -44239
5 -3 4 -4 -47439
11 -23 6 -23 -43131
23 -10 18 -9 -38395
19 -2 23 -5 -46949
21 -23 -5 -24 -45117
6 -1 1 -2 -46905
1 -9 -5 -17 -66155
0 10 -3 9 -46977
-12 -13 -12 -17 -45951
4 11 7 15 -46617
2 5 -3 6 -46247
17 -8 7 3 -66441
-2 -22 -6 -24 -44645
-1 -15 -2 -9 -55081
14 -22 18 -19 -46277
8 -22 16 -24 -40561
-15 -11 -20 -13 -45731
5 -6 9 -9 -49331
8 -10 7 -9 -45251
-4 2 -11 2 -45731
-9 -6 -7 -7 -39439
5 -16 6 -13 -48807
13 -11 10 -15 -49969
-10 -22 -5 -23 -39379
13 -4 22 -1 -49459
8 7 8 8 -45301
0 17 -4 17 -41091
-19 -17 -22 -19 -47471
3 -1 2 -1 -40233
-19 -19 -19 -24 -47391
-7 8 -11 10 -42023
22 20 20 23 -42443
19 -4 23 -2 -40589
16 16 12 12 -48149
23 -15 17 -16 -50173
-20 -24 -14 -23 -39601
-22 -15 -19 -9 -50519
-1 22 -1 23 -38491
23 5 21 3 -37485
-1 -14 -1 -21 -54037
-3 -21 -4 -16 -50445
17 0 17 4 -52733
-7 1 -6 2 -40721
2 21 -24 9 -63921
-23 4 -24 10 -38335
-24 -12 -21 -16 -38075
6 -7 5 -11 -50085
7 -5 3 -8 -50563
19 -13 18 -16 -49227
-15 -12 -13 -14 -45195
17 10 23 13 -52297
-19 4 -15 5 -50283
16 -12 14 -13 -45571
6 7 8 6 -46591
8 6 5 7 -45607
-16 3 -18 3 -45001
