-12 -13 -12 -10 -51462
18 4 21 5 -48198
-24 6 -19 2 -46912
23 19 17 21 -44452
23 2 15 2 -51588
-24 -5 -17 -10 -46912
23 3 24 1 -34442
-24 -15 -18 -18 -46192
12 10 10 14 -43952
-8 -24 -13 -18 -51898
11 -20 6 -23 -49888
10 -3 17 -3 -44296
-6 9 -5 5 -49048
-16 -7 -17 -1 -48784
-5 -4 -6 -3 -47592
-11 1 -4 -2 -48738
20 -17 19 -24 -43856
-25 -15 -23 -14 -26180
-20 16 -25 21 -47700
10 14 12 15 -45450
-9 25 -6 24 -30696
-11 2 -14 -1 -46480
25 25 24 22 -13188
17 -16 16 -14 -50032
-25 -11 -25 -8 -34936
9 19 6 18 -46950
-20 16 -18 17 -43844
-1 5 3 5 -42790
17 17 17 19 -42528
13 -21 13 -18 -44550
1 -12 2 -12 -36018
25 -24 21 -22 -10600
13 -8 7 -8 -47096
-6 -10 -6 -9 -46610
8 7 14 7 -49802
20 18 20 14 -43914
4 13 0 11 -48154
-15 -24 -14 -25 -27242
8 15 9 16 -43836
-2 -17 0 -25 -46428
-20 -5 -20 -4 -45680
4 18 3 15 -44674
6 22 8 16 -48546
13 4 6 3 -45320
16 21 19 23 -41398
-22 -10 -21 -7 -43678
-2 -17 -3 -12 -48604
23 -23 14 -24 -36352
-18 -4 -16 -3 -46554
12 -3 12 -5 -43298
-23 24 -25 24 -14010
-2 -6 0 -9 -45632
2 -25 2 -23 -25748
22 -19 22 -20 -40860
-24 -23 -19 -21 -42596
11 -24 17 -23 -38308
1 -23 0 -24 -35036
-4 -17 0 -15 -49776
-24 19 -24 15 -41912
-22 -14 -24 -18 -44512
-13 25 -10 17 -41778
-11 -24 -10 -25 -27716
-20 19 -20 22 -41540
-25 10 -25 24 -46562
-23 -1 -24 5 -46582
19 -22 17 -19 -40856
22 -10 20 -15 -43522
2 -9 -7 -8 -45824
14 -15 12 -9 -52540
-2 -2 -5 -1 -39178
25 2 23 2 -15252
4 -25 10 -25 -44604
-4 10 1 12 -49992
-24 24 -14 25 -38062
-5 -13 -4 -14 -42256
-4 12 -4 13 -39232
-25 14 -24 13 -30998
-4 23 -2 20 -40956
11 -20 12 -18 -48882
-24 -4 -25 -4 -13278
17 -25 15 -23 -27194
-16 15 -12 17 -47870
-23 16 -21 20 -46744
-8 25 -8 23 -23360
0 23 -17 23 -47330
-10 1 -10 -3 -41884
7 -18 -1 -17 -48536
-1 -9 2 -5 -46698
8 -14 9 -14 -44468
14 20 11 25 -39018
-1 19 0 24 -49536
19 -15 21 -18 -47360
20 -8 20 -10 -35336
16 6 13 4 -48574
18 23 9 22 -43782
-13 0 -12 6 -47894
15 -16 17 -16 -49332
-13 -23 -13 -21 -50076
-6 20 -10 20 -49604
-1 23 13 22 -48124
-3 -19 -2 -16 -43974
-11 12 -18 12 -52480
-11 7 -11 9 -38064
8 18 3 23 -50226
-16 -13 -17 -17 -46460
-7 17 -7 14 -48346
25 -3 25 -6 -33294
23 -17 23 -20 -45398
-7 -12 -8 -14 -45608
8 -10 12 -10 -44584
23 -19 24 -17 -37118
-13 -10 -14 -13 -48784
-18 -24 -25 -23 -31042
6 -24 5 -24 -44074
-24 25 -25 20 -24026
17 -20 19 -20 -41534
5 18 9 15 -48514
-20 12 -24 9 -45094
7 19 11 21 -47268
-24 -9 -25 0 -47942
3 23 -7 21 -48410
7 -22 7 -23 -32466
-9 23 -9 15 -49448
-6 13 -2 9 -50188
-5 3 -5 1 -42530
-9 -13 -9 -11 -49718
-18 -20 -18 -17 -47724
-16 20 -16 19 -37564
-24 -18 -22 -24 -42558
-24 19 -21 19 -38224
-1 -24 7 -24 -46538
0 17 0 10 -53082
-19 -15 -19 -18 -48000
13 -14 14 -14 -37966
18 23 22 20 -45578
13 0 16 -3 -47284
-19 11 -18 13 -46098
20 5 21 2 -52982
16 19 16 23 -47642
18 5 20 9 -46560
-24 16 -23 17 -36752
12 16 13 13 -42382
-20 -15 -20 -13 -43996
21 25 24 23 -25026
10 -7 10 -8 -43890
14 -1 11 1 -44768
9 4 -8 -23 -69964
7 19 6 19 -41354
12 24 12 22 -33436
-13 -23 -11 -23 -29486
-23 8 -24 16 -47670
-18 23 -17 25 -24524
-22 -5 -23 -1 -49484
2 1 2 0 -33904
8 -4 12 -4 -42068
23 -14 16 -15 -53918
-6 -4 -5 -5 -48954
20 -5 22 -6 -43726
10 3 10 2 -36218
-5 -22 -4 -25 -32174
16 4 17 3 -50760
-12 -19 -14 -16 -48884
11 -11 1 -23 -69180
24 15 25 13 -25712
-6 21 -2 25 -46266
7 -21 3 -24 -50398
-16 -22 -16 -20 -47888
3 -24 5 -24 -42734
15 7 -12 -21 -69180
4 -3 7 4 -50238
8 4 9 6 -45116
11 22 15 21 -39716
-23 -19 -23 -20 -43652
12 -25 10 -24 -28544
24 -11 25 -10 -16692
15 18 20 21 -53934
20 8 23 12 -44196
-8 18 -6 19 -44294
-18 -19 -10 -20 -48398
2 16 -2 18 -43676
16 -11 15 -7 -49406
20 -2 22 -3 -44240
24 -21 19 -25 -27500
16 -16 15 -15 -49080
-25 -24 -23 -22 -23796
1 25 5 25 -27918
-9 -13 -10 -13 -37676
24 -13 23 -12 -30460
-7 21 -13 22 -42540
-17 23 -13 22 -34592
-2 4 -2 3 -39476
-1 -6 1 -6 -39324
-22 2 -23 0 -46838
-15 -1 -15 2 -43798
21 -3 21 -4 -46580
13 22 22 22 -39966
4 11 8 12 -45812
14 15 19 15 -48578
-7 -5 -10 -8 -44538
3 23 4 25 -28026
25 -4 25 4 -42332
-21 6 -21 1 -48120
-9 -18 -7 -17 -40876
-4 14 -5 17 -52248
25 -22 24 -19 -28802
24 6 24 8 -31152
-21 11 -22 11 -37412
18 -25 19 -23 -26382
18 -1 20 0 -46192
-7 -20 -6 -22 -45356
9 22 10 23 -36878
-19 -18 -22 -16 -45772
-5 -19 -2 -18 -47316
-24 -11 -24 -6 -41136
-15 19 -11 15 -48306
21 24 -23 23 -45652
5 -10 1 -7 -45362
-24 -18 -21 -10 -49970
19 4 19 7 -47666
25 19 23 17 -20110
22 10 24 13 -38178
15 23 16 17 -49882
6 -14 9 -13 -48592
25 21 22 20 -13330
-4 -21 2 -24 -40468
-1 8 0 11 -43856
-21 17 -22 21 -48506
25 -17 24 -15 -30070
19 -15 22 -16 -42808
-21 -25 -19 -23 -35280
6 8 6 10 -40722
0 -13 -2 -12 -42280
5 8 2 10 -43664
9 -17 11 -19 -41444
0 23 1 24 -33150
10 -20 13 -20 -41756
10 23 -14 23 -46218
25 -9 25 -25 -43098
17 8 19 7 -49872
-3 11 -5 10 -45916
11 -3 12 -2 -44280
-16 -14 -10 -13 -53302
-19 9 -18 8 -44142
8 -16 8 -13 -45250
-25 13 -25 11 -36094
15 -16 15 -18 -44688
-3 14 -6 15 -45852
3 -8 5 -12 -48744
-16 17 -11 15 -48698
-7 11 -5 11 -44508
-25 2 -25 -6 -45144
-25 -23 -25 -25 -18614
0 13 3 13 -44218
-8 25 -11 23 -31128
10 8 11 4 -49890
-19 11 -22 13 -44486
18 6 14 10 -53186
3 4 0 6 -44352
2 21 3 21 -35536
1 8 1 3 -45368
-1 -12 0 -11 -45278
-19 -24 -16 -22 -40612
13 10 9 10 -48298
-2 -23 -11 -24 -45182
14 16 23 14 -50700
13 -17 12 -20 -50564
17 3 17 4 -52566
4 22 11 22 -46038
2 -14 0 -17 -49966
10 -17 7 -16 -45592
-9 -8 -15 -10 -54686
-16 -24 -8 -18 -48674
11 -3 12 0 -45724
5 -24 3 -17 -46168
12 -1 -22 -15 -64116
-21 -10 -19 -4 -52128
-7 13 -11 16 -48774
-7 -5 -6 -3 -44804
6 -22 -7 -23 -51944
-22 -2 -18 -2 -45202
-20 -10 -23 -11 -35258
23 -24 14 -20 -41594
16 3 23 4 -53466
14 -4 14 -11 -52494
21 -24 1 -24 -51334
7 1 10 -4 -46972
16 10 21 11 -51900
-18 13 -17 11 -48324
-4 -7 -6 -9 -43788
20 13 21 15 -45846
-24 10 17 13 -57042
2 -19 3 -21 -38428
7 9 9 7 -46372
11 12 9 11 -44596
-17 21 -22 22 -40684
-5 6 -3 4 -48726
-21 -20 -19 -19 -47696
-14 9 -12 12 -44598
-15 1 -12 1 -41664
-14 14 -14 8 -45840
23 -1 23 -3 -44518
-7 5 -5 7 -43598
-12 17 -21 9 -61850
-14 -4 -12 -5 -39542
14 19 16 20 -47166
-15 -3 -18 1 -49986
-19 -4 -17 -5 -43082
-1 8 -4 11 -46482
-12 -16 -19 -17 -46062
21 10 18 10 -47518
18 -16 16 -16 -49908
17 6 17 9 -43852
9 -2 11 -5 -45368
0 -19 4 -17 -49772
23 8 18 12 -49704
-20 21 -21 23 -31990
-23 23 -11 23 -46448
2 17 6 21 -48210
-23 21 -19 22 -39260
-8 18 -9 18 -45124
1 -1 2 -4 -41612
-22 -21 -23 -22 -35926
-22 -1 -19 3 -54026
-9 11 -17 11 -50520
-20 15 -13 13 -53664
6 -13 7 -14 -43298
-5 -11 -6 -8 -52446
19 4 16 1 -52774
-7 19 -5 18 -44646
16 9 13 10 -45414
0 13 5 12 -48412
-13 -15 -6 -18 -47326
-19 19 -14 18 -46360
5 -16 3 -20 -50728
-3 7 -5 7 -42024
-17 -4 -19 -6 -49686
8 13 4 15 -46186
2 16 1 13 -48566
-9 -11 -17 -10 -54908
-8 19 -10 11 -51906
7 -23 3 -21 -43180
-2 18 -2 13 -54584
-10 -24 -5 -18 -48208
-1 3 -2 3 -35924
-8 4 -8 7 -44326
-15 4 -16 6 -37962
19 -9 15 -8 -45418
-23 15 -24 5 -49042
17 -18 9 -17 -50916
-23 -5 -23 -2 -48422
1 12 3 8 -44724
-18 10 -19 12 -47980
2 -23 -7 -22 -48550
19 4 21 1 -50260
-14 -24 -13 -19 -51720
-15 -4 -11 -4 -43016
-21 10 -22 6 -43900
5 -3 -2 -3 -47694
-1 -13 2 -16 -46754
18 -6 17 -3 -48442
19 22 17 20 -44612
3 23 23 22 -45026
-4 20 -9 22 -49722
18 -18 20 -15 -49114
23 -13 20 -8 -45170
-6 -4 -3 -7 -49038
20 -7 11 -7 -47062
1 -13 -2 -14 -48192
-22 0 -17 -2 -47444
-6 22 0 22 -41262
-16 -9 -12 -7 -53202
23 23 22 2 -48572
0 6 5 8 -48854
-24 -24 2 -24 -44992
-21 -18 -14 -22 -52648
3 -13 7 -17 -49536
7 -24 8 -21 -40780
-18 20 -17 21 -44352
21 9 18 12 -50266
-16 -9 -21 -9 -42808
-22 18 -20 13 -44708
-6 21 -4 22 -42678
-8 -20 -7 -23 -46596
-15 4 -16 2 -44546
16 15 20 16 -52172
19 -12 23 -15 -48192
-24 -2 -17 0 -49282
17 5 19 3 -53278
9 18 16 18 -46180
17 -15 11 -11 -50520
-24 -3 -22 -1 -37212
-24 -11 -21 -21 -49952
-16 19 -18 17 -48700
-4 -2 1 0 -43128
23 -11 23 -17 -43404
14 -9 13 -12 -48566
-19 -6 -15 -8 -45558
-13 -9 -13 -6 -41410
-23 14 -18 14 -47326
10 -9 11 -5 -49476
10 -17 8 -18 -48628
-15 -11 -17 -7 -42528
-12 -15 -11 -16 -44428
-14 -23 -14 -21 -49916
-1 -19 -4 -20 -47922
8 20 13 21 -45556
-10 -9 -9 -12 -52356
-11 7 -9 2 -49366
-19 21 -9 22 -44602
-8 9 -5 10 -46762
-4 -23 -7 -24 -41598
2 20 -2 23 -40108
6 18 0 21 -49232
-17 7 -17 8 -36982
-24 1 -22 6 -44670
-21 2 -21 -1 -47784
-18 4 -12 3 -49564
-20 2 -23 4 -42386
-23 14 -24 14 -32534
-6 -3 -4 -1 -43440
-21 8 -14 6 -50860
-15 -13 -10 -13 -53186
11 -12 11 -11 -44542
20 15 -3 7 -61552
-6 12 -12 11 -46158
-3 -13 -5 -10 -51188
18 10 17 15 -51204
-14 15 -8 17 -46176
19 -2 19 1 -44676
12 21 14 23 -43644
-24 4 -17 7 -46410
-9 7 -16 5 -45024
23 1 21 -5 -49802
3 -5 -1 -2 -44334
4 -1 8 1 -46034
23 -11 18 -5 -52554
18 11 10 10 -50734
9 3 13 0 -46048
11 21 13 17 -45624
13 8 12 8 -43798
-7 2 -13 5 -45786
-24 -21 -24 -18 -45058
-15 -4 -12 -1 -48862
22 17 19 20 -43098
8 4 8 7 -47744
18 -2 17 -5 -46066
16 5 14 5 -43418
-7 3 -6 1 -48758
-2 19 -1 22 -47252
20 13 20 12 -42528
-1 -24 -21 -24 -46864
-1 -4 0 -1 -41940
20 -4 12 -2 -49822
-14 -21 -20 -19 -49740
-6 22 -6 17 -46252
1 -11 2 -10 -42510
5 -3 4 -4 -45208
11 -23 6 -23 -45208
23 -10 18 -9 -41112
19 -2 23 -5 -50198
21 -23 -5 -24 -49416
6 -1 1 -2 -46564
-21 15 23 5 -59318
0 10 -3 9 -46738
-12 -13 -12 -17 -45410
4 11 7 15 -47026
2 5 -3 6 -45690
-8 -8 -9 -3 -47166
-2 -22 -6 -24 -44860
-1 -15 -2 -9 -52960
14 -22 18 -19 -45974
8 -22 16 -24 -42850
-15 -11 -20 -13 -44258
18 13 18 17 -48400
8 -10 7 -9 -42774
-4 2 -11 2 -44586
-9 -6 -7 -7 -37842
5 -16 6 -13 -49464
13 -11 10 -15 -50294
-10 -22 -5 -23 -38680
13 -4 22 -1 -50242
8 7 8 8 -45020
0 17 -4 17 -39670
-19 -17 -22 -19 -47044
3 -1 2 -1 -40012
-19 -19 -19 -24 -47342
-7 8 -11 10 -41438
22 20 20 23 -43452
19 -4 23 -2 -41444
16 16 12 12 -49204
23 -15 17 -16 -51182
-20 -24 -14 -23 -39258
-22 -15 -19 -9 -49338
-1 22 -1 23 -38174
23 5 21 3 -37346
1 -6 15 -19 -62624
-3 -21 -4 -16 -46380
17 0 17 4 -52308
-7 1 -6 2 -40386
-24 16 -21 16 -43566
-23 4 -24 10 -37926
-24 -12 -21 -16 -37086
6 -7 5 -11 -47510
7 -5 3 -8 -47050
19 -13 18 -16 -49572
-15 -12 -13 -14 -46216
17 10 23 13 -52538
-19 4 -15 5 -51282
16 -12 14 -13 -45048
6 7 8 6 -47076
8 6 5 7 -46468
-16 3 -18 3 -45558
