-12 -13 -12 -10 -51843
18 4 21 5 -46983
-24 6 -19 2 -52073
23 19 17 21 -43355
23 2 15 2 -49521
-24 -5 -17 -10 -47767
23 3 24 1 -35513
-24 -15 -18 -18 -45775
12 10 10 14 -44101
-8 -24 -13 -18 -52707
11 -20 6 -23 -47143
10 -3 17 -3 -44109
-6 9 -5 5 -51207
-16 -7 -17 -1 -50197
-5 -4 -6 -3 -49961
-11 1 -4 -2 -49513
20 -17 19 -24 -43975
-25 -15 -23 -14 -26133
-20 16 -25 21 -50045
10 14 12 15 -45531
-9 25 -6 24 -31823
-11 2 -14 -1 -46257
25 25 24 22 -13209
17 -16 16 -14 -50305
-25 -11 -25 -8 -35673
9 19 6 18 -46899
-20 16 -18 17 -42193
-1 5 3 5 -46027
17 17 17 19 -43621
13 -21 13 -18 -45127
1 -12 2 -12 -36639
25 -24 21 -22 -10625
13 -8 7 -8 -46259
-6 -10 -6 -9 -46461
8 7 14 7 -49281
20 18 20 14 -43771
4 13 0 11 -47063
-15 -24 -14 -25 -26857
8 15 9 16 -43871
-2 -17 0 -25 -48127
-20 -5 -20 -4 -45807
4 18 3 15 -43201
6 22 8 16 -48227
13 4 6 3 -43771
16 21 19 23 -36561
-22 -10 -21 -7 -43125
-2 -17 -3 -12 -47089
23 -23 14 -24 -41429
-18 -4 -16 -3 -45685
12 -3 12 -5 -42439
-23 24 -25 24 -14343
-2 -6 0 -9 -45905
2 -25 2 -23 -27557
22 -19 22 -20 -40311
-24 -23 -19 -21 -42367
11 -24 17 -23 -43939
1 -23 0 -24 -34881
-4 -17 0 -15 -50331
-24 19 -24 15 -42259
-22 -14 -24 -18 -46005
-13 25 -10 17 -42539
-11 -24 -10 -25 -27363
-20 19 -20 22 -44119
-25 10 -25 24 -46635
-23 -1 -24 5 -51637
19 -22 17 -19 -41207
22 -10 20 -15 -43851
2 -9 -7 -8 -49371
14 -15 12 -9 -51211
-2 -2 -5 -1 -41673
25 2 23 2 -14129
4 -25 10 -25 -42669
-4 10 1 12 -53607
-24 24 -14 25 -39105
-5 -13 -4 -14 -40981
-4 12 -4 13 -35139
-25 14 -24 13 -31763
-4 23 -2 20 -40637
11 -20 12 -18 -48969
-24 -4 -25 -4 -13541
17 -25 15 -23 -28233
-16 15 -12 17 -46543
-23 16 -21 20 -46349
-8 25 -8 23 -24177
0 23 -17 23 -48717
-10 1 -10 -3 -44177
7 -18 -1 -17 -47789
-1 -9 2 -5 -48063
8 -14 9 -14 -43005
14 20 11 25 -39619
-1 19 0 24 -49953
19 -15 21 -18 -47413
20 -8 20 -10 -35193
16 6 13 4 -48995
18 23 9 22 -43783
-13 0 -12 6 -49369
15 -16 17 -16 -49775
-13 -23 -13 -21 -52859
-6 20 -10 20 -50595
-1 23 13 22 -46507
-3 -19 -2 -16 -43837
-11 12 -18 12 -48139
-11 7 -11 9 -40155
8 18 3 23 -47007
-16 -13 -17 -17 -46869
-7 17 -7 14 -43917
25 -3 25 -6 -30435
23 -17 23 -20 -44707
-7 -12 -8 -14 -44733
8 -10 12 -10 -44229
23 -19 24 -17 -35803
-13 -10 -14 -13 -48857
-18 -24 -25 -23 -30507
6 -24 5 -24 -41549
-24 25 -25 20 -24653
17 -20 19 -20 -42803
5 18 9 15 -49061
-20 12 -24 9 -44191
7 19 11 21 -48245
-24 -9 -25 0 -49025
3 23 -7 21 -51571
7 -22 7 -23 -34249
-6 11 4 10 -57233
-6 13 -2 9 -51041
-5 3 -5 1 -45125
-9 -13 -9 -11 -49555
-18 -20 -18 -17 -47911
-16 20 -16 19 -39915
-24 -18 -22 -24 -41859
-24 19 -21 19 -38907
-1 -24 7 -24 -45405
-2 -18 -21 10 -76233
-19 -15 -19 -18 -48675
13 -14 14 -14 -38521
18 23 22 20 -45393
13 0 16 -3 -45533
-19 11 -18 13 -43257
20 5 21 2 -51003
16 19 16 23 -47395
18 5 20 9 -47053
-24 16 -23 17 -35973
12 16 13 13 -43565
-20 -15 -20 -13 -44541
21 25 24 23 -24715
10 -7 10 -8 -43301
14 -1 11 1 -43969
20 -23 12 -24 -48125
7 19 6 19 -40201
12 24 12 22 -32955
-13 -23 -11 -23 -30549
-23 8 -24 16 -47363
-18 23 -17 25 -25137
-22 -5 -23 -1 -50611
2 1 2 0 -36119
8 -4 12 -4 -40629
23 -4 21 15 -54163
-6 -4 -5 -5 -51035
20 -5 22 -6 -43679
10 3 10 2 -35661
-5 -22 -4 -25 -32965
16 4 17 3 -44595
-12 -19 -14 -16 -47365
15 18 14 19 -41763
24 15 25 13 -25913
-6 21 -2 25 -50047
-2 -17 -22 10 -75759
-16 -22 -16 -20 -48413
3 -24 5 -24 -40911
-2 -11 -8 -11 -40775
4 -3 7 4 -50583
8 4 9 6 -45149
11 22 15 21 -42045
-23 -19 -23 -20 -44303
12 -25 10 -24 -28551
24 -11 25 -10 -16937
-16 21 -16 22 -35211
20 8 23 12 -40507
-8 18 -6 19 -44143
-18 -19 -10 -20 -46605
2 16 -2 18 -41511
16 -11 15 -7 -48691
20 -2 22 -3 -44061
24 -21 19 -25 -27579
16 -16 15 -15 -49575
-25 -24 -23 -22 -24047
1 25 5 25 -26447
-9 -13 -10 -13 -38663
24 -13 23 -12 -30425
-7 21 -13 22 -42941
-17 23 -13 22 -34649
-2 4 -2 3 -41785
-1 -6 1 -6 -40443
-22 2 -23 0 -42943
-15 -1 -15 2 -42847
21 -3 21 -4 -42359
13 22 22 22 -37915
4 11 8 12 -43253
14 15 19 15 -46503
-7 -5 -10 -8 -44681
3 23 4 25 -28191
25 -4 25 4 -41303
-21 6 -21 1 -52599
-9 -18 -7 -17 -42465
-4 14 -5 17 -46921
25 -22 24 -19 -28227
24 6 24 8 -30585
-21 11 -22 11 -38201
18 -25 19 -23 -27415
18 -1 20 0 -44045
-7 -20 -6 -22 -46913
9 22 10 23 -37045
-19 -18 -22 -16 -45007
-5 -19 -2 -18 -48045
-24 -11 -24 -6 -41887
-15 19 -11 15 -45399
21 24 -23 23 -43631
5 -10 1 -7 -43443
-24 -18 -21 -10 -50349
19 4 19 7 -47115
25 19 23 17 -20483
22 10 24 13 -34553
15 23 16 17 -52387
6 -14 9 -13 -46459
25 21 22 20 -13741
-4 -21 2 -24 -41091
-1 8 0 11 -43071
-21 17 -22 21 -49459
25 -17 24 -15 -30017
19 -15 22 -16 -39891
-21 -25 -19 -23 -35735
6 8 6 10 -41103
0 -13 -2 -12 -42235
5 8 2 10 -46187
9 -17 11 -19 -41149
0 23 1 24 -32597
10 -20 13 -20 -42061
10 23 -14 23 -47165
25 -9 25 -25 -42973
17 8 19 7 -45883
-3 11 -5 10 -47257
11 -3 12 -2 -44381
-16 -14 -10 -13 -49951
-19 9 -18 8 -44149
8 -16 8 -13 -43943
-25 13 -25 11 -36465
15 -16 15 -18 -44493
-3 14 -6 15 -47229
3 -8 5 -12 -46235
-16 17 -11 15 -45269
-7 11 -5 11 -46739
-25 2 -25 -6 -46111
-25 -23 -25 -25 -18351
0 13 3 13 -45443
-8 25 -11 23 -32573
10 8 11 4 -50567
-19 11 -22 13 -44961
18 6 14 10 -52921
3 4 0 6 -49535
2 21 3 21 -32205
1 8 1 3 -47469
-1 -12 0 -11 -45567
-19 -24 -16 -22 -40349
13 10 9 10 -48471
-2 -23 -11 -24 -47479
14 16 23 14 -48541
13 -17 12 -20 -50423
17 3 17 4 -49617
4 22 11 22 -46131
2 -14 0 -17 -49693
10 -17 7 -16 -44003
-9 -8 -15 -10 -50533
-16 -24 -8 -18 -51943
11 -3 12 0 -44889
5 -24 3 -17 -48337
-23 -21 -24 -12 -49401
-21 -10 -19 -4 -51875
-7 13 -11 16 -48233
-7 -5 -6 -3 -45711
6 -22 -7 -23 -51699
-22 -2 -18 -2 -44089
-20 -10 -23 -11 -34783
23 -24 14 -20 -42631
16 3 23 4 -50893
14 -4 14 -11 -51823
21 -24 1 -24 -52103
7 1 10 -4 -46211
16 10 21 11 -46143
-18 13 -17 11 -46475
-4 -7 -6 -9 -44139
20 13 21 15 -43559
3 -23 4 -21 -43245
2 -19 3 -21 -40117
7 9 9 7 -47503
11 12 9 11 -43759
-17 21 -22 22 -43401
-5 6 -3 4 -50499
-21 -20 -19 -19 -48229
-14 9 -12 12 -42797
-15 1 -12 1 -41375
-14 14 -14 8 -45563
23 -1 23 -3 -39637
-7 5 -5 7 -53039
-10 0 22 8 -58647
-14 -4 -12 -5 -39503
14 19 16 20 -43133
-15 -3 -18 1 -50881
-19 -4 -17 -5 -44297
-1 8 -4 11 -48215
-12 -16 -19 -17 -43873
21 10 18 10 -42351
18 -16 16 -16 -49499
17 6 17 9 -44671
9 -2 11 -5 -44889
0 -19 4 -17 -48925
23 8 18 12 -47583
-20 21 -21 23 -34845
-23 23 -11 23 -46775
2 17 6 21 -48331
-23 21 -19 22 -40371
-8 18 -9 18 -45365
1 -1 2 -4 -44177
-22 -21 -23 -22 -36451
-4 -13 -7 18 -63367
-9 11 -17 11 -48329
-4 22 -7 20 -52941
6 -13 7 -14 -41641
-5 -11 -6 -8 -52907
19 4 16 1 -52511
-7 19 -5 18 -46761
16 9 13 10 -46197
0 13 5 12 -49893
-13 -15 -6 -18 -49231
-19 19 -14 18 -45931
5 -16 3 -20 -47999
-3 7 -5 7 -45177
-17 -4 -19 -6 -48571
8 13 4 15 -46347
2 16 1 13 -41879
14 -10 22 -8 -49033
-8 19 -10 11 -49747
7 -23 3 -21 -42915
-3 1 -4 -3 -47443
-10 -24 -5 -18 -54431
-1 3 -2 3 -38485
-8 4 -8 7 -46939
-15 4 -16 6 -40519
19 -9 15 -8 -47295
-23 15 -24 5 -48595
17 -18 9 -17 -52779
-23 -5 -23 -2 -49197
1 12 3 8 -45901
-18 10 -19 12 -46845
2 -23 -7 -22 -48239
19 4 21 1 -47925
-14 -24 -13 -19 -54373
-15 -4 -11 -4 -41343
-21 10 -22 6 -44491
5 -3 -2 -3 -47485
-1 -13 2 -16 -45853
18 -6 17 -3 -46657
19 22 17 20 -39235
3 23 23 22 -44747
-4 20 -9 22 -51075
18 -18 20 -15 -47869
23 -13 20 -8 -44481
-6 -4 -3 -7 -52117
20 -7 11 -7 -49675
1 -13 -2 -14 -48079
-22 0 -17 -2 -48307
-6 22 0 22 -43847
-16 -9 -12 -7 -50245
23 23 22 2 -48735
0 6 5 8 -49771
-24 -24 2 -24 -45597
-18 -22 16 -22 -47399
3 -13 7 -17 -48263
7 -24 8 -21 -40977
-18 20 -17 21 -45095
21 9 18 12 -49069
-16 -9 -21 -9 -42283
-22 18 -20 13 -48375
-6 21 -4 22 -51241
-8 -20 -7 -23 -48523
-15 4 -16 2 -45293
16 15 20 16 -46633
19 -12 23 -15 -47265
-24 -2 -17 0 -47147
-23 2 -24 5 -44909
9 18 16 18 -47343
17 -15 11 -11 -51161
-24 -3 -22 -1 -36883
19 5 2 23 -62855
-16 19 -18 17 -46363
-4 -2 1 0 -46327
23 -11 23 -17 -44349
14 -9 13 -12 -48315
-19 -6 -15 -8 -45627
-13 -9 -13 -6 -41769
-23 14 -18 14 -48649
10 -9 11 -5 -48593
10 -17 8 -18 -47519
-15 -11 -17 -7 -43811
-12 -15 -11 -16 -43489
-14 -23 -14 -21 -52285
-1 -19 -4 -20 -48177
8 20 13 21 -45935
-10 -9 -9 -12 -52445
-11 7 -9 2 -51685
-19 21 -9 22 -43421
-8 9 -5 10 -49685
-4 -23 -7 -24 -43245
2 20 -2 23 -38095
-7 -20 -8 -22 -45241
-17 7 -17 8 -38739
-24 1 -22 6 -46083
-21 2 -21 -1 -45315
-18 4 -12 3 -48979
-20 2 -23 4 -45663
-23 14 -24 14 -33413
-6 -3 -4 -1 -47223
-21 8 -14 6 -50447
-15 -13 -10 -13 -49491
11 -12 11 -11 -43737
-5 7 -6 6 -50439
-6 12 -12 11 -47277
13 20 -10 -16 -65643
18 10 17 15 -51083
-14 15 -8 17 -47167
19 -2 19 1 -42555
12 21 14 23 -42295
-24 4 -17 7 -45361
-9 7 -16 5 -44189
-24 -5 -14 -24 -59767
3 -5 -1 -2 -45997
4 -1 8 1 -45659
23 -11 18 -5 -51437
18 11 10 10 -51409
9 3 13 0 -45455
11 21 13 17 -48717
13 8 12 8 -44385
-7 2 -13 5 -46161
-24 -21 -24 -18 -45961
-15 -4 -12 -1 -47309
22 17 19 20 -43283
8 4 8 7 -49055
18 -2 17 -5 -44109
16 5 14 5 -43427
-7 3 -6 1 -50485
-2 19 -1 22 -48711
20 13 20 12 -42291
-1 -24 -21 -24 -48125
-1 -4 0 -1 -46099
20 -4 12 -2 -50023
-14 -21 -20 -19 -41823
-6 22 -6 17 -42117
1 -11 2 -10 -41821
5 -3 4 -4 -44475
11 -23 6 -23 -44267
23 -10 18 -9 -40683
19 -2 23 -5 -50133
21 -23 -5 -24 -50585
6 -1 1 -2 -46195
-17 15 -22 18 -50291
0 10 -3 9 -50229
-12 -13 -12 -17 -44615
4 11 7 15 -44151
2 5 -3 6 -49725
-8 -8 -9 -3 -48297
-2 -22 -6 -24 -46443
-1 -15 -2 -9 -49905
14 -22 18 -19 -48555
8 -22 16 -24 -44361
-15 -11 -20 -13 -42651
18 13 18 17 -48393
8 -10 7 -9 -40711
-4 2 -11 2 -45715
-9 -6 -7 -7 -39519
5 -16 6 -13 -47619
13 -11 10 -15 -50125
-10 -22 -5 -23 -40373
13 -4 22 -1 -50339
8 7 8 8 -46315
0 17 -4 17 -41543
-19 -17 -22 -19 -48087
3 -1 2 -1 -40503
-19 -19 -19 -24 -47959
-7 8 -11 10 -42087
22 20 20 23 -43233
19 -4 23 -2 -39511
16 16 12 12 -48625
23 -15 17 -16 -43737
-20 -24 -14 -23 -37401
-22 -15 -19 -9 -48449
-1 22 -1 23 -38383
23 5 21 3 -36485
3 1 -1 4 -48277
-3 -21 -4 -16 -46295
17 0 17 4 -50557
-7 1 -6 2 -44047
-24 16 -21 16 -45239
-23 4 -24 10 -40721
-24 -12 -21 -16 -37459
6 -7 5 -11 -46841
7 -5 3 -8 -46091
19 -13 18 -16 -47727
-15 -12 -13 -14 -44415
-11 22 8 10 -61873
-19 4 -15 5 -49697
16 -12 14 -13 -44945
6 7 8 6 -47943
8 6 5 7 -47193
-16 3 -18 3 -45075
