-12 -13 -12 -10 -52304
18 4 21 5 -46966
-24 6 -19 2 -50514
23 19 17 21 -46516
23 2 15 2 -48070
-24 -5 -17 -10 -45832
23 3 24 1 -33558
-24 -15 -18 -18 -46694
12 10 10 14 -43866
15 0 10 -1 -48090
11 -20 6 -23 -46776
10 -3 17 -3 -50858
-6 9 -5 5 -47794
-16 -7 -17 -1 -45340
-5 -4 -6 -3 -46676
-10 -10 -11 -11 -42830
20 -17 19 -24 -44166
-25 -15 -23 -14 -25624
-20 16 -25 21 -45796
10 14 12 15 -45660
-9 25 -6 24 -30252
-11 2 -14 -1 -47638
25 25 24 22 -14070
17 -16 16 -14 -50008
-25 -11 -25 -8 -33802
9 19 6 18 -48978
-20 16 -18 17 -43372
-1 5 3 5 -46358
17 17 17 19 -46134
13 -21 13 -18 -42746
1 -12 2 -12 -39180
25 -24 21 -22 -11214
13 -8 7 -8 -48918
-6 -10 -6 -9 -45098
8 7 14 7 -49548
20 18 20 14 -44184
4 13 0 11 -47514
-15 -24 -14 -25 -26982
8 15 9 16 -45514
-2 -17 0 -25 -48546
-20 -5 -20 -4 -41198
4 18 3 15 -45814
-17 -5 -22 -8 -48084
13 4 6 3 -46202
16 21 19 23 -42718
-22 -10 -21 -7 -40638
-2 -17 -3 -12 -48418
23 -23 14 -24 -39928
-18 -4 -16 -3 -41238
12 -3 12 -5 -42494
-23 24 -25 24 -13914
13 -15 12 -13 -42696
2 -25 2 -23 -27850
22 -19 22 -20 -41148
-24 -23 -19 -21 -42516
11 -24 17 -23 -42794
1 -23 0 -24 -33728
-4 -17 0 -15 -49972
-24 19 -24 15 -39978
-22 -14 -24 -18 -45348
-13 25 -10 17 -46568
-11 -24 -10 -25 -25586
-20 19 -20 22 -40890
-25 10 -25 24 -45440
-23 -1 -24 5 -49138
19 -22 17 -19 -41008
22 -10 20 -15 -46178
2 -9 -7 -8 -50332
7 22 -8 22 -49608
-2 -2 -5 -1 -38584
25 2 23 2 -14084
4 -25 10 -25 -43140
-4 10 1 12 -52220
-24 24 -14 25 -40312
-5 -13 -4 -14 -40428
-4 12 -4 13 -35214
-25 14 -24 13 -31706
-4 23 -2 20 -42700
11 -20 12 -18 -46028
-24 -4 -25 -4 -13734
17 -25 15 -23 -28190
-16 15 -12 17 -44864
-23 16 -21 20 -45474
-8 25 -8 23 -24224
0 23 -17 23 -46824
-10 1 -10 -3 -42802
15 -6 13 -10 -51056
-1 -9 2 -5 -48000
8 -14 9 -14 -45146
14 20 11 25 -40164
22 11 6 3 -61506
19 -15 21 -18 -47946
20 -8 20 -10 -37644
16 6 13 4 -51306
18 23 9 22 -45306
-13 0 -12 6 -46842
15 -16 17 -16 -48214
-13 -23 -13 -21 -43298
-16 -5 -10 -19 -65494
-1 23 13 22 -47754
-3 -19 -2 -16 -44462
-11 12 -18 12 -46954
-11 7 -11 9 -38420
8 18 3 23 -45522
-16 -13 -17 -17 -50454
-7 17 -7 14 -46742
25 -3 25 -6 -31826
23 -17 23 -20 -46740
-7 -12 -8 -14 -46346
8 -10 12 -10 -47200
23 -19 24 -17 -39292
-13 -10 -14 -13 -49918
-18 -24 -25 -23 -30018
6 -24 5 -24 -41890
-24 25 -25 20 -24544
17 -20 19 -20 -41698
5 18 9 15 -48560
-20 12 -24 9 -46546
7 19 11 21 -51708
-24 -9 -25 0 -47088
18 19 23 21 -42106
7 -22 7 -23 -33374
-9 12 -7 11 -41580
19 -1 15 -3 -46530
-5 3 -5 1 -44394
-9 -13 -9 -11 -49238
-18 -20 -18 -17 -46526
-16 20 -16 19 -40638
-24 -18 -22 -24 -41024
-24 19 -21 19 -39232
-1 -24 7 -24 -42260
5 8 2 -8 -63326
-19 -15 -19 -18 -49206
13 -14 14 -14 -39236
18 23 22 20 -46290
13 0 16 -3 -46930
-19 11 -18 13 -44404
20 5 21 2 -49998
16 19 16 23 -51064
18 5 20 9 -48770
-24 16 -23 17 -37120
12 16 13 13 -45030
-20 -15 -20 -13 -45048
21 25 24 23 -25948
10 -7 10 -8 -42748
14 -1 11 1 -47012
20 -23 12 -24 -46232
7 19 6 19 -40124
12 24 12 22 -33262
-13 -23 -11 -23 -32324
-23 8 -24 16 -52560
-18 23 -17 25 -26842
-22 -5 -23 -1 -48350
2 1 2 0 -38272
8 -4 12 -4 -42690
-11 -1 -5 -1 -45326
-6 -4 -5 -5 -46376
20 -5 22 -6 -40336
10 3 10 2 -36668
-5 -22 -4 -25 -31890
16 4 17 3 -44824
-12 -19 -14 -16 -46846
15 18 14 19 -43248
24 15 25 13 -25192
-6 21 -2 25 -43726
-15 -24 -7 -19 -47532
-16 -22 -16 -20 -42826
3 -24 5 -24 -39300
-2 -11 -8 -11 -39820
4 -3 7 4 -53178
8 4 9 6 -44604
11 22 15 21 -42516
-23 -19 -23 -20 -43884
12 -25 10 -24 -30724
24 -11 25 -10 -17132
-16 21 -16 22 -36680
20 8 23 12 -39346
-8 18 -6 19 -42102
-14 -20 -9 -16 -49768
2 16 -2 18 -46238
16 -11 15 -7 -46590
20 -2 22 -3 -37482
24 -21 19 -25 -28226
16 -16 15 -15 -49276
-25 -24 -23 -22 -23844
1 25 5 25 -28312
-9 -13 -10 -13 -39804
24 -13 23 -12 -30874
-7 21 -13 22 -41326
-17 23 -13 22 -33958
-2 4 -2 3 -42242
-1 -6 1 -6 -42490
-22 2 -23 0 -41328
-15 -1 -15 2 -41104
21 -3 21 -4 -41468
13 22 22 22 -42088
4 11 8 12 -43232
14 15 19 15 -45098
-7 -5 -10 -8 -44306
3 23 4 25 -29706
25 -4 25 4 -39574
-2 -6 0 -8 -45718
-9 -18 -7 -17 -43960
-4 14 -5 17 -50068
25 -22 24 -19 -28618
24 6 24 8 -29870
-21 11 -22 11 -42468
18 -25 19 -23 -26056
18 -1 20 0 -43896
-7 -20 -6 -22 -44108
9 22 10 23 -39128
-19 -18 -22 -16 -46030
-5 -19 -2 -18 -46226
-24 -11 -24 -6 -39066
-15 19 -11 15 -46796
21 24 -23 23 -43822
5 -10 1 -7 -49582
-24 -18 -21 -10 -50494
19 4 19 7 -47442
25 19 23 17 -26742
22 10 24 13 -33876
-18 10 -22 11 -49388
6 -14 9 -13 -47508
25 21 22 20 -19014
-4 -21 2 -24 -38446
-1 8 0 11 -43672
-24 17 -23 -6 -54142
25 -17 24 -15 -30566
19 -15 22 -16 -41224
-21 -25 -19 -23 -35548
6 8 6 10 -41884
0 -13 -2 -12 -42672
5 8 2 10 -46464
9 -17 11 -19 -46568
0 23 1 24 -32164
10 -20 13 -20 -49682
10 23 -14 23 -47624
25 -9 25 -25 -43740
17 8 19 7 -44298
-3 11 -5 10 -43620
11 -3 12 -2 -47586
-2 -14 -24 9 -67164
-19 9 -18 8 -43580
8 -16 8 -13 -45704
-25 13 -25 11 -39478
15 -16 15 -18 -44376
-3 14 -6 15 -46646
-13 -23 -19 -21 -45922
-16 17 -11 15 -46070
-7 11 -5 11 -39078
-25 2 -25 -6 -44578
-25 -23 -25 -25 -18268
0 13 3 13 -45706
-8 25 -11 23 -31842
-4 23 11 -12 -66054
-19 11 -22 13 -49696
15 10 16 5 -48918
3 4 0 6 -49638
2 21 3 21 -35150
1 8 1 3 -48228
-1 -12 0 -11 -44222
-19 -24 -16 -22 -42226
13 10 9 10 -47380
-2 -23 -11 -24 -44302
14 16 23 14 -48438
7 8 -14 -4 -63658
17 3 17 4 -49308
4 22 11 22 -45924
2 -14 0 -17 -51808
10 -17 7 -16 -47966
6 -9 0 -7 -50556
16 -24 -4 -16 -54466
11 -3 12 0 -47606
5 -24 3 -17 -51214
-23 -21 -24 -12 -49206
-15 -14 -18 -14 -41042
-7 13 -11 16 -48000
-7 -5 -6 -3 -46644
21 -16 19 -18 -48044
-22 -2 -18 -2 -43292
-20 -10 -23 -11 -36516
23 -24 14 -20 -42520
16 3 23 4 -50768
23 22 19 17 -47054
-8 19 -10 23 -45040
7 1 10 -4 -50226
16 10 21 11 -46680
-18 13 -17 11 -47888
-4 -7 -6 -9 -43028
20 13 21 15 -43604
3 -23 4 -21 -41466
2 -19 3 -21 -41962
7 9 9 7 -47154
11 12 9 11 -45144
-17 21 -22 22 -42724
-5 6 -3 4 -48570
-21 -20 -19 -19 -48028
-14 9 -12 12 -43306
-15 1 -12 1 -39650
-14 14 -14 8 -45554
23 -1 23 -3 -38602
8 17 9 21 -47414
3 -18 8 -20 -49648
-14 -4 -12 -5 -39232
14 19 16 20 -45346
9 -10 17 -11 -51814
-19 -4 -17 -5 -42182
-1 8 -4 11 -43616
-12 -16 -19 -17 -47012
21 10 18 10 -42934
18 -16 16 -16 -49038
17 6 17 9 -47518
9 -2 11 -5 -47538
0 -19 4 -17 -45484
23 8 18 12 -47086
-20 21 -21 23 -32888
-23 23 -11 23 -47392
2 17 6 21 -51118
-23 21 -19 22 -41054
-8 18 -9 18 -40486
1 -1 2 -4 -48130
-22 -21 -23 -22 -36434
14 -21 9 -18 -51272
-9 11 -17 11 -48322
-1 15 -2 19 -47590
6 -13 7 -14 -42800
-5 -11 -6 -8 -50694
19 4 16 1 -52282
-7 19 -5 18 -43116
16 9 13 10 -41654
0 13 5 12 -47852
-13 -15 -6 -18 -47364
-19 19 -14 18 -46014
5 -16 3 -20 -50730
-3 7 -5 7 -39346
-11 -17 -10 -13 -51828
8 13 4 15 -46702
2 16 1 13 -44458
14 -10 22 -8 -50554
-8 19 -10 11 -49944
7 -23 3 -21 -45908
-3 1 -4 -3 -48210
16 10 12 8 -48932
-1 3 -2 3 -36626
-8 4 -8 7 -40312
-15 4 -16 6 -35462
19 -9 15 -8 -46716
-12 7 -6 9 -46814
-22 5 -21 9 -48364
-23 -5 -23 -2 -46692
1 12 3 8 -45644
-18 10 -19 12 -49870
2 -23 -7 -22 -43172
19 4 21 1 -47024
21 -14 20 -16 -50140
-15 -4 -11 -4 -40278
-21 10 -22 6 -49672
5 -3 -2 -3 -49754
-1 -13 2 -16 -46570
18 -6 17 -3 -45104
19 22 17 20 -47858
3 23 23 22 -45196
-4 20 -9 22 -47250
3 19 3 23 -43900
23 -13 20 -8 -46218
-7 -10 -9 -8 -48258
20 -7 11 -7 -52614
1 -13 -2 -14 -48594
-22 0 -17 -2 -46316
-6 22 0 22 -39612
-16 -9 -12 -7 -44340
23 23 22 2 -48266
0 6 5 8 -49838
-24 -24 2 -24 -45360
22 -6 23 -8 -37900
3 -13 7 -17 -49738
7 -24 8 -21 -40282
-18 20 -17 21 -45910
21 9 18 12 -46820
-16 -9 -21 -9 -45510
-22 18 -20 13 -48210
-6 21 -4 22 -41382
-8 -20 -7 -23 -44090
-15 4 -16 2 -44010
16 15 20 16 -47302
19 -12 23 -15 -47460
-24 -2 -17 0 -45696
-23 2 -24 5 -42672
9 18 16 18 -47888
-5 15 3 14 -51186
-24 -3 -22 -1 -35712
-23 8 -23 14 -51260
-16 19 -18 17 -45700
-4 -2 1 0 -45596
23 -11 23 -17 -45594
14 -9 13 -12 -46322
-19 -6 -15 -8 -45108
-13 -9 -13 -6 -40744
-23 14 -18 14 -53110
10 -9 11 -5 -49784
10 -17 8 -18 -48120
-15 -11 -17 -7 -43988
-12 -15 -11 -16 -45406
-14 -23 -14 -21 -43762
-1 -19 -4 -20 -45818
8 20 13 21 -47490
8 17 11 13 -48926
6 -5 3 -3 -45456
-19 21 -9 22 -45804
10 -15 -24 6 -63988
-4 -23 -7 -24 -39212
2 20 -2 23 -43562
-7 -20 -8 -22 -40004
-17 7 -17 8 -39456
-24 1 -22 6 -41920
-21 2 -21 -1 -42780
-18 4 -12 3 -45846
-20 2 -23 4 -44402
-23 14 -24 14 -33676
-6 -3 -4 -1 -48414
17 21 17 19 -50072
-15 -13 -10 -13 -44696
11 -12 11 -11 -38180
-5 7 -6 6 -40196
-10 -23 -18 -23 -42760
11 -18 12 -18 -47336
1 19 -2 -8 -64066
-14 15 -8 17 -46372
19 -2 19 1 -42300
12 21 14 23 -44482
-24 4 -17 7 -46590
-9 7 -16 5 -46000
-8 23 -13 18 -47866
3 -5 -1 -2 -51486
4 -1 8 1 -47610
23 -11 18 -5 -53860
7 21 -24 10 -61320
9 3 13 0 -47136
11 21 13 17 -50560
13 8 12 8 -44808
-7 2 -13 5 -42138
-24 -21 -24 -18 -45898
-15 -4 -12 -1 -46422
22 17 19 20 -44114
8 4 8 7 -45662
18 -2 17 -5 -45358
16 5 14 5 -44162
-7 3 -6 1 -48022
-2 19 -1 22 -44440
20 13 20 12 -37116
-1 -24 -21 -24 -49082
-1 -4 0 -1 -48330
20 -4 12 -2 -50414
-14 -21 -20 -19 -45988
-6 22 -6 17 -46298
1 -11 2 -10 -41774
5 -3 4 -4 -46168
11 -23 6 -23 -45772
23 -10 18 -9 -41704
12 -18 13 -17 -45954
21 -23 -5 -24 -44266
6 -1 1 -2 -49476
-17 15 -22 18 -51538
0 10 -3 9 -47914
-12 -13 -12 -17 -52096
4 11 7 15 -45572
2 5 -3 6 -48314
-8 -8 -9 -3 -46636
-2 -22 -6 -24 -41732
-1 -15 -2 -9 -47728
14 -22 18 -19 -47324
8 -22 16 -24 -46610
-15 -11 -20 -13 -46674
18 13 18 17 -46678
8 -10 7 -9 -38894
-4 2 -11 2 -45638
-9 -6 -7 -7 -40932
5 -16 6 -13 -49622
21 -12 -6 13 -62442
-10 -22 -5 -23 -39146
-13 -16 -9 -15 -47448
8 7 8 8 -44086
0 17 -4 17 -43098
-19 -17 -22 -19 -47536
3 -1 2 -1 -42856
-19 -19 -19 -24 -44822
-7 8 -11 10 -42426
22 20 20 23 -44218
19 -4 23 -2 -38472
16 16 12 12 -47764
23 -15 17 -16 -47436
-20 -24 -14 -23 -43020
-22 -15 -19 -9 -49566
-1 22 -1 23 -36800
23 5 21 3 -36934
3 1 -1 4 -48454
-3 -21 -4 -16 -46882
17 0 17 4 -50404
-7 1 -6 2 -43500
-24 16 -21 16 -45856
-23 4 -24 10 -43400
-24 -12 -21 -16 -37416
6 -7 5 -11 -42770
7 -5 3 -8 -47074
19 -13 18 -16 -52496
-15 -12 -13 -14 -44506
3 -20 3 -13 -51808
-19 4 -15 5 -48158
16 -12 14 -13 -47522
6 7 8 6 -47192
8 6 5 7 -46824
-16 3 -18 3 -42170
