-12 -13 -12 -10 -49701
18 4 21 5 -44557
-24 6 -19 2 -50225
23 19 17 21 -45405
23 2 15 2 -46023
-24 -5 -17 -10 -45863
23 3 24 1 -31519
-24 -15 -18 -18 -45869
12 10 10 14 -43891
15 0 10 -1 -46095
11 -20 6 -23 -47351
10 -3 17 -3 -46921
-6 9 -5 5 -48733
-16 -7 -17 -1 -44731
-5 -4 -6 -3 -44951
-10 -10 -11 -11 -43613
20 -17 19 -24 -43643
-25 -15 -23 -14 -25327
-20 16 -25 21 -45095
10 14 12 15 -44571
-9 25 -6 24 -31329
-11 2 -14 -1 -46913
25 25 24 22 -13557
17 -16 16 -14 -52439
-25 -11 -25 -8 -34129
9 19 6 18 -48669
-20 16 -18 17 -45341
-1 5 3 5 -45271
17 17 17 19 -43991
13 -21 13 -18 -41403
1 -12 2 -12 -33465
25 -24 21 -22 -11523
13 -8 7 -8 -47735
-6 -10 -6 -9 -44859
8 7 14 7 -47963
20 18 20 14 -44409
4 13 0 11 -47825
-15 -24 -14 -25 -27789
8 15 9 16 -45021
-2 -17 0 -25 -47777
-20 -5 -20 -4 -40935
4 18 3 15 -43959
-17 -5 -22 -8 -47769
13 4 6 3 -45865
16 21 19 23 -43115
-22 -10 -21 -7 -40933
-2 -17 -3 -12 -46791
23 -23 14 -24 -40659
-18 -4 -16 -3 -41979
12 -3 12 -5 -43925
-23 24 -25 24 -14535
13 -15 12 -13 -43835
2 -25 2 -23 -27617
22 -19 22 -20 -40703
-24 -23 -19 -21 -43375
11 -24 17 -23 -40577
1 -23 0 -24 -33715
-4 -17 0 -15 -48361
-24 19 -24 15 -39425
-22 -14 -24 -18 -45757
-13 25 -10 17 -46887
-11 -24 -10 -25 -26257
-20 19 -20 22 -41921
-25 10 -25 24 -44889
-23 -1 -24 5 -45709
19 -22 17 -19 -40671
22 -10 20 -15 -45461
2 -9 -7 -8 -48777
7 22 -8 22 -47829
-2 -2 -5 -1 -38941
25 2 23 2 -13829
4 -25 10 -25 -42573
-5 -4 -6 -6 -48019
-24 24 -14 25 -45519
-5 -13 -4 -14 -39451
-4 12 -4 13 -36623
-25 14 -24 13 -30153
-4 23 -2 20 -42255
11 -20 12 -18 -44931
-24 -4 -25 -4 -13655
17 -25 15 -23 -28977
-16 15 -12 17 -46911
-23 16 -21 20 -46863
-8 25 -8 23 -24273
0 23 -17 23 -47377
-10 1 -10 -3 -41597
15 -6 13 -10 -48547
-1 -9 2 -5 -50717
8 -14 9 -14 -43981
14 20 11 25 -38543
7 -4 9 -6 -48715
19 -15 21 -18 -47647
20 -8 20 -10 -36341
16 6 13 4 -46409
18 23 9 22 -44125
-13 0 -12 6 -45531
15 -16 17 -16 -45907
-13 -23 -13 -21 -44685
-5 7 -4 12 -46201
-1 23 13 22 -48847
-3 -19 -2 -16 -44761
-11 12 -18 12 -46851
-11 7 -11 9 -39397
8 18 3 23 -48787
-16 -13 -17 -17 -47307
-7 17 -7 14 -46685
25 -3 25 -6 -30981
23 -17 23 -20 -45335
-7 -12 -8 -14 -45093
8 -10 12 -10 -44695
23 -19 24 -17 -37829
-13 -10 -14 -13 -48567
-18 -24 -25 -23 -30979
6 -24 5 -24 -39685
-24 25 -25 20 -24597
17 -20 19 -20 -43183
-11 -23 -13 -24 -38557
-20 12 -24 9 -49123
7 19 11 21 -51329
-24 -9 -25 0 -45681
18 19 23 21 -42181
7 -22 7 -23 -33773
-9 12 -7 11 -49271
19 -1 15 -3 -44103
-5 3 -5 1 -44009
-9 -13 -9 -11 -47333
-18 -20 -18 -17 -47475
-16 20 -16 19 -42039
-24 -18 -22 -24 -41727
-24 19 -21 19 -40231
-1 -24 7 -24 -41349
14 -11 13 -10 -41325
-19 -15 -19 -18 -48053
13 -14 14 -14 -36343
18 23 22 20 -45951
13 0 16 -3 -46807
-19 11 -18 13 -44949
20 5 21 2 -48225
16 19 16 23 -48785
18 5 20 9 -46991
-24 16 -23 17 -37667
12 16 13 13 -44337
-20 -15 -20 -13 -43893
21 25 24 23 -25433
10 -7 10 -8 -43163
14 -1 11 1 -46769
20 -23 12 -24 -44159
7 19 6 19 -40391
12 24 12 22 -33453
-13 -23 -11 -23 -40259
-23 8 -24 16 -49695
-18 23 -17 25 -27201
-22 -5 -23 -1 -47387
2 1 2 0 -35949
8 -4 12 -4 -43101
-11 -1 -5 -1 -45757
-6 -4 -5 -5 -44957
20 -5 22 -6 -37287
10 3 10 2 -35793
-5 -22 -4 -25 -31501
16 4 17 3 -44013
-12 -19 -14 -16 -53123
15 18 14 19 -39429
24 15 25 13 -25281
-6 21 -2 25 -43083
-15 -24 -7 -19 -53413
-16 -22 -16 -20 -44325
3 -24 5 -24 -37577
-2 -11 -8 -11 -39741
4 -3 7 4 -49765
8 4 9 6 -44847
11 22 15 21 -39947
-23 -19 -23 -20 -44525
12 -25 10 -24 -30265
24 -11 25 -10 -17283
-16 21 -16 22 -36505
20 8 23 12 -38707
-8 18 -6 19 -41875
-14 -20 -9 -16 -52295
2 16 -2 18 -45389
16 -11 15 -7 -48493
20 -2 22 -3 -36213
24 -21 19 -25 -31069
16 -16 15 -15 -49705
-25 -24 -23 -22 -23883
1 25 5 25 -27863
-9 -13 -10 -13 -40427
24 -13 23 -12 -31093
-7 21 -13 22 -44057
-17 23 -13 22 -34571
-2 4 -2 3 -42123
-1 -6 1 -6 -38989
-22 2 -23 0 -38991
-15 -1 -15 2 -39529
21 -3 21 -4 -40957
13 22 22 22 -41149
4 11 8 12 -45883
14 15 19 15 -44051
-7 -5 -10 -8 -45625
3 23 4 25 -28955
25 -4 25 4 -38933
-2 -6 0 -8 -42967
-9 -18 -7 -17 -44889
-4 14 -5 17 -51655
25 -22 24 -19 -28193
24 6 24 8 -29823
-21 11 -22 11 -44979
18 -25 19 -23 -26035
18 -1 20 0 -40447
-7 -20 -6 -22 -44445
9 22 10 23 -38305
-19 -18 -22 -16 -45927
-5 -19 -2 -18 -46991
-24 -11 -24 -6 -39639
-15 19 -11 15 -49797
21 24 -23 23 -44245
20 19 3 -19 -67209
-24 -18 -21 -10 -50851
19 4 19 7 -46885
25 19 23 17 -26425
22 10 24 13 -33759
-18 10 -22 11 -51435
6 -14 9 -13 -47459
25 21 22 20 -18435
-4 -21 2 -24 -37577
-1 8 0 11 -44115
-24 8 -18 8 -48555
25 -17 24 -15 -30733
19 -15 22 -16 -41941
-21 -25 -19 -23 -35665
6 8 6 10 -40367
0 -13 -2 -12 -40725
9 18 6 22 -46055
9 -17 11 -19 -44581
0 23 1 24 -31479
10 -20 13 -20 -48691
10 23 -14 23 -48051
25 -9 25 -25 -43781
17 8 19 7 -43111
-3 11 -5 10 -41783
11 -3 12 -2 -45045
-22 -24 16 -21 -51361
-19 9 -18 8 -43475
8 -16 8 -13 -45583
-25 13 -25 11 -38519
15 -16 15 -18 -45047
-3 14 -6 15 -47939
-13 -23 -19 -21 -47503
-16 17 -11 15 -47569
-7 11 -5 11 -42971
-25 2 -25 -6 -43509
-25 -23 -25 -25 -17847
0 13 3 13 -45247
-8 25 -11 23 -33563
6 10 4 11 -44053
-19 11 -22 13 -49847
15 10 16 5 -48055
3 4 0 6 -50123
2 21 3 21 -33909
1 8 1 3 -47717
-1 -12 0 -11 -43131
-19 -24 -16 -22 -43463
13 10 9 10 -45861
-2 -23 -11 -24 -48571
14 16 23 14 -47687
3 -2 3 -5 -48493
17 3 17 4 -47151
4 22 11 22 -46559
2 8 6 8 -48327
10 -17 7 -16 -45459
-12 -24 12 -22 -50461
-13 -17 -12 -19 -48545
11 -3 12 0 -46331
5 -24 3 -17 -48479
-23 -21 -24 -12 -49491
-15 -14 -18 -14 -41669
-7 13 -11 16 -52827
-4 18 14 -17 -66213
21 -16 19 -18 -47543
-22 -2 -18 -2 -43465
-20 -10 -23 -11 -36485
23 -24 14 -20 -42839
16 3 23 4 -48123
23 22 19 17 -45845
-8 19 -10 23 -46565
7 1 10 -4 -52291
16 10 21 11 -44471
-18 13 -17 11 -48671
-4 -7 -6 -9 -45047
20 13 21 15 -43035
3 -23 4 -21 -41835
2 -19 3 -21 -39437
7 9 9 7 -46835
11 12 9 11 -43025
-17 21 -22 22 -46859
-5 6 -3 4 -47903
-21 -20 -19 -19 -48265
-14 9 -12 12 -43629
-15 1 -12 1 -39689
-14 14 -14 8 -46567
23 -1 23 -3 -38183
8 17 9 21 -45367
7 -8 5 -5 -47875
-14 -4 -12 -5 -38451
14 19 16 20 -45435
-15 16 22 -7 -59935
-19 -4 -17 -5 -41885
-1 8 -4 11 -43885
-12 -16 -19 -17 -49033
21 10 18 10 -42293
18 -16 16 -16 -47427
17 6 17 9 -46761
9 -2 11 -5 -51843
0 -19 4 -17 -41677
23 8 18 12 -46763
-20 21 -21 23 -34011
-23 23 -11 23 -50779
2 17 6 21 -50129
-23 21 -19 22 -44327
-8 18 -9 18 -43455
1 -1 2 -4 -47717
-22 -21 -23 -22 -37375
14 -21 9 -18 -49673
-9 11 -17 11 -48157
-1 15 -2 19 -48015
6 -13 7 -14 -41175
-5 -11 -6 -8 -49395
-16 23 -21 23 -47717
-7 19 -5 18 -46297
16 9 13 10 -40287
0 13 5 12 -48799
-13 -15 -6 -18 -50079
-19 19 -14 18 -44637
5 -16 3 -20 -47453
-3 7 -5 7 -39263
-11 -17 -10 -13 -46269
8 13 4 15 -45917
2 16 1 13 -43991
14 -10 22 -8 -47257
-8 19 -10 11 -50151
7 -23 3 -21 -40667
-3 1 -4 -3 -48255
16 10 12 8 -46013
-1 3 -2 3 -35551
-8 4 -8 7 -40257
-15 4 -16 6 -35411
19 -9 15 -8 -47865
-12 7 -6 9 -48781
-22 5 -21 9 -48449
-23 -5 -23 -2 -46421
1 12 3 8 -44989
-18 10 -19 12 -49795
2 -23 -7 -22 -44739
19 4 21 1 -45799
21 -14 20 -16 -46825
-15 -4 -11 -4 -40597
-21 10 -22 6 -49885
5 -3 -2 -3 -45897
-1 -13 2 -16 -44543
18 -6 17 -3 -44247
19 22 17 20 -47161
3 23 23 22 -45137
-4 20 -9 22 -49549
3 19 3 23 -44085
23 -13 20 -8 -43523
-7 -10 -9 -8 -46957
3 4 8 0 -47619
1 -13 -2 -14 -45091
-22 0 -17 -2 -45513
-6 22 0 22 -38857
-16 -9 -12 -7 -46337
23 23 22 2 -48785
0 6 5 8 -50225
-24 -24 2 -24 -49571
22 -6 23 -8 -33919
3 -13 7 -17 -46325
7 -24 8 -21 -40855
-18 20 -17 21 -49151
21 9 18 12 -46771
-16 -9 -21 -9 -44893
-22 18 -20 13 -45247
-6 21 -4 22 -40285
-8 -20 -7 -23 -44829
-15 4 -16 2 -43837
16 15 20 16 -45783
19 -12 23 -15 -47361
-24 -2 -17 0 -46169
-23 2 -24 5 -41055
9 18 16 18 -47117
-5 15 3 14 -48363
-24 -3 -22 -1 -35421
-23 8 -23 14 -49669
-16 19 -18 17 -52061
-4 -2 1 0 -47005
23 -11 23 -17 -44941
14 -9 13 -12 -47213
-19 -6 -15 -8 -45053
-13 -9 -13 -6 -40801
-23 14 -18 14 -51773
10 -9 11 -5 -49629
10 -17 8 -18 -47811
-15 -11 -17 -7 -43975
-12 -15 -11 -16 -45495
-14 -23 -14 -21 -45109
-1 -19 -4 -20 -46477
8 20 13 21 -47115
8 17 11 13 -44987
6 -5 3 -3 -44789
-19 21 -9 22 -46311
16 -22 23 -19 -47701
-4 -23 -7 -24 -41999
2 20 -2 23 -41663
-7 -20 -8 -22 -40203
-17 7 -17 8 -39413
-24 1 -22 6 -40493
-21 2 -21 -1 -40757
-18 4 -12 3 -45379
-20 2 -23 4 -43995
-23 14 -24 14 -34361
-6 -3 -4 -1 -50137
17 21 17 19 -47757
-15 -13 -10 -13 -45237
11 -12 11 -11 -39799
-5 7 -6 6 -41669
-10 -23 -18 -23 -47613
11 -18 12 -18 -46927
-16 20 -3 13 -65045
-14 15 -8 17 -47879
19 -2 19 1 -40463
12 21 14 23 -44117
-24 4 -17 7 -50061
-9 7 -16 5 -45295
-8 23 -13 18 -48537
-16 19 -18 15 -53409
4 -1 8 1 -47905
18 -10 14 -8 -49733
-6 10 -9 11 -50487
9 3 13 0 -47301
17 -13 17 -16 -51245
13 8 12 8 -43199
-7 2 -13 5 -43633
-24 -21 -24 -18 -45921
-15 -4 -12 -1 -45737
22 17 19 20 -43775
8 4 8 7 -44973
18 -2 17 -5 -45105
16 5 14 5 -41949
-7 3 -6 1 -47139
-2 19 -1 22 -43881
20 13 20 12 -37969
-1 -24 -21 -24 -53301
-1 -4 0 -1 -50187
20 -4 12 -2 -47645
-14 -21 -20 -19 -47967
-6 22 -6 17 -45837
1 -11 2 -10 -39981
5 -3 4 -4 -46969
11 -23 6 -23 -45093
23 -10 18 -9 -38661
12 -18 13 -17 -44575
21 -23 -5 -24 -45145
6 -1 1 -2 -47919
0 -24 -2 18 -62513
0 10 -3 9 -40873
-5 -22 -19 -4 -64231
4 11 7 15 -46087
2 5 -3 6 -46203
-8 -8 -9 -3 -46395
-2 -22 -6 -24 -43705
-1 -15 -2 -9 -46355
15 21 1 -11 -68349
8 -22 16 -24 -45055
-15 -11 -20 -13 -46965
18 13 18 17 -46505
8 -10 7 -9 -39917
-4 2 -11 2 -47167
-9 -6 -7 -7 -39803
5 -16 6 -13 -48767
-8 -9 14 -7 -54407
-10 -22 -5 -23 -40823
-13 -16 -9 -15 -48967
8 7 8 8 -42535
0 17 -4 17 -40817
-19 -17 -22 -19 -48965
3 -1 2 -1 -40647
-19 -19 -19 -24 -45543
-7 8 -11 10 -48363
22 20 20 23 -43721
19 -4 23 -2 -37467
16 16 12 12 -47517
23 -15 17 -16 -47403
-20 -24 -14 -23 -44871
-22 -15 -19 -9 -49995
-1 22 -1 23 -36481
23 5 21 3 -35585
3 1 -1 4 -48649
-3 -21 -4 -16 -47217
17 0 17 4 -47137
-7 1 -6 2 -44159
-24 16 -21 16 -45565
-23 4 -24 10 -42507
-24 -12 -21 -16 -36409
6 -7 5 -11 -45063
7 -5 3 -8 -47745
-2 -1 -23 -15 -61679
-15 -12 -13 -14 -42813
3 -20 3 -13 -49271
-19 4 -15 5 -48751
16 -12 14 -13 -44261
6 7 8 6 -49115
8 6 5 7 -50179
-16 3 -18 3 -42295
