-12 -13 -12 -10 -49395
18 4 21 5 -45533
-24 6 -19 2 -52019
23 19 17 21 -46279
23 2 15 2 -46095
-24 -5 -17 -10 -45279
23 3 24 1 -31469
-24 -15 -18 -18 -48189
12 10 10 14 -45125
15 0 10 -1 -48727
11 -20 6 -23 -45675
10 -3 17 -3 -47975
-6 9 -5 5 -49011
-16 -7 -17 -1 -44975
-5 -4 -6 -3 -45059
-10 -10 -11 -11 -42747
20 -17 19 -24 -43455
-25 -15 -23 -14 -26055
-20 16 -25 21 -45265
10 14 12 15 -45877
-9 25 -6 24 -31063
-11 2 -14 -1 -46295
25 25 24 22 -13631
-15 -20 -9 -20 -49327
-25 -11 -25 -8 -34113
9 19 6 18 -49639
-20 16 -18 17 -44539
-1 5 3 5 -46097
17 17 17 19 -44123
13 -21 13 -18 -40643
1 -12 2 -12 -32709
25 -24 21 -22 -11499
13 -8 7 -8 -47545
-6 -10 -6 -9 -43291
8 7 14 7 -54023
20 18 20 14 -43725
4 13 0 11 -48635
-15 -24 -14 -25 -28265
8 15 9 16 -45271
-2 -17 0 -25 -46769
-20 -5 -20 -4 -40763
4 18 3 15 -43341
-17 -5 -22 -8 -47563
13 4 6 3 -51937
16 21 19 23 -43151
-22 -10 -21 -7 -40707
-2 -17 -3 -12 -45319
23 -23 14 -24 -40483
-18 -4 -16 -3 -41577
12 -3 12 -5 -44479
-23 24 -25 24 -14403
13 -15 12 -13 -41899
2 -25 2 -23 -27079
22 -19 22 -20 -41111
-24 -23 -19 -21 -47105
11 -24 17 -23 -39175
1 -23 0 -24 -32471
-4 -17 0 -15 -46937
-24 19 -24 15 -40259
-22 -14 -24 -18 -45741
-13 25 -10 17 -45657
-11 -24 -10 -25 -26521
-20 19 -20 22 -39439
-25 10 -25 24 -45449
-23 -1 -24 5 -50475
19 -22 17 -19 -40419
22 -10 20 -15 -44431
2 -9 -7 -8 -47353
7 22 -8 22 -47697
-2 -2 -5 -1 -39679
25 2 23 2 -13747
4 -25 10 -25 -41013
-5 -4 -6 -6 -47771
-24 24 -14 25 -43665
-5 -13 -4 -14 -38771
-4 12 -4 13 -36323
-25 14 -24 13 -30829
-4 23 -2 20 -41157
11 -20 12 -18 -44313
-24 -4 -25 -4 -13231
17 -25 15 -23 -27945
-16 15 -12 17 -47833
-23 16 -21 20 -46207
-8 25 -8 23 -24213
0 23 -17 23 -45489
-10 1 -10 -3 -42331
15 -6 13 -10 -50763
-1 -9 2 -5 -49601
8 -14 9 -14 -42927
14 20 11 25 -39727
7 -4 9 -6 -48471
19 -15 21 -18 -46065
20 -8 20 -10 -36411
16 6 13 4 -47437
18 23 9 22 -44229
-13 0 -12 6 -46249
15 -16 17 -16 -44847
-13 -23 -13 -21 -42589
-5 7 -4 12 -46259
-1 23 13 22 -49833
-3 -19 -2 -16 -43453
-11 12 -18 12 -47453
-11 7 -11 9 -40273
8 18 3 23 -52401
-16 -13 -17 -17 -47033
-7 17 -7 14 -45427
25 -3 25 -6 -30345
23 -17 23 -20 -45563
-7 -12 -8 -14 -44815
8 -10 12 -10 -44109
23 -19 24 -17 -37971
-13 -10 -14 -13 -48371
-18 -24 -25 -23 -34879
6 -24 5 -24 -38937
-24 25 -25 20 -23717
17 -20 19 -20 -43415
-11 -23 -13 -24 -36205
-20 12 -24 9 -49085
7 19 11 21 -50785
-24 -9 -25 0 -45721
18 19 23 21 -42563
7 -22 7 -23 -32857
-9 12 -7 11 -50411
19 -1 15 -3 -43909
-5 3 -5 1 -44613
-9 -13 -9 -11 -46611
-18 -20 -18 -17 -45527
-16 20 -16 19 -40165
-24 -18 -22 -24 -41607
-24 19 -21 19 -40025
-1 -24 7 -24 -39795
14 -11 13 -10 -41297
-19 -15 -19 -18 -47271
13 -14 14 -14 -35851
18 23 22 20 -45589
13 0 16 -3 -47255
-19 11 -18 13 -45011
20 5 21 2 -49137
16 19 16 23 -49035
18 5 20 9 -48385
-24 16 -23 17 -37819
12 16 13 13 -44735
-20 -15 -20 -13 -43513
21 25 24 23 -25999
10 -7 10 -8 -43985
14 -1 11 1 -46993
20 -23 12 -24 -42763
7 19 6 19 -42741
12 24 12 22 -34569
-13 -23 -11 -23 -40791
-23 8 -24 16 -49477
-18 23 -17 25 -25131
-22 -5 -23 -1 -47095
2 1 2 0 -36985
8 -4 12 -4 -45181
-11 -1 -5 -1 -45271
-6 -4 -5 -5 -45225
20 -5 22 -6 -37897
10 3 10 2 -37003
-5 -22 -4 -25 -31123
16 4 17 3 -45125
-22 -21 -19 -21 -45003
15 18 14 19 -39255
24 15 25 13 -25273
-6 21 -2 25 -43107
18 -3 14 17 -61229
-16 -22 -16 -20 -42415
3 -24 5 -24 -36767
-2 -11 -8 -11 -38403
4 -3 7 4 -53369
8 4 9 6 -47761
11 22 15 21 -40191
-23 -19 -23 -20 -43909
12 -25 10 -24 -29629
24 -11 25 -10 -17421
-16 21 -16 22 -34965
20 8 23 12 -39293
-8 18 -6 19 -42485
-14 -20 -9 -16 -50723
2 16 -2 18 -45737
16 -11 15 -7 -49225
20 -2 22 -3 -36737
24 -21 19 -25 -31731
16 -16 15 -15 -43053
-25 -24 -23 -22 -23743
1 25 5 25 -27777
-9 -13 -10 -13 -40051
24 -13 23 -12 -30779
-7 21 -13 22 -42847
-17 23 -13 22 -34415
-2 4 -2 3 -43011
-1 -6 1 -6 -38613
-22 2 -23 0 -41079
-15 -1 -15 2 -40483
21 -3 21 -4 -40913
13 22 22 22 -41771
4 11 8 12 -48175
14 15 19 15 -45247
-7 -5 -10 -8 -44357
3 23 4 25 -28557
25 -4 25 4 -38045
-2 -6 0 -8 -41901
-9 -18 -7 -17 -43595
-4 14 -5 17 -50469
25 -22 24 -19 -28227
24 6 24 8 -29777
-21 11 -22 11 -45933
18 -25 19 -23 -24773
18 -1 20 0 -40949
-7 -20 -6 -22 -43211
9 22 10 23 -38661
-19 -18 -22 -16 -48037
-5 -19 -2 -18 -46271
-24 -11 -24 -6 -39543
-15 19 -11 15 -47019
21 24 -23 23 -44145
-18 7 18 8 -54461
-24 -18 -21 -10 -50657
19 4 19 7 -47811
25 19 23 17 -26407
22 10 24 13 -33409
-18 10 -22 11 -52159
6 -14 9 -13 -46161
25 21 22 20 -19007
-4 -21 2 -24 -36561
-1 8 0 11 -44457
-24 8 -18 8 -48845
25 -17 24 -15 -30189
19 -15 22 -16 -41431
-21 -25 -19 -23 -37405
6 8 6 10 -40587
0 -13 -2 -12 -39895
9 18 6 22 -49611
9 -17 11 -19 -43997
0 23 1 24 -31231
10 -20 13 -20 -47123
10 23 -14 23 -47447
25 -9 25 -25 -43485
17 8 19 7 -42997
-3 11 -5 10 -42649
11 -3 12 -2 -47659
10 16 2 20 -56043
-19 9 -18 8 -44653
8 -16 8 -13 -44847
-25 13 -25 11 -38701
15 -16 15 -18 -43169
-3 14 -6 15 -47345
-13 -23 -19 -21 -47135
-16 17 -11 15 -45511
-7 11 -5 11 -43597
-25 2 -25 -6 -43907
-25 -23 -25 -25 -18587
0 13 3 13 -46637
-8 25 -11 23 -32265
6 10 4 11 -45089
-19 11 -22 13 -49933
15 10 16 5 -49897
3 4 0 6 -50399
2 21 3 21 -34623
1 8 1 3 -50267
-1 -12 0 -11 -42877
-19 -24 -16 -22 -43851
13 10 9 10 -49857
-2 -23 -11 -24 -46177
14 16 23 14 -48591
3 -2 3 -5 -48095
17 3 17 4 -48187
4 22 11 22 -48545
2 8 6 8 -49495
10 -17 7 -16 -44817
-12 -24 12 -22 -45943
-13 -17 -12 -19 -40129
11 -3 12 0 -48199
5 -24 3 -17 -47765
-23 -21 -24 -12 -48391
-15 -14 -18 -14 -41321
-7 13 -11 16 -50683
4 2 7 7 -57107
21 -16 19 -18 -46631
-22 -2 -18 -2 -43881
-20 -10 -23 -11 -36009
23 -24 14 -20 -42259
16 3 23 4 -48853
23 22 19 17 -45995
-8 19 -10 23 -45601
7 1 10 -4 -51479
16 10 21 11 -45739
-18 13 -17 11 -47917
-4 -7 -6 -9 -44001
20 13 21 15 -43391
3 -23 4 -21 -41121
2 -19 3 -21 -37839
7 9 9 7 -50097
11 12 9 11 -44713
-17 21 -22 22 -46369
-5 6 -3 4 -49603
-21 -20 -19 -19 -51549
-14 9 -12 12 -44605
-15 1 -12 1 -40007
-14 14 -14 8 -47219
23 -1 23 -3 -37651
8 17 9 21 -45145
7 -8 5 -5 -47743
-14 -4 -12 -5 -37851
14 19 16 20 -45773
19 12 22 10 -42483
-19 -4 -17 -5 -41533
-1 8 -4 11 -44493
-12 -16 -19 -17 -48577
21 10 18 10 -43519
18 -16 16 -16 -46405
17 6 17 9 -48013
9 -2 11 -5 -51081
0 -19 4 -17 -40737
23 8 18 12 -47549
-20 21 -21 23 -32875
-23 23 -11 23 -50175
2 17 6 21 -49837
-23 21 -19 22 -42469
-8 18 -9 18 -43759
1 -1 2 -4 -47213
-22 -21 -23 -22 -37253
14 -21 9 -18 -48319
-9 11 -17 11 -50541
-1 15 -2 19 -47213
6 -13 7 -14 -41823
-5 -11 -6 -8 -47747
-16 23 -21 23 -45705
-7 19 -5 18 -44791
16 9 13 10 -42087
0 13 5 12 -50029
-13 -15 -6 -18 -47845
-19 19 -14 18 -43555
5 -16 3 -20 -47027
-3 7 -5 7 -40931
-11 -17 -10 -13 -44461
8 13 4 15 -48521
2 16 1 13 -43373
14 -10 22 -8 -46531
-8 19 -10 11 -49985
7 -23 3 -21 -39263
-3 1 -4 -3 -48015
16 10 12 8 -47003
-1 3 -2 3 -36785
-8 4 -8 7 -40815
-15 4 -16 6 -37253
19 -9 15 -8 -46643
-12 7 -6 9 -50597
-22 5 -21 9 -50213
-23 -5 -23 -2 -45709
1 12 3 8 -44445
-18 10 -19 12 -49799
2 -23 -7 -22 -43395
19 4 21 1 -46531
21 -14 20 -16 -44863
-15 -4 -11 -4 -39407
-21 10 -22 6 -50871
5 -3 -2 -3 -45523
-1 -13 2 -16 -43493
18 -6 17 -3 -45015
19 22 17 20 -47829
3 23 23 22 -46029
-4 20 -9 22 -47871
3 19 3 23 -44209
23 -13 20 -8 -43805
-7 -10 -9 -8 -46611
3 4 8 0 -49117
1 -13 -2 -14 -44151
-22 0 -17 -2 -45635
-6 22 0 22 -38831
-16 -9 -12 -7 -44689
23 23 22 2 -48999
0 6 5 8 -53779
-24 -24 2 -24 -46199
22 -6 23 -8 -34173
3 -13 7 -17 -46517
7 -24 8 -21 -39569
15 1 2 -6 -64341
23 16 -11 4 -58693
-16 -9 -21 -9 -45023
-22 18 -20 13 -45241
-6 21 -4 22 -40203
-8 -20 -7 -23 -43801
-15 4 -16 2 -44371
16 15 20 16 -47095
19 -12 23 -15 -46221
-24 -2 -17 0 -46331
-23 2 -24 5 -44705
9 18 16 18 -47169
-5 15 3 14 -49685
-24 -3 -22 -1 -35689
-23 8 -23 14 -50111
-16 19 -18 17 -48923
-4 -2 1 0 -46583
23 -11 23 -17 -44083
14 -9 13 -12 -47953
-19 -6 -15 -8 -44403
-13 -9 -13 -6 -39719
-23 14 -18 14 -52325
10 -9 11 -5 -51295
10 -17 8 -18 -46511
-15 -11 -17 -7 -43321
-12 -15 -11 -16 -41767
-14 -23 -14 -21 -43305
-1 -19 -4 -20 -45723
8 20 13 21 -47243
8 17 11 13 -45669
6 -5 3 -3 -44931
-19 21 -9 22 -45385
16 -22 23 -19 -48211
-4 -23 -7 -24 -40251
2 20 -2 23 -41609
-7 -20 -8 -22 -38579
-17 7 -17 8 -40865
-24 1 -22 6 -44453
-21 2 -21 -1 -42699
-18 4 -12 3 -46911
-20 2 -23 4 -45557
-23 14 -24 14 -34761
-6 -3 -4 -1 -49109
17 21 17 19 -47735
-15 -13 -10 -13 -44751
11 -12 11 -11 -40843
-5 7 -6 6 -42429
-10 -23 -18 -23 -47459
11 -18 12 -18 -45397
-7 14 -13 13 -50667
-14 15 -8 17 -50745
19 -2 19 1 -41175
12 21 14 23 -44595
-24 4 -17 7 -50599
-9 7 -16 5 -46017
-8 23 -13 18 -47805
-16 19 -18 15 -51923
4 -1 8 1 -51877
18 -10 14 -8 -48787
-6 10 -9 11 -51463
9 3 13 0 -48689
17 -13 17 -16 -46977
13 8 12 8 -45811
-7 2 -13 5 -45409
-24 -21 -24 -18 -45341
-15 -4 -12 -1 -45177
22 17 19 20 -44383
8 4 8 7 -47477
18 -2 17 -5 -45345
16 5 14 5 -42903
-7 3 -6 1 -48279
-2 19 -1 22 -43713
20 13 20 12 -37377
-1 -24 -21 -24 -50011
-1 -4 0 -1 -49917
20 -4 12 -2 -47575
-14 -21 -20 -19 -47979
-6 22 -6 17 -45213
1 -11 2 -10 -39151
5 -3 4 -4 -47993
11 -23 6 -23 -44019
23 -10 18 -9 -37677
12 -18 13 -17 -44511
21 -23 -5 -24 -42051
6 -1 1 -2 -49445
6 8 13 6 -58265
0 10 -3 9 -41733
-8 -12 -17 10 -63569
4 11 7 15 -46363
2 5 -3 6 -47139
-8 -8 -9 -3 -45781
-2 -22 -6 -24 -42391
-1 -15 -2 -9 -44741
-24 -2 -24 10 -52145
8 -22 16 -24 -43751
-15 -11 -20 -13 -46611
18 13 18 17 -46485
8 -10 7 -9 -39587
-4 2 -11 2 -47671
-9 -6 -7 -7 -39033
5 -16 6 -13 -47393
13 -3 12 -20 -61827
-10 -22 -5 -23 -39311
-13 -16 -9 -15 -48771
8 7 8 8 -43411
0 17 -4 17 -41581
-19 -17 -22 -19 -50545
3 -1 2 -1 -41219
-19 -19 -19 -24 -44091
-7 8 -11 10 -50311
22 20 20 23 -43377
19 -4 23 -2 -37283
16 16 12 12 -47389
23 -15 17 -16 -48109
-20 -24 -14 -23 -44907
-22 -15 -19 -9 -49171
-1 22 -1 23 -36241
23 5 21 3 -36689
3 1 -1 4 -48911
-3 -21 -4 -16 -45897
17 0 17 4 -48449
-7 1 -6 2 -43953
-24 16 -21 16 -45983
-23 4 -24 10 -45651
-24 -12 -21 -16 -36729
6 -7 5 -11 -43521
7 -5 3 -8 -47853
-23 -16 -10 16 -62681
-15 -12 -13 -14 -41937
3 -20 3 -13 -48769
-19 4 -15 5 -48689
16 -12 14 -13 -43977
6 7 8 6 -53741
8 6 5 7 -54193
-16 3 -18 3 -42525
