-12 -13 -12 -10 -49977
18 4 21 5 -44825
-24 6 -19 2 -50441
23 19 17 21 -45111
23 2 15 2 -46881
-24 -5 -17 -10 -46921
23 3 24 1 -31521
-24 -15 -18 -18 -49867
12 10 10 14 -42537
15 0 10 -1 -46649
11 -20 6 -23 -46333
10 -3 17 -3 -48883
-6 9 -5 5 -47713
-16 -7 -17 -1 -46025
-5 -4 -6 -3 -45801
-10 -10 -11 -11 -43631
20 -17 19 -24 -43367
-25 -15 -23 -14 -25625
-20 16 -25 21 -43425
10 14 12 15 -44763
-9 25 -6 24 -31387
-11 2 -14 -1 -52383
25 25 24 22 -13631
-18 1 -16 0 -45769
-25 -11 -25 -8 -33851
9 19 6 18 -47329
-20 16 -18 17 -41609
-1 5 3 5 -44573
17 17 17 19 -43423
13 -21 13 -18 -41443
1 -12 2 -12 -43175
25 -24 21 -22 -11771
13 -8 7 -8 -48807
-6 -10 -6 -9 -44005
8 7 14 7 -47721
20 18 20 14 -43025
4 13 0 11 -48947
-15 -24 -14 -25 -32163
8 15 9 16 -43901
-2 -17 0 -25 -47901
-20 -5 -20 -4 -42027
4 18 3 15 -44591
-17 -5 -22 -8 -49017
13 4 6 3 -45639
16 21 19 23 -42267
-22 -10 -21 -7 -41265
-2 -17 -3 -12 -45895
23 -23 14 -24 -42751
-18 -4 -16 -3 -43265
12 -3 12 -5 -41805
-23 24 -25 24 -13893
13 -15 12 -13 -42421
2 -25 2 -23 -29315
22 -19 22 -20 -40691
-24 -23 -19 -21 -46395
11 -24 17 -23 -45635
1 -23 0 -24 -35525
-4 -17 0 -15 -50317
-24 19 -24 15 -38969
-22 -14 -24 -18 -45463
-13 25 -10 17 -46111
-11 -24 -10 -25 -27757
-20 19 -20 22 -39495
-25 10 -25 24 -44259
-23 -1 -24 5 -45811
19 -22 17 -19 -41789
22 -10 20 -15 -43499
2 -9 -7 -8 -51263
7 22 -8 22 -46851
-2 -2 -5 -1 -40023
25 2 23 2 -13529
4 -25 10 -25 -41791
-5 -4 -6 -6 -45777
-24 24 -14 25 -39013
-5 -13 -4 -14 -39681
-4 12 -4 13 -35671
-25 14 -24 13 -30245
-4 23 -2 20 -42471
11 -20 12 -18 -45405
-24 -4 -25 -4 -14307
17 -25 15 -23 -30887
-16 15 -12 17 -44833
-23 16 -21 20 -45347
-8 25 -8 23 -24417
0 23 -17 23 -46481
-10 1 -10 -3 -42049
15 -6 13 -10 -48463
-3 -16 4 -17 -52873
8 -14 9 -14 -43707
14 20 11 25 -38493
7 -4 9 -6 -45581
19 -15 21 -18 -46935
20 -8 20 -10 -36073
16 6 13 4 -45943
18 23 9 22 -43599
-13 0 -12 6 -47329
15 -16 17 -16 -46125
-13 -23 -13 -21 -45595
-5 7 -4 12 -44987
-1 23 13 22 -47325
-3 -19 -2 -16 -43329
-11 12 -18 12 -46509
-11 7 -11 9 -38075
8 18 3 23 -48945
-16 -13 -17 -17 -49003
-7 17 -7 14 -45521
25 -3 25 -6 -29823
23 -17 23 -20 -45403
-7 -12 -8 -14 -45573
8 -10 12 -10 -45995
23 -19 24 -17 -37983
-13 -10 -14 -13 -48943
-18 -24 -25 -23 -37933
6 -24 5 -24 -40991
-24 25 -25 20 -22693
17 -20 19 -20 -44439
-11 -23 -13 -24 -37141
-20 12 -24 9 -46995
7 19 11 21 -50085
-24 -9 -25 0 -46113
18 19 23 21 -42693
7 -22 7 -23 -36369
-9 12 -7 11 -46717
19 -1 15 -3 -44025
-5 3 -5 1 -43499
-9 -13 -9 -11 -46415
-18 -20 -18 -17 -47661
-16 20 -16 19 -39367
-24 -18 -22 -24 -45657
-24 19 -21 19 -37247
-1 -24 7 -24 -44781
14 -11 13 -10 -42975
-19 -15 -19 -18 -48591
13 -14 14 -14 -38199
18 23 22 20 -44995
13 0 16 -3 -48063
-19 11 -18 13 -43709
20 5 21 2 -48123
16 19 16 23 -48775
18 5 20 9 -46385
-24 16 -23 17 -36273
12 16 13 13 -42971
-20 -15 -20 -13 -44699
21 25 24 23 -25917
10 -7 10 -8 -43685
14 -1 11 1 -47021
20 -23 12 -24 -49819
7 19 6 19 -39747
12 24 12 22 -33675
-13 -23 -11 -23 -41677
-23 8 -24 16 -49753
-18 23 -17 25 -24941
-22 -5 -23 -1 -48713
2 1 2 0 -32859
8 -4 12 -4 -42645
-11 -1 -5 -1 -46669
-6 -4 -5 -5 -46473
20 -5 22 -6 -37257
10 3 10 2 -34015
-5 -22 -4 -25 -32291
16 4 17 3 -43771
-22 -21 -19 -21 -44747
15 18 14 19 -38685
24 15 25 13 -24419
-6 21 -2 25 -42477
-15 -1 -11 0 -51171
-16 -22 -16 -20 -44313
3 -24 5 -24 -40399
-2 -11 -8 -11 -40543
5 -5 -20 -20 -63237
8 4 9 6 -43225
11 22 15 21 -39307
-23 -19 -23 -20 -44803
12 -25 10 -24 -31209
24 -11 25 -10 -17381
-16 21 -16 22 -34839
20 8 23 12 -38233
-8 18 -6 19 -45001
-14 -20 -9 -16 -51779
2 16 -2 18 -44783
16 -11 15 -7 -49031
20 -2 22 -3 -36547
24 -21 19 -25 -31173
16 -16 15 -15 -43121
-25 -24 -23 -22 -24179
1 25 5 25 -26907
-9 -13 -10 -13 -40781
24 -13 23 -12 -30703
-7 21 -13 22 -42559
-17 23 -13 22 -31273
-2 4 -2 3 -39965
-1 -6 1 -6 -39295
-22 2 -23 0 -39561
-15 -1 -15 2 -41565
21 -3 21 -4 -41003
13 22 22 22 -40339
4 11 8 12 -49063
14 15 19 15 -44415
-7 -5 -10 -8 -45521
3 23 4 25 -28171
25 -4 25 4 -37323
-2 -6 0 -8 -42363
-9 -18 -7 -17 -46057
-4 14 -5 17 -52197
25 -22 24 -19 -28839
24 6 24 8 -28573
-21 11 -22 11 -41391
18 -25 19 -23 -25333
18 -1 20 0 -40071
-7 -20 -6 -22 -46153
9 22 10 23 -38407
-19 -18 -22 -16 -50099
-5 -19 -2 -18 -49305
-24 -11 -24 -6 -39295
-15 19 -11 15 -44287
21 24 -23 23 -41969
19 -7 -13 -4 -59627
-24 -18 -21 -10 -50803
19 4 19 7 -45909
25 19 23 17 -26147
22 10 24 13 -32947
-18 10 -22 11 -49111
6 -14 9 -13 -46399
25 21 22 20 -18775
-4 -21 2 -24 -41445
-1 8 0 11 -42903
-24 8 -18 8 -46575
25 -17 24 -15 -30263
19 -15 22 -16 -42275
-21 -25 -19 -23 -36559
6 8 6 10 -40063
0 -13 -2 -12 -43449
9 18 6 22 -45643
9 -17 11 -19 -44197
0 23 1 24 -30195
10 -20 13 -20 -49315
10 23 -14 23 -46123
25 -9 25 -25 -42271
17 8 19 7 -42903
-3 11 -5 10 -41479
11 -3 12 -2 -43821
-15 19 -10 20 -41475
-19 9 -18 8 -43401
8 -16 8 -13 -45031
-25 13 -25 11 -38095
15 -16 15 -18 -42291
-3 14 -6 15 -46427
-13 -23 -19 -21 -49869
7 -22 -1 -19 -49465
-7 11 -5 11 -42607
-25 2 -25 -6 -42869
-25 -23 -25 -25 -19103
0 13 3 13 -45633
-8 25 -11 23 -32555
6 10 4 11 -42853
-19 11 -22 13 -47571
15 10 16 5 -48005
3 4 0 6 -48893
2 21 3 21 -32377
1 8 1 3 -45407
-1 -12 0 -11 -45167
-19 -24 -16 -22 -43333
13 10 9 10 -45735
-2 -23 -11 -24 -49633
14 16 23 14 -47249
3 -2 3 -5 -45343
17 3 17 4 -45905
4 22 11 22 -45677
2 8 6 8 -46527
10 -17 7 -16 -45137
-12 -24 12 -22 -50837
-13 -17 -12 -19 -41377
11 -3 12 0 -44501
17 -10 11 1 -61847
-23 -21 -24 -12 -48911
-15 -14 -18 -14 -43065
-7 13 -11 16 -49681
18 -13 4 -6 -58277
21 -16 19 -18 -46999
-22 -2 -18 -2 -45051
-20 -10 -23 -11 -37593
23 -24 14 -20 -45071
16 3 23 4 -48347
23 22 19 17 -45531
-8 19 -10 23 -44857
7 1 10 -4 -49127
16 10 21 11 -44949
-18 13 -17 11 -47961
-4 -7 -6 -9 -44721
20 13 21 15 -42311
3 -23 4 -21 -45699
2 -19 3 -21 -39315
7 9 9 7 -43973
11 12 9 11 -43645
-17 21 -22 22 -42059
-5 6 -3 4 -47195
-7 9 -18 -9 -64305
-14 9 -12 12 -43275
-15 1 -12 1 -46051
-14 14 -14 8 -45195
23 -1 23 -3 -37743
8 17 9 21 -42813
7 -8 5 -5 -46693
-14 -4 -12 -5 -42901
14 19 16 20 -44633
19 12 22 10 -41753
-19 -4 -17 -5 -44387
-1 8 -4 11 -42859
-12 -16 -19 -17 -50233
21 10 18 10 -42435
18 -16 16 -16 -47695
17 6 17 9 -46515
4 -24 4 -20 -45325
0 -19 4 -17 -48007
23 8 18 12 -46905
-20 21 -21 23 -31673
-4 -20 -7 -20 -45481
3 16 2 13 -51841
-23 21 -19 22 -39643
-8 18 -9 18 -43351
1 -1 2 -4 -46721
-22 -21 -23 -22 -37509
14 -21 9 -18 -49667
-9 11 -17 11 -49121
-1 15 -2 19 -48785
6 -13 7 -14 -42801
-5 -11 -6 -8 -48731
-16 23 -21 23 -40749
-7 19 -5 18 -44675
16 9 13 10 -40143
0 13 5 12 -47797
-13 -15 -6 -18 -48389
-19 19 -14 18 -42497
5 -16 3 -20 -48323
-3 7 -5 7 -39767
-11 -17 -10 -13 -45799
8 13 4 15 -46407
2 16 1 13 -52299
14 -10 22 -8 -47499
11 -23 19 -24 -49695
7 -23 3 -21 -43465
-3 1 -4 -3 -46915
16 10 12 8 -45093
-1 3 -2 3 -36533
-8 4 -8 7 -40125
-15 4 -16 6 -36913
19 -9 15 -8 -47573
-12 7 -6 9 -48297
-22 5 -21 9 -48067
-23 -5 -23 -2 -46827
1 12 3 8 -43177
-18 10 -19 12 -49685
2 -23 -7 -22 -49007
19 4 21 1 -45323
21 -14 20 -16 -45261
-15 -4 -11 -4 -45635
-21 10 -22 6 -48959
5 -3 -2 -3 -47121
-1 -13 2 -16 -48679
18 -6 17 -3 -46485
19 22 17 20 -47201
3 23 23 22 -44893
-4 20 -9 22 -48577
3 19 3 23 -42641
23 -13 20 -8 -42389
-7 -10 -9 -8 -47667
3 4 8 0 -46497
1 -13 -2 -14 -50371
-22 0 -17 -2 -49717
-6 22 0 22 -38915
-16 -9 -12 -7 -46877
23 23 22 2 -47027
0 6 5 8 -49725
-24 -24 2 -24 -48743
22 -6 23 -8 -33703
3 -13 7 -17 -48595
7 -24 8 -21 -42313
-5 9 -8 23 -60153
-11 4 -18 6 -48785
-16 -9 -21 -9 -45317
-22 18 -20 13 -45189
-6 21 -4 22 -40345
-8 -20 -7 -23 -46671
-15 4 -16 2 -45555
16 15 20 16 -46239
19 -12 23 -15 -46619
-24 -2 -17 0 -46837
-23 2 -24 5 -41121
9 18 16 18 -46583
-5 15 3 14 -47815
-24 -3 -22 -1 -35849
-23 8 -23 14 -49397
-16 19 -18 17 -48235
-4 -2 1 0 -46365
23 -11 23 -17 -43985
14 -9 13 -12 -45877
-19 -6 -15 -8 -46157
-13 -9 -13 -6 -43403
-20 1 11 -7 -58653
10 -9 11 -5 -50011
10 -17 8 -18 -47259
-15 -11 -17 -7 -45919
-12 -15 -11 -16 -42261
-14 -23 -14 -21 -45723
-1 -19 -4 -20 -48817
8 20 13 21 -46791
8 17 11 13 -45521
6 -5 3 -3 -44913
-19 21 -9 22 -44717
16 -22 23 -19 -48743
-4 -23 -7 -24 -44905
2 20 -2 23 -41885
-7 -20 -8 -22 -40067
-17 7 -17 8 -38155
-24 1 -22 6 -40085
-21 2 -21 -1 -41343
-15 -5 -10 -10 -53223
-20 2 -23 4 -44727
-23 14 -24 14 -32379
-6 -3 -4 -1 -48295
17 21 17 19 -47321
-15 -13 -10 -13 -46505
11 -12 11 -11 -39519
-5 7 -6 6 -41503
-10 -23 -18 -23 -50521
11 -18 12 -18 -46873
-7 14 -13 13 -45829
-12 -23 -14 -22 -45727
19 -2 19 1 -40699
12 21 14 23 -43983
-24 4 -17 7 -49585
-9 7 -16 5 -47857
-8 23 -13 18 -49585
-16 19 -18 15 -51095
4 -1 8 1 -44091
18 -10 14 -8 -51059
-6 10 -9 11 -47233
9 3 13 0 -46307
17 -13 17 -16 -45867
13 8 12 8 -42529
-7 2 -13 5 -42775
-24 -21 -24 -18 -45775
-15 -4 -12 -1 -49957
22 17 19 20 -43643
8 4 8 7 -43219
18 -2 17 -5 -45111
16 5 14 5 -41731
-7 3 -6 1 -47225
-2 19 -1 22 -43147
20 13 20 12 -35783
-1 -24 -21 -24 -52497
-1 -4 0 -1 -47159
20 -4 12 -2 -50639
-14 -21 -20 -19 -49229
-6 22 -6 17 -46171
1 -11 2 -10 -40459
5 -3 4 -4 -44461
11 -23 6 -23 -44331
23 -10 18 -9 -38707
12 -18 13 -17 -45191
21 -23 -5 -24 -45733
6 -1 1 -2 -47323
8 12 6 12 -43343
0 10 -3 9 -40643
-11 0 22 -3 -57241
4 11 7 15 -48133
2 5 -3 6 -46295
-8 -8 -9 -3 -47313
-2 -22 -6 -24 -46921
-1 -15 -2 -9 -44865
-15 14 -19 16 -43769
8 -22 16 -24 -47063
-15 -11 -20 -13 -47549
18 13 18 17 -45623
8 -10 7 -9 -41007
-4 2 -11 2 -47609
-9 -6 -7 -7 -41469
5 -16 6 -13 -48599
-13 -18 -17 -22 -51863
-10 -22 -5 -23 -43061
-13 -16 -9 -15 -48963
8 7 8 8 -41183
0 17 -4 17 -40553
-19 -17 -22 -19 -46903
3 -1 2 -1 -40983
-19 -19 -19 -24 -45409
-20 -22 -24 -20 -42549
22 20 20 23 -43231
19 -4 23 -2 -37201
16 16 12 12 -46957
23 -15 17 -16 -48105
-20 -24 -14 -23 -45005
-22 -15 -19 -9 -50067
-1 22 -1 23 -36183
23 5 21 3 -34835
3 1 -1 4 -47967
-3 -21 -4 -16 -46723
17 0 17 4 -45513
-7 1 -6 2 -45111
-24 16 -21 16 -41125
-23 4 -24 10 -41877
-24 -12 -21 -16 -37625
6 -7 5 -11 -42713
7 -5 3 -8 -45455
-4 19 -12 14 -55275
-15 -12 -13 -14 -42913
3 -20 3 -13 -48225
-19 4 -15 5 -50357
16 -12 14 -13 -45193
6 7 8 6 -42615
0 -13 4 -13 -46737
-16 3 -18 3 -45791
