-12 -13 -12 -10 -49462
18 4 21 5 -43704
-24 6 -19 2 -49248
23 19 17 21 -47442
23 2 15 2 -45602
-24 -5 -17 -10 -44486
23 3 24 1 -31964
-24 -15 -18 -18 -49402
12 10 10 14 -46124
15 0 10 -1 -47170
11 -20 6 -23 -47106
10 -3 17 -3 -49112
-6 9 -5 5 -50422
-16 -7 -17 -1 -45496
-5 -4 -6 -3 -46866
-10 -10 -11 -11 -43026
20 -17 19 -24 -44460
-25 -15 -23 -14 -25804
-20 16 -25 21 -43872
10 14 12 15 -44372
-9 25 -6 24 -28782
-11 2 -14 -1 -47844
25 25 24 22 -13924
-18 1 -16 0 -42068
-25 -11 -25 -8 -33742
9 19 6 18 -47842
-20 16 -18 17 -41710
-1 5 3 5 -40926
17 17 17 19 -44888
13 -21 13 -18 -42900
1 -12 2 -12 -45806
25 -24 21 -22 -13712
13 -8 7 -8 -49244
-6 -10 -6 -9 -43790
8 7 14 7 -49454
20 18 20 14 -43052
4 13 0 11 -45562
-15 -24 -14 -25 -30396
8 15 9 16 -44436
-2 -17 0 -25 -47284
-20 -5 -20 -4 -41272
4 18 3 15 -41780
-17 -5 -22 -8 -46878
13 4 6 3 -47780
16 21 19 23 -42428
-22 -10 -21 -7 -40252
-2 -17 -3 -12 -46842
23 -23 14 -24 -45916
-18 -4 -16 -3 -42150
12 -3 12 -5 -40494
-23 24 -25 24 -13828
13 -15 12 -13 -45366
2 -25 2 -23 -29030
22 -19 22 -20 -42378
-24 -23 -19 -21 -46746
11 -24 17 -23 -43894
1 -23 0 -24 -35058
-4 -17 0 -15 -48118
-24 19 -24 15 -39030
-22 -14 -24 -18 -45252
-13 25 -10 17 -45758
-11 -24 -10 -25 -26800
-20 19 -20 22 -38676
-25 10 -25 24 -44538
-23 -1 -24 5 -46456
19 -22 17 -19 -44144
22 -10 20 -15 -45298
2 -9 -7 -8 -51808
7 22 -8 22 -46960
-2 -2 -5 -1 -41558
25 2 23 2 -13616
4 -25 10 -25 -42286
-5 -4 -6 -6 -51330
-24 24 -14 25 -38072
-5 -13 -4 -14 -40894
-4 12 -4 13 -38140
-25 14 -24 13 -29962
-4 23 -2 20 -42114
11 -20 12 -18 -47616
-24 -4 -25 -4 -13728
17 -25 15 -23 -31058
-16 15 -12 17 -44376
-23 16 -21 20 -44822
-8 25 -8 23 -23450
-9 4 12 15 -63610
-10 1 -10 -3 -42170
15 -6 13 -10 -48592
-3 0 1 -3 -46882
8 -14 9 -14 -45014
14 20 11 25 -39546
7 -4 9 -6 -45840
19 -15 21 -18 -48240
20 -8 20 -10 -36218
16 6 13 4 -45886
18 23 9 22 -43928
-13 0 -12 6 -46526
15 -16 17 -16 -47528
-13 -23 -13 -21 -44172
-5 7 -4 12 -51322
-1 23 13 22 -47326
-3 -19 -2 -16 -43852
-11 12 -18 12 -45888
-11 7 -11 9 -41716
8 18 3 23 -48492
-16 -13 -17 -17 -47654
-7 17 -7 14 -42856
25 -3 25 -6 -29752
23 -17 23 -20 -46336
-7 -12 -8 -14 -45010
8 -10 12 -10 -46768
23 -19 24 -17 -37722
-13 -10 -14 -13 -47956
-18 -24 -25 -23 -37900
6 -24 5 -24 -40668
-24 25 -25 20 -22966
17 -20 19 -20 -43932
-11 -23 -13 -24 -34390
-20 12 -24 9 -46594
7 19 11 21 -50652
-24 -9 -25 0 -44840
18 19 23 21 -42856
7 -22 7 -23 -35860
-9 12 -7 11 -46682
19 -1 15 -3 -42782
-5 3 -5 1 -43668
-9 -13 -9 -11 -46606
-18 -20 -18 -17 -45624
-16 20 -16 19 -38442
-24 -18 -22 -24 -44520
-24 19 -21 19 -38170
-1 -24 7 -24 -44284
14 -11 13 -10 -42392
-19 -15 -19 -18 -48044
13 -14 14 -14 -39444
18 23 22 20 -47652
13 0 16 -3 -45544
-19 11 -18 13 -43318
20 5 21 2 -48400
16 19 16 23 -51120
-15 -3 8 19 -66442
-24 16 -23 17 -35072
12 16 13 13 -45746
-20 -15 -20 -13 -44144
21 25 24 23 -26210
10 -7 10 -8 -43406
14 -1 11 1 -45734
-8 12 -8 8 -46490
7 19 6 19 -40166
12 24 12 22 -34552
-13 -23 -11 -23 -38948
-23 8 -24 16 -48820
-18 23 -17 25 -24568
-22 -5 -23 -1 -46782
2 1 2 0 -34442
8 -4 12 -4 -43030
-11 -1 -5 -1 -48492
-6 -4 -5 -5 -47130
20 -5 22 -6 -36558
10 3 10 2 -34746
-5 -22 -4 -25 -31904
16 4 17 3 -43800
-22 -21 -19 -21 -44070
15 18 14 19 -43278
24 15 25 13 -25458
-6 21 -2 25 -42026
-19 3 -10 -24 -61700
-16 -22 -16 -20 -42704
3 -24 5 -24 -39610
-2 -11 -8 -11 -42022
16 -24 21 -23 -43600
8 4 9 6 -43430
11 22 15 21 -40226
-23 -19 -23 -20 -43662
12 -25 10 -24 -30998
24 -11 25 -10 -17846
-16 21 -16 22 -34174
20 8 23 12 -38934
-8 18 -6 19 -42268
-14 -20 -9 -16 -48076
2 16 -2 18 -44314
16 -11 15 -7 -47132
20 -2 22 -3 -35278
24 -21 19 -25 -30696
16 -16 15 -15 -47978
-25 -24 -23 -22 -24512
1 25 5 25 -26384
-9 -13 -10 -13 -40450
24 -13 23 -12 -31284
-7 21 -13 22 -38914
-17 23 -13 22 -30614
-2 4 -2 3 -41076
-1 -6 1 -6 -41538
-22 2 -23 0 -40156
-15 -1 -15 2 -40074
21 -3 21 -4 -40376
13 22 22 22 -42408
4 11 8 12 -48336
14 15 19 15 -44812
-7 -5 -10 -8 -46368
3 23 4 25 -27582
25 -4 25 4 -37516
-2 -6 0 -8 -44150
-9 -18 -7 -17 -45208
-4 14 -5 17 -48702
25 -22 24 -19 -29284
24 6 24 8 -29384
-21 11 -22 11 -40906
18 -25 19 -23 -27672
18 -1 20 0 -39872
-7 -20 -6 -22 -45450
9 22 10 23 -38440
-19 -18 -22 -16 -49886
-5 -19 -2 -18 -48432
-24 -11 -24 -6 -39134
-15 19 -11 15 -43430
21 24 -23 23 -40972
8 12 8 14 -41746
-24 -18 -21 -10 -50254
19 4 19 7 -45536
25 19 23 17 -26256
22 10 24 13 -33938
-18 10 -22 11 -46474
6 -14 9 -13 -47870
25 21 22 20 -18350
-4 -21 2 -24 -39860
-1 8 0 11 -44952
-24 8 -18 8 -45132
25 -17 24 -15 -31704
19 -15 22 -16 -43646
-21 -25 -19 -23 -36156
6 8 6 10 -41536
0 -13 -2 -12 -43190
9 18 6 22 -45946
9 -17 11 -19 -44692
0 23 1 24 -29816
10 -20 13 -20 -50502
10 23 -14 23 -45042
25 -9 25 -25 -43210
17 8 19 7 -43212
-3 11 -5 10 -45886
11 -3 12 -2 -44408
-15 19 -10 20 -38012
-19 9 -18 8 -41138
8 -16 8 -13 -46024
-25 13 -25 11 -37342
15 -16 15 -18 -43634
-3 14 -6 15 -47874
-13 -23 -19 -21 -48562
7 -22 -1 -19 -48882
-7 11 -5 11 -43536
-25 2 -25 -6 -42644
-25 -23 -25 -25 -18512
0 13 3 13 -43236
-8 25 -11 23 -30780
6 10 4 11 -41064
-19 11 -22 13 -45412
15 10 16 5 -49652
3 4 0 6 -47466
2 21 3 21 -32162
1 8 1 3 -47684
-1 -12 0 -11 -44486
-19 -24 -16 -22 -41272
13 10 9 10 -46930
-2 -23 -11 -24 -45780
14 16 23 14 -48030
3 -2 3 -5 -46854
17 3 17 4 -46236
4 22 11 22 -46022
17 -15 14 -12 -52210
10 -17 7 -16 -46638
17 -12 -6 -9 -60172
-13 -17 -12 -19 -41298
11 -3 12 0 -44396
16 -19 13 -21 -46956
-23 -21 -24 -12 -48586
-15 -14 -18 -14 -40928
-7 13 -11 16 -48648
7 -2 -19 0 -56658
21 -16 19 -18 -45762
-22 -2 -18 -2 -39544
-20 -10 -23 -11 -37224
23 -24 14 -20 -47772
16 3 23 4 -47282
23 22 19 17 -45878
-8 19 -10 23 -44654
7 1 10 -4 -48554
16 10 21 11 -44972
-18 13 -17 11 -42522
-4 -7 -6 -9 -45352
20 13 21 15 -42816
3 -23 4 -21 -44304
2 -19 3 -21 -38714
7 9 9 7 -47222
11 12 9 11 -45968
-17 21 -22 22 -42182
-5 6 -3 4 -49794
-2 -6 18 -16 -62424
-14 9 -12 12 -44868
-15 1 -12 1 -40964
-14 14 -14 8 -46286
23 -1 23 -3 -37342
8 17 9 21 -43944
7 -8 5 -5 -47586
-14 -4 -12 -5 -39202
14 19 16 20 -45102
19 12 22 10 -42604
-19 -4 -17 -5 -42340
-1 8 -4 11 -45334
-12 -16 -19 -17 -46908
21 10 18 10 -42314
18 -16 16 -16 -47110
17 6 17 9 -48460
4 -24 4 -20 -44818
0 -19 4 -17 -46000
23 8 18 12 -48418
-20 21 -21 23 -31720
-4 -20 -7 -20 -43850
15 21 17 19 -46146
-23 21 -19 22 -39612
-8 18 -9 18 -40844
1 -1 2 -4 -48528
-22 -21 -23 -22 -37502
14 -21 9 -18 -50190
-9 11 -17 11 -48208
-1 15 -2 19 -45618
6 -13 7 -14 -42802
-5 -11 -6 -8 -49456
-16 23 -21 23 -39734
-7 19 -5 18 -44524
16 9 13 10 -40612
0 13 5 12 -45352
-13 -15 -6 -18 -47656
-19 19 -14 18 -42098
5 -16 3 -20 -47774
-3 7 -5 7 -41454
-11 -17 -10 -13 -45338
8 13 4 15 -46256
2 16 1 13 -43578
14 -10 22 -8 -46188
11 -23 19 -24 -47066
7 -23 3 -21 -44506
-3 1 -4 -3 -47542
16 10 12 8 -45686
-1 3 -2 3 -38770
-8 4 -8 7 -42442
-15 4 -16 6 -37454
19 -9 15 -8 -43350
-12 7 -6 9 -49138
-22 5 -21 9 -48562
-23 -5 -23 -2 -45780
1 12 3 8 -44932
-24 -3 12 7 -59688
2 -23 -7 -22 -46748
19 4 21 1 -45858
21 -14 20 -16 -45744
-15 -4 -11 -4 -40860
-21 10 -22 6 -49192
5 -3 -2 -3 -49068
-1 -13 2 -16 -48904
18 -6 17 -3 -43684
19 22 17 20 -47120
3 23 23 22 -43998
-4 20 -9 22 -47032
3 19 3 23 -42974
23 -13 20 -8 -43564
-7 -10 -9 -8 -47176
3 4 8 0 -49570
1 -13 -2 -14 -48076
-6 -4 -7 -5 -50390
-6 22 0 22 -37448
-16 -9 -12 -7 -44870
23 23 22 2 -47854
-13 20 0 2 -65796
-24 -24 2 -24 -42554
22 -6 23 -8 -33418
3 -13 7 -17 -48684
7 -24 8 -21 -42348
19 10 18 6 -46424
-11 4 -18 6 -46950
-16 -9 -21 -9 -44094
-22 18 -20 13 -44688
-6 21 -4 22 -39014
-8 -20 -7 -23 -45742
-15 4 -16 2 -44674
16 15 20 16 -46326
19 -12 23 -15 -48164
-24 -2 -17 0 -45038
-23 2 -24 5 -41746
9 18 16 18 -47648
-5 15 3 14 -49278
-24 -3 -22 -1 -36232
-23 8 -23 14 -47928
-16 19 -18 17 -47398
-4 -2 1 0 -48092
23 -11 23 -17 -44554
14 -9 13 -12 -46372
-19 -6 -15 -8 -45184
-13 -9 -13 -6 -39810
20 -19 22 -20 -36860
10 -9 11 -5 -49676
10 -17 8 -18 -48310
-15 -11 -17 -7 -42812
-12 -15 -11 -16 -41964
-14 -23 -14 -21 -44794
-1 -19 -4 -20 -47534
8 20 13 21 -46434
8 17 11 13 -47544
6 -5 3 -3 -45820
-19 21 -9 22 -41694
-10 13 -1 -15 -64404
-4 -23 -7 -24 -42372
2 20 -2 23 -41592
-7 -20 -8 -22 -39514
-17 7 -17 8 -39582
-24 1 -22 6 -41962
-21 2 -21 -1 -40998
9 4 7 5 -43784
-20 2 -23 4 -43086
-23 14 -24 14 -32658
-6 -3 -4 -1 -50152
17 21 17 19 -50442
-15 -13 -10 -13 -43562
11 -12 11 -11 -39322
-5 7 -6 6 -43334
-10 -23 -18 -23 -46512
11 -18 12 -18 -48196
-7 14 -13 13 -45236
-12 -23 -14 -22 -44504
19 -2 19 1 -41078
12 21 14 23 -43924
-24 4 -17 7 -48412
-9 7 -16 5 -47028
-8 23 -13 18 -46140
-16 19 -18 15 -50022
4 -1 8 1 -43590
16 -23 -22 -24 -46106
-6 10 -9 11 -47210
9 3 13 0 -46434
17 -13 17 -16 -48184
13 8 12 8 -43014
-7 2 -13 5 -43696
-24 -21 -24 -18 -45180
-15 -4 -12 -1 -46376
22 17 19 20 -44790
8 4 8 7 -44930
18 -2 17 -5 -44684
16 5 14 5 -40952
-7 3 -6 1 -48560
-2 19 -1 22 -42888
20 13 20 12 -37004
1 13 -16 1 -68620
-1 -4 0 -1 -49606
20 -4 12 -2 -48688
-14 -21 -20 -19 -48710
-6 22 -6 17 -44638
1 -11 2 -10 -41856
5 -3 4 -4 -45308
11 -23 6 -23 -45058
23 -10 18 -9 -38452
12 -18 13 -17 -47410
21 -23 -5 -24 -46642
6 -1 1 -2 -47796
8 12 6 12 -43672
0 10 -3 9 -42568
-6 13 -5 14 -43050
4 11 7 15 -49160
2 5 -3 6 -47138
-8 -8 -9 -3 -46740
-2 -22 -6 -24 -44946
-1 -15 -2 -9 -46458
-15 14 -19 16 -41962
8 -22 16 -24 -47564
-15 -11 -20 -13 -46228
18 13 18 17 -45554
8 -10 7 -9 -40576
-4 2 -11 2 -49290
-9 -6 -7 -7 -40346
5 -16 6 -13 -49044
7 -11 -1 -11 -52196
-10 -22 -5 -23 -41224
-13 -16 -9 -15 -46848
8 7 8 8 -42414
0 17 -4 17 -40934
-19 -17 -22 -19 -44384
3 -1 2 -1 -41036
-19 -19 -19 -24 -44124
-20 -22 -24 -20 -41942
22 20 20 23 -44594
19 -4 23 -2 -37250
16 16 12 12 -47664
23 -15 17 -16 -47492
-20 -24 -14 -23 -42386
-22 -15 -19 -9 -48642
-1 22 -1 23 -36826
23 5 21 3 -33944
3 1 -1 4 -48514
-3 -21 -4 -16 -46410
17 0 17 4 -46300
-7 1 -6 2 -45114
-24 16 -21 16 -42034
-23 4 -24 10 -41616
-24 -12 -21 -16 -37868
6 -7 5 -11 -42450
7 -5 3 -8 -46854
17 -8 9 -6 -49676
-15 -12 -13 -14 -42048
3 -20 3 -13 -47978
-19 4 -15 5 -48748
16 -12 14 -13 -44676
6 7 8 6 -46178
0 -13 4 -13 -49414
-16 3 -18 3 -43004
