-10 1 -10 2 -42308
18 4 21 5 -38674
-9 -24 -8 -22 -36710
23 19 17 21 -47000
23 2 15 2 -40958
-24 -5 -17 -10 -46210
23 3 24 1 -32486
-24 -15 -18 -18 -46800
12 10 10 14 -45774
15 0 10 -1 -44730
16 7 16 10 -45860
-4 -2 -6 3 -52740
-16 -3 -17 -5 -44366
-1 -5 -18 -24 -62066
-5 -4 -6 -3 -51240
-10 -10 -11 -11 -46444
20 -17 19 -24 -44798
-25 -15 -23 -14 -24012
-20 16 -25 21 -48096
10 14 12 15 -43404
-9 25 -6 24 -29476
-21 -12 -18 -14 -46102
25 25 24 22 -13570
-18 1 -16 0 -42838
-25 -11 -25 -8 -39946
9 19 6 18 -46218
-20 16 -18 17 -44126
-1 5 3 5 -41840
17 17 17 19 -43198
13 -21 13 -18 -42910
1 -12 2 -12 -40494
25 -24 21 -22 -11738
13 -8 7 -8 -52164
-6 -10 -6 -9 -38366
2 -23 -3 -23 -41980
20 18 20 14 -41956
4 13 0 11 -46226
-15 -24 -14 -25 -30530
8 15 9 16 -43750
-2 -17 0 -25 -45654
-20 -5 -20 -4 -42474
4 18 3 15 -42452
23 1 19 -3 -46778
7 -16 7 -17 -43042
16 21 19 23 -40358
-22 -10 -21 -7 -44792
-2 -17 -3 -12 -43726
23 -23 14 -24 -42112
-18 -4 -16 -3 -46062
12 -3 12 -5 -41352
-23 24 -25 24 -14990
13 -15 12 -13 -42402
2 -25 2 -23 -30512
22 -19 22 -20 -42782
-24 -23 -19 -21 -46982
11 -24 17 -23 -42360
1 -23 0 -24 -37052
-4 -17 0 -15 -51142
-24 19 -24 15 -43934
-22 -14 -24 -18 -43134
-13 25 -10 17 -48154
-11 -24 -10 -25 -26734
-20 19 -20 22 -40898
-25 10 -25 24 -48716
-23 -1 -24 5 -45256
19 -22 17 -19 -42762
22 -10 20 -15 -45360
16 -19 14 -19 -44856
-21 20 -18 10 -61056
-2 -2 -5 -1 -51210
25 2 23 2 -14284
4 -25 10 -25 -39468
2 20 -3 19 -45262
-24 24 -14 25 -39800
-5 -13 -4 -14 -38070
-4 12 -4 13 -38652
-25 14 -24 13 -31776
-4 23 -2 20 -43806
11 -20 12 -18 -44346
-24 -4 -25 -4 -12222
17 -25 15 -23 -28864
-16 15 -12 17 -48990
-23 16 -21 20 -47896
-8 25 -8 23 -24820
15 -24 12 -18 -44008
-10 1 -10 -3 -42644
15 -6 13 -10 -47986
-3 0 1 -3 -49846
8 -14 9 -14 -40856
14 20 11 25 -37192
7 -4 9 -6 -43492
19 -15 21 -18 -48374
20 -8 20 -10 -36562
16 6 13 4 -46726
18 23 9 22 -43974
-24 -11 -23 -7 -46264
15 -16 17 -16 -47408
-13 -23 -13 -21 -47332
-12 16 -16 17 -47032
-12 6 -11 7 -42736
-3 -19 -2 -16 -45568
-11 12 -18 12 -43540
-11 7 -11 9 -41600
-7 10 -12 11 -43790
-16 -13 -17 -17 -43772
-7 17 -7 14 -43862
25 -3 25 -6 -31462
23 -17 23 -20 -47094
-7 -12 -8 -14 -46706
8 -10 12 -10 -48232
23 -19 24 -17 -38628
-13 -10 -14 -13 -44884
-18 -24 -25 -23 -41474
6 -24 5 -24 -38588
-24 25 -25 20 -24600
17 -20 19 -20 -42774
-11 -23 -13 -24 -36568
-20 12 -24 9 -47746
7 19 11 21 -49780
-24 -9 -25 0 -47332
18 19 23 21 -41116
7 -22 7 -23 -36134
-23 18 -17 17 -52174
19 -1 15 -3 -47740
-5 3 -5 1 -45028
-9 -13 -9 -11 -43080
-18 -20 -18 -17 -47254
-16 20 -16 19 -40836
-24 -18 -22 -24 -47716
-24 19 -21 19 -40512
-1 -24 7 -24 -44342
14 -11 13 -10 -40564
-19 -15 -19 -18 -46424
13 -14 14 -14 -38982
18 23 22 20 -46182
13 0 16 -3 -45296
-19 11 -18 13 -43326
20 5 21 2 -48092
4 9 4 12 -46894
-12 -4 -10 -3 -39920
-24 16 -23 17 -39182
12 16 13 13 -46612
-20 -15 -20 -13 -41396
21 25 24 23 -26242
10 -7 10 -8 -44088
14 -1 11 1 -45376
-8 12 -8 8 -45216
7 19 6 19 -37084
12 24 12 22 -31556
-13 -23 -11 -23 -37774
11 4 15 5 -46564
-18 23 -17 25 -26784
-22 -5 -23 -1 -47816
2 1 2 0 -37392
8 -4 12 -4 -42672
-11 -1 -5 -1 -44292
-6 -4 -5 -5 -49930
20 -5 22 -6 -36038
10 3 10 2 -37302
-5 -22 -4 -25 -33138
16 4 17 3 -43484
-22 -21 -19 -21 -45484
15 18 14 19 -42718
24 15 25 13 -24760
-6 21 -2 25 -44262
-12 -11 -12 -8 -45660
-16 -22 -16 -20 -47374
3 -24 5 -24 -38704
-2 -11 -8 -11 -45370
16 -24 21 -23 -40920
8 4 9 6 -47630
11 22 15 21 -40904
-23 -19 -23 -20 -45180
12 -25 10 -24 -31484
24 -11 25 -10 -19016
-16 21 -16 22 -36408
20 8 23 12 -38874
-8 18 -6 19 -44684
-1 18 5 17 -44392
11 -6 11 -8 -44490
16 -11 15 -7 -46218
20 -2 22 -3 -36338
24 -21 19 -25 -30820
16 -16 15 -15 -44272
-25 -24 -23 -22 -24748
1 25 5 25 -25998
-9 -13 -10 -13 -46594
24 -13 23 -12 -31280
-7 21 -13 22 -40438
-17 23 -13 22 -34316
-2 4 -2 3 -37420
-1 -6 1 -6 -40124
-22 2 -23 0 -40424
-15 -1 -15 2 -40994
21 -3 21 -4 -42218
13 22 22 22 -42582
4 11 8 12 -48206
14 15 19 15 -40120
-7 -5 -10 -8 -48106
3 23 4 25 -28226
25 -4 25 4 -40176
-2 -6 0 -8 -41352
-9 -18 -7 -17 -44394
-4 14 -5 17 -48396
25 -22 24 -19 -28720
24 6 24 8 -28290
-21 11 -22 11 -43302
18 -25 19 -23 -25912
18 -1 20 0 -44610
-7 -20 -6 -22 -43736
9 22 10 23 -37782
14 -10 11 -11 -45756
-5 -19 -2 -18 -48442
-24 -11 -24 -6 -46526
-15 19 -11 15 -48972
21 24 -23 23 -42338
8 12 8 14 -42102
5 22 4 23 -33162
19 4 19 7 -43932
25 19 23 17 -25794
22 10 24 13 -32740
-18 10 -22 11 -50154
6 -14 9 -13 -44260
25 21 22 20 -18534
-4 -21 2 -24 -47312
-1 8 0 11 -42922
-24 8 -18 8 -47686
25 -17 24 -15 -32286
19 -15 22 -16 -42790
-21 -25 -19 -23 -36434
6 8 6 10 -43722
0 -13 -2 -12 -40136
9 18 6 22 -40430
9 -17 11 -19 -40546
0 23 1 24 -31144
10 -20 13 -20 -45712
10 23 -14 23 -42472
25 -9 25 -25 -43618
17 8 19 7 -43324
-3 11 -5 10 -43178
11 -3 12 -2 -44760
-15 19 -10 20 -45048
-19 9 -18 8 -43584
8 -16 8 -13 -48580
-25 13 -25 11 -37572
15 -16 15 -18 -44300
-3 14 -6 15 -45232
-6 8 -9 7 -43502
-13 11 -12 8 -43698
-7 11 -5 11 -39912
-25 2 -25 -6 -43792
-25 -23 -25 -25 -20888
0 13 3 13 -43586
-8 25 -11 23 -31320
6 10 4 11 -39928
-19 11 -22 13 -48964
-4 -12 -10 -13 -50972
3 4 0 6 -46660
2 21 3 21 -34110
-7 12 -6 10 -45478
-1 -12 0 -11 -45524
-19 -24 -16 -22 -46162
13 10 9 10 -44628
-2 -23 -11 -24 -46748
14 16 23 14 -44642
3 -2 3 -5 -45822
17 3 17 4 -47326
4 22 11 22 -40566
-18 -19 -16 -21 -47078
10 -17 7 -16 -41432
-23 -18 -23 -16 -41586
-13 -17 -12 -19 -40832
11 -3 12 0 -46022
-8 2 -10 4 -43834
-19 -24 -22 -20 -49802
-15 -14 -18 -14 -42068
-7 13 -11 16 -46628
-21 -22 -16 -24 -44724
21 -16 19 -18 -46302
-22 -2 -18 -2 -39538
-20 -10 -23 -11 -35612
-23 10 -22 17 -52394
-1 -2 -5 -1 -52318
23 22 19 17 -44258
-8 19 -10 23 -46790
23 -12 23 23 -50740
16 10 21 11 -42550
-18 13 -17 11 -44930
-4 -7 -6 -9 -46764
20 13 21 15 -41640
3 -23 4 -21 -44218
2 -19 3 -21 -36570
-19 -11 -18 -10 -43368
11 12 9 11 -45746
-8 -15 -12 -14 -49714
-5 6 -3 4 -45936
-18 -24 -14 -23 -45668
-14 9 -12 12 -44126
-15 1 -12 1 -36368
-3 -20 -2 -20 -41470
23 -1 23 -3 -40196
8 17 9 21 -42402
15 -8 7 -5 -52564
-14 -4 -12 -5 -38954
14 19 16 20 -42660
19 12 22 10 -42366
-19 -4 -17 -5 -42408
-1 8 -4 11 -45416
-12 -16 -19 -17 -44670
21 10 18 10 -40676
18 -16 16 -16 -46860
17 6 17 9 -48290
4 -24 4 -20 -45452
0 -19 4 -17 -44066
23 8 18 12 -47712
-20 21 -21 23 -34832
-4 -20 -7 -20 -42740
15 21 17 19 -44780
-23 21 -19 22 -42044
-8 18 -9 18 -40320
1 -1 2 -4 -48146
-22 -21 -23 -22 -37572
12 8 13 7 -42916
-9 -21 14 -12 -61776
-1 15 -2 19 -44366
6 -13 7 -14 -43546
-21 6 -17 4 -47088
-16 23 -21 23 -42338
-7 19 -5 18 -44450
16 9 13 10 -40190
0 13 5 12 -46626
-23 -18 -23 -9 -44292
-19 19 -14 18 -48598
5 -16 3 -20 -44538
-3 7 -5 7 -40558
-11 -17 -10 -13 -42818
8 13 4 15 -46936
2 16 1 13 -45158
-16 8 13 -18 -63510
11 -23 19 -24 -46696
7 -23 3 -21 -40452
-3 1 -4 -3 -48460
-19 -5 -20 -6 -42582
-1 3 -2 3 -39180
-8 4 -8 7 -40098
-15 4 -16 6 -38704
19 -9 15 -8 -41060
0 -11 -23 11 -65794
-22 5 -21 9 -47684
-23 -5 -23 -2 -47998
1 12 3 8 -46658
23 -5 16 -9 -47386
-4 22 23 19 -48780
19 4 21 1 -45734
21 -14 20 -16 -46056
-15 -4 -11 -4 -40932
-21 10 -22 6 -48246
5 -3 -2 -3 -48284
-1 -13 2 -16 -46578
18 -6 17 -3 -43900
19 22 17 20 -44122
3 23 23 22 -45562
-4 20 -9 22 -47146
3 19 3 23 -41498
23 -13 20 -8 -44236
-7 -10 -9 -8 -46542
-10 3 -7 5 -44304
1 -13 -2 -14 -47710
-6 -4 -7 -5 -45064
-6 22 0 22 -42706
-16 -9 -12 -7 -46578
4 -7 6 10 -59386
0 -7 -6 -8 -48680
-24 -24 2 -24 -43680
22 -6 23 -8 -34188
3 -13 7 -17 -49896
7 -24 8 -21 -40438
19 10 18 6 -45360
8 -1 2 2 -47668
-16 -9 -21 -9 -45864
-22 18 -20 13 -53918
-6 21 -4 22 -43042
-8 -20 -7 -23 -44880
-15 4 -16 2 -40624
10 -4 8 0 -47872
19 -12 23 -15 -47768
10 11 8 11 -44918
-23 2 -24 5 -38808
9 18 16 18 -48488
8 -3 10 11 -62670
-24 -3 -22 -1 -33712
-23 8 -23 14 -46732
-16 19 -18 17 -50056
-4 -2 1 0 -47974
23 -11 23 -17 -44990
14 -9 13 -12 -47962
-19 -6 -15 -8 -46456
-13 -9 -13 -6 -43188
20 -19 22 -20 -34170
-13 1 -15 4 -45620
-21 22 -18 21 -42308
-15 -11 -17 -7 -45682
-12 -15 -11 -16 -41826
-14 -23 -14 -21 -47526
-21 21 -6 -10 -63890
8 20 13 21 -46494
8 17 11 13 -48690
6 -5 3 -3 -45258
-19 21 -9 22 -46984
-14 16 -11 19 -48234
-4 -23 -7 -24 -42240
2 20 -2 23 -45224
-7 -20 -8 -22 -40644
-17 7 -17 8 -39696
-24 1 -22 6 -41148
-21 2 -21 -1 -41642
9 4 7 5 -39680
-20 2 -23 4 -40908
-23 14 -24 14 -33560
-6 -3 -4 -1 -48160
17 21 17 19 -44570
-15 -13 -10 -13 -41664
11 -12 11 -11 -40632
-5 7 -6 6 -40654
-10 -23 -18 -23 -45464
11 -18 12 -18 -44352
-7 14 -13 13 -45876
-12 -23 -14 -22 -41624
19 -2 19 1 -44166
12 21 14 23 -41514
-24 4 -17 7 -50638
-9 7 -16 5 -44530
-8 23 -13 18 -50264
-16 19 -18 15 -53248
4 -1 8 1 -43888
16 -23 -22 -24 -45614
-11 -17 -9 -17 -41594
9 3 13 0 -44866
17 -13 17 -16 -47368
13 8 12 8 -40672
-7 2 -13 5 -46902
-24 -21 -24 -18 -46010
-15 -4 -12 -1 -46350
22 17 19 20 -43532
8 4 8 7 -46980
18 -2 17 -5 -47492
16 5 14 5 -40074
10 5 7 4 -43700
-2 19 -1 22 -45084
20 13 20 12 -36936
7 -6 3 -6 -44032
-1 -4 0 -1 -47822
20 -4 12 -2 -46674
-6 23 3 22 -46026
-6 22 -6 17 -47402
1 -11 2 -10 -40386
5 -3 4 -4 -46216
11 -23 6 -23 -38072
23 -10 18 -9 -39496
12 -18 13 -17 -45044
21 -23 -5 -24 -44822
6 -1 1 -2 -48442
8 12 6 12 -44046
0 10 -3 9 -41670
-6 13 -5 14 -43190
4 11 7 15 -49570
2 5 -3 6 -48548
-8 -8 -9 -3 -47418
-2 -22 -6 -24 -44810
-1 -15 -2 -9 -44496
-15 14 -19 16 -47924
8 -22 16 -24 -46800
-15 -11 -20 -13 -48660
18 13 18 17 -44482
8 -10 7 -9 -41724
-4 -22 -2 -14 -51776
-9 -6 -7 -7 -42554
5 -16 6 -13 -48408
1 11 -4 13 -44452
-10 -22 -5 -23 -40018
-5 20 -6 19 -45850
8 7 8 8 -43184
0 17 -4 17 -42622
-19 -17 -22 -19 -44858
3 -1 2 -1 -41094
-19 -19 -19 -24 -50510
-20 -22 -24 -20 -44592
22 20 20 23 -42792
19 -4 23 -2 -43206
16 16 12 12 -46630
23 -15 17 -16 -46380
-20 -24 -14 -23 -48622
-24 1 -17 1 -44452
-1 22 -1 23 -37412
23 5 21 3 -33298
3 1 -1 4 -48496
7 -20 4 -8 -60526
17 0 17 4 -48626
-7 1 -6 2 -46406
-24 16 -21 16 -45142
-23 4 -24 10 -39968
-24 -12 -21 -16 -38234
6 -7 5 -11 -42456
7 -5 3 -8 -48180
-3 -22 2 -24 -44196
-15 -12 -13 -14 -40756
19 -5 14 -6 -43780
-19 4 -15 5 -47254
16 -12 14 -13 -46406
6 7 8 6 -41192
0 -13 4 -13 -42982
-16 3 -18 3 -42900
