-10 1 -10 2 -40539
18 4 21 5 -41615
-9 -24 -8 -22 -40429
23 19 17 21 -50021
23 2 15 2 -42691
-24 -5 -17 -10 -46851
23 3 24 1 -31397
-24 -15 -18 -18 -45199
7 1 4 -1 -41079
-3 8 -4 7 -41757
16 7 16 10 -47739
-14 -2 -10 -4 -50831
-16 -3 -17 -5 -46403
1 -14 -1 -12 -47941
-5 -4 -6 -3 -48439
-10 -10 -11 -11 -46745
20 -17 19 -24 -48071
-25 -15 -23 -14 -24375
-20 16 -25 21 -41157
10 14 12 15 -44151
-9 25 -6 24 -33839
-18 0 -22 0 -41941
25 25 24 22 -13923
-18 1 -16 0 -44673
-25 -11 -25 -8 -40825
-15 6 -18 6 -44431
-20 16 -18 17 -38431
-1 5 3 5 -39007
17 17 17 19 -47521
13 -21 13 -18 -46087
1 -12 2 -12 -41231
25 -24 21 -22 -12001
12 12 9 -15 -60787
-6 -10 -6 -9 -38625
2 -23 -3 -23 -41285
20 18 20 14 -45005
4 13 0 11 -44449
-15 -24 -14 -25 -30941
8 15 9 16 -42489
-11 21 -10 16 -47529
-20 -5 -20 -4 -44349
4 18 3 15 -40499
23 1 19 -3 -45689
7 -16 7 -17 -41429
16 21 19 23 -43115
-22 -10 -21 -7 -47801
-2 -17 -3 -12 -45293
23 -23 14 -24 -44381
-18 -4 -16 -3 -47171
12 -3 12 -5 -42391
-23 24 -25 24 -15143
13 -15 12 -13 -42619
2 -25 2 -23 -30805
22 -19 22 -20 -43071
-24 -23 -19 -21 -46425
11 -24 17 -23 -42825
1 -23 0 -24 -36583
-4 -17 0 -15 -48213
-24 19 -24 15 -36563
-22 -14 -24 -18 -43699
-13 25 -10 17 -48699
-11 -24 -10 -25 -29939
-20 19 -20 22 -38025
-25 10 -25 24 -42775
21 12 17 11 -48389
19 -22 17 -19 -42925
22 -10 20 -15 -47015
16 -19 14 -19 -44795
2 -17 5 -20 -41651
-2 -2 -5 -1 -41259
25 2 23 2 -14813
4 -25 10 -25 -42781
2 20 -3 19 -46563
-24 24 -14 25 -37209
-5 -13 -4 -14 -39485
-4 12 -4 13 -36867
-25 14 -24 13 -26429
-4 23 -2 20 -42729
11 -20 12 -18 -46249
-24 -4 -25 -4 -13133
17 -25 15 -23 -28615
10 -19 8 -18 -48475
-23 16 -21 20 -42739
-8 25 -8 23 -24449
15 -24 12 -18 -45953
-10 1 -10 -3 -40751
15 -9 12 -9 -44185
-3 0 1 -3 -43107
8 -14 9 -14 -42903
14 20 11 25 -37651
7 -4 9 -6 -44995
19 -15 21 -18 -46911
20 -8 20 -10 -37729
-8 22 -15 22 -49425
18 23 9 22 -43963
-24 -11 -23 -7 -47421
15 -16 17 -16 -48421
-13 -23 -13 -21 -48151
-12 16 -16 17 -42213
-12 6 -11 7 -42453
-3 -19 -2 -16 -43241
-11 12 -18 12 -41901
-11 7 -11 9 -40763
-7 10 -12 11 -43895
-16 -13 -17 -17 -49985
-7 17 -7 14 -42905
25 -3 25 -6 -35041
23 -17 23 -20 -46083
-7 -12 -8 -14 -47235
8 -10 12 -10 -46275
23 -19 24 -17 -36921
-13 -10 -14 -13 -48531
-18 -24 -25 -23 -41523
6 -24 5 -24 -40131
-24 25 -25 20 -23163
17 -20 19 -20 -43793
-11 -23 -13 -24 -42065
-20 12 -24 9 -42399
7 19 11 21 -45833
-24 -9 -25 0 -47013
18 19 23 21 -48073
7 -22 7 -23 -41885
-6 -9 -21 9 -64883
19 -1 15 -3 -45867
-5 3 -5 1 -39807
-9 -13 -9 -11 -43387
-18 -20 -18 -17 -46915
-16 20 -16 19 -38273
-24 -18 -22 -24 -45323
-24 19 -21 19 -37789
-1 -24 7 -24 -44177
14 -11 13 -10 -42265
-19 -15 -19 -18 -48923
13 -14 14 -14 -42349
18 23 22 20 -46947
13 0 16 -3 -44013
-19 11 -18 13 -41215
20 5 21 2 -44953
4 9 4 12 -44459
-12 -4 -10 -3 -43417
-24 16 -23 17 -35625
12 16 13 13 -43981
-20 -15 -20 -13 -46893
21 25 24 23 -26411
10 -7 10 -8 -43533
14 -1 11 1 -45197
-8 12 -8 8 -44643
7 19 6 19 -36655
12 24 12 22 -31863
-13 -23 -11 -23 -42143
11 4 15 5 -44165
-18 23 -17 25 -25575
-22 -5 -23 -1 -47549
2 1 2 0 -34475
8 -4 12 -4 -41357
-11 -1 -5 -1 -48461
-6 -4 -5 -5 -48647
20 -5 22 -6 -40961
10 3 10 2 -36231
-5 -22 -4 -25 -33109
16 4 17 3 -43627
-22 -21 -19 -21 -45437
15 18 14 19 -42927
24 15 25 13 -24931
-6 21 -2 25 -46499
-12 -11 -12 -8 -48107
-16 -22 -16 -20 -43951
3 -24 5 -24 -38943
-2 -11 -8 -11 -42501
16 -24 21 -23 -42949
8 4 9 6 -46245
11 22 15 21 -41099
-23 -19 -23 -20 -42637
12 -25 10 -24 -29999
24 -11 25 -10 -19543
-16 21 -16 22 -34569
20 8 23 12 -40825
-8 18 -6 19 -46697
-1 18 5 17 -49459
11 -6 11 -8 -44119
16 -11 15 -7 -45709
20 -2 22 -3 -36995
24 -21 19 -25 -37547
16 -16 15 -15 -45395
-25 -24 -23 -22 -24549
1 25 5 25 -26463
-9 -13 -10 -13 -43077
24 -13 23 -12 -31163
-7 21 -13 22 -49681
-17 23 -13 22 -33349
-2 4 -2 3 -34125
-1 -6 1 -6 -35439
-22 2 -23 0 -46375
-15 -1 -15 2 -40723
21 -3 21 -4 -41187
13 22 22 22 -44499
4 11 8 12 -45673
14 15 19 15 -43295
-7 -5 -10 -8 -49679
3 23 4 25 -27949
25 -4 25 4 -37845
-2 -6 0 -8 -37911
-9 -18 -7 -17 -46039
-4 14 -5 17 -47795
25 -22 24 -19 -29927
24 6 24 8 -28447
-21 11 -22 11 -39019
18 -25 19 -23 -29281
18 -1 20 0 -43119
-7 -20 -6 -22 -47391
9 22 10 23 -37345
14 -10 11 -11 -49659
-5 -19 -2 -18 -47563
-24 -11 -24 -6 -47027
16 -8 18 -5 -44433
21 24 -23 23 -41665
8 12 8 14 -37255
5 22 4 23 -34073
19 4 19 7 -41607
25 19 23 17 -27827
22 10 24 13 -34979
-18 10 -22 11 -44069
6 -14 9 -13 -44119
25 21 22 20 -20101
-4 -21 2 -24 -46825
-1 8 0 11 -41595
-24 8 -18 8 -40227
25 -17 24 -15 -31187
19 -15 22 -16 -41461
-21 -25 -19 -23 -36063
6 8 6 10 -41437
0 -13 -2 -12 -45553
9 18 6 22 -42415
9 -17 11 -19 -48535
0 23 1 24 -31321
10 -20 13 -20 -46359
10 23 -14 23 -45745
25 -9 25 -25 -43545
17 8 19 7 -47861
-3 11 -5 10 -44693
11 -3 12 -2 -45713
-15 19 -10 20 -47167
-19 9 -18 8 -39685
8 -16 8 -13 -44373
-25 13 -25 11 -32513
15 -16 15 -18 -42953
-3 14 -6 15 -45845
-6 8 -9 7 -44463
-13 11 -12 8 -43217
-7 11 -5 11 -41603
-25 2 -25 -6 -43615
-25 -23 -25 -25 -20217
0 13 3 13 -45059
-8 25 -11 23 -36483
6 10 4 11 -39087
7 -22 8 -23 -40605
17 -11 18 -10 -44409
3 4 0 6 -40885
2 21 3 21 -36327
-7 12 -6 10 -44111
-1 -12 0 -11 -42901
-19 -24 -16 -22 -44339
13 10 9 10 -44319
-2 -23 -11 -24 -47681
14 16 23 14 -49893
3 -2 3 -5 -41001
17 3 17 4 -41243
4 22 11 22 -40171
-18 -19 -16 -21 -45353
10 -17 7 -16 -46941
-23 -18 -23 -16 -41787
-13 -17 -12 -19 -42263
11 -3 12 0 -46741
-8 2 -10 4 -44481
-19 -24 -22 -20 -47653
-15 -14 -18 -14 -39985
-7 13 -11 16 -45517
-21 -22 -16 -24 -44643
7 -8 13 -8 -49047
-22 -2 -18 -2 -44257
-20 -10 -23 -11 -34973
-23 10 -22 17 -44693
-10 -22 -12 -23 -43105
23 22 19 17 -48737
-8 19 -10 23 -47067
8 0 10 4 -46053
19 19 18 17 -50643
-18 13 -17 11 -38667
-4 -7 -6 -9 -46287
20 13 21 15 -44235
3 -23 4 -21 -45545
2 -19 3 -21 -40099
-19 -11 -18 -10 -42091
11 12 9 11 -44817
23 -20 20 -24 -39417
-5 6 -3 4 -43149
-18 -24 -14 -23 -44429
-14 9 -12 12 -42289
-15 1 -12 1 -41575
-3 -20 -2 -20 -41129
23 -1 23 -3 -39665
8 17 9 21 -40751
-24 -6 -19 -4 -45265
-14 -4 -12 -5 -47893
14 19 16 20 -45345
19 12 22 10 -46335
-19 -4 -17 -5 -42261
-1 8 -4 11 -45445
-12 -16 -19 -17 -46545
21 10 18 10 -46973
18 -16 16 -16 -47137
17 6 17 9 -49247
4 -24 4 -20 -47905
0 -19 4 -17 -44609
23 8 18 12 -50659
-20 21 -21 23 -33357
-4 -20 -7 -20 -42771
15 21 17 19 -45095
-23 21 -19 22 -38037
-8 18 -9 18 -42397
4 -13 3 -12 -40481
-22 -21 -23 -22 -36543
12 8 13 7 -43247
-3 -19 -3 -20 -40437
-1 15 -2 19 -44503
6 -13 7 -14 -38723
-15 -22 -4 -10 -66737
-16 23 -21 23 -39327
-7 19 -5 18 -42497
16 9 13 10 -41321
0 13 5 12 -48505
-23 -18 -23 -9 -47683
-19 19 -14 18 -42445
5 -16 3 -20 -46729
-3 7 -5 7 -43467
-11 -17 -10 -13 -49415
8 13 4 15 -46853
2 16 1 13 -42331
-9 -5 -8 -8 -47515
11 -23 19 -24 -44295
7 -23 3 -21 -44717
-3 1 -4 -3 -45915
-19 -5 -20 -6 -47643
-1 3 -2 3 -37167
-8 4 -8 7 -38767
-15 4 -16 6 -37589
19 -9 15 -8 -43867
-21 -11 -20 -15 -47757
7 18 2 19 -45073
-23 -5 -23 -2 -48303
1 12 3 8 -45999
-1 1 -20 1 -55567
22 -4 23 -7 -44455
19 4 21 1 -42875
21 -14 20 -16 -44601
-15 -4 -11 -4 -48221
23 -7 22 -7 -28155
-22 9 -21 3 -42651
-13 22 -8 23 -48007
18 -6 17 -3 -43425
19 22 17 20 -48101
3 23 23 22 -43661
-23 0 -21 3 -47329
3 19 3 23 -42337
23 -13 20 -8 -47529
-7 -10 -9 -8 -49607
-10 3 -7 5 -44215
1 -13 -2 -14 -46697
-6 -4 -7 -5 -45071
-6 22 0 22 -43961
-16 -9 -12 -7 -48671
15 -22 6 -24 -45803
0 -7 -6 -8 -46213
-24 -24 2 -24 -41139
22 -6 23 -8 -40841
15 -3 -17 0 -55751
7 -24 8 -21 -45059
19 10 18 6 -47697
9 -19 8 -22 -44999
-16 -9 -21 -9 -43453
11 -2 15 -1 -45667
-6 21 -4 22 -46619
-8 -20 -7 -23 -48427
-15 4 -16 2 -40073
10 -4 8 0 -47903
-16 -17 -13 -14 -50327
10 11 8 11 -44709
-23 2 -24 5 -35497
9 18 16 18 -47171
18 9 16 8 -42905
-24 -3 -22 -1 -39335
-23 8 -23 14 -39129
-16 19 -18 17 -41575
-4 -2 1 0 -44457
23 -11 23 -17 -45635
14 -9 13 -12 -49311
-19 -6 -15 -8 -47061
-13 -9 -13 -6 -46989
20 -19 22 -20 -33779
-13 1 -15 4 -46443
-21 22 -18 21 -38095
-15 -11 -17 -7 -48455
-12 -15 -11 -16 -40339
-14 -23 -14 -21 -47401
10 4 11 4 -39707
8 20 13 21 -44943
8 17 11 13 -47801
6 -5 3 -3 -42385
-19 21 -9 22 -48971
-14 16 -11 19 -43081
-4 -23 -7 -24 -43057
2 20 -2 23 -44267
-7 -20 -8 -22 -45639
-17 7 -17 8 -35505
-24 1 -22 6 -40225
-21 2 -21 -1 -41751
9 4 7 5 -38907
-20 2 -23 4 -36299
-23 14 -24 14 -31005
-6 -3 -4 -1 -47435
17 21 17 19 -46797
-15 -13 -10 -13 -44585
11 -12 11 -11 -39579
-5 7 -6 6 -42685
-10 -23 -18 -23 -46675
11 -18 12 -18 -45557
-7 14 -13 13 -45095
-12 -23 -14 -22 -42877
19 -2 19 1 -40941
12 21 14 23 -42711
18 9 17 9 -46343
-9 7 -16 5 -46553
-10 23 -3 23 -45941
17 14 19 11 -47753
8 -4 4 -5 -46951
-19 11 21 -18 -59843
-11 -17 -9 -17 -39895
9 3 13 0 -45203
17 -13 17 -16 -45893
13 8 12 8 -41409
-7 2 -13 5 -48949
-24 -21 -24 -18 -44321
-15 -4 -12 -1 -46577
22 17 19 20 -46863
8 4 8 7 -42297
-7 -7 -12 -6 -51049
16 5 14 5 -39505
10 5 7 4 -46239
-2 19 -1 22 -45699
20 13 20 12 -39625
7 -6 3 -6 -42937
-1 -4 0 -1 -43929
20 -4 12 -2 -47151
-6 23 3 22 -46141
-6 22 -6 17 -48013
1 -11 2 -10 -37943
5 -3 4 -4 -45939
11 -23 6 -23 -44629
23 -10 18 -9 -42989
12 -18 13 -17 -44677
21 -23 -5 -24 -43631
6 -1 1 -2 -45021
8 12 6 12 -42969
0 10 -3 9 -41613
-6 13 -5 14 -42957
-9 13 9 17 -58119
2 5 -3 6 -45367
-18 12 18 5 -57083
-2 -22 -6 -24 -45797
-1 -15 -2 -9 -46783
-15 14 -19 16 -44245
8 -6 8 -4 -44327
-16 -7 -17 -10 -51013
18 13 18 17 -45833
8 -10 7 -9 -38869
-19 13 -21 14 -40383
-9 -6 -7 -7 -50959
5 -16 6 -13 -46031
1 11 -4 13 -44871
-10 -22 -5 -23 -41873
-5 20 -6 19 -47641
8 7 8 8 -39847
0 17 -4 17 -44437
-19 -17 -22 -19 -43417
3 -1 2 -1 -37547
18 17 23 18 -46811
-20 -22 -24 -20 -44565
22 20 20 23 -43587
19 -4 23 -2 -42413
16 16 12 12 -47175
23 -15 17 -16 -45239
-20 -24 -14 -23 -47151
1 1 4 -1 -38797
-1 22 -1 23 -37045
23 5 21 3 -34639
-11 -19 -10 -16 -49469
18 -11 22 -14 -49079
-6 -9 -9 -9 -47719
-7 1 -6 2 -45699
-24 16 -21 16 -40681
-23 4 -24 10 -35527
-24 -12 -21 -16 -40809
6 -7 5 -11 -40361
-6 -17 -6 -22 -49479
-3 -22 2 -24 -43935
-15 -12 -13 -14 -42197
19 -5 14 -6 -46301
-19 4 -15 5 -48583
16 -12 14 -13 -47597
6 7 8 6 -39797
0 -13 4 -13 -43701
-16 3 -18 3 -45387
