-10 1 -10 2 -41464
18 4 21 5 -39010
-9 -24 -8 -22 -40016
23 19 17 21 -47444
23 2 15 2 -41400
-11 -8 -12 -7 -45270
23 3 24 1 -31230
-24 -15 -18 -18 -46252
7 1 4 -1 -41558
-3 8 -4 7 -43096
16 7 16 10 -41316
1 10 -14 21 -62314
-16 -3 -17 -5 -46030
1 -14 -1 -12 -46712
-1 18 3 19 -48786
-10 -10 -11 -11 -45464
20 -17 19 -24 -48578
-25 -15 -23 -14 -24232
-20 16 -25 21 -44392
10 14 12 15 -43924
-9 25 -6 24 -34320
-18 0 -22 0 -42202
25 25 24 22 -14624
-18 1 -16 0 -43778
-25 -11 -25 -8 -39378
-15 6 -18 6 -43474
-20 16 -18 17 -38268
-1 5 3 5 -40116
17 17 17 19 -43462
13 -21 13 -18 -46894
1 -12 2 -12 -39676
25 -24 21 -22 -11790
12 -15 7 4 -62990
-6 -10 -6 -9 -39732
2 -23 -3 -23 -42632
20 18 20 14 -44174
4 13 0 11 -43044
-15 -24 -14 -25 -32374
8 15 9 16 -43098
-11 21 -10 16 -45234
-20 -5 -20 -4 -42732
4 18 3 15 -43972
23 1 19 -3 -45514
7 -16 7 -17 -41736
16 21 19 23 -47542
-22 -10 -21 -7 -46622
-2 -17 -3 -12 -45098
23 -23 14 -24 -42474
-18 -4 -16 -3 -46856
12 -3 12 -5 -43362
-23 24 -25 24 -14942
13 -15 12 -13 -44514
2 -25 2 -23 -30956
22 -19 22 -20 -43954
-24 -23 -19 -21 -47104
11 -24 17 -23 -40092
1 -23 0 -24 -36162
-4 -17 0 -15 -46424
-24 19 -24 15 -41290
-22 -14 -24 -18 -44480
-13 25 -10 17 -47900
-11 -24 -10 -25 -29470
-20 19 -20 22 -39386
-25 10 -25 24 -45734
21 12 17 11 -44718
19 -22 17 -19 -44402
-7 -2 -13 -3 -50606
16 -19 14 -19 -46002
2 -17 5 -20 -42802
-2 -2 -5 -1 -35122
25 2 23 2 -14916
4 -25 10 -25 -43804
2 20 -3 19 -50558
-24 24 -14 25 -37526
-5 -13 -4 -14 -39506
-4 12 -4 13 -40368
-25 14 -24 13 -27578
-4 23 -2 20 -41444
11 -20 12 -18 -47010
-24 -4 -25 -4 -13066
17 -25 15 -23 -28582
10 -19 8 -18 -49098
-23 16 -21 20 -45614
-8 25 -8 23 -25342
15 -24 12 -18 -48606
-10 1 -10 -3 -43024
15 -9 12 -9 -44264
-3 0 1 -3 -41016
8 -14 9 -14 -44042
14 20 11 25 -43942
7 -4 9 -6 -46628
19 -15 21 -18 -48590
20 -8 20 -10 -41870
-8 22 -15 22 -44722
18 23 9 22 -45888
-24 -11 -23 -7 -46870
15 -16 17 -16 -49956
-13 -23 -13 -21 -47120
-12 16 -16 17 -40078
-12 6 -11 7 -42038
-3 -19 -2 -16 -42348
-11 12 -18 12 -39282
-11 7 -11 9 -42312
-7 10 -12 11 -43718
-16 -13 -17 -17 -48368
-7 17 -7 14 -37840
25 -3 25 -6 -35432
23 -17 23 -20 -46076
-7 -12 -8 -14 -45998
8 -10 12 -10 -46884
23 -19 24 -17 -36380
-13 -10 -14 -13 -45630
-18 -24 -25 -23 -42558
6 -24 5 -24 -41104
-24 25 -25 20 -24606
17 -20 19 -20 -42892
-11 -23 -13 -24 -43836
-20 12 -24 9 -42776
7 19 11 21 -47764
-24 -9 -25 0 -48684
18 19 23 21 -46804
7 -22 7 -23 -42496
12 21 8 23 -43728
19 -1 15 -3 -46106
-5 3 -5 1 -41670
-9 -13 -9 -11 -43026
-18 -20 -18 -17 -47688
-16 20 -16 19 -39682
-24 -18 -22 -24 -45554
-24 19 -21 19 -37650
-1 -24 7 -24 -45072
14 -11 13 -10 -42686
-19 -15 -19 -18 -48952
13 -14 14 -14 -43168
18 23 22 20 -47102
13 0 16 -3 -44302
-19 11 -18 13 -41148
20 5 21 2 -45250
4 9 4 12 -45516
-12 -4 -10 -3 -45788
-24 16 -23 17 -37498
12 16 13 13 -43648
-20 -15 -20 -13 -43708
21 25 24 23 -26936
10 -7 10 -8 -46242
14 -1 11 1 -44976
-8 12 -8 8 -51748
7 19 6 19 -36728
12 24 12 22 -38400
-13 -23 -11 -23 -43958
11 4 15 5 -43966
-18 23 -17 25 -25152
-22 -5 -23 -1 -48200
2 1 2 0 -38098
8 -4 12 -4 -41614
-11 -1 -5 -1 -46398
17 23 16 21 -47504
20 -5 22 -6 -40680
10 3 10 2 -36762
-5 -22 -4 -25 -32316
16 4 17 3 -43146
-22 -21 -19 -21 -46780
15 18 14 19 -41532
24 15 25 13 -25264
-6 21 -2 25 -48030
-12 -11 -12 -8 -47336
-16 -22 -16 -20 -43264
3 -24 5 -24 -39666
-2 -11 -8 -11 -39650
16 -24 21 -23 -41594
8 4 9 6 -46662
11 22 15 21 -43692
-23 -19 -23 -20 -43398
12 -25 10 -24 -30746
24 -11 25 -10 -20468
-16 21 -16 22 -33814
20 8 23 12 -40402
-8 18 -6 19 -44032
-20 -15 -10 -18 -58916
11 -6 11 -8 -46214
16 -11 15 -7 -48134
20 -2 22 -3 -36568
24 -21 19 -25 -38482
16 -16 15 -15 -47246
-25 -24 -23 -22 -24966
1 25 5 25 -26264
-9 -13 -10 -13 -40876
24 -13 23 -12 -32176
-7 21 -13 22 -48040
-17 23 -13 22 -32522
-2 4 -2 3 -35382
-1 -6 1 -6 -39582
-22 2 -23 0 -45968
-15 -1 -15 2 -42260
21 -3 21 -4 -41352
13 22 22 22 -43808
4 11 8 12 -45818
14 15 19 15 -39126
-7 -5 -10 -8 -50400
3 23 4 25 -30336
25 -4 25 4 -38154
-2 -6 0 -8 -39232
-9 -18 -7 -17 -46584
4 4 1 -2 -48076
25 -22 24 -19 -30300
24 6 24 8 -27260
-21 11 -22 11 -38758
18 -25 19 -23 -29830
18 -1 20 0 -43306
-7 -20 -6 -22 -44006
9 22 10 23 -41276
14 -10 11 -11 -49848
-5 -19 -2 -18 -49534
-24 -11 -24 -6 -45564
16 -8 18 -5 -45596
21 24 -23 23 -42000
8 12 8 14 -38724
5 22 4 23 -35618
19 4 19 7 -40250
25 19 23 17 -27092
22 10 24 13 -35420
-18 10 -22 11 -44014
6 -14 9 -13 -48188
25 21 22 20 -20632
-4 -21 2 -24 -47514
-1 8 0 11 -44098
-24 8 -18 8 -40484
25 -17 24 -15 -31990
19 -15 22 -16 -41836
-21 -25 -19 -23 -36566
6 8 6 10 -41508
0 -13 -2 -12 -43344
9 18 6 22 -46864
9 -17 11 -19 -48668
0 23 1 24 -34926
10 -20 13 -20 -46376
10 23 -14 23 -45682
25 -9 25 -25 -44096
17 8 19 7 -43634
-3 11 -5 10 -46468
11 -3 12 -2 -46196
20 4 21 18 -52600
-19 9 -18 8 -39152
8 -16 8 -13 -48794
-25 13 -25 11 -33842
15 -16 15 -18 -43616
-3 14 -6 15 -44206
-6 8 -9 7 -44142
-13 11 -12 8 -43898
-7 11 -5 11 -40488
-25 2 -25 -6 -44266
-25 -23 -25 -25 -20524
0 13 3 13 -42784
-8 25 -11 23 -35836
6 10 4 11 -39750
7 -22 8 -23 -41400
17 -11 18 -10 -44666
3 4 0 6 -39970
2 21 3 21 -36556
-7 12 -6 10 -50246
-1 -12 0 -11 -41228
-19 -24 -16 -22 -45264
13 10 9 10 -45048
-2 -23 -11 -24 -48294
15 -24 -21 -22 -49324
3 -2 3 -5 -41394
17 3 17 4 -41408
4 22 11 22 -41308
-18 -19 -16 -21 -47650
10 -17 7 -16 -48410
-23 -18 -23 -16 -42872
-13 -17 -12 -19 -43614
11 -3 12 0 -47106
-8 2 -10 4 -44698
-19 -24 -22 -20 -47760
-15 -14 -18 -14 -44836
-7 13 -11 16 -45644
-21 -22 -16 -24 -45784
7 -8 13 -8 -49326
-22 -2 -18 -2 -43826
-20 -10 -23 -11 -35042
-23 10 -22 17 -47076
-10 -22 -12 -23 -44408
23 22 19 17 -47998
-8 19 -10 23 -46144
8 0 10 4 -47188
13 -20 17 -22 -47274
-18 13 -17 11 -39716
-4 -7 -6 -9 -44026
20 13 21 15 -44818
3 -23 4 -21 -45734
2 -19 3 -21 -40688
-19 -11 -18 -10 -42998
11 12 9 11 -44728
23 -20 20 -24 -40176
-5 6 -3 4 -41836
-18 -24 -14 -23 -46668
-14 9 -12 12 -42772
-15 1 -12 1 -38790
-3 -20 -2 -20 -41178
23 -1 23 -3 -39428
8 17 9 21 -44520
-24 -6 -19 -4 -44564
-14 -4 -12 -5 -45246
14 19 16 20 -45126
19 12 22 10 -37378
-19 -4 -17 -5 -40138
-1 8 -4 11 -46214
-12 -16 -19 -17 -51528
21 10 18 10 -42190
18 -16 16 -16 -48902
17 6 17 9 -42522
4 -24 4 -20 -48810
0 -19 4 -17 -43900
-3 -6 1 -6 -42228
-20 21 -21 23 -33842
21 -8 21 -14 -47598
15 21 17 19 -44568
-23 21 -19 22 -38542
-8 18 -9 18 -41474
4 -13 3 -12 -40176
-22 -21 -23 -22 -36620
12 8 13 7 -41714
-3 -19 -3 -20 -37166
-1 15 -2 19 -41172
6 -13 7 -14 -39474
-5 -20 -24 1 -62900
-16 23 -21 23 -40164
-7 19 -5 18 -42994
16 9 13 10 -40288
0 13 5 12 -46922
-23 -18 -23 -9 -45260
-19 19 -14 18 -42638
5 -16 3 -20 -46472
-3 7 -5 7 -41952
-11 -17 -10 -13 -48444
8 13 4 15 -47086
2 16 1 13 -42554
-9 -5 -8 -8 -44826
-18 -7 6 7 -66198
7 -23 3 -21 -45588
-3 1 -4 -3 -45790
-19 -5 -20 -6 -47734
-1 3 -2 3 -36092
-8 4 -8 7 -39236
-15 4 -16 6 -36480
19 -9 15 -8 -44294
7 -15 8 -13 -51828
7 18 2 19 -41870
-23 -5 -23 -2 -48802
1 12 3 8 -48238
-6 -19 -5 -18 -47494
22 -4 23 -7 -44778
19 4 21 1 -42754
21 -14 20 -16 -42446
-15 -4 -11 -4 -46420
23 -7 22 -7 -27514
-22 9 -21 3 -42420
-13 22 -8 23 -44474
18 -6 17 -3 -43778
19 22 17 20 -51130
3 23 23 22 -44662
-23 0 -21 3 -47478
3 19 3 23 -48034
23 -13 20 -8 -51794
-7 -10 -9 -8 -47226
-10 3 -7 5 -44356
-7 10 -7 12 -49412
-6 -4 -7 -5 -44854
-6 22 0 22 -44256
-16 -9 -12 -7 -47650
15 -22 6 -24 -47068
-3 -9 -6 20 -59384
-24 -24 2 -24 -44550
22 -6 23 -8 -42666
-17 -11 -21 -10 -44598
7 -24 8 -21 -46320
-10 -5 -13 -1 -48186
9 -19 8 -22 -45832
-16 -9 -21 -9 -47598
11 -2 15 -1 -45520
-6 21 -4 22 -47304
-8 -20 -7 -23 -45870
-15 4 -16 2 -40386
10 -4 8 0 -49526
-16 -17 -13 -14 -49614
10 11 8 11 -44844
-23 2 -24 5 -35024
9 18 16 18 -48532
18 9 16 8 -40240
-24 -3 -22 -1 -38712
-23 8 -23 14 -41092
-16 19 -18 17 -41604
-4 -2 1 0 -45234
23 -11 23 -17 -44350
14 -9 13 -12 -50290
-19 -6 -15 -8 -46122
-13 -9 -13 -6 -45786
20 -19 22 -20 -33352
-13 1 -15 4 -44240
-21 22 -18 21 -39190
-15 -11 -17 -7 -47956
-12 -15 -11 -16 -42506
-14 -23 -14 -21 -46796
10 4 11 4 -40206
8 20 13 21 -47938
8 17 11 13 -48572
6 -5 3 -3 -40282
-19 21 -9 22 -44080
-14 16 -11 19 -39418
-4 -23 -7 -24 -45000
2 20 -2 23 -42874
-7 -20 -8 -22 -44178
-17 7 -17 8 -35088
-24 1 -22 6 -40766
-21 2 -21 -1 -42698
9 4 7 5 -38408
-20 2 -23 4 -36268
-23 14 -24 14 -31512
-6 -3 -4 -1 -45954
17 21 17 19 -46902
-15 -13 -10 -13 -45886
11 -12 11 -11 -41716
-5 7 -6 6 -42184
-10 -23 -18 -23 -49750
11 -18 12 -18 -45582
-7 14 -13 13 -43244
-12 -23 -14 -22 -44588
19 -2 19 1 -41372
12 21 14 23 -46462
18 9 17 9 -43422
-9 7 -16 5 -45434
-10 23 -3 23 -46860
17 14 19 11 -46170
8 -4 4 -5 -45406
7 -6 5 -9 -49160
-11 -17 -9 -17 -39638
9 3 13 0 -46538
17 -13 17 -16 -46134
13 8 12 8 -41344
-7 2 -13 5 -48092
-24 -21 -24 -18 -45108
-15 -4 -12 -1 -48194
22 17 19 20 -43512
8 4 8 7 -42446
-24 -24 -22 19 -54554
16 5 14 5 -39212
10 5 7 4 -45436
-2 19 -1 22 -48182
20 13 20 12 -41862
7 -6 3 -6 -41970
-1 -4 0 -1 -43740
20 -4 12 -2 -47182
-6 23 3 22 -46074
-14 -21 20 22 -64860
1 -11 2 -10 -39818
5 -3 4 -4 -45664
11 -23 6 -23 -46250
23 -10 18 -9 -43068
12 -18 13 -17 -45210
21 -23 -5 -24 -45036
2 18 4 21 -49612
8 12 6 12 -43372
0 10 -3 9 -42258
-6 13 -5 14 -42694
-6 -21 -5 -21 -41840
2 5 -3 6 -44670
-18 -22 23 -3 -59948
-2 -22 -6 -24 -47546
-1 -15 -2 -9 -47112
-15 14 -19 16 -43512
8 -6 8 -4 -46266
8 21 8 23 -43526
18 13 18 17 -47258
8 -10 7 -9 -40798
-19 13 -21 14 -41290
-9 -6 -7 -7 -43730
5 -16 6 -13 -50596
1 11 -4 13 -45180
-10 -22 -5 -23 -42026
-5 20 -6 19 -45386
8 7 8 8 -38828
0 17 -4 17 -42894
-19 -17 -22 -19 -44606
3 -1 2 -1 -32840
18 17 23 18 -42608
-20 -22 -24 -20 -44872
22 20 20 23 -44588
19 -4 23 -2 -42618
16 16 12 12 -48036
23 -15 17 -16 -45552
-20 -24 -14 -23 -49358
1 1 4 -1 -37162
-1 22 -1 23 -38922
23 5 21 3 -33174
-11 -19 -10 -16 -47986
18 -11 22 -14 -50404
-6 -9 -9 -9 -43692
-7 1 -6 2 -45014
-24 16 -21 16 -40860
-23 4 -24 10 -36608
-24 -12 -21 -16 -37380
6 -7 5 -11 -46770
-20 16 -21 19 -43440
-3 -22 2 -24 -44614
-15 -12 -13 -14 -44524
19 -5 14 -6 -46848
-19 4 -15 5 -48286
16 -12 14 -13 -47592
6 7 8 6 -38550
0 -13 4 -13 -42698
-16 3 -18 3 -44968
