-10 1 -10 2 -41646
18 4 21 5 -39784
-9 -24 -8 -22 -39092
23 19 17 21 -48332
23 2 15 2 -41766
-11 -8 -12 -7 -45126
23 3 24 1 -31942
-24 -15 -18 -18 -45386
7 1 4 -1 -42662
-3 8 -4 7 -43042
16 7 16 10 -39716
-24 -22 -21 2 -58672
-16 -3 -17 -5 -46046
1 -14 -1 -12 -48060
-1 18 3 19 -50450
-10 -10 -11 -11 -45434
20 -17 19 -24 -48294
-25 -15 -23 -14 -24682
-20 16 -25 21 -44728
10 14 12 15 -44124
-9 25 -6 24 -34686
-18 0 -22 0 -43590
25 25 24 22 -14702
-18 1 -16 0 -45012
-25 -11 -25 -8 -39516
-15 6 -18 6 -45816
-20 16 -18 17 -38822
-1 5 3 5 -40240
17 17 17 19 -45308
13 -21 13 -18 -46628
1 -12 2 -12 -41872
25 -24 21 -22 -12178
-10 8 -15 8 -45940
-6 -10 -6 -9 -38964
2 -23 -3 -23 -42648
20 18 20 14 -44318
4 13 0 11 -43778
-15 -24 -14 -25 -31598
8 15 9 16 -43674
-11 21 -10 16 -44080
-20 -5 -20 -4 -42448
4 18 3 15 -44464
23 1 19 -3 -46534
7 -16 7 -17 -41660
16 21 19 23 -47874
-22 -10 -21 -7 -47050
-2 -17 -3 -12 -44718
23 -23 14 -24 -40874
-18 -4 -16 -3 -47678
12 -3 12 -5 -42602
-23 24 -25 24 -14692
13 -15 12 -13 -43278
2 -25 2 -23 -31094
22 -19 22 -20 -43072
-24 -23 -19 -21 -46322
11 -24 17 -23 -38492
1 -23 0 -24 -36288
-4 -17 0 -15 -47940
-24 19 -24 15 -40920
-22 -14 -24 -18 -45012
-13 25 -10 17 -47284
-11 -24 -10 -25 -29376
-20 19 -20 22 -39850
-25 10 -25 24 -45506
21 12 17 11 -45144
19 -22 17 -19 -43520
-4 9 1 3 -59202
16 -19 14 -19 -39102
2 -17 5 -20 -42922
-2 -2 -5 -1 -39358
25 2 23 2 -14268
4 -25 10 -25 -43898
2 20 -3 19 -52160
-24 24 -14 25 -38292
-5 -13 -4 -14 -40386
-4 12 -4 13 -39460
-25 14 -24 13 -27882
-4 23 -2 20 -40464
11 -20 12 -18 -46244
-24 -4 -25 -4 -12880
17 -25 15 -23 -27424
10 -19 8 -18 -49310
-23 16 -21 20 -44990
-8 25 -8 23 -24592
15 -24 12 -18 -47108
-10 1 -10 -3 -42174
15 -9 12 -9 -42838
-3 0 1 -3 -43278
8 -14 9 -14 -43458
14 20 11 25 -45088
7 -4 9 -6 -45240
19 -15 21 -18 -47938
20 -8 20 -10 -41272
-8 22 -15 22 -46070
18 23 9 22 -48356
-24 -11 -23 -7 -47420
-24 -24 0 2 -60942
-13 -23 -13 -21 -47680
-12 16 -16 17 -40588
-12 6 -11 7 -45488
-3 -19 -2 -16 -42138
-11 12 -18 12 -42496
-11 7 -11 9 -39540
-7 10 -12 11 -46452
-16 -13 -17 -17 -48446
-7 17 -7 14 -36880
25 -3 25 -6 -35662
23 -17 23 -20 -45520
-7 -12 -8 -14 -45560
8 -10 12 -10 -46728
23 -19 24 -17 -35832
-13 -10 -14 -13 -46046
-18 -24 -25 -23 -41544
6 -24 5 -24 -41532
-24 25 -25 20 -24220
17 -20 19 -20 -37876
-11 -23 -13 -24 -41638
-20 12 -24 9 -42956
7 19 11 21 -49046
-24 -9 -25 0 -47868
18 19 23 21 -47332
7 -22 7 -23 -42394
12 21 8 23 -44796
19 -1 15 -3 -46014
-5 3 -5 1 -45144
-9 -13 -9 -11 -43002
-18 -20 -18 -17 -46862
-16 20 -16 19 -38800
-24 -18 -22 -24 -44644
-24 19 -21 19 -37836
-1 -24 7 -24 -44932
14 -11 13 -10 -43590
-19 -15 -19 -18 -48680
13 -14 14 -14 -39052
18 23 22 20 -47650
13 0 16 -3 -44614
-19 11 -18 13 -41102
20 5 21 2 -45722
4 9 4 12 -45892
-12 -4 -10 -3 -43158
-24 16 -23 17 -37088
12 16 13 13 -47446
-20 -15 -20 -13 -42902
21 25 24 23 -27058
10 -7 10 -8 -45716
14 -1 11 1 -45396
18 -16 -3 -10 -55560
7 19 6 19 -37688
12 24 12 22 -38420
-13 -23 -11 -23 -41966
11 4 15 5 -45346
-18 23 -17 25 -25236
-22 -5 -23 -1 -47584
2 1 2 0 -40092
8 -4 12 -4 -42522
-11 -1 -5 -1 -47500
17 23 16 21 -48198
20 -5 22 -6 -40564
10 3 10 2 -37528
-5 -22 -4 -25 -31692
16 4 17 3 -43246
-22 -21 -19 -21 -45040
15 18 14 19 -44548
24 15 25 13 -24452
-6 21 -2 25 -48552
-12 -11 -12 -8 -47036
-16 -22 -16 -20 -43810
3 -24 5 -24 -39890
-2 -11 -8 -11 -41830
16 -24 21 -23 -39720
8 4 9 6 -47962
11 22 15 21 -45160
-23 -19 -23 -20 -42548
12 -25 10 -24 -30734
24 -11 25 -10 -20174
-16 21 -16 22 -34232
20 8 23 12 -38726
-8 18 -6 19 -44938
11 -9 13 -8 -48162
11 -6 11 -8 -45364
16 -11 15 -7 -48052
20 -2 22 -3 -35628
24 -21 19 -25 -37924
16 -16 15 -15 -42600
-25 -24 -23 -22 -24780
1 25 5 25 -28220
-9 -13 -10 -13 -40888
24 -13 23 -12 -31226
-7 21 -13 22 -48576
-17 23 -13 22 -32642
-2 4 -2 3 -42618
-1 -6 1 -6 -41376
-22 2 -23 0 -46596
-15 -1 -15 2 -41648
21 -3 21 -4 -41528
13 22 22 22 -45586
4 11 8 12 -46292
14 15 19 15 -39250
-7 -5 -10 -8 -50116
3 23 4 25 -31038
25 -4 25 4 -39902
-2 -6 0 -8 -40626
-9 -18 -7 -17 -46078
4 4 1 -2 -50208
25 -22 24 -19 -29924
24 6 24 8 -25864
-21 11 -22 11 -39488
18 -25 19 -23 -29312
18 -1 20 0 -43826
-7 -20 -6 -22 -44242
9 22 10 23 -41352
-9 -5 -6 -6 -49994
-5 -19 -2 -18 -49376
-24 -11 -24 -6 -46232
16 -8 18 -5 -44358
21 24 -23 23 -45344
8 12 8 14 -39544
5 22 4 23 -36188
19 4 19 7 -40338
25 19 23 17 -28104
22 10 24 13 -34430
-18 10 -22 11 -44512
6 -14 9 -13 -44756
25 21 22 20 -20752
-4 -21 2 -24 -47980
-1 8 0 11 -42630
-24 8 -18 8 -40874
25 -17 24 -15 -30572
19 -15 22 -16 -40630
-21 -25 -19 -23 -35054
6 8 6 10 -41376
0 -13 -2 -12 -45288
9 18 6 22 -48438
9 -17 11 -19 -48644
0 23 1 24 -36136
10 -20 13 -20 -45742
10 23 -14 23 -45950
25 -9 25 -25 -43118
17 8 19 7 -42564
-3 11 -5 10 -47420
11 -3 12 -2 -47060
-7 -1 -24 -1 -53992
-19 9 -18 8 -39172
8 -16 8 -13 -44154
-25 13 -25 11 -33546
15 -16 15 -18 -43480
-3 14 -6 15 -46106
-6 8 -9 7 -46564
-13 11 -12 8 -41486
-7 11 -5 11 -42010
-25 2 -25 -6 -44282
-25 -23 -25 -25 -20328
0 13 3 13 -44470
-8 25 -11 23 -36214
6 10 4 11 -40586
7 -22 8 -23 -42008
17 -11 18 -10 -43110
3 4 0 6 -45954
2 21 3 21 -38248
-7 12 -6 10 -47034
-1 -12 0 -11 -42102
-19 -24 -16 -22 -39802
13 10 9 10 -45666
-2 -23 -11 -24 -48068
15 -24 -21 -22 -47426
3 -2 3 -5 -41968
17 3 17 4 -42594
4 22 11 22 -43812
-18 -19 -16 -21 -43838
10 -17 7 -16 -49100
-23 -18 -23 -16 -42772
-13 -17 -12 -19 -42078
11 -3 12 0 -47622
-8 2 -10 4 -45456
-19 -24 -22 -20 -47536
-15 -14 -18 -14 -41230
-7 13 -11 16 -44768
-21 -22 -16 -24 -42510
7 -8 13 -8 -49978
-22 -2 -18 -2 -45272
-20 -10 -23 -11 -35514
-23 10 -22 17 -45528
-10 -22 -12 -23 -42846
23 22 19 17 -48760
-8 19 -10 23 -45702
8 0 10 4 -48970
13 -20 17 -22 -43130
-18 13 -17 11 -39096
-4 -7 -6 -9 -45026
20 13 21 15 -44572
3 -23 4 -21 -45846
2 -19 3 -21 -41108
-19 -11 -18 -10 -42828
11 12 9 11 -44746
23 -20 20 -24 -39518
-5 6 -3 4 -48536
-18 -24 -14 -23 -37936
-14 9 -12 12 -42364
-15 1 -12 1 -41442
-3 -20 -2 -20 -42012
23 -1 23 -3 -40376
8 17 9 21 -45946
-24 -6 -19 -4 -44522
-14 -4 -12 -5 -45412
14 19 16 20 -45606
19 12 22 10 -37012
-19 -4 -17 -5 -41018
-1 8 -4 11 -49394
-12 -16 -19 -17 -47134
21 10 18 10 -42314
-18 0 -1 9 -66174
17 6 17 9 -40746
4 -24 4 -20 -48964
0 -19 4 -17 -44098
-3 -6 1 -6 -44730
-20 21 -21 23 -34064
21 -8 21 -14 -47090
15 21 17 19 -46206
-23 21 -19 22 -39588
-8 18 -9 18 -42222
4 -13 3 -12 -40716
-22 -21 -23 -22 -36048
12 8 13 7 -41018
-3 -19 -3 -20 -37542
-1 15 -2 19 -40760
6 -13 7 -14 -38934
-1 6 1 -1 -53302
-16 23 -21 23 -40410
-7 19 -5 18 -41562
16 9 13 10 -39736
0 13 5 12 -48388
-23 -18 -23 -9 -46174
-19 19 -14 18 -43114
5 -16 3 -20 -45986
-3 7 -5 7 -44270
-11 -17 -10 -13 -47868
8 13 4 15 -47590
2 16 1 13 -42640
-9 -5 -8 -8 -46592
1 22 -24 20 -52158
7 -23 3 -21 -46180
-3 1 -4 -3 -46054
-19 -5 -20 -6 -47568
-1 3 -2 3 -37988
-8 4 -8 7 -40758
-15 4 -16 6 -36756
19 -9 15 -8 -42252
22 9 9 -4 -61934
7 18 2 19 -43086
-23 -5 -23 -2 -48778
1 12 3 8 -48440
-6 -19 -5 -18 -47452
22 -4 23 -7 -45072
19 4 21 1 -42548
21 -14 20 -16 -41270
-15 -4 -11 -4 -46814
23 -7 22 -7 -27662
-22 9 -21 3 -42236
-13 22 -8 23 -45764
18 -6 17 -3 -43298
19 22 17 20 -51324
3 23 23 22 -49478
-23 0 -21 3 -47768
3 19 3 23 -48196
23 -13 20 -8 -50582
-7 -10 -9 -8 -48910
-10 3 -7 5 -47102
-7 10 -7 12 -43004
-6 -4 -7 -5 -44718
-6 22 0 22 -44900
-16 -9 -12 -7 -47346
15 -22 6 -24 -46886
-4 13 -2 12 -47376
-24 -24 2 -24 -44126
22 -6 23 -8 -41918
-17 -11 -21 -10 -44056
7 -24 8 -21 -45372
-10 -5 -13 -1 -47954
9 -19 8 -22 -44990
-16 -9 -21 -9 -47042
11 -2 15 -1 -46922
-6 21 -4 22 -48376
-8 -20 -7 -23 -46032
-15 4 -16 2 -40680
10 -4 8 0 -48394
-16 -17 -13 -14 -48972
10 11 8 11 -45638
-23 2 -24 5 -35760
9 18 16 18 -49670
18 9 16 8 -40788
-24 -3 -22 -1 -39138
-23 8 -23 14 -40662
-16 19 -18 17 -42038
-4 -2 1 0 -47236
23 -11 23 -17 -43056
14 -9 13 -12 -48412
-19 -6 -15 -8 -46296
-13 -9 -13 -6 -46894
20 -19 22 -20 -34154
-13 1 -15 4 -45580
-21 22 -18 21 -39908
-15 -11 -17 -7 -46694
-12 -15 -11 -16 -39618
-14 -23 -14 -21 -46996
10 4 11 4 -40114
8 20 13 21 -49018
8 17 11 13 -51044
6 -5 3 -3 -42492
-19 21 -9 22 -46142
-14 16 -11 19 -39738
-4 -23 -7 -24 -44800
2 20 -2 23 -43232
-7 -20 -8 -22 -43420
-17 7 -17 8 -35120
-24 1 -22 6 -40782
-21 2 -21 -1 -42728
9 4 7 5 -38438
-20 2 -23 4 -36186
-23 14 -24 14 -32306
-6 -3 -4 -1 -47668
17 21 17 19 -47918
-15 -13 -10 -13 -43360
11 -12 11 -11 -39924
-5 7 -6 6 -44208
-10 -23 -18 -23 -44890
11 -18 12 -18 -45408
-7 14 -13 13 -45258
-12 -23 -14 -22 -42404
19 -2 19 1 -41822
12 21 14 23 -46578
18 9 17 9 -44058
-9 7 -16 5 -52868
-10 23 -3 23 -47374
17 14 19 11 -46048
8 -4 4 -5 -46362
7 -6 5 -9 -48628
-11 -17 -9 -17 -38470
9 3 13 0 -45864
17 -13 17 -16 -45132
13 8 12 8 -41804
-7 2 -13 5 -49410
-24 -21 -24 -18 -44018
-15 -4 -12 -1 -47610
22 17 19 20 -43958
8 4 8 7 -43890
-2 23 19 23 -47886
16 5 14 5 -39340
10 5 7 4 -46656
-2 19 -1 22 -48502
20 13 20 12 -39734
7 -6 3 -6 -43290
-1 -4 0 -1 -45018
20 -4 12 -2 -47544
-6 23 3 22 -46718
11 22 15 11 -61430
1 -11 2 -10 -40078
5 -3 4 -4 -45710
11 -23 6 -23 -46090
23 -10 18 -9 -42080
12 -18 13 -17 -43652
21 -23 -5 -24 -44050
2 18 4 21 -50398
8 12 6 12 -44158
0 10 -3 9 -43764
-6 13 -5 14 -43124
-6 -21 -5 -21 -41926
2 5 -3 6 -49142
-8 -13 5 -10 -56574
-2 -22 -6 -24 -47082
-1 -15 -2 -9 -46552
-15 14 -19 16 -43772
8 -6 8 -4 -45386
8 21 8 23 -43576
18 13 18 17 -47876
8 -10 7 -9 -40222
-19 13 -21 14 -41720
-9 -6 -7 -7 -50260
5 -16 6 -13 -45568
1 11 -4 13 -49764
-10 -22 -5 -23 -42116
-5 20 -6 19 -46492
8 7 8 8 -39402
0 17 -4 17 -44896
-19 -17 -22 -19 -44018
3 -1 2 -1 -33980
18 17 23 18 -42956
-20 -22 -24 -20 -44496
22 20 20 23 -44788
19 -4 23 -2 -42750
16 16 12 12 -47598
23 -15 17 -16 -41694
23 20 22 -8 -51426
1 1 4 -1 -38508
-1 22 -1 23 -38552
23 5 21 3 -34268
-11 -19 -10 -16 -47206
18 -11 22 -14 -48750
-6 -9 -9 -9 -46194
-7 1 -6 2 -46820
-24 16 -21 16 -40996
-23 4 -24 10 -36624
-24 -12 -21 -16 -36890
6 -7 5 -11 -44800
-20 16 -21 19 -43870
-3 -22 2 -24 -45114
-15 -12 -13 -14 -42144
19 -5 14 -6 -45746
-19 4 -15 5 -50730
16 -12 14 -13 -41268
6 7 8 6 -39572
0 -13 4 -13 -44474
-16 3 -18 3 -47054
