-10 1 -10 2 -44869
18 4 21 5 -40133
-9 -24 -8 -22 -39899
23 19 17 21 -47797
23 2 15 2 -43537
-11 -8 -12 -7 -44431
23 3 24 1 -34109
-24 -15 -18 -18 -43733
7 1 4 -1 -42917
-3 8 -4 7 -43681
16 7 16 10 -41093
-23 5 -12 17 -60775
-16 -3 -17 -5 -46015
1 -14 -1 -12 -46881
-1 18 3 19 -43523
-10 -10 -11 -11 -46325
20 -17 19 -24 -47681
-25 -15 -23 -14 -24623
-20 16 -25 21 -46939
10 14 12 15 -44659
-9 25 -6 24 -34543
-18 0 -22 0 -42247
25 25 24 22 -14527
-18 1 -16 0 -44831
-25 -11 -25 -8 -39507
-15 6 -18 6 -46333
-20 16 -18 17 -41163
-1 5 3 5 -40581
17 17 17 19 -43161
13 -21 13 -18 -46875
1 -12 2 -12 -39025
25 -24 21 -22 -11887
-10 8 -15 8 -42317
-6 -10 -6 -9 -39277
2 -23 -3 -23 -41795
20 18 20 14 -42713
4 13 0 11 -42993
-15 -24 -14 -25 -32109
8 15 9 16 -44135
-11 21 -10 16 -49697
-20 -5 -20 -4 -42821
4 18 3 15 -43163
23 1 19 -3 -45939
7 -16 7 -17 -42065
16 21 19 23 -45913
-22 -10 -21 -7 -47699
-2 -17 -3 -12 -45525
23 -23 14 -24 -40627
-18 -4 -16 -3 -46959
12 -3 12 -5 -41941
-23 24 -25 24 -15317
13 -15 12 -13 -42357
2 -25 2 -23 -31741
22 -19 22 -20 -43147
-24 -23 -19 -21 -45499
11 -24 17 -23 -38199
1 -23 0 -24 -36403
-4 -17 0 -15 -47359
-24 19 -24 15 -41811
-22 -14 -24 -18 -43657
-13 25 -10 17 -49375
-11 -24 -10 -25 -29107
-20 19 -20 22 -42153
-25 10 -25 24 -47257
21 12 17 11 -45519
19 -22 17 -19 -43711
-9 -4 17 5 -68565
16 -19 14 -19 -38801
2 -17 5 -20 -45411
-2 -2 -5 -1 -37981
25 2 23 2 -14629
4 -25 10 -25 -44271
-7 4 -6 2 -52539
-24 24 -14 25 -38333
-5 -13 -4 -14 -39683
-4 12 -4 13 -40185
-25 14 -24 13 -30035
-4 23 -2 20 -41917
11 -20 12 -18 -45847
-24 -4 -25 -4 -13403
17 -25 15 -23 -27705
10 -19 8 -18 -49031
-23 16 -21 20 -47025
-8 25 -8 23 -25129
15 -24 12 -18 -47309
-10 1 -10 -3 -44365
15 -9 12 -9 -38387
-3 0 1 -3 -43911
8 -14 9 -14 -44259
14 20 11 25 -44055
7 -4 9 -6 -44425
19 -15 21 -18 -47651
20 -8 20 -10 -41049
-8 22 -15 22 -45451
-24 12 -18 -6 -58035
-24 -11 -23 -7 -47019
22 15 22 -3 -49173
-13 -23 -13 -21 -47851
-12 16 -16 17 -43851
-12 6 -11 7 -42109
-3 -19 -2 -16 -46785
-11 12 -18 12 -44675
-11 7 -11 9 -41737
-7 10 -12 11 -46533
-16 -13 -17 -17 -46001
-7 17 -7 14 -40645
25 -3 25 -6 -35587
23 -17 23 -20 -45777
-7 -12 -8 -14 -45953
8 -10 12 -10 -40521
23 -19 24 -17 -36201
-13 -10 -14 -13 -46765
-18 -24 -25 -23 -39545
6 -24 5 -24 -41611
-24 25 -25 20 -25837
17 -20 19 -20 -37481
-11 -23 -13 -24 -42101
-20 12 -24 9 -45237
7 19 11 21 -48059
-24 -9 -25 0 -48083
18 19 23 21 -47123
7 -22 7 -23 -42377
12 21 8 23 -43889
19 -1 15 -3 -41255
-5 3 -5 1 -45577
-9 -13 -9 -11 -44423
-18 -20 -18 -17 -47245
-16 20 -16 19 -41879
-24 -18 -22 -24 -41987
-24 19 -21 19 -38971
-1 -24 7 -24 -45045
14 -11 13 -10 -40493
-19 -15 -19 -18 -47519
13 -14 14 -14 -37455
18 23 22 20 -47687
13 0 16 -3 -42117
-19 11 -18 13 -45261
20 5 21 2 -47117
4 9 4 12 -44973
-12 -4 -10 -3 -43459
-24 16 -23 17 -38231
12 16 13 13 -43443
-20 -15 -20 -13 -42523
21 25 24 23 -27273
10 -7 10 -8 -45865
14 -1 11 1 -43593
0 -7 -16 8 -66489
7 19 6 19 -37921
12 24 12 22 -38383
-13 -23 -11 -23 -42831
11 4 15 5 -44627
-18 23 -17 25 -25367
-22 -5 -23 -1 -48581
2 1 2 0 -38097
8 -4 12 -4 -38363
-11 -1 -5 -1 -47309
17 23 16 21 -46705
20 -5 22 -6 -40337
10 3 10 2 -36983
-5 -22 -4 -25 -32935
16 4 17 3 -43155
-22 -21 -19 -21 -42477
15 18 14 19 -41511
24 15 25 13 -23935
-6 21 -2 25 -47359
-12 -11 -12 -8 -47949
-16 -22 -16 -20 -44403
3 -24 5 -24 -39733
-2 -11 -8 -11 -40489
16 -24 21 -23 -39495
8 4 9 6 -47673
11 22 15 21 -40089
-23 -19 -23 -20 -42175
12 -25 10 -24 -30353
24 -11 25 -10 -19539
-16 21 -16 22 -37299
20 8 23 12 -39339
-8 18 -6 19 -46019
11 -9 13 -8 -44941
11 -6 11 -8 -45683
16 -11 15 -7 -47259
20 -2 22 -3 -37001
24 -21 19 -25 -37221
16 -16 15 -15 -42897
-25 -24 -23 -22 -24387
1 25 5 25 -28045
-9 -13 -10 -13 -41491
24 -13 23 -12 -31755
-7 21 -13 22 -48947
-17 23 -13 22 -35809
-2 4 -2 3 -38335
-1 -6 1 -6 -39999
-22 2 -23 0 -46471
-15 -1 -15 2 -44293
21 -3 21 -4 -40965
13 22 22 22 -41875
4 11 8 12 -45885
14 15 19 15 -38423
-7 -5 -10 -8 -51057
3 23 4 25 -30829
25 -4 25 4 -39229
-2 -6 0 -8 -42789
-9 -18 -7 -17 -46329
4 4 1 -2 -49193
25 -22 24 -19 -29701
24 6 24 8 -27799
-21 11 -22 11 -42053
18 -25 19 -23 -28661
18 -1 20 0 -42867
-7 -20 -6 -22 -45231
9 22 10 23 -40567
-9 -5 -6 -6 -48865
-5 -19 -2 -18 -50605
-24 -11 -24 -6 -46691
16 -8 18 -5 -41875
21 24 -23 23 -42857
8 12 8 14 -37573
5 22 4 23 -35815
19 4 19 7 -40631
25 19 23 17 -27345
22 10 24 13 -34571
-18 10 -22 11 -48073
6 -14 9 -13 -47733
25 21 22 20 -20065
-4 -21 2 -24 -47841
-1 8 0 11 -42635
-24 8 -18 8 -42699
25 -17 24 -15 -31367
19 -15 22 -16 -41031
-21 -25 -19 -23 -34605
6 8 6 10 -41143
0 -13 -2 -12 -44053
9 18 6 22 -47941
9 -17 11 -19 -48807
0 23 1 24 -34131
10 -20 13 -20 -44657
10 23 -14 23 -46457
25 -9 25 -25 -43459
17 8 19 7 -43619
-3 11 -5 10 -48749
11 -3 12 -2 -46449
23 0 16 3 -46157
-19 9 -18 8 -41033
8 -16 8 -13 -43683
-25 13 -25 11 -37309
15 -16 15 -18 -43653
-3 14 -6 15 -48619
-6 8 -9 7 -45831
-13 11 -12 8 -44289
-7 11 -5 11 -44291
-25 2 -25 -6 -45091
-25 -23 -25 -25 -19333
0 13 3 13 -43529
-8 25 -11 23 -36529
6 10 4 11 -40719
7 -22 8 -23 -42121
17 -11 18 -10 -40655
3 4 0 6 -42217
2 21 3 21 -36647
-7 12 -6 10 -48923
-1 -12 0 -11 -39613
-19 -24 -16 -22 -38897
13 10 9 10 -45295
-2 -23 -11 -24 -47979
15 -24 -21 -22 -46533
3 -2 3 -5 -42403
17 3 17 4 -42261
4 22 11 22 -43609
-18 -19 -16 -21 -46423
10 -17 7 -16 -49329
-23 -18 -23 -16 -42407
-13 -17 -12 -19 -44119
11 -3 12 0 -47713
-8 2 -10 4 -49607
-16 -24 -8 0 -61503
-15 -14 -18 -14 -36951
-7 13 -11 16 -47695
-21 -22 -16 -24 -42879
0 -17 0 -21 -47989
-22 -2 -18 -2 -43147
-20 -10 -23 -11 -35829
-23 10 -22 17 -48875
-10 -22 -12 -23 -43113
23 22 19 17 -48055
-8 19 -10 23 -46429
8 0 10 4 -48915
13 -20 17 -22 -43211
-18 13 -17 11 -45585
-4 -7 -6 -9 -44421
20 13 21 15 -43901
3 -23 4 -21 -46405
2 -19 3 -21 -43951
-19 -11 -18 -10 -42393
11 12 9 11 -45013
23 -20 20 -24 -38939
-5 6 -3 4 -46597
-18 -24 -14 -23 -37939
-14 9 -12 12 -44089
-15 1 -12 1 -38313
-3 -20 -2 -20 -41827
23 -1 23 -3 -39671
8 17 9 21 -44915
-24 -6 -19 -4 -44589
-14 -4 -12 -5 -43281
14 19 16 20 -42255
19 12 22 10 -36939
-19 -4 -17 -5 -40621
-1 8 -4 11 -49083
-11 -2 -12 -1 -42861
21 10 18 10 -42533
-21 10 -23 13 -47057
17 6 17 9 -42071
4 -24 4 -20 -49701
0 -19 4 -17 -44425
-3 -6 1 -6 -43173
-20 21 -21 23 -37465
21 -8 21 -14 -46435
15 21 17 19 -44033
-23 21 -19 22 -39703
-8 18 -9 18 -42991
4 -13 3 -12 -40303
-22 -21 -23 -22 -36409
12 8 13 7 -41899
-3 -19 -3 -20 -42089
-1 15 -2 19 -42177
6 -13 7 -14 -39915
-12 13 -12 20 -50333
-16 23 -21 23 -41785
-7 19 -5 18 -44707
16 9 13 10 -39939
0 13 5 12 -47815
-23 -18 -23 -9 -44823
-19 19 -14 18 -46339
5 -16 3 -20 -47875
-3 7 -5 7 -45325
-11 -17 -10 -13 -47161
8 13 4 15 -48255
2 16 1 13 -41525
-9 -5 -8 -8 -46697
-10 -4 18 6 -68519
7 -23 3 -21 -47013
-3 1 -4 -3 -46367
-19 -5 -20 -6 -47909
-1 3 -2 3 -37809
-8 4 -8 7 -41085
-15 4 -16 6 -38815
19 -9 15 -8 -37163
-3 -3 -2 -10 -46713
7 18 2 19 -43313
-23 -5 -23 -2 -49089
1 12 3 8 -47555
-6 -19 -5 -18 -48469
22 -4 23 -7 -44829
19 4 21 1 -46571
21 -14 20 -16 -41495
-15 -4 -11 -4 -45253
23 -7 22 -7 -27885
-22 9 -21 3 -44229
-13 22 -8 23 -45459
18 -6 17 -3 -42459
19 22 17 20 -50347
3 23 23 22 -46133
-23 0 -21 3 -47721
3 19 3 23 -48309
23 -13 20 -8 -50627
-8 -18 -14 -10 -58417
-10 3 -7 5 -43345
-7 10 -7 12 -44539
-6 -4 -7 -5 -45541
-6 22 0 22 -43419
-16 -9 -12 -7 -46511
15 -22 6 -24 -46745
-4 13 -2 12 -48957
-24 -24 2 -24 -42269
22 -6 23 -8 -41551
-17 -11 -21 -10 -44603
7 -24 8 -21 -45681
-18 -5 -17 -12 -51835
9 -19 8 -22 -45997
-16 -9 -21 -9 -47135
11 -2 15 -1 -42785
-6 21 -4 22 -47389
-8 -20 -7 -23 -46165
-15 4 -16 2 -41945
10 -4 8 0 -46881
-11 13 8 0 -63563
10 11 8 11 -45695
-23 2 -24 5 -37111
9 18 16 18 -46453
18 9 16 8 -40281
-24 -3 -22 -1 -39025
-23 8 -23 14 -46191
-16 19 -18 17 -44743
-4 -2 1 0 -47321
23 -11 23 -17 -43291
14 -9 13 -12 -47959
-19 -6 -15 -8 -46503
-13 -9 -13 -6 -48317
20 -19 22 -20 -33781
-13 1 -15 4 -47789
-21 22 -18 21 -43501
-15 -11 -17 -7 -50395
-12 -15 -11 -16 -43619
-14 -23 -14 -21 -47355
10 4 11 4 -40551
8 20 13 21 -46901
8 17 11 13 -48093
6 -5 3 -3 -41827
-19 21 -9 22 -45825
-14 16 -11 19 -42649
-4 -23 -7 -24 -45311
2 20 -2 23 -43061
-7 -20 -8 -22 -44499
-17 7 -17 8 -36265
-24 1 -22 6 -41165
-21 2 -21 -1 -44435
9 4 7 5 -38845
-20 2 -23 4 -37673
-23 14 -24 14 -33375
-6 -3 -4 -1 -48069
17 21 17 19 -47353
-15 -13 -10 -13 -43029
11 -12 11 -11 -39609
-5 7 -6 6 -43233
-10 -23 -18 -23 -46369
11 -18 12 -18 -44193
-7 14 -13 13 -45345
-12 -23 -14 -22 -43977
19 -2 19 1 -42309
12 21 14 23 -44247
18 9 17 9 -43191
-17 21 -18 22 -40769
-10 23 -3 23 -47691
17 14 19 11 -45339
8 -4 4 -5 -45471
7 -6 5 -9 -49495
-11 -17 -9 -17 -39969
9 3 13 0 -45085
17 -13 17 -16 -45373
13 8 12 8 -42025
-7 2 -13 5 -51015
-24 -21 -24 -18 -43569
-15 -4 -12 -1 -48111
22 17 19 20 -42991
8 4 8 7 -43573
-2 23 19 23 -45503
16 5 14 5 -38075
10 5 7 4 -46881
-2 19 -1 22 -46703
20 13 20 12 -39595
7 -6 3 -6 -42637
-1 -4 0 -1 -45243
-11 10 -18 15 -54081
-6 23 3 22 -44747
-17 -21 -16 -22 -44851
1 -11 2 -10 -39279
5 -3 4 -4 -45461
11 -23 6 -23 -46777
23 -10 18 -9 -41279
12 -18 13 -17 -43723
21 -23 -5 -24 -44071
2 18 4 21 -48291
8 12 6 12 -43737
0 10 -3 9 -43913
-6 13 -5 14 -45241
-6 -21 -5 -21 -41259
2 5 -3 6 -47243
-9 -16 -20 -19 -50589
-2 -22 -6 -24 -47601
-1 -15 -2 -9 -47055
-15 14 -19 16 -48761
8 -6 8 -4 -45029
8 21 8 23 -43253
18 13 18 17 -45905
8 -10 7 -9 -38617
-19 13 -21 14 -45843
-9 -6 -7 -7 -48775
5 -16 6 -13 -45727
1 11 -4 13 -50249
-10 -22 -5 -23 -41717
-5 20 -6 19 -46119
8 7 8 8 -39219
0 17 -4 17 -43809
-19 -17 -22 -19 -43389
3 -1 2 -1 -35105
18 17 23 18 -43171
-20 -22 -24 -20 -41029
22 20 20 23 -44973
19 -4 23 -2 -42283
16 16 12 12 -47569
23 -15 17 -16 -41373
7 -15 5 -15 -40891
1 1 4 -1 -38701
-1 22 -1 23 -38461
23 5 21 3 -33329
-11 -19 -10 -16 -45693
18 -11 22 -14 -47867
-6 -9 -9 -9 -44627
-7 1 -6 2 -46587
-24 16 -21 16 -43327
-23 4 -24 10 -38715
-24 -12 -21 -16 -37359
6 -7 5 -11 -45335
-20 16 -21 19 -45517
-3 -22 2 -24 -45433
-15 -12 -13 -14 -42785
3 15 -12 20 -62341
-19 4 -15 5 -50373
16 -12 14 -13 -39873
6 7 8 6 -39485
0 -13 4 -13 -42855
-16 3 -18 3 -45743
