-10 1 -10 2 -42575
18 4 21 5 -40035
-9 -24 -8 -22 -40363
23 19 17 21 -41423
23 2 15 2 -44137
-11 -8 -12 -7 -42815
23 3 24 1 -32623
-24 -15 -18 -18 -44751
7 1 4 -1 -43961
-3 8 -4 7 -43883
16 7 16 10 -44069
15 -1 17 1 -45423
-16 -3 -17 -5 -44471
1 -14 -1 -12 -48551
-1 18 3 19 -45775
-10 -10 -11 -11 -44617
20 -17 19 -24 -47997
-25 -15 -23 -14 -25911
-20 16 -25 21 -46579
10 14 12 15 -42543
-9 25 -6 24 -32485
-18 0 -22 0 -43123
25 25 24 22 -14069
-18 1 -16 0 -45633
-25 -11 -25 -8 -39079
-15 6 -18 6 -46505
-20 16 -18 17 -39135
-1 5 3 5 -43159
17 17 17 19 -43941
13 -21 13 -18 -46623
1 -12 2 -12 -43003
25 -24 21 -22 -12147
-10 8 -15 8 -41165
-6 -10 -6 -9 -36107
2 -23 -3 -23 -41727
20 18 20 14 -45227
4 13 0 11 -48613
-15 -24 -14 -25 -31901
8 15 9 16 -42043
12 13 9 -7 -66241
-20 -5 -20 -4 -41789
4 18 3 15 -42605
23 1 19 -3 -47461
7 -16 7 -17 -42579
16 21 19 23 -39161
-22 -10 -21 -7 -45823
-2 -17 -3 -12 -44847
23 -23 14 -24 -39825
-18 -4 -16 -3 -46501
12 -3 12 -5 -42745
-23 24 -25 24 -14915
13 -15 12 -13 -45823
2 -25 2 -23 -31423
22 -19 22 -20 -43367
-24 -23 -19 -21 -45699
11 -24 17 -23 -34925
1 -23 0 -24 -36845
-4 -17 0 -15 -45329
-24 19 -24 15 -41457
-22 -14 -24 -18 -46255
-13 25 -10 17 -44733
-11 -24 -10 -25 -29435
-20 19 -20 22 -41603
-25 10 -25 24 -46763
21 12 17 11 -44129
19 -22 17 -19 -44233
-19 -20 12 16 -64509
16 -19 14 -19 -37467
2 -17 5 -20 -46151
-2 -2 -5 -1 -38769
25 2 23 2 -14225
4 -25 10 -25 -43145
2 14 -3 14 -46955
-24 24 -14 25 -37579
-5 -13 -4 -14 -40125
-4 12 -4 13 -38737
-25 14 -24 13 -29449
-4 23 -2 20 -39875
11 -20 12 -18 -45367
-24 -4 -25 -4 -13549
17 -25 15 -23 -27855
10 -19 8 -18 -47937
-23 16 -21 20 -45135
-8 25 -8 23 -24155
15 -24 12 -18 -46669
-10 1 -10 -3 -42741
15 -9 12 -9 -39015
-3 0 1 -3 -47303
8 -14 9 -14 -43461
14 20 11 25 -43719
7 -4 9 -6 -44893
19 -15 21 -18 -47383
20 -8 20 -10 -38487
-8 22 -15 22 -43917
12 9 13 5 -50725
-24 -11 -23 -7 -46107
-21 -2 -22 0 -42953
-13 -23 -13 -21 -49655
-12 16 -16 17 -40709
-12 6 -11 7 -41077
-3 -19 -2 -16 -45863
-11 12 -18 12 -44461
-11 7 -11 9 -38851
-7 10 -12 11 -41983
-16 -13 -17 -17 -43699
-7 17 -7 14 -38653
25 -3 25 -6 -35643
23 -17 23 -20 -45395
-7 -12 -8 -14 -43959
8 -10 12 -10 -39039
23 -19 24 -17 -35959
-13 -10 -14 -13 -45351
-18 -24 -25 -23 -38783
6 -24 5 -24 -42151
-24 25 -25 20 -24735
17 -20 19 -20 -37333
-11 -23 -13 -24 -39629
-20 12 -24 9 -43817
7 19 11 21 -48089
-24 -9 -25 0 -48109
18 19 23 21 -43269
7 -22 7 -23 -41189
12 21 8 23 -43561
19 -1 15 -3 -45061
-5 3 -5 1 -42395
-9 -13 -9 -11 -41923
-18 -20 -18 -17 -49237
-16 20 -16 19 -39617
-24 -18 -22 -24 -41471
-24 19 -21 19 -38239
-1 -24 7 -24 -46457
14 -11 13 -10 -42837
-19 -15 -19 -18 -48843
13 -14 14 -14 -37745
-20 -17 -21 -19 -49983
13 0 16 -3 -42347
-19 11 -18 13 -42593
20 5 21 2 -46209
4 9 4 12 -46047
-12 -4 -10 -3 -39667
-24 16 -23 17 -37055
12 16 13 13 -42973
-20 -15 -20 -13 -42257
21 25 24 23 -23275
10 -7 10 -8 -44663
14 -1 11 1 -43945
-18 12 -12 9 -48483
7 19 6 19 -38521
12 24 12 22 -37113
-13 -23 -11 -23 -40759
11 4 15 5 -44449
-18 23 -17 25 -24473
-22 -5 -23 -1 -50727
2 1 2 0 -40269
8 -4 12 -4 -38317
-11 -1 -5 -1 -44497
17 23 16 21 -41633
20 -5 22 -6 -39723
10 3 10 2 -41711
-5 -22 -4 -25 -32569
16 4 17 3 -43743
-22 -21 -19 -21 -42223
15 18 14 19 -40505
24 15 25 13 -24327
-6 21 -2 25 -46801
-12 -11 -12 -8 -45431
-16 -22 -16 -20 -45591
3 -24 5 -24 -40759
-2 -11 -8 -11 -39907
16 -24 21 -23 -38869
12 12 -5 -1 -71295
11 22 15 21 -40089
-23 -19 -23 -20 -43497
12 -25 10 -24 -27881
24 -11 25 -10 -19525
-16 21 -16 22 -36303
20 8 23 12 -38073
-8 18 -6 19 -44117
11 -9 13 -8 -44167
11 -6 11 -8 -44547
-8 -23 -8 -18 -52437
20 -2 22 -3 -36427
24 -21 19 -25 -36899
16 -16 15 -15 -42349
-25 -24 -23 -22 -24665
1 25 5 25 -28519
-9 -13 -10 -13 -39421
24 -13 23 -12 -31175
-7 21 -13 22 -46551
-17 23 -13 22 -35425
-2 4 -2 3 -37137
-1 -6 1 -6 -42451
-22 2 -23 0 -46473
-15 -1 -15 2 -43685
21 -3 21 -4 -41411
13 22 22 22 -38775
4 11 8 12 -50037
14 15 19 15 -38435
-5 11 12 11 -61251
3 23 4 25 -30695
25 -4 25 4 -38943
-2 -6 0 -8 -43645
-9 -18 -7 -17 -44545
-5 -22 7 -3 -65213
25 -22 24 -19 -29227
24 6 24 8 -26137
-21 11 -22 11 -41049
18 -25 19 -23 -28431
18 -1 20 0 -44799
-7 -20 -6 -22 -47713
9 22 10 23 -39597
-9 -5 -6 -6 -46583
10 11 12 10 -44301
-24 -11 -24 -6 -45289
16 -8 18 -5 -40935
21 24 -23 23 -44289
8 12 8 14 -37213
5 22 4 23 -36295
19 4 19 7 -40649
25 19 23 17 -27759
22 10 24 13 -33767
-18 10 -22 11 -46893
6 -14 9 -13 -48507
25 21 22 20 -19815
-4 -21 2 -24 -46805
-1 8 0 11 -44165
-24 8 -18 8 -42039
25 -17 24 -15 -31405
19 -15 22 -16 -40883
-21 -25 -19 -23 -34343
6 8 6 10 -43005
0 -13 -2 -12 -46773
9 18 6 22 -48187
9 -17 11 -19 -48305
0 23 1 24 -34045
10 -20 13 -20 -41901
10 23 -14 23 -45797
25 -9 25 -25 -42779
17 8 19 7 -44235
-3 11 -5 10 -48857
11 -3 12 -2 -46791
23 0 16 3 -45433
-19 9 -18 8 -41635
8 -16 8 -13 -46141
-25 13 -25 11 -35591
15 -16 15 -18 -42541
-3 14 -6 15 -44515
-6 8 -9 7 -44113
-13 11 -12 8 -43139
-7 11 -5 11 -41353
-25 2 -25 -6 -46181
-25 -23 -25 -25 -18175
0 13 3 13 -48181
-8 25 -11 23 -35925
6 10 4 11 -42159
7 -22 8 -23 -41273
17 -11 18 -10 -40073
3 4 0 6 -43675
2 21 3 21 -37147
-7 12 -6 10 -45333
-1 -12 0 -11 -41451
-19 -24 -16 -22 -39215
13 10 9 10 -50553
-2 -23 -11 -24 -47429
15 -24 -21 -22 -46069
3 -2 3 -5 -43685
17 3 17 4 -42739
4 22 11 22 -43571
-18 -19 -16 -21 -44921
10 -17 7 -16 -48899
-23 -18 -23 -16 -44445
-13 -17 -12 -19 -43225
11 -3 12 0 -50057
-8 2 -10 4 -43865
-22 9 13 5 -57585
-15 -14 -18 -14 -33717
-7 13 -11 16 -42995
-21 -22 -16 -24 -42047
0 -17 0 -21 -47659
-22 -2 -18 -2 -43917
-20 -10 -23 -11 -34733
-23 10 -22 17 -47863
-10 -22 -12 -23 -40959
23 22 19 17 -46773
-8 19 -10 23 -41993
8 0 10 4 -52935
13 -20 17 -22 -42343
-18 13 -17 11 -42873
-4 -7 -6 -9 -40549
20 13 21 15 -42979
3 -23 4 -21 -46173
2 -19 3 -21 -44025
-19 -11 -18 -10 -39961
11 12 9 11 -46353
23 -20 20 -24 -38435
-5 6 -3 4 -43555
-18 -24 -14 -23 -36407
-14 9 -12 12 -41699
-15 1 -12 1 -37621
-3 -20 -2 -20 -38441
23 -1 23 -3 -39947
8 17 9 21 -43373
-24 -6 -19 -4 -44761
-14 -4 -12 -5 -42019
14 19 16 20 -41177
19 12 22 10 -37613
-19 -4 -17 -5 -40435
-1 8 -4 11 -43679
-11 -2 -12 -1 -41601
21 10 18 10 -42653
-21 10 -23 13 -46093
17 6 17 9 -44999
4 -24 4 -20 -49141
0 -19 4 -17 -44361
-3 -6 1 -6 -45995
-20 21 -21 23 -36935
21 -8 21 -14 -45831
15 21 17 19 -41305
-23 21 -19 22 -38597
-8 18 -9 18 -39137
4 -13 3 -12 -43001
-22 -21 -23 -22 -36931
12 8 13 7 -48449
-3 -19 -3 -20 -44087
-1 15 -2 19 -40191
6 -13 7 -14 -42189
-12 13 -12 20 -44801
-16 23 -21 23 -41059
-7 19 -5 18 -40675
16 9 13 10 -42139
0 13 5 12 -50017
-23 -18 -23 -9 -46351
-19 19 -14 18 -44809
5 -16 3 -20 -48521
-3 7 -5 7 -42799
-11 -17 -10 -13 -45317
8 13 4 15 -48889
2 16 1 13 -42121
-9 -5 -8 -8 -45007
-2 2 1 -1 -47293
7 -23 3 -21 -47331
-3 1 -4 -3 -46243
-19 -5 -20 -6 -46569
-1 3 -2 3 -38705
-8 4 -8 7 -38947
-15 4 -16 6 -37771
19 -9 15 -8 -36523
-3 -3 -2 -10 -46025
7 18 2 19 -44733
-23 -5 -23 -2 -49365
1 12 3 8 -46925
-6 -19 -5 -18 -46667
22 -4 23 -7 -44441
19 4 21 1 -45337
21 -14 20 -16 -41103
-15 -4 -11 -4 -43509
23 -7 22 -7 -27701
-22 9 -21 3 -42419
-13 22 -8 23 -44213
18 -6 17 -3 -41919
-22 3 3 17 -61285
3 23 23 22 -45799
-23 0 -21 3 -47873
3 19 3 23 -47309
23 -13 20 -8 -49955
5 1 5 3 -43823
-10 3 -7 5 -42643
-7 10 -7 12 -42087
-6 -4 -7 -5 -41259
-6 22 0 22 -42843
-16 -9 -12 -7 -45185
-23 -8 -19 -15 -50727
-4 13 -2 12 -43007
-24 -24 2 -24 -41037
22 -6 23 -8 -40339
-17 -11 -21 -10 -44847
7 -24 8 -21 -44841
-4 -10 0 -12 -46435
9 -19 8 -22 -44697
-16 -9 -21 -9 -46725
11 -2 15 -1 -43495
-6 21 -4 22 -47239
-8 -20 -7 -23 -50167
-15 4 -16 2 -39749
10 -4 8 0 -47789
23 23 23 11 -45113
10 11 8 11 -48921
-23 2 -24 5 -35431
9 18 16 18 -45753
18 9 16 8 -39987
-24 -3 -22 -1 -39265
-23 8 -23 14 -44477
-16 19 -18 17 -42331
-4 -2 1 0 -47851
23 -11 23 -17 -42711
14 -9 13 -12 -47703
-19 -6 -15 -8 -45831
-13 -9 -13 -6 -44701
20 -19 22 -20 -33757
-13 1 -15 4 -45721
-21 22 -18 21 -42461
-15 -11 -17 -7 -46851
-12 -15 -11 -16 -38805
-14 -23 -14 -21 -48703
10 4 11 4 -40799
8 20 13 21 -46593
8 17 11 13 -48693
6 -5 3 -3 -43233
-19 21 -9 22 -44269
-14 16 -11 19 -39313
-4 -23 -7 -24 -44957
2 20 -2 23 -42289
-7 -20 -8 -22 -46893
-17 7 -17 8 -34923
-24 1 -22 6 -40707
-21 2 -21 -1 -45479
9 4 7 5 -41641
-20 2 -23 4 -37835
-23 14 -24 14 -32721
-6 -3 -4 -1 -46737
17 21 17 19 -44585
-15 -13 -10 -13 -40221
11 -12 11 -11 -42455
-5 7 -6 6 -43359
-10 -23 -18 -23 -43667
11 -18 12 -18 -42725
22 18 -15 11 -57491
-12 -23 -14 -22 -43653
19 -2 19 1 -43551
12 21 14 23 -41785
18 9 17 9 -43523
-17 21 -18 22 -40441
-10 23 -3 23 -45775
17 14 19 11 -46297
8 -4 4 -5 -46249
7 -6 5 -9 -50147
-11 -17 -9 -17 -37945
9 3 13 0 -45899
17 -13 17 -16 -45435
13 8 12 8 -43823
-7 2 -13 5 -47207
-24 -21 -24 -18 -44803
-15 -4 -12 -1 -45597
22 17 19 20 -40963
8 4 8 7 -45937
-2 23 19 23 -45983
16 5 14 5 -38391
10 5 7 4 -46551
-2 19 -1 22 -45959
20 13 20 12 -38865
7 -6 3 -6 -44265
-1 -4 0 -1 -45241
3 2 6 7 -49679
-6 23 3 22 -44105
-17 -21 -16 -22 -43615
1 -11 2 -10 -42939
5 -3 4 -4 -46223
11 -23 6 -23 -42167
23 -10 18 -9 -40621
12 -18 13 -17 -42707
21 -23 -5 -24 -43455
2 18 4 21 -48275
8 12 6 12 -46415
0 10 -3 9 -45183
-6 13 -5 14 -43721
-6 -21 -5 -21 -39825
2 5 -3 6 -47393
13 -11 14 -13 -47805
-2 -22 -6 -24 -45843
2 -12 2 -15 -41557
-15 14 -19 16 -46111
8 -6 8 -4 -45103
8 21 8 23 -43117
18 13 18 17 -45987
8 -10 7 -9 -39289
-19 13 -21 14 -44951
-9 -6 -7 -7 -46527
5 -16 6 -13 -49467
9 11 0 -7 -72499
-10 -22 -5 -23 -41387
-5 20 -6 19 -45829
8 7 8 8 -43113
0 17 -4 17 -43831
-19 -17 -22 -19 -48179
3 -1 2 -1 -34331
18 17 23 18 -40109
-20 -22 -24 -20 -39949
22 20 20 23 -37401
19 -4 23 -2 -43147
15 -17 -14 3 -60309
23 -15 17 -16 -41061
7 -15 5 -15 -41749
1 1 4 -1 -40607
-1 22 -1 23 -37793
23 5 21 3 -33459
-11 -19 -10 -16 -46643
18 -11 22 -14 -48367
-6 -9 -9 -9 -40995
-7 1 -6 2 -45041
-24 16 -21 16 -42351
-23 4 -24 10 -36499
-24 -12 -21 -16 -40691
6 -7 5 -11 -45987
-20 16 -21 19 -45469
-3 -22 2 -24 -44665
-15 -12 -13 -14 -39081
5 -11 2 -12 -45217
-19 4 -15 5 -49387
16 -12 14 -13 -39857
6 7 8 6 -42539
0 -13 4 -13 -46889
-16 3 -18 3 -46341
