-10 1 -10 2 -44818
18 4 21 5 -41660
-9 -24 -8 -22 -37938
23 19 17 21 -43060
23 2 15 2 -48686
-11 -8 -12 -7 -40792
23 3 24 1 -35566
-24 -15 -18 -18 -44666
7 1 4 -1 -42248
-3 8 -4 7 -43140
16 7 16 10 -42124
15 -1 17 1 -46962
-16 -3 -17 -5 -45716
1 -14 -1 -12 -43290
-1 18 3 19 -46018
-10 -10 -11 -11 -44510
20 -17 19 -24 -47664
-25 -15 -23 -14 -26884
-20 16 -25 21 -46924
10 14 12 15 -40912
-9 25 -6 24 -33664
-18 0 -22 0 -40734
25 25 24 22 -12980
-18 1 -16 0 -42270
-25 -11 -25 -8 -40402
-15 6 -18 6 -43144
-20 16 -18 17 -44240
-1 5 3 5 -44498
17 17 17 19 -41716
13 -21 13 -18 -45206
1 -12 2 -12 -37666
25 -24 21 -22 -11992
-10 8 -15 8 -46592
-6 -10 -6 -9 -36416
2 -23 -3 -23 -43632
20 18 20 14 -43732
4 13 0 11 -50250
-15 -24 -14 -25 -31990
8 15 9 16 -41550
3 -16 4 -19 -44712
-20 -5 -20 -4 -43908
4 18 3 15 -43516
23 1 19 -3 -49306
7 -16 7 -17 -39412
16 21 19 23 -39236
-22 -10 -21 -7 -48328
-2 -17 -3 -12 -42742
23 -23 14 -24 -40684
-18 -4 -16 -3 -46084
12 -3 12 -5 -42000
-23 24 -25 24 -16442
13 -15 12 -13 -44974
2 -25 2 -23 -31120
22 -19 22 -20 -43386
21 10 16 18 -58130
11 -24 17 -23 -36130
1 -23 0 -24 -36608
-4 -17 0 -15 -47002
-24 19 -24 15 -42102
-22 -14 -24 -18 -47708
-13 25 -10 17 -46262
-11 -24 -10 -25 -27958
-20 19 -20 22 -43424
-25 10 -25 24 -47064
21 12 17 11 -43326
19 -22 17 -19 -44422
4 -9 7 -8 -47074
16 -19 14 -19 -39062
2 -17 5 -20 -48988
-2 -2 -5 -1 -38974
25 2 23 2 -15462
4 -25 10 -25 -42078
2 14 -3 14 -50686
-24 24 -14 25 -38510
-5 -13 -4 -14 -40932
-4 12 -4 13 -40358
-25 14 -24 13 -30236
-4 23 -2 20 -40304
11 -20 12 -18 -44506
-24 -4 -25 -4 -14358
17 -25 15 -23 -28390
10 -19 8 -18 -43048
-23 16 -21 20 -51258
-8 25 -8 23 -24868
15 -24 12 -18 -46452
-10 1 -10 -3 -45514
15 -9 12 -9 -40364
-3 0 1 -3 -46638
8 -14 9 -14 -39152
14 20 11 25 -43240
7 -4 9 -6 -46290
19 -15 21 -18 -47940
20 -8 20 -10 -40600
-8 22 -15 22 -45608
-24 -1 -22 2 -42260
-24 -11 -23 -7 -49482
-21 -2 -22 0 -39312
-13 -23 -13 -21 -48124
-12 16 -16 17 -41260
-12 6 -11 7 -45838
-3 -19 -2 -16 -41802
-11 12 -18 12 -46200
-11 7 -11 9 -41900
-7 10 -12 11 -43540
-16 -13 -17 -17 -44690
-7 17 -7 14 -43780
25 -3 25 -6 -36740
23 -17 23 -20 -45658
-7 -12 -8 -14 -44624
8 -10 12 -10 -39038
23 -19 24 -17 -36076
-13 -10 -14 -13 -44702
-18 -24 -25 -23 -40142
6 -24 5 -24 -41444
-24 25 -25 20 -26302
17 -20 19 -20 -38568
-11 -23 -13 -24 -40312
-20 12 -24 9 -43346
-22 1 -22 2 -41964
-24 -9 -25 0 -48854
18 19 23 21 -43350
7 -22 7 -23 -40780
12 21 8 23 -43984
19 -1 15 -3 -50852
-5 3 -5 1 -45780
-9 -13 -9 -11 -42246
-18 -20 -18 -17 -48950
-16 20 -16 19 -40840
-24 -18 -22 -24 -42308
-24 19 -21 19 -40590
-1 -24 7 -24 -47428
14 -11 13 -10 -44678
-19 -15 -19 -18 -49134
13 -14 14 -14 -37382
-20 -17 -21 -19 -50816
13 0 16 -3 -43610
-19 11 -18 13 -45478
20 5 21 2 -46490
4 9 4 12 -43320
-12 -4 -10 -3 -39678
-24 16 -23 17 -39076
12 16 13 13 -43966
-20 -15 -20 -13 -41932
21 25 24 23 -23864
10 -7 10 -8 -43126
14 -1 11 1 -46536
-23 -4 -23 -7 -45448
7 19 6 19 -39426
12 24 12 22 -37742
-13 -23 -11 -23 -40554
11 4 15 5 -45366
-18 23 -17 25 -25104
12 0 10 0 -45576
2 1 2 0 -39252
8 -4 12 -4 -41712
-11 -1 -5 -1 -44124
17 23 16 21 -41548
20 -5 22 -6 -42082
10 3 10 2 -34916
-5 -22 -4 -25 -32442
16 4 17 3 -44442
-22 -21 -19 -21 -44338
15 18 14 19 -40050
24 15 25 13 -24246
-6 21 -2 25 -48310
-12 -11 -12 -8 -43862
-16 -22 -16 -20 -44986
3 -24 5 -24 -41116
-2 -11 -8 -11 -43540
16 -24 21 -23 -39590
12 -1 11 -3 -48548
11 22 15 21 -39648
-23 -19 -23 -20 -43746
12 -25 10 -24 -28590
24 -11 25 -10 -21004
-16 21 -16 22 -37352
20 8 23 12 -37678
-8 18 -6 19 -46936
11 -9 13 -8 -43504
11 -6 11 -8 -43712
-23 17 -19 20 -51524
20 -2 22 -3 -40738
24 -21 19 -25 -37798
16 -16 15 -15 -42896
-25 -24 -23 -22 -23040
1 25 5 25 -29698
-9 -13 -10 -13 -38932
24 -13 23 -12 -31924
-7 21 -13 22 -47816
-17 23 -13 22 -36400
-2 4 -2 3 -37890
-1 -6 1 -6 -42618
-4 22 -20 -10 -63198
-15 -1 -15 2 -41712
21 -3 21 -4 -43782
13 22 22 22 -38820
4 11 8 12 -46668
14 15 19 15 -38130
4 -7 0 -8 -45550
3 23 4 25 -30778
25 -4 25 4 -41434
-2 -6 0 -8 -41622
-9 -18 -7 -17 -43432
-10 9 -13 8 -47988
25 -22 24 -19 -29540
24 6 24 8 -25946
-21 11 -22 11 -40956
18 -25 19 -23 -28942
18 -1 20 0 -48824
-7 -20 -6 -22 -43724
9 22 10 23 -36604
-9 -5 -6 -6 -46174
10 11 12 10 -39028
-24 -11 -24 -6 -47756
16 -8 18 -5 -43552
21 24 -23 23 -40836
8 12 8 14 -39310
5 22 4 23 -40412
19 4 19 7 -39140
25 19 23 17 -24388
22 10 24 13 -33992
-18 10 -22 11 -47028
-20 -18 -14 -18 -44710
25 21 22 20 -18286
-4 -21 2 -24 -48922
-1 8 0 11 -41918
-24 8 -18 8 -41532
25 -17 24 -15 -31356
19 -15 22 -16 -41666
-21 -25 -19 -23 -32944
6 8 6 10 -41450
12 -15 -2 -3 -64326
-11 6 -24 -23 -62460
23 -2 22 0 -43698
0 23 1 24 -34696
10 -20 13 -20 -41394
10 23 -14 23 -44932
25 -9 25 -25 -43606
17 8 19 7 -44074
-3 11 -5 10 -49754
11 -3 12 -2 -49336
23 0 16 3 -49500
-19 9 -18 8 -45060
8 -16 8 -13 -42026
-25 13 -25 11 -36528
15 -16 15 -18 -41600
-3 14 -6 15 -46342
-6 8 -9 7 -45926
-13 11 -12 8 -46800
-7 11 -5 11 -40938
-25 2 -25 -6 -46152
-25 -23 -25 -25 -18400
0 13 3 13 -50370
-8 25 -11 23 -36170
6 10 4 11 -39612
7 -22 8 -23 -39620
17 -11 18 -10 -41324
3 4 0 6 -44428
2 21 3 21 -38690
-7 12 -6 10 -47008
-1 -12 0 -11 -40192
-19 -24 -16 -22 -39874
-8 2 -7 -1 -49918
9 18 6 21 -47948
15 -24 -21 -22 -47588
3 -2 3 -5 -42964
17 3 17 4 -40644
4 22 11 22 -43236
-18 -19 -16 -21 -47116
10 -17 7 -16 -46990
-23 -18 -23 -16 -44374
-13 -17 -12 -19 -41942
3 -4 23 -18 -56552
-8 2 -10 4 -39158
0 14 1 15 -49632
-15 -14 -18 -14 -38118
-7 13 -11 16 -46102
-21 -22 -16 -24 -44966
-14 8 -14 15 -50476
-22 -2 -18 -2 -42546
-20 -10 -23 -11 -41736
-23 10 -22 17 -48726
-10 -22 -12 -23 -40602
-4 -14 -2 -15 -40662
-8 19 -10 23 -43092
-24 4 -24 -1 -46608
13 -20 17 -22 -43456
-18 13 -17 11 -45652
-4 -7 -6 -9 -42916
20 13 21 15 -42956
3 -23 4 -21 -43884
2 -19 3 -21 -42726
-19 -11 -18 -10 -43548
11 12 9 11 -43772
23 -20 20 -24 -39086
-5 6 -3 4 -44782
-18 -24 -14 -23 -39138
-14 9 -12 12 -48196
-15 1 -12 1 -35328
-3 -20 -2 -20 -39366
23 -1 23 -3 -44264
8 17 9 21 -41090
-24 -6 -19 -4 -45992
-14 -4 -12 -5 -40926
14 19 16 20 -40654
19 12 22 10 -39032
-19 -4 -17 -5 -38934
-1 8 -4 11 -44060
-11 -2 -12 -1 -40976
21 10 18 10 -42022
-21 10 -23 13 -46990
17 6 17 9 -42370
4 -24 4 -20 -46428
0 -19 4 -17 -43674
-3 -6 1 -6 -44844
-20 21 -21 23 -37256
21 -8 21 -14 -47290
15 21 17 19 -41006
-23 21 -19 22 -42652
-8 18 -9 18 -40208
4 -13 3 -12 -44202
-22 -21 -23 -22 -35650
12 8 13 7 -43538
-3 -19 -3 -20 -37448
-1 15 -2 19 -43756
6 -13 7 -14 -43892
-12 13 -12 20 -47140
-16 23 -21 23 -42120
-7 19 -5 18 -40614
16 9 13 10 -40880
0 13 5 12 -48918
-23 -18 -23 -9 -44478
-19 19 -14 18 -45608
4 21 6 20 -46268
-3 7 -5 7 -44024
-11 -17 -10 -13 -45606
8 13 4 15 -47308
2 16 1 13 -48510
-9 -5 -8 -8 -44074
-2 2 1 -1 -47710
7 -23 3 -21 -47076
-3 1 -4 -3 -47300
-19 -5 -20 -6 -48658
-1 3 -2 3 -40034
-8 4 -8 7 -38140
-15 4 -16 6 -39546
19 -9 15 -8 -39192
-3 -3 -2 -10 -46332
7 18 2 19 -48772
-23 -5 -23 -2 -46844
-4 -14 -5 -14 -39944
-6 -19 -5 -18 -44890
22 -4 23 -7 -46970
19 4 21 1 -46858
21 -14 20 -16 -41980
-15 -4 -11 -4 -42248
23 -7 22 -7 -27686
-22 9 -21 3 -48452
-13 22 -8 23 -45998
18 -6 17 -3 -44282
2 9 -2 9 -47944
3 23 23 22 -45570
-2 17 -4 15 -49336
3 19 3 23 -46838
23 -13 20 -8 -51572
5 1 5 3 -39462
-10 3 -7 5 -44756
-7 10 -7 12 -44598
-6 -4 -7 -5 -43098
-6 22 0 22 -43784
-16 -9 -12 -7 -46646
-23 -12 -21 -10 -44500
-4 13 -2 12 -44804
-24 -24 2 -24 -40730
22 -6 23 -8 -42322
-17 -11 -21 -10 -41472
7 -24 8 -21 -43520
21 -2 13 -2 -48336
9 -19 8 -22 -42260
-16 -9 -21 -9 -45588
11 -2 15 -1 -47214
-6 21 -4 22 -49428
-8 -20 -7 -23 -45274
-15 4 -16 2 -39116
10 -4 8 0 -48384
13 -18 22 1 -63856
10 11 8 11 -43326
-23 2 -24 5 -40952
9 18 16 18 -43936
18 9 16 8 -39872
-24 -3 -22 -1 -39770
-23 8 -23 14 -45532
-16 19 -18 17 -45864
-4 -2 1 0 -47372
23 -11 23 -17 -44550
14 -9 13 -12 -48496
-19 -6 -15 -8 -41528
-13 -9 -13 -6 -42780
20 -19 22 -20 -33744
-13 1 -15 4 -43362
-21 22 -18 21 -43612
4 8 -14 -17 -66378
-12 -15 -11 -16 -39134
-14 -23 -14 -21 -47276
10 4 11 4 -42066
8 20 13 21 -40886
8 17 11 13 -47724
6 -5 3 -3 -45478
-19 21 -9 22 -45874
-14 16 -11 19 -44832
-4 -23 -7 -24 -38268
2 20 -2 23 -43740
-7 -20 -8 -22 -41648
-17 7 -17 8 -41052
-24 1 -22 6 -40376
20 20 19 19 -42058
9 4 7 5 -40008
-20 2 -23 4 -40348
-23 14 -24 14 -33242
-6 -3 -4 -1 -47396
17 21 17 19 -43418
-15 -13 -10 -13 -41238
11 -12 11 -11 -43302
-5 7 -6 6 -43234
-10 -23 -18 -23 -45258
11 -18 12 -18 -41730
16 -19 -7 -19 -56220
-12 -23 -14 -22 -43158
19 -2 19 1 -45868
12 21 14 23 -42136
18 9 17 9 -42938
-17 21 -18 22 -40646
-10 23 -3 23 -47104
17 14 19 11 -51076
8 -4 4 -5 -47836
10 7 12 13 -47628
-11 -17 -9 -17 -37136
9 3 13 0 -48852
17 -13 17 -16 -45740
13 8 12 8 -40490
-11 8 -20 9 -52052
-24 -21 -24 -18 -44494
-15 -4 -12 -1 -45194
22 17 19 20 -41682
8 4 8 7 -40404
-2 23 19 23 -45032
16 5 14 5 -41368
10 5 7 4 -42704
-2 19 -1 22 -47020
20 13 20 12 -39932
7 -6 3 -6 -48374
-1 -4 0 -1 -45332
3 2 6 7 -45458
-6 23 3 22 -44482
-17 -21 -16 -22 -45046
1 -11 2 -10 -40676
5 -3 4 -4 -45574
11 -23 6 -23 -40824
22 0 -9 18 -58572
12 -18 13 -17 -41902
21 -23 -5 -24 -45860
2 18 4 21 -46672
8 12 6 12 -42612
0 10 -3 9 -49160
-6 13 -5 14 -45766
-6 -21 -5 -21 -37954
2 5 -3 6 -51198
13 -11 14 -13 -48764
-2 -22 -6 -24 -43116
2 -12 2 -15 -38250
-15 14 -19 16 -46042
8 -6 8 -4 -43672
8 21 8 23 -42310
18 13 18 17 -47378
8 -10 7 -9 -40000
-19 13 -21 14 -45610
-9 -6 -7 -7 -46032
-3 -17 6 -16 -51494
-19 10 -18 4 -50336
-10 -22 -5 -23 -35718
-5 20 -6 19 -48460
8 7 8 8 -40028
0 17 -4 17 -46940
-19 -17 -22 -19 -49314
3 -1 2 -1 -35258
18 17 23 18 -41130
-20 -22 -24 -20 -41572
22 20 20 23 -37024
19 -4 23 -2 -45694
-24 -22 -20 -21 -42202
23 -15 17 -16 -42178
7 -15 5 -15 -41402
1 1 4 -1 -41010
-1 22 -1 23 -37994
23 5 21 3 -33036
-11 -19 -10 -16 -43956
18 -11 22 -14 -49820
-6 -9 -9 -9 -41768
-7 1 -6 2 -46104
-24 16 -21 16 -44250
-23 4 -24 10 -39420
-24 -12 -21 -16 -35042
6 -7 5 -11 -42146
-20 16 -21 19 -46194
-3 -22 2 -24 -46686
-15 -12 -13 -14 -41078
5 -11 2 -12 -44446
19 -9 22 -10 -42140
16 -12 14 -13 -41406
6 7 8 6 -40220
-13 14 -10 16 -43286
-16 3 -18 3 -40576
