-10 1 -10 2 -43923
18 4 21 5 -41259
-9 -24 -8 -22 -37471
23 19 17 21 -43835
23 2 15 2 -47059
-11 -8 -12 -7 -42015
23 3 24 1 -35119
-24 -15 -18 -18 -45341
7 1 4 -1 -43439
-3 8 -4 7 -40823
16 7 16 10 -45257
15 -1 17 1 -42153
-16 -3 -17 -5 -44411
1 -14 -1 -12 -44317
-1 18 3 19 -44275
-10 -10 -11 -11 -44635
20 -17 19 -24 -50339
-25 -15 -23 -14 -27191
-20 16 -25 21 -47265
10 14 12 15 -40963
-9 25 -6 24 -33855
-18 0 -22 0 -40417
25 25 24 22 -15351
-18 1 -16 0 -43337
-25 -11 -25 -8 -42009
-15 6 -18 6 -39565
-20 16 -18 17 -38811
-1 5 3 5 -47643
17 17 17 19 -43003
13 -21 13 -18 -46875
1 -12 2 -12 -39469
25 -24 21 -22 -15975
-10 8 -15 8 -49279
-6 -10 -6 -9 -36823
2 -23 -3 -23 -42075
20 18 20 14 -46635
23 18 23 23 -36611
-15 -24 -14 -25 -30103
8 15 9 16 -41869
3 -16 4 -19 -41063
-20 -5 -20 -4 -41985
4 18 3 15 -42401
23 1 19 -3 -46603
7 -16 7 -17 -39645
16 21 19 23 -40631
-22 -10 -21 -7 -47213
-2 -17 -3 -12 -44063
23 -23 14 -24 -44969
-18 -4 -16 -3 -45465
12 -3 12 -5 -43917
-23 24 -25 24 -15095
13 -15 12 -13 -47209
2 -25 2 -23 -31387
22 -19 22 -20 -45677
-17 -16 -3 13 -62251
11 -24 17 -23 -35755
1 -23 0 -24 -36451
-4 -17 0 -15 -49201
-24 19 -24 15 -39245
-22 -14 -24 -18 -45419
-13 25 -10 17 -49709
-11 -24 -10 -25 -28031
-20 19 -20 22 -43107
-25 10 -25 24 -43343
21 12 17 11 -44585
19 -22 17 -19 -47785
4 -9 7 -8 -45555
16 -19 14 -19 -39729
-5 -18 10 -9 -65155
-2 -2 -5 -1 -39057
25 2 23 2 -15479
4 -25 10 -25 -42141
-9 -2 11 7 -60131
-24 24 -14 25 -38105
-5 -13 -4 -14 -44121
-4 12 -4 13 -39045
-25 14 -24 13 -28711
-4 23 -2 20 -41743
11 -20 12 -18 -44963
-24 -4 -25 -4 -15223
17 -25 15 -23 -29509
10 -19 8 -18 -42511
-23 16 -21 20 -44307
-8 25 -8 23 -25299
15 -24 12 -18 -47627
-10 1 -10 -3 -43405
15 -9 12 -9 -41009
-3 0 1 -3 -47651
8 -14 9 -14 -40733
14 20 11 25 -43491
7 -4 9 -6 -44233
19 -15 21 -18 -49137
20 -8 20 -10 -38971
-8 22 -15 22 -45679
-24 -1 -22 2 -43097
-24 -11 -23 -7 -49493
-21 -2 -22 0 -36521
-13 -23 -13 -21 -48415
-12 16 -16 17 -41119
-12 6 -11 7 -44497
-3 -19 -2 -16 -41681
-11 12 -18 12 -43179
-11 7 -11 9 -40633
-7 10 -12 11 -43577
-16 -13 -17 -17 -43111
-7 17 -7 14 -40737
25 -3 25 -6 -35607
23 -17 23 -20 -47887
-7 -12 -8 -14 -44685
8 -10 12 -10 -39939
23 -19 24 -17 -38251
-13 -10 -14 -13 -46401
-18 -24 -25 -23 -41265
6 -24 5 -24 -41901
-24 25 -25 20 -25201
17 -20 19 -20 -41643
-11 -23 -13 -24 -36181
-20 12 -24 9 -41491
-22 1 -22 2 -41823
13 -7 12 -18 -62081
18 19 23 21 -43555
7 -22 7 -23 -41301
12 21 8 23 -42811
-16 2 -12 1 -46727
-5 3 -5 1 -43477
-9 -13 -9 -11 -43053
-18 -20 -18 -17 -45433
-16 20 -16 19 -40997
-24 -18 -22 -24 -41871
-24 19 -21 19 -37799
-1 -24 7 -24 -47015
14 -11 13 -10 -47341
16 8 17 14 -47919
13 -14 14 -14 -37541
-20 -17 -21 -19 -48675
13 0 16 -3 -42713
-19 11 -18 13 -41523
20 5 21 2 -45313
4 9 4 12 -41753
-12 -4 -10 -3 -39121
-24 16 -23 17 -35261
12 16 13 13 -44607
-20 -15 -20 -13 -41945
21 25 24 23 -24409
10 -7 10 -8 -45709
14 -1 11 1 -44027
-23 -4 -23 -7 -40115
7 19 6 19 -40275
12 24 12 22 -38063
-13 -23 -11 -23 -35847
11 4 15 5 -44329
-18 23 -17 25 -24879
12 0 10 0 -44621
2 1 2 0 -39861
8 -4 12 -4 -41625
-11 -1 -5 -1 -44091
17 23 16 21 -42329
20 -5 22 -6 -43291
10 3 10 2 -34567
-5 -22 -4 -25 -31655
16 4 17 3 -42125
-22 -21 -19 -21 -45971
15 18 14 19 -42335
24 15 25 13 -26299
-6 21 -2 25 -45823
-12 -11 -12 -8 -45457
-16 -22 -16 -20 -45215
3 -24 5 -24 -41489
-2 -11 -8 -11 -47707
16 -24 21 -23 -43031
12 -1 11 -3 -48367
11 22 15 21 -39835
-23 -19 -23 -20 -42703
12 -25 10 -24 -28117
24 -11 25 -10 -21281
-16 21 -16 22 -38403
20 8 23 12 -39747
-8 18 -6 19 -48887
11 -9 13 -8 -44385
11 -6 11 -8 -47719
-14 10 -11 9 -46699
20 -2 22 -3 -41687
24 -21 19 -25 -41239
16 -16 15 -15 -42331
-25 -24 -23 -22 -23309
1 25 5 25 -30851
-9 -13 -10 -13 -39359
24 -13 23 -12 -33567
-7 21 -13 22 -47305
-17 23 -13 22 -35773
-2 4 -2 3 -36389
-1 -6 1 -6 -44633
19 7 20 5 -42967
-15 -1 -15 2 -41471
21 -3 21 -4 -43141
13 22 22 22 -39873
4 11 8 12 -46973
14 15 19 15 -40175
4 -7 0 -8 -45973
3 23 4 25 -30231
25 -4 25 4 -41217
-2 -6 0 -8 -42817
-9 -18 -7 -17 -44945
-10 9 -13 8 -48447
25 -22 24 -19 -32497
24 6 24 8 -28189
-21 11 -22 11 -41241
18 -25 19 -23 -29679
18 -1 20 0 -45425
-7 -20 -6 -22 -44961
9 22 10 23 -37029
-9 -5 -6 -6 -47943
10 11 12 10 -39771
-24 -11 -24 -6 -47687
16 -8 18 -5 -44201
21 24 -23 23 -41299
8 12 8 14 -38441
5 22 4 23 -39313
19 4 19 7 -41727
25 19 23 17 -26211
22 10 24 13 -33993
-18 10 -22 11 -45827
0 18 -1 19 -42929
25 21 22 20 -19133
-4 -21 2 -24 -47233
-1 8 0 11 -41253
-24 8 -18 8 -40661
25 -17 24 -15 -33033
19 -15 22 -16 -45747
-21 -25 -19 -23 -34149
6 8 6 10 -40873
11 12 9 7 -48451
2 -18 7 -18 -46395
23 -2 22 0 -43485
0 23 1 24 -32965
10 -20 13 -20 -41509
10 23 -14 23 -44777
25 -9 25 -25 -45761
17 8 19 7 -44403
10 -5 2 -3 -53453
11 -3 12 -2 -50409
23 0 16 3 -49023
-19 9 -18 8 -39897
8 -16 8 -13 -45735
-25 13 -25 11 -32355
15 -16 15 -18 -43319
-3 14 -6 15 -47761
19 -20 -24 -4 -56343
-13 11 -12 8 -45495
-7 11 -5 11 -42867
-25 2 -25 -6 -41301
-25 -23 -25 -25 -19019
0 13 3 13 -42089
-8 25 -11 23 -35777
6 10 4 11 -38693
7 -22 8 -23 -39873
17 -11 18 -10 -43813
3 4 0 6 -42685
2 21 3 21 -39841
-7 12 -6 10 -47057
-1 -12 0 -11 -43769
-19 -24 -16 -22 -40561
-8 2 -7 -1 -47173
9 18 6 21 -46957
15 -24 -21 -22 -46817
3 -2 3 -5 -42595
22 -12 21 -11 -43515
4 22 11 22 -43521
-18 -19 -16 -21 -46203
10 -17 7 -16 -46781
-23 -18 -23 -16 -41821
-13 -17 -12 -19 -41839
14 -7 14 -5 -45651
-8 2 -10 4 -39281
0 14 1 15 -44477
-15 -14 -18 -14 -34669
-22 -9 -24 -8 -29341
-21 -22 -16 -24 -45333
-14 8 -14 15 -46619
-22 -2 -18 -2 -43119
-20 -10 -23 -11 -42707
2 2 6 -2 -50291
-10 -22 -12 -23 -37763
-4 -14 -2 -15 -45055
-8 19 -10 23 -47029
-24 4 -24 -1 -45709
13 -20 17 -22 -44545
-18 13 -17 11 -42327
-4 -7 -6 -9 -43109
20 13 21 15 -43561
3 -23 4 -21 -44131
2 -19 3 -21 -39745
-19 -11 -18 -10 -42959
11 12 9 11 -44509
23 -20 20 -24 -42859
-5 6 -3 4 -43079
-18 -24 -14 -23 -37505
-14 9 -12 12 -47075
-15 1 -12 1 -42175
-3 -20 -2 -20 -41963
23 -1 23 -3 -43883
8 17 9 21 -39887
-24 -6 -19 -4 -46847
-14 -4 -12 -5 -41991
14 19 16 20 -42619
19 12 22 10 -41143
-19 -4 -17 -5 -39113
-1 8 -4 11 -42243
-11 -2 -12 -1 -40681
21 10 18 10 -43181
-21 10 -23 13 -45093
17 6 17 9 -45387
4 -24 4 -20 -46939
0 -19 4 -17 -43603
-3 -6 1 -6 -47175
-20 21 -21 23 -37623
21 -8 21 -14 -47609
15 21 17 19 -43013
-23 21 -19 22 -39325
-8 18 -9 18 -40045
4 -13 3 -12 -42745
-22 -21 -23 -22 -36877
12 8 13 7 -43653
-3 -19 -3 -20 -36443
-1 15 -2 19 -44719
6 -13 7 -14 -44451
-12 13 -12 20 -46643
-16 23 -21 23 -41629
-7 19 -5 18 -42901
16 9 13 10 -41937
0 13 5 12 -45667
-23 -18 -23 -9 -44367
-19 19 -14 18 -45229
4 21 6 20 -46569
-3 7 -5 7 -42113
-11 -17 -10 -13 -45907
8 13 4 15 -45859
2 16 1 13 -46399
-9 -5 -8 -8 -44661
-2 2 1 -1 -46727
7 -23 3 -21 -47763
18 -19 23 -23 -45595
-19 -5 -20 -6 -46901
-1 3 -2 3 -37207
-8 4 -8 7 -38707
-15 4 -16 6 -37515
19 -9 15 -8 -39923
-3 -3 -2 -10 -46475
7 18 2 19 -51327
-23 -5 -23 -2 -40729
-4 -14 -5 -14 -44249
-6 -19 -5 -18 -46201
22 -4 23 -7 -46007
19 4 21 1 -46207
21 -14 20 -16 -46219
-15 -4 -11 -4 -44241
23 -7 22 -7 -29589
-22 9 -21 3 -43043
-13 22 -8 23 -45779
18 -6 17 -3 -46439
2 9 -2 9 -41839
3 23 23 22 -44251
-2 17 -4 15 -47351
20 -14 20 -12 -48435
23 -18 17 -21 -50213
5 1 5 3 -40681
-10 3 -7 5 -42123
-7 10 -7 12 -43535
-6 -4 -7 -5 -42891
-6 22 0 22 -44069
-16 -9 -12 -7 -46681
-23 -12 -21 -10 -44481
-4 13 -2 12 -43131
-24 -24 2 -24 -40629
22 -6 23 -8 -40967
-17 -11 -21 -10 -41291
7 -24 8 -21 -44049
21 -2 13 -2 -44985
9 -19 8 -22 -43407
-16 -9 -21 -9 -44817
11 -2 15 -1 -46147
-6 21 -4 22 -49851
-8 -20 -7 -23 -46499
-15 4 -16 2 -37875
-17 -12 -16 -15 -45937
-18 -6 -15 -8 -40967
10 11 8 11 -42635
-23 2 -24 5 -39327
9 18 16 18 -44313
18 9 16 8 -40943
-24 -3 -22 -1 -39827
-23 8 -23 14 -41033
-16 19 -18 17 -43001
-4 -2 1 0 -46421
23 -11 23 -17 -47789
14 -9 13 -12 -52481
-22 -24 -12 -24 -45809
-13 -9 -13 -6 -43567
20 -19 22 -20 -41241
-13 1 -15 4 -46607
-21 22 -18 21 -43395
22 -12 -11 -7 -54923
-12 -15 -11 -16 -39675
-14 -23 -14 -21 -48079
10 4 11 4 -42655
8 20 13 21 -40529
2 19 5 21 -44329
6 -5 3 -3 -47581
-19 21 -9 22 -46313
-14 16 -11 19 -44969
-4 -23 -7 -24 -40775
2 20 -2 23 -44537
-7 -20 -8 -22 -41803
-17 7 -17 8 -35527
-24 1 -22 6 -39907
20 20 19 19 -43585
9 4 7 5 -40919
-20 2 -23 4 -38449
-23 14 -24 14 -33327
-6 -3 -4 -1 -46097
17 21 17 19 -45315
-15 -13 -10 -13 -40689
11 -12 11 -11 -50537
-5 7 -6 6 -42097
-9 -18 -1 -18 -54231
11 -18 12 -18 -41803
19 18 23 12 -49515
-12 -23 -14 -22 -40637
19 -2 19 1 -44361
12 21 14 23 -42335
18 9 17 9 -42539
-17 21 -18 22 -41253
-10 23 -3 23 -47755
17 14 19 11 -50647
8 -4 4 -5 -47449
-5 17 -6 17 -48077
-11 -17 -9 -17 -37675
9 3 13 0 -47281
17 -13 17 -16 -49587
13 8 12 8 -41065
13 16 16 14 -45223
-24 -21 -24 -18 -44031
-15 -4 -12 -1 -45665
22 17 19 20 -45597
8 4 8 7 -40797
-2 23 19 23 -45247
16 5 14 5 -39233
10 5 7 4 -43519
-2 19 -1 22 -43683
20 13 20 12 -41831
0 4 2 4 -43825
-1 -4 0 -1 -41671
3 2 6 7 -46061
-6 23 3 22 -44665
-17 -21 -16 -22 -44513
1 -11 2 -10 -43129
5 -3 4 -4 -45061
11 -23 6 -23 -41249
-5 8 -8 8 -42111
12 -18 13 -17 -43203
21 -23 -5 -24 -44263
23 -12 18 -12 -43663
8 12 6 12 -42555
0 10 -3 9 -43383
-6 13 -5 14 -44827
-6 -21 -5 -21 -42205
2 -12 -4 -13 -51259
13 -11 14 -13 -51405
-2 -22 -6 -24 -45093
2 -12 2 -15 -40267
-15 14 -19 16 -44587
8 -6 8 -4 -43735
8 21 8 23 -40003
18 13 18 17 -49083
8 -10 7 -9 -40593
-19 13 -21 14 -45249
-9 -6 -7 -7 -47243
9 -10 10 -12 -50651
4 -11 9 19 -60999
-10 -22 -5 -23 -38993
-5 20 -6 19 -50719
8 7 8 8 -40255
0 17 -4 17 -45087
-19 -17 -22 -19 -49299
3 -1 2 -1 -39139
18 17 23 18 -40417
-20 -22 -24 -20 -41707
22 20 20 23 -40311
19 -4 23 -2 -43009
-24 -22 -20 -21 -44069
23 -15 17 -16 -49321
7 -15 5 -15 -43071
1 1 4 -1 -47425
-1 22 -1 23 -36249
23 5 21 3 -33039
-11 -19 -10 -16 -43629
-10 22 -10 19 -45501
-6 -9 -9 -9 -42295
-7 1 -6 2 -45643
-24 16 -21 16 -42421
-23 4 -24 10 -36313
-24 -12 -21 -16 -37581
6 -7 5 -11 -43811
-20 16 -21 19 -44369
-3 -22 2 -24 -44819
-15 -12 -13 -14 -43171
5 -11 2 -12 -46315
19 -9 22 -10 -44605
16 -12 14 -13 -42863
6 7 8 6 -41389
-13 14 -10 16 -43797
-16 3 -18 3 -39889
