-10 1 -10 2 -40201
18 4 21 5 -40231
-9 -24 -8 -22 -38855
23 19 17 21 -42867
23 2 15 2 -43157
-11 -8 -12 -7 -41259
23 3 24 1 -33805
-24 -15 -18 -18 -46467
7 1 4 -1 -39701
-3 8 -4 7 -40561
16 7 16 10 -44765
15 -1 17 1 -41197
-16 -3 -17 -5 -44489
1 -14 -1 -12 -43613
-1 18 3 19 -43477
-10 -10 -11 -11 -44141
23 18 23 6 -47277
-25 -15 -23 -14 -28783
-20 16 -25 21 -48113
10 14 12 15 -40159
-9 25 -6 24 -33651
-18 0 -22 0 -41809
25 25 24 22 -15147
-18 1 -16 0 -44473
-25 -11 -25 -8 -44533
-15 6 -18 6 -41553
-20 16 -18 17 -40057
-1 5 3 5 -46561
17 17 17 19 -42877
13 -21 13 -18 -45937
1 -12 2 -12 -34879
25 -24 21 -22 -15905
-10 8 -15 8 -51537
-6 -10 -6 -9 -34811
2 -23 -3 -23 -40701
20 18 20 14 -46853
23 18 23 23 -35911
-15 -24 -14 -25 -32041
8 15 9 16 -40999
3 -16 4 -19 -41095
-20 -5 -20 -4 -42829
4 18 3 15 -41813
23 1 19 -3 -47537
7 -16 7 -17 -38749
16 21 19 23 -39665
-22 -10 -21 -7 -49699
-2 -17 -3 -12 -44437
23 -23 14 -24 -48433
-18 -4 -16 -3 -45667
12 -3 12 -5 -41533
-23 24 -25 24 -16185
13 -15 12 -13 -44865
2 -25 2 -23 -29977
22 -19 22 -20 -42303
23 -23 8 -24 -48673
11 -24 17 -23 -40169
1 -23 0 -24 -35675
-4 -17 0 -15 -43173
-24 19 -24 15 -41327
-22 -14 -24 -18 -45747
-14 9 -16 6 -46929
-11 -24 -10 -25 -28453
-20 19 -20 22 -42891
-25 10 -25 24 -45125
21 12 17 11 -43697
19 -22 17 -19 -46557
4 -9 7 -8 -41927
16 -19 14 -19 -41271
-23 -6 -20 -10 -46833
-2 -2 -5 -1 -39977
25 2 23 2 -15535
4 -25 10 -25 -41841
-17 18 -16 14 -47119
-24 24 -14 25 -37861
-5 -13 -4 -14 -43355
-4 12 -4 13 -39637
-25 14 -24 13 -29851
-4 23 -2 20 -40761
11 -20 12 -18 -45645
-24 -4 -25 -4 -16735
17 -25 15 -23 -29571
10 -19 8 -18 -43063
-23 16 -21 20 -46015
-8 25 -8 23 -24717
15 -24 12 -18 -46267
-10 1 -10 -3 -40863
15 -9 12 -9 -41199
-15 -14 -21 -19 -51281
8 -14 9 -14 -40811
14 20 11 25 -42651
7 -4 9 -6 -43007
19 -15 21 -18 -51559
20 -8 20 -10 -37215
-8 22 -15 22 -47607
-24 -1 -22 2 -43379
-24 -11 -23 -7 -51807
-21 -2 -22 0 -37513
-13 -23 -13 -21 -48633
-12 16 -16 17 -42841
-12 6 -11 7 -46551
-3 -19 -2 -16 -40983
-11 12 -18 12 -45855
-11 7 -11 9 -42989
-7 10 -12 11 -44523
-16 -13 -17 -17 -47003
-7 17 -7 14 -44137
25 -3 25 -6 -35941
23 -17 23 -20 -45771
-7 -12 -8 -14 -43501
8 -10 12 -10 -41587
23 -19 24 -17 -36981
-13 -10 -14 -13 -46663
-18 -24 -25 -23 -41171
6 -24 5 -24 -41317
-24 25 -25 20 -24795
17 -20 19 -20 -43363
-11 -23 -13 -24 -38059
-20 12 -24 9 -42235
-22 1 -22 2 -41077
23 -12 -7 2 -58453
18 19 23 21 -42795
7 -22 7 -23 -40659
12 21 8 23 -40169
-16 2 -12 1 -48933
-5 3 -5 1 -40291
-9 -13 -9 -11 -41511
-18 -20 -18 -17 -49409
-16 20 -16 19 -41713
-24 -18 -22 -24 -45865
-24 19 -21 19 -38385
-1 -24 7 -24 -45745
14 -11 13 -10 -45075
16 8 17 14 -46863
13 -14 14 -14 -40437
-20 -17 -21 -19 -48381
13 0 16 -3 -40759
-19 11 -18 13 -43701
20 5 21 2 -42257
4 9 4 12 -41409
-12 -4 -10 -3 -38633
-24 16 -23 17 -36331
12 16 13 13 -44131
-20 -15 -20 -13 -43503
21 25 24 23 -24147
10 -7 10 -8 -44501
14 -1 11 1 -42217
-23 -4 -23 -7 -42419
7 19 6 19 -35847
12 24 12 22 -37689
-13 -23 -11 -23 -39227
11 4 15 5 -43689
-18 23 -17 25 -24515
12 0 10 0 -42445
2 1 2 0 -37283
8 -4 12 -4 -40079
-1 -7 -2 -2 -42819
17 23 16 21 -42255
20 -5 22 -6 -47997
10 3 10 2 -33047
-5 -22 -4 -25 -31697
16 4 17 3 -39835
-22 -21 -19 -21 -44145
15 18 14 19 -41689
24 15 25 13 -26979
-6 21 -2 25 -46155
-12 -11 -12 -8 -43987
-16 -22 -16 -20 -46819
3 -24 5 -24 -40479
1 -1 -2 0 -46613
16 -24 21 -23 -45827
12 -1 11 -3 -39273
11 22 15 21 -37537
-23 -19 -23 -20 -49771
12 -25 10 -24 -28103
24 -11 25 -10 -21929
-16 21 -16 22 -36881
20 8 23 12 -40245
-8 18 -6 19 -48129
11 -9 13 -8 -42893
11 -6 11 -8 -46893
-14 10 -11 9 -48307
20 -2 22 -3 -42891
24 -21 19 -25 -39651
16 -16 15 -15 -43359
-25 -24 -23 -22 -23955
1 25 5 25 -30471
-9 -13 -10 -13 -38593
24 -13 23 -12 -35641
-7 21 -13 22 -48401
-17 23 -13 22 -36339
-2 4 -2 3 -35611
-1 -6 1 -6 -43005
19 7 20 5 -41965
-15 -1 -15 2 -39819
21 -3 21 -4 -43153
13 22 22 22 -36911
4 11 8 12 -44873
14 15 19 15 -38911
4 -7 0 -8 -43061
3 23 4 25 -29403
25 -4 25 4 -41371
-2 -6 0 -8 -40557
-9 -18 -7 -17 -44191
-10 9 -13 8 -49665
25 -22 24 -19 -30629
24 6 24 8 -28857
-21 11 -22 11 -40989
18 -25 19 -23 -28987
18 -1 20 0 -44853
-7 -20 -6 -22 -44807
9 22 10 23 -35725
-9 -5 -6 -6 -44649
10 11 12 10 -38961
-24 -11 -24 -6 -50849
16 -8 18 -5 -43541
21 24 -23 23 -42549
8 12 8 14 -37743
5 22 4 23 -37169
19 4 19 7 -41681
25 19 23 17 -26669
22 10 24 13 -35921
-18 10 -22 11 -46611
0 18 -1 19 -42473
25 21 22 20 -18843
-4 -21 2 -24 -46075
-1 8 0 11 -41075
-24 8 -18 8 -40783
25 -17 24 -15 -33065
19 -15 22 -16 -50163
-21 -25 -19 -23 -34507
6 8 6 10 -40437
11 12 9 7 -47425
2 -18 7 -18 -44921
23 -2 22 0 -43897
0 23 1 24 -33105
10 -20 13 -20 -43347
10 23 -14 23 -54125
25 -9 25 -25 -44817
17 8 19 7 -43453
-21 -12 -23 -12 -40653
-21 -19 -21 -20 -50435
-22 -16 -5 4 -63093
-19 9 -18 8 -41559
8 -16 8 -13 -43053
-25 13 -25 11 -34003
15 -16 15 -18 -42253
-3 14 -6 15 -47595
-17 18 21 -9 -61465
-13 11 -12 8 -47561
-7 11 -5 11 -44481
-25 2 -25 -6 -41217
-25 -23 -25 -25 -19229
0 13 3 13 -40199
-8 25 -11 23 -37613
6 10 4 11 -37107
7 -22 8 -23 -39461
17 -11 18 -10 -41457
3 4 0 6 -42925
2 21 3 21 -38467
-7 12 -6 10 -47141
-1 -12 0 -11 -39879
-19 -24 -16 -22 -41015
11 -14 13 -13 -46349
9 18 6 21 -43349
15 -24 -21 -22 -49235
3 -2 3 -5 -42985
22 -12 21 -11 -49215
4 22 11 22 -39245
-18 -19 -16 -21 -48595
10 -17 7 -16 -46385
-23 -18 -23 -16 -42359
-13 -17 -12 -19 -42157
14 -7 14 -5 -45235
-8 2 -10 4 -38347
0 14 1 15 -42913
-15 -14 -18 -14 -37723
-22 -9 -24 -8 -35551
-21 -22 -16 -24 -46097
-14 8 -14 15 -49113
-22 -2 -18 -2 -44735
-20 -10 -23 -11 -49897
-7 17 -9 13 -51975
-10 -22 -12 -23 -40019
-4 -14 -2 -15 -41387
-8 19 -10 23 -42699
-24 4 -24 -1 -45171
13 -20 17 -22 -45309
-18 13 -17 11 -44661
-4 -7 -6 -9 -41597
20 13 21 15 -44105
3 -23 4 -21 -43403
2 -19 3 -21 -39733
-19 -11 -18 -10 -45193
11 12 9 11 -43715
23 -20 20 -24 -39451
-5 6 -3 4 -43157
-18 -24 -14 -23 -38645
-14 9 -12 12 -48679
-15 1 -12 1 -43581
-3 -20 -2 -20 -37671
23 -1 23 -3 -44037
8 17 9 21 -40003
-24 -6 -19 -4 -48441
-14 -4 -12 -5 -42071
14 19 16 20 -41441
19 12 22 10 -40405
-19 -4 -17 -5 -41863
-1 8 -4 11 -41949
-11 -2 -12 -1 -39731
21 10 18 10 -42079
-21 10 -23 13 -47223
17 6 17 9 -44999
4 -24 4 -20 -46475
0 -19 4 -17 -40693
-3 -6 1 -6 -45669
-20 21 -21 23 -37045
21 -8 21 -14 -46141
15 21 17 19 -42589
-23 21 -19 22 -39227
-8 18 -9 18 -41449
4 -13 3 -12 -42755
-22 -21 -23 -22 -37537
12 8 13 7 -42435
-3 -19 -3 -20 -36951
-1 15 -2 19 -44247
6 -13 7 -14 -43107
-12 13 -12 20 -51185
-16 23 -21 23 -41717
-7 19 -5 18 -43399
16 9 13 10 -40399
0 13 5 12 -43395
-23 -18 -23 -9 -45329
-19 19 -14 18 -46475
4 21 6 20 -41037
-3 7 -5 7 -41933
-11 -17 -10 -13 -46557
8 13 4 15 -42497
2 16 1 13 -45269
-9 -5 -8 -8 -43921
-2 2 1 -1 -47555
7 -23 3 -21 -47107
18 -19 23 -23 -45869
-19 -5 -20 -6 -47545
-1 3 -2 3 -38027
-8 4 -8 7 -38503
-15 4 -16 6 -39267
19 -9 15 -8 -40135
-14 22 9 21 -58141
2 -6 3 -14 -48721
-23 -5 -23 -2 -41711
-4 -14 -5 -14 -38633
-6 -19 -5 -18 -44933
22 -4 23 -7 -47225
19 4 21 1 -42127
21 -14 20 -16 -45311
-15 -4 -11 -4 -43849
23 -7 22 -7 -34691
-22 9 -21 3 -44089
-13 22 -8 23 -47357
18 -6 17 -3 -46451
2 9 -2 9 -40879
15 -12 -21 -19 -57681
-20 14 5 -12 -63873
20 -14 20 -12 -47737
23 -18 17 -21 -49343
5 1 5 3 -38407
-10 3 -7 5 -42275
-7 10 -7 12 -43717
-6 -4 -7 -5 -41321
-6 22 0 22 -44959
-16 -9 -12 -7 -46765
-23 -12 -21 -10 -48887
-4 13 -2 12 -42021
-24 -24 2 -24 -44751
22 -6 23 -8 -42269
-17 -11 -21 -10 -44787
7 -24 8 -21 -43743
21 -2 13 -2 -43591
9 -19 8 -22 -43347
-16 -9 -21 -9 -47971
11 -2 15 -1 -42395
-6 21 -4 22 -49475
-8 -20 -7 -23 -46501
-15 4 -16 2 -38553
-17 -12 -16 -15 -46141
-18 -6 -15 -8 -43299
10 11 8 11 -41877
-23 2 -24 5 -39311
9 18 16 18 -42107
18 9 16 8 -40049
-24 -3 -22 -1 -40441
-23 8 -23 14 -43289
-16 19 -18 17 -44889
-4 -2 1 0 -46083
23 -11 23 -17 -47371
-6 1 -7 1 -41733
-22 -24 -12 -24 -47081
-13 -9 -13 -6 -43163
20 -19 22 -20 -42681
-13 1 -15 4 -47713
-21 22 -18 21 -42775
-1 -24 -16 -23 -47529
-12 -15 -11 -16 -39519
-14 -23 -14 -21 -48179
10 4 11 4 -40241
8 20 13 21 -38271
2 19 5 21 -43091
6 -5 3 -3 -39811
-19 21 -9 22 -47283
-14 16 -11 19 -47383
-4 -23 -7 -24 -40913
2 20 -2 23 -44611
-7 -20 -8 -22 -42103
-17 7 -17 8 -40363
-24 1 -22 6 -40381
20 20 19 19 -42847
9 4 7 5 -38699
-20 2 -23 4 -39153
-23 14 -24 14 -33531
-6 -3 -4 -1 -45689
17 21 17 19 -45161
-15 -13 -10 -13 -42471
11 -12 11 -11 -44835
-5 7 -6 6 -41523
2 -15 -2 10 -59773
11 -18 12 -18 -44243
19 18 23 12 -47351
-12 -23 -14 -22 -42263
19 -2 19 1 -43885
12 21 14 23 -42009
18 9 17 9 -41121
-17 21 -18 22 -40271
-10 23 -3 23 -49007
23 -13 18 -11 -57851
8 -4 4 -5 -41379
-5 17 -6 17 -47295
-11 -17 -9 -17 -37673
9 3 13 0 -45301
17 -13 17 -16 -48681
13 8 12 8 -39529
13 16 16 14 -44629
-24 -21 -24 -18 -48613
-15 -4 -12 -1 -46607
22 17 19 20 -44239
8 4 8 7 -39723
-2 23 19 23 -41249
16 5 14 5 -38815
10 5 7 4 -40595
-2 19 -1 22 -43359
20 13 20 12 -41497
0 4 2 4 -43051
-1 -4 0 -1 -41825
3 2 6 7 -43887
-6 23 3 22 -46501
-17 -21 -16 -22 -45361
1 -11 2 -10 -41015
5 -3 4 -4 -42303
11 -23 6 -23 -40843
-5 8 -8 8 -43031
12 -18 13 -17 -44831
21 -23 -5 -24 -44711
23 -12 18 -12 -51585
8 12 6 12 -40949
0 10 -3 9 -42529
-6 13 -5 14 -46965
-6 -21 -5 -21 -39729
-21 8 10 19 -61385
13 -11 14 -13 -47665
-2 -22 -6 -24 -44347
2 -12 2 -15 -41113
-15 14 -19 16 -48619
8 -6 8 -4 -43159
8 21 8 23 -39823
18 13 18 17 -48875
8 -10 7 -9 -40773
-19 13 -21 14 -46305
-9 -6 -7 -7 -45271
9 -10 10 -12 -48339
18 -6 23 -6 -49591
-10 -22 -5 -23 -40579
-5 20 -6 19 -48433
8 7 8 8 -39493
0 17 -4 17 -43351
-5 -9 -3 -9 -38583
3 -1 2 -1 -34373
18 17 23 18 -39443
-20 -22 -24 -20 -43277
22 20 20 23 -40193
19 -4 23 -2 -45321
-24 -22 -20 -21 -43547
23 -15 17 -16 -52157
7 -15 5 -15 -41593
1 1 4 -1 -40001
-1 22 -1 23 -35563
23 5 21 3 -32527
-11 -19 -10 -16 -45331
-10 22 -10 19 -41251
-6 -9 -9 -9 -38829
-7 1 -6 2 -45345
-24 16 -21 16 -42681
-23 4 -24 10 -37409
-24 -12 -21 -16 -40229
6 -7 5 -11 -45121
-20 16 -21 19 -46993
-3 -22 2 -24 -44033
-15 -12 -13 -14 -43531
5 -11 2 -12 -42313
19 -9 22 -10 -51691
16 -12 14 -13 -42743
6 7 8 6 -39831
-13 14 -10 16 -46861
-16 3 -18 3 -40703
