-10 1 -10 2 -40995
18 4 21 5 -41215
-9 -24 -8 -22 -39587
23 19 17 21 -43761
23 2 15 2 -43177
-11 -8 -12 -7 -42233
23 3 24 1 -32071
-24 -15 -18 -18 -45363
7 1 4 -1 -46813
-3 8 -4 7 -41919
16 7 16 10 -45669
15 -1 17 1 -42137
-16 -3 -17 -5 -45843
1 -14 -1 -12 -47205
-1 18 3 19 -43421
-10 -10 -11 -11 -45249
17 19 16 15 -48745
-25 -15 -23 -14 -27663
-20 16 -25 21 -47501
10 14 12 15 -40793
-9 25 -6 24 -31679
-18 0 -22 0 -41663
25 25 24 22 -15183
-18 1 -16 0 -42683
-25 -11 -25 -8 -39235
-15 6 -18 6 -38331
-20 16 -18 17 -38519
-1 5 3 5 -48583
17 17 17 19 -47531
13 -21 13 -18 -47921
1 -12 2 -12 -35429
25 -24 21 -22 -15819
-14 -6 -16 -5 -45429
-6 -10 -6 -9 -35807
2 -23 -3 -23 -40957
20 18 20 14 -43991
23 18 23 23 -37125
-15 -24 -14 -25 -30761
8 15 9 16 -41171
3 -16 4 -19 -42611
-20 -5 -20 -4 -43211
4 18 3 15 -41453
23 1 19 -3 -47223
7 -16 7 -17 -39813
16 21 19 23 -40843
-22 -10 -21 -7 -45501
-2 -17 -3 -12 -45861
23 -23 14 -24 -50033
-18 -4 -16 -3 -47919
12 -3 12 -5 -42677
-23 24 -25 24 -14833
13 -15 12 -13 -46083
2 -25 2 -23 -31201
22 -19 22 -20 -42073
23 -23 8 -24 -50503
11 -24 17 -23 -42427
1 -23 0 -24 -37347
-4 -17 0 -15 -43825
-24 19 -24 15 -39841
-22 -14 -24 -18 -43235
-14 9 -16 6 -50003
-11 -24 -10 -25 -30203
-20 19 -20 22 -42383
-25 10 -25 24 -44247
21 12 17 11 -46851
19 -22 17 -19 -47385
4 -9 7 -8 -41895
16 -19 14 -19 -41717
-23 -6 -20 -10 -44805
-2 -2 -5 -1 -38845
25 2 23 2 -15071
4 -25 10 -25 -43827
-17 18 -16 14 -44557
-24 24 -14 25 -35883
-5 -13 -4 -14 -45429
-4 12 -4 13 -39613
-25 14 -24 13 -28949
-4 23 -2 20 -40753
11 -20 12 -18 -50807
-24 -4 -25 -4 -14947
17 -25 15 -23 -30343
10 -19 8 -18 -43055
-23 16 -21 20 -44573
-8 25 -8 23 -24697
15 -24 12 -18 -47435
-10 1 -10 -3 -40903
15 -9 12 -9 -42911
23 12 23 2 -44447
8 -14 9 -14 -41615
14 20 11 25 -43171
7 -4 9 -6 -42857
19 -15 21 -18 -50833
20 -8 20 -10 -37127
-8 22 -15 22 -40413
-24 -1 -22 2 -42239
12 19 -3 -1 -67053
-21 -2 -22 0 -37439
-13 -23 -13 -21 -50819
-12 16 -16 17 -39497
-12 6 -11 7 -47103
-3 -19 -2 -16 -41789
-11 12 -18 12 -40099
-11 7 -11 9 -47825
-7 10 -12 11 -42391
-16 -13 -17 -17 -47463
-7 17 -7 14 -38515
25 -3 25 -6 -35991
23 -17 23 -20 -45161
-7 -12 -8 -14 -43907
8 -10 12 -10 -42047
23 -19 24 -17 -36695
-13 -10 -14 -13 -46449
-18 -24 -25 -23 -40095
6 -24 5 -24 -43839
-24 25 -25 20 -24941
17 -20 19 -20 -43263
-11 -23 -13 -24 -41509
-20 12 -24 9 -44243
-22 1 -22 2 -41209
-15 3 -15 7 -48611
18 19 23 21 -42645
7 -22 7 -23 -44147
12 21 8 23 -41177
5 -20 -3 22 -60727
-5 3 -5 1 -40443
-9 -13 -9 -11 -42775
-18 -20 -18 -17 -44761
-16 20 -16 19 -40365
-24 -18 -22 -24 -42315
-24 19 -21 19 -37791
-1 -24 7 -24 -46815
14 -11 13 -10 -47305
16 8 17 14 -45689
13 -14 14 -14 -42323
-20 -17 -21 -19 -43799
13 0 16 -3 -41073
-19 11 -18 13 -42587
-24 -17 -23 -7 -44571
4 9 4 12 -41491
-12 -4 -10 -3 -40203
-24 16 -23 17 -35397
12 16 13 13 -41663
-20 -15 -20 -13 -41959
21 25 24 23 -23941
10 -7 10 -8 -45627
14 -1 11 1 -43155
-23 -4 -23 -7 -42139
7 19 6 19 -37095
12 24 12 22 -38169
-13 -23 -11 -23 -39907
11 4 15 5 -46245
-18 23 -17 25 -23251
12 0 10 0 -43603
2 1 2 0 -39861
8 -4 12 -4 -40253
-1 -7 -2 -2 -44109
17 23 16 21 -43671
20 -5 22 -6 -46139
10 3 10 2 -33821
-5 -22 -4 -25 -32931
16 4 17 3 -38851
-22 -21 -19 -21 -43639
15 18 14 19 -42899
24 15 25 13 -24281
-6 21 -2 25 -45227
-12 -11 -12 -8 -44307
-16 -22 -16 -20 -46601
3 -24 5 -24 -41725
1 -1 -2 0 -45369
16 -24 21 -23 -46495
12 -1 11 -3 -41489
11 22 15 21 -38347
-23 -19 -23 -20 -42253
12 -25 10 -24 -29069
24 -11 25 -10 -21523
-16 21 -16 22 -36297
20 8 23 12 -41137
-8 18 -6 19 -46701
11 -9 13 -8 -44343
11 -6 11 -8 -47593
-14 10 -11 9 -41029
20 -2 22 -3 -41721
24 -21 19 -25 -39989
16 -16 15 -15 -42339
-25 -24 -23 -22 -23915
1 25 5 25 -30319
-9 -13 -10 -13 -37981
24 -13 23 -12 -33259
-7 21 -13 22 -44913
-17 23 -13 22 -31149
-2 4 -2 3 -37747
-1 -6 1 -6 -44283
19 7 20 5 -42421
-15 -1 -15 2 -39651
21 -3 21 -4 -42797
13 22 22 22 -37863
4 11 8 12 -45525
14 15 19 15 -42869
4 -7 0 -8 -43663
3 23 4 25 -29811
25 -4 25 4 -41577
-2 -6 0 -8 -43805
-9 -18 -7 -17 -44215
-10 9 -13 8 -44421
25 -22 24 -19 -30445
24 6 24 8 -32983
-21 11 -22 11 -37547
18 -25 19 -23 -30153
18 -1 20 0 -45195
-7 -20 -6 -22 -48021
9 22 10 23 -36291
-9 -5 -6 -6 -45387
10 11 12 10 -39007
-24 -11 -24 -6 -45401
16 -8 18 -5 -43857
21 24 -23 23 -39817
8 12 8 14 -37017
5 22 4 23 -36631
19 4 19 7 -42735
25 19 23 17 -26707
22 10 24 13 -33137
-3 -9 0 -12 -47205
0 18 -1 19 -43033
25 21 22 20 -18629
-4 -21 2 -24 -46335
-1 8 0 11 -41693
-24 8 -18 8 -37163
25 -17 24 -15 -32811
19 -15 22 -16 -47473
-21 -25 -19 -23 -34053
6 8 6 10 -40463
-14 -23 -12 -21 -47903
2 -18 7 -18 -45913
23 -2 22 0 -43383
0 23 1 24 -33549
10 -20 13 -20 -45427
-14 1 -10 1 -42921
25 -9 25 -25 -44621
17 8 19 7 -45187
-21 -12 -23 -12 -39359
-12 20 -9 15 -44611
19 10 20 10 -41725
-19 9 -18 8 -38753
8 -16 8 -13 -43703
-25 13 -25 11 -34091
15 -16 15 -18 -42103
-3 14 -6 15 -46937
-6 -23 -10 -21 -47115
13 -19 11 -22 -51493
-7 11 -5 11 -43941
-25 2 -25 -6 -41257
-25 -23 -25 -25 -18765
0 13 3 13 -41103
-8 25 -11 23 -34791
6 10 4 11 -37523
7 -22 8 -23 -40357
17 -11 18 -10 -41487
3 4 0 6 -42319
2 21 3 21 -38375
-7 12 -6 10 -49149
-1 -12 0 -11 -40411
-19 -24 -16 -22 -42285
11 -14 13 -13 -47311
9 18 6 21 -44017
15 -24 -21 -22 -45055
3 -2 3 -5 -43677
22 -12 21 -11 -43703
4 22 11 22 -41511
-18 -19 -16 -21 -47853
10 -17 7 -16 -47365
-23 -18 -23 -16 -38917
-13 -17 -12 -19 -41509
14 -7 14 -5 -45485
-8 2 -10 4 -39213
0 14 1 15 -42029
-15 -14 -18 -14 -38649
-22 -9 -24 -8 -33547
-11 9 -11 12 -48569
-14 8 -14 15 -48801
-22 -2 -18 -2 -43919
-20 -10 -23 -11 -46837
11 15 -17 -10 -66143
-10 -22 -12 -23 -42485
-4 -14 -2 -15 -43911
-8 19 -10 23 -44331
-24 4 -24 -1 -45329
13 -20 17 -22 -45893
-18 13 -17 11 -42167
-4 -7 -6 -9 -42485
20 13 21 15 -40121
3 -23 4 -21 -48511
2 -19 3 -21 -41349
-19 -11 -18 -10 -43873
11 12 9 11 -44855
23 -20 20 -24 -39213
-5 6 -3 4 -42645
-18 -24 -14 -23 -39377
-14 9 -12 12 -49389
-15 1 -12 1 -42531
-3 -20 -2 -20 -38795
23 -1 23 -3 -43787
8 17 9 21 -40683
-6 22 13 23 -48675
-14 -4 -12 -5 -46781
14 19 16 20 -43483
19 12 22 10 -40375
-19 -4 -17 -5 -42589
-1 8 -4 11 -42041
-11 -2 -12 -1 -41553
-9 23 -3 22 -43995
-21 10 -23 13 -44785
17 6 17 9 -47095
4 -24 4 -20 -50139
0 -19 4 -17 -43015
-3 -6 1 -6 -46659
-20 21 -21 23 -37135
21 -8 21 -14 -46667
15 21 17 19 -43047
-23 21 -19 22 -38435
-8 18 -9 18 -38541
4 -13 3 -12 -43903
-22 -21 -23 -22 -37211
12 8 13 7 -43223
-3 -19 -3 -20 -38551
-1 15 -2 19 -43927
6 -13 7 -14 -43069
-14 -14 -17 -17 -45675
-16 23 -21 23 -39373
-7 19 -5 18 -43791
16 9 13 10 -42593
0 13 5 12 -43913
19 12 16 13 -47849
-19 19 -14 18 -42737
4 21 6 20 -41603
-3 7 -5 7 -41251
-11 -17 -10 -13 -47417
8 13 4 15 -43007
2 16 1 13 -44425
-9 -5 -8 -8 -44391
-2 2 1 -1 -46087
7 -23 3 -21 -47915
18 -19 23 -23 -47055
-19 -5 -20 -6 -47455
-1 3 -2 3 -38261
-8 4 -8 7 -42015
-15 4 -16 6 -43897
19 -9 15 -8 -39411
2 0 4 2 -47421
2 -6 3 -14 -51441
-23 -5 -23 -2 -41759
-4 -14 -5 -14 -39177
-6 -19 -5 -18 -44209
22 -4 23 -7 -46099
19 4 21 1 -37219
21 -14 20 -16 -44691
-15 -4 -11 -4 -47213
23 -7 22 -7 -33679
-22 9 -21 3 -46967
-13 22 -8 23 -42485
18 -6 17 -3 -45479
2 9 -2 9 -41059
-11 9 -9 6 -46741
6 5 21 10 -56953
20 -14 20 -12 -47101
23 -18 17 -21 -48843
5 1 5 3 -40851
-10 3 -7 5 -43299
-7 10 -7 12 -46429
-6 -4 -7 -5 -42907
-6 22 0 22 -43105
-16 -9 -12 -7 -49717
-23 -12 -21 -10 -45087
-4 13 -2 12 -42451
-24 -24 2 -24 -41139
22 -6 23 -8 -40949
-17 -11 -21 -10 -45331
7 -24 8 -21 -48069
21 -2 13 -2 -43393
9 -19 8 -22 -47899
-16 -9 -21 -9 -48805
11 -2 15 -1 -43959
-6 21 -4 22 -48303
-8 -20 -7 -23 -49469
-15 4 -16 2 -42519
-17 -12 -16 -15 -45795
-18 -6 -15 -8 -47245
10 11 8 11 -42363
-23 2 -24 5 -39849
9 18 16 18 -43141
18 9 16 8 -44203
-24 -3 -22 -1 -38893
-23 8 -23 14 -43645
-16 19 -18 17 -42773
-4 -2 1 0 -46939
23 -11 23 -17 -46659
-6 1 -7 1 -42939
-22 -24 -12 -24 -45927
-13 -9 -13 -6 -44243
20 -19 22 -20 -42855
-13 1 -15 4 -45903
-21 22 -18 21 -42343
7 -14 13 6 -63933
-12 -15 -11 -16 -39875
-14 -23 -14 -21 -50363
10 4 11 4 -41697
8 20 13 21 -40417
2 19 5 21 -43461
6 -5 3 -3 -41801
6 -21 5 -22 -48149
-14 16 -11 19 -42201
-4 -23 -7 -24 -40369
2 20 -2 23 -44767
-7 -20 -8 -22 -42457
-17 7 -17 8 -44991
-24 1 -22 6 -41357
20 20 19 19 -43953
9 4 7 5 -38575
-20 2 -23 4 -38607
-23 14 -24 14 -32363
-6 -3 -4 -1 -46597
17 21 17 19 -47113
-15 -13 -10 -13 -42291
11 -12 11 -11 -42657
-5 7 -6 6 -43705
14 15 -14 0 -67307
11 -18 12 -18 -46329
19 18 23 12 -45643
-12 -23 -14 -22 -41443
19 -2 19 1 -43779
12 21 14 23 -42825
18 9 17 9 -45325
-17 21 -18 22 -40081
-22 5 -19 10 -48085
15 -14 8 -9 -58291
8 -4 4 -5 -43619
-5 17 -6 17 -46757
-11 -17 -9 -17 -37613
9 3 13 0 -46103
17 -13 17 -16 -47815
13 8 12 8 -41051
13 16 16 14 -44689
-24 -21 -24 -18 -43565
-15 -4 -12 -1 -45997
22 17 19 20 -46467
8 4 8 7 -40253
-2 23 19 23 -43599
16 5 14 5 -40061
10 5 7 4 -42479
-2 19 -1 22 -42823
20 13 20 12 -36503
0 4 2 4 -45037
-1 -4 0 -1 -43035
3 2 6 7 -48595
-6 23 3 22 -44975
-17 -21 -16 -22 -45349
1 -11 2 -10 -41203
5 -3 4 -4 -44693
11 -23 6 -23 -43053
-5 8 -8 8 -42491
12 -18 13 -17 -47377
21 -23 -5 -24 -44635
23 -12 18 -12 -45839
8 12 6 12 -41641
0 10 -3 9 -41933
-6 13 -5 14 -42713
-6 -21 -5 -21 -40225
0 2 4 -21 -59953
13 -11 14 -13 -49031
-2 -22 -6 -24 -43263
2 -12 2 -15 -41665
-15 14 -19 16 -45111
8 -6 8 -4 -45013
8 21 8 23 -40015
-24 -10 -14 -3 -62573
8 -10 7 -9 -40561
-19 13 -21 14 -42347
-9 -6 -7 -7 -45609
-16 -22 -20 -21 -44753
18 -6 23 -6 -47687
-10 -22 -5 -23 -44221
-5 20 -6 19 -48165
8 7 8 8 -39657
0 17 -4 17 -43115
-5 -9 -3 -9 -39117
3 -1 2 -1 -38047
18 17 23 18 -41387
-20 -22 -24 -20 -42399
22 20 20 23 -41349
19 -4 23 -2 -45133
-24 -22 -20 -21 -43225
23 -15 17 -16 -49821
7 -15 5 -15 -40975
1 1 4 -1 -41197
-1 22 -1 23 -36137
23 5 21 3 -33265
-11 -19 -10 -16 -46151
-10 22 -10 19 -41901
-6 -9 -9 -9 -39357
-7 1 -6 2 -45665
-24 16 -21 16 -41951
-23 4 -24 10 -39791
-24 -12 -21 -16 -38331
6 -7 5 -11 -46223
-20 16 -21 19 -46679
-3 -22 2 -24 -44279
-15 -12 -13 -14 -43997
5 -11 2 -12 -42275
19 -9 22 -10 -46905
16 -12 14 -13 -42197
6 7 8 6 -39277
-13 14 -10 16 -41481
-16 3 -18 3 -40337
