-10 1 -10 2 -41648
18 4 21 5 -41166
-9 -24 -8 -22 -36976
23 19 17 21 -49476
23 2 15 2 -42740
-11 -8 -12 -7 -41968
23 3 24 1 -35538
-24 -15 -18 -18 -44706
7 1 4 -1 -45510
-3 8 -4 7 -42546
16 7 16 10 -44526
15 -1 17 1 -41924
-16 -3 -17 -5 -43856
1 -14 -1 -12 -44486
-1 18 3 19 -43838
-10 -10 -11 -11 -44612
17 19 16 15 -49656
-25 -15 -23 -14 -26842
-20 16 -25 21 -47640
10 14 12 15 -44570
-9 25 -6 24 -33198
-18 0 -22 0 -40120
25 25 24 22 -15734
-18 1 -16 0 -41526
-25 -11 -25 -8 -38752
-15 6 -18 6 -37314
-20 16 -18 17 -38278
12 -19 16 -21 -47196
17 17 17 19 -47796
13 -21 13 -18 -45504
1 -12 2 -12 -35102
25 -24 21 -22 -15744
-14 -6 -16 -5 -44836
-6 -10 -6 -9 -34206
2 -23 -3 -23 -40944
20 18 20 14 -44162
23 18 23 23 -37430
-15 -24 -14 -25 -29130
8 15 9 16 -42060
3 -16 4 -19 -40940
-20 -5 -20 -4 -42328
4 18 3 15 -41096
23 1 19 -3 -47438
7 -16 7 -17 -38844
16 21 19 23 -44576
-22 -10 -21 -7 -43584
-2 -17 -3 -12 -43970
23 -23 14 -24 -49774
-18 -4 -16 -3 -45060
12 -3 12 -5 -41514
-23 24 -25 24 -15122
13 -15 12 -13 -44184
2 -25 2 -23 -30430
22 -19 22 -20 -42346
23 -23 8 -24 -51390
11 -24 17 -23 -41610
1 -23 0 -24 -36188
-4 -17 0 -15 -44006
-24 19 -24 15 -40188
-22 -14 -24 -18 -43064
20 14 -17 23 -54584
-11 -24 -10 -25 -27450
-20 19 -20 22 -42738
-25 10 -25 24 -43520
21 12 17 11 -47672
19 -22 17 -19 -45588
4 -9 7 -8 -41940
16 -19 14 -19 -43508
-23 -6 -20 -10 -44606
-2 -2 -5 -1 -39752
25 2 23 2 -15402
4 -25 10 -25 -48276
-17 18 -16 14 -44610
-24 24 -14 25 -36022
-5 -13 -4 -14 -43614
-4 12 -4 13 -38920
-25 14 -24 13 -29066
-4 23 -2 20 -42426
11 -20 12 -18 -43784
-24 -4 -25 -4 -14174
17 -25 15 -23 -29310
10 -19 8 -18 -44164
-23 16 -21 20 -45152
-8 25 -8 23 -24804
15 -24 12 -18 -47144
-10 1 -10 -3 -41252
15 -9 12 -9 -40794
23 12 23 2 -46822
8 -14 9 -14 -39956
14 20 11 25 -42778
7 -4 9 -6 -40966
19 -15 21 -18 -49916
20 -8 20 -10 -36494
-8 22 -15 22 -43242
-24 -1 -22 2 -41166
11 -22 9 -22 -42870
-21 -2 -22 0 -37006
12 14 13 15 -42400
-12 16 -16 17 -39480
-12 6 -11 7 -42690
-3 -19 -2 -16 -41622
-11 12 -18 12 -38902
-11 7 -11 9 -44562
-7 10 -12 11 -43692
-16 -13 -17 -17 -47452
-7 17 -7 14 -38334
25 -3 25 -6 -35824
23 -17 23 -20 -45880
-7 -12 -8 -14 -43470
8 -10 12 -10 -40004
23 -19 24 -17 -36906
-13 -10 -14 -13 -46224
-18 -24 -25 -23 -39590
6 -24 5 -24 -46676
-24 25 -25 20 -24500
17 -20 19 -20 -43636
-11 -23 -13 -24 -40408
-20 12 -24 9 -43672
-22 1 -22 2 -41196
-15 3 -15 7 -46688
18 19 23 21 -47136
7 -22 7 -23 -42920
12 21 8 23 -41598
4 10 3 -2 -59832
-5 3 -5 1 -41918
-9 -13 -9 -11 -42326
-18 -20 -18 -17 -43902
-16 20 -16 19 -40794
-24 -18 -22 -24 -41676
-24 19 -21 19 -38446
-1 -24 7 -24 -48086
14 -11 13 -10 -43242
16 8 17 14 -46002
13 -14 14 -14 -41828
-20 -17 -21 -19 -43248
13 0 16 -3 -40206
-19 11 -18 13 -40294
-24 -17 -23 -7 -44132
4 9 4 12 -41458
-12 -4 -10 -3 -39300
-24 16 -23 17 -35562
12 16 13 13 -43286
-20 -15 -20 -13 -41836
21 25 24 23 -26532
10 -7 10 -8 -42850
14 -1 11 1 -42754
-23 -4 -23 -7 -39912
7 19 6 19 -37012
12 24 12 22 -38034
-13 -23 -11 -23 -39038
11 4 15 5 -43456
-18 23 -17 25 -23784
12 0 10 0 -42136
2 1 2 0 -41648
8 -4 12 -4 -38714
-1 -7 -2 -2 -41942
17 23 16 21 -43686
20 -5 22 -6 -46480
10 3 10 2 -34656
-5 -22 -4 -25 -31896
16 4 17 3 -39662
-22 -21 -19 -21 -43288
15 18 14 19 -45798
24 15 25 13 -24850
-6 21 -2 25 -45278
-12 -11 -12 -8 -43450
-16 -22 -16 -20 -41450
3 -24 5 -24 -43498
1 -1 -2 0 -44456
16 -24 21 -23 -46712
12 -1 11 -3 -40102
11 22 15 21 -40416
-23 -19 -23 -20 -41686
12 -25 10 -24 -30636
24 -11 25 -10 -21332
-16 21 -16 22 -37602
20 8 23 12 -41156
-8 18 -6 19 -49818
11 -9 13 -8 -43040
11 -6 11 -8 -45160
-14 10 -11 9 -40696
20 -2 22 -3 -41720
24 -21 19 -25 -40028
16 -16 15 -15 -43082
-25 -24 -23 -22 -24104
1 25 5 25 -30862
-9 -13 -10 -13 -37594
24 -13 23 -12 -33328
-7 21 -13 22 -47732
-17 23 -13 22 -31538
-2 4 -2 3 -39348
-1 -6 1 -6 -43756
19 7 20 5 -42262
-15 -1 -15 2 -39862
21 -3 21 -4 -42524
13 22 22 22 -49836
4 11 8 12 -43336
14 15 19 15 -46448
4 -7 0 -8 -43818
3 23 4 25 -29710
25 -4 25 4 -42948
-2 -6 0 -8 -41536
-9 -18 -7 -17 -43902
-10 9 -13 8 -41490
25 -22 24 -19 -30986
24 6 24 8 -34542
-21 11 -22 11 -37724
18 -25 19 -23 -29664
18 -1 20 0 -44738
-7 -20 -6 -22 -45570
9 22 10 23 -37142
-9 -5 -6 -6 -44576
10 11 12 10 -39318
-24 -11 -24 -6 -44500
16 -8 18 -5 -43066
21 24 -23 23 -42242
8 12 8 14 -36608
5 22 4 23 -36286
19 4 19 7 -44576
25 19 23 17 -27334
22 10 24 13 -33150
-3 -9 0 -12 -44208
0 18 -1 19 -43386
25 21 22 20 -20062
-4 -21 2 -24 -46504
-1 8 0 11 -41754
-24 8 -18 8 -36816
25 -17 24 -15 -32792
19 -15 22 -16 -47004
-21 -25 -19 -23 -34364
6 8 6 10 -39728
-14 -23 -12 -21 -44692
2 -18 7 -18 -47720
23 -2 22 0 -43144
0 23 1 24 -33446
23 23 16 23 -39232
-14 1 -10 1 -41992
25 -9 25 -25 -44906
17 8 19 7 -45408
-21 -12 -23 -12 -38270
-12 20 -9 15 -44906
19 10 20 10 -41902
-19 9 -18 8 -38086
8 -16 8 -13 -42388
-25 13 -25 11 -32998
15 -16 15 -18 -41866
-3 14 -6 15 -47304
-6 -23 -10 -21 -41486
9 -19 21 -16 -58904
-7 11 -5 11 -44380
-25 2 -25 -6 -40070
-25 -23 -25 -25 -18362
0 13 3 13 -42598
-8 25 -11 23 -37742
6 10 4 11 -38850
7 -22 8 -23 -41666
17 -11 18 -10 -40828
3 4 0 6 -41956
2 21 3 21 -38076
-7 12 -6 10 -48330
-1 -12 0 -11 -38688
-19 -24 -16 -22 -41022
11 -14 13 -13 -46474
9 18 6 21 -44442
15 -24 -21 -22 -47282
3 -2 3 -5 -41622
22 -12 21 -11 -43628
4 22 11 22 -41782
-18 -19 -16 -21 -46980
10 -17 7 -16 -46338
-23 -18 -23 -16 -39070
-13 -17 -12 -19 -40914
14 -7 14 -5 -44122
-8 2 -10 4 -40114
0 14 1 15 -41562
-15 -14 -18 -14 -37444
-22 -9 -24 -8 -33872
-11 9 -11 12 -44906
-14 8 -14 15 -45098
-22 -2 -18 -2 -41476
-20 -10 -23 -11 -44674
-13 13 23 -24 -59842
-10 -22 -12 -23 -41178
-4 -14 -2 -15 -42088
-8 19 -10 23 -45376
-24 4 -24 -1 -44670
-21 -19 6 8 -60978
-18 13 -17 11 -40732
-4 -7 -6 -9 -40254
20 13 21 15 -41394
3 -23 4 -21 -47668
2 -19 3 -21 -40208
-19 -11 -18 -10 -41676
11 12 9 11 -42624
23 -20 20 -24 -39810
-5 6 -3 4 -44088
-18 -24 -14 -23 -38760
14 20 19 20 -49242
-15 1 -12 1 -41120
-3 -20 -2 -20 -38260
23 -1 23 -3 -43344
8 17 9 21 -41838
-6 22 13 23 -48548
-14 -4 -12 -5 -46076
14 19 16 20 -46666
19 12 22 10 -39796
-19 -4 -17 -5 -41314
-1 8 -4 11 -45204
-11 -2 -12 -1 -41344
-9 23 -3 22 -45010
-21 10 -23 13 -43280
17 6 17 9 -46186
4 -24 4 -20 -48438
0 -19 4 -17 -42788
-3 -6 1 -6 -46174
-20 21 -21 23 -37628
21 -8 21 -14 -45778
15 21 17 19 -46874
-23 21 -19 22 -38476
-8 18 -9 18 -41172
4 -13 3 -12 -41806
-22 -21 -23 -22 -36520
12 8 13 7 -43946
-3 -19 -3 -20 -36888
-1 15 -2 19 -44322
6 -13 7 -14 -41920
-14 -14 -17 -17 -45004
-16 23 -21 23 -38990
-7 19 -5 18 -44688
16 9 13 10 -42994
0 13 5 12 -47196
19 12 16 13 -47512
-19 19 -14 18 -42266
4 21 6 20 -41398
-3 7 -5 7 -40888
-11 -17 -10 -13 -47130
8 13 4 15 -44514
2 16 1 13 -43652
-9 -5 -8 -8 -42850
-2 2 1 -1 -46798
7 -23 3 -21 -49310
18 -19 23 -23 -45462
-19 -5 -20 -6 -43040
-1 3 -2 3 -36878
-8 4 -8 7 -41646
-15 4 -16 6 -43894
19 -9 15 -8 -39288
2 0 4 2 -47120
21 22 2 -15 -62626
-23 -5 -23 -2 -40140
-4 -14 -5 -14 -38554
-6 -19 -5 -18 -45464
22 -4 23 -7 -45856
19 4 21 1 -39518
21 -14 20 -16 -44818
-15 -4 -11 -4 -46380
23 -7 22 -7 -33298
-22 9 -21 3 -46324
-13 22 -8 23 -46832
18 -6 17 -3 -44628
2 9 -2 9 -41674
-11 9 -9 6 -46772
-4 -9 -1 14 -62064
20 -14 20 -12 -46422
23 -18 17 -21 -50864
5 1 5 3 -43950
-10 3 -7 5 -40950
-7 10 -7 12 -45628
-6 -4 -7 -5 -41616
-6 22 0 22 -43726
-16 -9 -12 -7 -47644
-23 -12 -21 -10 -43510
-4 13 -2 12 -43322
-24 -24 2 -24 -40830
22 -6 23 -8 -40682
-17 -11 -21 -10 -43492
7 -24 8 -21 -47352
21 -2 13 -2 -43032
9 -19 8 -22 -45154
-16 -9 -21 -9 -46092
11 -2 15 -1 -42860
-6 21 -4 22 -48876
-8 -20 -7 -23 -46556
-15 4 -16 2 -41034
-17 -12 -16 -15 -45704
-18 -6 -15 -8 -46022
10 11 8 11 -41558
-23 2 -24 5 -38560
9 18 16 18 -46116
18 9 16 8 -43542
-24 -3 -22 -1 -36826
-23 8 -23 14 -42034
-16 19 -18 17 -42238
-4 -2 1 0 -46260
23 -11 23 -17 -46706
-6 1 -7 1 -41462
-22 -24 -12 -24 -45052
-13 -9 -13 -6 -42510
20 -19 22 -20 -41654
-13 1 -15 4 -46118
-21 22 -18 21 -43012
-4 15 14 -19 -65012
-12 -15 -11 -16 -38952
-14 -23 -14 -21 -40360
10 4 11 4 -39906
8 20 13 21 -41358
2 19 5 21 -42778
6 -5 3 -3 -40020
6 -21 5 -22 -48382
-14 16 -11 19 -43242
-4 -23 -7 -24 -43798
2 20 -2 23 -44842
-7 -20 -8 -22 -41838
-17 7 -17 8 -41672
-24 1 -22 6 -40964
20 20 19 19 -46112
9 4 7 5 -38524
-20 2 -23 4 -37742
-23 14 -24 14 -32838
-6 -3 -4 -1 -45308
17 21 17 19 -46948
-15 -13 -10 -13 -41756
11 -12 11 -11 -39882
-5 7 -6 6 -42966
-7 -23 -5 -23 -40840
11 -18 12 -18 -41958
19 18 23 12 -45934
-12 -23 -14 -22 -40090
19 -2 19 1 -43284
12 21 14 23 -44300
18 9 17 9 -45748
-17 21 -18 22 -40340
-22 5 -19 10 -46178
-6 23 -13 18 -58710
8 -4 4 -5 -42378
-5 17 -6 17 -47886
-11 -17 -9 -17 -36600
9 3 13 0 -45822
17 -13 17 -16 -48094
13 8 12 8 -40832
13 16 16 14 -46464
-24 -21 -24 -18 -42842
-15 -4 -12 -1 -45018
22 17 19 20 -48142
8 4 8 7 -41924
-2 23 19 23 -45940
16 5 14 5 -39310
10 5 7 4 -39964
-2 19 -1 22 -43746
20 13 20 12 -37838
0 4 2 4 -37032
-1 -4 0 -1 -42126
3 2 6 7 -50096
-6 23 3 22 -45506
-17 -21 -16 -22 -43582
1 -11 2 -10 -39930
5 -3 4 -4 -44444
11 -23 6 -23 -50080
-5 8 -8 8 -42116
12 -18 13 -17 -44826
21 -23 -5 -24 -49260
23 -12 18 -12 -45934
8 12 6 12 -40568
0 10 -3 9 -41342
-6 13 -5 14 -43686
-6 -21 -5 -21 -42856
23 1 23 6 -43894
13 -11 14 -13 -45844
-2 -22 -6 -24 -44556
2 -12 2 -15 -38814
-15 14 -19 16 -44478
8 -6 8 -4 -42554
8 21 8 23 -40300
4 8 -2 11 -48818
8 -10 7 -9 -37560
-19 13 -21 14 -42010
-9 -6 -7 -7 -44914
-16 -22 -20 -21 -43918
18 -6 23 -6 -47682
0 -22 16 -23 -58916
-5 20 -6 19 -50080
8 7 8 8 -39498
0 17 -4 17 -43698
-5 -9 -3 -9 -38800
3 -1 2 -1 -36934
18 17 23 18 -44116
-20 -22 -24 -20 -41366
22 20 20 23 -42376
19 -4 23 -2 -45148
-24 -22 -20 -21 -42402
23 -15 17 -16 -50598
7 -15 5 -15 -42310
1 1 4 -1 -39558
-1 22 -1 23 -36364
23 5 21 3 -35882
-11 -19 -10 -16 -44620
-10 22 -10 19 -43748
-6 -9 -9 -9 -38214
-7 1 -6 2 -44998
-24 16 -21 16 -42446
-23 4 -24 10 -38922
-24 -12 -21 -16 -37696
6 -7 5 -11 -41746
-20 16 -21 19 -47240
-3 -22 2 -24 -44428
-15 -12 -13 -14 -44012
5 -11 2 -12 -42416
19 -9 22 -10 -46346
16 -12 14 -13 -43308
6 7 8 6 -40034
-13 14 -10 16 -41802
-16 3 -18 3 -39228
