-10 1 -10 2 -40426
18 4 21 5 -42230
-9 -24 -8 -22 -38362
7 22 -6 -2 -62032
-13 13 -12 13 -44298
-11 -8 -12 -7 -43456
23 3 24 1 -35814
-24 -15 -18 -18 -46392
-22 10 -16 10 -47954
-3 8 -4 7 -41456
16 7 16 10 -44196
15 -1 17 1 -40394
-16 -3 -17 -5 -41758
-22 3 -16 -9 -60744
-1 18 3 19 -43372
-10 -10 -11 -11 -42832
8 0 9 0 -37632
-25 -15 -23 -14 -30538
-20 16 -25 21 -48600
10 14 12 15 -46282
-9 25 -6 24 -29244
-10 2 -8 2 -45276
25 25 24 22 -15870
-18 1 -16 0 -44276
-25 -11 -25 -8 -38340
-15 6 -18 6 -41386
-20 16 -18 17 -40590
12 -19 16 -21 -45552
17 17 17 19 -40854
13 -21 13 -18 -45334
1 -12 2 -12 -39022
25 -24 21 -22 -15836
-14 -6 -16 -5 -42796
-6 -10 -6 -9 -35096
2 -23 -3 -23 -38206
20 18 20 14 -40344
23 18 23 23 -34788
-15 -24 -14 -25 -29154
8 15 9 16 -45910
3 -16 4 -19 -43094
-20 -5 -20 -4 -42656
4 18 3 15 -45822
1 -17 2 -12 -50006
7 -16 7 -17 -40714
16 21 19 23 -43906
-22 -10 -21 -7 -44048
-2 -17 -3 -12 -50226
23 -23 14 -24 -45028
-18 -9 -17 -12 -43794
12 -3 12 -5 -41864
-23 24 -25 24 -15228
13 -15 12 -13 -44832
2 -25 2 -23 -30300
22 -19 22 -20 -43992
-18 17 -18 12 -44362
11 -24 17 -23 -40238
1 -23 0 -24 -36372
-24 -8 -20 -9 -44370
-24 19 -24 15 -44030
-22 -14 -24 -18 -45998
-10 -7 -8 -4 -45936
-11 -24 -10 -25 -30054
-20 19 -20 22 -43810
-25 10 -25 24 -47774
-1 -14 0 -15 -47986
19 -22 17 -19 -49262
4 -9 7 -8 -43510
16 -19 14 -19 -40766
4 -6 6 -10 -48804
-2 -2 -5 -1 -37356
25 2 23 2 -15092
4 -25 10 -25 -42640
-17 -12 -17 -14 -43226
-24 24 -14 25 -37522
-5 -13 -4 -14 -46730
-4 12 -4 13 -37386
-25 14 -24 13 -31174
-4 23 -2 20 -43798
11 -20 12 -18 -45484
-24 -4 -25 -4 -16982
17 -25 15 -23 -29054
10 -19 8 -18 -44122
-23 16 -21 20 -46390
-8 25 -8 23 -25378
15 -22 14 -23 -36904
-10 1 -10 -3 -41134
15 -9 12 -9 -38828
23 12 23 2 -46398
8 -14 9 -14 -40162
14 20 11 25 -43634
7 -4 9 -6 -47586
16 -8 18 -9 -36290
20 -8 20 -10 -38712
-8 22 -15 22 -39296
-24 -1 -22 2 -44482
11 -22 9 -22 -41866
-21 -2 -22 0 -41006
12 14 13 15 -42348
-12 16 -16 17 -43230
-12 6 -11 7 -45332
-3 -19 -2 -16 -42706
-11 12 -18 12 -47728
-11 7 -11 9 -40878
-7 10 -12 11 -46606
16 8 23 9 -43352
-7 17 -7 14 -39406
25 -3 25 -6 -33708
23 -17 23 -20 -45454
0 7 1 4 -41912
8 -10 12 -10 -41388
23 -19 24 -17 -36426
-13 -10 -14 -13 -46446
-18 -24 -25 -23 -39654
6 -24 5 -24 -41248
-24 25 -25 20 -25226
17 -20 19 -20 -40566
-11 -23 -13 -24 -40744
-7 12 -7 11 -38416
-22 1 -22 2 -41656
4 -5 6 -5 -41900
18 19 23 21 -46728
7 -22 7 -23 -42836
12 21 8 23 -45450
6 -5 10 -5 -42902
-5 3 -5 1 -39744
-9 -13 -9 -11 -38128
-18 -20 -18 -17 -43922
-16 20 -16 19 -40714
-24 -18 -22 -24 -42468
-24 19 -21 19 -37966
14 23 23 23 -43612
14 -11 13 -10 -43208
-5 5 -4 4 -42468
13 -14 14 -14 -39878
-20 -17 -21 -19 -47372
13 0 16 -3 -40088
-19 11 -18 13 -41740
-24 -17 -23 -7 -44650
4 9 4 12 -38704
-12 -4 -10 -3 -45002
-24 16 -23 17 -37360
12 16 13 13 -44412
-20 -15 -20 -13 -41080
21 25 24 23 -25948
10 -7 10 -8 -45296
14 -1 11 1 -40240
-23 -4 -23 -7 -40614
7 19 6 19 -34466
12 24 12 22 -40092
-13 -23 -11 -23 -40544
11 4 15 5 -41670
-18 23 -17 25 -24406
12 0 10 0 -39108
2 1 2 0 -36546
8 -4 12 -4 -43132
-1 -7 -2 -2 -43462
17 23 16 21 -43816
20 -5 22 -6 -45002
10 3 10 2 -37588
-5 -22 -4 -25 -30680
16 4 17 3 -41362
-22 -21 -19 -21 -43964
15 18 14 19 -42988
24 15 25 13 -28082
-6 21 -2 25 -43736
-12 -11 -12 -8 -43950
-16 -22 -16 -20 -43354
3 -24 5 -24 -36938
1 -1 -2 0 -41582
16 -24 21 -23 -43132
12 -1 11 -3 -41346
11 22 15 21 -37836
-23 -19 -23 -20 -42302
12 -25 10 -24 -31874
24 -11 25 -10 -23606
-16 21 -16 22 -38614
20 8 23 12 -40562
-8 18 -6 19 -43244
11 -9 13 -8 -43090
11 -6 11 -8 -47088
-14 10 -11 9 -46552
20 -2 22 -3 -40078
24 -21 19 -25 -38724
16 -16 15 -15 -41604
-25 -24 -23 -22 -24040
1 25 5 25 -27104
-9 -13 -10 -13 -41854
24 -13 23 -12 -31610
-18 2 -23 2 -44748
-17 23 -13 22 -32168
-2 4 -2 3 -39162
-1 -6 1 -6 -44248
19 7 20 5 -42812
-15 -1 -15 2 -41620
21 -3 21 -4 -38918
-20 12 5 -5 -60966
4 11 8 12 -40466
14 15 19 15 -37174
4 -7 0 -8 -44538
3 23 4 25 -30468
25 -4 25 4 -41998
-2 -6 0 -8 -41946
-9 -18 -7 -17 -45574
-10 9 -13 8 -47828
25 -22 24 -19 -30928
24 6 24 8 -33090
-21 11 -22 11 -39226
18 -25 19 -23 -29488
18 -1 20 0 -40906
-7 -20 -6 -22 -46828
9 22 10 23 -44924
-9 -5 -6 -6 -47020
10 11 12 10 -40496
-24 -11 -24 -6 -42822
16 -8 18 -5 -42394
21 24 -23 23 -40634
8 12 8 14 -37656
5 22 4 23 -37558
19 4 19 7 -44594
25 19 23 17 -26878
22 10 24 13 -35988
13 3 13 2 -38794
0 18 -1 19 -42214
25 21 22 20 -20496
-1 3 3 6 -46458
-1 8 0 11 -40090
-24 8 -18 8 -45350
25 -17 24 -15 -30998
19 -15 22 -16 -41070
-21 -25 -19 -23 -33788
6 8 6 10 -38208
-14 -23 -12 -21 -45574
2 -18 7 -18 -45758
23 -2 22 0 -42622
0 23 1 24 -33212
23 23 16 23 -41546
-14 1 -10 1 -47062
25 -9 25 -25 -45252
17 8 19 7 -43218
-21 -12 -23 -12 -43564
-12 20 -9 15 -47508
19 10 20 10 -37386
-19 9 -18 8 -40916
8 -16 8 -13 -44648
-25 13 -25 11 -32412
15 -16 15 -18 -40454
-3 14 -6 15 -46132
-6 -23 -10 -21 -43534
10 -1 10 -2 -37580
-7 11 -5 11 -43358
-25 2 -25 -6 -42850
-25 -23 -25 -25 -19196
0 13 3 13 -40058
-8 25 -11 23 -32628
6 10 4 11 -34280
7 -22 8 -23 -41776
17 -11 18 -10 -44020
3 4 0 6 -40184
2 21 3 21 -35362
11 -20 -15 -6 -62000
-1 -12 0 -11 -41068
-19 -24 -16 -22 -38492
11 -14 13 -13 -45530
16 -24 9 -22 -45398
15 -24 -21 -22 -45538
3 -2 3 -5 -43658
22 -12 21 -11 -41770
4 22 11 22 -41546
-18 -19 -16 -21 -44212
10 -17 7 -16 -45834
-23 -18 -23 -16 -39808
-13 -17 -12 -19 -40696
14 -7 14 -5 -42498
-8 2 -10 4 -45224
0 14 1 15 -37974
-15 -14 -18 -14 -35978
-22 -9 -24 -8 -38164
-11 9 -11 12 -39982
23 17 23 8 -46110
-22 -2 -18 -2 -43460
-20 -10 -23 -11 -49548
-14 -17 -13 -16 -43830
-10 -22 -12 -23 -43700
-4 -14 -2 -15 -48110
-8 19 -10 23 -48054
-24 4 -24 -1 -45694
-13 13 -14 11 -42266
-18 13 -17 11 -41600
-4 -7 -6 -9 -45148
20 13 21 15 -42566
3 -23 4 -21 -45458
2 -19 3 -21 -39582
-19 -11 -18 -10 -43064
11 12 9 11 -43446
23 -20 20 -24 -38464
23 20 19 22 -41076
-18 -24 -14 -23 -34054
14 20 19 20 -43624
-15 1 -12 1 -43522
-3 -20 -2 -20 -38438
23 -1 23 -3 -42070
8 17 9 21 -42072
18 -1 13 -1 -37572
-14 -4 -12 -5 -46510
14 19 16 20 -43000
19 12 22 10 -40012
-19 -4 -17 -5 -44390
-1 8 -4 11 -40920
-11 -2 -12 -1 -43726
-9 23 -3 22 -41506
7 23 10 21 -44540
17 6 17 9 -46444
4 -24 4 -20 -47034
0 -19 4 -17 -42114
-3 -6 1 -6 -46798
-20 21 -21 23 -38420
21 -8 21 -14 -47822
15 21 17 19 -44636
-23 21 -19 22 -38418
-8 18 -9 18 -40404
4 -13 3 -12 -45374
-22 -21 -23 -22 -37926
12 8 13 7 -42452
-3 -19 -3 -20 -38932
-1 15 -2 19 -43844
6 -13 7 -14 -43528
-14 -14 -17 -17 -45342
-16 23 -21 23 -41120
-7 19 -5 18 -44838
16 9 13 10 -39366
0 13 5 12 -41898
20 -21 22 18 -54586
-19 19 -14 18 -42764
4 21 6 20 -39732
-3 7 -5 7 -41572
-11 -17 -10 -13 -43774
-10 19 -13 18 -44866
-12 1 -5 3 -57502
-9 -5 -8 -8 -44870
-9 15 -11 16 -43482
7 -23 3 -21 -46148
18 -19 23 -23 -43992
-19 -5 -20 -6 -43140
-1 3 -2 3 -35138
-8 4 -8 7 -40628
-15 4 -16 6 -39854
-5 -14 -5 -20 -47530
2 0 4 2 -42140
15 11 15 12 -38696
-23 -5 -23 -2 -41944
-4 -14 -5 -14 -40706
-6 -19 -5 -18 -44700
22 -4 23 -7 -43736
19 4 21 1 -39310
21 -14 20 -16 -45222
-15 -4 -11 -4 -47716
23 -7 22 -7 -32750
7 15 7 18 -47148
-13 22 -8 23 -41278
22 2 19 1 -37644
2 9 -2 9 -38892
-11 9 -9 6 -43748
-16 -3 -18 -3 -42696
20 -14 20 -12 -48018
23 -18 17 -21 -46484
5 1 5 3 -39792
-10 3 -7 5 -47934
8 10 -19 12 -53620
-6 -4 -7 -5 -47106
-6 22 0 22 -42234
-24 16 -24 13 -39506
-23 -12 -21 -10 -47614
-4 13 -2 12 -42566
-24 -24 2 -24 -39920
22 -6 23 -8 -39856
-17 -11 -21 -10 -45582
22 -9 19 -11 -44140
16 -15 19 -13 -46602
9 -19 8 -22 -45272
-16 -9 -21 -9 -47022
17 -19 18 -21 -47654
-6 21 -4 22 -44334
-8 -20 -7 -23 -47402
-15 4 -16 2 -39564
-9 -13 -5 -14 -45812
-24 6 -19 4 -45468
10 11 8 11 -41852
-23 2 -24 5 -38556
-20 -13 -7 19 -60138
18 9 16 8 -39896
-24 -3 -22 -1 -38354
-23 8 -23 14 -38730
-16 19 -18 17 -44302
-4 -2 1 0 -47258
23 -11 23 -17 -47020
-6 1 -7 1 -46198
-7 20 -7 22 -45456
-13 -9 -13 -6 -42916
20 -19 22 -20 -39556
-13 1 -15 4 -46640
-21 22 -18 21 -43120
5 18 7 14 -46348
-12 -15 -11 -16 -40126
-14 -23 -14 -21 -41596
10 4 11 4 -39102
8 20 13 21 -42632
2 19 5 21 -42816
6 -5 3 -3 -44522
6 -21 5 -22 -45520
-14 16 -11 19 -48400
-4 -23 -7 -24 -44686
2 20 -2 23 -44826
-7 -20 -8 -22 -41738
-17 7 -17 8 -36568
-24 1 -22 6 -41298
20 20 19 19 -45148
9 4 7 5 -39242
-20 2 -23 4 -45802
-23 14 -24 14 -32236
-6 -3 -4 -1 -48018
17 21 17 19 -45544
-20 -16 -23 -18 -49632
11 -12 11 -11 -41138
-5 7 -6 6 -43386
-7 -23 -5 -23 -42316
11 -18 12 -18 -41848
-3 -6 5 -23 -59710
-12 -23 -14 -22 -40688
19 -2 19 1 -41562
12 21 14 23 -44936
-18 3 -24 0 -47036
-17 21 -18 22 -40676
-22 5 -19 10 -41510
-11 -18 -10 -18 -44454
0 -14 -3 -13 -46266
-5 17 -6 17 -44850
-11 -17 -9 -17 -45582
10 16 12 15 -42120
17 -13 17 -16 -48054
13 8 12 8 -39172
13 16 16 14 -44172
-24 -21 -24 -18 -43138
-15 -4 -12 -1 -45796
10 -21 10 -24 -41608
8 4 8 7 -39524
-2 23 19 23 -41204
16 5 14 5 -39026
10 5 7 4 -42426
-2 19 -1 22 -44044
20 13 20 12 -39972
0 4 2 4 -36916
-1 -4 0 -1 -42600
-2 -19 2 -19 -41480
-6 23 3 22 -44102
-17 -21 -16 -22 -42032
1 -11 2 -10 -41272
5 -3 4 -4 -42348
11 -23 6 -23 -46042
-5 8 -8 8 -43622
12 -18 13 -17 -44820
21 -23 -5 -24 -42126
23 -12 18 -12 -43670
8 12 6 12 -37670
0 10 -3 9 -41496
-6 13 -5 14 -42428
-6 -21 -5 -21 -43884
23 1 23 6 -43564
13 -11 14 -13 -46200
-2 -22 -6 -24 -44570
2 -12 2 -15 -47134
-15 14 -19 16 -44712
8 -6 8 -4 -44616
8 21 8 23 -43044
11 23 8 21 -47696
8 -10 7 -9 -41628
-19 13 -21 14 -41854
-9 -6 -7 -7 -46662
-16 -22 -20 -21 -40698
18 -6 23 -6 -46670
17 5 18 5 -41650
22 22 -17 -2 -60010
8 7 8 8 -39138
0 17 -4 17 -42330
-5 -9 -3 -9 -41222
3 -1 2 -1 -37164
18 17 23 18 -41818
-20 -22 -24 -20 -43124
22 20 20 23 -40828
19 -4 23 -2 -40782
-24 -22 -20 -21 -44298
21 13 19 15 -40460
7 -15 5 -15 -41696
1 1 4 -1 -40210
-1 22 -1 23 -37666
23 5 21 3 -36220
-15 -10 -12 -10 -38928
-10 22 -10 19 -45804
-6 -9 -9 -9 -43590
-7 1 -6 2 -48646
-24 16 -21 16 -41612
-23 4 -24 10 -32410
-24 -12 -21 -16 -39128
6 -7 5 -11 -43390
-20 16 -21 19 -47430
-3 -22 2 -24 -37770
-15 -12 -13 -14 -41312
5 -11 2 -12 -43416
19 -9 22 -10 -45392
16 -12 14 -13 -43696
6 7 8 6 -39880
-13 14 -10 16 -47886
-16 3 -18 3 -42530
