-10 1 -10 2 -40753
18 4 21 5 -43271
-9 -24 -8 -22 -37067
-1 -19 0 -23 -44883
-13 13 -12 13 -38997
-11 -8 -12 -7 -44407
23 3 24 1 -35421
-24 -15 -18 -18 -45097
13 3 12 22 -57837
-3 8 -4 7 -42081
16 7 16 10 -44177
15 -1 17 1 -39431
-16 -3 -17 -5 -43009
-8 9 -11 8 -43231
-1 18 3 19 -42957
-10 -10 -11 -11 -42011
8 0 9 0 -42935
-25 -15 -23 -14 -27605
-20 16 -25 21 -44517
10 14 12 15 -47155
-9 25 -6 24 -33055
-10 2 -8 2 -40469
25 25 24 22 -14983
-18 1 -16 0 -43309
-25 -11 -25 -8 -37735
-15 6 -18 6 -43021
-20 16 -18 17 -39815
12 -19 16 -21 -41387
17 17 17 19 -41359
13 -21 13 -18 -42475
1 -12 2 -12 -40375
25 -24 21 -22 -14917
-14 -6 -16 -5 -43175
-6 -10 -6 -9 -37241
2 -23 -3 -23 -34245
20 18 20 14 -39829
23 18 23 23 -34985
-15 -24 -14 -25 -29553
8 15 9 16 -46155
3 -16 4 -19 -39765
-20 -5 -20 -4 -43371
4 18 3 15 -46295
-15 -13 -18 -14 -45107
7 -16 7 -17 -37071
16 21 19 23 -45233
-22 -10 -21 -7 -44255
-2 -17 -3 -12 -46175
23 -23 14 -24 -42933
-18 -9 -17 -12 -42323
12 -3 12 -5 -39423
-23 24 -25 24 -15477
13 -15 12 -13 -38391
2 -25 2 -23 -27539
22 -19 22 -20 -39843
-18 17 -18 12 -43127
11 -24 17 -23 -36563
1 -23 0 -24 -34863
-24 -8 -20 -9 -42457
-24 19 -24 15 -40733
-22 -14 -24 -18 -40931
-10 -7 -8 -4 -45453
-11 -24 -10 -25 -29509
-20 19 -20 22 -42195
-25 10 -25 24 -45971
-1 -14 0 -15 -44741
-23 -23 -24 -22 -30103
4 -9 7 -8 -43087
16 -19 14 -19 -40611
-12 -17 -21 -13 -50583
-2 -2 -5 -1 -39671
25 2 23 2 -15467
4 -25 10 -25 -41667
-17 -12 -17 -14 -42805
-24 24 -14 25 -37039
-5 -13 -4 -14 -45781
-4 12 -4 13 -37997
-25 14 -24 13 -29415
-4 23 -2 20 -41967
11 -20 12 -18 -43241
-24 -4 -25 -4 -16819
17 -25 15 -23 -24909
10 -19 8 -18 -42439
-23 16 -21 20 -43833
-8 25 -8 23 -25353
15 -22 14 -23 -35687
-10 1 -10 -3 -43049
15 -9 12 -9 -43999
23 12 23 2 -46001
8 -14 9 -14 -40805
14 20 11 25 -45061
7 -4 9 -6 -46357
16 -8 18 -9 -39763
20 -8 20 -10 -35059
-8 22 -15 22 -45871
-24 -1 -22 2 -45639
11 -22 9 -22 -39181
-21 -2 -22 0 -38363
12 14 13 15 -41831
-12 16 -16 17 -44765
-12 6 -11 7 -43113
-3 -19 -2 -16 -39087
-3 -6 -5 4 -52439
-11 7 -11 9 -41585
8 -6 14 -7 -52109
16 8 23 9 -45057
-7 17 -7 14 -37427
25 -3 25 -6 -35411
23 -17 23 -20 -42509
0 7 1 4 -43061
8 -10 12 -10 -46419
23 -19 24 -17 -33689
-13 -10 -14 -13 -46965
-18 -24 -25 -23 -35423
6 -24 5 -24 -39001
-24 25 -25 20 -24523
17 -20 19 -20 -38557
-11 -23 -13 -24 -40635
-7 12 -7 11 -38987
-22 1 -22 2 -40597
4 -5 6 -5 -42395
18 19 23 21 -49481
7 -22 7 -23 -37741
-21 -3 -22 -4 -46027
6 -5 10 -5 -49067
-5 3 -5 1 -42057
-9 -13 -9 -11 -38329
-18 -20 -18 -17 -41969
-16 20 -16 19 -40119
-24 -18 -22 -24 -42473
-24 19 -21 19 -38083
14 23 23 23 -46815
14 -11 13 -10 -37395
-5 5 -4 4 -44131
13 -14 14 -14 -40885
-20 -17 -21 -19 -42443
-14 21 -12 18 -44085
-19 11 -18 13 -40705
-24 -17 -23 -7 -42863
4 9 4 12 -40893
-12 -4 -10 -3 -43649
-24 16 -23 17 -36347
12 16 13 13 -46351
-20 -15 -20 -13 -40075
21 25 24 23 -26353
10 -7 10 -8 -36063
14 -1 11 1 -40669
-23 -4 -23 -7 -40159
7 19 6 19 -34889
12 24 12 22 -39085
-13 -23 -11 -23 -41265
3 -3 0 -4 -43953
-18 23 -17 25 -23913
12 0 10 0 -46333
2 1 2 0 -37097
8 -4 12 -4 -56581
-1 -7 -2 -2 -43005
17 23 16 21 -44163
20 -5 22 -6 -45523
10 3 10 2 -36925
-5 -22 -4 -25 -31337
16 4 17 3 -40623
-22 -21 -19 -21 -39009
15 18 14 19 -44133
24 15 25 13 -27781
-6 21 -2 25 -43531
-12 -11 -12 -8 -44043
-16 -22 -16 -20 -40427
3 -24 5 -24 -33145
1 -1 -2 0 -41721
16 -24 21 -23 -41537
12 -1 11 -3 -41655
11 22 15 21 -40913
-23 -19 -23 -20 -40937
12 -25 10 -24 -26857
24 -11 25 -10 -22067
-16 21 -16 22 -37701
20 8 23 12 -40429
-8 18 -6 19 -44971
11 -9 13 -8 -48841
-5 -10 -23 0 -58343
-14 10 -11 9 -41569
20 -2 22 -3 -40933
24 -21 19 -25 -35011
16 -16 15 -15 -42125
-25 -24 -23 -22 -23391
1 25 5 25 -28951
-9 -13 -10 -13 -42053
24 -13 23 -12 -30383
-18 2 -23 2 -45321
-17 23 -13 22 -33833
-2 4 -2 3 -39789
-1 -6 1 -6 -43617
19 7 20 5 -44097
-15 -1 -15 2 -40959
21 -3 21 -4 -40413
16 -7 13 -9 -48331
4 11 8 12 -42211
14 15 19 15 -38449
-14 -15 -13 -14 -45873
3 23 4 25 -30139
25 -4 25 4 -41133
-2 -6 0 -8 -40579
-9 -18 -7 -17 -46129
-10 22 -8 21 -44239
25 -22 24 -19 -29235
24 6 24 8 -34295
-21 11 -22 11 -38813
18 -25 19 -23 -28797
18 -1 20 0 -41479
-7 -20 -6 -22 -42675
9 22 10 23 -39427
-9 -5 -6 -6 -47917
10 11 12 10 -42195
-24 -11 -24 -6 -42801
16 -8 18 -5 -46547
21 24 -23 23 -42729
8 12 8 14 -37581
5 22 4 23 -36861
19 4 19 7 -45149
25 19 23 17 -27181
22 10 24 13 -35795
13 3 13 2 -38209
0 18 -1 19 -43103
25 21 22 20 -21585
-2 -10 -2 -14 -44945
-1 8 0 11 -39707
-24 8 -18 8 -44483
25 -17 24 -15 -29759
19 -15 22 -16 -40493
-21 -25 -19 -23 -32785
6 8 6 10 -39499
14 -20 -19 -23 -50935
21 -17 14 -16 -46959
23 -2 22 0 -41865
0 23 1 24 -34095
23 23 16 23 -43639
-14 1 -10 1 -46173
25 -9 25 -25 -42763
17 8 19 7 -43943
-21 -12 -23 -12 -40385
4 22 23 23 -44275
19 10 20 10 -40417
-19 9 -18 8 -40795
8 -16 8 -13 -40127
-25 13 -25 11 -32371
15 -16 15 -18 -39055
-3 14 -6 15 -46899
-6 -23 -10 -21 -40821
10 -1 10 -2 -34417
-7 11 -5 11 -43195
-25 2 -25 -6 -41655
-25 -23 -25 -25 -19599
0 13 3 13 -38597
-8 25 -11 23 -35185
6 10 4 11 -35641
7 -22 8 -23 -39213
17 -11 18 -10 -44429
3 4 0 6 -41841
2 21 3 21 -36753
-15 15 -17 15 -40131
-1 -12 0 -11 -42231
-19 -24 -16 -22 -38281
11 -14 13 -13 -45657
-10 20 -12 20 -41043
15 -24 -21 -22 -47619
3 -2 3 -5 -42695
22 -12 21 -11 -38903
4 22 11 22 -41459
-10 5 -2 -6 -63119
10 -17 7 -16 -44453
-23 -18 -23 -16 -38193
-13 -17 -12 -19 -40799
14 -7 14 -5 -39675
-8 2 -10 4 -45327
0 14 1 15 -37445
-15 -14 -18 -14 -43555
-22 -9 -24 -8 -37115
-11 9 -11 12 -41681
23 17 23 8 -45087
-22 -2 -18 -2 -43115
-20 -10 -23 -11 -47131
-14 -17 -13 -16 -45195
-10 -22 -12 -23 -42669
18 -9 17 -9 -41437
0 7 1 7 -35217
-24 4 -24 -1 -44901
-13 13 -14 11 -42731
-18 13 -17 11 -42179
-4 -7 -6 -9 -46251
20 13 21 15 -41525
3 -23 4 -21 -41237
2 -19 3 -21 -39867
-19 -11 -18 -10 -42901
11 12 9 11 -45409
23 -20 20 -24 -33613
23 20 19 22 -42431
-18 -24 -14 -23 -35731
14 20 19 20 -44917
-15 1 -12 1 -44327
-3 -20 -2 -20 -35289
23 -1 23 -3 -40635
8 17 9 21 -48389
18 -1 13 -1 -36251
-14 -4 -12 -5 -48145
14 19 16 20 -42747
19 12 22 10 -42359
-19 -4 -17 -5 -41923
-1 8 -4 11 -45873
-11 -2 -12 -1 -44513
-9 23 -3 22 -43809
7 23 10 21 -41315
17 6 17 9 -46861
-3 22 -15 4 -64047
0 -19 4 -17 -38547
-3 -6 1 -6 -45407
-20 21 -21 23 -36459
1 -15 2 -15 -38873
15 21 17 19 -45993
-23 21 -19 22 -38337
-8 18 -9 18 -44163
4 -13 3 -12 -41771
-22 -21 -23 -22 -35675
12 8 13 7 -43015
-3 -19 -3 -20 -40311
-1 15 -2 19 -44173
6 -13 7 -14 -39683
3 20 -12 -9 -65325
-16 23 -21 23 -39871
-7 19 -5 18 -43549
16 9 13 10 -38385
0 13 5 12 -41041
23 -5 22 -7 -34929
-19 19 -14 18 -46135
4 21 6 20 -40365
-3 7 -5 7 -43525
-11 -17 -10 -13 -44035
12 8 7 7 -49233
-1 10 -5 12 -50325
-9 -5 -8 -8 -46655
-9 15 -11 16 -42701
7 -23 3 -21 -41897
18 -19 23 -23 -39899
-19 -5 -20 -6 -44243
-1 3 -2 3 -36785
-8 4 -8 7 -40763
-15 4 -16 6 -38423
-1 -18 -4 -15 -46529
2 0 4 2 -41773
15 11 15 12 -38895
-23 -5 -23 -2 -42153
-4 -14 -5 -14 -39469
-6 -19 -5 -18 -45249
22 -4 23 -7 -46003
19 4 21 1 -38133
21 -14 20 -16 -41349
-15 -4 -11 -4 -48801
23 -7 22 -7 -33735
7 15 7 18 -47549
-13 22 -8 23 -45515
22 2 19 1 -38413
-18 7 -11 7 -45173
-11 9 -9 6 -42683
-16 -3 -18 -3 -41829
20 -14 20 -12 -41843
-20 8 -22 9 -44369
5 1 5 3 -40065
-10 3 -7 5 -43789
-3 -20 -4 -23 -46235
-6 -4 -7 -5 -44409
-6 22 0 22 -42731
-24 16 -24 13 -37997
-23 -12 -21 -10 -44973
-4 13 -2 12 -46833
-24 -24 2 -24 -40135
22 -6 23 -8 -40469
-17 -11 -21 -10 -40847
22 -9 19 -11 -44665
6 3 4 2 -38173
9 -19 8 -22 -42769
12 21 10 22 -43263
17 -19 18 -21 -39487
-6 21 -4 22 -44719
8 -3 13 -3 -58523
-15 4 -16 2 -38817
-9 -13 -5 -14 -45953
-24 6 -19 4 -47231
10 11 8 11 -45199
-23 2 -24 5 -38157
-9 14 -10 14 -41097
18 9 16 8 -39899
-24 -3 -22 -1 -42293
-23 8 -23 14 -38861
-16 19 -18 17 -42317
-4 -2 1 0 -45009
23 -11 23 -17 -43033
-6 1 -7 1 -42389
-7 20 -7 22 -41659
-13 -9 -13 -6 -42169
20 -19 22 -20 -36847
-13 1 -15 4 -45559
-21 22 -18 21 -42405
5 18 7 14 -47171
-12 -15 -11 -16 -38593
-14 -23 -14 -21 -39471
10 4 11 4 -42805
8 20 13 21 -41701
2 19 5 21 -43083
6 -5 3 -3 -42235
6 -21 5 -22 -41373
-14 16 -11 19 -43601
-4 -23 -7 -24 -44129
2 20 -2 23 -45409
-7 -20 -8 -22 -43619
-17 7 -17 8 -36235
-24 1 -22 6 -40657
20 20 19 19 -46619
9 4 7 5 -42413
-20 2 -23 4 -45627
-23 14 -24 14 -30257
4 0 -3 21 -61731
17 21 17 19 -46343
23 14 18 15 -42543
11 -12 11 -11 -34725
-5 7 -6 6 -42931
-7 -23 -5 -23 -41707
11 -18 12 -18 -40557
15 -4 -7 -8 -60075
-12 -23 -14 -22 -42067
19 -2 19 1 -39365
12 21 14 23 -43359
-18 3 -24 0 -49221
-17 21 -18 22 -40227
-22 5 -19 10 -39517
-11 -18 -10 -18 -44191
0 -14 -3 -13 -42471
-5 17 -6 17 -45529
-11 -17 -9 -17 -45891
10 16 12 15 -43879
17 -13 17 -16 -43941
13 8 12 8 -38223
13 16 16 14 -45227
-24 -21 -24 -18 -42895
-15 -4 -12 -1 -46575
10 -21 10 -24 -37491
8 4 8 7 -39239
-2 23 19 23 -44293
16 5 14 5 -35835
10 5 7 4 -46047
-2 19 -1 22 -42959
20 13 20 12 -39229
0 4 2 4 -37733
-1 -4 0 -1 -42087
-13 -21 -15 -22 -40679
-6 23 3 22 -44567
-17 -21 -16 -22 -37947
1 -11 2 -10 -43247
5 -3 4 -4 -44363
11 -23 6 -23 -43769
-5 8 -8 8 -43841
12 -18 13 -17 -42791
21 -23 -5 -24 -41147
23 -12 18 -12 -44915
8 12 6 12 -39167
0 10 -3 9 -39579
-6 13 -5 14 -43271
-6 -21 -5 -21 -43625
23 1 23 6 -43437
8 18 10 22 -50317
-2 -22 -6 -24 -45339
2 -12 2 -15 -42097
-15 14 -19 16 -47605
8 -6 8 -4 -41847
8 21 8 23 -43691
0 -12 0 -7 -43923
8 -10 7 -9 -40213
-19 13 -21 14 -42095
-9 -6 -7 -7 -47471
-16 -22 -20 -21 -37293
18 -6 23 -6 -48917
17 5 18 5 -40867
-10 -22 -11 -17 -45511
8 7 8 8 -39647
0 17 -4 17 -42885
-5 -9 -3 -9 -40441
3 -1 2 -1 -37727
18 17 23 18 -46647
5 -13 23 -5 -59785
22 20 20 23 -41179
19 -4 23 -2 -42839
-24 -22 -20 -21 -39723
21 13 19 15 -44913
7 -15 5 -15 -38367
1 1 4 -1 -38827
-1 22 -1 23 -36575
23 5 21 3 -37201
-15 -10 -12 -10 -41499
-10 22 -10 19 -43345
-6 -9 -9 -9 -42653
-7 1 -6 2 -43787
-24 16 -21 16 -40217
-23 4 -24 10 -33277
-24 -12 -21 -16 -38539
6 -7 5 -11 -42215
8 23 -19 22 -45683
-3 -22 2 -24 -34045
-15 -12 -13 -14 -42781
5 -11 2 -12 -41797
19 -9 22 -10 -46009
16 -12 14 -13 -44547
6 7 8 6 -41727
-13 14 -10 16 -45845
-16 3 -18 3 -43599
