-10 1 -10 2 -39109
18 4 21 5 -43211
-9 -24 -8 -22 -37013
-1 -19 0 -23 -45609
-13 13 -12 13 -39545
-11 -8 -12 -7 -42935
23 3 24 1 -34983
-24 -15 -18 -18 -43529
-10 19 -12 -15 -57035
-3 8 -4 7 -42131
16 7 16 10 -43969
15 -1 17 1 -38909
-16 -3 -17 -5 -43849
-8 9 -11 8 -43929
-1 18 3 19 -45619
-10 -10 -11 -11 -42855
8 0 9 0 -38169
-25 -15 -23 -14 -27153
-20 16 -25 21 -43821
10 14 12 15 -48127
-9 25 -6 24 -32811
-10 2 -8 2 -39893
25 25 24 22 -15001
-18 1 -16 0 -44053
-25 -11 -25 -8 -38701
-15 6 -18 6 -43587
-20 16 -18 17 -40975
12 -19 16 -21 -41229
17 17 17 19 -42669
13 -21 13 -18 -42275
1 -12 2 -12 -40895
25 -24 21 -22 -14455
-14 -6 -16 -5 -41495
-6 -10 -6 -9 -38867
2 -23 -3 -23 -35961
20 18 20 14 -40863
23 18 23 23 -34343
-15 -24 -14 -25 -29913
8 15 9 16 -46653
3 -16 4 -19 -41209
-20 -5 -20 -4 -45623
4 18 3 15 -46125
-15 -13 -18 -14 -42631
7 -16 7 -17 -38049
16 21 19 23 -45321
-22 -10 -21 -7 -44161
-2 -17 -3 -12 -45857
23 -23 14 -24 -42791
-18 -9 -17 -12 -43101
12 -3 12 -5 -40023
-23 24 -25 24 -15245
13 -15 12 -13 -38785
2 -25 2 -23 -27285
22 -19 22 -20 -39933
-18 17 -18 12 -43645
11 -24 17 -23 -36471
1 -23 0 -24 -35231
-24 -8 -20 -9 -43345
-24 19 -24 15 -40753
-22 -14 -24 -18 -40567
-10 -7 -8 -4 -45493
-11 -24 -10 -25 -30009
-20 19 -20 22 -42399
-25 10 -25 24 -45649
-1 -14 0 -15 -44791
-23 -23 -24 -22 -29771
4 -9 7 -8 -45479
16 -19 14 -19 -40849
8 -8 11 -5 -49409
-2 -2 -5 -1 -37657
25 2 23 2 -15365
4 -25 10 -25 -41467
-17 -12 -17 -14 -43341
-24 24 -14 25 -37849
-5 -13 -4 -14 -45693
-4 12 -4 13 -36861
-25 14 -24 13 -29421
-4 23 -2 20 -41875
11 -20 12 -18 -43139
-24 -4 -25 -4 -17727
17 -25 15 -23 -25289
10 -19 8 -18 -41587
-23 16 -21 20 -44847
-8 25 -8 23 -24941
15 -22 14 -23 -35879
-10 1 -10 -3 -39533
15 -9 12 -9 -41547
23 12 23 2 -46023
8 -14 9 -14 -40165
14 20 11 25 -44415
7 -4 9 -6 -44117
16 -8 18 -9 -39585
20 -8 20 -10 -34779
-8 22 -15 22 -45925
-24 -1 -22 2 -46829
11 -22 9 -22 -38397
-21 -2 -22 0 -42489
12 14 13 15 -44859
-12 16 -16 17 -45299
-12 6 -11 7 -42111
-3 -19 -2 -16 -39355
4 -3 -3 -15 -64679
-11 7 -11 9 -41081
8 -6 14 -7 -44187
16 8 23 9 -45625
-7 17 -7 14 -36545
25 -3 25 -6 -35109
23 -17 23 -20 -42499
0 7 1 4 -41777
8 -10 12 -10 -43153
23 -19 24 -17 -33595
-13 -10 -14 -13 -47329
-18 -24 -25 -23 -34983
6 -24 5 -24 -39213
-24 25 -25 20 -25675
17 -20 19 -20 -38667
-11 -23 -13 -24 -40477
-7 12 -7 11 -38811
-22 1 -22 2 -42849
4 -5 6 -5 -41747
18 19 23 21 -49333
7 -22 7 -23 -37283
-21 -3 -22 -4 -46273
6 -5 10 -5 -41999
-5 3 -5 1 -39015
-9 -13 -9 -11 -38989
-18 -20 -18 -17 -40997
-16 20 -16 19 -40285
-24 -18 -22 -24 -41833
-24 19 -21 19 -37757
14 23 23 23 -46031
14 -11 13 -10 -37965
-5 5 -4 4 -42679
13 -14 14 -14 -39953
-20 -17 -21 -19 -41843
-14 21 -12 18 -43603
-19 11 -18 13 -40785
-24 -17 -23 -7 -43415
4 9 4 12 -39661
-12 -4 -10 -3 -43553
-24 16 -23 17 -36651
12 16 13 13 -45437
-20 -15 -20 -13 -40409
21 25 24 23 -26645
10 -7 10 -8 -40165
14 -1 11 1 -36561
-23 -4 -23 -7 -41115
7 19 6 19 -34871
12 24 12 22 -38587
-13 -23 -11 -23 -41375
3 -3 0 -4 -44181
-18 23 -17 25 -25397
12 0 10 0 -37927
2 1 2 0 -34677
-23 9 -1 -24 -62497
-1 -7 -2 -2 -42201
17 23 16 21 -44061
20 -5 22 -6 -45347
10 3 10 2 -36539
-5 -22 -4 -25 -31781
16 4 17 3 -40093
-22 -21 -19 -21 -38431
15 18 14 19 -43679
24 15 25 13 -28281
-6 21 -2 25 -44493
-12 -11 -12 -8 -44899
-16 -22 -16 -20 -40517
3 -24 5 -24 -33505
1 -1 -2 0 -41845
16 -24 21 -23 -41615
12 -1 11 -3 -40589
11 22 15 21 -40871
-23 -19 -23 -20 -40407
12 -25 10 -24 -26713
24 -11 25 -10 -21983
-16 21 -16 22 -37765
20 8 23 12 -40887
-8 18 -6 19 -45021
11 -9 13 -8 -47169
5 -24 -16 -22 -48973
-14 10 -11 9 -41867
20 -2 22 -3 -40249
24 -21 19 -25 -34935
16 -16 15 -15 -42105
-25 -24 -23 -22 -23701
1 25 5 25 -29333
-9 -13 -10 -13 -42131
24 -13 23 -12 -30269
-18 2 -23 2 -45373
-17 23 -13 22 -34009
-2 4 -2 3 -38247
-1 -6 1 -6 -43303
19 7 20 5 -43287
-15 -1 -15 2 -41199
21 -3 21 -4 -39719
16 -7 13 -9 -46935
4 11 8 12 -43253
14 15 19 15 -39301
-14 -15 -13 -14 -46313
3 23 4 25 -29727
25 -4 25 4 -40839
-2 -6 0 -8 -41317
-9 -18 -7 -17 -47035
-10 22 -8 21 -44249
25 -22 24 -19 -29099
24 6 24 8 -33595
-21 11 -22 11 -39111
18 -25 19 -23 -29271
18 -1 20 0 -41155
-7 -20 -6 -22 -42555
9 22 10 23 -37685
-9 -5 -6 -6 -45845
10 11 12 10 -41495
-24 -11 -24 -6 -43485
16 -8 18 -5 -45531
21 24 -23 23 -50395
8 12 8 14 -37009
5 22 4 23 -37657
19 4 19 7 -44809
25 19 23 17 -27561
22 10 24 13 -35647
13 3 13 2 -37841
0 18 -1 19 -43031
25 21 22 20 -21755
-2 -10 -2 -14 -46525
-1 8 0 11 -39075
-24 8 -18 8 -45209
25 -17 24 -15 -29703
19 -15 22 -16 -39733
-21 -25 -19 -23 -32545
6 8 6 10 -39085
-23 4 -19 -7 -60351
21 -17 14 -16 -46699
23 -2 22 0 -42079
0 23 1 24 -34139
23 23 16 23 -43011
-14 1 -10 1 -45825
25 -9 25 -25 -42327
17 8 19 7 -44323
-21 -12 -23 -12 -40231
4 22 23 23 -44921
19 10 20 10 -40529
-19 9 -18 8 -41603
8 -16 8 -13 -40869
-25 13 -25 11 -32307
15 -16 15 -18 -39177
-3 14 -6 15 -48341
-6 -23 -10 -21 -42061
10 -1 10 -2 -34613
-7 11 -5 11 -45127
-25 2 -25 -6 -44793
-25 -23 -25 -25 -19715
0 13 3 13 -44847
-8 25 -11 23 -35197
6 10 4 11 -35345
7 -22 8 -23 -39263
17 -11 18 -10 -43497
3 4 0 6 -42007
2 21 3 21 -38143
-15 15 -17 15 -41723
-1 -12 0 -11 -44493
-19 -24 -16 -22 -37719
11 -14 13 -13 -45461
-10 20 -12 20 -40813
15 -24 -21 -22 -44845
3 -2 3 -5 -43041
22 -12 21 -11 -38947
4 22 11 22 -41365
-23 -6 6 -11 -54171
10 -17 7 -16 -43657
-23 -18 -23 -16 -36809
-13 -17 -12 -19 -39995
14 -7 14 -5 -40601
-8 2 -10 4 -44533
0 14 1 15 -38871
-15 -14 -18 -14 -39117
-22 -9 -24 -8 -38199
-11 9 -11 12 -41781
23 17 23 8 -44999
-22 -2 -18 -2 -43011
-20 -10 -23 -11 -47423
-14 -17 -13 -16 -44993
-10 -22 -12 -23 -42433
18 -9 17 -9 -40523
0 7 1 7 -37063
-24 4 -24 -1 -47109
-13 13 -14 11 -42917
-18 13 -17 11 -41629
-4 -7 -6 -9 -46755
20 13 21 15 -42269
3 -23 4 -21 -41121
2 -19 3 -21 -40327
-19 -11 -18 -10 -41941
11 12 9 11 -45415
23 -20 20 -24 -34367
23 20 19 22 -42049
-18 -24 -14 -23 -34443
14 20 19 20 -45093
-15 1 -12 1 -43491
-3 -20 -2 -20 -36319
23 -1 23 -3 -40317
8 17 9 21 -43609
18 -1 13 -1 -35175
-14 -4 -12 -5 -45701
14 19 16 20 -42697
19 12 22 10 -42655
-19 -4 -17 -5 -41353
-1 8 -4 11 -46805
-11 -2 -12 -1 -41967
-9 23 -3 22 -44229
7 23 10 21 -41623
17 6 17 9 -46835
-21 19 18 23 -57241
0 -19 4 -17 -38933
-3 -6 1 -6 -45271
-20 21 -21 23 -36597
1 -15 2 -15 -38337
15 21 17 19 -44633
-23 21 -19 22 -39271
-8 18 -9 18 -44807
4 -13 3 -12 -41581
-22 -21 -23 -22 -35449
12 8 13 7 -42785
-3 -19 -3 -20 -41305
-1 15 -2 19 -42757
6 -13 7 -14 -39577
-24 15 8 20 -58595
-16 23 -21 23 -40465
-7 19 -5 18 -45023
16 9 13 10 -38775
0 13 5 12 -45625
23 -5 22 -7 -35165
-19 19 -14 18 -47157
4 21 6 20 -40325
-3 7 -5 7 -44021
-11 -17 -10 -13 -43449
12 8 7 7 -48849
-1 10 -5 12 -53209
-9 -5 -8 -8 -45573
-9 15 -11 16 -43055
7 -23 3 -21 -42121
18 -19 23 -23 -39815
-19 -5 -20 -6 -44267
-1 3 -2 3 -36507
-8 4 -8 7 -39395
-15 4 -16 6 -38923
-1 -18 -4 -15 -46459
2 0 4 2 -41643
15 11 15 12 -38565
-23 -5 -23 -2 -44475
-4 -14 -5 -14 -39653
-6 -19 -5 -18 -45797
22 -4 23 -7 -45663
19 4 21 1 -37553
21 -14 20 -16 -40919
-15 -4 -11 -4 -47771
23 -7 22 -7 -33325
7 15 7 18 -48575
-13 22 -8 23 -45833
22 2 19 1 -37917
-18 7 -11 7 -45935
-11 9 -9 6 -42465
-16 -3 -18 -3 -42039
20 -14 20 -12 -41675
-20 8 -22 9 -45029
5 1 5 3 -38979
-10 3 -7 5 -42873
-3 -20 -4 -23 -46457
-6 -4 -7 -5 -44219
-6 22 0 22 -44169
-24 16 -24 13 -37893
-23 -12 -21 -10 -45193
-4 13 -2 12 -48983
-24 -24 2 -24 -41939
22 -6 23 -8 -40181
-17 -11 -21 -10 -39897
22 -9 19 -11 -43735
6 3 4 2 -38511
9 -19 8 -22 -43267
12 21 10 22 -43107
17 -19 18 -21 -39023
-6 21 -4 22 -45427
22 13 -17 9 -55677
-15 4 -16 2 -38209
-9 -13 -5 -14 -46241
-24 6 -19 4 -48093
10 11 8 11 -45101
-23 2 -24 5 -39095
-9 14 -10 14 -42417
18 9 16 8 -40591
-24 -3 -22 -1 -42895
-23 8 -23 14 -38915
-16 19 -18 17 -43543
-4 -2 1 0 -45113
23 -11 23 -17 -42543
-6 1 -7 1 -42027
-7 20 -7 22 -41879
-13 -9 -13 -6 -42869
20 -19 22 -20 -36329
-13 1 -15 4 -45797
-21 22 -18 21 -42171
5 18 7 14 -47097
-12 -15 -11 -16 -38119
-14 -23 -14 -21 -39551
10 4 11 4 -40279
8 20 13 21 -42005
2 19 5 21 -43327
6 -5 3 -3 -42607
6 -21 5 -22 -41497
-14 16 -11 19 -43929
-4 -23 -7 -24 -44535
2 20 -2 23 -45053
-7 -20 -8 -22 -43145
-17 7 -17 8 -35673
-24 1 -22 6 -41245
20 20 19 19 -46905
9 4 7 5 -41453
-20 2 -23 4 -47805
-23 14 -24 14 -30387
11 15 13 19 -47437
17 21 17 19 -45531
23 14 18 15 -42579
11 -12 11 -11 -35703
-5 7 -6 6 -43219
-7 -23 -5 -23 -42097
11 -18 12 -18 -39393
5 -7 3 -10 -50835
-12 -23 -14 -22 -42305
19 -2 19 1 -39193
12 21 14 23 -44097
-18 3 -24 0 -48671
-17 21 -18 22 -40105
-22 5 -19 10 -39193
-11 -18 -10 -18 -44693
0 -14 -3 -13 -42531
-5 17 -6 17 -46593
-11 -17 -9 -17 -46683
10 16 12 15 -43351
17 -13 17 -16 -44447
13 8 12 8 -38307
13 16 16 14 -45055
-24 -21 -24 -18 -41963
-15 -4 -12 -1 -46599
10 -21 10 -24 -37931
8 4 8 7 -38165
-2 23 19 23 -46175
16 5 14 5 -35637
10 5 7 4 -45801
-2 19 -1 22 -43431
20 13 20 12 -39755
0 4 2 4 -38337
-1 -4 0 -1 -40403
-13 -21 -15 -22 -38745
-6 23 3 22 -45955
-17 -21 -16 -22 -36971
1 -11 2 -10 -46661
5 -3 4 -4 -44939
11 -23 6 -23 -43649
-5 8 -8 8 -45185
12 -18 13 -17 -42819
21 -23 -5 -24 -39979
23 -12 18 -12 -44303
8 12 6 12 -39589
0 10 -3 9 -42939
-6 13 -5 14 -43393
-6 -21 -5 -21 -44117
23 1 23 6 -42575
-12 7 6 15 -62797
-2 -22 -6 -24 -45669
2 -12 2 -15 -42379
-15 14 -19 16 -48433
8 -6 8 -4 -44273
8 21 8 23 -41245
0 -12 0 -7 -48227
8 -10 7 -9 -39325
-19 13 -21 14 -43179
-9 -6 -7 -7 -45583
-16 -22 -20 -21 -35961
18 -6 23 -6 -47963
17 5 18 5 -40665
-10 -22 -11 -17 -44853
8 7 8 8 -39277
0 17 -4 17 -46347
-5 -9 -3 -9 -40191
3 -1 2 -1 -38187
18 17 23 18 -46465
-5 13 5 12 -55221
22 20 20 23 -41047
19 -4 23 -2 -42375
-24 -22 -20 -21 -39841
21 13 19 15 -44697
7 -15 5 -15 -38687
1 1 4 -1 -38743
-1 22 -1 23 -36405
23 5 21 3 -36951
-15 -10 -12 -10 -39691
-10 22 -10 19 -43269
-6 -9 -9 -9 -42431
-7 1 -6 2 -42553
-24 16 -21 16 -40373
-23 4 -24 10 -33087
-24 -12 -21 -16 -38527
6 -7 5 -11 -49053
8 23 -19 22 -51885
-3 -22 2 -24 -35501
-15 -12 -13 -14 -40595
5 -11 2 -12 -43963
19 -9 22 -10 -45547
16 -12 14 -13 -43821
6 7 8 6 -40747
-13 14 -10 16 -46213
-16 3 -18 3 -42901
