-10 1 -10 2 -39857
18 4 21 5 -42583
-9 -24 -8 -22 -36745
-1 -19 0 -23 -44757
-13 13 -12 13 -38837
-11 -8 -12 -7 -40369
23 3 24 1 -34953
-24 -15 -18 -18 -43755
-15 -19 -12 -19 -44631
-3 8 -4 7 -43435
16 7 16 10 -45211
15 -1 17 1 -42135
-16 -3 -17 -5 -43083
-8 9 -11 8 -45359
-1 18 3 19 -42627
-10 -10 -11 -11 -41637
8 0 9 0 -38025
-25 -15 -23 -14 -27515
-20 16 -25 21 -44119
10 14 12 15 -47927
-9 25 -6 24 -32845
-10 2 -8 2 -39669
25 25 24 22 -15415
-18 1 -16 0 -43745
-25 -11 -25 -8 -39775
-15 6 -18 6 -42503
-20 16 -18 17 -40127
12 -19 16 -21 -42491
17 17 17 19 -42595
13 -21 13 -18 -44129
1 -12 2 -12 -42539
25 -24 21 -22 -14977
-14 -6 -16 -5 -40105
-6 -10 -6 -9 -36285
2 -23 -3 -23 -39785
20 18 20 14 -42157
23 18 23 23 -35881
-15 -24 -14 -25 -30697
8 15 9 16 -45391
3 -16 4 -19 -40353
-20 -5 -20 -4 -45291
4 18 3 15 -44073
-15 -13 -18 -14 -42949
7 -16 7 -17 -37617
16 21 19 23 -45181
-22 -10 -21 -7 -44405
-2 -17 -3 -12 -47359
23 -23 14 -24 -43029
-18 -9 -17 -12 -44071
12 -3 12 -5 -40357
-23 24 -25 24 -15265
13 -15 12 -13 -40299
2 -25 2 -23 -28709
22 -19 22 -20 -40131
-18 17 -18 12 -44313
11 -24 17 -23 -36799
1 -23 0 -24 -41683
-24 -8 -20 -9 -43201
-24 19 -24 15 -40199
-22 -14 -24 -18 -40783
-10 -7 -8 -4 -43393
-11 -24 -10 -25 -29547
-20 19 -20 22 -42427
-25 10 -25 24 -45895
-1 -14 0 -15 -48075
-23 -23 -24 -22 -30179
4 -9 7 -8 -42599
16 -19 14 -19 -41467
8 -8 11 -5 -47373
-2 -2 -5 -1 -45249
25 2 23 2 -15883
4 -25 10 -25 -43845
-17 -12 -17 -14 -43295
-24 24 -14 25 -38193
-5 -13 -4 -14 -43787
-4 12 -4 13 -38815
-25 14 -24 13 -29711
-4 23 -2 20 -42537
11 -20 12 -18 -43849
-24 -4 -25 -4 -17105
17 -25 15 -23 -26405
10 -19 8 -18 -44191
-23 16 -21 20 -44553
-8 25 -8 23 -25557
15 -22 14 -23 -36201
-10 1 -10 -3 -40091
15 -9 12 -9 -40275
-12 5 -15 5 -44467
8 -14 9 -14 -40919
14 20 11 25 -44943
7 -4 9 -6 -44123
16 -8 18 -9 -40027
20 -8 20 -10 -35585
-8 22 -15 22 -45267
-24 -1 -22 2 -46663
11 -22 9 -22 -39477
-21 -2 -22 0 -38329
12 14 13 15 -44779
-12 16 -16 17 -43257
-12 6 -11 7 -44197
-3 -19 -2 -16 -39527
15 1 11 0 -43251
-11 7 -11 9 -42903
8 -6 14 -7 -43243
16 8 23 9 -43647
-7 17 -7 14 -38509
25 -3 25 -6 -36027
23 -17 23 -20 -42757
0 7 1 4 -43425
8 -10 12 -10 -42077
23 -19 24 -17 -33883
-13 -10 -14 -13 -47759
-18 -24 -25 -23 -35133
6 -24 5 -24 -42955
-24 25 -25 20 -25095
17 -20 19 -20 -38799
-11 -23 -13 -24 -41715
-7 12 -7 11 -38969
-22 1 -22 2 -41689
4 -5 6 -5 -43745
18 19 23 21 -49401
7 -22 7 -23 -38321
-21 -3 -22 -4 -46207
6 -5 10 -5 -42407
-5 3 -5 1 -39861
-9 -13 -9 -11 -38639
-18 -20 -18 -17 -40855
-16 20 -16 19 -39743
-24 -18 -22 -24 -41793
-24 19 -21 19 -37669
14 23 23 23 -46699
14 -11 13 -10 -38191
-5 5 -4 4 -41973
13 -14 14 -14 -39563
-20 -17 -21 -19 -42145
-14 21 -12 18 -41987
-19 11 -18 13 -41259
-24 -17 -23 -7 -44109
4 9 4 12 -40949
-12 -4 -10 -3 -40647
-24 16 -23 17 -36711
12 16 13 13 -48061
-20 -15 -20 -13 -40639
21 25 24 23 -26313
10 -7 10 -8 -38071
14 -1 11 1 -38403
-23 -4 -23 -7 -41261
7 19 6 19 -35085
12 24 12 22 -38727
-13 -23 -11 -23 -43247
3 -3 0 -4 -44997
-18 23 -17 25 -25133
12 0 10 0 -40995
2 1 2 0 -39231
-13 16 -16 8 -50979
-1 -7 -2 -2 -41721
17 23 16 21 -43891
20 -5 22 -6 -45463
10 3 10 2 -37787
-5 -22 -4 -25 -32017
16 4 17 3 -40693
-22 -21 -19 -21 -38579
15 18 14 19 -45571
24 15 25 13 -28803
-6 21 -2 25 -44127
-12 -11 -12 -8 -44523
-16 -22 -16 -20 -40591
3 -24 5 -24 -36669
1 -1 -2 0 -42767
16 -24 21 -23 -41717
12 -1 11 -3 -42939
11 22 15 21 -41609
-23 -19 -23 -20 -40447
12 -25 10 -24 -27489
24 -11 25 -10 -22517
-16 21 -16 22 -37491
-16 -13 -23 -2 -59097
-8 18 -6 19 -43481
18 17 -11 -16 -61371
-6 16 -12 -6 -60689
-14 10 -11 9 -44403
20 -2 22 -3 -41143
24 -21 19 -25 -34157
16 -16 15 -15 -43155
-25 -24 -23 -22 -23081
1 25 5 25 -28513
-9 -13 -10 -13 -38831
24 -13 23 -12 -30111
-18 2 -23 2 -44777
-17 23 -13 22 -35013
-2 4 -2 3 -40581
-1 -6 1 -6 -46633
19 7 20 5 -42691
-15 -1 -15 2 -40991
21 -3 21 -4 -41161
16 -7 13 -9 -46497
4 11 8 12 -40605
14 15 19 15 -41121
-14 -15 -13 -14 -46793
3 23 4 25 -29891
25 -4 25 4 -40867
-2 -6 0 -8 -43371
-9 -18 -7 -17 -43711
-10 22 -8 21 -43517
25 -22 24 -19 -29499
24 6 24 8 -30625
-21 11 -22 11 -37849
18 -25 19 -23 -28883
18 -1 20 0 -41529
-7 -20 -6 -22 -42669
9 22 10 23 -37815
5 1 4 -1 -45087
10 11 12 10 -41179
-24 -11 -24 -6 -44691
16 -8 18 -5 -47053
21 24 -23 23 -42469
8 12 8 14 -40295
5 22 4 23 -36673
19 4 19 7 -42947
25 19 23 17 -28339
22 10 24 13 -34891
13 3 13 2 -38053
0 18 -1 19 -42017
25 21 22 20 -21505
-2 -10 -2 -14 -45179
-1 8 0 11 -39893
-24 8 -18 8 -44163
25 -17 24 -15 -30343
19 -15 22 -16 -39879
-21 -25 -19 -23 -33169
6 8 6 10 -38953
3 15 4 12 -43725
21 -17 14 -16 -47077
23 -2 22 0 -42657
0 23 1 24 -34069
23 23 16 23 -43381
-14 1 -10 1 -46043
25 -9 25 -25 -43301
17 8 19 7 -45571
-21 -12 -23 -12 -40365
4 22 23 23 -45255
19 10 20 10 -39595
-19 9 -18 8 -44025
8 -16 8 -13 -41569
-25 13 -25 11 -32603
15 -16 15 -18 -40121
-3 14 -6 15 -46587
-6 -23 -10 -21 -40011
10 -1 10 -2 -36455
-7 11 -5 11 -43881
-25 2 -25 -6 -42651
-25 -23 -25 -25 -19137
0 13 3 13 -38183
-8 25 -11 23 -34725
6 10 4 11 -37491
7 -22 8 -23 -43193
17 -11 18 -10 -44989
3 4 0 6 -42591
2 21 3 21 -36975
-15 15 -17 15 -38913
-1 -12 0 -11 -41717
-19 -24 -16 -22 -37729
11 -14 13 -13 -43657
-10 20 -12 20 -40405
15 -24 -21 -22 -43535
3 -2 3 -5 -43727
22 -12 21 -11 -39859
4 22 11 22 -41451
-1 -11 1 -12 -45885
10 -17 7 -16 -45605
-23 -18 -23 -16 -37041
-13 -17 -12 -19 -40643
14 -7 14 -5 -40985
-8 2 -10 4 -43355
0 14 1 15 -38583
-15 -14 -18 -14 -39649
-22 -9 -24 -8 -38229
-11 9 -11 12 -42071
23 17 23 8 -46261
-22 -2 -18 -2 -43811
-20 -10 -23 -11 -47387
-14 -17 -13 -16 -45969
-10 -22 -12 -23 -43383
18 -9 17 -9 -41203
0 7 1 7 -36291
-24 4 -24 -1 -46385
-5 -2 -2 -3 -45601
-18 13 -17 11 -41793
9 8 -19 3 -56307
20 13 21 15 -41033
3 -23 4 -21 -41689
2 -19 3 -21 -40473
-19 -11 -18 -10 -42777
11 12 9 11 -43077
23 -20 20 -24 -33717
23 20 19 22 -43109
-18 -24 -14 -23 -35117
14 20 19 20 -46753
-15 1 -12 1 -44349
-3 -20 -2 -20 -37011
23 -1 23 -3 -41703
8 17 9 21 -43047
18 -1 13 -1 -38525
-14 -4 -12 -5 -41697
14 19 16 20 -42529
19 12 22 10 -44649
-19 -4 -17 -5 -42591
-1 8 -4 11 -40425
-11 -2 -12 -1 -40973
-9 23 -3 22 -43937
7 23 10 21 -41655
17 6 17 9 -47157
4 -6 0 -4 -49207
0 -19 4 -17 -40435
-3 -6 1 -6 -47137
-20 21 -21 23 -36831
1 -15 2 -15 -39511
15 21 17 19 -46805
-23 21 -19 22 -38705
-8 18 -9 18 -43475
4 -13 3 -12 -42851
-22 -21 -23 -22 -35979
12 8 13 7 -45423
-3 -19 -3 -20 -40745
-1 15 -2 19 -43263
6 -13 7 -14 -40961
-13 21 -19 20 -42889
-16 23 -21 23 -40777
-7 19 -5 18 -44585
16 9 13 10 -41371
0 13 5 12 -41743
23 -5 22 -7 -34835
19 3 1 21 -66731
4 21 6 20 -40329
-3 7 -5 7 -41609
-11 -17 -10 -13 -43551
21 -20 -11 23 -56591
19 4 4 17 -67457
-9 -5 -8 -8 -42595
-1 -24 2 -23 -40871
7 -23 3 -21 -49133
18 -19 23 -23 -40439
-19 -5 -20 -6 -44155
-1 3 -2 3 -36843
-8 4 -8 7 -40659
-15 4 -16 6 -40581
-1 -18 -4 -15 -47811
2 0 4 2 -47479
15 11 15 12 -39937
-23 -5 -23 -2 -43225
-4 -14 -5 -14 -36845
-6 -19 -5 -18 -45175
22 -4 23 -7 -46933
19 4 21 1 -36883
21 -14 20 -16 -42335
17 -6 12 -18 -59773
23 -7 22 -7 -33109
7 15 7 18 -45193
-13 22 -8 23 -45269
22 2 19 1 -37831
5 -21 7 -22 -48351
-11 9 -9 6 -42973
-16 -3 -18 -3 -40695
20 -14 20 -12 -43149
-20 8 -22 9 -45355
5 1 5 3 -41295
-10 3 -7 5 -45279
-3 -20 -4 -23 -47485
-6 -4 -7 -5 -41501
-6 22 0 22 -43207
-24 16 -24 13 -38171
-23 -12 -21 -10 -45753
-4 13 -2 12 -41529
-24 -24 2 -24 -38165
22 -6 23 -8 -41045
-17 -11 -21 -10 -40081
22 -9 19 -11 -44471
6 3 4 2 -41699
9 -19 8 -22 -42707
12 21 10 22 -43813
17 -19 18 -21 -39575
-6 21 -4 22 -44997
-16 5 0 9 -63347
-15 4 -16 2 -38487
23 12 22 7 -38379
-24 6 -19 4 -47729
10 11 8 11 -42005
-23 2 -24 5 -41087
-9 14 -10 14 -40929
18 9 16 8 -39677
-24 -3 -22 -1 -42499
-23 8 -23 14 -40321
-16 19 -18 17 -44049
-4 -2 1 0 -46003
23 -11 23 -17 -43943
-6 1 -7 1 -41103
-7 20 -7 22 -41363
-13 -9 -13 -6 -41997
20 -19 22 -20 -36631
-13 1 -15 4 -47151
-21 22 -18 21 -42111
22 13 12 19 -60295
-12 -15 -11 -16 -38243
-14 -23 -14 -21 -39469
10 4 11 4 -39429
8 20 13 21 -41223
2 19 5 21 -42919
6 -5 3 -3 -46905
6 -21 5 -22 -42207
-14 16 -11 19 -44111
-4 -23 -7 -24 -44485
2 20 -2 23 -44815
-7 -20 -8 -22 -43197
-17 7 -17 8 -39621
-24 1 -22 6 -44907
20 20 19 19 -46295
9 4 7 5 -41355
-20 2 -23 4 -45897
-23 14 -24 14 -31293
11 15 13 19 -46407
17 21 17 19 -45337
23 14 18 15 -43395
11 -12 11 -11 -37061
-5 7 -6 6 -45301
-7 -23 -5 -23 -41003
11 -18 12 -18 -39279
-23 4 -23 7 -37217
-12 -23 -14 -22 -43895
19 -2 19 1 -39889
12 21 14 23 -43381
-18 3 -24 0 -49091
-17 21 -18 22 -39007
-22 5 -19 10 -42707
-11 -18 -10 -18 -45103
0 -14 -3 -13 -46117
-5 17 -6 17 -45841
-11 -17 -9 -17 -45433
10 16 12 15 -44251
17 -13 17 -16 -46253
13 8 12 8 -38549
13 16 16 14 -50207
-24 -21 -24 -18 -41703
-15 -4 -12 -1 -43801
10 -21 10 -24 -38825
8 4 8 7 -38707
-2 23 19 23 -45393
16 5 14 5 -37827
10 5 7 4 -42355
-2 19 -1 22 -42689
20 13 20 12 -40127
0 4 2 4 -39599
-1 -4 0 -1 -39693
-13 -21 -15 -22 -42469
-6 23 3 22 -44417
-17 -21 -16 -22 -37999
1 -11 2 -10 -42725
5 -3 4 -4 -45815
11 -23 6 -23 -45159
-5 8 -8 8 -43975
12 -18 13 -17 -42515
21 -23 -5 -24 -41113
23 -12 18 -12 -45055
8 12 6 12 -39023
0 10 -3 9 -39161
-6 13 -5 14 -43477
-6 -21 -5 -21 -43197
23 1 23 6 -40243
-9 14 -10 15 -42941
-2 -22 -6 -24 -46791
2 -12 2 -15 -42191
-15 14 -19 16 -44797
8 -6 8 -4 -43551
8 21 8 23 -41251
0 -12 0 -7 -43105
8 -10 7 -9 -40463
-19 13 -21 14 -41629
-9 -6 -7 -7 -37165
-16 -22 -20 -21 -36177
18 -6 23 -6 -47931
17 5 18 5 -41845
-10 -22 -11 -17 -44715
8 7 8 8 -38645
0 17 -4 17 -41603
-5 -9 -3 -9 -37229
3 -1 2 -1 -42085
18 17 23 18 -46103
-16 9 -14 8 -43659
22 20 20 23 -42193
19 -4 23 -2 -42449
-24 -22 -20 -21 -39647
21 13 19 15 -47095
7 -15 5 -15 -40049
1 1 4 -1 -41767
-1 22 -1 23 -37161
23 5 21 3 -35579
-15 -10 -12 -10 -37987
-10 22 -10 19 -42353
-6 -9 -9 -9 -35285
-7 1 -6 2 -43089
-24 16 -21 16 -40799
-23 4 -24 10 -39483
-24 -12 -21 -16 -38885
6 -7 5 -11 -41803
8 23 -19 22 -45217
-3 -22 2 -24 -37043
-15 -12 -13 -14 -40295
5 -11 2 -12 -42439
19 -9 22 -10 -45943
16 -12 14 -13 -43391
6 7 8 6 -41537
-13 14 -10 16 -46401
-16 3 -18 3 -42725
