-10 1 -10 2 -38469
18 4 21 5 -41121
-9 -24 -8 -22 -37343
-1 -19 0 -23 -42813
-13 13 -12 13 -38415
-11 -8 -12 -7 -41289
23 3 24 1 -35707
-24 -15 -18 -18 -44295
-15 -19 -12 -19 -45037
-3 8 -4 7 -43427
16 7 16 10 -44671
15 -1 17 1 -42321
-16 -3 -17 -5 -42397
-8 9 -11 8 -41887
-1 18 3 19 -43619
-10 -10 -11 -11 -41933
8 0 9 0 -39323
-25 -15 -23 -14 -33129
-20 16 -25 21 -43689
-21 20 20 18 -54849
-9 25 -6 24 -32757
-10 2 -8 2 -40027
25 25 24 22 -16299
-18 1 -16 0 -43165
-25 -11 -25 -8 -37909
-15 6 -18 6 -42213
-20 16 -18 17 -38381
10 -21 6 16 -62087
17 17 17 19 -42559
13 -21 13 -18 -45561
1 -12 2 -12 -42091
25 -24 21 -22 -15275
-14 -6 -16 -5 -39515
-6 -10 -6 -9 -36875
2 -23 -3 -23 -40513
20 18 20 14 -41529
23 18 23 23 -37277
-15 -24 -14 -25 -30905
8 15 9 16 -43377
3 -16 4 -19 -41111
-20 -5 -20 -4 -43815
4 18 3 15 -44519
-15 -13 -18 -14 -43053
7 -16 7 -17 -38467
16 21 19 23 -47107
-22 -10 -21 -7 -43073
5 21 6 18 -45353
23 -23 14 -24 -42935
-18 -9 -17 -12 -40241
12 -3 12 -5 -43789
-23 24 -25 24 -15487
13 -15 12 -13 -40353
2 -25 2 -23 -26775
22 -19 22 -20 -42289
-18 17 -18 12 -44955
11 -24 17 -23 -35493
1 -23 0 -24 -39889
-24 -8 -20 -9 -42139
-24 19 -24 15 -41887
-22 -14 -24 -18 -43785
-10 -7 -8 -4 -45117
-11 -24 -10 -25 -29613
-20 19 -20 22 -41215
-13 -14 2 -21 -59627
-1 -14 0 -15 -43955
-23 -23 -24 -22 -32021
4 -9 7 -8 -45153
16 -19 14 -19 -38505
8 -8 11 -5 -47113
-2 -2 -5 -1 -38401
25 2 23 2 -16049
4 -25 10 -25 -40839
-17 -12 -17 -14 -42059
-24 24 -14 25 -38065
-5 -13 -4 -14 -43585
-4 12 -4 13 -37855
-25 14 -24 13 -29973
-4 23 -2 20 -42191
11 -20 12 -18 -44605
-24 -4 -25 -4 -17493
17 -25 15 -23 -26277
10 -19 8 -18 -42717
-23 16 -21 20 -44705
-8 25 -8 23 -25479
15 -22 14 -23 -35853
-10 1 -10 -3 -38629
15 -9 12 -9 -38145
-12 5 -15 5 -39901
8 -14 9 -14 -41877
14 20 11 25 -45507
7 -4 9 -6 -46343
16 -8 18 -9 -40389
20 -8 20 -10 -33585
-8 22 -15 22 -46053
-24 -1 -22 2 -42787
11 -22 9 -22 -37991
-21 -2 -22 0 -37469
12 14 13 15 -40571
-12 16 -16 17 -42603
-12 6 -11 7 -40729
-3 -19 -2 -16 -37909
15 1 11 0 -42099
-11 7 -11 9 -40891
8 -6 14 -7 -41775
5 -13 6 -13 -43561
-7 17 -7 14 -39679
25 -3 25 -6 -37179
23 -17 23 -20 -43781
0 7 1 4 -44105
8 -10 12 -10 -42777
23 -19 24 -17 -34587
16 -3 17 -6 -47089
-18 -24 -25 -23 -36859
6 -24 5 -24 -38905
-24 25 -25 20 -23351
17 -20 19 -20 -36921
-11 -23 -13 -24 -42387
-7 12 -7 11 -37377
-22 1 -22 2 -40739
4 -5 6 -5 -44477
1 10 -9 20 -61647
7 -22 7 -23 -37141
-21 -3 -22 -4 -45073
6 -5 10 -5 -43863
-5 3 -5 1 -39591
-9 -13 -9 -11 -42343
-18 -20 -18 -17 -43139
-16 20 -16 19 -40029
-24 -18 -22 -24 -44133
-24 19 -21 19 -37835
14 23 23 23 -45471
14 -11 13 -10 -39581
-5 5 -4 4 -41525
13 -14 14 -14 -40411
-20 -17 -21 -19 -44047
-14 21 -12 18 -42751
-19 11 -18 13 -38313
-24 -17 -23 -7 -43293
4 9 4 12 -41525
-12 -4 -10 -3 -43877
-24 16 -23 17 -38115
12 16 13 13 -44791
-20 -15 -20 -13 -39609
21 25 24 23 -26209
10 -7 10 -8 -38297
14 -1 11 1 -37775
-23 -4 -23 -7 -39745
7 19 6 19 -34715
12 24 12 22 -39387
-13 -23 -11 -23 -42583
3 -3 0 -4 -43635
-18 23 -17 25 -25063
12 0 10 0 -40147
2 1 2 0 -39875
-18 -20 -17 -23 -47803
-1 -7 -2 -2 -44395
17 23 16 21 -46111
20 -5 22 -6 -44071
10 3 10 2 -40033
-5 -22 -4 -25 -31877
16 4 17 3 -39911
-22 -21 -19 -21 -40153
15 18 14 19 -44127
24 15 25 13 -29165
-6 21 -2 25 -44845
-12 -11 -12 -8 -42135
-16 -22 -16 -20 -46851
3 -24 5 -24 -32355
1 -1 -2 0 -42141
16 -24 21 -23 -41619
12 -1 11 -3 -43337
11 22 15 21 -41719
-23 -19 -23 -20 -41203
12 -25 10 -24 -26345
24 -11 25 -10 -21705
-16 21 -16 22 -37395
-3 -11 -7 -13 -45737
-8 18 -6 19 -44057
5 8 6 6 -46227
-16 15 -17 17 -41965
-14 10 -11 9 -43797
20 -2 22 -3 -45387
24 -21 19 -25 -38139
16 -16 15 -15 -44729
-25 -24 -23 -22 -24131
1 25 5 25 -28383
-9 -13 -10 -13 -40203
24 -13 23 -12 -29685
-18 2 -23 2 -40647
-17 23 -13 22 -34421
-2 4 -2 3 -41169
-1 -6 1 -6 -44977
19 7 20 5 -43099
-15 -1 -15 2 -39177
21 -3 21 -4 -45449
8 -2 5 0 -45613
4 11 8 12 -42449
14 15 19 15 -38695
-14 -15 -13 -14 -45771
3 23 4 25 -29829
25 -4 25 4 -42151
-2 -6 0 -8 -42945
-9 -18 -7 -17 -43955
-10 22 -8 21 -43583
25 -22 24 -19 -30393
24 6 24 8 -29847
-21 11 -22 11 -37885
18 -25 19 -23 -30181
18 -1 20 0 -40565
-7 -20 -6 -22 -43095
9 22 10 23 -37931
5 1 4 -1 -43597
10 11 12 10 -39237
-24 -11 -24 -6 -42153
16 -8 18 -5 -44847
21 24 -23 23 -48539
8 12 8 14 -39095
5 22 4 23 -38327
19 4 19 7 -43545
25 19 23 17 -26701
22 10 24 13 -35241
13 3 13 2 -39031
0 18 -1 19 -44427
25 21 22 20 -21469
-2 -10 -2 -14 -43407
-1 8 0 11 -39585
-24 8 -18 8 -42727
25 -17 24 -15 -29537
19 -15 22 -16 -39103
-21 -25 -19 -23 -33093
6 8 6 10 -41429
3 15 4 12 -42687
-1 -20 -5 -18 -49269
23 -2 22 0 -45059
0 23 1 24 -33827
23 23 16 23 -42555
-14 1 -10 1 -42093
25 -9 25 -25 -42927
17 8 19 7 -43495
-21 -12 -23 -12 -42915
4 22 23 23 -44633
19 10 20 10 -37947
-19 9 -18 8 -42351
8 -16 8 -13 -40885
-25 13 -25 11 -31619
15 -16 15 -18 -41371
-3 14 -6 15 -48303
-6 -23 -10 -21 -42007
10 -1 10 -2 -38157
-7 11 -5 11 -44041
-25 2 -25 -6 -41545
-25 -23 -25 -25 -20775
0 13 3 13 -38447
-8 25 -11 23 -34981
6 10 4 11 -36031
7 -22 8 -23 -39721
17 -11 18 -10 -40777
3 4 0 6 -43453
2 21 3 21 -37199
-15 15 -17 15 -36271
-1 -12 0 -11 -42165
-19 -24 -16 -22 -38521
11 -14 13 -13 -43851
-10 20 -12 20 -40865
-16 0 -15 0 -40125
3 -2 3 -5 -44895
22 -12 21 -11 -38009
4 22 11 22 -41833
-1 -11 1 -12 -44233
10 -17 7 -16 -44969
-23 -18 -23 -16 -37849
-13 -17 -12 -19 -42709
14 -7 14 -5 -44979
-8 2 -10 4 -43093
0 14 1 15 -38325
-15 -14 -18 -14 -39091
-22 -9 -24 -8 -37171
-11 9 -11 12 -38711
23 17 23 8 -46657
-22 -2 -18 -2 -40133
-20 -10 -23 -11 -48295
-14 -17 -13 -16 -44949
-10 -22 -12 -23 -43265
18 -9 17 -9 -39237
0 7 1 7 -36195
-24 4 -24 -1 -45157
-24 5 -20 11 -39801
-18 13 -17 11 -40357
1 1 2 3 -44365
20 13 21 15 -42119
3 -23 4 -21 -40397
2 -19 3 -21 -40065
-19 -11 -18 -10 -40999
11 12 9 11 -41719
23 -20 20 -24 -38457
23 20 19 22 -41705
-18 -24 -14 -23 -35129
14 20 19 20 -45469
6 -10 12 12 -65665
-3 -20 -2 -20 -40625
23 -1 23 -3 -44275
8 17 9 21 -45759
18 -1 13 -1 -37307
-14 -4 -12 -5 -41675
14 19 16 20 -43725
19 12 22 10 -43879
-19 -4 -17 -5 -40419
-1 8 -4 11 -40455
-11 -2 -12 -1 -40209
-9 23 -3 22 -44593
7 23 10 21 -43209
17 6 17 9 -46689
22 23 18 20 -45631
0 -19 4 -17 -39237
-3 -6 1 -6 -44727
-20 21 -21 23 -36689
1 -15 2 -15 -39887
15 21 17 19 -45515
-23 21 -19 22 -39051
-8 18 -9 18 -43897
4 -13 3 -12 -42999
-22 -21 -23 -22 -38145
12 8 13 7 -43923
-3 -19 -3 -20 -39511
-1 15 -2 19 -45109
6 -13 7 -14 -42587
-13 21 -19 20 -43289
-16 23 -21 23 -40303
-7 19 -5 18 -45919
16 9 13 10 -38467
0 13 5 12 -41367
23 -5 22 -7 -35975
17 -22 14 -18 -46271
4 21 6 20 -43209
-3 7 -5 7 -41891
-11 -17 -10 -13 -43399
-21 -15 -24 -16 -43851
-6 -2 -4 -5 -42825
-9 -5 -8 -8 -43613
-1 -24 2 -23 -40533
21 -4 18 -2 -47371
18 -19 23 -23 -40981
-19 -5 -20 -6 -43671
-1 3 -2 3 -35965
-8 4 -8 7 -39899
-15 4 -16 6 -41019
18 23 11 -16 -62873
15 16 -17 14 -56101
15 11 15 12 -38325
-23 -5 -23 -2 -42081
-4 -14 -5 -14 -41935
-6 -19 -5 -18 -44095
22 -4 23 -7 -47529
19 4 21 1 -38345
21 -14 20 -16 -41989
20 -20 19 -21 -39279
23 -7 22 -7 -30079
7 15 7 18 -44839
-13 22 -8 23 -45745
22 2 19 1 -38035
5 -21 7 -22 -40635
-11 9 -9 6 -43333
-16 -3 -18 -3 -40945
20 -14 20 -12 -42197
-20 8 -22 9 -43585
5 1 5 3 -42711
-10 3 -7 5 -43627
23 9 20 9 -29089
-6 -4 -7 -5 -42081
-6 22 0 22 -44275
-24 16 -24 13 -42075
-23 -12 -21 -10 -46067
-4 13 -2 12 -42797
-24 -24 2 -24 -39133
22 -6 23 -8 -39497
-17 -11 -21 -10 -39193
22 -9 19 -11 -41985
6 3 4 2 -40351
9 -19 8 -22 -43313
12 21 10 22 -44103
17 -19 18 -21 -43195
-6 21 -4 22 -44923
-24 15 -24 16 -40403
-15 4 -16 2 -37627
23 12 22 7 -37957
-24 6 -19 4 -46955
10 11 8 11 -42529
-23 2 -24 5 -40429
-9 14 -10 14 -40959
18 9 16 8 -36087
-24 -3 -22 -1 -41249
-23 8 -23 14 -38357
-16 19 -18 17 -43949
-4 -2 1 0 -44695
23 -11 23 -17 -43197
-6 1 -7 1 -42173
-7 20 -7 22 -41395
-13 -9 -13 -6 -41557
20 -19 22 -20 -37351
-13 1 -15 4 -45123
-21 22 -18 21 -41167
15 -17 13 -16 -42393
-12 -15 -11 -16 -41151
-14 -23 -14 -21 -42787
10 4 11 4 -38985
8 20 13 21 -40391
2 19 5 21 -43533
6 -5 3 -3 -45947
6 -21 5 -22 -41609
-14 16 -11 19 -45357
-4 -23 -7 -24 -44631
2 20 -2 23 -45841
-7 -20 -8 -22 -40985
-17 7 -17 8 -37553
-24 1 -22 6 -42415
20 20 19 19 -46175
9 4 7 5 -42237
-20 2 -23 4 -45351
-23 14 -24 14 -31455
11 15 13 19 -46323
17 21 17 19 -46351
23 14 18 15 -40785
11 -12 11 -11 -35531
-5 7 -6 6 -44479
-7 -23 -5 -23 -41865
11 -18 12 -18 -38689
-23 4 -23 7 -36609
-12 -23 -14 -22 -44173
19 -2 19 1 -41053
12 21 14 23 -43773
-13 -4 -7 -4 -45715
-17 21 -18 22 -38399
-9 -14 -9 -12 -43893
-11 -18 -10 -18 -45123
0 -14 -3 -13 -45009
-5 17 -6 17 -46493
-11 -17 -9 -17 -46151
10 16 12 15 -41129
17 -13 17 -16 -45167
13 8 12 8 -36871
13 16 16 14 -45195
-24 -21 -24 -18 -42663
-15 -4 -12 -1 -44323
10 -21 10 -24 -37819
8 4 8 7 -41549
-2 23 19 23 -46131
16 5 14 5 -36685
10 5 7 4 -43787
-2 19 -1 22 -43299
20 13 20 12 -40375
0 4 2 4 -39399
-1 -4 0 -1 -42321
-13 -21 -15 -22 -42623
-6 23 3 22 -45457
-17 -21 -16 -22 -43499
1 -11 2 -10 -42001
5 -3 4 -4 -46377
11 -23 6 -23 -43601
-5 8 -8 8 -43625
12 -18 13 -17 -43207
21 -23 -5 -24 -38479
23 -12 18 -12 -42509
8 12 6 12 -39735
0 10 -3 9 -39937
-6 13 -5 14 -43039
-6 -21 -5 -21 -44355
23 1 23 6 -40863
-9 14 -10 15 -43687
-2 -22 -6 -24 -45835
2 -12 2 -15 -39695
-18 -15 4 14 -64075
8 -6 8 -4 -44517
8 21 8 23 -43143
0 -12 0 -7 -42713
8 -10 7 -9 -41249
-19 13 -21 14 -40245
-9 -6 -7 -7 -40399
-16 -22 -20 -21 -38079
22 22 22 -22 -55147
17 5 18 5 -39643
-10 -22 -11 -17 -46155
8 7 8 8 -43195
0 17 -4 17 -43529
-5 -9 -3 -9 -39353
3 -1 2 -1 -38831
18 17 23 18 -43049
-16 9 -14 8 -43463
22 20 20 23 -41643
19 -4 23 -2 -40133
-24 -22 -20 -21 -42037
21 13 19 15 -44339
7 -15 5 -15 -44625
1 1 4 -1 -42219
-1 22 -1 23 -37143
23 5 21 3 -35153
-15 -10 -12 -10 -38191
-10 22 -10 19 -42513
-6 -9 -9 -9 -39137
-7 1 -6 2 -42889
-24 16 -21 16 -40845
-23 4 -24 10 -38243
-24 -12 -21 -16 -38091
6 -7 5 -11 -42553
8 23 -19 22 -49799
-3 -22 2 -24 -37723
-15 -12 -13 -14 -41155
5 -11 2 -12 -43477
19 -9 22 -10 -42791
16 -12 14 -13 -40823
6 7 8 6 -43579
-13 14 -10 16 -45793
-16 3 -18 3 -42553
