-10 1 -10 2 -41284
18 4 21 5 -42804
-9 -24 -8 -22 -37248
-1 -19 0 -23 -45842
-13 13 -12 13 -38594
-11 -8 -12 -7 -42798
23 3 24 1 -35782
-24 -15 -18 -18 -50288
-15 -19 -12 -19 -46000
-3 8 -4 7 -43628
16 7 16 10 -45018
15 -1 17 1 -42956
-16 -3 -17 -5 -42960
-8 9 -11 8 -42076
-1 18 3 19 -42450
-10 -10 -11 -11 -42224
8 0 9 0 -38928
-25 -15 -23 -14 -32792
-20 16 -25 21 -44110
21 4 23 8 -45228
-9 25 -6 24 -31624
-10 2 -8 2 -40552
25 25 24 22 -16534
-18 1 -16 0 -43822
-25 -11 -25 -8 -37490
-15 6 -18 6 -42086
-20 16 -18 17 -39606
-1 0 -6 -2 -46008
17 17 17 19 -41650
13 -21 13 -18 -46446
1 -12 2 -12 -43928
25 -24 21 -22 -14936
-14 -6 -16 -5 -40434
-6 -10 -6 -9 -40454
2 -23 -3 -23 -41638
20 18 20 14 -40930
23 18 23 23 -36978
-15 -24 -14 -25 -31190
8 15 9 16 -42758
3 -16 4 -19 -44318
-20 -5 -20 -4 -44650
4 18 3 15 -43622
-15 -13 -18 -14 -43270
7 -16 7 -17 -39366
16 21 19 23 -46818
-22 -10 -21 -7 -42264
5 21 6 18 -44942
23 -23 14 -24 -42542
-18 -9 -17 -12 -41172
12 -3 12 -5 -41676
-23 24 -25 24 -15122
13 -15 12 -13 -38926
2 -25 2 -23 -27430
22 -19 22 -20 -41792
-18 17 -18 12 -44562
11 -24 17 -23 -35234
1 -23 0 -24 -39556
-24 -8 -20 -9 -40084
-24 19 -24 15 -41750
-22 -14 -24 -18 -44288
-10 -7 -8 -4 -46908
-11 -24 -10 -25 -29720
-20 19 -20 22 -42080
1 -24 -18 -12 -59986
-1 -14 0 -15 -43178
-23 -23 -24 -22 -33844
4 -9 7 -8 -46614
16 -19 14 -19 -38284
8 -8 11 -5 -45832
-2 -2 -5 -1 -39924
25 2 23 2 -17154
4 -25 10 -25 -41188
-17 -12 -17 -14 -41942
-24 24 -14 25 -37460
-5 -13 -4 -14 -44142
-4 12 -4 13 -37380
-25 14 -24 13 -31958
-4 23 -2 20 -41996
11 -20 12 -18 -45918
-24 -4 -25 -4 -17032
17 -25 15 -23 -26602
10 -19 8 -18 -37868
-23 16 -21 20 -44470
-8 25 -8 23 -25102
15 -22 14 -23 -36502
-10 1 -10 -3 -41210
15 -9 12 -9 -37680
-12 5 -15 5 -40096
8 -14 9 -14 -38792
14 20 11 25 -45154
7 -4 9 -6 -46724
16 -8 18 -9 -39002
20 -8 20 -10 -31836
-20 9 -24 13 -46738
-24 -1 -22 2 -43840
11 -22 9 -22 -37360
-21 -2 -22 0 -38254
12 14 13 15 -42772
-12 16 -16 17 -40792
-12 6 -11 7 -42298
-3 -19 -2 -16 -40184
15 1 11 0 -42986
-11 7 -11 9 -42300
8 -6 14 -7 -42112
5 -13 6 -13 -45060
-7 17 -7 14 -38106
25 -3 25 -6 -33732
23 -17 23 -20 -43478
0 7 1 4 -45254
8 -10 12 -10 -42420
23 -19 24 -17 -33742
-2 -13 6 0 -66090
-18 -24 -25 -23 -39348
6 -24 5 -24 -38910
-24 25 -25 20 -23860
17 -20 19 -20 -36690
-11 -23 -13 -24 -42332
-7 12 -7 11 -37662
-22 1 -22 2 -41856
4 -5 6 -5 -45320
4 -21 4 -17 -46608
7 -22 7 -23 -38616
-21 -3 -22 -4 -44754
6 -5 10 -5 -44046
-5 3 -5 1 -41538
-9 -13 -9 -11 -43812
-18 -20 -18 -17 -44484
-16 20 -16 19 -39460
-24 -18 -22 -24 -46030
-24 19 -21 19 -38624
14 23 23 23 -45784
14 -11 13 -10 -38246
-5 5 -4 4 -43166
13 -14 14 -14 -39910
-20 -17 -21 -19 -44098
-14 21 -12 18 -41356
-19 11 -18 13 -39718
-24 -17 -23 -7 -43480
4 9 4 12 -40720
-12 -4 -10 -3 -44878
-24 16 -23 17 -37606
12 16 13 13 -44328
-20 -15 -20 -13 -40094
21 25 24 23 -26466
10 -7 10 -8 -37528
14 -1 11 1 -37998
-23 -4 -23 -7 -39974
7 19 6 19 -34018
12 24 12 22 -39106
-13 -23 -11 -23 -43216
3 -3 0 -4 -44994
-18 23 -17 25 -24002
12 0 10 0 -40406
2 1 2 0 -39298
-18 -20 -17 -23 -47904
-1 -7 -2 -2 -46610
17 23 16 21 -45898
20 -5 22 -6 -41186
10 3 10 2 -39542
-5 -22 -4 -25 -31942
16 4 17 3 -39946
-22 -21 -19 -21 -42790
15 18 14 19 -43944
24 15 25 13 -29296
-6 21 -2 25 -43810
-12 -11 -12 -8 -43490
-16 -22 -16 -20 -46730
3 -24 5 -24 -32904
1 -1 -2 0 -41422
16 -24 21 -23 -41514
12 -1 11 -3 -42230
11 22 15 21 -41042
-23 -19 -23 -20 -43008
12 -25 10 -24 -26450
24 -11 25 -10 -22490
-16 21 -16 22 -37498
-3 -11 -7 -13 -46262
-8 18 -6 19 -43110
5 8 6 6 -46792
-16 15 -17 17 -40976
-14 10 -11 9 -44598
20 -2 22 -3 -43920
24 -21 19 -25 -38828
16 -16 15 -15 -44226
-25 -24 -23 -22 -24728
1 25 5 25 -27156
-9 -13 -10 -13 -41210
24 -13 23 -12 -29506
-18 2 -23 2 -41466
-17 23 -13 22 -30948
-2 4 -2 3 -42348
-1 -6 1 -6 -44938
19 7 20 5 -43698
-15 -1 -15 2 -41368
21 -3 21 -4 -41594
8 -2 5 0 -46168
4 11 8 12 -41144
14 15 19 15 -43962
-14 -15 -13 -14 -46176
3 23 4 25 -29622
25 -4 25 4 -41400
-2 -6 0 -8 -45124
-9 -18 -7 -17 -44470
-10 22 -8 21 -41272
25 -22 24 -19 -30082
24 6 24 8 -33356
-21 11 -22 11 -39896
18 -25 19 -23 -30688
18 -1 20 0 -42526
-7 -20 -6 -22 -42922
9 22 10 23 -36876
5 1 4 -1 -43242
10 11 12 10 -39674
-24 -11 -24 -6 -41914
16 -8 18 -5 -44998
21 24 -23 23 -39706
8 12 8 14 -38384
5 22 4 23 -37644
19 4 19 7 -45844
25 19 23 17 -26986
22 10 24 13 -34992
13 3 13 2 -38686
0 18 -1 19 -42386
25 21 22 20 -21672
-2 -10 -2 -14 -44256
-1 8 0 11 -39594
-24 8 -18 8 -44608
25 -17 24 -15 -29984
19 -15 22 -16 -38868
-21 -25 -19 -23 -34306
6 8 6 10 -41354
3 15 4 12 -41442
-1 -20 -5 -18 -48840
23 -2 22 0 -43412
0 23 1 24 -33004
23 23 16 23 -42946
-14 1 -10 1 -42562
25 -9 25 -25 -43506
17 8 19 7 -43420
-21 -12 -23 -12 -39262
4 22 23 23 -43602
19 10 20 10 -39168
-19 9 -18 8 -43750
8 -16 8 -13 -39792
-25 13 -25 11 -33248
15 -16 15 -18 -41768
-3 14 -6 15 -46112
-6 -23 -10 -21 -42050
10 -1 10 -2 -37632
-7 11 -5 11 -43452
-25 2 -25 -6 -42160
-25 -23 -25 -25 -21580
0 13 3 13 -39568
-8 25 -11 23 -32692
6 10 4 11 -36194
7 -22 8 -23 -38740
17 -11 18 -10 -40438
3 4 0 6 -44432
2 21 3 21 -36150
-15 15 -17 15 -36226
-1 -12 0 -11 -44430
-19 -24 -16 -22 -39474
11 -14 13 -13 -42982
-10 20 -12 20 -34332
-16 0 -15 0 -40146
3 -2 3 -5 -45500
22 -12 21 -11 -37848
4 22 11 22 -40502
-1 -11 1 -12 -44266
-18 0 -18 10 -55094
-23 -18 -23 -16 -39186
-13 -17 -12 -19 -43274
14 -7 14 -5 -41196
-8 2 -10 4 -44450
0 14 1 15 -37542
-15 -14 -18 -14 -40846
-22 -9 -24 -8 -36214
-11 9 -11 12 -39124
23 17 23 8 -45412
-22 -2 -18 -2 -41052
21 -22 -24 -23 -41600
-14 -17 -13 -16 -45590
-10 -22 -12 -23 -43898
18 -9 17 -9 -38630
0 7 1 7 -36168
-24 4 -24 -1 -46798
-24 5 -20 11 -42246
-18 13 -17 11 -41852
1 1 2 3 -45112
20 13 21 15 -42026
3 -23 4 -21 -43244
2 -19 3 -21 -44056
-19 -11 -18 -10 -39950
11 12 9 11 -40554
23 -20 20 -24 -38846
23 20 19 22 -41432
-18 -24 -14 -23 -36208
14 20 19 20 -46178
16 -10 -12 -10 -54068
-3 -20 -2 -20 -41032
23 -1 23 -3 -42426
8 17 9 21 -45338
18 -1 13 -1 -37730
-14 -4 -12 -5 -42638
14 19 16 20 -44980
19 12 22 10 -43592
-19 -4 -17 -5 -40758
-1 8 -4 11 -40238
-11 -2 -12 -1 -40798
-9 23 -3 22 -43040
7 23 10 21 -41930
17 6 17 9 -47298
22 23 18 20 -45992
0 -19 4 -17 -43178
-3 -6 1 -6 -45786
-20 21 -21 23 -36668
1 -15 2 -15 -41236
15 21 17 19 -44994
-23 21 -19 22 -39056
-8 18 -9 18 -42342
4 -13 3 -12 -42884
-22 -21 -23 -22 -38548
12 8 13 7 -44526
-3 -19 -3 -20 -40952
-1 15 -2 19 -42840
6 -13 7 -14 -41244
-13 21 -19 20 -40020
-16 23 -21 23 -40052
-7 19 -5 18 -44370
16 9 13 10 -40138
0 13 5 12 -42880
23 -5 22 -7 -36348
17 -22 14 -18 -46390
4 21 6 20 -42094
-3 7 -5 7 -41884
-11 -17 -10 -13 -44564
-21 -15 -24 -16 -43646
-6 -2 -4 -5 -44136
-9 -5 -8 -8 -46284
-1 -24 2 -23 -41078
21 -4 18 -2 -45808
18 -19 23 -23 -41018
-19 -5 -20 -6 -43858
-1 3 -2 3 -35486
-8 4 -8 7 -41892
-15 4 -16 6 -44796
-9 -8 -5 12 -60744
-6 -4 -3 -13 -58058
15 11 15 12 -38216
-23 -5 -23 -2 -42342
-4 -14 -5 -14 -42434
-6 -19 -5 -18 -45728
18 15 12 14 -46686
19 4 21 1 -38884
21 -14 20 -16 -40904
20 -20 19 -21 -39850
23 -7 22 -7 -30600
7 15 7 18 -44580
-13 22 -8 23 -37910
22 2 19 1 -39204
5 -21 7 -22 -39336
-11 9 -9 6 -43536
-16 -3 -18 -3 -41420
20 -14 20 -12 -41420
-20 8 -22 9 -46434
5 1 5 3 -42520
-10 3 -7 5 -44836
23 9 20 9 -30442
-6 -4 -7 -5 -44660
-6 22 0 22 -41642
-24 16 -24 13 -41864
-23 -12 -21 -10 -41518
-4 13 -2 12 -42040
-24 -24 2 -24 -42602
22 -6 23 -8 -33496
-17 -11 -21 -10 -39274
22 -9 19 -11 -43558
6 3 4 2 -41290
9 -19 8 -22 -46370
12 21 10 22 -42764
17 -19 18 -21 -43472
-6 21 -4 22 -44612
-24 15 -24 16 -40434
-15 4 -16 2 -40324
23 12 22 7 -38890
-24 6 -19 4 -48200
10 11 8 11 -41172
-23 2 -24 5 -42506
-9 14 -10 14 -41014
18 9 16 8 -38190
-24 -3 -22 -1 -40474
-23 8 -23 14 -41812
-16 19 -18 17 -42778
17 18 -14 -6 -62234
23 -11 23 -17 -42644
-6 1 -7 1 -43742
-7 20 -7 22 -41044
-13 -9 -13 -6 -42806
20 -19 22 -20 -36958
-13 1 -15 4 -46670
-21 22 -18 21 -41880
15 -17 13 -16 -42316
-12 -15 -11 -16 -42410
-14 -23 -14 -21 -42824
10 4 11 4 -38868
8 20 13 21 -39736
2 19 5 21 -42578
6 -5 3 -3 -46742
6 -21 5 -22 -43802
-14 16 -11 19 -43628
-4 -23 -7 -24 -45102
2 20 -2 23 -44386
-7 -20 -8 -22 -41218
-17 7 -17 8 -41388
-24 1 -22 6 -44774
20 20 19 19 -46044
9 4 7 5 -42246
-20 2 -23 4 -46908
-23 14 -24 14 -32938
11 15 13 19 -47132
17 21 17 19 -45832
23 14 18 15 -41350
11 -12 11 -11 -34698
-5 7 -6 6 -45454
-7 -23 -5 -23 -42748
11 -18 12 -18 -38286
-23 4 -23 7 -39604
-12 -23 -14 -22 -45056
19 -2 19 1 -40590
12 21 14 23 -44232
-13 -4 -7 -4 -46326
-17 21 -18 22 -38650
-9 -14 -9 -12 -44664
-11 -18 -10 -18 -46300
0 -14 -3 -13 -45124
-5 17 -6 17 -45838
-11 -17 -9 -17 -46550
10 16 12 15 -40654
17 -13 17 -16 -43960
13 8 12 8 -37486
13 16 16 14 -46312
-24 -21 -24 -18 -44342
-15 -4 -12 -1 -45400
10 -21 10 -24 -38852
8 4 8 7 -41046
-2 23 19 23 -43206
16 5 14 5 -37376
10 5 7 4 -43396
-2 19 -1 22 -43770
20 13 20 12 -40142
0 4 2 4 -39572
-1 -4 0 -1 -43996
-13 -21 -15 -22 -43542
-6 23 3 22 -42642
-17 -21 -16 -22 -44134
1 -11 2 -10 -45012
5 -3 4 -4 -47324
11 -23 6 -23 -43160
-5 8 -8 8 -42646
12 -18 13 -17 -43520
7 12 -16 15 -53308
23 -12 18 -12 -42176
8 12 6 12 -38288
0 10 -3 9 -39176
-6 13 -5 14 -42584
-6 -21 -5 -21 -45192
23 1 23 6 -43236
-9 14 -10 15 -43214
-2 -22 -6 -24 -46540
2 -12 2 -15 -39206
21 -4 19 -6 -45694
8 -6 8 -4 -44248
8 21 8 23 -42784
0 -12 0 -7 -46096
8 -10 7 -9 -40232
-19 13 -21 14 -43240
-9 -6 -7 -7 -41498
-16 -22 -20 -21 -39952
10 -15 -6 -23 -59528
17 5 18 5 -39868
-10 -22 -11 -17 -46914
8 7 8 8 -43030
0 17 -4 17 -41576
-5 -9 -3 -9 -40642
3 -1 2 -1 -39668
18 17 23 18 -43712
-16 9 -14 8 -44538
22 20 20 23 -41242
19 -4 23 -2 -43276
-24 -22 -20 -21 -43766
21 13 19 15 -44812
7 -15 5 -15 -44570
1 1 4 -1 -43466
-1 22 -1 23 -37534
23 5 21 3 -39266
-15 -10 -12 -10 -39744
-10 22 -10 19 -41982
-6 -9 -9 -9 -40812
-7 1 -6 2 -45288
-24 16 -21 16 -41670
-23 4 -24 10 -41940
-24 -12 -21 -16 -38618
6 -7 5 -11 -44190
-19 -19 -23 -17 -50794
-3 -22 2 -24 -38956
-15 -12 -13 -14 -43018
5 -11 2 -12 -46018
19 -9 22 -10 -42208
16 -12 14 -13 -40240
6 7 8 6 -43414
-13 14 -10 16 -45150
-16 3 -18 3 -42604
