-10 1 -10 2 -38724
18 4 21 5 -42516
-9 -24 -8 -22 -36952
-8 12 13 8 -52392
-13 13 -12 13 -40702
-11 -8 -12 -7 -42022
23 3 24 1 -36456
-24 -15 -18 -18 -45448
-15 -19 -12 -19 -44290
-3 8 -4 7 -41606
16 7 16 10 -44176
15 -1 17 1 -44124
-16 -3 -17 -5 -43876
-8 9 -11 8 -42830
-1 18 3 19 -41048
-10 -10 -11 -11 -41830
8 0 9 0 -39416
-25 -15 -23 -14 -33248
-15 2 12 13 -60976
21 4 23 8 -45490
-9 25 -6 24 -32074
-10 2 -8 2 -40666
25 25 24 22 -16300
-18 1 -16 0 -44956
-25 -11 -25 -8 -36968
-15 6 -18 6 -46334
-20 16 -18 17 -42356
-7 -23 20 -22 -46464
17 17 17 19 -39390
13 -21 13 -18 -44270
1 -12 2 -12 -42582
25 -24 21 -22 -15588
12 -9 -8 -20 -63512
-6 -10 -6 -9 -37472
2 -23 -3 -23 -44434
20 18 20 14 -39350
23 18 23 23 -34680
-15 -24 -14 -25 -29914
8 15 9 16 -41826
3 -16 4 -19 -43070
-20 -5 -20 -4 -43424
4 18 3 15 -40702
-15 -13 -18 -14 -42078
7 -16 7 -17 -38962
18 -8 15 -8 -47760
-22 -10 -21 -7 -41294
5 21 6 18 -43048
-19 -14 -16 -18 -47988
-18 -9 -17 -12 -40968
12 -3 12 -5 -42684
-23 24 -25 24 -15294
13 -15 12 -13 -40322
2 -25 2 -23 -26722
22 -19 22 -20 -40940
-18 17 -18 12 -46666
11 -24 17 -23 -35592
1 -23 0 -24 -40196
-24 -8 -20 -9 -38984
-24 19 -24 15 -40542
-22 -14 -24 -18 -45610
-10 -7 -8 -4 -46814
-11 -24 -10 -25 -28638
-20 19 -20 22 -41734
-19 -21 -20 -24 -44768
-1 -14 0 -15 -39848
-23 -23 -24 -22 -32078
4 -9 7 -8 -45872
16 -19 14 -19 -37742
8 -8 11 -5 -45084
-2 -2 -5 -1 -35404
25 2 23 2 -16980
4 -25 10 -25 -42532
-17 -12 -17 -14 -41172
-24 24 -14 25 -38820
-5 -13 -4 -14 -41850
-4 12 -4 13 -41302
-25 14 -24 13 -30720
-4 23 -2 20 -40664
11 -20 12 -18 -45058
-24 -4 -25 -4 -16026
17 -25 15 -23 -25694
10 -19 8 -18 -38462
-23 16 -21 20 -47114
-8 25 -8 23 -25642
15 -22 14 -23 -36230
-10 1 -10 -3 -42260
15 -9 12 -9 -40298
14 20 6 18 -50048
8 -14 9 -14 -37914
14 20 11 25 -45598
7 -4 9 -6 -48388
16 -8 18 -9 -44154
20 -8 20 -10 -32906
-20 9 -24 13 -47876
-24 -1 -22 2 -43214
11 -22 9 -22 -36450
-21 -2 -22 0 -37610
12 14 13 15 -40740
-12 16 -16 17 -45508
-12 6 -11 7 -43958
-3 -19 -2 -16 -39918
15 1 11 0 -44746
-11 7 -11 9 -43648
8 -6 14 -7 -44558
5 -13 6 -13 -44204
-7 17 -7 14 -37712
25 -3 25 -6 -33554
23 -17 23 -20 -43096
14 19 17 19 -44320
8 -10 12 -10 -43054
23 -19 24 -17 -33492
-8 -24 2 8 -64662
-18 -24 -25 -23 -37314
6 -24 5 -24 -40204
-24 25 -25 20 -24900
17 -20 19 -20 -37522
-11 -23 -13 -24 -42296
-7 12 -7 11 -39512
-22 1 -22 2 -40584
4 -5 6 -5 -43548
4 -21 4 -17 -44196
7 -22 7 -23 -39880
-21 -3 -22 -4 -44986
6 -5 10 -5 -43800
-5 3 -5 1 -38248
-9 -13 -9 -11 -43926
-18 -20 -18 -17 -43664
-16 20 -16 19 -40706
-24 -18 -22 -24 -45212
-24 19 -21 19 -37522
14 23 23 23 -41446
14 -11 13 -10 -39476
-5 5 -4 4 -40284
13 -14 14 -14 -41176
-20 -17 -21 -19 -45808
-14 21 -12 18 -43238
-19 11 -18 13 -41840
-24 -17 -23 -7 -44092
4 9 4 12 -45004
-12 -4 -10 -3 -45398
-24 16 -23 17 -38646
12 16 13 13 -44318
-20 -15 -20 -13 -40914
21 25 24 23 -26020
10 -7 10 -8 -36508
14 -1 11 1 -42518
-23 -4 -23 -7 -39110
7 19 6 19 -36290
12 24 12 22 -38136
-13 -23 -11 -23 -42390
3 -3 0 -4 -43640
-18 23 -17 25 -26018
12 0 10 0 -41966
2 1 2 0 -39770
3 -4 1 -7 -47024
-1 -7 -2 -2 -46496
17 23 16 21 -38978
20 -5 22 -6 -41712
10 3 10 2 -39930
-5 -22 -4 -25 -28936
16 4 17 3 -41642
-22 -21 -19 -21 -41756
15 18 14 19 -43212
24 15 25 13 -28750
-6 21 -2 25 -42146
-12 -11 -12 -8 -42904
-16 -22 -16 -20 -43046
3 -24 5 -24 -34038
1 -1 -2 0 -40656
16 -24 21 -23 -40828
12 -1 11 -3 -43130
11 22 15 21 -42974
-23 -19 -23 -20 -42900
12 -25 10 -24 -27296
24 -11 25 -10 -22960
-16 21 -16 22 -37988
-3 -11 -7 -13 -47194
-8 18 -6 19 -45222
-14 -7 -17 -7 -39136
-16 15 -17 17 -41964
-14 10 -11 9 -45348
20 -2 22 -3 -44724
24 -21 19 -25 -36764
16 -16 15 -15 -43992
-25 -24 -23 -22 -25792
1 25 5 25 -26020
-9 -13 -10 -13 -39934
24 -13 23 -12 -29840
-18 2 -23 2 -41400
-17 23 -13 22 -34314
-2 4 -2 3 -38122
-1 -6 1 -6 -44350
19 7 20 5 -44510
-15 -1 -15 2 -40808
21 -3 21 -4 -42222
8 -2 5 0 -45402
4 11 8 12 -41440
14 15 19 15 -43810
-15 4 -14 4 -44318
3 23 4 25 -29590
25 -4 25 4 -42458
-2 -6 0 -8 -42674
-9 -18 -7 -17 -44552
-10 22 -8 21 -44314
25 -22 24 -19 -29294
24 6 24 8 -33624
-21 11 -22 11 -40052
18 -25 19 -23 -30620
18 -1 20 0 -42768
-7 -20 -6 -22 -39012
9 22 10 23 -37968
5 1 4 -1 -41986
10 11 12 10 -40326
-24 -11 -24 -6 -41266
16 -8 18 -5 -46468
21 24 -23 23 -39862
8 12 8 14 -39546
5 22 4 23 -37094
19 4 19 7 -46102
25 19 23 17 -25910
22 10 24 13 -35056
13 3 13 2 -39830
0 18 -1 19 -37378
25 21 22 20 -21098
-2 -10 -2 -14 -43448
-1 8 0 11 -42672
-24 8 -18 8 -44100
25 -17 24 -15 -29834
19 -15 22 -16 -38196
-21 -25 -19 -23 -38000
6 8 6 10 -40184
3 15 4 12 -45410
1 23 -5 23 -30448
23 -2 22 0 -44076
0 23 1 24 -32660
23 23 16 23 -38890
-14 1 -10 1 -43096
25 -9 25 -25 -43566
17 8 19 7 -43998
-21 -12 -23 -12 -37006
4 22 23 23 -44586
19 10 20 10 -39156
-19 9 -18 8 -45362
8 -16 8 -13 -41244
-25 13 -25 11 -34340
15 -16 15 -18 -40848
-3 14 -6 15 -43682
-6 -23 -10 -21 -40148
10 -1 10 -2 -39398
-7 11 -5 11 -41202
-25 2 -25 -6 -41654
-25 -23 -25 -25 -20816
0 13 3 13 -37940
-8 25 -11 23 -34674
6 10 4 11 -36600
7 -22 8 -23 -43580
17 -11 18 -10 -42402
3 4 0 6 -38932
2 21 3 21 -34994
-15 15 -17 15 -37922
-1 -12 0 -11 -44176
-19 -24 -16 -22 -43032
11 -14 13 -13 -44516
-10 20 -12 20 -47384
-16 0 -15 0 -43094
3 -2 3 -5 -44034
22 -12 21 -11 -37874
4 22 11 22 -42978
-1 -11 1 -12 -41406
-14 18 -9 19 -58480
-23 -18 -23 -16 -40078
-13 -17 -12 -19 -43550
14 -7 14 -5 -40854
-8 2 -10 4 -43438
0 14 1 15 -37566
-15 -14 -18 -14 -41698
-22 -9 -24 -8 -35256
-11 9 -11 12 -42196
23 17 23 8 -44890
-22 -2 -18 -2 -41000
21 -22 -24 -23 -43900
-14 -17 -13 -16 -41166
-10 -22 -12 -23 -42526
18 -9 17 -9 -45584
0 7 1 7 -36516
-24 4 -24 -1 -44766
-24 5 -20 11 -41242
-18 13 -17 11 -43180
1 1 2 3 -44370
20 13 21 15 -40974
3 -23 4 -21 -41136
2 -19 3 -21 -40608
-19 -11 -18 -10 -38816
11 12 9 11 -42128
23 -20 20 -24 -37680
23 20 19 22 -40976
-18 -24 -14 -23 -37874
20 10 3 -6 -62262
-8 -5 -7 -1 -47898
-3 -20 -2 -20 -38268
23 -1 23 -3 -42678
8 17 9 21 -42250
18 -1 13 -1 -40244
-14 -4 -12 -5 -39566
14 19 16 20 -44972
19 12 22 10 -43848
-19 -4 -17 -5 -40444
-1 8 -4 11 -42314
-11 -2 -12 -1 -40382
-9 23 -3 22 -41832
7 23 10 21 -42770
17 6 17 9 -47072
22 23 18 20 -40230
0 -19 4 -17 -44634
-3 -6 1 -6 -43966
-20 21 -21 23 -34480
1 -15 2 -15 -42518
15 21 17 19 -44956
-23 21 -19 22 -41696
-8 18 -9 18 -47476
4 -13 3 -12 -42488
-22 -21 -23 -22 -40764
12 8 13 7 -43376
-3 -19 -3 -20 -36826
1 10 1 14 -46498
6 -13 7 -14 -41316
-13 21 -19 20 -45728
-16 23 -21 23 -40390
-7 19 -5 18 -42598
16 9 13 10 -40532
0 13 5 12 -42784
23 -5 22 -7 -36706
-6 7 -7 7 -39350
4 21 6 20 -42442
-3 7 -5 7 -40902
-11 -17 -10 -13 -42840
-21 -15 -24 -16 -42856
-6 -2 -4 -5 -43944
-9 -5 -8 -8 -43900
-1 -24 2 -23 -43594
21 -4 18 -2 -46786
18 -19 23 -23 -39920
-19 -5 -20 -6 -43604
-1 3 -2 3 -33164
-8 4 -8 7 -39590
-15 4 -16 6 -41966
-13 17 -14 3 -56532
-15 21 -10 22 -47708
15 11 15 12 -38190
-23 -5 -23 -2 -42184
-4 -14 -5 -14 -40622
-6 -19 -5 -18 -45658
18 15 12 14 -46864
19 4 21 1 -40010
21 -14 20 -16 -41848
20 -20 19 -21 -38800
23 -7 22 -7 -30996
7 15 7 18 -41952
-13 22 -8 23 -47040
22 2 19 1 -38878
5 -21 7 -22 -41138
-11 9 -9 6 -43116
-16 -3 -18 -3 -42578
20 -14 20 -12 -41694
-20 8 -22 9 -47270
5 1 5 3 -42460
-10 3 -7 5 -42982
23 9 20 9 -31540
-6 -4 -7 -5 -45392
11 -24 9 -21 -42528
-24 16 -24 13 -42744
-23 -12 -21 -10 -41520
-4 13 -2 12 -40532
-24 -24 2 -24 -40430
22 -6 23 -8 -34076
-17 -11 -21 -10 -38910
22 -9 19 -11 -44542
6 3 4 2 -39190
9 -19 8 -22 -44792
12 21 10 22 -44098
17 -19 18 -21 -38624
-6 21 -4 22 -42538
-24 15 -24 16 -40078
-15 4 -16 2 -39462
23 12 22 7 -38912
-24 6 -19 4 -48334
10 11 8 11 -42646
-23 2 -24 5 -41224
-9 14 -10 14 -43412
18 9 16 8 -39592
-24 -3 -22 -1 -40394
-23 8 -23 14 -43614
-16 19 -18 17 -46300
16 -24 19 -24 -35288
23 -11 23 -17 -42312
-6 1 -7 1 -38840
-7 20 -7 22 -41102
-13 -9 -13 -6 -42064
20 -19 22 -20 -35546
-13 1 -15 4 -44824
-21 22 -18 21 -40528
15 -17 13 -16 -42174
-12 -15 -11 -16 -42202
-14 -23 -14 -21 -41006
10 4 11 4 -39914
8 20 13 21 -45924
2 19 5 21 -42954
6 -5 3 -3 -45286
6 -21 5 -22 -42800
-14 16 -11 19 -49912
-4 -23 -7 -24 -44476
2 20 -2 23 -41416
-7 -20 -8 -22 -40096
-17 7 -17 8 -40220
-24 1 -22 6 -42314
20 20 19 19 -42104
9 4 7 5 -42268
-20 2 -23 4 -45708
-23 14 -24 14 -31306
-24 -22 4 19 -61498
17 21 17 19 -44592
23 14 18 15 -41144
11 -12 11 -11 -34914
-5 7 -6 6 -43776
-7 -23 -5 -23 -40898
11 -18 12 -18 -39032
-23 4 -23 7 -37326
-12 -23 -14 -22 -43824
19 -2 19 1 -41912
12 21 14 23 -42096
-13 -4 -7 -4 -46108
-17 21 -18 22 -36858
-9 -14 -9 -12 -45218
-11 -18 -10 -18 -44938
-4 18 -16 17 -63720
-5 17 -6 17 -45906
-11 -17 -9 -17 -45724
10 16 12 15 -43674
17 -13 17 -16 -44680
13 8 12 8 -38454
13 16 16 14 -47366
-24 -21 -24 -18 -44466
-15 -4 -12 -1 -46782
10 -21 10 -24 -41426
8 4 8 7 -37930
-2 23 19 23 -44134
16 5 14 5 -38544
10 5 7 4 -44750
-2 19 -1 22 -42788
20 13 20 12 -39824
0 4 2 4 -39078
-1 -4 0 -1 -41108
-13 -21 -15 -22 -43358
-9 -17 1 18 -67918
-17 -21 -16 -22 -39640
1 -11 2 -10 -43656
9 -23 6 -23 -42218
-21 19 -20 20 -44142
2 -20 -1 -19 -45202
12 -18 13 -17 -43846
-8 -16 -7 -17 -39452
23 -12 18 -12 -43134
8 12 6 12 -39192
0 10 -3 9 -38548
-6 13 -5 14 -45208
-6 -21 -5 -21 -43018
23 1 23 6 -43342
-9 14 -10 15 -43314
-2 -22 -6 -24 -45120
2 -12 2 -15 -38922
21 -4 19 -6 -45954
8 -6 8 -4 -43352
8 21 8 23 -41706
0 -12 0 -7 -42936
8 -10 7 -9 -40880
-19 13 -21 14 -42912
-9 -6 -7 -7 -40290
-16 -22 -20 -21 -38684
-13 6 -16 5 -44912
17 5 18 5 -40966
-10 -22 -11 -17 -46478
8 7 8 8 -38178
0 17 -4 17 -39320
-5 -9 -3 -9 -38642
3 -1 2 -1 -38208
18 17 23 18 -41328
-16 9 -14 8 -46642
22 20 20 23 -40948
19 -4 23 -2 -43986
-24 -22 -20 -21 -43196
21 13 19 15 -44216
7 -15 5 -15 -43738
1 1 4 -1 -41548
-1 22 -1 23 -38368
23 5 21 3 -39434
-15 -10 -12 -10 -38838
-10 22 -10 19 -42372
-6 -9 -9 -9 -39852
-1 -13 -2 -13 -37410
-24 16 -21 16 -40722
-23 4 -24 10 -41454
-24 -12 -21 -16 -37364
6 -7 5 -11 -42964
11 -1 14 -4 -44446
-3 -22 2 -24 -40604
-15 -12 -13 -14 -43692
5 -11 2 -12 -45562
19 -9 22 -10 -43266
16 -12 14 -13 -41684
6 7 8 6 -41722
-13 14 -10 16 -50246
-16 3 -18 3 -45896
