-10 1 -10 2 -38241
18 4 21 5 -44095
-9 -24 -8 -22 -36919
7 19 10 -4 -59269
-13 13 -12 13 -37123
-11 -8 -12 -7 -42811
23 3 24 1 -35193
-24 -15 -18 -18 -46235
-15 -19 -12 -19 -43537
-3 8 -4 7 -39291
16 7 16 10 -45165
15 -1 17 1 -47035
-16 -3 -17 -5 -44019
-8 9 -11 8 -39505
-1 18 3 19 -41375
-10 -10 -11 -11 -41915
8 0 9 0 -38911
-25 -15 -23 -14 -32515
21 19 12 7 -60923
21 4 23 8 -45771
-9 25 -6 24 -30053
-10 2 -8 2 -39855
25 25 24 22 -16823
-18 1 -16 0 -44439
-25 -11 -25 -8 -37589
-15 6 -18 6 -45709
-20 16 -18 17 -41039
-7 -23 20 -22 -44737
17 17 17 19 -39625
13 -21 13 -18 -44879
1 -12 2 -12 -42939
25 -24 21 -22 -15095
10 -8 18 -10 -54667
-6 -10 -6 -9 -37689
2 -23 -3 -23 -45163
20 18 20 14 -40471
23 18 23 23 -34623
-15 -24 -14 -25 -30235
8 15 9 16 -42579
3 -16 4 -19 -44875
-20 -5 -20 -4 -44101
4 18 3 15 -41475
-15 -13 -18 -14 -42569
7 -16 7 -17 -40021
18 -8 15 -8 -50693
-22 -10 -21 -7 -42109
5 21 6 18 -43043
-19 -14 -16 -18 -49131
-18 -9 -17 -12 -41629
12 -3 12 -5 -42937
-23 24 -25 24 -14933
13 -15 12 -13 -41761
2 -25 2 -23 -27135
22 -19 22 -20 -41181
-18 17 -18 12 -44065
11 -24 17 -23 -36369
1 -23 0 -24 -40791
-24 -8 -20 -9 -39823
-24 19 -24 15 -39539
-22 -14 -24 -18 -45611
-10 -7 -8 -4 -47091
-11 -24 -10 -25 -29275
-20 19 -20 22 -41137
-19 -21 -20 -24 -45507
-1 -14 0 -15 -41723
-23 -23 -24 -22 -32597
4 -9 7 -8 -45257
16 -19 14 -19 -38433
8 -8 11 -5 -45477
-2 -2 -5 -1 -35183
25 2 23 2 -16609
4 -25 10 -25 -42373
-17 -12 -17 -14 -42137
-24 24 -14 25 -37753
-5 -13 -4 -14 -43041
-4 12 -4 13 -39737
-25 14 -24 13 -28133
-4 23 -2 20 -39927
11 -20 12 -18 -46507
-24 -4 -25 -4 -16281
17 -25 15 -23 -25585
10 -19 8 -18 -39341
-23 16 -21 20 -46073
-8 25 -8 23 -24951
15 -22 14 -23 -37253
-10 1 -10 -3 -42141
15 -9 12 -9 -45911
14 20 6 18 -50345
8 -14 9 -14 -37645
14 20 11 25 -45325
7 -4 9 -6 -48559
16 -8 18 -9 -47543
20 -8 20 -10 -33401
23 18 2 4 -57651
-24 -1 -22 2 -42653
11 -22 9 -22 -37657
-21 -2 -22 0 -37187
12 14 13 15 -42915
-12 16 -16 17 -42071
-12 6 -11 7 -40731
-3 -19 -2 -16 -39225
15 1 11 0 -46621
-11 7 -11 9 -41049
8 -6 14 -7 -46463
5 -13 6 -13 -43577
-7 17 -7 14 -35947
25 -3 25 -6 -33921
23 -17 23 -20 -43391
14 19 17 19 -45937
8 -10 12 -10 -43603
23 -19 24 -17 -34327
3 -22 16 0 -64167
-18 -24 -25 -23 -37213
6 -24 5 -24 -39807
-24 25 -25 20 -24407
17 -20 19 -20 -38303
-11 -23 -13 -24 -42149
-7 12 -7 11 -38147
-22 1 -22 2 -40349
4 -5 6 -5 -43269
4 -21 4 -17 -45051
7 -22 7 -23 -40539
-21 -3 -22 -4 -44391
6 -5 10 -5 -43281
-5 3 -5 1 -37067
-9 -13 -9 -11 -44339
-18 -20 -18 -17 -44761
-16 20 -16 19 -39935
-24 -18 -22 -24 -45849
-24 19 -21 19 -36135
14 23 23 23 -42041
14 -11 13 -10 -42819
-5 5 -4 4 -39715
13 -14 14 -14 -43003
-20 -17 -21 -19 -45547
-14 21 -12 18 -42567
-19 11 -18 13 -38787
-24 -17 -23 -7 -44651
4 9 4 12 -45141
-12 -4 -10 -3 -45093
-24 16 -23 17 -38089
12 16 13 13 -44919
-20 -15 -20 -13 -41241
21 25 24 23 -25881
10 -7 10 -8 -37841
14 -1 11 1 -44329
-23 -4 -23 -7 -39853
7 19 6 19 -35529
12 24 12 22 -38567
-13 -23 -11 -23 -42527
3 -3 0 -4 -43085
-18 23 -17 25 -25305
12 0 10 0 -43293
2 1 2 0 -39397
3 -4 1 -7 -46335
-1 -7 -2 -2 -46455
17 23 16 21 -39773
20 -5 22 -6 -42513
10 3 10 2 -39373
-5 -22 -4 -25 -29191
16 4 17 3 -43731
-22 -21 -19 -21 -41171
15 18 14 19 -43717
24 15 25 13 -29639
-6 21 -2 25 -41997
-12 -11 -12 -8 -43989
-16 -22 -16 -20 -44231
3 -24 5 -24 -33369
1 -1 -2 0 -39949
16 -24 21 -23 -41057
12 -1 11 -3 -43789
11 22 15 21 -42979
-23 -19 -23 -20 -43249
12 -25 10 -24 -28369
24 -11 25 -10 -23697
-16 21 -16 22 -37171
-3 -11 -7 -13 -46669
-8 18 -6 19 -41751
-14 -7 -17 -7 -39151
-16 15 -17 17 -40619
-14 10 -11 9 -43237
20 -2 22 -3 -44879
24 -21 19 -25 -37023
16 -16 15 -15 -44547
-25 -24 -23 -22 -25639
1 25 5 25 -25257
-9 -13 -10 -13 -39699
24 -13 23 -12 -29699
-18 2 -23 2 -40647
-17 23 -13 22 -32761
-2 4 -2 3 -36913
-1 -6 1 -6 -44525
19 7 20 5 -44741
-15 -1 -15 2 -39913
21 -3 21 -4 -43557
8 -2 5 0 -45767
4 11 8 12 -40401
14 15 19 15 -45827
-15 4 -14 4 -44207
3 23 4 25 -29807
25 -4 25 4 -41997
-2 -6 0 -8 -43621
-9 -18 -7 -17 -43823
-10 22 -8 21 -40791
25 -22 24 -19 -29689
24 6 24 8 -33541
-21 11 -22 11 -37491
18 -25 19 -23 -30781
18 -1 20 0 -44995
-7 -20 -6 -22 -39751
9 22 10 23 -37983
5 1 4 -1 -41981
10 11 12 10 -40237
-24 -11 -24 -6 -42091
16 -8 18 -5 -47529
21 24 -23 23 -39195
8 12 8 14 -40903
5 22 4 23 -37155
19 4 19 7 -45707
25 19 23 17 -26365
22 10 24 13 -37125
13 3 13 2 -39631
0 18 -1 19 -36877
25 21 22 20 -21325
-2 -10 -2 -14 -43903
-1 8 0 11 -40969
-24 8 -18 8 -42063
25 -17 24 -15 -30195
19 -15 22 -16 -37695
-21 -25 -19 -23 -37985
6 8 6 10 -40487
3 15 4 12 -45581
1 23 -5 23 -29859
23 -2 22 0 -44455
0 23 1 24 -33183
23 23 16 23 -39625
-14 1 -10 1 -42685
25 -9 25 -25 -43521
17 8 19 7 -44841
-21 -12 -23 -12 -37791
4 22 23 23 -45077
19 10 20 10 -40127
-19 9 -18 8 -42435
8 -16 8 -13 -42579
-25 13 -25 11 -31431
15 -16 15 -18 -41269
-3 14 -6 15 -42781
-6 -23 -10 -21 -41043
10 -1 10 -2 -39863
-7 11 -5 11 -39811
-25 2 -25 -6 -41633
-25 -23 -25 -25 -21205
0 13 3 13 -36923
-8 25 -11 23 -32669
6 10 4 11 -35209
7 -22 8 -23 -43799
17 -11 18 -10 -42827
3 4 0 6 -37995
2 21 3 21 -35023
-15 15 -17 15 -36163
-1 -12 0 -11 -43875
-19 -24 -16 -22 -43229
11 -14 13 -13 -45201
-10 20 -12 20 -38487
-16 0 -15 0 -42887
3 -2 3 -5 -43757
22 -12 21 -11 -37495
4 22 11 22 -42151
-1 -11 1 -12 -42565
5 -21 -23 -4 -59771
-23 -18 -23 -16 -40323
-13 -17 -12 -19 -44651
14 -7 14 -5 -41515
-8 2 -10 4 -43263
0 14 1 15 -37133
-15 -14 -18 -14 -42379
-22 -9 -24 -8 -35825
-11 9 -11 12 -38303
23 17 23 8 -47953
-22 -2 -18 -2 -40741
21 -22 -24 -23 -43679
-14 -17 -13 -16 -41749
-10 -22 -12 -23 -42967
18 -9 17 -9 -47197
0 7 1 7 -35013
-24 4 -24 -1 -44803
-24 5 -20 11 -39327
-18 13 -17 11 -39307
1 1 2 3 -43277
20 13 21 15 -43839
3 -23 4 -21 -41047
2 -19 3 -21 -41973
-19 -11 -18 -10 -39151
11 12 9 11 -42121
23 -20 20 -24 -37933
23 20 19 22 -41203
-18 -24 -14 -23 -37717
-10 -8 5 -24 -61113
-8 -5 -7 -1 -47511
-3 -20 -2 -20 -37917
23 -1 23 -3 -43257
8 17 9 21 -42923
18 -1 13 -1 -47829
-14 -4 -12 -5 -40051
14 19 16 20 -46669
19 12 22 10 -43903
-19 -4 -17 -5 -41277
-1 8 -4 11 -41747
-11 -2 -12 -1 -40773
-9 23 -3 22 -39583
7 23 10 21 -41999
17 6 17 9 -47543
22 23 18 20 -40441
0 -19 4 -17 -43171
-3 -6 1 -6 -43753
-20 21 -21 23 -33009
1 -15 2 -15 -42045
15 21 17 19 -45283
-23 21 -19 22 -41313
-8 18 -9 18 -41725
4 -13 3 -12 -42743
-22 -21 -23 -22 -40675
12 8 13 7 -43635
-3 -19 -3 -20 -36189
1 10 1 14 -46205
6 -13 7 -14 -42007
-13 21 -19 20 -42533
-16 23 -21 23 -40359
-7 19 -5 18 -41153
16 9 13 10 -40861
0 13 5 12 -40489
23 -5 22 -7 -37343
-6 7 -7 7 -38897
4 21 6 20 -41095
-3 7 -5 7 -40045
-11 -17 -10 -13 -43513
-21 -15 -24 -16 -42585
-6 -2 -4 -5 -44205
-9 -5 -8 -8 -44705
-1 -24 2 -23 -43837
21 -4 18 -2 -47183
18 -19 23 -23 -38871
-19 -5 -20 -6 -44561
-1 3 -2 3 -32283
-8 4 -8 7 -38821
-15 4 -16 6 -40615
3 7 -11 -14 -65223
-15 21 -10 22 -40575
15 11 15 12 -39533
-23 -5 -23 -2 -42159
-4 -14 -5 -14 -40781
-6 -19 -5 -18 -44067
18 15 12 14 -49463
19 4 21 1 -39885
21 -14 20 -16 -42263
20 -20 19 -21 -39185
23 -7 22 -7 -30791
7 15 7 18 -42913
-13 22 -8 23 -41501
22 2 19 1 -39477
5 -21 7 -22 -40429
-11 9 -9 6 -42859
-16 -3 -18 -3 -43125
20 -14 20 -12 -42449
-20 8 -22 9 -43523
5 1 5 3 -41859
-10 3 -7 5 -41115
23 9 20 9 -31419
-6 -4 -7 -5 -45499
11 -24 9 -21 -42923
-24 16 -24 13 -41693
-23 -12 -21 -10 -41113
-4 13 -2 12 -39873
-24 -24 2 -24 -42029
22 -6 23 -8 -34985
-17 -11 -21 -10 -39951
22 -9 19 -11 -44349
6 3 4 2 -38481
9 -19 8 -22 -45129
12 21 10 22 -44087
17 -19 18 -21 -38557
-6 21 -4 22 -41121
-24 15 -24 16 -39151
-15 4 -16 2 -39073
23 12 22 7 -40757
-24 6 -19 4 -46445
10 11 8 11 -41325
-23 2 -24 5 -40215
-9 14 -10 14 -39067
18 9 16 8 -41375
-24 -3 -22 -1 -40285
-23 8 -23 14 -39139
-16 19 -18 17 -45069
16 -24 19 -24 -35787
23 -11 23 -17 -42723
-6 1 -7 1 -37853
-7 20 -7 22 -40655
-13 -9 -13 -6 -43351
20 -19 22 -20 -35573
-13 1 -15 4 -44107
-21 22 -18 21 -39893
15 -17 13 -16 -43199
-12 -15 -11 -16 -42343
-14 -23 -14 -21 -42049
10 4 11 4 -40709
8 20 13 21 -46057
2 19 5 21 -42531
6 -5 3 -3 -45039
6 -21 5 -22 -43213
-14 16 -11 19 -43901
-4 -23 -7 -24 -44527
2 20 -2 23 -41075
-7 -20 -8 -22 -39785
-17 7 -17 8 -38011
-24 1 -22 6 -41947
20 20 19 19 -42947
9 4 7 5 -42743
-20 2 -23 4 -44947
-23 14 -24 14 -29279
20 -22 -11 16 -57993
17 21 17 19 -44297
23 14 18 15 -41377
11 -12 11 -11 -36281
-5 7 -6 6 -41871
-7 -23 -5 -23 -40869
11 -18 12 -18 -40205
-23 4 -23 7 -36465
-12 -23 -14 -22 -43835
19 -2 19 1 -42065
12 21 14 23 -43397
-13 -4 -7 -4 -45913
-17 21 -18 22 -36477
-9 -14 -9 -12 -45507
-11 -18 -10 -18 -45247
14 1 18 1 -49509
-5 17 -6 17 -43655
-11 -17 -9 -17 -45997
10 16 12 15 -42273
17 -13 17 -16 -45261
13 8 12 8 -38449
13 16 16 14 -47283
-24 -21 -24 -18 -44921
-15 -4 -12 -1 -47467
10 -21 10 -24 -41467
8 4 8 7 -38391
-2 23 19 23 -44133
16 5 14 5 -42343
10 5 7 4 -43819
-2 19 -1 22 -42461
20 13 20 12 -41979
0 4 2 4 -37689
-1 -4 0 -1 -40921
-13 -21 -15 -22 -43269
-15 0 -14 -24 -58287
-17 -21 -16 -22 -40317
1 -11 2 -10 -43577
9 -23 6 -23 -42257
-21 19 -20 20 -43527
2 -20 -1 -19 -46659
12 -18 13 -17 -44557
-8 -16 -7 -17 -41411
23 -12 18 -12 -42751
8 12 6 12 -37713
0 10 -3 9 -36807
-6 13 -5 14 -42665
-6 -21 -5 -21 -43015
23 1 23 6 -42515
-9 14 -10 15 -41095
-2 -22 -6 -24 -45173
2 -12 2 -15 -39895
21 -4 19 -6 -46833
8 -6 8 -4 -44403
8 21 8 23 -41951
0 -12 0 -7 -43567
8 -10 7 -9 -41331
-19 13 -21 14 -39173
-9 -6 -7 -7 -41081
-16 -22 -20 -21 -38237
-13 6 -16 5 -43919
17 5 18 5 -44275
-10 -22 -11 -17 -47221
8 7 8 8 -38783
0 17 -4 17 -38161
-5 -9 -3 -9 -39833
3 -1 2 -1 -37947
18 17 23 18 -42479
-16 9 -14 8 -45157
22 20 20 23 -40819
19 -4 23 -2 -44383
-24 -22 -20 -21 -43361
21 13 19 15 -44433
7 -15 5 -15 -43395
1 1 4 -1 -41487
-1 22 -1 23 -38063
23 5 21 3 -39273
-15 -10 -12 -10 -39487
-10 22 -10 19 -42275
-6 -9 -9 -9 -39701
-1 -13 -2 -13 -37861
-24 16 -21 16 -38407
-23 4 -24 10 -38727
-24 -12 -21 -16 -38251
6 -7 5 -11 -44065
11 -1 14 -4 -46443
-3 -22 2 -24 -41345
-15 -12 -13 -14 -44893
5 -11 2 -12 -44949
19 -9 22 -10 -43109
16 -12 14 -13 -43071
6 7 8 6 -41069
-13 14 -10 16 -44759
-16 3 -18 3 -45459
