-10 1 -10 2 -38400
18 4 21 5 -42832
-9 -24 -8 -22 -35718
-7 10 -6 10 -46938
-13 13 -12 13 -36990
-11 -8 -12 -7 -42926
23 3 24 1 -35866
-24 -15 -18 -18 -45850
-15 -19 -12 -19 -43352
-3 8 -4 7 -40976
16 7 16 10 -43768
15 -1 17 1 -43870
-16 -3 -17 -5 -45730
-8 9 -11 8 -41084
-1 18 3 19 -43292
-10 -10 -11 -11 -40346
8 0 9 0 -38058
-25 -15 -23 -14 -33184
-24 -13 -11 17 -61242
21 4 23 8 -45528
-9 25 -6 24 -30524
-10 2 -8 2 -38144
25 25 24 22 -15160
-18 1 -16 0 -43992
-25 -11 -25 -8 -38504
-21 -5 -16 -8 -49942
-20 16 -18 17 -40090
-7 -23 20 -22 -49282
17 17 17 19 -35466
13 -21 13 -18 -44032
1 -12 2 -12 -42802
25 -24 21 -22 -16888
-20 -6 -20 -5 -49574
-6 -10 -6 -9 -36186
2 -23 -3 -23 -42962
20 18 20 14 -35834
23 18 23 23 -32540
-15 -24 -14 -25 -29874
8 15 9 16 -40096
3 -16 4 -19 -43248
-20 -5 -20 -4 -50478
4 18 3 15 -41456
-15 -13 -18 -14 -42908
7 -16 7 -17 -39154
4 7 10 9 -48270
-22 -10 -21 -7 -43778
5 21 6 18 -43304
-19 -14 -16 -18 -47656
-18 -9 -17 -12 -40674
12 -3 12 -5 -41662
-23 24 -25 24 -14446
13 -15 12 -13 -40410
2 -25 2 -23 -26582
22 -19 22 -20 -41992
-18 17 -18 12 -42360
11 -24 17 -23 -37592
1 -23 0 -24 -38970
-24 -8 -20 -9 -40966
-24 19 -24 15 -35688
-22 -14 -24 -18 -44940
-10 -7 -8 -4 -45336
-11 -24 -10 -25 -27514
-20 19 -20 22 -38918
-19 -21 -20 -24 -43954
-1 -14 0 -15 -40218
-23 -23 -24 -22 -32280
4 -9 7 -8 -43142
16 -19 14 -19 -40838
8 -8 11 -5 -44578
-2 -2 -5 -1 -36004
25 2 23 2 -16754
4 -25 10 -25 -44132
-17 -12 -17 -14 -40382
-24 24 -14 25 -38172
-5 -13 -4 -14 -41150
-4 12 -4 13 -39276
-25 14 -24 13 -27942
-4 23 -2 20 -39892
11 -20 12 -18 -45396
-24 -4 -25 -4 -15760
17 -25 15 -23 -30126
10 -19 8 -18 -40472
17 -18 -4 -17 -56360
-8 25 -8 23 -25410
15 -22 14 -23 -38056
-10 1 -10 -3 -41436
15 -9 12 -9 -40176
-20 8 -23 3 -50158
8 -14 9 -14 -38140
14 20 11 25 -44136
7 13 15 -2 -63396
16 -8 18 -9 -41230
20 -8 20 -10 -33292
-4 16 0 19 -46502
-24 -1 -22 2 -44118
11 -22 9 -22 -38634
-21 -2 -22 0 -36902
12 14 13 15 -38086
-12 16 -16 17 -42970
-12 6 -11 7 -43052
-3 -19 -2 -16 -36978
15 1 11 0 -43152
-11 7 -11 9 -41672
8 -6 14 -7 -44662
5 -13 6 -13 -43534
-7 17 -7 14 -36362
25 -3 25 -6 -33434
23 -17 23 -20 -44226
14 19 17 19 -43942
8 -10 12 -10 -42958
23 -19 24 -17 -34054
19 -5 14 -2 -46372
-18 -24 -25 -23 -36498
6 -24 5 -24 -41296
-24 25 -25 20 -23440
17 -20 19 -20 -41878
-11 -23 -13 -24 -41906
-7 12 -7 11 -37066
-22 1 -22 2 -41274
4 -5 6 -5 -41642
4 -21 4 -17 -43228
7 -22 7 -23 -39354
-21 -3 -22 -4 -45640
6 -5 10 -5 -41444
-5 3 -5 1 -38362
-9 -13 -9 -11 -42066
-18 -20 -18 -17 -43416
-16 20 -16 19 -38328
-24 -18 -22 -24 -44588
-24 19 -21 19 -35316
14 23 23 23 -40806
14 -11 13 -10 -39852
-5 5 -4 4 -40884
13 -14 14 -14 -42900
-20 -17 -21 -19 -45194
-14 21 -12 18 -42220
-19 11 -18 13 -39598
-24 -17 -23 -7 -43918
4 9 4 12 -44434
-12 -4 -10 -3 -41390
-24 16 -23 17 -33788
12 16 13 13 -42970
-20 -15 -20 -13 -39958
21 25 24 23 -24618
10 -7 10 -8 -36410
14 -1 11 1 -43992
-23 -4 -23 -7 -46528
7 19 6 19 -34438
12 24 12 22 -37114
-13 -23 -11 -23 -42008
3 -3 0 -4 -40456
-18 23 -17 25 -25878
12 0 10 0 -41726
2 1 2 0 -39876
22 15 -2 15 -50922
-1 -7 -2 -2 -43706
17 23 16 21 -36624
20 -5 22 -6 -42428
10 3 10 2 -40448
-5 -22 -4 -25 -28424
16 4 17 3 -42564
-22 -21 -19 -21 -41246
15 18 14 19 -41654
24 15 25 13 -24448
-6 21 -2 25 -43348
-12 -11 -12 -8 -43008
-16 -22 -16 -20 -43056
3 -24 5 -24 -35300
1 -1 -2 0 -40276
16 -24 21 -23 -44938
12 -1 11 -3 -42356
11 22 15 21 -42100
-23 -19 -23 -20 -42654
12 -25 10 -24 -27806
24 -11 25 -10 -23016
-16 21 -16 22 -36698
-3 -11 -7 -13 -45658
-8 18 -6 19 -43878
-14 -7 -17 -7 -39910
-16 15 -17 17 -40256
-14 10 -11 9 -40608
20 -2 22 -3 -45292
24 -21 19 -25 -37074
16 -16 15 -15 -43858
-25 -24 -23 -22 -24812
1 25 5 25 -26352
-9 -13 -10 -13 -36176
24 -13 23 -12 -29548
-18 2 -23 2 -41394
-17 23 -13 22 -33092
-2 4 -2 3 -38330
-1 -6 1 -6 -43394
19 7 20 5 -44398
-15 -1 -15 2 -40194
21 -3 21 -4 -43216
8 -2 5 0 -44884
4 11 8 12 -43886
14 15 19 15 -44782
-15 4 -14 4 -41888
3 23 4 25 -29214
25 -4 25 4 -42658
-2 -6 0 -8 -41784
-9 -18 -7 -17 -39114
-10 22 -8 21 -40788
25 -22 24 -19 -30434
24 6 24 8 -33222
-21 11 -22 11 -38146
18 -25 19 -23 -31406
18 -1 20 0 -43032
-7 -20 -6 -22 -39066
9 22 10 23 -35412
5 1 4 -1 -40706
10 11 12 10 -40462
-24 -11 -24 -6 -44402
16 -8 18 -5 -45464
21 24 -23 23 -38068
8 12 8 14 -38360
5 22 4 23 -36524
19 4 19 7 -47032
25 19 23 17 -25158
22 10 24 13 -31940
13 3 13 2 -40812
0 18 -1 19 -37440
25 21 22 20 -20348
-2 -10 -2 -14 -41924
-1 8 0 11 -41230
-24 8 -18 8 -43662
25 -17 24 -15 -30392
19 -15 22 -16 -38180
-21 -25 -19 -23 -37274
6 8 6 10 -40960
3 15 4 12 -44458
1 23 -5 23 -31106
23 -2 22 0 -44404
0 23 1 24 -33410
23 23 16 23 -38216
-14 1 -10 1 -40718
25 -9 25 -25 -44750
17 8 19 7 -44064
-21 -12 -23 -12 -38060
4 22 23 23 -42906
19 10 20 10 -38546
-19 9 -18 8 -44072
8 -16 8 -13 -41204
-25 13 -25 11 -32132
15 -16 15 -18 -40786
-3 14 -6 15 -44380
-6 -23 -10 -21 -39056
10 -1 10 -2 -38324
-7 11 -5 11 -49162
-25 2 -25 -6 -42234
-25 -23 -25 -25 -20476
0 13 3 13 -39652
-8 25 -11 23 -32576
6 10 4 11 -35662
7 -22 8 -23 -43224
17 -11 18 -10 -42190
3 4 0 6 -39010
2 21 3 21 -35800
-15 15 -17 15 -38426
-1 -12 0 -11 -43290
-19 -24 -16 -22 -42322
11 -14 13 -13 -45822
-10 20 -12 20 -38424
-16 0 -15 0 -42480
3 -2 3 -5 -40182
22 -12 21 -11 -37810
4 22 11 22 -40590
-1 -11 1 -12 -41738
-6 11 18 -16 -68548
-23 -18 -23 -16 -39538
-13 -17 -12 -19 -41304
14 -7 14 -5 -41104
-8 2 -10 4 -43704
0 14 1 15 -40136
-15 -14 -18 -14 -42652
-22 -9 -24 -8 -37366
-11 9 -11 12 -37988
-22 -1 -6 20 -61138
-22 -2 -18 -2 -42140
21 -22 -24 -23 -48398
-14 -17 -13 -16 -40832
-10 -22 -12 -23 -41622
18 -9 17 -9 -40818
0 7 1 7 -35202
-24 4 -24 -1 -45688
-24 5 -20 11 -47172
-18 13 -17 11 -40414
1 1 2 3 -43436
20 13 21 15 -37986
3 -23 4 -21 -41120
2 -19 3 -21 -40388
-19 -11 -18 -10 -39614
11 12 9 11 -41362
23 -20 20 -24 -38060
23 20 19 22 -39542
-18 -24 -14 -23 -37742
-14 10 -18 10 -39000
-8 -5 -7 -1 -47142
-3 -20 -2 -20 -36410
23 -1 23 -3 -43164
8 17 9 21 -40784
18 -1 13 -1 -41938
-14 -4 -12 -5 -39722
14 19 16 20 -42496
19 12 22 10 -42806
-19 -4 -17 -5 -46738
-1 8 -4 11 -43694
-11 -2 -12 -1 -39866
-9 23 -3 22 -39334
7 23 10 21 -41880
17 6 17 9 -47762
22 23 18 20 -38720
0 -19 4 -17 -43914
-3 -6 1 -6 -43000
-20 21 -21 23 -32502
1 -15 2 -15 -42788
15 21 17 19 -41592
-23 21 -19 22 -40822
-8 18 -9 18 -41694
4 -13 3 -12 -42050
-22 -21 -23 -22 -39636
12 8 13 7 -44578
-3 -19 -3 -20 -33708
1 10 1 14 -45568
6 -13 7 -14 -42356
-13 21 -19 20 -42988
-16 23 -21 23 -40350
-7 19 -5 18 -41374
16 9 13 10 -41230
0 13 5 12 -42558
23 -5 22 -7 -36750
-6 7 -7 7 -43916
4 21 6 20 -42186
-3 7 -5 7 -42062
-11 -17 -10 -13 -40768
-21 -15 -24 -16 -42812
-6 -2 -4 -5 -45206
-9 -5 -8 -8 -45570
-1 -24 2 -23 -42052
21 -4 18 -2 -48652
18 -19 23 -23 -44864
-19 -5 -20 -6 -47382
-1 3 -2 3 -32524
-8 4 -8 7 -40824
-15 4 -16 6 -39710
22 -12 10 -18 -57766
-15 21 -10 22 -40528
15 11 15 12 -35620
-23 -5 -23 -2 -45094
-4 -14 -5 -14 -39938
22 -3 -10 10 -62146
18 15 12 14 -47026
19 4 21 1 -40736
21 -14 20 -16 -43492
20 -20 19 -21 -40654
23 -7 22 -7 -30234
7 15 7 18 -40842
-13 22 -8 23 -41316
22 2 19 1 -39488
5 -21 7 -22 -41700
-11 9 -9 6 -42946
-16 -3 -18 -3 -44716
20 -14 20 -12 -42688
-20 8 -22 9 -46256
5 1 5 3 -42516
-10 3 -7 5 -42034
23 9 20 9 -30624
-6 -4 -7 -5 -43852
11 -24 9 -21 -42802
-24 16 -24 13 -40582
-23 -12 -21 -10 -40606
-4 13 -2 12 -41032
-24 -24 2 -24 -41686
22 -6 23 -8 -34890
-17 -11 -21 -10 -41966
22 -9 19 -11 -44400
6 3 4 2 -38974
9 -19 8 -22 -44532
12 21 10 22 -42848
17 -19 18 -21 -40230
-6 21 -4 22 -42828
-24 15 -24 16 -37772
-15 4 -16 2 -41544
23 12 22 7 -36614
-24 6 -19 4 -46512
10 11 8 11 -43754
-23 2 -24 5 -42504
-9 14 -10 14 -39644
18 9 16 8 -38452
-24 -3 -22 -1 -40974
-23 8 -23 14 -41414
-16 19 -18 17 -43628
16 -24 19 -24 -40134
23 -11 23 -17 -43490
-6 1 -7 1 -38496
-7 20 -7 22 -41422
-13 -9 -13 -6 -43448
20 -19 22 -20 -38448
-13 1 -15 4 -44580
-21 22 -18 21 -39586
15 -17 13 -16 -43214
-12 -15 -11 -16 -40464
-14 -23 -14 -21 -40624
10 4 11 4 -40492
8 20 13 21 -39186
2 19 5 21 -42790
6 -5 3 -3 -43074
6 -21 5 -22 -43386
-14 16 -11 19 -43770
-4 -23 -7 -24 -41882
2 20 -2 23 -41122
-7 -20 -8 -22 -38362
-17 7 -17 8 -40542
-24 1 -22 6 -47076
20 20 19 19 -39028
9 4 7 5 -43624
-20 2 -23 4 -44270
-23 14 -24 14 -29378
2 14 0 -23 -59614
-6 13 20 -21 -67366
23 14 18 15 -40836
11 -12 11 -11 -35310
-5 7 -6 6 -43550
-7 -23 -5 -23 -38860
11 -18 12 -18 -40994
-23 4 -23 7 -43326
-12 -23 -14 -22 -42752
19 -2 19 1 -43296
12 21 14 23 -40012
22 -24 15 -21 -44684
-17 21 -18 22 -35938
-9 -14 -9 -12 -43744
-11 -18 -10 -18 -37310
-19 -23 13 -22 -49982
-5 17 -6 17 -45220
-12 -4 -5 -7 -50578
10 16 12 15 -41296
17 -13 17 -16 -45444
13 8 12 8 -38490
13 16 16 14 -46910
-24 -21 -24 -18 -44226
-15 -4 -12 -1 -45582
10 -21 10 -24 -41136
8 4 8 7 -39392
-2 23 19 23 -43190
16 5 14 5 -38866
10 5 7 4 -45612
-2 19 -1 22 -44516
20 13 20 12 -36162
0 4 2 4 -37138
-1 -4 0 -1 -37852
-13 -21 -15 -22 -43336
-22 10 -21 7 -46844
-17 -21 -16 -22 -38698
1 -11 2 -10 -42288
9 -23 6 -23 -43702
-21 19 -20 20 -40822
2 -20 -1 -19 -45314
12 -18 13 -17 -44726
-8 -16 -7 -17 -38858
23 -12 18 -12 -43094
8 12 6 12 -39950
0 10 -3 9 -38750
-6 13 -5 14 -44170
-6 -21 -5 -21 -40254
23 1 23 6 -43544
-9 14 -10 15 -40094
-2 -22 -6 -24 -41608
2 -12 2 -15 -38226
21 -4 19 -6 -46434
8 -6 8 -4 -39616
8 21 8 23 -41056
0 -12 0 -7 -41900
8 -10 7 -9 -39448
-19 13 -21 14 -40462
-9 -6 -7 -7 -43528
-16 -22 -20 -21 -37726
-13 6 -16 5 -43228
17 5 18 5 -40930
-10 -22 -11 -17 -44512
8 7 8 8 -39892
0 17 -4 17 -42084
-5 -9 -3 -9 -38728
3 -1 2 -1 -36780
18 17 23 18 -40562
-11 -14 21 3 -61916
22 20 20 23 -38416
19 -4 23 -2 -43956
-24 -22 -20 -21 -42782
21 13 19 15 -42138
7 -15 5 -15 -44532
1 1 4 -1 -41026
-1 22 -1 23 -37186
23 5 21 3 -39836
-15 -10 -12 -10 -38370
-10 22 -10 19 -42094
-6 -9 -9 -9 -39486
-1 -13 -2 -13 -37208
-24 16 -21 16 -38104
-23 4 -24 10 -46774
-24 -12 -21 -16 -38460
6 -7 5 -11 -40866
11 -1 14 -4 -45228
-3 -22 2 -24 -40422
-15 -12 -13 -14 -42790
5 -11 2 -12 -44074
19 -9 22 -10 -42972
16 -12 14 -13 -44198
6 7 8 6 -43084
-13 14 -10 16 -45010
-16 3 -18 3 -41650
