-10 1 -10 2 -37957
18 4 21 5 -43001
-9 -24 -8 -22 -36287
-7 10 -6 10 -46625
-13 13 -12 13 -37287
-11 -8 -12 -7 -45477
23 3 24 1 -35165
-24 -15 -18 -18 -45815
-15 -19 -12 -19 -46093
-3 8 -4 7 -41683
16 7 16 10 -44187
15 -1 17 1 -42919
-16 -3 -17 -5 -45669
-8 9 -11 8 -41847
-1 18 3 19 -43177
-10 -10 -11 -11 -40745
8 0 9 0 -37697
-25 -15 -23 -14 -33003
22 -11 -21 3 -63159
21 4 23 8 -45309
-9 25 -6 24 -30597
-10 2 -8 2 -39347
25 25 24 22 -15931
-18 1 -16 0 -45003
-25 -11 -25 -8 -38817
-21 -5 -16 -8 -50681
-20 16 -18 17 -39507
-7 -23 20 -22 -46837
17 17 17 19 -35131
13 -21 13 -18 -43767
1 -12 2 -12 -42451
25 -24 21 -22 -17203
-20 -6 -20 -5 -50309
-6 -10 -6 -9 -36369
2 -23 -3 -23 -43515
20 18 20 14 -35299
23 18 23 23 -32995
-15 -24 -14 -25 -30513
8 15 9 16 -40063
3 -16 4 -19 -44685
-20 -5 -20 -4 -51147
4 18 3 15 -41601
-15 -13 -18 -14 -43575
7 -16 7 -17 -39341
4 7 10 9 -48743
-22 -10 -21 -7 -44537
5 21 6 18 -43799
-19 -14 -16 -18 -48579
-18 -9 -17 -12 -44091
12 -3 12 -5 -41489
-23 24 -25 24 -14607
13 -15 12 -13 -40705
2 -25 2 -23 -26013
22 -19 22 -20 -41753
-18 17 -18 12 -43333
11 -24 17 -23 -35713
1 -23 0 -24 -39691
-24 -8 -20 -9 -41097
-24 19 -24 15 -36657
-22 -14 -24 -18 -45525
-10 -7 -8 -4 -45839
-11 -24 -10 -25 -28275
-20 19 -20 22 -39695
-19 -21 -20 -24 -44677
-1 -14 0 -15 -40711
-23 -23 -24 -22 -32551
4 -9 7 -8 -43399
16 -19 14 -19 -39019
8 -8 11 -5 -43733
-2 -2 -5 -1 -35499
25 2 23 2 -16919
4 -25 10 -25 -44643
-17 -12 -17 -14 -41651
-24 24 -14 25 -38085
-5 -13 -4 -14 -41145
-4 12 -4 13 -38643
-25 14 -24 13 -28613
-4 23 -2 20 -40211
11 -20 12 -18 -44833
-24 -4 -25 -4 -15805
17 -25 15 -23 -29991
10 -19 8 -18 -42637
-21 -16 -3 -18 -55623
-8 25 -8 23 -25427
15 -22 14 -23 -36847
-10 1 -10 -3 -41305
15 -9 12 -9 -40061
-20 8 -23 3 -49079
8 -14 9 -14 -39717
14 20 11 25 -44223
-12 -15 -17 -3 -63789
16 -8 18 -9 -42095
20 -8 20 -10 -33691
-4 16 0 19 -46259
-24 -1 -22 2 -43395
11 -22 9 -22 -38239
-21 -2 -22 0 -37863
12 14 13 15 -38329
-12 16 -16 17 -42875
-12 6 -11 7 -42647
-3 -19 -2 -16 -37267
15 1 11 0 -43315
-11 7 -11 9 -41093
8 -6 14 -7 -44575
5 -13 6 -13 -44909
-7 17 -7 14 -35727
25 -3 25 -6 -34311
23 -17 23 -20 -43895
14 19 17 19 -44427
8 -10 12 -10 -43337
23 -19 24 -17 -33211
19 -5 14 -2 -46693
-18 -24 -25 -23 -36931
6 -24 5 -24 -42233
-24 25 -25 20 -23507
17 -20 19 -20 -41437
-11 -23 -13 -24 -42459
-7 12 -7 11 -35921
-22 1 -22 2 -40867
4 -5 6 -5 -42189
4 -21 4 -17 -44151
7 -22 7 -23 -39457
-21 -3 -22 -4 -46249
6 -5 10 -5 -40265
-5 3 -5 1 -37453
-9 -13 -9 -11 -42717
-18 -20 -18 -17 -43731
-16 20 -16 19 -38419
-24 -18 -22 -24 -45201
-24 19 -21 19 -35485
14 23 23 23 -40649
14 -11 13 -10 -40159
-5 5 -4 4 -39795
13 -14 14 -14 -41615
-20 -17 -21 -19 -44939
-14 21 -12 18 -42031
-19 11 -18 13 -38769
-24 -17 -23 -7 -44955
4 9 4 12 -44237
-12 -4 -10 -3 -40889
-24 16 -23 17 -34107
12 16 13 13 -43211
-20 -15 -20 -13 -40715
21 25 24 23 -25143
10 -7 10 -8 -36121
14 -1 11 1 -43365
-23 -4 -23 -7 -46637
7 19 6 19 -34649
12 24 12 22 -37231
-13 -23 -11 -23 -43325
3 -3 0 -4 -40183
-18 23 -17 25 -25515
12 0 10 0 -41653
2 1 2 0 -39727
22 15 -2 15 -50287
-1 -7 -2 -2 -43851
17 23 16 21 -37391
20 -5 22 -6 -42323
10 3 10 2 -39565
-5 -22 -4 -25 -28899
16 4 17 3 -42205
-22 -21 -19 -21 -41639
15 18 14 19 -42141
24 15 25 13 -24721
-6 21 -2 25 -43347
-12 -11 -12 -8 -44903
-16 -22 -16 -20 -43463
3 -24 5 -24 -35733
1 -1 -2 0 -40397
16 -24 21 -23 -44167
12 -1 11 -3 -42541
11 22 15 21 -42031
-23 -19 -23 -20 -42793
12 -25 10 -24 -27411
24 -11 25 -10 -23697
-16 21 -16 22 -36631
-3 -11 -7 -13 -45979
-8 18 -6 19 -42959
-14 -7 -17 -7 -40619
-16 15 -17 17 -40807
-14 10 -11 9 -40879
20 -2 22 -3 -45607
24 -21 19 -25 -36693
16 -16 15 -15 -43593
-25 -24 -23 -22 -25153
1 25 5 25 -26239
-9 -13 -10 -13 -37589
24 -13 23 -12 -29411
-18 2 -23 2 -41605
-17 23 -13 22 -33253
-2 4 -2 3 -37837
-1 -6 1 -6 -43233
19 7 20 5 -43951
-15 -1 -15 2 -40021
21 -3 21 -4 -42961
8 -2 5 0 -44273
4 11 8 12 -45733
14 15 19 15 -44655
-15 4 -14 4 -42173
3 23 4 25 -29225
25 -4 25 4 -42231
-2 -6 0 -8 -42237
-9 -18 -7 -17 -40561
-10 22 -8 21 -40909
25 -22 24 -19 -30647
24 6 24 8 -33667
-21 11 -22 11 -38491
18 -25 19 -23 -30553
18 -1 20 0 -42355
-7 -20 -6 -22 -38963
9 22 10 23 -35521
5 1 4 -1 -41535
10 11 12 10 -40799
-24 -11 -24 -6 -44673
16 -8 18 -5 -44645
21 24 -23 23 -40989
8 12 8 14 -38905
5 22 4 23 -37635
19 4 19 7 -45925
25 19 23 17 -25599
22 10 24 13 -32223
13 3 13 2 -39597
0 18 -1 19 -37821
25 21 22 20 -20869
-2 -10 -2 -14 -42659
-1 8 0 11 -40859
-24 8 -18 8 -42787
25 -17 24 -15 -30341
19 -15 22 -16 -37731
-21 -25 -19 -23 -37323
6 8 6 10 -41449
3 15 4 12 -44525
1 23 -5 23 -31365
23 -2 22 0 -44299
0 23 1 24 -33327
23 23 16 23 -38477
-14 1 -10 1 -41541
25 -9 25 -25 -43451
17 8 19 7 -43743
-21 -12 -23 -12 -38671
4 22 23 23 -43213
19 10 20 10 -38633
-19 9 -18 8 -44647
8 -16 8 -13 -41113
-25 13 -25 11 -32625
15 -16 15 -18 -40767
-3 14 -6 15 -44341
-6 -23 -10 -21 -41001
10 -1 10 -2 -38963
-7 11 -5 11 -49267
-25 2 -25 -6 -43013
-25 -23 -25 -25 -21067
0 13 3 13 -39481
-8 25 -11 23 -32479
6 10 4 11 -39061
7 -22 8 -23 -44251
17 -11 18 -10 -40349
3 4 0 6 -39493
2 21 3 21 -35519
-15 15 -17 15 -38353
-1 -12 0 -11 -42959
-19 -24 -16 -22 -42555
11 -14 13 -13 -43501
-10 20 -12 20 -38331
-16 0 -15 0 -43125
3 -2 3 -5 -40393
22 -12 21 -11 -37955
4 22 11 22 -40665
-1 -11 1 -12 -41421
12 -20 2 -14 -59801
-23 -18 -23 -16 -39393
-13 -17 -12 -19 -42821
14 -7 14 -5 -41399
-8 2 -10 4 -43135
0 14 1 15 -39819
-15 -14 -18 -14 -44465
-22 -9 -24 -8 -37647
-11 9 -11 12 -37507
20 -15 -18 10 -63351
-22 -2 -18 -2 -42213
21 -22 -24 -23 -50153
-14 -17 -13 -16 -41681
-10 -22 -12 -23 -42727
18 -9 17 -9 -40489
0 7 1 7 -35411
-24 4 -24 -1 -45265
-24 5 -20 11 -45887
-18 13 -17 11 -40997
1 1 2 3 -42905
20 13 21 15 -37977
3 -23 4 -21 -40811
2 -19 3 -21 -41345
-19 -11 -18 -10 -39517
11 12 9 11 -40825
23 -20 20 -24 -37727
23 20 19 22 -39767
-18 -24 -14 -23 -38595
-14 10 -18 10 -39327
-8 -5 -7 -1 -47049
-3 -20 -2 -20 -37089
23 -1 23 -3 -42881
8 17 9 21 -41087
18 -1 13 -1 -41107
-14 -4 -12 -5 -41619
14 19 16 20 -42893
19 12 22 10 -42203
-19 -4 -17 -5 -47739
-1 8 -4 11 -42483
-11 -2 -12 -1 -41119
-9 23 -3 22 -39931
7 23 10 21 -42091
17 6 17 9 -47479
22 23 18 20 -39357
0 -19 4 -17 -43811
-3 -6 1 -6 -43079
-20 21 -21 23 -33021
1 -15 2 -15 -42135
15 21 17 19 -41715
-23 21 -19 22 -40323
-8 18 -9 18 -41733
4 -13 3 -12 -42121
-22 -21 -23 -22 -40001
12 8 13 7 -43865
-3 -19 -3 -20 -34257
1 10 1 14 -45269
6 -13 7 -14 -43767
-13 21 -19 20 -42749
-16 23 -21 23 -40397
-7 19 -5 18 -41703
16 9 13 10 -41013
0 13 5 12 -42509
23 -5 22 -7 -37237
-6 7 -7 7 -43555
4 21 6 20 -42651
-3 7 -5 7 -41645
-11 -17 -10 -13 -41057
-21 -15 -24 -16 -42461
-6 -2 -4 -5 -46479
-9 -5 -8 -8 -47285
-1 -24 2 -23 -43041
21 -4 18 -2 -49031
18 -19 23 -23 -44917
-19 -5 -20 -6 -47385
-1 3 -2 3 -32699
-8 4 -8 7 -39155
-15 4 -16 6 -40195
7 7 21 -13 -63121
-15 21 -10 22 -40445
15 11 15 12 -36269
-23 -5 -23 -2 -45541
-4 -14 -5 -14 -40225
10 6 3 11 -55445
18 15 12 14 -47247
19 4 21 1 -39973
21 -14 20 -16 -41467
20 -20 19 -21 -40081
23 -7 22 -7 -30479
7 15 7 18 -41073
-13 22 -8 23 -41161
22 2 19 1 -39269
5 -21 7 -22 -43427
-11 9 -9 6 -42889
-16 -3 -18 -3 -45051
20 -14 20 -12 -41725
-20 8 -22 9 -46771
5 1 5 3 -41947
-10 3 -7 5 -41971
23 9 20 9 -30785
-6 -4 -7 -5 -43639
11 -24 9 -21 -42455
-24 16 -24 13 -41255
-23 -12 -21 -10 -41417
-4 13 -2 12 -41243
-24 -24 2 -24 -44551
22 -6 23 -8 -35357
-17 -11 -21 -10 -42677
22 -9 19 -11 -43907
6 3 4 2 -39691
9 -19 8 -22 -43725
12 21 10 22 -42655
17 -19 18 -21 -40439
-6 21 -4 22 -42833
-24 15 -24 16 -38507
-15 4 -16 2 -40345
23 12 22 7 -36623
-24 6 -19 4 -47093
10 11 8 11 -44037
-23 2 -24 5 -42389
-9 14 -10 14 -40075
18 9 16 8 -39475
-24 -3 -22 -1 -41915
-23 8 -23 14 -41901
-16 19 -18 17 -42585
16 -24 19 -24 -40189
23 -11 23 -17 -42845
-6 1 -7 1 -38613
-7 20 -7 22 -41159
-13 -9 -13 -6 -45159
20 -19 22 -20 -38839
-13 1 -15 4 -45289
-21 22 -18 21 -40325
15 -17 13 -16 -42255
-12 -15 -11 -16 -41731
-14 -23 -14 -21 -40715
10 4 11 4 -40011
8 20 13 21 -38963
2 19 5 21 -43181
6 -5 3 -3 -43269
6 -21 5 -22 -43255
-14 16 -11 19 -42977
-4 -23 -7 -24 -42613
2 20 -2 23 -40979
-7 -20 -8 -22 -39091
-17 7 -17 8 -40741
-24 1 -22 6 -46189
20 20 19 19 -39323
9 4 7 5 -44405
-20 2 -23 4 -45445
-23 14 -24 14 -29501
20 2 -22 21 -56539
5 15 -17 2 -62043
23 14 18 15 -40835
11 -12 11 -11 -34565
-5 7 -6 6 -43367
-7 -23 -5 -23 -39927
11 -18 12 -18 -39659
-23 4 -23 7 -42961
-12 -23 -14 -22 -44141
19 -2 19 1 -42147
12 21 14 23 -40061
22 -24 15 -21 -44511
-17 21 -18 22 -36603
-9 -14 -9 -12 -43813
-11 -18 -10 -18 -39703
-19 -23 13 -22 -55113
-5 17 -6 17 -45031
-12 -4 -5 -7 -52909
10 16 12 15 -41839
17 -13 17 -16 -44473
13 8 12 8 -38423
13 16 16 14 -47057
-24 -21 -24 -18 -44349
-15 -4 -12 -1 -44825
10 -21 10 -24 -41215
8 4 8 7 -38483
-2 23 19 23 -43337
16 5 14 5 -38947
10 5 7 4 -46053
-2 19 -1 22 -44443
20 13 20 12 -36485
0 4 2 4 -38149
-1 -4 0 -1 -37297
-13 -21 -15 -22 -43895
-22 10 -21 7 -47565
-17 -21 -16 -22 -40195
1 -11 2 -10 -42153
9 -23 6 -23 -44463
-21 19 -20 20 -40439
2 -20 -1 -19 -45587
12 -18 13 -17 -43357
-8 -16 -7 -17 -39847
23 -12 18 -12 -42249
8 12 6 12 -41829
0 10 -3 9 -38573
-6 13 -5 14 -43577
-6 -21 -5 -21 -41187
23 1 23 6 -42769
-9 14 -10 15 -40799
-2 -22 -6 -24 -42857
2 -12 2 -15 -38475
21 -4 19 -6 -45645
8 -6 8 -4 -39533
8 21 8 23 -41345
0 -12 0 -7 -42093
8 -10 7 -9 -40363
-19 13 -21 14 -40187
-9 -6 -7 -7 -45063
-16 -22 -20 -21 -38875
-13 6 -16 5 -43405
17 5 18 5 -41181
-10 -22 -11 -17 -44455
8 7 8 8 -39825
0 17 -4 17 -42113
-5 -9 -3 -9 -38929
3 -1 2 -1 -37165
18 17 23 18 -40485
-16 -20 9 -20 -58487
22 20 20 23 -38481
19 -4 23 -2 -43241
-24 -22 -20 -21 -42913
21 13 19 15 -42571
7 -15 5 -15 -46229
1 1 4 -1 -41119
-1 22 -1 23 -37769
23 5 21 3 -38789
-15 -10 -12 -10 -39707
-10 22 -10 19 -42041
-6 -9 -9 -9 -40465
-1 -13 -2 -13 -37607
-24 16 -21 16 -38225
-23 4 -24 10 -45829
-24 -12 -21 -16 -39241
6 -7 5 -11 -41165
11 -1 14 -4 -45451
-3 -22 2 -24 -40261
-15 -12 -13 -14 -45421
5 -11 2 -12 -43843
19 -9 22 -10 -43421
16 -12 14 -13 -41137
6 7 8 6 -46235
-13 14 -10 16 -44433
-16 3 -18 3 -41811
