-10 1 -10 2 -41110
18 4 21 5 -42182
-9 -24 -8 -22 -35666
-7 10 -6 10 -47738
-13 13 -12 13 -38386
-11 -8 -12 -7 -43948
23 3 24 1 -34524
-24 -15 -18 -18 -45180
-15 -19 -12 -19 -43852
-3 8 -4 7 -41622
16 7 16 10 -43212
15 -1 17 1 -43760
-16 -3 -17 -5 -44384
-8 9 -11 8 -41862
-1 18 3 19 -44614
-10 -10 -11 -11 -44984
8 0 9 0 -38294
-25 -15 -23 -14 -33508
-20 13 10 10 -53418
21 4 23 8 -45524
-9 25 -6 24 -30970
-10 2 -8 2 -38718
25 25 24 22 -15410
-18 1 -16 0 -44620
-25 -11 -25 -8 -38104
-11 -10 -11 -11 -46198
-20 16 -18 17 -40058
-7 -23 20 -22 -43964
17 17 17 19 -35242
13 -21 13 -18 -44234
1 -12 2 -12 -42914
25 -24 21 -22 -17332
-20 -6 -20 -5 -43430
-6 -10 -6 -9 -40502
2 -23 -3 -23 -42310
20 18 20 14 -36350
23 18 23 23 -32678
-15 -24 -14 -25 -29826
8 15 9 16 -40478
3 -16 4 -19 -42842
-15 1 -22 -20 -61584
4 18 3 15 -42568
-15 -13 -18 -14 -42952
7 -16 7 -17 -39482
-23 -17 -12 12 -62506
-22 -10 -21 -7 -44502
5 21 6 18 -44804
-19 -14 -16 -18 -47966
-18 -9 -17 -12 -42368
12 -3 12 -5 -42222
-23 24 -25 24 -14406
13 -15 12 -13 -40214
2 -25 2 -23 -26396
22 -19 22 -20 -41458
-18 17 -18 12 -43862
11 -24 17 -23 -35736
1 -23 0 -24 -39088
-24 -8 -20 -9 -39148
-24 19 -24 15 -36654
-22 -14 -24 -18 -46210
-10 -7 -8 -4 -47584
-11 -24 -10 -25 -27790
-20 19 -20 22 -40024
-19 -21 -20 -24 -44576
-1 -14 0 -15 -40066
-23 -23 -24 -22 -32184
4 -9 7 -8 -43894
16 -19 14 -19 -38446
8 -8 11 -5 -45316
-2 -2 -5 -1 -35644
25 2 23 2 -15790
4 -25 10 -25 -42658
-17 -12 -17 -14 -42342
-24 24 -14 25 -37844
-5 -13 -4 -14 -40744
-4 12 -4 13 -40368
-25 14 -24 13 -28302
-4 23 -2 20 -41600
11 -20 12 -18 -44680
-24 -4 -25 -4 -15682
17 -25 15 -23 -29622
10 -19 8 -18 -39062
11 -8 -22 15 -63026
-8 25 -8 23 -25684
15 -22 14 -23 -36744
-10 1 -10 -3 -42610
15 -9 12 -9 -42252
15 -10 16 -10 -42326
8 -14 9 -14 -37532
14 20 11 25 -43666
-6 14 -7 21 -46930
16 -8 18 -9 -42276
20 -8 20 -10 -31822
-4 16 0 19 -47374
-24 -1 -22 2 -43164
11 -22 9 -22 -36970
-21 -2 -22 0 -37502
12 14 13 15 -39158
-12 16 -16 17 -43308
-12 6 -11 7 -42294
-3 -19 -2 -16 -37120
15 1 11 0 -43638
-11 7 -11 9 -42268
8 -6 14 -7 -45918
5 -13 6 -13 -43054
-7 17 -7 14 -41788
25 -3 25 -6 -33550
23 -17 23 -20 -43256
14 19 17 19 -44112
8 -10 12 -10 -43312
23 -19 24 -17 -33320
19 -5 14 -2 -43146
-18 -24 -25 -23 -36626
6 -24 5 -24 -40282
-24 25 -25 20 -23834
17 -20 19 -20 -40548
-11 -23 -13 -24 -40920
-7 12 -7 11 -37862
-22 1 -22 2 -40946
4 -5 6 -5 -42812
4 -21 4 -17 -43796
7 -22 7 -23 -39152
-21 -3 -22 -4 -44442
6 -5 10 -5 -42904
-5 3 -5 1 -38636
-9 -13 -9 -11 -46026
-18 -20 -18 -17 -44144
-16 20 -16 19 -39412
-24 -18 -22 -24 -45108
-24 19 -21 19 -35404
14 23 23 23 -40354
14 -11 13 -10 -39776
-5 5 -4 4 -41494
13 -14 14 -14 -42090
-20 -17 -21 -19 -45638
-14 21 -12 18 -42664
-19 11 -18 13 -39730
-24 -17 -23 -7 -45792
4 9 4 12 -43970
-12 -4 -10 -3 -43420
-24 16 -23 17 -34396
12 16 13 13 -44086
-20 -15 -20 -13 -41712
21 25 24 23 -25234
10 -7 10 -8 -36892
14 -1 11 1 -44802
-23 -4 -23 -7 -41798
7 19 6 19 -35394
12 24 12 22 -37632
-13 -23 -11 -23 -40908
3 -3 0 -4 -40870
-18 23 -17 25 -25826
12 0 10 0 -42890
2 1 2 0 -39788
-13 5 -12 1 -50266
-1 -7 -2 -2 -45756
17 23 16 21 -37612
20 -5 22 -6 -39658
10 3 10 2 -39410
-5 -22 -4 -25 -28706
16 4 17 3 -41670
-22 -21 -19 -21 -41764
15 18 14 19 -41982
24 15 25 13 -24778
-6 21 -2 25 -43610
-12 -11 -12 -8 -49052
-16 -22 -16 -20 -43306
3 -24 5 -24 -33802
1 -1 -2 0 -40582
16 -24 21 -23 -43728
12 -1 11 -3 -42706
11 22 15 21 -41452
-23 -19 -23 -20 -42612
12 -25 10 -24 -27434
24 -11 25 -10 -22704
-16 21 -16 22 -37828
-3 -11 -7 -13 -47330
-8 18 -6 19 -45210
-14 -7 -17 -7 -39510
-16 15 -17 17 -41182
-14 10 -11 9 -41546
20 -2 22 -3 -39712
24 -21 19 -25 -36354
16 -16 15 -15 -44258
-25 -24 -23 -22 -25204
1 25 5 25 -26760
-9 -13 -10 -13 -37948
24 -13 23 -12 -29332
-18 2 -23 2 -40896
-17 23 -13 22 -33000
-2 4 -2 3 -37894
-1 -6 1 -6 -44498
19 7 20 5 -43518
-15 -1 -15 2 -42442
21 -3 21 -4 -41654
8 -2 5 0 -45042
4 11 8 12 -42286
14 15 19 15 -43860
-15 4 -14 4 -42016
3 23 4 25 -29488
25 -4 25 4 -41842
-2 -6 0 -8 -44034
-9 -18 -7 -17 -39454
-10 22 -8 21 -41720
25 -22 24 -19 -30388
24 6 24 8 -32912
-21 11 -22 11 -37544
18 -25 19 -23 -31064
18 -1 20 0 -42528
-7 -20 -6 -22 -39124
9 22 10 23 -34926
5 1 4 -1 -41362
10 11 12 10 -38982
-24 -11 -24 -6 -43200
16 -8 18 -5 -44948
21 24 -23 23 -39816
8 12 8 14 -39756
5 22 4 23 -38192
19 4 19 7 -45590
25 19 23 17 -25576
22 10 24 13 -31868
13 3 13 2 -39480
0 18 -1 19 -39256
25 21 22 20 -21050
-2 -10 -2 -14 -43666
-1 8 0 11 -41430
-24 8 -18 8 -42976
25 -17 24 -15 -30336
19 -15 22 -16 -37966
-21 -25 -19 -23 -37316
6 8 6 10 -39706
3 15 4 12 -46660
1 23 -5 23 -32142
23 -2 22 0 -41976
0 23 1 24 -33320
23 23 16 23 -38474
-14 1 -10 1 -41522
25 -9 25 -25 -43236
17 8 19 7 -43128
-21 -12 -23 -12 -37600
4 22 23 23 -41706
19 10 20 10 -38626
-19 9 -18 8 -45546
8 -16 8 -13 -41108
-25 13 -25 11 -32972
15 -16 15 -18 -40858
-3 14 -6 15 -45532
-6 -23 -10 -21 -39204
10 -1 10 -2 -38952
-7 11 -5 11 -49852
-25 2 -25 -6 -41160
-25 -23 -25 -25 -21412
0 13 3 13 -42092
-8 25 -11 23 -33290
6 10 4 11 -36148
7 -22 8 -23 -43294
17 -11 18 -10 -41692
3 4 0 6 -38400
2 21 3 21 -37116
-15 15 -17 15 -39266
-1 -12 0 -11 -45078
-19 -24 -16 -22 -41612
11 -14 13 -13 -44156
-10 20 -12 20 -39066
-16 0 -15 0 -42078
3 -2 3 -5 -41626
22 -12 21 -11 -37764
4 22 11 22 -41098
-1 -11 1 -12 -42538
-1 18 18 -19 -61286
-23 -18 -23 -16 -40130
-13 -17 -12 -19 -42458
14 -7 14 -5 -40322
-8 2 -10 4 -46140
0 14 1 15 -40200
-15 -14 -18 -14 -42570
-22 -9 -24 -8 -35400
-11 9 -11 12 -38826
-7 -7 -13 -7 -45164
-22 -2 -18 -2 -40482
21 -22 -24 -23 -45054
-14 -17 -13 -16 -41566
-10 -22 -12 -23 -41524
18 -9 17 -9 -41824
0 7 1 7 -36912
-24 4 -24 -1 -45302
-24 5 -20 11 -42124
-18 13 -17 11 -42512
1 1 2 3 -43786
20 13 21 15 -37512
3 -23 4 -21 -40506
2 -19 3 -21 -39626
-19 -11 -18 -10 -40988
11 12 9 11 -40882
23 -20 20 -24 -37124
23 20 19 22 -39554
-18 -24 -14 -23 -37370
-14 10 -18 10 -40092
-8 -5 -7 -1 -47278
-3 -20 -2 -20 -35986
23 -1 23 -3 -41678
8 17 9 21 -41152
18 -1 13 -1 -41658
-14 -4 -12 -5 -39366
14 19 16 20 -43006
19 12 22 10 -42214
-19 -4 -17 -5 -41014
-1 8 -4 11 -43346
-11 -2 -12 -1 -41488
-9 23 -3 22 -41272
7 23 10 21 -42994
17 6 17 9 -46370
22 23 18 20 -39222
0 -19 4 -17 -43718
-3 -6 1 -6 -43836
-20 21 -21 23 -33760
1 -15 2 -15 -42386
15 21 17 19 -41524
-23 21 -19 22 -40908
-8 18 -9 18 -42968
4 -13 3 -12 -42104
-22 -21 -23 -22 -40270
12 8 13 7 -43236
-3 -19 -3 -20 -34108
1 10 1 14 -46496
6 -13 7 -14 -40822
-13 21 -19 20 -43942
-16 23 -21 23 -40228
-7 19 -5 18 -43924
16 9 13 10 -40072
0 13 5 12 -46262
23 -5 22 -7 -36722
-6 7 -7 7 -44866
4 21 6 20 -44184
-3 7 -5 7 -42274
-11 -17 -10 -13 -41488
-21 -15 -24 -16 -42894
-6 -2 -4 -5 -45410
-9 -5 -8 -8 -47046
-1 -24 2 -23 -42128
6 -12 -19 -14 -55456
18 -19 23 -23 -44560
-19 -5 -20 -6 -46026
-1 3 -2 3 -33338
-8 4 -8 7 -41658
-15 4 -16 6 -41318
-22 16 2 -23 -63408
-15 21 -10 22 -41266
15 11 15 12 -36876
-23 -5 -23 -2 -41332
-4 -14 -5 -14 -40116
-10 18 3 -11 -65856
18 15 12 14 -46250
19 4 21 1 -38590
21 -14 20 -16 -41660
20 -20 19 -21 -38796
23 -7 22 -7 -30012
7 15 7 18 -43000
-13 22 -8 23 -42302
22 2 19 1 -38618
5 -21 7 -22 -40492
-11 9 -9 6 -44626
-16 -3 -18 -3 -42902
20 -14 20 -12 -41722
-20 8 -22 9 -46494
5 1 5 3 -41678
-10 3 -7 5 -41114
23 9 20 9 -31152
-6 -4 -7 -5 -45170
11 -24 9 -21 -42562
-24 16 -24 13 -41422
-23 -12 -21 -10 -42836
-4 13 -2 12 -42472
-24 -24 2 -24 -42124
22 -6 23 -8 -33608
-17 -11 -21 -10 -38932
22 -9 19 -11 -42976
6 3 4 2 -39154
9 -19 8 -22 -44506
12 21 10 22 -41514
17 -19 18 -21 -39784
-6 21 -4 22 -43504
-24 15 -24 16 -38296
-15 4 -16 2 -41462
23 12 22 7 -36234
-24 6 -19 4 -47102
10 11 8 11 -40286
-23 2 -24 5 -41648
-9 14 -10 14 -40834
18 9 16 8 -39056
-24 -3 -22 -1 -40718
-23 8 -23 14 -42480
-16 19 -18 17 -44842
16 -24 19 -24 -39212
23 -11 23 -17 -42412
-6 1 -7 1 -38490
-7 20 -7 22 -42792
-13 -9 -13 -6 -44938
20 -19 22 -20 -38318
-13 1 -15 4 -50244
-21 22 -18 21 -39444
15 -17 13 -16 -42858
-12 -15 -11 -16 -40510
-14 -23 -14 -21 -40782
10 4 11 4 -39960
8 20 13 21 -38042
2 19 5 21 -43636
6 -5 3 -3 -45194
6 -21 5 -22 -42606
-14 16 -11 19 -45750
-4 -23 -7 -24 -41306
2 20 -2 23 -42416
-7 -20 -8 -22 -38606
-17 7 -17 8 -40158
-24 1 -22 6 -43108
20 20 19 19 -39486
9 4 7 5 -41406
-20 2 -23 4 -45216
-23 14 -24 14 -29290
-5 -9 -4 -7 -46836
5 15 1 17 -47762
23 14 18 15 -41412
11 -12 11 -11 -34560
-5 7 -6 6 -43704
-7 -23 -5 -23 -38498
11 -18 12 -18 -39228
-23 4 -23 7 -38632
-12 -23 -14 -22 -43120
19 -2 19 1 -42098
12 21 14 23 -40774
22 -24 15 -21 -43734
-17 21 -18 22 -37138
-9 -14 -9 -12 -45810
-11 -18 -10 -18 -37238
10 18 -11 7 -60516
-5 17 -6 17 -46238
23 12 -3 -7 -58560
10 16 12 15 -40834
17 -13 17 -16 -44692
13 8 12 8 -37778
13 16 16 14 -47018
-24 -21 -24 -18 -44286
-15 -4 -12 -1 -46344
10 -21 10 -24 -41228
8 4 8 7 -38592
-2 23 19 23 -43494
16 5 14 5 -39102
10 5 7 4 -43290
-2 19 -1 22 -44636
20 13 20 12 -35754
0 4 2 4 -38630
-1 -4 0 -1 -38198
-13 -21 -15 -22 -42752
-22 10 -21 7 -47536
-17 -21 -16 -22 -39978
1 -11 2 -10 -42930
9 -23 6 -23 -42418
-21 19 -20 20 -41440
2 -20 -1 -19 -44194
12 -18 13 -17 -43584
-8 -16 -7 -17 -38982
23 -12 18 -12 -42644
8 12 6 12 -37792
0 10 -3 9 -39466
-6 13 -5 14 -45300
-6 -21 -5 -21 -40498
23 1 23 6 -43090
-9 14 -10 15 -43228
-2 -22 -6 -24 -41680
2 -12 2 -15 -39240
21 -4 19 -6 -45472
8 -6 8 -4 -41512
8 21 8 23 -41590
0 -12 0 -7 -44864
8 -10 7 -9 -40172
-19 13 -21 14 -40634
-9 -6 -7 -7 -42144
-16 -22 -20 -21 -38898
-13 6 -16 5 -42712
17 5 18 5 -40698
-10 -22 -11 -17 -44930
8 7 8 8 -38748
0 17 -4 17 -42108
-5 -9 -3 -9 -39722
3 -1 2 -1 -38314
18 17 23 18 -40698
11 -4 9 -3 -44376
22 20 20 23 -38352
19 -4 23 -2 -43966
-24 -22 -20 -21 -43238
21 13 19 15 -42354
7 -15 5 -15 -42888
1 1 4 -1 -41412
-1 22 -1 23 -37796
23 5 21 3 -39088
-15 -10 -12 -10 -40630
-10 22 -10 19 -44172
-6 -9 -9 -9 -40574
-1 -13 -2 -13 -38488
-24 16 -21 16 -38012
-23 4 -24 10 -44276
-24 -12 -21 -16 -38402
6 -7 5 -11 -42400
11 -1 14 -4 -47420
-3 -22 2 -24 -39134
-15 -12 -13 -14 -45126
5 -11 2 -12 -44358
19 -9 22 -10 -42138
16 -12 14 -13 -43390
6 7 8 6 -40312
-13 14 -10 16 -45644
-16 3 -18 3 -40968
