-10 1 -10 2 -38663
18 4 21 5 -44445
-9 -24 -8 -22 -36255
-7 10 -6 10 -40217
-13 13 -12 13 -36607
-11 -8 -12 -7 -42887
23 3 24 1 -36947
-24 -15 -18 -18 -46585
14 7 14 6 -42273
-3 8 -4 7 -41179
16 7 16 10 -46763
15 -1 17 1 -45789
-16 -3 -17 -5 -40705
-8 9 -11 8 -40535
-1 18 3 19 -41585
-10 -10 -11 -11 -41087
8 0 9 0 -39757
-25 -15 -23 -14 -33577
-18 -16 -18 -18 -45269
21 4 23 8 -45811
-9 25 -6 24 -32081
-10 2 -8 2 -40963
25 25 24 22 -16371
-18 1 -16 0 -44843
-25 -11 -25 -8 -38403
-11 -10 -11 -11 -39443
-20 16 -18 17 -39183
-2 20 -1 15 -47087
17 17 17 19 -35247
8 11 6 10 -42015
1 -12 2 -12 -41581
25 -24 21 -22 -18331
-20 -6 -20 -5 -41025
-6 -10 -6 -9 -37361
2 -23 -3 -23 -42747
20 18 20 14 -35987
23 18 23 23 -32897
-15 -24 -14 -25 -28515
8 15 9 16 -42279
13 23 14 23 -34977
-4 -23 -6 -24 -42301
4 18 3 15 -43909
-15 -13 -18 -14 -41397
7 -16 7 -17 -36037
-16 0 -16 1 -36757
-22 -10 -21 -7 -41267
5 21 6 18 -45907
-13 18 -16 19 -50055
-18 -9 -17 -12 -40997
12 -3 12 -5 -39973
-23 24 -25 24 -14575
13 -15 12 -13 -39937
2 -25 2 -23 -27559
22 -19 22 -20 -41903
18 11 19 8 -48519
11 -24 17 -23 -37753
1 -23 0 -24 -41155
-24 -8 -20 -9 -42677
-24 19 -24 15 -36055
-22 -14 -24 -18 -46897
19 -23 2 -24 -48311
-11 -24 -10 -25 -28175
-20 19 -20 22 -40123
-19 -21 -20 -24 -45043
-1 -14 0 -15 -40709
-23 -23 -24 -22 -33531
4 -9 7 -8 -43655
16 -19 14 -19 -39111
8 -8 11 -5 -46607
-2 -2 -5 -1 -40737
25 2 23 2 -16551
4 -25 10 -25 -45021
-17 -12 -17 -14 -41615
-24 24 -14 25 -38601
-5 -13 -4 -14 -41635
-4 12 -4 13 -41555
-25 14 -24 13 -27693
-4 23 -2 20 -41901
11 -20 12 -18 -43095
-24 -4 -25 -4 -15029
17 -25 15 -23 -30869
10 -19 8 -18 -40163
17 -24 -10 -24 -41297
-8 25 -8 23 -26021
15 -22 14 -23 -38377
-10 1 -10 -3 -40293
15 -9 12 -9 -42827
15 -10 16 -10 -41709
8 -14 9 -14 -37981
14 20 11 25 -45429
-18 20 -14 20 -45327
16 -8 18 -9 -42097
20 -8 20 -10 -30979
-5 4 -2 4 -41141
-24 -1 -22 2 -41959
11 -22 9 -22 -40465
-21 -2 -22 0 -37581
12 14 13 15 -41447
-12 16 -16 17 -48751
-12 6 -11 7 -42321
-3 -19 -2 -16 -38897
15 1 11 0 -43945
-11 7 -11 9 -41235
8 -6 14 -7 -46939
5 -13 6 -13 -42691
-7 17 -7 14 -43563
25 -3 25 -6 -33009
23 -17 23 -20 -43827
14 19 17 19 -40679
8 -10 12 -10 -43285
23 -19 24 -17 -33873
13 10 18 -20 -57541
-18 -24 -25 -23 -42529
6 -24 5 -24 -41121
-24 25 -25 20 -24043
17 -20 19 -20 -40801
-11 -23 -13 -24 -40091
-7 12 -7 11 -38601
-22 1 -22 2 -40279
4 -5 6 -5 -44047
4 -21 4 -17 -40795
7 -22 7 -23 -40271
16 2 17 5 -46331
6 -5 10 -5 -45387
-5 3 -5 1 -40327
-9 -13 -9 -11 -43863
-18 -20 -18 -17 -47747
-16 20 -16 19 -39543
-24 -18 -22 -24 -46271
-24 19 -21 19 -35277
14 23 23 23 -42597
14 -11 13 -10 -39763
-5 5 -4 4 -44067
13 -14 14 -14 -42933
-20 -17 -21 -19 -47317
-14 21 -12 18 -46281
-19 11 -18 13 -37613
-24 -17 -23 -7 -45089
4 9 4 12 -45337
-12 -4 -10 -3 -41107
-24 16 -23 17 -34339
16 16 13 14 -42807
-20 -15 -20 -13 -40841
21 25 24 23 -25673
10 -7 10 -8 -36843
14 -1 11 1 -42677
-23 -4 -23 -7 -40529
7 19 6 19 -34727
12 24 12 22 -37827
-13 -23 -11 -23 -38503
3 -3 0 -4 -40993
-18 23 -17 25 -25183
12 0 10 0 -44253
2 1 2 0 -40755
-13 5 -12 1 -43793
-1 -7 -2 -2 -43769
17 23 16 21 -37377
20 -5 22 -6 -39099
10 3 10 2 -42279
-5 -22 -4 -25 -28815
16 4 17 3 -43693
-22 -21 -19 -21 -44433
15 18 14 19 -40905
24 15 25 13 -26327
-6 21 -2 25 -43119
5 10 2 11 -40161
-16 -22 -16 -20 -44923
3 -24 5 -24 -33035
1 -1 -2 0 -40711
16 -24 21 -23 -43795
12 -1 11 -3 -42373
11 22 15 21 -45769
-23 -19 -23 -20 -43435
12 -25 10 -24 -29925
24 -11 25 -10 -22857
-16 21 -16 22 -39061
-17 -24 -22 -23 -44353
-8 18 -6 19 -44197
-14 -7 -17 -7 -38733
-16 15 -17 17 -40111
-14 10 -11 9 -40011
20 -2 22 -3 -41919
24 -21 19 -25 -38479
16 -16 15 -15 -43839
-25 -24 -23 -22 -26513
1 25 5 25 -27311
-9 -13 -10 -13 -41135
24 -13 23 -12 -32367
-18 2 -23 2 -41135
-17 23 -13 22 -45579
-2 4 -2 3 -45413
-1 -6 1 -6 -43129
19 7 20 5 -45961
-16 23 -14 22 -42907
21 -3 21 -4 -41307
8 -2 5 0 -46817
1 3 1 4 -45873
14 15 19 15 -41665
-15 4 -14 4 -41421
3 23 4 25 -29351
25 -4 25 4 -42869
-2 -6 0 -8 -42921
-9 -18 -7 -17 -39701
-10 22 -8 21 -43477
25 -22 24 -19 -31425
24 6 24 8 -33559
-21 11 -22 11 -38181
18 -25 19 -23 -32023
18 -1 20 0 -46101
-7 -20 -6 -22 -39399
9 22 10 23 -35367
5 1 4 -1 -43797
10 11 12 10 -38175
-24 -11 -24 -6 -42679
22 22 -10 -6 -56817
21 24 -23 23 -41217
8 12 8 14 -38051
5 22 4 23 -38525
19 4 19 7 -48445
25 19 23 17 -25665
22 10 24 13 -33675
13 3 13 2 -43453
0 18 -1 19 -44475
25 21 22 20 -20789
-2 -10 -2 -14 -41147
-1 8 0 11 -42555
-24 8 -18 8 -43123
25 -17 24 -15 -32411
19 -15 22 -16 -43173
-21 -25 -19 -23 -38463
6 8 6 10 -41329
3 15 4 12 -45531
1 23 -5 23 -31823
23 -2 22 0 -44227
0 23 1 24 -34211
23 23 16 23 -40785
-14 1 -10 1 -41213
25 -9 25 -25 -44207
17 8 19 7 -46031
-21 -12 -23 -12 -40993
4 22 23 23 -44315
19 10 20 10 -40781
-19 9 -18 8 -43991
8 -16 8 -13 -40257
-25 13 -25 11 -32085
15 -16 15 -18 -40119
-3 14 -6 15 -47799
-6 -23 -10 -21 -38719
10 -1 10 -2 -38609
18 -5 4 -1 -57117
-25 2 -25 -6 -40849
-25 -23 -25 -25 -21881
0 13 3 13 -36779
-8 25 -11 23 -34021
6 10 4 11 -38729
7 -22 8 -23 -44083
17 -11 18 -10 -41521
3 4 0 6 -41331
2 21 3 21 -36545
-15 15 -17 15 -41695
-3 -3 -23 2 -56279
-19 -24 -16 -22 -42101
11 -14 13 -13 -45017
-10 20 -12 20 -40263
-16 0 -15 0 -42499
3 -2 3 -5 -41379
22 -12 21 -11 -37507
4 22 11 22 -40861
-1 -11 1 -12 -42769
23 -16 21 -15 -39665
-23 -18 -23 -16 -41285
-13 -17 -12 -19 -43343
14 -7 14 -5 -38149
-8 2 -10 4 -44679
0 14 1 15 -38095
-15 -14 -18 -14 -39911
-22 -9 -24 -8 -38955
-11 9 -11 12 -38371
-7 -7 -13 -7 -46397
-22 -2 -18 -2 -40439
18 16 21 16 -46137
-14 -17 -13 -16 -39209
-10 -22 -12 -23 -40793
18 -9 17 -9 -40669
0 7 1 7 -36467
-24 4 -24 -1 -44331
-24 5 -20 11 -41775
-18 13 -17 11 -40707
1 1 2 3 -48031
20 13 21 15 -39147
3 -23 4 -21 -41383
2 -19 3 -21 -37755
-19 -11 -18 -10 -38765
11 12 9 11 -42893
23 -20 20 -24 -38781
23 20 19 22 -41171
-18 -24 -14 -23 -35757
-14 10 -18 10 -40021
-2 -19 -4 -21 -44457
-3 -20 -2 -20 -37569
23 -1 23 -3 -42995
8 17 9 21 -41913
18 -1 13 -1 -41033
-14 -4 -12 -5 -39829
7 7 2 6 -43441
19 12 22 10 -46991
-19 -4 -17 -5 -42109
-1 8 -4 11 -42641
-11 -2 -12 -1 -40431
-9 23 -3 22 -41065
7 23 10 21 -42977
1 -17 0 -18 -37555
22 23 18 20 -40927
-10 23 17 5 -57011
-3 -6 1 -6 -42917
-20 21 -21 23 -33923
1 -15 2 -15 -39415
15 21 17 19 -41293
-23 21 -19 22 -40953
-8 18 -9 18 -43929
4 -13 3 -12 -41001
-22 -21 -23 -22 -40581
12 8 13 7 -45223
-3 -19 -3 -20 -37047
1 10 1 14 -46137
6 -13 7 -14 -40067
21 -4 17 -4 -45635
-16 23 -21 23 -40375
-7 19 -5 18 -43797
16 9 13 10 -41025
-24 -14 9 -23 -50191
23 -5 22 -7 -36559
-6 7 -7 7 -41183
4 21 6 20 -44089
14 -2 4 -20 -62303
-11 -17 -10 -13 -40915
-21 -15 -24 -16 -44321
-6 -2 -4 -5 -44581
-9 -5 -8 -8 -46919
-1 -24 2 -23 -42695
-6 -2 -9 -1 -49603
18 -19 23 -23 -47133
-19 -5 -20 -6 -40777
-1 3 -2 3 -35401
-8 4 -8 7 -41459
-15 4 -16 6 -38981
-4 13 -1 13 -41689
-15 21 -10 22 -41607
15 11 15 12 -38735
-23 -5 -23 -2 -39107
-4 -14 -5 -14 -36671
18 -2 17 -1 -38951
-5 14 -6 16 -46949
19 4 21 1 -41875
21 -14 20 -16 -42293
20 -20 19 -21 -39043
23 -7 22 -7 -30125
7 15 7 18 -43039
-13 22 -8 23 -43563
22 2 19 1 -40847
5 -21 7 -22 -41439
-11 9 -9 6 -43329
-16 -3 -18 -3 -43781
20 -14 20 -12 -42247
-20 8 -22 9 -46885
5 1 5 3 -45217
-10 3 -7 5 -42383
23 9 20 9 -31663
-6 -4 -7 -5 -42989
11 -24 9 -21 -44771
-24 16 -24 13 -39531
-23 -12 -21 -10 -41363
-4 13 -2 12 -44859
-24 -24 2 -24 -39599
22 -6 23 -8 -31959
-17 -11 -21 -10 -41059
22 -9 19 -11 -42753
6 3 4 2 -44613
9 -19 8 -22 -44569
12 21 10 22 -43721
17 -19 18 -21 -42403
-6 21 -4 22 -44043
-24 15 -24 16 -37461
-15 4 -16 2 -39119
23 12 22 7 -39189
-24 6 -19 4 -46895
10 11 8 11 -40521
-23 2 -24 5 -41243
-9 14 -10 14 -40481
18 9 16 8 -38255
-24 -3 -22 -1 -36431
-23 8 -23 14 -41247
-16 19 -18 17 -42229
16 -24 19 -24 -39467
23 -11 23 -17 -44653
-6 1 -7 1 -44337
-7 20 -7 22 -41933
-13 -9 -13 -6 -40491
20 -19 22 -20 -42195
4 0 15 18 -63823
-21 22 -18 21 -41083
15 -17 13 -16 -43441
-12 -15 -11 -16 -41141
-14 -23 -14 -21 -41741
10 4 11 4 -39747
8 20 13 21 -39415
2 19 5 21 -42641
6 -5 3 -3 -46897
6 -21 5 -22 -43227
-16 21 8 -10 -62419
-10 16 -9 17 -43273
2 20 -2 23 -44095
-7 -20 -8 -22 -40029
-17 7 -17 8 -38845
-24 1 -22 6 -41785
20 20 19 19 -40923
9 4 7 5 -42431
-20 2 -23 4 -44649
-23 14 -24 14 -29541
-5 -9 -4 -7 -43193
5 15 1 17 -45619
23 14 18 15 -46955
11 -12 11 -11 -35525
-5 7 -6 6 -42559
-7 -23 -5 -23 -37383
11 -18 12 -18 -41465
-23 4 -23 7 -39083
-12 -23 -14 -22 -40355
19 -2 19 1 -44727
12 21 14 23 -40341
22 -24 15 -21 -45291
-17 21 -18 22 -40479
-9 -14 -9 -12 -43923
-11 -18 -10 -18 -35923
-9 -3 -9 -6 -42269
-5 17 -6 17 -45393
-10 -11 -7 -12 -45617
10 16 12 15 -39957
17 -13 17 -16 -45193
13 8 12 8 -38973
13 16 16 14 -41969
-24 -21 -24 -18 -44639
-15 -4 -12 -1 -43853
10 -21 10 -24 -43167
8 4 8 7 -42455
-2 23 19 23 -45359
16 5 14 5 -38777
-24 -10 -21 -13 -43605
-2 19 -1 22 -44191
20 13 20 12 -38115
0 4 2 4 -39317
-1 -4 0 -1 -38101
-13 -21 -15 -22 -39275
-22 10 -21 7 -46857
-17 -21 -16 -22 -39353
1 -11 2 -10 -40425
9 -23 6 -23 -44547
-21 19 -20 20 -40657
2 -20 -1 -19 -42875
12 -18 13 -17 -43873
-8 -16 -7 -17 -38871
23 -12 18 -12 -40587
8 12 6 12 -38085
0 10 -3 9 -40443
-6 13 -5 14 -43631
-6 -21 -5 -21 -39713
23 1 23 6 -45439
-9 14 -10 15 -44217
-2 -22 -6 -24 -46611
2 -12 2 -15 -38001
21 -4 19 -6 -45983
8 -6 8 -4 -39481
8 21 8 23 -41269
0 -12 0 -7 -43683
8 -10 7 -9 -39175
-19 13 -21 14 -39857
-9 -6 -7 -7 -45789
-16 -22 -20 -21 -41775
-13 6 -16 5 -42637
17 5 18 5 -41699
-10 -22 -11 -17 -46199
8 7 8 8 -41139
0 17 -4 17 -42419
-5 -9 -3 -9 -36759
3 -1 2 -1 -39629
18 17 23 18 -45235
11 -4 9 -3 -44893
22 20 20 23 -39505
19 -4 23 -2 -46227
-24 -22 -20 -21 -45091
21 13 19 15 -45329
7 -15 5 -15 -42741
1 1 4 -1 -42513
-1 22 -1 23 -37755
23 5 21 3 -40971
-15 -10 -12 -10 -39005
-10 22 -10 19 -43799
-6 -9 -9 -9 -42771
-1 -13 -2 -13 -35683
-24 16 -21 16 -38461
-23 4 -24 10 -43583
-24 -12 -21 -16 -41663
6 -7 5 -11 -42117
14 -24 14 -19 -44651
-3 -22 2 -24 -38659
-15 -12 -13 -14 -43051
5 -11 2 -12 -42685
17 -3 -24 0 -54925
16 -12 14 -13 -43765
6 7 8 6 -41145
-13 14 -10 16 -42567
-16 3 -18 3 -42215
