-10 1 -10 2 -41430
18 4 21 5 -44738
-9 -24 -8 -22 -35088
-7 10 -6 10 -38502
-13 13 -12 13 -35062
-11 -8 -12 -7 -44346
23 3 24 1 -36382
-24 -15 -18 -18 -46530
14 7 14 6 -43242
-3 8 -4 7 -40536
16 7 16 10 -42842
15 -1 17 1 -43744
-16 -3 -17 -5 -42090
-8 9 -11 8 -42008
-1 18 3 19 -42406
-10 -10 -11 -11 -44342
8 0 9 0 -40218
-25 -15 -23 -14 -33114
-18 -16 -18 -18 -43130
21 4 23 8 -44748
-9 25 -6 24 -31854
-10 2 -8 2 -38962
25 25 24 22 -15410
-18 1 -16 0 -43750
-25 -11 -25 -8 -37950
-11 -10 -11 -11 -41040
-20 16 -18 17 -42030
-2 20 -1 15 -45548
17 17 17 19 -35550
8 11 6 10 -39974
1 -12 2 -12 -40690
25 -24 21 -22 -17114
-20 -6 -20 -5 -44552
-6 -10 -6 -9 -38390
2 -23 -3 -23 -39550
20 18 20 14 -35406
23 18 23 23 -33408
-15 -24 -14 -25 -28572
8 15 9 16 -41578
13 23 14 23 -31884
-4 -23 -6 -24 -34082
4 18 3 15 -42908
-15 -13 -18 -14 -46114
7 -16 7 -17 -35540
-16 0 -16 1 -38156
-22 -10 -21 -7 -43942
5 21 6 18 -44008
10 -5 15 -5 -41756
-18 -9 -17 -12 -42594
12 -3 12 -5 -40242
-23 24 -25 24 -14836
13 -15 12 -13 -39648
2 -25 2 -23 -25562
22 -19 22 -20 -41968
11 15 8 15 -42128
11 -24 17 -23 -36178
1 -23 0 -24 -37824
-24 -8 -20 -9 -44136
-24 19 -24 15 -37008
-22 -14 -24 -18 -47394
16 0 8 3 -57790
-11 -24 -10 -25 -29248
-20 19 -20 22 -40956
-19 -21 -20 -24 -44422
-1 -14 0 -15 -39936
-23 -23 -24 -22 -32502
4 -9 7 -8 -42360
16 -19 14 -19 -41150
8 -8 11 -5 -46100
-2 -2 -5 -1 -38128
25 2 23 2 -16272
4 -25 10 -25 -42630
-17 -12 -17 -14 -42590
-24 24 -14 25 -39572
-5 -13 -4 -14 -41398
-4 12 -4 13 -38194
-25 14 -24 13 -28992
-4 23 -2 20 -42114
11 -20 12 -18 -43730
-24 -4 -25 -4 -17226
17 -25 15 -23 -27756
10 -19 8 -18 -39080
17 -24 -10 -24 -37656
-8 25 -8 23 -26966
15 -22 14 -23 -38596
-10 1 -10 -3 -46646
15 -9 12 -9 -42332
15 -10 16 -10 -41872
8 -14 9 -14 -38350
14 20 11 25 -43864
-18 20 -14 20 -41954
17 4 17 8 -49718
20 -8 20 -10 -34560
-5 4 -2 4 -39840
-24 -1 -22 2 -43812
11 -22 9 -22 -37630
-21 -2 -22 0 -38044
12 14 13 15 -40452
-9 4 -18 -22 -63660
-12 6 -11 7 -43082
-3 -19 -2 -16 -38150
15 1 11 0 -45322
-11 7 -11 9 -41446
16 22 14 19 -46526
5 -13 6 -13 -42566
-7 17 -7 14 -44804
25 -3 25 -6 -32538
23 -17 23 -20 -43216
14 19 17 19 -40838
8 -10 12 -10 -40454
23 -19 24 -17 -34240
23 11 20 12 -38520
-18 -24 -25 -23 -41664
6 -24 5 -24 -39384
-24 25 -25 20 -24842
17 -20 19 -20 -39970
-11 -23 -13 -24 -40540
-7 12 -7 11 -36998
-22 1 -22 2 -40746
4 -5 6 -5 -40166
4 -21 4 -17 -40178
7 -22 7 -23 -38252
16 2 17 5 -45568
6 -5 10 -5 -42908
-5 3 -5 1 -40256
-9 -13 -9 -11 -45466
-13 21 -12 23 -41880
-16 20 -16 19 -38822
-24 -18 -22 -24 -44518
-24 19 -21 19 -36862
14 23 23 23 -42020
14 -11 13 -10 -39386
-5 5 -4 4 -42066
13 -14 14 -14 -44256
-20 -17 -21 -19 -45156
18 20 -9 22 -49208
-19 11 -18 13 -42710
8 21 -18 23 -44796
21 -13 23 -12 -40328
-12 -4 -10 -3 -43222
-24 16 -23 17 -33780
16 16 13 14 -42048
-20 -15 -20 -13 -43138
21 25 24 23 -26140
10 -7 10 -8 -36954
14 -1 11 1 -45602
-23 -4 -23 -7 -42938
7 19 6 19 -35004
12 24 12 22 -39300
-13 -23 -11 -23 -39552
3 -3 0 -4 -40248
-18 23 -17 25 -26634
12 0 10 0 -45824
2 1 2 0 -38272
-13 5 -12 1 -44906
-1 -7 -2 -2 -46098
17 23 16 21 -40912
20 -5 22 -6 -40614
10 3 10 2 -42262
-5 -22 -4 -25 -28794
16 4 17 3 -43798
-22 -21 -19 -21 -44718
15 18 14 19 -40252
24 15 25 13 -24736
-6 21 -2 25 -43722
5 10 2 11 -42944
-16 -22 -16 -20 -42214
3 -24 5 -24 -31712
1 -1 -2 0 -40126
16 -24 21 -23 -40876
12 -1 11 -3 -42108
7 -19 9 -18 -42228
-23 -19 -23 -20 -41402
12 -25 10 -24 -28854
24 -11 25 -10 -25238
-16 21 -16 22 -40942
-17 -24 -22 -23 -43614
-8 18 -6 19 -45084
-14 -7 -17 -7 -41012
-16 15 -17 17 -41108
-14 10 -11 9 -41384
20 -2 22 -3 -41964
24 -21 19 -25 -38208
16 -16 15 -15 -45088
-25 -24 -23 -22 -26496
1 25 5 25 -27920
-9 -13 -10 -13 -43068
24 -13 23 -12 -31524
-18 2 -23 2 -42176
-17 23 -13 22 -43452
-2 4 -2 3 -41968
-1 -6 1 -6 -42500
19 7 20 5 -42366
-16 23 -14 22 -41542
21 -3 21 -4 -39524
8 -2 5 0 -44602
1 3 1 4 -40664
14 15 19 15 -41628
-15 4 -14 4 -41714
3 23 4 25 -29102
25 -4 25 4 -42264
-2 -6 0 -8 -40960
-9 -18 -7 -17 -43618
-10 22 -8 21 -41464
25 -22 24 -19 -30710
24 6 24 8 -31016
-21 11 -22 11 -37264
18 -25 19 -23 -31546
18 -1 20 0 -44650
-7 -20 -6 -22 -39334
9 22 10 23 -37116
5 1 4 -1 -41502
10 11 12 10 -38888
-24 -11 -24 -6 -43790
-13 15 -14 18 -40652
21 24 -23 23 -42944
8 12 8 14 -34676
5 22 4 23 -39678
-24 -3 -7 -9 -57362
25 19 23 17 -25390
22 10 24 13 -32486
13 3 13 2 -43198
0 18 -1 19 -42956
25 21 22 20 -20932
-2 -10 -2 -14 -41198
-1 8 0 11 -39930
-24 8 -18 8 -40286
25 -17 24 -15 -31382
19 -15 22 -16 -44404
-21 -25 -19 -23 -39034
6 8 6 10 -37892
-6 -6 -2 -2 -50630
1 23 -5 23 -33418
23 -2 22 0 -43166
0 23 1 24 -33766
23 23 16 23 -40250
-14 1 -10 1 -41464
25 -9 25 -25 -42878
17 8 19 7 -42832
-21 -12 -23 -12 -41026
4 22 23 23 -43322
19 10 20 10 -39756
-19 9 -18 8 -42324
8 -16 8 -13 -38558
-25 13 -25 11 -31948
15 -16 15 -18 -38464
-3 15 0 17 -44528
-6 -23 -10 -21 -39412
10 -1 10 -2 -38494
-19 -9 -19 -6 -44882
-25 2 -25 -6 -40888
-25 -23 -25 -25 -21574
0 13 3 13 -37780
-8 25 -11 23 -35776
6 10 4 11 -44960
7 -22 8 -23 -41242
17 -11 18 -10 -42010
3 4 0 6 -42522
2 21 3 21 -37250
-15 15 -17 15 -36626
-15 12 -16 10 -41946
-19 -24 -16 -22 -42960
11 -14 13 -13 -44300
-10 20 -12 20 -39434
-16 0 -15 0 -42648
3 -2 3 -5 -43760
22 -12 21 -11 -38472
4 22 11 22 -40936
-1 -11 1 -12 -41792
23 -16 21 -15 -40196
-23 -18 -23 -16 -41764
-13 -17 -12 -19 -41728
14 -7 14 -5 -38270
-8 2 -10 4 -43250
0 14 1 15 -39774
-15 -14 -18 -14 -43748
-22 -9 -24 -8 -41192
-11 9 -11 12 -39480
-7 -7 -13 -7 -46698
-22 -2 -18 -2 -46242
18 16 21 16 -47190
-14 -17 -13 -16 -44402
-10 -22 -12 -23 -41100
18 -9 17 -9 -40938
0 7 1 7 -36686
-24 4 -24 -1 -44886
-24 5 -20 11 -42076
-18 13 -17 11 -40434
-15 -3 -12 20 -56982
20 13 21 15 -38148
3 -23 4 -21 -40232
2 -19 3 -21 -36576
-19 -11 -18 -10 -40248
-8 -4 -7 2 -50488
23 -20 20 -24 -39400
23 20 19 22 -41908
-18 -24 -14 -23 -37630
-14 10 -18 10 -39656
7 4 11 2 -52234
-3 -20 -2 -20 -33482
23 -1 23 -3 -41596
8 17 9 21 -42332
18 -1 13 -1 -42262
-14 -4 -12 -5 -42790
7 7 2 6 -44466
-20 20 -18 19 -45652
-19 -4 -17 -5 -43596
-1 8 -4 11 -38034
-11 -2 -12 -1 -41782
-9 23 -3 22 -41804
7 23 10 21 -43260
1 -17 0 -18 -37066
22 23 18 20 -42004
12 12 11 10 -39868
-3 -6 1 -6 -42614
-20 21 -21 23 -36408
1 -15 2 -15 -38842
15 21 17 19 -40978
-23 21 -19 22 -41754
-8 18 -9 18 -43728
4 -13 3 -12 -40176
-22 -21 -23 -22 -41544
12 8 13 7 -44996
-3 -19 -3 -20 -34182
1 10 1 14 -38116
6 -13 7 -14 -39952
21 -4 17 -4 -44242
-16 23 -21 23 -43460
-7 19 -5 18 -43250
16 9 13 10 -39464
-24 -11 -24 -17 -41498
23 -5 22 -7 -38002
-6 7 -7 7 -40216
4 21 6 20 -43816
17 -9 20 -11 -41346
-11 -17 -10 -13 -44600
-21 -15 -24 -16 -44014
-6 -2 -4 -5 -45984
-9 -5 -8 -8 -46760
-1 -24 2 -23 -39668
13 -22 12 -21 -38950
18 -19 23 -23 -42860
-19 -5 -20 -6 -43114
-1 3 -2 3 -34866
-8 4 -8 7 -40892
-15 4 -16 6 -39594
-4 13 -1 13 -37562
-15 21 -10 22 -41440
15 11 15 12 -37794
-23 -5 -23 -2 -39710
-4 -14 -5 -14 -36900
18 -2 17 -1 -37432
-5 14 -6 16 -44200
19 4 21 1 -40550
21 -14 20 -16 -42022
20 -20 19 -21 -39580
23 -7 22 -7 -30992
7 15 7 18 -41290
-13 22 -8 23 -45082
22 2 19 1 -40932
5 -21 7 -22 -39656
-11 9 -9 6 -43156
-16 -3 -18 -3 -45158
20 -14 20 -12 -42196
-20 8 -22 9 -44078
5 1 5 3 -41202
-10 3 -7 5 -43214
23 9 20 9 -34082
-6 -4 -7 -5 -46306
-8 -17 -5 -16 -42890
-24 16 -24 13 -40054
-23 -12 -21 -10 -40730
18 -16 15 -16 -42930
-24 -24 2 -24 -37556
22 -6 23 -8 -35394
-17 -11 -21 -10 -41732
22 -9 19 -11 -45602
6 3 4 2 -40464
9 -19 8 -22 -45172
12 21 10 22 -40912
17 -19 18 -21 -41954
-6 21 -4 22 -44354
-24 15 -24 16 -38048
-15 4 -16 2 -41044
23 12 22 7 -34668
7 9 4 10 -46806
10 11 8 11 -41700
-23 2 -24 5 -40632
-9 14 -10 14 -41908
18 9 16 8 -38848
-24 -3 -22 -1 -38310
-23 8 -23 14 -41188
-16 19 -18 17 -42766
16 -24 19 -24 -35998
23 -11 23 -17 -43936
-6 1 -7 1 -39828
-7 20 -7 22 -42758
-13 -9 -13 -6 -43152
20 -19 22 -20 -40052
-18 -18 -14 -16 -47812
-21 22 -18 21 -47040
15 -17 13 -16 -44520
-12 -15 -11 -16 -40558
-14 -23 -14 -21 -40924
10 4 11 4 -41992
8 20 13 21 -39690
2 19 5 21 -43348
-16 -22 -6 -7 -63034
6 -21 5 -22 -42458
21 -9 22 -5 -43000
-10 16 -9 17 -45556
2 20 -2 23 -44014
-7 -20 -8 -22 -38558
-17 7 -17 8 -39588
-24 1 -22 6 -43704
20 20 19 19 -42384
9 4 7 5 -46024
-20 2 -23 4 -41740
-23 14 -24 14 -30014
-5 -9 -4 -7 -43658
5 15 1 17 -44090
23 14 18 15 -47744
11 -12 11 -11 -35122
-5 7 -6 6 -42706
-7 -23 -5 -23 -35964
11 -18 12 -18 -39808
-23 4 -23 7 -38930
-12 -23 -14 -22 -40564
19 -2 19 1 -42758
12 21 14 23 -44478
-18 10 -2 9 -53574
-17 21 -18 22 -44648
-9 -14 -9 -12 -45952
-11 -18 -10 -18 -37804
-9 -3 -9 -6 -46298
-5 17 -6 17 -42650
-10 -11 -7 -12 -45468
10 16 12 15 -40468
17 -13 17 -16 -42750
13 8 12 8 -39220
13 16 16 14 -41098
-24 -21 -24 -18 -43510
-15 -4 -12 -1 -46314
10 -21 10 -24 -41094
8 4 8 7 -40832
-2 23 19 23 -47006
16 5 14 5 -39606
-24 -10 -21 -13 -46028
-2 19 -1 22 -44568
20 13 20 12 -35286
0 4 2 4 -38978
-1 -4 0 -1 -41770
-13 -21 -15 -22 -41496
-22 10 -21 7 -45444
-17 -21 -16 -22 -40528
1 -11 2 -10 -40146
9 -23 6 -23 -43214
-21 19 -20 20 -40716
2 -20 -1 -19 -42134
12 -18 13 -17 -43226
-8 -16 -7 -17 -39498
23 -12 18 -12 -44734
8 12 6 12 -41688
0 10 -3 9 -40254
-6 13 -5 14 -42352
-6 -21 -5 -21 -38100
23 1 23 6 -43234
-9 14 -10 15 -45402
6 -5 7 -2 -46624
2 -12 2 -15 -37082
-19 -1 -24 -1 -43362
8 -6 8 -4 -42964
8 21 8 23 -42798
0 -12 0 -7 -43190
8 -10 7 -9 -38404
-19 13 -21 14 -40410
-9 -6 -7 -7 -43382
-16 -22 -20 -21 -42820
-13 6 -16 5 -43944
17 5 18 5 -41500
-10 -22 -11 -17 -44528
8 7 8 8 -39538
0 17 -4 17 -41664
-5 -9 -3 -9 -36764
3 -1 2 -1 -36564
18 17 23 18 -46908
11 -4 9 -3 -41400
22 20 20 23 -40190
19 -4 23 -2 -43748
-24 -22 -20 -21 -45350
21 13 19 15 -43246
7 -15 5 -15 -43430
1 1 4 -1 -41182
-1 22 -1 23 -37402
23 5 21 3 -40834
-15 -10 -12 -10 -41302
-10 22 -10 19 -43804
-6 -9 -9 -9 -42578
-1 -13 -2 -13 -34762
-24 16 -21 16 -39702
-23 4 -24 10 -42884
-24 -12 -21 -16 -45376
6 -7 5 -11 -41110
14 -24 14 -19 -44664
-3 -22 2 -24 -37482
-15 -12 -13 -14 -43162
5 -11 2 -12 -42356
-20 -11 -18 21 -55610
16 -12 14 -13 -45712
6 7 8 6 -44224
-13 14 -10 16 -42338
-16 3 -18 3 -41614
