-10 1 -10 2 -39220
18 4 21 5 -42472
-9 -24 -8 -22 -35012
-7 10 -6 10 -37870
-13 13 -12 13 -34828
-11 -8 -12 -7 -45348
23 3 24 1 -34474
-24 -15 -18 -18 -43094
14 7 14 6 -37254
-3 8 -4 7 -40798
-21 2 -22 2 -33914
15 -1 17 1 -43628
-16 -3 -17 -5 -41516
-8 9 -11 8 -41302
-1 18 3 19 -41150
-10 -10 -11 -11 -45508
8 0 9 0 -33858
-25 -15 -23 -14 -30446
-18 -16 -18 -18 -40254
18 1 -24 -13 -56170
-9 25 -6 24 -31558
-10 2 -8 2 -39276
25 25 24 22 -16054
-18 1 -16 0 -43070
-25 -11 -25 -8 -38690
-11 -10 -11 -11 -41794
-20 16 -18 17 -42560
-2 20 -1 15 -44180
17 17 17 19 -38682
8 11 6 10 -42090
1 -12 2 -12 -41652
25 -24 21 -22 -17562
-20 -6 -20 -5 -44290
-6 -10 -6 -9 -39424
2 -23 -3 -23 -41336
20 18 20 14 -37454
23 18 23 23 -35742
-15 -24 -14 -25 -28552
8 15 9 16 -43018
13 23 14 23 -29988
-4 -23 -6 -24 -34364
4 18 3 15 -44456
-15 -13 -18 -14 -42480
7 -16 7 -17 -38008
-16 0 -16 1 -36330
-22 -10 -21 -7 -44470
5 21 6 18 -45690
10 -5 15 -5 -45652
-18 -9 -17 -12 -41782
12 -3 12 -5 -39632
-23 24 -25 24 -14504
13 -15 12 -13 -41444
2 -25 2 -23 -28168
22 -19 22 -20 -42292
11 15 8 15 -42016
11 -24 17 -23 -36538
1 -23 0 -24 -39150
-24 -8 -20 -9 -41262
-24 19 -24 15 -36748
-1 -19 -2 -13 -46448
0 7 2 9 -43904
-11 -24 -10 -25 -28668
-20 19 -20 22 -40236
-19 -21 -20 -24 -42184
-1 -14 0 -15 -45092
-23 -23 -24 -22 -31710
4 -9 7 -8 -42696
16 -19 14 -19 -42170
17 -5 12 -4 -48020
-2 -2 -5 -1 -38566
25 2 23 2 -15228
4 -25 10 -25 -43414
-17 -12 -17 -14 -40686
-24 24 -14 25 -39840
-5 -13 -4 -14 -41342
-4 12 -4 13 -39164
-25 14 -24 13 -28398
-4 23 -2 20 -40766
11 -20 12 -18 -44902
-24 -4 -25 -4 -16136
17 -25 15 -23 -27852
10 -19 8 -18 -41114
17 -24 -10 -24 -41620
-8 25 -8 23 -26534
15 -22 14 -23 -38792
-10 1 -10 -3 -44376
15 -9 12 -9 -44938
15 -10 16 -10 -43140
8 -14 9 -14 -40320
14 20 11 25 -44480
-18 20 -14 20 -41808
-11 0 -6 -9 -64670
20 -8 20 -10 -37782
-5 4 -2 4 -39666
-24 -1 -22 2 -43022
11 -22 9 -22 -41020
-21 -2 -22 0 -36332
12 14 13 15 -40290
1 9 1 12 -42072
-12 6 -11 7 -42258
-3 -19 -2 -16 -42534
15 1 11 0 -44546
-11 7 -11 9 -41342
-7 -12 -6 -11 -44330
5 -13 6 -13 -44096
-7 -6 -10 -5 -45498
25 -3 25 -6 -33570
23 -17 23 -20 -43990
14 19 17 19 -39678
8 -10 12 -10 -41144
23 -19 24 -17 -37422
23 11 20 12 -37678
-18 -24 -25 -23 -44126
6 -24 5 -24 -39916
-24 25 -25 20 -24750
17 -20 19 -20 -40508
-11 -23 -13 -24 -39842
-7 12 -7 11 -36930
-22 1 -22 2 -41492
4 -5 6 -5 -36602
4 -21 4 -17 -43664
7 -22 7 -23 -41232
16 2 17 5 -41946
6 -5 10 -5 -38662
-5 3 -5 1 -40732
-9 -13 -9 -11 -46730
-13 21 -12 23 -41770
-16 20 -16 19 -37786
-24 -18 -22 -24 -44276
-24 19 -21 19 -36214
6 18 7 17 -41522
14 -11 13 -10 -43504
-5 5 -4 4 -42436
13 -14 14 -14 -45236
-20 -17 -21 -19 -42128
20 -17 23 -16 -42642
-19 11 -18 13 -45660
8 21 -18 23 -43818
21 -13 23 -12 -40434
-12 -4 -10 -3 -39936
-24 16 -23 17 -34342
16 16 13 14 -41082
-20 -15 -20 -13 -40894
21 25 24 23 -28584
10 -7 10 -8 -36324
14 -1 11 1 -40900
-23 -4 -23 -7 -42284
7 19 6 19 -36906
12 24 12 22 -38370
-13 -23 -11 -23 -38750
3 -3 0 -4 -40416
-18 23 -17 25 -26640
12 0 10 0 -41644
2 1 2 0 -39710
-13 5 -12 1 -43468
-1 -7 -2 -2 -44394
17 23 16 21 -39384
20 -5 22 -6 -40594
10 3 10 2 -40384
-5 -22 -4 -25 -30092
16 4 17 3 -41458
-22 -21 -19 -21 -43168
15 18 14 19 -42618
24 15 25 13 -25830
-6 21 -2 25 -42520
5 10 2 11 -38860
-16 -22 -16 -20 -42212
3 -24 5 -24 -33400
1 -1 -2 0 -41488
16 -24 21 -23 -41328
12 -1 11 -3 -42008
7 -19 9 -18 -44110
-23 -19 -23 -20 -40716
12 -25 10 -24 -31958
24 -11 25 -10 -25288
-16 21 -16 22 -40794
-17 -24 -22 -23 -45340
-8 18 -6 19 -43886
-14 -7 -17 -7 -38442
-16 15 -17 17 -39254
-14 10 -11 9 -42330
20 -2 22 -3 -38428
24 -21 19 -25 -39992
16 -16 15 -15 -46062
-25 -24 -23 -22 -24948
1 25 5 25 -27470
-9 -13 -10 -13 -42894
24 -13 23 -12 -32316
-18 9 -12 7 -49744
-17 23 -13 22 -42778
-2 4 -2 3 -44440
-1 -6 1 -6 -42318
19 7 20 5 -36982
-16 23 -14 22 -40708
21 -3 21 -4 -38160
-24 -16 -24 -14 -38390
1 3 1 4 -44756
14 15 19 15 -41508
-15 4 -14 4 -42536
3 23 4 25 -28596
25 -4 25 4 -39226
-2 -6 0 -8 -40450
-9 -18 -7 -17 -43242
-10 22 -8 21 -42094
25 -22 24 -19 -30920
24 6 24 8 -26752
-21 11 -22 11 -37782
18 -25 19 -23 -32542
18 -1 20 0 -43400
-7 -20 -6 -22 -42350
9 22 10 23 -35984
5 1 4 -1 -41830
10 11 12 10 -38870
-24 -11 -24 -6 -43854
-13 15 -14 18 -37920
21 24 -23 23 -40934
8 12 8 14 -36062
5 22 4 23 -38870
23 22 20 22 -37098
25 19 23 17 -29212
22 10 24 13 -32706
13 3 13 2 -40590
0 18 -1 19 -41800
25 21 22 20 -23566
-2 -10 -2 -14 -44090
-23 -21 -22 11 -55556
-24 8 -18 8 -40056
25 -17 24 -15 -32226
19 -15 22 -16 -44468
-21 -25 -19 -23 -36866
6 8 6 10 -38550
-20 -1 -17 0 -42224
1 23 -5 23 -31090
-22 -22 16 -22 -46090
0 23 1 24 -34084
23 23 16 23 -39598
-14 1 -10 1 -39526
25 -9 25 -25 -43052
17 8 19 7 -43720
-21 -12 -23 -12 -39326
4 22 23 23 -42512
19 10 20 10 -38860
-19 9 -18 8 -41232
8 -16 8 -13 -41056
-25 13 -25 11 -32138
15 -16 15 -18 -39716
11 -12 9 -9 -46484
-6 -23 -10 -21 -41368
10 -1 10 -2 -37442
-19 -9 -19 -6 -45158
-25 2 -25 -6 -40338
-25 -23 -25 -25 -21676
0 13 3 13 -36970
-8 25 -11 23 -35712
6 10 4 11 -37620
7 -22 8 -23 -45110
17 -11 18 -10 -43040
3 4 0 6 -45228
2 21 3 21 -35976
-15 15 -17 15 -37476
-15 12 -16 10 -43096
-19 -24 -16 -22 -41596
11 -14 13 -13 -44212
-10 20 -12 20 -39150
-16 0 -15 0 -41914
3 -2 3 -5 -42052
22 -12 21 -11 -39810
4 22 11 22 -41466
-1 -11 1 -12 -42788
23 -16 21 -15 -41270
-23 -18 -23 -16 -39970
-13 -17 -12 -19 -41070
14 -7 14 -5 -37550
-8 2 -10 4 -43232
0 14 1 15 -37634
-15 -14 -18 -14 -41244
-22 -9 -24 -8 -38244
-11 9 -11 12 -39468
-7 -7 -13 -7 -47392
0 -19 -2 -17 -46462
14 23 21 21 -43490
-14 -17 -13 -16 -39750
-10 -22 -12 -23 -40928
18 -9 17 -9 -40894
0 7 1 7 -43210
-24 4 -24 -1 -45718
-24 5 -20 11 -41546
-18 13 -17 11 -38816
-7 0 -8 -4 -47374
20 13 21 15 -37746
3 -23 4 -21 -42190
2 -19 3 -21 -40320
-19 -11 -18 -10 -39390
-23 -24 -21 -24 -35262
23 -20 20 -24 -40854
23 20 19 22 -44906
-18 -24 -14 -23 -36284
-14 10 -18 10 -43488
7 -23 11 -24 -44570
-3 -20 -2 -20 -35238
23 -1 23 -3 -38020
8 17 9 21 -42878
18 -1 13 -1 -44834
-14 -4 -12 -5 -40258
-13 13 14 -14 -60482
-20 20 -18 19 -45808
-19 -4 -17 -5 -40398
-1 8 -4 11 -39002
-11 -2 -12 -1 -41596
-9 23 -3 22 -40436
7 23 10 21 -44280
1 -17 0 -18 -38950
22 23 18 20 -42342
12 12 11 10 -39972
-3 -6 1 -6 -42052
-20 21 -21 23 -36730
1 -15 2 -15 -40704
15 21 17 19 -43366
-23 21 -19 22 -40768
-8 18 -9 18 -43424
4 -13 3 -12 -43360
-22 -21 -23 -22 -37362
12 8 13 7 -43964
-3 -19 -3 -20 -37002
1 10 1 14 -43560
6 -13 7 -14 -43168
21 -4 17 -4 -43556
-16 23 -21 23 -43232
-7 19 -5 18 -41984
16 9 13 10 -45052
-24 -11 -24 -17 -41472
23 -5 22 -7 -38186
-6 7 -7 7 -39604
4 21 6 20 -43128
17 -9 20 -11 -41788
-11 -17 -10 -13 -42500
-21 -15 -24 -16 -40312
-6 -2 -4 -5 -48536
-9 -5 -8 -8 -49180
-1 -24 2 -23 -40786
13 -22 12 -21 -40906
18 -19 23 -23 -43214
-19 -5 -20 -6 -43126
-1 3 -2 3 -36018
-8 4 -8 7 -41160
-15 4 -16 6 -40388
-4 13 -1 13 -35906
-15 21 -10 22 -40848
15 11 15 12 -38208
-23 -5 -23 -2 -38866
-4 -14 -5 -14 -38958
18 -2 17 -1 -37172
-5 14 -6 16 -39440
19 4 21 1 -39156
21 -14 20 -16 -45052
20 -20 19 -21 -40440
23 -7 22 -7 -31642
7 15 7 18 -43000
-13 22 -8 23 -44538
22 2 19 1 -39066
5 -21 7 -22 -44400
-11 9 -9 6 -43280
-16 -3 -18 -3 -43162
20 -14 20 -12 -43308
-20 8 -22 9 -40830
5 1 5 3 -43360
-10 3 -7 5 -43592
23 9 20 9 -32970
-6 -4 -7 -5 -43436
-8 -17 -5 -16 -44534
-24 16 -24 13 -40542
-23 -12 -21 -10 -40654
18 -16 15 -16 -43222
-24 -24 2 -24 -40330
22 -6 23 -8 -41356
-17 -11 -21 -10 -40052
22 -9 19 -11 -44516
6 3 4 2 -39142
-19 11 -20 10 -43158
12 21 10 22 -41294
17 -19 18 -21 -41794
-6 21 -4 22 -42524
-24 15 -24 16 -38420
-15 4 -16 2 -39428
23 12 22 7 -33064
4 -20 6 -23 -45514
10 11 8 11 -41704
-23 2 -24 5 -40226
-9 14 -10 14 -41566
18 9 16 8 -39022
-24 -3 -22 -1 -37920
-23 8 -23 14 -40058
-16 19 -18 17 -41718
16 -24 19 -24 -35444
23 -11 23 -17 -44952
-6 1 -7 1 -39528
-7 20 -7 22 -42216
-13 -9 -13 -6 -44166
20 -19 22 -20 -41674
5 -24 9 -17 -55406
-21 22 -18 21 -46834
15 -17 13 -16 -46232
-12 -15 -11 -16 -40448
-14 -23 -14 -21 -40504
10 4 11 4 -37984
8 20 13 21 -38880
2 19 5 21 -42614
17 8 17 10 -37218
6 -21 5 -22 -43978
21 -9 22 -5 -44734
-10 16 -9 17 -43138
2 20 -2 23 -42330
-7 -20 -8 -22 -38228
-17 7 -17 8 -38090
-24 1 -22 6 -44414
20 20 19 19 -43658
9 4 7 5 -40978
-20 2 -23 4 -41890
-23 14 -24 14 -29698
-5 -9 -4 -7 -44468
-11 -15 -2 7 -65196
23 14 18 15 -43054
11 -12 11 -11 -39368
-5 7 -6 6 -42320
-7 -23 -5 -23 -36618
11 -18 12 -18 -42216
-23 4 -23 7 -37648
-12 -23 -14 -22 -39476
19 -2 19 1 -40284
12 21 14 23 -39990
23 -9 21 -7 -42574
-17 21 -18 22 -45200
-9 -14 -9 -12 -46294
-11 -18 -10 -18 -37068
-9 -3 -9 -6 -47396
-5 17 -6 17 -41204
-10 -11 -7 -12 -46234
10 16 12 15 -39790
17 -13 17 -16 -45452
13 8 12 8 -39778
13 16 16 14 -42786
-24 -21 -24 -18 -43092
20 17 21 21 -45698
10 -21 10 -24 -42408
8 4 8 7 -43160
-2 23 19 23 -43458
16 5 14 5 -40868
-24 -10 -21 -13 -40918
-2 19 -1 22 -44862
20 13 20 12 -36632
0 4 2 4 -41154
-1 -4 0 -1 -40246
-13 -21 -15 -22 -39204
2 -11 0 22 -58386
-17 -21 -16 -22 -40090
1 -11 2 -10 -40874
4 3 3 4 -41990
-21 19 -20 20 -39378
2 -20 -1 -19 -44532
12 -18 13 -17 -44508
-8 -16 -7 -17 -40868
15 10 18 9 -46612
8 12 6 12 -39844
0 10 -3 9 -43548
-6 13 -5 14 -41392
-6 -21 -5 -21 -39548
23 1 23 6 -39344
-9 14 -10 15 -42414
6 -5 7 -2 -45008
2 -12 2 -15 -40770
-19 -1 -24 -1 -38308
8 -6 8 -4 -40652
8 21 8 23 -41890
0 -12 0 -7 -43844
8 -10 7 -9 -41166
-19 13 -21 14 -40224
-2 8 20 10 -52534
-16 -22 -20 -21 -42620
-13 6 -16 5 -44226
17 5 18 5 -43284
-10 -22 -11 -17 -44340
8 7 8 8 -40808
0 17 -4 17 -37412
-5 -9 -3 -9 -36798
3 -1 2 -1 -35550
18 17 23 18 -43216
11 -4 9 -3 -39258
22 20 20 23 -42124
19 -4 23 -2 -43132
-2 8 1 8 -43254
21 13 19 15 -43414
7 -15 5 -15 -44690
1 1 4 -1 -39846
-1 22 -1 23 -37350
23 5 21 3 -34570
-15 -10 -12 -10 -39028
-10 22 -10 19 -43030
-6 -9 -9 -9 -44180
-1 -13 -2 -13 -36088
-24 16 -21 16 -39852
-23 4 -24 10 -38414
12 18 2 7 -58976
6 -7 5 -11 -42618
14 -24 14 -19 -45142
-3 -22 2 -24 -39948
-15 -12 -13 -14 -41928
5 -11 2 -12 -43782
3 4 4 6 -44200
16 -12 14 -13 -46450
6 7 8 6 -42534
-13 14 -10 16 -41194
-16 3 -18 3 -42790
