-23 -10 -24 -4 -67139
-4 -3 3 -3 -88345
-15 -12 -17 -7 -97799
20 -8 23 -17 -46411
20 -10 22 -9 -58963
-13 9 -7 9 -71881
4 21 4 13 -70537
8 -11 5 -15 -85397
13 -6 18 -18 -86675
6 -12 8 -10 -80421
8 -15 13 -12 -78189
6 3 6 5 -78249
-24 -8 -23 16 -77971
21 -3 14 -7 -89353
-24 -5 -15 2 -95423
-10 -6 -12 -5 -94959
-22 -17 -8 -11 -127983
23 6 22 18 -73311
3 6 2 5 -89595
-2 -19 -5 -20 -85273
24 -3 18 -3 -68495
-14 19 -17 22 -72691
14 19 13 21 -73205
-20 -23 22 -18 -80845
-1 3 0 5 -78335
10 0 12 3 -85537
7 7 4 7 -77431
21 7 23 11 -52979
17 22 14 21 -66791
-18 -11 -18 -9 -74905
1 -12 2 -12 -77357
-18 22 -15 24 -53743
-2 -16 -2 -23 -61681
-23 20 -22 4 -79905
12 -7 11 -19 -71119
-10 16 -11 14 -58855
-22 -21 0 -6 -116555
-10 -6 -10 -4 -96315
12 -8 13 -7 -72701
7 -12 4 -14 -83293
19 -2 24 -10 -70133
-8 -11 -22 -19 -127833
-13 -7 -14 -10 -79547
20 18 14 19 -87861
-7 6 -6 5 -78491
22 20 18 18 -74111
-17 10 -21 7 -90251
24 10 22 -10 -82033
-10 -20 -13 -16 -97245
-23 22 -19 15 -65139
-18 10 -15 10 -70029
-17 8 -18 8 -75499
-3 -12 0 -13 -82093
19 0 18 -7 -89257
-19 21 -16 17 -82025
-20 17 -20 21 -53337
-8 21 -9 16 -64567
14 15 16 12 -75923
-18 20 -20 15 -58479
5 -16 2 -16 -64189
8 14 2 12 -84569
24 14 24 13 -48395
-9 -20 -5 -17 -102765
17 15 20 22 -82625
7 -4 10 -3 -82695
-17 24 -12 22 -62529
-10 24 -16 24 -54549
18 2 16 -7 -94749
9 -9 12 -10 -81675
15 19 14 22 -69461
-1 -6 -5 -6 -98677
-19 -13 -23 -18 -74913
8 22 11 21 -60767
-24 -22 -8 -1 -102279
-15 -23 -21 -16 -85833
10 -7 6 -11 -84601
10 19 12 23 -50423
21 8 20 4 -76603
-4 23 -9 22 -53203
10 8 11 18 -76431
17 -20 7 -18 -73455
14 2 14 9 -82833
-12 20 -8 21 -50019
-22 0 -24 2 -54679
-3 3 -4 2 -73315
16 0 16 8 -87965
24 -13 22 0 -77461
-5 17 -4 17 -56187
4 -2 6 -1 -85939
7 -24 -6 -24 -53029
-19 -15 1 0 -111765
-6 -9 -12 -1 -118701
-15 -2 -17 -3 -81221
4 -24 24 2 -87619
23 -14 -13 -16 -93349
-1 10 -2 8 -76415
-13 -18 -11 -23 -87615
13 -5 11 -8 -78447
-2 -24 18 -11 -78083
8 -16 6 -17 -61943
-8 -6 -8 -3 -97827
18 17 20 18 -84649
-2 9 -1 14 -69419
-24 -9 -21 -13 -67857
3 22 5 23 -64935
-24 3 -18 9 -85953
-18 -21 -17 -11 -93977
17 21 14 22 -72369
19 0 21 0 -80929
6 17 7 19 -68887
-8 17 -4 13 -68769
0 3 0 2 -72361
6 -11 13 -10 -90701
20 -5 16 -4 -84541
-17 -9 -14 -6 -89307
24 1 18 8 -86145
11 6 8 2 -87813
13 -24 18 1 -83379
-15 -12 -24 -9 -92903
-2 -1 0 -4 -91447
-8 7 -7 13 -66747
-11 -12 -17 -14 -103569
-22 15 -20 16 -58227
-12 -11 -9 -10 -94681
-5 3 -5 1 -67529
-1 -16 -4 -11 -88423
1 16 0 10 -67409
-14 -6 -21 -10 -93061
-22 13 -19 15 -69133
22 -12 9 -9 -84033
9 -15 -3 -14 -90509
11 -2 15 -5 -82973
15 12 13 13 -77831
-1 -12 -5 -16 -95597
8 -3 10 -7 -76889
10 -23 2 1 -89517
15 -18 16 -11 -50923
-5 14 -2 10 -61403
15 10 13 9 -73647
24 17 22 5 -70407
-8 4 -9 0 -72311
22 24 15 18 -73773
2 7 2 13 -72093
-8 -16 -6 -8 -94345
-22 21 -19 22 -47055
8 9 7 16 -72917
16 -13 11 -15 -64087
-5 16 -4 19 -57811
-7 -3 -8 -7 -97951
-20 -4 -10 5 -98781
24 -7 20 -16 -61437
-5 -19 -11 -17 -83135
-3 -15 -3 -12 -76303
-9 -6 -10 0 -100151
0 -9 -2 -7 -81049
0 5 2 5 -78445
-18 22 -15 14 -81025
-1 -8 0 -13 -77493
-1 4 2 6 -85357
-7 19 -7 4 -78295
11 -3 13 -10 -83071
8 -8 9 -9 -85427
1 -10 0 -10 -80597
0 1 -7 4 -98593
12 3 16 2 -84143
-10 -19 -10 -23 -90503
-11 -13 2 -7 -120023
-7 -9 -18 -9 -118925
7 11 13 15 -85823
17 2 22 8 -82477
11 -1 8 0 -75967
-10 -23 -11 -18 -94973
-22 12 -21 10 -50811
-10 1 -7 1 -86477
-20 -23 -19 -12 -78407
-13 22 -17 19 -70503
-10 -2 -7 1 -85405
20 -17 15 -14 -49827
10 -21 4 -6 -94137
18 -24 3 -15 -77175
21 3 23 -15 -89403
24 -12 -4 -7 -87355
10 20 9 14 -74887
8 6 8 4 -78229
-11 -7 -17 -1 -105707
-10 -10 -10 -11 -67151
10 3 9 7 -82151
-22 0 -22 23 -81575
-24 -21 2 -21 -80457
10 -5 16 -7 -82695
-6 22 0 23 -63369
-19 -13 -15 -14 -91713
2 -13 5 -7 -90893
1 0 2 -2 -83699
-4 -6 -3 3 -92465
6 -10 -2 -11 -93025
24 10 19 -14 -94677
18 -24 16 11 -90829
14 23 -10 19 -80015
-3 21 0 18 -64793
-8 -23 -7 -15 -102037
-24 -15 0 -8 -108991
-11 -4 -8 2 -83779
-15 -20 -22 -12 -97449
-10 -13 -7 -11 -90289
13 15 10 17 -80835
11 -1 11 3 -76497
-21 -9 -23 -3 -78931
24 19 -15 8 -87209
-16 6 -14 11 -64375
13 16 12 18 -78001
-16 -19 -24 -19 -60809
2 -5 0 -7 -74479
6 1 3 2 -90747
13 2 17 1 -82865
0 15 7 18 -87003
23 -1 20 -12 -86229
-11 -20 -10 -18 -92259
-16 -11 -8 -16 -103541
-17 4 -15 0 -75859
-10 6 -6 4 -88997
22 -11 20 18 -87091
17 14 21 12 -85325
-1 24 3 23 -46863
-17 12 -13 8 -68161
8 0 14 -2 -83245
24 13 19 10 -53323
-20 0 -6 13 -93797
-24 22 -6 18 -69799
-9 -21 -5 -14 -115261
-10 -15 -14 -15 -91721
18 -21 21 7 -93169
-7 -18 -10 -14 -88979
12 20 5 19 -82751
-4 22 -12 24 -55119
5 -10 6 -15 -75621
-24 -9 -20 6 -80365
14 17 19 -23 -93657
-20 -17 -21 0 -96383
0 -13 -14 -23 -120671
6 8 3 13 -81457
19 -8 18 -12 -61011
-24 8 -22 5 -45465
-12 24 24 11 -80509
7 24 3 24 -63819
-16 -5 -11 -1 -87259
0 -4 -5 -4 -99581
-17 21 -22 22 -59877
12 10 9 4 -84869
17 21 24 16 -68461
18 13 17 19 -75473
9 16 -9 24 -78971
-22 -21 -24 -11 -70753
-8 21 -6 17 -66887
6 9 5 7 -69207
6 24 9 23 -56097
24 20 23 16 -45009
3 4 0 6 -83011
-16 -15 17 -23 -89981
-20 3 -17 3 -84081
-1 -12 0 -11 -81595
-8 -12 -7 -18 -86269
-19 1 -22 0 -77081
20 19 16 18 -89221
9 -2 9 -10 -82893
-15 -22 -17 -22 -64311
15 20 8 20 -70945
-22 24 -18 20 -44299
19 -12 16 1 -95351
-4 -7 -5 -4 -89085
14 -16 7 -13 -78453
-13 -10 -13 -24 -95045
17 24 18 23 -48403
3 15 4 9 -72815
5 21 0 16 -83115
-2 8 -1 9 -78261
0 -19 -5 -23 -83005
-22 8 -17 9 -86253
-24 -4 -21 -13 -84877
-24 10 -21 16 -66235
15 -21 6 -12 -83269
-13 -20 0 -20 -98993
-1 14 -1 23 -73057
9 -13 22 -21 -68903
-24 6 -24 2 -54115
-7 2 -11 4 -90373
-21 0 -20 -1 -76313
3 2 4 0 -78119
-4 -7 -6 -9 -86557
23 3 15 -6 -95919
11 5 7 10 -79297
-9 11 -7 13 -63245
-23 11 20 -5 -90751
-20 17 -14 22 -77083
0 1 1 0 -82283
-20 8 -23 6 -70147
-3 -13 -11 -23 -127493
-12 -19 -10 -16 -93311
-12 24 -6 19 -55321
16 1 23 -1 -90587
17 -5 17 -17 -79189
-7 5 -5 7 -73071
6 10 9 8 -75713
22 -13 14 -23 -44051
3 -10 4 -7 -78093
19 -5 17 7 -87315
2 -11 0 -16 -83645
-3 0 -1 -9 -104633
14 7 10 6 -77563
6 15 2 12 -80789
12 24 3 21 -84049
17 6 17 9 -66473
8 11 7 8 -64719
-18 -14 -20 -16 -84697
-19 -12 -19 -15 -74925
-18 -2 -24 1 -82677
20 3 20 9 -82949
-11 -20 -10 -20 -64773
5 8 -2 10 -79899
23 24 -19 12 -77509
-6 23 -2 20 -61665
24 1 16 1 -87681
-13 17 -13 8 -78295
15 -24 -19 -21 -80027
-20 0 -19 0 -81805
6 -13 7 -14 -74293
-5 -11 -6 -8 -74811
-8 18 -8 20 -59641
19 7 14 8 -84595
16 9 13 10 -78987
8 -17 18 -21 -71469
4 11 11 10 -83607
-22 -7 -24 -13 -69203
-10 -24 0 -11 -126817
-11 2 -10 4 -69039
-4 0 -24 -24 -93167
8 24 0 20 -79453
-8 2 -9 8 -76581
-2 -17 -8 -22 -111407
13 0 15 2 -82763
-22 1 -22 14 -81217
-17 -2 -17 12 -84731
2 20 -4 18 -60835
-10 -5 -8 -21 -102853
-19 21 -14 19 -83413
9 -19 0 -13 -82113
-3 24 -4 24 -53353
-12 11 -8 8 -70233
-14 17 -14 8 -78127
-18 3 -16 2 -78541
3 -7 2 -24 -84359
7 0 2 -24 -89537
-1 0 -5 -4 -90207
-12 -19 -16 -16 -96649
-1 -7 -10 -19 -124603
-14 -6 -12 -8 -96609
20 -4 21 13 -86301
-22 -8 -24 -20 -86245
-1 -13 2 -16 -73599
-3 3 23 24 -87193
12 13 8 12 -82107
-18 -15 -24 -14 -64867
-12 -17 -9 -20 -92075
22 6 -23 -3 -90271
6 19 1 24 -65659
-21 8 -21 -1 -77649
-18 -11 -19 -10 -87243
7 -6 11 -2 -87649
-2 -17 -7 -15 -86999
-11 20 -14 20 -57357
21 11 23 3 -75069
-17 2 -9 -18 -110895
8 -12 10 -3 -86819
-15 -22 -23 -16 -87843
12 3 9 6 -79795
-15 16 -17 16 -65233
-24 1 -20 -5 -72377
20 -4 -22 5 -93721
19 3 18 5 -80281
-16 10 -18 16 -70753
-7 -3 -6 -18 -101781
-18 -2 -1 -5 -115855
-3 8 -2 9 -76587
-13 11 -14 16 -68791
21 24 20 6 -81525
-24 17 -16 15 -69347
-22 8 -18 12 -87075
2 21 3 18 -63881
19 21 21 17 -61529
-24 1 -21 9 -73413
-4 -6 -6 -6 -90215
20 -6 20 -12 -67183
-11 -22 3 -19 -104695
-13 18 -13 20 -60699
-16 -17 -14 -18 -90367
24 22 14 20 -76607
-10 8 -10 3 -69811
-4 -15 -1 13 -94229
-23 -9 -23 -14 -77451
14 24 18 19 -72007
1 12 4 12 -69265
-15 -11 -17 -7 -98363
-22 -7 -21 -16 -95559
3 2 4 4 -87055
-24 24 -18 -12 -83321
1 24 2 19 -51801
-16 -1 -11 -4 -92459
-22 -7 -24 -22 -85051
-4 -24 -2 -17 -73847
-15 -3 -17 -9 -89129
4 -22 7 -12 -65079
1 3 -2 7 -88433
-4 -4 -5 0 -84967
12 1 10 -5 -80585
20 -7 22 -6 -66761
-17 -18 -13 -18 -89559
-12 -16 -14 -23 -84937
-1 2 -5 2 -87291
23 -6 13 -11 -85111
17 23 17 14 -74465
6 24 -5 16 -79019
-12 0 -11 -5 -88409
-9 -19 -9 -24 -78181
13 6 15 -4 -89045
21 -15 4 -18 -83269
-9 -22 5 -23 -76407
20 11 15 18 -94335
-11 -4 -11 -8 -92631
-20 -22 -24 13 -82541
15 14 9 14 -83449
12 2 14 4 -84367
-22 15 -22 6 -72617
-13 -9 -12 -18 -83483
3 -5 -1 -2 -91975
4 -1 8 1 -89981
4 3 2 4 -84349
21 12 20 14 -63753
-13 0 -17 4 -81433
-22 -1 -24 -4 -50371
-13 -8 -13 1 -91359
-11 10 -11 6 -60091
-18 -19 -16 -12 -91697
-15 -11 -21 -12 -95225
-18 3 -18 4 -63275
-5 0 -2 -1 -90759
18 -2 17 -5 -83201
22 -8 20 0 -77335
0 -8 2 -22 -88625
22 21 18 9 -90927
21 -6 15 -4 -87589
6 3 7 -1 -74253
0 -10 -12 2 -124821
-16 21 -18 20 -70673
8 -8 8 24 -86447
11 -5 12 2 -79519
-12 -10 -19 -8 -107775
5 -3 4 -4 -73381
16 5 19 4 -84467
23 -10 18 -9 -55621
-13 14 -13 23 -70171
9 0 8 2 -73655
-22 -21 -24 -16 -46771
1 24 1 15 -73131
-10 0 -13 4 -81641
5 -11 -4 -16 -95811
-10 -10 -3 -9 -96443
2 5 -3 6 -78417
0 3 -1 6 -83309
-10 -18 -10 -23 -99743
-3 13 -3 18 -59305
-9 -18 -19 -24 -77197
-10 -6 -14 -7 -90729
-20 0 -24 6 -71601
16 20 10 11 -82165
23 10 16 13 -85847
6 -10 9 -12 -88487
7 -9 8 -10 -84931
8 24 12 12 -83789
7 -20 24 -6 -84433
-16 15 -1 9 -87073
8 14 7 18 -68667
-16 -10 -24 -14 -84463
-1 -9 -1 -8 -71325
-22 -7 -20 -3 -68915
3 -1 2 -1 -83233
21 9 17 7 -74925
24 24 24 9 -64811
23 -23 7 3 -83261
-19 -10 -1 -7 -121079
20 -24 13 -3 -81675
-6 -17 -4 -23 -71007
-1 -12 -4 -18 -90011
-10 15 -12 15 -56835
-1 -5 4 -9 -89323
-23 -7 -18 3 -88875
-2 -9 -14 5 -123251
-10 -13 -19 -19 -117001
-10 -5 0 6 -103845
-5 3 -4 6 -78633
-1 0 0 -9 -96591
24 4 18 10 -84747
-24 9 -23 17 -62995
-6 -5 -13 0 -110451
17 16 14 14 -67341
-21 22 -20 11 -68475
8 13 24 14 -86831
-21 -4 -19 -8 -78041
14 24 4 19 -84231
1 22 18 23 -77777
-11 -9 -9 -10 -82713
17 5 22 5 -81113
-9 -19 -3 -24 -65359
