-7 1 -6 3 -62006
24 -3 23 -4 -49652
20 -14 -22 -5 -66966
1 -24 0 -23 -54388
-24 -17 -22 -17 -51452
-1 -15 -1 -16 -57854
-15 -10 -15 -9 -58662
15 -22 16 -22 -54678
6 12 22 12 -98002
14 -14 11 -14 -56038
3 1 19 0 -103518
6 -23 7 -21 -62304
1 11 16 -16 -92372
-13 24 -14 19 -63552
-15 -19 -16 -24 -61144
0 16 0 14 -60364
4 -13 2 -12 -63426
17 -23 16 -22 -60282
-13 -13 -14 -18 -51096
4 -17 2 -18 -65494
8 20 10 19 -70556
-6 9 -6 5 -71328
-7 -24 -6 -22 -60366
13 4 -19 4 -87826
-23 15 -24 13 -51902
0 23 0 24 -56440
5 -7 4 -8 -53192
-8 -17 -9 -19 -61406
-9 15 -9 8 -66748
24 -7 24 -9 -56720
-18 -16 -18 -19 -58006
-18 22 -15 24 -47872
11 23 11 22 -64520
-8 -8 -8 -7 -50274
2 -21 0 -19 -63240
2 17 -1 18 -75736
23 -7 24 -11 -59758
12 -3 11 -2 -63176
20 -24 19 -23 -51176
-3 -10 -4 -12 -63238
-19 -9 -19 -11 -55920
19 -6 18 -9 -67556
24 2 22 1 -54146
-6 24 -10 21 -54716
2 23 1 19 -60962
-4 -15 -4 -14 -60476
23 14 23 12 -49482
8 -12 7 -11 -64804
-14 17 -14 11 -63282
-2 -23 -2 -24 -54140
-20 -9 -19 -7 -54538
16 14 17 15 -66772
-19 -22 -17 -23 -48506
24 -20 20 -20 -58496
-17 17 -17 15 -63742
-5 -11 -6 -9 -65934
-10 15 -17 14 -55288
-10 -21 -10 -23 -55138
5 -22 4 -18 -57224
-14 12 -14 13 -51770
-23 -24 -22 -23 -45076
-8 -5 -8 0 -44960
17 2 22 1 -57824
24 3 23 5 -48982
16 1 15 0 -69958
18 24 17 24 -55886
-11 2 -8 0 -57474
18 0 16 -1 -69790
-20 -23 -19 -21 -63602
-5 8 -7 -2 -76836
-9 16 -8 19 -54846
16 -13 16 -12 -60722
21 -15 21 -14 -63554
22 1 22 0 -62304
-13 -9 -12 -9 -53636
10 24 9 23 -61474
-2 -23 -4 -21 -63358
-5 2 -5 10 -79132
21 -20 22 -21 -59788
-15 23 -11 23 -48954
-11 -4 -11 -5 -40798
19 24 21 23 -60694
5 22 7 24 -59446
-14 -4 -17 -4 -51456
19 8 19 10 -60462
3 -18 24 -17 -67846
15 20 14 16 -61560
-11 24 -10 19 -60008
16 7 23 12 -71192
24 -14 22 -13 -58528
-24 -19 -24 -18 -62370
19 -19 19 -18 -55286
-11 -9 -11 -10 -62350
13 -1 11 -2 -70968
-23 -10 -24 -11 -60506
3 18 -18 -20 -83208
7 -24 5 -22 -58248
14 15 15 15 -69976
-15 19 -15 17 -58518
3 -21 2 -21 -58460
-21 14 -23 16 -61910
-22 -17 -23 -14 -53686
-10 24 -8 22 -56806
24 -19 22 -15 -60204
21 -12 20 -9 -64472
-24 10 4 11 -80688
-7 -10 -6 -14 -63368
6 24 1 24 -67304
10 3 0 0 -87548
-10 -18 -10 -19 -55770
-9 18 -9 17 -50806
23 0 23 23 -68414
2 -9 0 -7 -54270
19 5 6 1 -93864
-2 16 15 9 -103718
7 -22 9 -23 -62044
-10 8 -10 7 -53608
-1 11 -1 10 -63938
21 7 21 5 -58308
-23 -23 -23 -22 -51180
-2 6 -3 2 -55708
0 -24 -1 -24 -54404
22 -4 20 -5 -61978
-11 24 5 16 -84840
22 20 22 19 -58548
13 14 12 14 -68416
12 -20 10 -21 -69608
-23 -3 -24 -1 -55842
-24 -1 -23 0 -45372
-7 8 -6 16 -73868
18 14 17 12 -61962
1 24 16 23 -83634
-24 4 -23 9 -39296
-23 -13 -24 -13 -50790
24 -9 23 -10 -50120
-2 -18 -1 -19 -62516
-16 -12 -16 -15 -64456
18 24 -24 23 -53730
-16 3 -15 2 -54806
-6 -9 -6 -10 -61352
-11 0 -11 -1 -42454
-24 -9 -24 -12 -43670
4 -9 4 -8 -46664
-24 -8 -22 -12 -50216
-23 8 -24 7 -44270
5 -23 12 -24 -69458
-15 4 0 24 -87114
-2 -5 0 -7 -50418
-24 13 -22 11 -46772
14 -24 12 -23 -59192
-2 24 0 21 -61960
-13 -16 -11 -16 -58456
-21 2 0 13 -87902
-14 17 -14 15 -59912
24 -12 23 -16 -52836
-16 -16 -15 -17 -53192
-8 -8 -10 -9 -55782
-13 -6 -15 -7 -61768
-24 -6 -24 -5 -44042
10 3 9 4 -62924
-6 -20 -6 -21 -60666
-17 -3 -18 -10 -61036
23 18 24 18 -65376
2 0 -5 3 -59394
-2 -11 -3 -15 -66764
22 17 12 18 -83496
-22 23 -21 24 -45068
9 5 7 5 -69736
21 -22 22 -19 -65870
15 -6 15 -5 -56546
21 -12 21 -10 -62710
2 4 5 3 -63940
14 4 15 3 -70384
-18 22 -20 24 -59410
24 19 23 19 -63580
-22 23 -21 21 -60424
9 -20 9 -21 -58542
11 16 11 18 -60754
1 22 0 22 -69302
12 -10 10 -16 -68396
-17 8 -16 7 -49832
23 7 24 8 -59736
10 -5 9 -8 -49870
-16 22 -13 24 -55578
19 12 18 12 -65090
17 -7 15 -8 -56056
-11 9 -10 10 -59674
10 -17 11 -15 -66020
6 6 23 9 -88442
-2 15 -1 17 -59476
2 -20 3 -18 -57434
-17 -23 -16 -24 -50294
22 3 13 24 -87490
-18 23 -19 23 -46232
-2 8 -1 10 -66638
-3 22 -2 24 -56200
7 -12 6 -12 -65476
10 14 1 10 -92498
16 23 15 21 -61410
24 -3 22 0 -62936
-17 0 -17 -4 -47436
-6 -22 -9 -21 -66534
13 24 9 23 -58614
10 19 3 20 -87486
-3 9 4 9 -68284
-24 9 -22 11 -45390
11 5 13 7 -66024
9 18 6 15 -74098
14 8 14 6 -67434
-10 0 -10 2 -45082
-15 14 2 15 -85824
14 0 14 -22 -70408
19 -23 16 -24 -50086
-21 20 -21 21 -59086
-20 0 -18 0 -46648
-3 -21 -4 -21 -57768
-7 -24 -11 -23 -61948
0 15 1 13 -67922
13 -23 13 -24 -51724
17 6 15 7 -69358
23 16 23 14 -54360
-1 10 -1 9 -66252
-24 -19 -23 -17 -58804
7 -14 7 -16 -49760
1 -4 -1 -5 -52860
-22 12 -18 12 -53350
23 8 24 8 -50460
18 -6 18 -7 -64084
20 -19 18 -21 -67886
23 -2 23 -4 -54874
-4 -12 -15 -14 -77276
23 7 24 6 -57462
-14 -24 -13 -24 -48894
12 9 12 12 -56874
-16 13 -18 12 -47460
-8 -18 -3 -18 -62834
-17 23 -18 24 -50580
0 -23 0 -24 -50488
0 -7 0 0 -58084
19 -4 17 -5 -67100
-24 3 -24 2 -27434
-24 -20 -24 -24 -49116
-14 -4 -13 -3 -53750
17 4 17 5 -56454
20 24 19 24 -58568
-4 9 19 1 -98840
-7 24 -5 23 -61436
-22 19 -23 17 -52726
-21 -24 -22 -23 -43264
5 24 6 23 -68378
11 18 11 19 -67418
-24 9 -24 5 -33082
16 -16 14 -17 -63084
16 -14 17 -15 -56160
1 3 5 4 -71448
6 24 9 23 -74988
0 -13 -1 -13 -58780
-18 -4 -19 -6 -51292
-1 -1 -17 -6 -75520
18 -24 -6 -24 -61988
13 -6 15 -7 -53644
11 10 10 10 -67568
-22 -5 -24 -4 -60492
4 -9 6 9 -73976
-24 21 -24 22 -43886
-24 -2 -24 -3 -44736
7 -23 7 -24 -47436
-17 -13 -18 -13 -39526
-22 22 -21 14 -67512
-6 12 -4 10 -67080
19 24 19 22 -64296
3 0 3 -1 -56478
8 13 9 10 -61490
7 24 7 23 -58902
20 19 23 14 -66486
-2 1 -6 -4 -71922
-10 -23 -12 -1 -66218
-6 21 10 22 -86826
-23 4 -22 4 -51268
24 -19 24 -24 -50448
18 -5 17 -3 -59902
10 -8 11 -8 -59266
-23 -17 -22 -19 -65418
-5 -16 -6 -20 -62840
-8 12 -6 11 -62512
-21 17 -19 17 -53794
22 -7 21 -7 -56904
-5 17 -3 15 -63726
-23 -23 -21 -23 -49792
-21 -24 -20 -23 -56502
22 -4 24 -6 -54596
-17 21 -17 20 -58182
-10 -4 1 -4 -75386
-6 11 -6 9 -68168
8 16 23 20 -92012
19 -16 17 -17 -61238
-4 -24 -2 -23 -53528
-2 -1 12 15 -103122
24 9 23 10 -57020
-18 -12 13 19 -88244
-3 14 1 15 -70968
-10 -14 -11 -14 -63370
-23 -12 -24 -14 -55518
24 -7 24 -6 -55796
0 -16 -1 -17 -67398
24 -18 23 -14 -56044
-7 -14 -6 -13 -61356
-8 -16 -7 -19 -62356
-23 -5 -23 -7 -47694
-8 23 -8 21 -52422
3 -12 5 -12 -67424
0 20 -1 18 -55566
7 -10 7 -12 -47968
-5 -23 -5 -22 -61700
-1 -10 2 -9 -60066
6 24 22 24 -69354
13 -11 13 -13 -55418
-3 -1 16 19 -102156
-18 5 -3 7 -87860
-9 -24 -10 -23 -58620
14 -2 14 0 -58644
-4 -4 -6 -4 -64106
1 -1 2 0 -59128
19 -24 15 -22 -61808
-10 -22 -13 -22 -57294
-11 23 -12 23 -46742
13 -18 14 -16 -68186
-10 -4 -9 -6 -46752
1 -9 0 -10 -56680
-2 4 -1 3 -51288
24 -10 23 -10 -48006
-8 -24 -7 -23 -51984
-21 -20 -22 -19 -58434
5 20 4 24 -67192
21 24 21 23 -53606
-22 -10 -21 -10 -55018
23 0 24 2 -58308
5 12 4 12 -66298
13 1 11 0 -74578
-4 22 -6 23 -62022
-19 4 -21 4 -54662
17 -23 17 -24 -54234
-23 -7 -22 -7 -61026
-13 5 -12 5 -61378
-8 24 -7 23 -59922
5 18 5 16 -57662
-18 21 -18 24 -56118
22 24 23 20 -62402
-16 11 -14 9 -53276
1 -23 21 11 -83566
-24 23 -20 23 -44664
-10 7 -12 9 -59852
21 22 23 24 -55840
22 22 23 21 -59842
-1 10 -2 10 -62386
21 -14 19 -14 -54850
-14 -24 -15 -23 -53626
4 3 -18 1 -86864
17 23 19 24 -57050
10 -17 11 -18 -58142
-22 14 -22 13 -60348
3 9 2 11 -59194
15 -2 16 -1 -72688
22 -15 21 -16 -54498
23 -3 23 -7 -61042
10 -13 7 -14 -61818
5 -16 5 -17 -51128
22 15 23 19 -64998
2 18 3 18 -73040
-2 23 -2 24 -55194
15 -4 14 -1 -60638
-14 2 -12 1 -68948
14 9 14 7 -66226
-19 10 -18 8 -44444
-19 0 -16 -3 -52870
-23 -8 -24 -9 -57816
-22 0 -23 1 -55044
23 -1 21 0 -59714
-22 16 -22 13 -68014
6 -22 4 -21 -60612
3 24 0 23 -62770
-10 -20 -9 -20 -62738
-24 7 -1 7 -78564
-7 -11 -10 -13 -65746
11 -24 11 -22 -56048
-24 23 -22 21 -45536
-3 16 12 13 -102936
14 21 14 24 -65504
-8 -8 -5 -10 -60906
9 24 9 23 -59642
-12 -23 -13 -24 -49754
6 -23 5 -24 -52788
-13 5 -7 1 -69058
7 24 9 24 -69862
-18 -24 -17 -23 -54098
-20 -12 -21 -16 -65692
0 -2 -1 0 -54310
18 20 18 21 -63890
23 14 20 14 -61750
17 -15 17 -14 -63244
10 -21 16 -24 -69092
24 -16 21 -13 -65436
15 4 15 -1 -63172
-12 13 -8 11 -59764
13 4 13 7 -63618
24 20 23 19 -61984
-1 24 -2 24 -62510
-2 -1 -3 -6 -60786
-21 -13 -21 -14 -59478
4 -14 5 -14 -67526
20 -24 21 -20 -69732
21 -23 21 -24 -47760
-24 16 -22 16 -48272
-5 12 15 16 -107732
24 -1 24 0 -59974
3 21 23 17 -94794
22 5 24 7 -62288
-15 -24 -15 -23 -50814
7 -3 6 0 -56482
-2 4 -8 1 -72770
0 1 0 0 -53636
-3 10 15 14 -108506
17 19 -12 14 -87888
-24 23 -23 24 -41990
5 -1 4 0 -59236
-7 -12 2 9 -84514
18 -24 19 -22 -59098
19 -9 17 -9 -54796
5 -1 6 2 -63348
-8 23 -6 24 -48630
4 -5 7 -2 -61880
4 23 2 24 -66448
-7 11 -6 12 -59138
13 -23 9 -23 -69010
10 8 -15 4 -88818
24 -21 22 -21 -44132
-24 -4 -23 -4 -55028
21 23 23 23 -56456
-13 -7 -13 -12 -66656
-7 -20 -5 -23 -65732
9 -9 10 -8 -60294
-24 3 -23 0 -41608
2 18 20 0 -105420
9 21 9 17 -72722
11 -1 10 0 -67910
11 -22 12 -20 -64576
6 17 22 18 -99590
10 10 8 9 -73036
17 21 16 23 -67056
22 -12 22 -13 -60394
-23 -24 15 -24 -53700
-4 -19 0 -15 -67978
-13 23 -12 24 -53876
17 16 18 13 -56616
3 -24 10 -23 -64302
-16 -19 -17 -19 -51494
-17 -20 -16 -19 -55446
24 14 22 15 -60802
-1 16 0 14 -71556
7 2 8 3 -65746
-19 16 -20 10 -63218
10 2 10 5 -50576
-14 18 -12 16 -55496
7 -13 6 -12 -67432
16 2 17 0 -63680
6 9 7 7 -57744
-23 -21 -23 -19 -62906
-5 17 -4 17 -62370
24 9 24 8 -59996
-18 18 -19 19 -55436
7 19 7 20 -64338
-23 12 -23 20 -63820
13 -8 13 -9 -48154
6 12 24 3 -95704
24 8 24 10 -59664
-8 2 -7 8 -69856
10 -19 10 -17 -57652
-1 -9 -1 -12 -54110
23 19 24 24 -58436
1 -23 0 -24 -48272
-1 14 -7 12 -72280
10 0 9 0 -70036
-3 23 0 23 -69326
22 -24 20 -24 -45868
-17 -13 -17 -14 -64886
-14 3 -15 3 -58568
-24 -16 -23 -21 -68834
-15 -24 -14 -23 -56680
6 2 20 -4 -93432
24 -23 24 24 -60592
-24 -3 -23 0 -47724
-20 9 -23 9 -53758
-1 -14 -3 -12 -61254
-24 -17 -23 -16 -53066
14 -18 14 -20 -56780
8 17 8 11 -56678
24 2 24 -1 -62334
8 12 8 8 -60540
8 15 7 14 -70988
12 -23 10 -24 -61640
24 -18 24 -22 -51280
-21 -23 -20 -23 -50864
-24 20 -23 21 -48470
12 17 11 17 -67100
24 14 23 12 -53658
0 0 17 0 -101064
20 10 14 13 -76484
-20 -8 -19 -9 -46832
-3 -16 -5 -14 -61962
-13 -21 -14 -18 -55460
-1 -21 0 -21 -63262
24 18 23 16 -63180
