-18 -22 -18 -21 -63102
24 -3 23 -4 -46942
-1 4 -3 5 -74962
1 -24 0 -23 -48296
-16 -19 -16 -18 -55612
-15 2 -14 3 -72618
10 18 10 19 -52898
14 7 16 3 -59370
-9 -9 -9 -10 -55900
2 -12 2 -10 -65490
-18 -14 -17 -12 -59646
-19 0 -18 2 -69184
-21 -5 -22 -4 -60876
-20 9 -21 9 -62992
-11 13 -9 14 -69456
-4 -8 -2 -9 -53634
17 -2 15 2 -60104
17 -23 16 -22 -58236
19 -21 23 -18 -65398
-15 11 -16 11 -77574
-3 -13 -2 -9 -60754
-11 -19 -8 -15 -42600
19 -14 16 -15 -49868
7 -12 9 -3 -56298
-23 15 -24 13 -49512
-6 -14 -7 -14 -55684
-23 -2 -24 -3 -53486
-21 -13 -21 -15 -57696
2 18 2 14 -59090
21 1 21 5 -56568
-6 -6 -5 -7 -58178
0 8 1 8 -63426
0 -6 -2 -6 -49098
-22 -19 15 -17 -63196
-16 1 -17 5 -91772
15 -7 14 -8 -58130
-4 -24 4 -23 -54778
8 -24 10 -24 -37312
20 -24 19 -23 -53820
-17 19 -15 16 -64772
-11 8 -11 7 -57992
19 -15 18 -12 -59502
24 6 24 7 -43586
0 20 0 24 -64590
-10 1 -8 3 -69326
-8 18 -9 17 -55830
14 10 15 10 -49760
-15 -21 -15 -23 -60232
22 -5 23 -4 -53640
-2 -23 -2 -24 -51008
23 16 24 12 -46838
15 -19 16 -15 -65952
-19 -22 -17 -23 -58276
16 15 15 16 -59942
1 -18 -7 -17 -58036
-14 19 -17 18 -79916
24 -12 23 -8 -64388
-1 -19 -1 -21 -56230
-17 5 -16 1 -91728
6 -24 7 -24 -40930
-23 -24 -22 -23 -51606
-14 -8 -12 -6 -65456
-5 -23 -4 -23 -43958
-10 11 -10 14 -73416
-23 -1 -22 -1 -55672
-22 10 1 13 -96054
8 -9 8 -7 -51420
22 -1 24 -2 -53124
-12 -6 -11 -4 -62090
5 15 5 17 -56548
-17 14 -15 -2 -95346
-18 9 -8 6 -94986
0 2 0 6 -71714
-14 15 -14 17 -65674
9 6 8 4 -54482
10 24 9 23 -49534
-15 10 -16 5 -68804
-17 24 -19 23 -60186
18 -21 19 -22 -61566
4 23 6 24 -48536
-5 0 -5 2 -53802
19 24 21 23 -59192
-8 16 -8 15 -59446
19 24 18 24 -57306
-23 3 -23 -1 -72380
12 0 12 1 -55794
3 -11 5 -13 -48886
-13 22 -14 22 -61068
-18 -2 -18 3 -78276
24 -14 22 -13 -52178
-21 -1 -21 -2 -69036
-19 18 -17 19 -78454
21 20 20 21 -66914
14 22 14 24 -41868
-23 -10 -24 -11 -66880
4 19 3 18 -65812
24 15 24 18 -43688
-24 23 -23 24 -51448
13 18 3 17 -63130
10 12 10 15 -63360
-19 15 -17 16 -72732
-22 0 -24 5 -62640
-16 3 -19 4 -78944
-22 13 -21 11 -65040
9 -10 7 -10 -40702
-17 9 -18 11 -70748
17 -7 16 -6 -54164
3 3 3 6 -72358
-14 21 -14 22 -58094
19 14 18 13 -62796
-16 1 -14 0 -69182
-21 -6 -21 -8 -53414
5 24 8 24 -46738
-12 -9 -12 10 -83364
12 -16 12 -15 -52510
-11 23 -12 -13 -85926
14 0 15 1 -49960
-22 -16 -22 -22 -54082
-10 -1 -9 -3 -54684
-23 -23 -23 -22 -58124
12 -18 15 -15 -51692
11 24 14 23 -54966
9 -2 10 -4 -47834
-12 8 -11 4 -65614
1 -22 0 -23 -61030
15 -21 15 -19 -66638
-24 -1 -24 0 -64188
-23 11 -24 10 -58072
0 -10 0 -11 -66098
-22 23 -18 24 -65054
22 23 22 15 -61690
1 -17 1 -14 -49024
-9 24 -10 24 -50264
-23 -13 -24 -13 -56434
-2 20 -4 19 -88002
-23 -20 -24 -20 -62340
0 19 -7 19 -94654
18 24 -24 23 -59246
17 -4 17 -5 -44746
17 -14 18 -12 -59862
6 13 9 16 -64854
-24 -9 -24 -12 -65930
24 24 1 24 -56986
-24 -8 -22 -12 -63534
-23 8 -24 7 -51608
-24 -2 -23 -10 -54804
12 24 19 23 -61690
-4 20 -5 18 -71112
-8 7 -9 6 -60352
14 -24 12 -23 -42756
23 -10 22 -12 -64182
6 -9 -2 -6 -61140
-24 17 -22 15 -63372
23 24 24 24 -39168
0 0 0 12 -93174
2 0 24 9 -73710
-7 17 -6 15 -61058
10 1 4 6 -70370
-12 9 -19 5 -92534
0 7 -1 10 -76218
24 13 23 10 -56350
17 -17 18 -20 -64284
2 -15 4 -14 -53626
24 -21 24 -20 -54810
-2 9 0 10 -73446
22 -21 24 -16 -65456
-22 23 -21 24 -62312
-6 -7 -6 -8 -52570
19 8 17 7 -60570
-8 -22 -7 -24 -50052
-12 -16 -13 -15 -49958
-21 -20 -22 -24 -64194
0 -6 1 -7 -55922
0 7 1 6 -74580
24 19 23 19 -46090
4 21 2 22 -61438
3 -2 3 1 -51450
3 -20 2 -19 -48418
23 -15 24 -14 -53636
23 2 24 5 -52420
10 -5 8 -4 -50618
24 2 24 0 -52258
-23 -9 -24 -9 -60130
-16 22 -13 24 -62888
19 12 18 12 -60578
18 -23 20 -22 -48252
-16 -20 -17 -20 -62128
-19 -16 -18 -15 -63878
22 6 24 7 -51540
21 22 22 24 -55604
16 8 16 7 -46732
-17 -23 -16 -24 -54910
20 24 21 22 -59790
17 19 13 -10 -72160
15 20 14 20 -58362
-3 22 -2 24 -64920
-17 15 -19 21 -67874
-20 7 -19 7 -64938
0 0 1 0 -56528
-3 -13 -1 -15 -50398
24 -10 23 1 -56108
-8 3 -9 2 -65884
24 -24 23 -15 -65692
0 24 1 23 -57156
7 21 7 23 -50392
-15 -7 -17 -6 -62992
21 13 22 13 -46168
5 7 5 5 -65926
23 8 24 6 -48450
13 20 10 19 -61638
11 7 11 -1 -62018
-10 15 -17 15 -82870
18 0 18 1 -56232
5 12 6 13 -60160
24 24 20 23 -52242
-4 -20 -5 -22 -57012
-7 -24 -11 -23 -52410
24 21 24 1 -56250
13 -23 13 -24 -52594
-15 -6 -15 -7 -55726
-3 10 -2 4 -83976
12 -23 10 -22 -45470
8 15 9 14 -53302
-21 10 -9 -17 -96142
23 0 24 3 -58720
13 24 11 24 -57668
23 8 24 8 -42722
-11 22 -10 21 -63330
5 23 -8 0 -85670
-1 9 0 11 -62260
13 -16 11 -14 -48480
-21 -18 -19 -20 -67004
-14 -24 -13 -24 -47904
18 4 16 1 -60842
-3 16 1 12 -65264
9 1 11 1 -53716
-17 23 -18 24 -52462
-10 -21 -12 -22 -55180
9 -7 10 -10 -52400
13 24 12 22 -52496
-16 -17 -17 -19 -62568
-24 -20 -24 -24 -52670
10 22 9 22 -54150
-8 -18 -11 -16 -49780
-12 22 -12 16 -62240
-19 0 -20 -2 -71676
3 24 0 22 -67602
23 -14 23 -12 -57668
-21 -24 -22 -23 -55740
16 24 14 23 -57376
3 -22 3 -24 -52458
24 -11 24 -10 -59928
-21 5 -21 7 -56710
-19 7 24 9 -74934
8 9 3 10 -57858
-19 0 -21 0 -61744
14 1 15 0 -55730
24 20 -22 20 -70072
-12 11 -12 13 -76620
14 8 10 9 -53752
23 0 24 -4 -53342
18 -8 16 -4 -60184
0 -7 0 -6 -48924
23 20 24 19 -46516
-24 21 -24 22 -45478
-24 -2 -24 -3 -51566
7 -23 7 -24 -43724
0 18 -2 18 -80830
24 3 23 3 -42586
11 17 11 18 -52084
0 8 -2 7 -71356
10 -2 10 0 -47792
17 -21 15 -20 -51424
-22 13 -24 14 -74766
-4 19 -3 19 -86126
24 -15 22 -10 -66500
19 5 17 6 -55622
-13 -6 -15 -6 -59574
3 -19 2 -22 -53788
18 3 19 4 -59442
23 17 22 16 -54118
-22 -21 -23 -11 -52006
9 -3 6 4 -63816
-7 23 -4 22 -61048
-24 -19 -23 -19 -62502
-17 -19 -20 -21 -63002
24 -24 21 -23 -45182
4 -17 4 -16 -49470
-17 23 -18 19 -67348
-21 -24 -20 -23 -57684
-6 3 -22 14 -96988
14 -23 13 -24 -42980
18 11 19 12 -65932
6 -24 5 -23 -46850
17 20 16 19 -58236
-6 -21 -6 -20 -49536
-4 -24 -2 -23 -49184
2 2 1 3 -64360
5 24 6 23 -50728
1 -14 0 -13 -49760
-12 -24 -8 -23 -55236
-4 22 -4 20 -64402
-23 -12 -24 -14 -62782
24 -7 24 -6 -40596
24 -23 23 -21 -51366
24 -18 23 -14 -51288
10 -5 13 -3 -53036
-24 -11 -24 -13 -59006
1 22 2 23 -67586
14 -10 15 -6 -59682
-22 22 -20 22 -62678
12 -19 12 -20 -66286
-5 14 -6 13 -57242
-24 -17 -21 -19 -62040
-17 23 -17 24 -50240
-11 -19 -11 -20 -41836
-15 15 -16 13 -77156
0 -5 -2 -1 -49404
10 9 11 13 -51464
-9 -24 -10 -23 -49802
-16 -10 -15 -13 -59582
1 2 1 1 -62900
4 24 4 22 -49910
16 -10 15 -9 -47528
-11 -3 -11 -4 -49298
-11 23 -12 23 -56090
-7 -11 -11 -15 -49922
1 -15 0 -20 -51064
-20 -21 -21 -19 -67350
22 -7 23 -8 -52138
24 -10 23 -10 -47408
-8 -24 -7 -23 -39158
-7 23 -8 22 -65114
12 3 -21 3 -75888
21 24 21 23 -48118
-22 -10 -21 -10 -59092
1 22 3 22 -64628
12 -18 12 -19 -67822
-3 -23 0 -24 -49048
-22 9 -23 10 -62256
24 -9 21 -12 -62396
17 -23 17 -24 -55590
-3 -22 -2 -24 -61070
23 9 22 11 -52392
-8 24 -7 23 -53692
-18 18 -18 19 -60736
-6 -10 -9 -8 -62180
-14 -19 -16 -18 -59302
24 -10 24 -8 -54398
-20 18 -18 17 -66726
1 13 3 15 -62504
-8 21 -9 24 -61564
-13 -24 23 -23 -52144
17 11 17 13 -54012
4 -23 2 -23 -46578
-3 15 -4 -17 -81316
-14 -24 -15 -23 -51090
1 2 0 1 -57318
17 23 19 24 -59206
24 22 24 23 -47476
1 14 6 14 -59964
-17 17 -14 2 -92166
-20 -11 -19 -12 -61284
22 -15 21 -16 -63024
-17 6 -14 6 -94628
-20 22 -21 24 -55108
-1 18 -1 19 -61664
18 17 15 20 -64104
21 0 21 -24 -59980
-2 23 -2 24 -53456
-13 11 -9 13 -76186
-1 0 -4 0 -63570
-15 17 -16 16 -82594
24 24 -23 17 -71094
-2 24 -3 24 -66320
-23 -8 -24 -9 -60852
-14 2 -14 1 -60230
-24 -10 -24 -8 -57706
-24 16 -23 16 -67928
-12 11 -12 14 -81298
8 -14 7 -15 -46584
11 -22 11 12 -66158
15 16 17 9 -66024
5 -10 4 -11 -45586
11 -24 11 -22 -51534
-24 23 -22 21 -51402
2 7 2 10 -71308
-9 -10 -10 -8 -60802
-6 -11 -8 -11 -56686
-1 2 -3 2 -66882
-12 -23 -13 -24 -53510
6 -23 5 -24 -44832
-9 1 -13 -2 -65760
-7 -1 -7 -2 -51206
-18 -24 -17 -23 -56158
0 24 -1 24 -59656
-13 -8 -9 -6 -61010
-20 -3 -19 -5 -59014
10 -17 10 -20 -63534
-19 9 0 5 -93906
5 0 4 1 -54158
10 21 10 20 -47512
-23 14 -24 14 -71406
-2 22 -4 23 -71742
-24 22 -22 18 -54282
24 20 23 19 -53734
-24 23 -24 24 -38904
-24 12 -24 11 -50564
-16 -11 -14 -11 -52224
-5 2 -8 4 -68622
21 -1 21 -2 -55516
21 -23 21 -24 -49344
-5 0 -3 -3 -65288
-24 12 -23 3 -61592
-5 18 -5 20 -63428
-24 4 -22 4 -48986
13 3 12 3 -49990
-15 -24 -15 -23 -52128
-4 9 -7 -11 -80070
0 -9 1 -11 -62974
-2 -3 -2 0 -47748
24 -24 24 -22 -43196
24 -20 21 -20 -61924
4 0 3 0 -50172
11 4 5 6 -65154
23 9 23 8 -53338
18 -24 19 -22 -56382
5 3 4 0 -63002
13 -9 10 -10 -43786
-8 23 -6 24 -60744
-17 -10 -20 -10 -58400
24 -16 24 -19 -52678
-17 -7 -18 -8 -55802
17 -17 16 -14 -60226
-16 -13 -16 -16 -50064
24 -21 22 -21 -55728
-24 -4 -23 -4 -53034
3 -22 5 -23 -51794
-23 11 -1 13 -93938
-17 21 -24 -19 -76622
12 -11 13 -12 -44120
-16 24 -13 22 -57216
23 20 24 23 -57112
-21 15 -22 14 -60776
-1 19 0 20 -74466
-18 10 -18 9 -62934
-21 -18 -21 3 -74568
-4 8 -5 8 -58222
4 -5 14 -1 -70180
24 9 24 11 -52744
24 -22 0 -20 -50712
-24 -2 -7 -1 -75400
-13 23 -12 24 -56624
3 -6 3 -13 -66968
-3 7 -3 10 -68122
16 -23 19 -18 -65010
19 19 20 20 -59180
12 13 12 15 -60772
-17 2 -19 8 -83864
11 10 8 10 -52252
-19 3 -12 5 -93882
-15 6 -14 6 -89956
22 -6 23 -6 -52156
-18 16 -18 13 -62044
-13 -9 -13 -12 -56502
20 19 19 22 -67528
-24 5 -24 14 -61528
14 6 14 7 -48302
6 13 -13 17 -80998
-10 23 -10 24 -51044
-24 -24 0 -24 -49996
-18 -4 -16 -3 -65706
22 -24 -24 -19 -55944
-3 -9 -1 -8 -52202
-10 7 -8 6 -62998
13 -14 14 -10 -47678
1 -4 23 12 -81436
20 -18 21 -18 -58348
-6 6 -8 6 -61396
1 -23 0 -24 -57230
-23 5 -24 -3 -76152
-8 -13 -8 15 -87272
-21 -22 -22 -22 -66694
0 -14 2 -12 -55748
-11 10 -11 20 -81292
6 -2 5 -3 -49162
-10 12 -23 -3 -90792
-15 -24 -14 -23 -58354
6 8 6 9 -51494
-17 -9 -17 -10 -55222
-3 16 -2 16 -78812
8 15 14 20 -65688
-8 14 -13 16 -69706
-24 -17 -23 -16 -50268
-2 -23 -3 -20 -63500
18 15 19 14 -61158
3 5 1 6 -63390
0 7 0 24 -68614
3 -19 5 -15 -59266
12 -23 10 -24 -41198
21 0 22 -1 -55116
-21 15 -22 15 -74620
-24 20 -23 21 -49646
-9 -1 -11 -1 -56202
24 14 23 12 -52670
18 3 17 3 -50820
18 -7 16 -9 -55176
-21 -24 -23 -24 -57760
-4 -12 -5 -13 -48686
6 12 6 13 -55374
-12 0 -12 -12 -76252
-4 13 4 13 -76310
