-18 -22 -18 -21 -51960
24 -3 23 -4 -45298
12 -5 12 -7 -48826
8 -13 9 -11 -40850
-16 -19 -16 -18 -60350
15 3 14 2 -51242
-14 -20 -14 15 -72398
-8 24 -8 22 -61736
-13 -16 -13 -13 -59782
14 18 16 19 -60486
6 16 6 13 -67510
7 15 6 15 -67012
-6 5 -3 8 -62648
-13 12 -1 12 -81596
-7 -16 -3 -18 -64446
10 11 10 10 -44200
11 4 9 6 -48830
17 -23 16 -22 -43518
19 20 19 19 -63526
5 24 -5 5 -88908
-24 -22 -24 -15 -58648
16 -1 -16 5 -86534
-3 -1 -3 -2 -53796
24 -9 23 -8 -54200
23 0 23 8 -63236
2 -10 3 -6 -52988
-23 -2 -24 -3 -66360
-22 16 -22 18 -77004
-12 7 -12 9 -53872
-18 -17 -18 -15 -63004
-9 0 -6 2 -74360
-10 -24 -13 -23 -55574
-11 -9 -10 -11 -57952
-22 18 -22 16 -76942
-24 -19 18 -20 -61764
-10 -15 -10 -19 -56270
0 -24 3 -23 -57710
8 -24 10 -24 -50660
20 -24 19 -23 -58610
5 18 -19 19 -86338
17 23 16 22 -65716
-19 5 -17 4 -51602
-14 -14 -12 -19 -70814
-11 -5 -12 -6 -65062
-24 -5 -23 -6 -57778
6 24 5 17 -65814
14 10 15 10 -47902
17 -4 17 -5 -38200
22 -5 23 -4 -52032
-2 -23 -2 -24 -41566
23 16 24 12 -47868
23 -3 24 -4 -39772
-19 -22 -17 -23 -56088
21 -23 19 -22 -58828
-24 -5 -24 -6 -58282
-13 23 -14 24 -47674
13 -3 12 -3 -53500
21 12 -17 11 -80674
24 -2 24 -1 -36668
9 -23 7 -24 -57120
-23 -24 -22 -23 -49222
-24 3 -23 4 -60146
-12 17 16 21 -76202
3 -16 5 -15 -56304
-24 -23 -6 4 -69244
18 -17 20 -14 -62442
0 -5 -1 -4 -49682
22 -1 24 -2 -50720
14 -11 16 -16 -57138
-17 -2 -16 -4 -62874
-24 0 -24 2 -44996
18 20 20 22 -69094
-21 3 -22 4 -52172
-22 6 -24 5 -69382
-10 -10 -8 -10 -57958
-3 11 -1 8 -78216
-9 14 -12 15 -62440
-17 24 -19 23 -52040
7 -1 5 0 -57632
19 23 17 24 -45528
23 5 23 2 -59042
-12 -17 -13 -20 -59852
10 23 9 24 -49432
19 24 18 24 -47722
20 0 18 2 -62654
24 19 22 23 -62166
-18 -6 -20 22 -73270
-4 -22 -4 -23 -43980
-23 -15 -23 -14 -54398
24 -14 22 -13 -61546
-19 11 -17 12 -65330
-5 -24 -2 -24 -52198
-23 0 -20 1 -61664
14 22 14 24 -49972
-23 -10 -24 -11 -63924
8 17 9 17 -58072
24 15 24 18 -47306
5 14 6 13 -71886
-10 -2 -11 -5 -61654
-5 20 -6 22 -73476
-7 12 3 -19 -78406
-8 23 -7 24 -52826
-14 11 -13 11 -56008
-15 4 -8 19 -92334
4 20 3 19 -66986
0 9 -1 8 -62492
-3 -5 -1 -3 -79536
-12 0 8 1 -89084
0 -17 -1 -16 -62526
-15 -2 -16 -3 -58632
-6 -20 -9 -19 -61124
-19 24 -19 23 -46288
5 24 8 24 -41358
-19 5 7 5 -97816
12 -16 12 -15 -58864
19 15 20 15 -55458
20 -20 20 -19 -54714
-22 -16 -22 -22 -64914
2 -7 -1 -7 -58822
-23 -23 -23 -22 -49252
-10 20 -13 19 -64684
-22 -9 -23 -12 -61836
15 -10 16 -8 -56482
-8 13 -8 15 -64168
-7 15 8 9 -88900
3 14 2 14 -69656
-24 -1 -24 0 -50762
-23 11 -24 10 -69720
-20 0 0 2 -94982
-3 20 -6 15 -74904
8 15 6 18 -68738
-10 10 -10 13 -63800
10 -23 12 -24 -45010
-23 -13 -24 -13 -60894
16 -21 19 -21 -50280
-23 -20 -24 -20 -60130
-1 13 0 9 -84146
-14 -9 -13 -8 -56052
10 0 8 0 -50746
6 -1 6 1 -45282
-17 23 -19 23 -54528
-19 -13 -20 -14 -59800
23 -1 21 3 -65954
-21 24 -23 24 -63362
-24 22 -24 21 -42018
-15 4 -15 3 -55646
23 -6 1 -8 -66944
-18 -24 -16 -23 -62252
7 18 8 19 -52988
-13 1 -13 0 -51066
23 10 21 10 -62414
9 -9 12 -9 -50486
-21 15 -19 15 -61062
23 24 24 24 -43958
5 -20 5 -19 -49272
-12 22 -10 21 -66092
1 -1 1 0 -50102
-22 21 -19 20 -65404
11 7 7 5 -56498
-17 -14 -15 -15 -63698
24 13 23 10 -40236
-11 -6 -14 -6 -66588
3 -16 3 -14 -51130
24 -21 24 -20 -49246
-23 -4 -24 -6 -61956
-1 12 -1 11 -76130
-22 23 -21 24 -57104
7 -24 3 -22 -54436
19 -3 14 -5 -53454
-8 -22 -7 -24 -49310
2 -3 0 -6 -62196
-6 -2 -7 0 -57290
3 -10 5 -10 -53116
-3 -12 -4 -14 -43580
24 19 23 19 -60454
-7 -16 -5 -14 -49922
12 0 13 5 -56150
10 20 12 19 -55664
23 -15 24 -14 -46524
20 0 21 0 -65280
11 -21 11 -20 -56920
24 2 24 0 -50468
-23 -9 -24 -9 -61174
-1 19 -2 17 -69280
4 -22 2 -21 -47768
18 -23 20 -22 -52352
-16 -20 -17 -20 -59382
-14 24 -15 24 -46292
22 6 24 7 -53874
-13 20 -13 13 -80248
-23 8 -24 8 -66924
-17 -23 -16 -24 -51400
-15 12 -17 13 -57148
16 11 17 12 -47126
-6 12 3 24 -89678
0 6 -1 3 -43984
-2 6 -24 10 -79986
20 10 17 9 -56940
-11 6 -11 5 -49592
7 8 9 4 -52746
9 4 9 5 -47632
-5 -7 -4 -5 -60586
11 -17 12 -20 -68612
0 24 1 23 -53540
-24 13 -22 13 -75386
-4 -11 -6 -10 -61140
-18 0 -18 -2 -62794
-20 -21 21 -9 -69314
23 8 24 6 -50356
-10 4 -8 2 -57272
-24 8 -23 10 -67680
14 23 13 21 -69624
24 -10 21 -11 -55272
2 -24 4 -23 -58008
24 24 20 23 -52194
-22 22 9 24 -67882
-13 -9 -14 -9 -61852
20 9 21 9 -62846
13 -23 13 -24 -51068
-15 -6 -15 -7 -44050
-14 -18 -12 -17 -59030
14 -19 12 -18 -57718
23 5 21 -3 -63524
24 -8 24 -6 -34370
-12 23 -24 6 -85436
13 24 11 24 -51824
23 8 24 8 -53066
-24 -8 -24 -5 -57244
1 22 1 18 -68026
24 1 -12 -23 -68398
-8 -20 -8 -21 -46234
-1 13 7 14 -82098
-14 -24 -13 -24 -52538
-13 11 -13 10 -52304
-8 -11 -12 -9 -66710
16 -16 18 -17 -55684
-17 23 -18 24 -51154
3 -23 3 -24 -57970
-17 -7 -17 -18 -67260
13 24 12 22 -62686
-20 -3 -23 -4 -63090
-24 -20 -24 -24 -46836
-9 -12 -9 -13 -46308
-1 -19 0 -20 -56788
-1 23 0 24 -60710
-4 0 -5 0 -62678
19 0 19 -3 -48428
23 -14 23 -12 -47536
-21 -24 -22 -23 -45240
16 24 14 23 -58088
3 -22 3 -24 -59586
-23 21 -22 8 -81542
21 -14 20 -14 -58324
-17 20 -17 22 -50806
2 2 4 1 -49148
11 0 12 -24 -61372
-20 13 -19 12 -58314
-19 4 -20 1 -60904
10 -17 12 -18 -65818
2 16 0 18 -62356
2 8 -22 3 -95306
-18 -10 -16 -10 -58382
-16 -15 -15 -12 -58010
23 20 24 19 -60808
-8 24 -6 24 -56802
-24 -2 -24 -3 -55648
7 -23 7 -24 -52090
-9 20 -9 21 -78700
24 3 23 3 -48716
-1 -3 -2 -4 -77928
-2 23 -2 22 -66072
15 -11 14 -12 -52230
24 23 23 22 -53674
-4 19 -4 21 -70356
2 -17 2 -18 -57940
10 -10 9 -9 -58340
-2 24 -3 23 -56860
-24 -11 -23 -12 -53162
-3 -7 -3 -9 -57980
-3 -2 -1 -2 -72834
23 17 22 16 -56072
-22 -21 -23 -11 -66406
-24 2 -3 22 -90018
-5 9 -2 10 -62194
-24 -19 -23 -19 -62210
-11 -24 -8 -23 -57316
24 -24 21 -23 -41908
9 13 8 13 -56756
6 17 4 18 -68922
-21 -24 -20 -23 -55574
-24 23 -22 23 -64308
14 -23 13 -24 -50442
9 11 12 12 -50214
6 -24 5 -23 -52408
-8 -16 -7 -18 -57000
-4 0 -3 -19 -67994
-4 -24 -2 -23 -53138
-6 4 -6 2 -40104
5 24 6 23 -51036
5 21 5 18 -62612
-2 17 -2 18 -62552
18 -10 18 -6 -45512
-23 -12 -24 -14 -64388
-7 22 -12 9 -92424
24 -23 23 -21 -54578
24 -18 23 -14 -52744
-8 -10 -8 -9 -54856
-24 -11 -24 -13 -50932
4 -5 7 0 -52548
23 -16 22 -14 -60842
24 18 -14 23 -67872
8 19 -5 20 -78282
22 14 22 13 -43082
-24 -17 -21 -19 -62006
-17 2 -6 0 -83852
15 0 15 4 -53692
-24 4 -24 5 -44944
-3 11 -3 12 -78364
-7 -6 -10 0 -62544
-9 -24 -10 -23 -52852
12 -17 12 -16 -63898
1 7 -14 0 -94484
4 24 4 22 -47250
3 24 1 23 -50456
10 -17 10 -20 -66396
14 -11 19 -12 -54356
-11 22 -10 20 -81136
0 -18 0 -17 -57878
10 24 11 24 -51790
-3 14 -5 16 -57192
24 -10 23 -10 -55098
-8 -24 -7 -23 -48000
19 -14 20 -15 -60946
-6 16 -3 5 -93774
21 24 21 23 -46030
-8 15 -10 15 -65224
-9 -20 -10 -22 -53058
-15 10 -18 7 -78434
-3 -23 0 -24 -55918
-15 2 -13 1 -62098
-1 -6 -5 -7 -66314
17 -23 17 -24 -50738
-1 -4 0 -4 -65812
23 9 22 11 -47224
1 0 0 -1 -58052
8 -7 8 -6 -48506
-15 9 -18 7 -77322
-11 19 -11 18 -81810
24 -10 24 -8 -42988
-24 7 -23 6 -58450
-23 17 -24 18 -63872
5 11 6 12 -61110
24 17 23 17 -57436
-6 -12 2 -13 -62832
6 -12 8 -13 -53272
-19 -7 -20 -5 -58950
-14 -24 -15 -23 -51800
15 17 13 18 -53078
-8 10 -7 13 -76870
24 22 24 23 -54552
-10 2 -12 0 -62394
15 18 17 14 -53736
-20 -11 -19 -12 -56028
22 -15 21 -16 -58478
-13 -17 -11 -18 -58122
-20 22 -21 24 -56928
-22 23 -23 24 -53170
-5 -1 0 2 -81682
7 -2 9 2 -55368
-2 23 -2 24 -58498
-15 0 22 24 -81576
1 -24 3 -22 -62210
-24 20 -24 19 -43730
24 24 -23 17 -60506
19 -19 19 -21 -55652
12 -23 -12 -23 -63144
-24 -24 -24 0 -61186
-24 -10 -24 -8 -44464
-24 16 -23 16 -72454
-17 9 -14 9 -67498
12 -2 12 0 -46260
-24 11 -23 9 -66784
1 5 2 9 -67452
16 23 15 24 -42750
11 -24 11 -22 -54074
-17 -9 -15 -11 -58994
-17 1 -17 2 -57528
-20 -19 -19 -19 -56296
16 -10 16 -11 -46448
4 16 4 15 -60880
-12 -23 -13 -24 -49710
6 -23 5 -24 -53532
-4 8 -4 10 -73914
-22 -13 -21 -13 -61124
-18 -24 -17 -23 -61490
0 24 -1 24 -53424
16 -23 24 -21 -61126
9 -18 7 -19 -64856
24 22 24 24 -51316
20 -5 17 -5 -51768
-1 -14 7 -12 -64324
-20 0 -20 -6 -75180
-2 19 -3 2 -88870
16 -7 15 -7 -53312
-3 23 -5 24 -52364
24 20 23 19 -57840
-24 23 -24 24 -38576
-24 12 -24 11 -55260
-6 16 -7 2 -90422
-8 -23 -9 -23 -58720
-15 21 -13 18 -67734
21 -23 21 -24 -55932
12 1 11 1 -52394
-13 24 -14 23 -51200
20 17 21 15 -58034
17 15 19 18 -59342
-9 0 -8 1 -67406
-15 -24 -15 -23 -44154
-10 23 -8 20 -81572
-1 19 -19 21 -84966
24 20 24 19 -53532
24 -24 24 -22 -57384
-22 8 -22 5 -61824
21 -24 22 -22 -54636
12 1 11 0 -58064
10 -12 10 -4 -56332
6 -5 5 -4 -55328
12 -18 9 -18 -63222
8 -7 10 -9 -61186
20 -4 -2 5 -74746
-4 -8 -2 -11 -73250
24 -16 24 -19 -42598
-17 -7 -18 -8 -54372
-22 -4 -21 -1 -73686
1 -19 -1 -15 -68700
24 -21 22 -21 -41844
-24 -4 -23 -4 -54608
-12 -4 -10 -1 -67840
21 7 21 6 -43508
-1 10 0 10 -57498
12 -11 13 -12 -49502
3 13 4 14 -65562
-12 16 -12 14 -63450
13 -17 15 -16 -48796
1 -18 0 -19 -51474
-17 -20 -18 -17 -66930
-21 9 -23 8 -72412
-9 -9 -8 -8 -58542
24 -24 24 -21 -61674
24 9 24 11 -35084
-22 17 -24 17 -76846
-21 -13 -3 -17 -73608
-10 19 -9 21 -73046
-24 9 -24 7 -64494
19 17 19 19 -62458
-7 -2 -6 -3 -58212
-24 16 -24 15 -58794
12 13 12 15 -46982
8 -15 6 -17 -67438
7 2 -24 -1 -86682
-10 15 -10 20 -88106
-17 6 -17 3 -59688
-21 13 -22 17 -76260
12 -21 14 -19 -57732
-12 -1 -11 -2 -60562
14 -1 13 1 -52016
-19 14 0 15 -90236
8 13 8 15 -62610
24 -12 22 -10 -64286
-10 23 -10 24 -51522
-6 24 -10 24 -60152
23 -12 23 -9 -47776
19 23 20 24 -57434
19 -17 19 -15 -58068
20 4 21 5 -54184
22 4 21 6 -58624
-16 -4 -19 -4 -55594
15 22 15 17 -58288
24 13 12 14 -65982
-2 -24 0 -24 -54576
-24 8 -24 7 -63334
2 8 4 12 -68398
-11 17 -11 18 -80976
17 5 14 5 -44090
12 21 11 20 -54406
12 4 -11 2 -85490
-7 14 -6 15 -70728
-15 -24 -14 -23 -56048
6 8 6 9 -50594
3 -4 3 -1 -52928
-6 -7 -6 -9 -57934
-24 -21 -23 -19 -56478
-24 23 -22 24 -60968
-24 -17 -23 -16 -57448
17 -8 0 -12 -73988
-20 19 -19 11 -77864
21 0 19 0 -64306
4 4 4 7 -56444
1 7 0 8 -56626
12 -23 10 -24 -55172
1 8 4 8 -59288
-24 17 -22 19 -65140
-23 14 -24 12 -62576
-24 12 -23 11 -69360
-3 -8 -1 -11 -71496
5 9 3 12 -68494
0 22 -3 24 -59208
-21 -24 -23 -24 -48500
13 14 14 6 -47632
7 -14 7 -15 -48894
-5 -17 -2 -16 -58386
0 -10 2 -12 -48334
