-1 -2 -1 7 -168059
-1 -14 3 -3 -172041
-2 1 2 11 -173077
-16 -2 -11 12 -146119
2 13 0 -1 -180737
5 22 0 5 -139853
8 -2 4 2 -158033
8 -11 5 -15 -108529
-23 -6 -9 8 -131499
6 -12 8 -10 -116895
-1 -3 1 8 -180459
6 3 6 5 -117063
-6 -7 -5 5 -176115
-2 22 -8 -11 -160657
7 14 5 8 -111115
14 -1 -14 -5 -184859
9 12 0 2 -182265
-3 7 6 22 -137429
6 -6 -5 -8 -173205
-14 4 -2 7 -172857
-7 -3 -18 -10 -130119
-12 -6 -10 9 -171973
3 2 10 9 -174117
3 -10 9 4 -189173
12 0 19 -3 -89541
15 1 -5 -11 -182247
-1 14 8 7 -165123
-23 7 5 -5 -155221
-6 0 17 -10 -179953
-6 13 -4 3 -155533
1 -12 2 -12 -110591
8 0 22 3 -113163
-6 -13 -15 -6 -142757
17 -16 10 6 -131679
15 8 9 3 -111425
-12 2 -2 19 -171399
-6 3 -15 -4 -166153
3 8 14 0 -177649
12 4 5 1 -159615
-7 11 1 7 -168605
12 6 3 21 -140395
2 -3 1 14 -184609
-19 -1 11 -18 -159041
-17 -6 -3 0 -180501
-19 -6 -11 17 -135187
-3 -21 8 0 -163829
21 9 5 -5 -140401
4 10 -7 4 -178269
0 22 -18 7 -139527
-3 -1 18 0 -186687
22 -4 3 -5 -140495
-7 1 -3 2 -157003
-20 19 -2 17 -85063
-10 3 24 -8 -144511
14 -5 5 18 -156189
2 9 7 12 -136719
12 4 -19 0 -178089
13 20 5 3 -129221
-12 -8 -6 5 -179903
-5 -5 -15 -6 -154599
-11 6 -22 -3 -116467
4 15 1 10 -117987
-4 -7 -6 15 -187869
10 5 24 0 -96511
6 3 -2 22 -154717
8 -9 2 -10 -141649
8 -13 -22 -18 -101375
-1 -1 3 -7 -178739
-12 -19 3 4 -167613
10 8 -2 13 -169963
-1 -6 -5 -6 -144699
-21 2 2 -3 -172419
-9 4 16 -15 -181877
-5 -6 -1 -12 -158669
-1 1 18 9 -169653
10 -7 6 -11 -140141
3 4 -7 19 -164849
5 -18 5 -4 -154923
0 4 4 -20 -179449
-11 7 12 18 -160561
17 -20 7 -18 -56237
15 2 -11 19 -162301
6 -18 3 -7 -140833
1 -4 13 -14 -173279
3 17 -8 2 -180059
2 -7 6 1 -170213
-9 17 8 -2 -182543
-24 -8 -6 -1 -113563
4 -2 6 -1 -148569
7 -2 8 6 -138563
-1 -8 -9 -7 -158299
-9 8 0 15 -159759
22 0 -15 -4 -150985
9 -14 6 3 -172167
-4 -7 -7 17 -179197
-7 4 -13 -5 -170137
-7 5 7 7 -186251
13 -5 11 -8 -96955
-4 -5 6 0 -183917
-11 5 -6 -9 -179051
-6 2 -20 3 -136901
10 16 1 6 -158483
-6 -6 7 -15 -182093
-3 -6 1 2 -179041
0 11 2 -3 -185789
-12 7 5 14 -178867
-7 0 -1 -1 -163031
0 -16 8 6 -185069
11 22 -3 0 -156031
0 19 -17 5 -161683
-14 -23 -19 -13 -35327
10 -8 -2 -11 -169355
6 -11 13 -10 -124737
-7 1 0 14 -177881
1 -12 -5 -5 -173785
7 4 -1 8 -173893
-5 -1 2 15 -183837
9 -4 2 7 -183347
-6 3 -18 10 -134731
-13 -7 10 -13 -175655
7 -4 5 -9 -140157
14 -19 -14 8 -164871
-13 2 9 -24 -150415
-2 22 -7 9 -115655
-5 3 -5 1 -131747
14 3 -10 -9 -182993
14 2 7 8 -138751
9 3 2 8 -164831
1 -9 0 -18 -119925
4 -1 12 -5 -163115
9 0 -10 -14 -183243
-9 -13 -7 7 -174447
5 1 10 10 -159251
-6 -3 -5 -16 -151881
6 14 -3 8 -154495
10 -23 2 1 -150807
4 13 9 -10 -174385
-1 -4 -5 -13 -170929
13 10 8 -11 -162033
20 19 2 -9 -139595
-8 4 -9 0 -127629
10 -14 19 15 -127165
-12 -14 -3 -10 -125461
-3 -23 -2 17 -144997
-11 -3 -14 6 -129109
-2 19 2 -4 -177261
-1 -8 21 -20 -114361
-2 2 4 -5 -185801
4 17 -11 17 -112055
-2 -7 23 1 -150469
13 8 -16 1 -177485
-5 -13 -17 1 -169365
-20 17 -3 -6 -146517
-9 -5 -10 -2 -109071
0 -9 -2 -7 -146393
0 5 2 5 -139619
23 3 3 5 -141083
-15 2 12 -2 -185009
-1 4 2 6 -146263
1 1 -8 -2 -179397
16 -3 14 5 -94785
8 -8 9 -9 -102593
-10 2 1 3 -187725
10 -4 4 -9 -166529
12 6 5 2 -158977
14 -3 5 -19 -150283
1 -13 2 -7 -137351
-10 -1 -18 7 -123323
0 -1 -10 -13 -189383
-1 -23 2 6 -152593
-3 -5 2 3 -182453
11 -12 -7 -4 -187667
2 15 -3 -10 -180395
-8 -20 3 -13 -113435
-12 -19 -11 5 -132739
-13 -17 2 -3 -177775
4 7 0 -12 -185749
13 15 -6 14 -136065
-3 -4 6 -9 -187285
10 -15 2 7 -186787
21 13 6 -11 -137773
24 -12 -4 -7 -121357
16 4 -14 3 -177711
-6 0 3 -23 -151745
-4 0 -5 7 -161945
-9 -17 -7 13 -166707
-6 22 5 -11 -160939
-8 2 -11 23 -101167
5 7 18 -19 -140595
-8 -3 15 -7 -186829
1 -13 0 -6 -147969
-21 -7 -14 6 -109923
19 18 -6 -4 -148047
7 22 -13 0 -157293
21 -1 -5 1 -170253
6 -10 -2 -11 -147299
-3 18 7 -1 -182495
-9 -3 10 -5 -187969
14 -13 -3 17 -171071
-19 11 -18 -1 -82735
-2 8 -23 -18 -116919
-5 0 -9 -2 -157813
-11 -4 -8 2 -150835
6 8 -6 2 -185093
0 -3 0 -15 -173521
4 -9 -9 -15 -167789
11 -1 11 3 -100659
-16 -10 7 -7 -170985
-10 -2 -2 -10 -175481
-3 -5 -23 5 -153873
-8 13 -11 -15 -167411
11 -22 -6 6 -164205
-3 -16 2 -2 -180551
12 6 24 -16 -91847
13 19 -10 11 -141771
7 -7 -7 -19 -157505
16 5 -3 9 -181207
7 9 -16 -7 -183103
2 3 9 -10 -189375
1 21 7 8 -131749
0 7 17 1 -184303
12 -8 6 9 -172303
-7 11 -6 -8 -185263
0 19 3 9 -115417
-7 1 -11 -5 -156771
8 0 14 -2 -126639
-2 12 -6 -15 -178239
12 4 -21 0 -169499
-4 17 -7 -6 -180727
-9 -10 -7 -14 -98253
-10 -15 -14 -15 -60453
-5 -7 -12 5 -182705
22 19 13 2 -78403
2 5 -23 -6 -153347
-21 -4 4 -6 -167689
5 -10 6 -15 -110713
-3 4 5 -1 -176211
19 -4 -4 -23 -123511
17 -4 -11 13 -182493
7 0 -14 4 -188097
-6 -11 10 -20 -134453
5 4 20 3 -146707
-20 -8 1 3 -172267
9 -19 -3 9 -178251
15 18 -4 11 -131439
16 12 7 8 -104045
-8 -14 9 -3 -183397
0 -6 -4 2 -172887
-10 1 2 -1 -188701
-7 8 18 -6 -184217
12 9 -23 -7 -148985
-6 8 2 5 -180083
6 -9 -7 -12 -169297
-2 -1 2 -7 -174649
9 9 15 7 -105161
2 6 6 -6 -182895
12 16 19 0 -103609
3 4 0 6 -145595
-1 -2 17 2 -188255
1 8 1 3 -147885
-1 -12 0 -11 -117555
2 -15 -10 -4 -183543
3 -1 4 -19 -173769
0 -1 -21 20 -136243
-10 1 -4 -10 -175901
3 -2 11 6 -182009
-10 -6 -2 -11 -165129
-14 24 -10 -2 -103229
-3 -3 -6 -18 -155713
-10 -13 -1 -7 -163857
-7 2 -6 9 -145869
-4 2 -13 6 -167029
-4 4 3 -2 -176085
-4 4 -9 9 -166491
5 -11 -11 -6 -188903
-2 4 -9 11 -178509
0 -19 -5 -23 -48059
-7 -5 -6 -3 -141343
-4 -6 14 12 -180695
-11 12 -16 -8 -156517
15 -21 6 -12 -81015
-18 17 16 -5 -149111
-1 -18 -4 -8 -122201
-1 -5 -10 1 -183337
-4 3 -2 -2 -156989
1 -6 2 -6 -138407
-2 13 3 3 -169651
3 2 7 11 -163551
-4 -7 -6 -9 -139215
-7 3 -4 -5 -169827
-7 3 -5 -10 -173819
-1 11 -10 10 -155451
8 0 1 5 -173913
0 9 16 8 -162835
4 -4 -3 -3 -169609
9 -15 17 8 -143659
2 0 17 -9 -170203
-11 -6 -3 -10 -159461
21 0 -8 15 -161901
-13 -12 4 -2 -188429
3 -19 -3 -2 -175863
-7 5 -5 7 -135509
6 10 9 8 -123719
7 -5 -3 -18 -167543
3 -6 4 5 -168731
-13 -10 -3 -5 -169481
2 -11 0 -16 -113089
-21 7 -13 -5 -107915
-14 -14 -4 -4 -156373
6 1 7 -22 -145171
-24 19 18 -2 -115821
17 6 17 9 -51491
8 -10 -11 0 -189409
-16 -6 8 -6 -182521
5 19 -4 -9 -173661
2 3 16 12 -163841
-8 13 -6 0 -167433
0 10 -11 4 -185357
5 8 -2 10 -152355
-7 -8 -18 -13 -102197
4 2 -3 -7 -186909
-2 -14 16 -11 -147911
-6 11 6 7 -178461
-14 -2 -10 -3 -111195
8 -3 -12 12 -189349
6 -13 7 -14 -95121
-5 -11 -6 -8 -121971
-6 7 3 6 -177421
0 -7 0 5 -183489
16 9 13 10 -69035
10 -17 8 2 -153391
1 -5 -4 4 -180369
8 -14 2 -5 -161603
-9 4 18 -6 -185407
-7 3 4 4 -187879
-4 -22 4 -10 -113217
5 -8 24 -9 -98351
-8 2 -9 8 -134187
17 -4 2 -5 -178257
0 14 9 -9 -184159
15 11 5 -6 -168711
1 -8 4 -3 -148329
-21 9 2 10 -138553
12 -6 3 -11 -178241
3 24 -2 2 -137091
17 -8 -10 -14 -154301
5 6 7 -13 -181111
-17 11 -1 0 -174881
6 4 6 -10 -174353
-12 -10 -3 13 -183281
-1 3 -15 8 -183037
-18 14 3 4 -158585
11 -5 8 5 -147579
-12 6 1 10 -187139
-2 -3 4 -1 -166217
17 9 -23 -8 -136647
-8 7 -18 -20 -121501
0 2 2 -9 -185171
-1 -13 2 -16 -97877
-1 3 -17 -5 -189539
8 15 -14 3 -177475
-12 -13 15 6 -171221
-4 -18 -18 14 -147627
22 6 -23 -3 -120101
-7 -2 0 -6 -167741
-10 17 6 -6 -181859
7 6 12 -10 -168167
7 -6 11 -2 -133669
-22 0 -17 -2 -46983
-1 -4 -14 -11 -182133
0 3 5 -7 -193049
-5 12 -13 7 -141915
-7 -5 6 -7 -188005
8 0 23 -3 -111219
12 6 -11 13 -178607
-10 -21 8 10 -151777
11 19 -2 -7 -173715
-6 7 -12 -5 -181251
-10 -21 -11 12 -139103
-11 -5 -11 8 -161209
-1 -1 1 -13 -179473
-9 8 -1 7 -169211
-23 11 -5 21 -85847
1 0 6 -22 -161279
8 -6 12 8 -156911
0 -7 -2 3 -179001
-20 -5 9 -12 -163945
12 -6 3 -11 -178241
5 4 11 13 -144081
12 2 -12 13 -184647
-7 -4 7 -16 -187347
15 0 -16 -3 -182555
2 -3 14 -2 -182571
-14 4 -11 16 -106101
3 -13 10 23 -145677
-19 9 5 2 -172439
3 5 -7 14 -185179
-13 19 15 -11 -154031
0 14 -18 18 -104067
-4 11 -6 0 -169655
23 3 -1 5 -148381
-15 -11 -17 -7 -68309
15 5 0 14 -173905
-10 -13 -12 7 -159965
-13 0 -6 23 -143763
-17 2 -3 -7 -181797
18 -13 -10 4 -177395
4 13 -6 14 -126325
-2 -19 5 -1 -174201
-8 9 -5 10 -135047
-1 7 7 5 -169031
-10 9 0 19 -154087
5 7 14 -4 -174171
-21 6 9 1 -164227
-1 -14 11 1 -188103
7 -1 -2 2 -180291
-20 1 -6 -9 -158353
-18 -4 -18 8 -100895
-2 -16 -6 7 -182239
-6 -3 -4 -1 -155945
-16 0 -5 24 -137813
-2 -4 9 -1 -188475
2 -8 15 -6 -178445
-7 -3 -1 6 -179577
3 -5 16 2 -177883
-9 -7 -6 12 -185913
15 24 -1 -8 -139993
-9 15 -15 -3 -158823
-5 17 -10 11 -113415
13 -2 4 -15 -172875
-1 -2 -23 4 -156867
3 -16 -14 -7 -169019
-5 -3 -9 -10 -159827
3 -5 -1 -2 -168027
4 -1 8 1 -157577
9 12 -14 9 -167353
17 -9 0 -3 -175703
4 5 -6 13 -186523
-8 -1 10 19 -170139
-5 8 2 -15 -187495
-9 -12 -5 -4 -157753
0 12 4 24 -73749
-2 8 4 14 -141275
-4 -10 12 -10 -173743
-1 5 -4 -8 -188837
18 -2 17 -5 -55743
-2 8 -2 -9 -185591
-7 3 -6 1 -144297
-22 -5 -2 -5 -154645
-10 -8 1 14 -187871
0 -3 -21 6 -174073
-1 -4 0 -1 -145735
-21 -7 -19 12 -92177
8 -8 8 24 -126501
2 7 3 -2 -159947
-11 -5 -4 -22 -124959
5 -3 4 -4 -138863
24 -16 -9 7 -137859
23 -10 18 -9 -21523
12 1 21 17 -92149
-6 24 -11 -3 -140209
14 -21 1 -10 -125471
4 4 -7 2 -186905
6 14 3 -12 -172257
0 -6 13 -16 -167581
5 -10 12 7 -182423
2 5 -3 6 -156547
0 7 1 -23 -153873
-5 15 14 1 -186277
-1 -3 6 6 -184367
-9 21 24 -2 -124399
-15 0 15 -15 -168677
-5 -4 4 4 -187559
5 -5 15 -24 -105239
-12 2 -3 -6 -182797
0 16 3 -3 -182699
-14 5 11 6 -185963
11 -15 15 -3 -113471
-14 -15 -12 -1 -104459
4 12 10 6 -146439
4 -10 -11 -17 -155447
10 4 5 -14 -178987
-14 11 0 -13 -180089
8 2 24 12 -93503
3 -1 2 -1 -146361
-14 9 3 -23 -158389
-6 -7 -3 0 -169535
14 -15 -10 10 -183111
-6 -10 -5 -7 -132537
5 11 -15 -3 -185445
0 1 8 1 -175109
-6 -11 -18 -4 -150877
0 9 -4 22 -103971
-1 -5 4 -9 -171161
2 -20 6 1 -169393
11 18 -15 -9 -161467
15 5 -6 4 -181801
4 19 11 4 -148095
-4 17 -1 -8 -182795
-12 5 -3 7 -165261
9 11 1 8 -150997
22 9 15 -15 -93681
-7 -7 -23 1 -130529
13 -5 2 -8 -182839
-5 3 -11 11 -158785
-18 3 -5 14 -149701
7 -20 -23 -10 -114739
-5 -2 0 6 -173169
-13 -17 2 -3 -177775
1 -19 -18 20 -138557
-16 -12 6 15 -163553
-2 -12 -19 3 -175735
