-1 -2 -1 7 -146261
-1 -14 3 -3 -136627
-9 -21 9 -12 -126567
-16 -2 -11 12 -141361
-16 12 -12 0 -132549
4 -2 -1 5 -139787
8 -2 4 2 -125771
8 -11 5 -15 -99581
-23 -6 -9 8 -135989
6 -12 8 -10 -100101
8 -3 5 8 -134317
6 3 6 5 -101697
-6 -7 -5 5 -142057
-4 -9 5 -11 -129817
7 14 5 8 -113397
-21 13 -14 -5 -127643
-16 0 -8 0 -128495
-3 7 6 22 -134791
-22 -3 -7 7 -143317
-14 5 -12 7 -99831
-7 -3 -18 -10 -127347
-12 4 -22 9 -96971
15 2 10 5 -109481
-7 21 -8 13 -71655
12 0 19 -3 -105599
15 1 21 21 -87355
-1 14 -7 -2 -154449
-23 16 11 19 -108595
11 10 13 -10 -130251
-6 13 -4 3 -137439
1 -12 2 -12 -95595
8 0 22 3 -128099
-6 -13 -15 -6 -120697
17 -16 10 6 -129131
15 8 9 3 -101231
-24 12 -19 5 -51369
2 -21 -21 4 -146755
2 -1 -24 0 -134727
12 4 5 1 -133887
-7 11 1 7 -137357
12 6 3 21 -134197
-4 -4 -4 -16 -138695
-19 -1 11 -18 -142953
-17 12 -8 20 -94119
-19 -6 -11 17 -133421
-3 -21 8 0 -142737
21 9 5 -5 -137547
-24 2 11 11 -133497
0 22 -18 7 -137013
5 6 -2 11 -133233
22 -4 3 -5 -138177
-7 1 -3 2 -131923
-20 19 -2 17 -112299
-10 3 24 -8 -132433
0 13 7 18 -109963
2 9 7 12 -126091
-1 -24 4 -5 -120487
13 20 5 3 -130275
-24 20 -1 5 -122801
-5 -5 -15 -6 -129767
-11 6 -22 -3 -121565
4 15 1 10 -115081
-5 11 -6 2 -138017
10 5 24 0 -115183
20 -10 -2 22 -138235
8 -9 2 -10 -118605
8 -13 -22 -18 -108627
-1 -1 3 -7 -143591
-12 -24 18 4 -126701
-2 2 -23 6 -139335
-1 -6 -5 -6 -124315
-21 9 2 14 -143693
2 4 2 -1 -127129
-5 -6 -1 -12 -130355
-14 6 -14 3 -96895
10 -7 6 -11 -113667
11 20 6 11 -91085
5 -18 5 -4 -139063
5 -9 10 1 -141855
7 5 8 16 -113181
17 -20 7 -18 -64905
-20 2 -11 -22 -119007
6 -18 3 -7 -138237
8 9 0 12 -127229
4 17 6 21 -57921
2 -7 6 1 -143099
0 -21 -17 -2 -145357
-24 -8 -6 -1 -122535
4 -2 6 -1 -119155
7 -2 8 6 -120739
-1 -8 -9 -7 -139077
-9 8 0 15 -140131
22 2 16 -4 -72099
9 -11 -12 -13 -138657
9 21 -8 17 -102187
-23 -12 -4 -6 -119597
-7 21 16 14 -116337
13 -5 11 -8 -89163
0 12 11 15 -131497
-10 -10 -10 -9 -79657
-6 2 -20 3 -141707
2 -6 1 -6 -124393
3 14 8 0 -140499
-14 -22 2 2 -141407
1 23 -1 -3 -139939
-6 7 -1 11 -124195
-7 0 -1 -1 -130799
-19 -3 20 18 -132617
19 5 10 9 -118255
0 18 21 5 -132375
-14 -23 -19 -13 -48065
10 -8 -2 -11 -140857
6 -11 13 -10 -109225
-15 -19 -17 -6 -77851
20 17 22 -2 -79769
-14 8 -4 8 -137877
-5 5 1 15 -135013
0 21 0 4 -136387
-6 3 -18 10 -140841
-13 9 -6 8 -118055
7 -4 5 -9 -114527
14 -19 -14 -11 -124771
-13 2 9 -24 -132199
-2 22 -7 9 -121191
-5 3 -5 1 -116801
14 5 3 8 -139009
14 2 7 8 -122947
9 3 2 8 -139717
1 -9 0 -18 -121325
4 -1 12 -5 -131445
1 -5 3 -21 -142499
-9 -4 20 -21 -131301
5 1 10 10 -140261
-6 -3 -5 -16 -141463
6 3 -18 4 -152999
10 -23 2 1 -138387
1 8 18 21 -121905
-1 -4 -5 -13 -142011
-13 15 -14 -1 -132251
20 19 2 -9 -141481
-8 4 -9 0 -112675
10 -14 19 15 -133689
-12 -14 -3 -10 -118069
-3 -23 -2 17 -132857
-11 -3 -14 6 -133083
-18 -18 13 13 -136077
-1 -8 21 -20 -125913
24 6 11 -5 -102025
4 17 -11 17 -110305
-2 16 -19 24 -92973
-15 16 -19 4 -86379
0 1 2 1 -119517
-20 17 -3 9 -138969
-9 -5 -10 -2 -93555
0 -9 -2 -7 -118531
0 5 2 5 -116255
20 3 8 12 -135351
-5 -11 21 -8 -144117
-1 4 2 6 -122175
-15 -1 -10 -2 -117427
16 -3 14 5 -86717
8 -8 9 -9 -89153
-12 22 4 14 -110491
10 -4 4 -9 -135635
12 6 5 2 -137853
14 -3 5 -19 -134177
1 -13 2 -7 -114985
-10 -1 -18 7 -137559
8 -1 20 1 -129519
-1 -23 2 6 -141017
-18 18 -7 8 -116107
18 16 -20 23 -101455
10 15 8 -8 -139103
-8 -20 3 -13 -117907
-12 -19 -11 5 -133177
-13 -2 -13 -3 -75305
-13 -7 -18 -13 -78057
13 15 -6 14 -133057
10 19 5 9 -112443
-19 9 4 17 -141063
21 13 6 -11 -141203
24 -12 -4 -7 -124981
-12 -4 -14 9 -143401
-6 0 3 -23 -138123
-4 0 -5 7 -142567
-18 -19 -17 17 -106951
-6 -5 -7 7 -145019
-8 2 -11 23 -110119
5 7 18 -19 -141053
18 -3 15 -7 -79801
1 -13 0 -6 -122021
-21 -7 -14 6 -110063
19 18 -6 -4 -143313
-9 18 -1 5 -139187
-3 0 10 -12 -158385
6 -10 -2 -11 -124793
-14 24 20 -1 -123455
13 5 10 -5 -113559
14 -13 -3 -22 -116677
-19 11 -18 -1 -102821
-2 8 -23 -18 -131753
-5 0 -9 -2 -139689
-11 -4 -8 2 -123765
6 8 0 6 -132907
0 -3 0 -15 -141927
4 16 13 -22 -137935
11 -1 11 3 -90139
-16 -10 7 -7 -141001
-9 18 -11 -1 -137621
7 -13 22 5 -132917
-8 13 -11 -15 -141207
-7 19 1 11 -119281
-9 9 0 19 -138857
12 6 24 -16 -96537
13 19 -10 11 -133291
-9 -21 -21 17 -128081
2 -21 -11 -17 -94611
-12 -2 -16 6 -130591
2 -7 12 -4 -140387
1 21 7 8 -127749
-23 7 17 -9 -132901
1 -7 -3 -7 -118661
-23 11 10 11 -132153
0 19 3 9 -116337
-7 1 -11 -5 -130517
8 0 14 -2 -111341
-15 21 -2 -15 -139055
0 4 -8 2 -142735
-4 17 -6 15 -84733
-9 -10 -7 -14 -89301
-10 -15 -14 -15 -65813
-5 10 -12 5 -134521
22 19 13 2 -97487
2 5 -23 -17 -134911
2 -19 10 -6 -136643
5 -10 6 -15 -110905
6 12 4 8 -115729
19 -4 -4 -23 -131277
5 6 24 18 -101759
7 5 4 4 -131753
-6 -11 10 -20 -125691
-24 6 2 -16 -136255
24 -5 1 3 -134243
24 -19 -3 -2 -119265
15 18 -4 11 -137329
16 12 7 8 -106795
6 5 23 -1 -138719
0 -6 -4 2 -140707
-6 14 5 0 -158469
-7 7 13 21 -135353
12 9 -23 -7 -141735
8 2 11 -18 -134351
6 -9 -7 -12 -140313
-2 -1 2 -7 -141393
9 9 15 7 -103305
-7 -20 -11 -14 -67123
12 16 19 0 -116285
3 4 0 6 -121655
-1 -19 17 -8 -141757
1 8 1 3 -125745
-1 -12 0 -11 -100567
-7 -12 16 -12 -144461
-18 22 4 0 -141325
0 -1 -21 20 -144047
-10 1 -4 -10 -141713
-14 -3 -5 -1 -137249
-10 -6 -2 -11 -143359
-14 24 -10 -2 -115527
-4 -2 -18 -18 -139745
-10 -13 -1 -7 -138237
-7 2 -6 9 -134263
-4 2 -13 6 -141075
-4 4 3 2 -133725
-4 4 -9 9 -142461
-24 0 -22 -6 -38685
21 16 -18 11 -117783
0 -19 -5 -23 -53585
-7 -5 -6 -3 -122675
8 -6 14 12 -135789
-11 12 -16 -8 -139747
15 -21 6 -12 -88037
8 -11 17 -5 -114113
-1 -18 -4 -8 -114961
-11 -19 -15 1 -125689
-4 3 -2 -2 -132757
1 -6 2 -6 -124655
-2 13 3 3 -142991
3 2 7 11 -140147
-4 -7 -6 -9 -119053
-7 3 -4 -5 -140427
5 -22 -5 -10 -114037
-1 11 -10 10 -136333
8 0 1 5 -139393
10 8 -13 11 -141189
4 -4 -3 -3 -137835
9 -15 17 8 -132897
-7 1 -4 -3 -129473
-11 -6 -3 -10 -136679
-3 -14 -8 -17 -89965
19 -12 5 -4 -124293
-14 -19 -3 -2 -143207
-7 5 -5 7 -119553
6 10 9 8 -112245
9 -21 6 -3 -130615
3 -6 4 5 -142209
-13 -10 21 -5 -136889
2 -11 0 -16 -107495
-21 7 -13 -5 -124203
-14 0 -14 11 -126213
6 1 7 -22 -132533
-24 19 18 -2 -120037
17 6 17 9 -53999
3 -10 20 -22 -110981
24 -6 14 2 -77721
23 19 17 -10 -94403
-11 3 -5 21 -142183
21 -1 11 0 -116721
0 10 -18 22 -132901
5 8 -2 10 -124973
-7 -8 -18 -13 -113273
23 2 -1 -7 -139505
-2 -14 16 -11 -142965
3 13 15 17 -109599
-14 -2 -10 -3 -111591
-4 -7 -6 -5 -117341
6 -13 7 -14 -94793
-5 -11 -6 -8 -107661
-6 7 -6 5 -118385
-8 -7 -11 6 -140571
16 9 13 10 -84561
13 -3 8 2 -116483
-3 -5 -1 0 -133131
8 -14 2 -5 -136225
-17 3 18 5 -137817
-7 3 22 4 -139289
-4 -22 4 -10 -120957
5 -8 24 -9 -107779
-8 2 -9 8 -124169
-23 -5 8 2 -140811
-1 -11 -8 -9 -126235
-18 6 -23 5 -41919
1 -8 4 -3 -119647
-14 -11 -2 -10 -127507
-5 -6 -4 -1 -127837
3 24 -2 2 -130921
14 -6 3 -14 -141895
-10 10 -18 11 -100201
-8 -15 -8 -2 -131477
6 4 6 -10 -140959
-12 -10 -8 1 -129303
-18 12 20 -23 -125295
-24 10 -17 4 -63271
11 -5 8 5 -126881
14 0 -10 -19 -141073
-2 -3 4 -1 -131863
17 9 -23 -8 -132629
-8 7 -18 -20 -134313
0 24 2 -9 -136107
-1 -13 2 -16 -92863
11 -10 24 15 -115929
-23 11 -23 -5 -78951
19 10 15 6 -71821
9 -7 -17 -23 -116883
22 6 -23 -3 -123621
-7 -2 0 -6 -142059
-5 17 6 15 -107063
7 6 12 -10 -143185
7 -6 11 -2 -112345
-22 0 -17 -2 -59115
21 -11 -6 -12 -138615
-4 4 -7 1 -127305
-5 12 -13 7 -130335
-21 19 18 -16 -131373
8 0 23 -3 -129883
-8 13 -19 4 -130983
-1 8 -2 -1 -144989
16 11 15 11 -68813
0 1 -4 -5 -140055
-10 -21 -11 12 -133851
-11 -5 -11 8 -143913
0 -1 1 1 -114517
-9 8 -1 7 -141615
-23 11 -5 21 -107515
-2 11 -16 18 -132747
-16 8 -12 9 -95551
0 -7 -2 3 -141321
1 8 1 18 -117235
-22 23 3 10 -116987
5 4 11 13 -135929
12 4 6 11 -124221
-7 24 2 10 -113933
4 -14 6 -15 -88249
1 -4 12 -22 -142421
-14 4 -11 16 -107961
3 -13 10 23 -132587
-6 20 -19 2 -142071
-9 23 12 -16 -136183
-13 5 -5 21 -138085
0 14 -18 18 -132037
-1 3 -24 -15 -130829
-12 0 -22 16 -118989
-15 -11 -17 -7 -68909
-24 -10 22 -15 -101427
-10 -13 -12 7 -139289
-13 -20 9 23 -125133
-24 -17 -7 4 -118677
18 -13 -10 -21 -124767
4 13 -6 14 -112133
-21 -17 -14 -1 -90267
-8 9 -5 10 -117607
9 7 4 5 -136967
-1 21 -1 17 -56799
-18 -16 -8 3 -142065
17 -1 13 -12 -106643
-11 -11 -18 19 -131797
-10 -1 -5 2 -138229
8 -16 6 -9 -111789
-18 -4 -18 8 -105069
-17 -19 -12 -14 -45335
-6 -3 -4 -1 -132779
-16 0 -5 24 -134307
3 9 11 -23 -140725
-11 -24 15 -9 -123931
-7 16 -6 -14 -139471
3 -5 4 2 -130197
20 -7 20 -24 -42733
15 24 -1 -8 -128081
-11 -10 -15 0 -110597
-5 17 -10 11 -107671
-5 3 4 6 -137931
-5 -2 1 4 -140915
3 -16 -14 -7 -141831
-5 -3 -9 -10 -138581
3 -5 -1 -2 -136047
4 -1 8 1 -127313
0 -14 -2 -21 -71117
1 0 0 4 -124489
-9 -3 -15 17 -142085
24 -1 23 -13 -41657
-22 -9 2 17 -138875
-9 -12 -5 -4 -138029
0 12 4 24 -92489
-2 8 4 14 -124523
-22 -3 -5 1 -143583
-9 -21 -4 5 -143407
18 -2 17 -5 -65869
-24 8 -2 12 -126003
-7 3 -6 1 -123829
-22 -5 -2 -5 -142679
22 3 12 14 -107055
0 9 -2 7 -109383
-1 -4 0 -1 -119699
-21 -7 -19 12 -104609
8 -8 8 24 -120391
2 7 3 -2 -139111
-11 -5 -4 -22 -125175
5 -3 4 -4 -116485
24 -16 -9 7 -127687
23 -10 18 -9 -27569
12 1 21 17 -110825
-6 24 -11 -3 -134133
14 -21 1 -10 -127751
5 4 10 8 -134903
-18 -2 -17 -3 -71523
0 -8 2 -19 -130027
5 21 14 -5 -135821
2 5 -3 6 -123487
0 7 1 -23 -140885
11 15 1 17 -108115
-15 -15 -7 -11 -94413
-9 21 24 -2 -125139
19 -1 14 -15 -106181
-6 -21 2 -9 -130649
5 -5 15 -24 -112003
-20 -2 -12 -7 -101755
20 -3 17 -2 -60773
9 17 18 -23 -119749
11 -15 15 -3 -107349
-14 -15 -12 -1 -113255
4 12 10 6 -130991
4 -10 -11 -17 -142653
10 4 9 -14 -134243
0 11 0 4 -126841
8 2 24 12 -106987
3 -1 2 -1 -115643
20 -24 -4 -18 -86233
1 14 0 22 -79237
14 -15 8 -19 -67461
-6 -10 -5 -7 -116227
9 16 7 20 -60809
0 8 5 20 -135121
-6 -11 -18 -4 -129993
0 9 -4 22 -120489
-1 -5 4 -9 -137973
12 -20 23 11 -112361
-8 -24 -2 -9 -100275
5 -4 11 4 -139137
4 19 11 4 -136717
16 -9 1 -19 -136937
-12 5 -3 7 -142001
16 11 1 8 -137329
22 9 15 -15 -109429
-7 -7 -23 1 -126463
13 12 1 20 -119113
-5 3 -11 11 -141001
-22 -7 -7 18 -136243
7 -20 -23 -10 -116945
21 -6 5 13 -142187
-5 13 -2 6 -124015
1 -19 -18 -14 -114491
15 -12 7 15 -141141
-2 -23 -19 3 -140667
