-10 -21 -23 -16 -71408
16 4 18 12 -94472
-9 -21 9 -12 -118870
-17 4 -23 -9 -86990
-2 17 15 16 -114726
5 -4 3 5 -107962
8 -2 4 2 -111150
8 -11 5 -15 -97128
-6 -6 -9 -12 -105336
6 -12 8 -10 -98034
8 -3 5 8 -115998
6 3 6 5 -86180
8 -7 11 -20 -111508
-4 -9 5 -11 -115462
7 14 5 8 -107490
-12 -10 -8 -20 -91222
-16 0 -8 0 -116272
21 -21 -13 -22 -95292
-6 -14 -3 -22 -85446
-14 5 -12 7 -94730
-7 -3 -18 -10 -117492
-12 4 -22 9 -106912
8 18 6 16 -81392
-7 21 -8 13 -69676
12 0 19 -3 -111532
15 1 21 21 -99490
-3 -15 3 -18 -92526
-23 16 11 19 -106976
-23 1 -13 1 -97250
-9 -4 9 1 -127120
1 -12 2 -12 -90230
-2 -7 -24 -2 -117314
-6 -13 -15 -6 -107550
-22 -8 9 22 -122356
15 8 9 3 -96348
-24 12 -19 5 -51218
13 -20 -21 -11 -114302
0 -6 -21 20 -127122
12 4 5 1 -112154
11 11 10 -11 -115928
6 -7 -7 -18 -128492
-4 -3 -4 0 -103220
17 -11 11 0 -111244
-17 12 -8 20 -97962
-7 -9 -7 -8 -91528
2 16 -2 20 -91650
15 -16 3 -15 -114362
-24 22 11 23 -83138
-24 -23 4 -20 -81242
4 -9 2 -9 -103722
-11 -12 -21 -2 -113764
-7 1 -3 2 -107040
-20 19 -2 17 -101150
-21 -5 24 -4 -110506
0 13 7 18 -106606
2 9 7 12 -112600
-1 -24 4 -5 -109770
21 20 19 19 -18248
-24 20 -1 5 -108734
-5 -5 -15 -6 -112334
-11 6 -22 -3 -110118
4 15 1 10 -103216
21 11 15 -7 -118508
10 5 24 0 -107488
20 -12 -20 22 -117260
8 -9 2 -10 -110240
8 -13 -22 -18 -117182
14 -11 17 -3 -96166
-12 -24 18 4 -117718
9 -10 18 -15 -94806
-1 -6 -5 -6 -101274
16 -14 -4 -17 -115314
2 4 2 -1 -103322
15 3 10 0 -92358
-14 6 -14 3 -88530
10 -7 6 -11 -107506
11 20 6 11 -98022
5 -7 5 -1 -102114
16 -4 13 1 -100012
7 5 8 16 -111480
17 -20 7 -18 -81048
-20 2 -11 -22 -113646
24 12 21 11 -13476
8 9 0 12 -112412
4 17 6 21 -68642
-2 8 -3 22 -106630
-13 -20 -15 -3 -111792
-24 -8 -6 -1 -113784
4 -2 6 -1 -103680
7 -2 8 6 -103566
5 8 3 18 -108166
-15 8 -7 15 -109230
22 2 16 -4 -78300
-21 -21 -10 -6 -104960
9 21 -8 17 -111750
-17 -13 -13 -20 -73892
2 14 -3 19 -99228
13 -5 11 -8 -90612
-23 -12 -15 -11 -58726
-10 -10 -10 -9 -80172
-23 -20 16 -11 -108188
2 -6 1 -6 -111220
16 9 8 16 -103886
10 -1 8 2 -96492
1 4 -2 6 -109382
-6 7 -1 11 -110040
-7 0 -1 -1 -107910
8 5 5 0 -112296
19 5 10 9 -110506
-11 23 -20 11 -87078
-14 -23 -19 -13 -68546
-19 -8 -19 -19 -65004
6 -11 13 -10 -98592
-15 -19 -17 -6 -100150
20 17 22 -2 -89202
15 4 22 8 -89602
-5 1 1 6 -112740
-20 7 -17 4 -83822
-11 2 -11 8 -108486
-13 9 -6 8 -103284
7 -4 5 -9 -104584
-14 -5 -19 -11 -91422
-13 2 9 -24 -114660
-2 22 -7 9 -109914
-5 3 -5 1 -101416
17 3 19 -6 -86192
14 2 7 8 -112962
9 4 2 8 -118892
1 -9 0 -18 -117664
7 15 1 20 -96038
17 13 -21 24 -103020
6 6 19 24 -94844
23 -12 11 -11 -77896
-23 -9 -15 -9 -66912
-15 3 -18 13 -99476
8 15 6 22 -69126
1 8 18 21 -115110
-1 13 -5 24 -88300
-13 15 -14 -1 -115436
11 22 23 -8 -113480
-8 4 -9 0 -96980
22 -22 19 -8 -54546
-12 -14 -3 -10 -111886
-3 -23 -2 17 -113076
-11 -3 -14 6 -108232
-3 19 -1 21 -56228
12 6 21 15 -112932
24 6 11 -5 -109408
4 17 -11 17 -112130
-2 16 -19 24 -86804
-15 16 -19 4 -83000
0 1 2 1 -102832
0 18 -3 24 -58790
-9 -5 -10 -2 -93010
0 -9 -2 -7 -96862
0 5 2 5 -101470
-18 -4 -9 0 -108580
-18 14 -11 6 -107356
-1 4 2 6 -103334
-15 -1 -10 -2 -109290
16 -3 14 5 -93596
8 -8 9 -9 -81430
-16 9 3 14 -126472
-13 -20 -8 -9 -97518
12 -13 9 2 -115010
3 13 -24 -19 -115228
1 -13 2 -7 -103528
-10 -1 -10 -7 -99816
13 -8 24 4 -101954
1 5 -1 -1 -111400
-18 18 -7 8 -112602
18 16 -20 23 -106296
-3 -10 -8 -8 -106354
-8 -20 3 -13 -116138
-5 -2 -4 5 -112060
-13 -2 -13 -3 -74990
-13 -7 -18 -13 -93354
12 -12 10 22 -116394
10 19 5 9 -111854
7 17 19 13 -103720
21 22 -6 0 -111262
24 -12 -4 -7 -113486
14 11 19 9 -91874
12 15 13 1 -109388
-4 16 -8 17 -80698
-18 -19 -17 17 -103272
7 18 -7 17 -118408
-8 2 -11 23 -105674
20 -3 17 9 -88900
18 -3 15 -7 -84128
1 -13 0 -6 -107588
-21 -7 -14 6 -105482
5 -17 15 -19 -99150
19 13 12 21 -79936
-17 0 -15 -15 -107692
6 -10 -2 -11 -114180
-24 0 -13 -1 -95934
13 5 10 -5 -106066
14 -13 -3 -22 -108920
-19 11 -18 -1 -94908
-2 -9 -23 -18 -109304
-8 -1 -9 -7 -105078
-11 -4 -8 2 -100014
6 8 0 6 -114778
16 9 14 -13 -112714
6 -2 24 -18 -105156
11 -1 11 3 -84100
21 14 -14 18 -114082
-3 4 -2 0 -108490
2 -10 2 -18 -110294
-8 9 -13 9 -97604
7 19 16 2 -126330
11 -8 12 -15 -86900
12 6 24 -16 -103384
13 22 -10 13 -110718
-9 -21 -21 17 -117632
2 -21 -11 -17 -102634
-12 -2 -16 6 -108928
9 -10 11 -5 -95014
0 -10 9 -3 -135022
6 -23 19 -4 -113544
1 -7 -3 -7 -99884
11 9 10 11 -82446
0 19 3 9 -108388
-12 1 -7 -5 -108606
8 0 14 -2 -100096
18 -2 12 2 -111544
-14 3 -8 2 -102826
-4 17 -6 15 -82644
-9 -10 -7 -14 -81582
-10 -15 -14 -15 -65618
-5 10 -12 5 -116412
22 19 13 2 -110148
-18 10 -23 -17 -94248
2 14 15 20 -109366
5 -10 6 -15 -105924
6 12 4 8 -105410
19 9 2 -23 -117500
5 6 24 18 -105528
7 5 4 4 -113992
-8 7 -7 4 -105426
24 -5 -1 0 -112378
-1 24 17 11 -106308
24 -19 -3 -2 -107376
16 18 16 -23 -102144
16 12 7 8 -104818
2 -16 20 -14 -113086
7 1 24 -10 -117502
-23 9 21 -5 -117130
14 -19 16 -1 -111870
-15 -16 -16 -7 -91878
8 -16 11 -18 -76640
-3 6 -21 -23 -115062
-2 -17 -24 -4 -110018
9 9 15 7 -100218
-7 -20 -11 -14 -81458
-10 -14 -9 -24 -72180
3 4 0 6 -111570
-3 18 6 18 -98990
1 8 1 3 -105198
-1 -12 0 -11 -91942
-10 14 -10 12 -61690
-13 19 -24 1 -91582
-5 -23 22 -6 -112664
21 -11 15 1 -100166
-14 -3 -5 -1 -116812
9 -5 2 -7 -120964
-14 24 -10 -2 -105718
24 0 -12 23 -106292
-16 -6 -17 -1 -74520
-7 2 -6 9 -114868
21 -1 24 14 -73704
-4 4 3 2 -116610
-10 8 -15 9 -100186
-24 0 -22 -6 -38446
21 16 -18 11 -113646
0 -19 -5 -23 -60012
-7 -5 -6 -3 -103188
-3 6 -8 16 -108548
3 -16 1 -8 -116578
15 -21 6 -12 -102406
8 -11 17 -5 -112190
-1 -18 -4 -8 -107996
-15 -18 -9 -7 -110954
5 3 3 22 -117354
1 -6 2 -6 -111200
7 13 24 10 -104728
-10 22 16 18 -105034
-4 -7 -6 -9 -99104
-7 20 -3 22 -63136
5 -22 -5 -10 -111350
-1 11 -10 10 -117274
8 0 6 15 -120074
2 11 8 11 -107010
0 -4 2 -9 -105570
8 -5 5 0 -109306
-7 1 -4 -3 -109004
10 -6 4 -14 -123352
-3 -14 -8 -17 -92266
-4 5 -1 11 -110150
-6 -14 -1 -19 -97182
-7 5 -5 7 -102144
6 10 9 8 -97714
-4 1 0 -3 -110098
3 22 -12 23 -78696
-15 24 -5 10 -89006
2 -11 0 -16 -103238
-21 7 -13 -5 -115278
-14 0 -14 11 -111726
6 1 7 -22 -114622
-24 19 18 -2 -112970
17 6 17 9 -68512
3 -10 20 -22 -111090
24 -6 14 2 -94852
23 19 17 -10 -96826
-11 12 -2 16 -111990
21 -1 11 0 -108694
-2 -1 -22 -1 -122634
5 8 -2 10 -103908
-7 -8 -18 -13 -110808
-3 -12 -9 -15 -103964
-13 -15 19 -18 -114262
3 13 15 17 -113516
-14 -2 -10 -3 -104060
-4 -7 -6 -5 -97290
6 -13 7 -14 -91954
-5 -11 -6 -8 -97252
-6 7 -6 5 -101624
-10 -7 -7 -10 -91926
16 9 13 10 -94270
13 -3 8 2 -107254
-3 -5 -1 0 -115890
-14 -7 -20 -4 -95184
19 -8 14 3 -113286
0 -12 0 -8 -99218
-4 -22 4 -10 -113608
5 -8 24 -9 -108422
-8 2 -9 8 -112852
-4 -2 -20 -22 -116760
-1 -11 -8 -9 -109464
-18 6 -23 5 -46486
1 -8 4 -3 -110692
-14 -11 -2 -10 -113360
-5 -6 -4 -1 -112940
3 24 -2 2 -112792
-9 15 -1 19 -99426
-10 10 -18 11 -104524
-8 -15 5 -17 -115110
-11 7 -19 -24 -105526
-18 -12 -17 -15 -59046
-18 12 20 -23 -115072
-24 10 -17 4 -70014
-6 7 -4 5 -107286
-7 -13 -11 24 -108660
-2 -3 4 -1 -116144
17 9 16 0 -84792
-15 -9 -12 10 -112356
-2 -16 1 -8 -114352
-1 -13 2 -16 -94700
11 -10 24 15 -118560
-23 11 -23 -5 -72626
19 10 15 6 -98332
9 -7 -17 -23 -118384
22 6 -23 -3 -109112
12 -2 5 -6 -114670
-5 17 6 15 -114510
-6 17 -9 5 -107062
7 -6 11 -2 -104612
-22 0 -17 -2 -71818
-12 -22 1 -14 -106648
-4 4 -7 1 -106832
-5 12 -13 7 -116126
14 13 19 14 -81172
-24 4 11 0 -114876
-13 -22 -14 -18 -43104
-11 -13 -14 -2 -108536
16 11 15 11 -87930
13 1 20 6 -99202
-10 -21 -11 12 -114678
-11 7 -11 8 -78572
0 -1 1 1 -97644
-9 8 -1 7 -113416
-23 11 -5 21 -103782
-13 8 -18 5 -88234
-16 8 -12 9 -95072
8 -16 0 -21 -76814
1 8 1 18 -110002
-22 23 3 10 -106824
9 -9 10 -18 -97652
12 4 6 11 -115120
-1 24 -20 7 -109590
4 -14 6 -15 -83642
8 -18 7 -16 -61620
-14 4 -11 16 -102862
6 0 10 -24 -105358
3 -21 14 -9 -111872
-9 23 -18 16 -74014
1 7 0 16 -108978
8 -15 4 -6 -117434
-1 3 -24 -15 -116686
-12 0 -22 16 -116640
-15 -11 -17 -7 -76320
-24 -10 22 -15 -102824
7 -8 24 -13 -104180
-13 -20 9 23 -119476
-24 -17 -7 4 -115118
18 -18 3 -14 -119004
4 13 -6 14 -105448
-21 -17 -14 -1 -108466
-8 9 -5 10 -100740
9 7 4 5 -113952
-1 21 -1 17 -67556
-13 -16 4 -24 -98848
-8 -15 -7 -24 -70138
-21 -8 -18 -2 -69800
-10 -1 -5 2 -110950
8 -16 6 -9 -111292
-18 -4 -18 8 -91426
-17 -19 -12 -14 -63694
-6 -3 -4 -1 -111662
5 15 10 16 -93670
-6 15 -24 -3 -113648
-11 -24 15 -9 -115258
-17 1 -10 24 -105794
3 -5 4 2 -104458
20 -7 20 -24 -62494
15 24 -1 -8 -117260
-8 -16 -7 -21 -75990
-5 17 -10 11 -98978
-15 -8 4 -23 -114522
-23 20 3 -24 -110788
0 -13 -5 -14 -95634
11 24 9 20 -21864
3 -5 -1 -2 -105386
4 -1 8 1 -111468
0 -14 -2 -21 -75980
1 0 0 4 -102160
-9 8 -16 17 -101242
24 -1 23 -13 -45024
-6 -5 -4 -12 -107944
-9 7 -9 -4 -115288
0 12 4 24 -89476
-2 8 4 14 -111098
-22 22 -5 11 -95808
-11 14 -17 10 -92166
18 -2 17 -5 -70196
-24 8 -2 12 -110042
-7 3 -6 1 -104022
8 22 22 7 -108166
22 3 12 14 -110486
0 9 -2 7 -98714
-1 -4 0 -1 -106756
-21 -7 -19 12 -98220
8 -8 8 24 -111530
2 6 3 5 -105456
10 -14 2 -4 -123228
5 -3 4 -4 -103942
3 10 6 3 -113338
23 -10 18 -9 -35286
-1 -6 -1 -23 -111394
-6 24 -11 -3 -115484
15 17 23 6 -83362
5 4 10 8 -108304
-18 -2 -17 -3 -75402
-21 -21 8 -17 -108112
-11 20 24 16 -101018
2 5 -3 6 -107246
0 24 1 23 -36720
11 15 1 17 -107268
-15 -15 -7 -11 -95690
10 -15 24 -2 -103402
19 -1 14 -15 -111672
1 5 0 15 -112582
5 -5 15 -24 -107510
-20 -2 -12 -7 -109648
20 -3 17 -2 -69588
9 17 18 -23 -115750
11 -15 15 -3 -112930
-14 -15 -12 -1 -113626
15 16 13 8 -78018
18 -4 -18 -24 -111774
20 -22 22 -12 -40178
0 11 0 4 -108858
8 2 24 12 -116544
3 -1 2 -1 -98886
20 -24 -4 -18 -82244
1 14 0 22 -86666
14 -15 8 -19 -71918
-6 -10 -5 -7 -101574
9 16 7 20 -68086
-2 -2 -2 -1 -101020
-20 19 -18 20 -31652
13 16 22 17 -68536
19 2 18 19 -89732
12 -20 23 11 -114912
-8 -24 -2 -9 -104342
-1 -3 -3 1 -108724
13 3 11 4 -91774
16 -3 16 -19 -100904
12 12 9 7 -92232
4 -3 -1 -8 -116362
22 9 15 -15 -116028
-11 2 -12 -11 -112074
13 12 1 20 -111778
6 -21 21 -6 -113848
-1 -7 -2 0 -108532
7 -20 -23 -10 -116328
15 -1 12 -5 -90042
-5 13 -2 6 -103366
1 -19 -18 -14 -110170
17 -6 20 -18 -73022
-23 8 -12 0 -114256
