-10 -21 -23 -16 -72222
16 4 18 12 -97248
-9 -21 9 -12 -110170
-17 4 -23 -9 -100888
12 17 24 -17 -107856
5 -4 3 5 -103262
8 -2 4 2 -107480
8 -11 5 -15 -93668
22 1 15 21 -107768
6 -12 8 -10 -87848
8 -22 5 -2 -113042
6 3 6 5 -85942
8 -21 -24 -4 -109826
-4 -9 5 -11 -114322
7 14 5 8 -105324
-12 -10 -8 -20 -88324
5 -15 5 -12 -97572
21 -21 -13 -22 -89642
-6 -14 -3 -22 -87878
-14 5 -12 7 -93016
-7 -3 -7 -8 -102128
-12 4 -22 9 -102496
8 18 6 16 -77388
-7 21 -8 13 -73128
12 0 19 -3 -107910
15 1 21 21 -104394
-3 -15 3 -18 -96482
-23 16 11 19 -105616
-23 1 -13 1 -95330
-8 -6 -8 -9 -95808
1 -12 2 -12 -93756
-2 -7 -24 -2 -113604
-6 -13 -15 -6 -103462
-7 -11 -22 -23 -91256
15 8 9 3 -103780
-24 12 -19 5 -51108
13 -20 -21 -11 -109202
3 -19 5 -14 -81238
12 4 5 1 -105028
-1 4 -4 6 -108686
3 14 -1 21 -107494
-4 -3 -4 0 -98494
-9 4 -8 4 -88012
-17 12 -8 20 -99014
-7 -9 -7 -8 -94842
2 16 -2 20 -98300
15 -16 3 -15 -107432
-24 22 11 23 -78972
-24 -23 4 -20 -80558
4 -9 2 -9 -101314
19 19 18 10 -56870
-7 1 -3 2 -108090
-20 19 -2 17 -96686
-21 -5 24 -4 -108808
0 13 7 18 -99274
2 9 7 12 -108278
-1 -24 4 -5 -107826
21 20 19 19 -25352
-24 20 -1 5 -103332
3 24 -22 -13 -112416
-11 6 -22 -3 -109790
4 15 1 10 -98732
-8 -15 0 -13 -112070
10 5 24 0 -107690
1 -16 3 -17 -77478
8 -9 2 -10 -103070
14 -13 6 -3 -113550
14 -11 17 -3 -99692
-16 -15 -19 2 -112514
9 -10 18 -15 -91444
-1 -6 -5 -6 -100856
-4 -20 -7 -21 -59716
2 4 2 -1 -97080
15 3 10 0 -93472
-14 6 -14 3 -86188
10 -7 6 -11 -97118
11 20 6 11 -95520
5 -7 5 -1 -109876
16 -4 13 1 -97704
7 5 8 16 -108068
17 -20 7 -18 -78746
-20 2 -11 -22 -114396
24 12 21 11 -16810
8 9 0 12 -109884
4 17 6 21 -67056
-2 8 -3 22 -108044
-13 -6 -15 -5 -89626
-24 -8 -6 -1 -109280
4 -2 6 -1 -93770
7 -2 8 6 -98562
5 8 3 18 -105714
-15 8 -7 15 -101958
22 2 16 -4 -80784
-21 -21 -10 -6 -111246
9 21 -8 17 -99888
-17 -13 -13 -20 -74534
2 14 -3 19 -106120
13 -5 11 -8 -89768
-23 -12 -15 -11 -59134
-10 -10 -10 -9 -78112
-23 -20 16 -11 -104130
2 -6 1 -6 -108678
16 9 8 16 -103722
10 -1 8 2 -97964
-8 4 -7 19 -113614
-6 7 -1 11 -105210
-7 0 -1 -1 -109152
8 5 5 0 -104474
19 5 10 9 -114570
-11 23 -20 11 -91458
-14 -23 -19 -13 -68390
-19 -8 -19 -19 -63506
6 -11 13 -10 -95314
-15 -19 -17 -6 -92172
20 17 22 -2 -103970
15 4 22 8 -88924
-5 1 1 6 -107618
-20 7 -17 4 -85266
-11 2 -11 8 -102006
-13 9 -6 8 -96722
7 -4 5 -9 -100598
-14 -5 -19 -11 -94284
-20 11 16 3 -127180
-2 22 -7 9 -114160
-5 3 -5 1 -99988
17 3 19 -6 -86332
14 2 7 8 -115412
3 9 4 11 -96782
12 1 11 11 -107536
7 15 1 20 -100334
17 13 -21 24 -104664
6 6 19 24 -97400
23 -12 11 -11 -76398
-23 -9 -15 -9 -68034
-15 3 -18 13 -101278
8 15 6 22 -73624
-12 -3 -17 0 -106924
-1 13 -5 24 -91264
-6 -3 -4 -8 -105390
-24 9 13 15 -112538
-8 4 -9 0 -93882
22 -22 19 -8 -52070
-12 -14 -3 -10 -110236
-3 -23 -2 17 -111072
-11 -3 -14 6 -106382
-3 19 -1 21 -55192
0 11 -1 14 -84630
24 6 11 -5 -107648
4 17 -11 17 -104396
-2 16 -19 24 -89438
-15 16 -19 4 -87378
0 1 2 1 -101702
0 18 -3 24 -60414
-9 -5 -10 -2 -92378
0 -9 -2 -7 -95836
0 5 2 5 -106216
-18 -4 -9 0 -99602
-18 14 -11 6 -102356
-1 4 2 6 -102356
-15 -1 -10 -2 -105634
16 -3 14 5 -90936
8 -8 9 -9 -81686
-21 6 -19 1 -71782
-13 -20 -8 -9 -96202
12 -13 9 2 -113484
3 13 -24 -19 -113046
1 -13 2 -7 -104470
-10 -1 -10 -7 -98174
13 -8 24 4 -103830
1 5 -1 5 -100624
-8 -3 -11 0 -95644
18 16 -20 23 -106502
-3 -10 -8 -8 -105316
-17 -13 -9 -17 -83606
-5 -2 -4 5 -107488
-13 -2 -13 -3 -73616
-13 -7 -18 -13 -95248
12 -12 10 22 -109592
10 19 5 9 -106794
7 17 19 13 -101932
21 22 -6 0 -110570
24 -12 -4 -7 -108650
14 11 19 9 -101572
12 -3 -24 -22 -104378
-4 16 -8 17 -77774
-18 -19 -17 17 -104480
-7 -10 -5 -8 -102622
-8 2 -11 23 -108404
20 -3 17 9 -92196
18 -3 15 -7 -93504
1 -13 0 -6 -107004
-21 -7 -14 6 -109630
5 -17 15 -19 -95668
19 13 12 21 -80282
-17 0 -15 -15 -112706
6 -10 -2 -11 -114160
-24 0 -13 -1 -94604
13 5 10 -5 -101438
14 -13 -3 -22 -104512
-19 11 -18 -1 -97672
-2 -9 -23 -18 -110354
-8 -1 -9 -7 -104994
-11 -4 -8 2 -94818
6 5 2 6 -101702
16 9 14 -13 -110910
6 -2 24 -18 -102850
11 -1 11 3 -80704
21 14 -14 18 -113978
-3 4 -2 0 -108632
2 -10 2 -18 -112642
-8 9 -13 9 -91340
-22 16 16 7 -117582
11 -8 12 -15 -79596
12 6 24 -16 -104176
13 22 -10 13 -105162
-13 9 -2 -15 -125930
2 -21 -11 -17 -102066
-12 -2 -16 6 -105442
9 -10 11 -5 -91356
-9 6 24 9 -112606
6 -23 19 -4 -104124
1 -7 -3 -7 -97562
11 9 10 11 -83136
-4 2 -8 3 -113994
8 0 12 -6 -101672
8 0 14 -2 -100202
18 -2 12 2 -107802
-14 3 -8 2 -100294
-4 17 -6 15 -81934
-9 -10 -7 -14 -80326
-10 -15 -14 -15 -71182
20 -13 16 5 -103856
22 19 13 2 -111440
-18 10 -23 -17 -100890
2 14 15 20 -103072
5 -10 6 -15 -109682
6 12 4 8 -106664
19 21 1 17 -88742
5 6 24 18 -103258
11 12 12 1 -111206
-8 7 -7 4 -101106
24 -5 -1 0 -109710
-1 24 17 11 -108536
24 -19 -3 -2 -104988
16 18 16 -23 -101066
16 12 7 8 -110290
2 -16 20 -14 -108712
-17 1 -19 -10 -98918
-3 3 -3 4 -97580
14 -19 16 -1 -105882
-15 -16 -16 -7 -85356
8 -16 11 -18 -72132
-19 24 -4 12 -94762
-2 -17 -24 -4 -110708
9 9 15 7 -105944
-7 -20 -11 -14 -80480
-10 -14 -9 -24 -71974
3 4 0 6 -108806
-3 18 6 18 -88824
1 8 1 3 -103968
-1 -12 0 -11 -97400
-10 14 -10 12 -62976
-13 19 -24 1 -96424
-5 -23 22 -6 -104978
21 -11 15 1 -99762
-14 -3 -5 -1 -104106
9 -5 2 -7 -110470
-14 24 -10 -2 -105668
24 0 -12 23 -109612
-16 -6 -17 -1 -81016
17 -6 14 0 -95226
21 -1 24 14 -75280
-9 4 -13 -23 -106406
-10 8 -15 9 -98074
-24 0 -22 -6 -43694
21 16 -18 11 -115210
0 -19 -5 -23 -60128
-7 -5 -6 -3 -100470
-3 6 -8 16 -109062
3 -16 1 -8 -114098
15 -21 6 -12 -98282
8 -11 17 -5 -107774
-1 -18 -4 -8 -105932
-15 -18 -9 -7 -108514
23 8 19 16 -68286
1 -6 2 -6 -108748
7 13 24 10 -107212
-10 22 16 18 -103766
-4 -7 -6 -9 -105858
-7 20 -3 22 -63200
5 -22 -5 -10 -110616
11 -22 6 7 -111676
4 0 1 23 -115116
2 11 8 11 -102270
0 -4 2 -9 -112538
8 -5 5 0 -111746
-7 1 -4 -3 -109942
-20 4 -20 -14 -100534
-3 -14 -8 -17 -95768
-4 5 -1 11 -105848
-6 -14 -1 -19 -99312
-7 5 -5 7 -93148
6 10 9 8 -92038
-4 1 0 -3 -109852
3 22 -12 23 -76864
-15 24 -5 10 -91004
2 -11 0 -16 -106472
-3 11 2 18 -94976
-14 0 -14 11 -106740
0 -1 -3 -6 -109104
-24 19 18 -2 -109732
17 6 17 9 -73416
3 -10 20 -22 -106384
24 -6 14 2 -91648
23 19 17 -10 -96364
-11 12 -2 16 -105008
21 -1 11 0 -107908
-22 -8 -22 10 -94770
5 8 -2 10 -105158
-7 -8 -18 -13 -109628
-3 -12 -9 -15 -106308
-13 -15 19 -18 -108266
3 14 -2 17 -96734
-14 -2 -10 -3 -100318
-4 -7 -6 -5 -102498
6 -13 7 -14 -91212
-5 -11 -6 -8 -92246
-6 7 -6 5 -93228
-10 -7 -7 -10 -91638
16 9 13 10 -101822
-17 -12 -16 24 -99182
-22 -23 -9 -7 -102266
-14 -7 -20 -4 -96844
19 0 14 -8 -109066
0 -12 0 -8 -99076
-4 -22 4 -10 -117800
5 -8 24 -9 -104038
-8 2 -9 8 -106580
-4 -9 -5 -9 -98536
1 10 10 0 -128312
-18 6 -23 5 -48114
1 -8 4 -3 -106408
-14 -11 -2 -10 -109064
8 9 4 19 -103266
3 24 -2 2 -110482
-9 15 -1 19 -96842
-10 10 -18 11 -103020
-8 -15 5 -17 -113722
-11 7 -19 -24 -105520
-18 -12 -17 -15 -57466
-18 12 20 -23 -112002
-24 10 -17 4 -71018
-6 7 -4 5 -109222
-7 -13 -11 24 -112696
-2 -3 4 -1 -108498
17 9 16 0 -88078
0 -5 0 -4 -95406
4 -5 4 -8 -98378
-1 -13 2 -16 -97158
21 16 24 -7 -88802
-23 11 -23 -5 -80416
19 10 15 6 -98470
-16 0 -23 -5 -83878
22 6 -23 -3 -110646
12 -2 5 -6 -110866
-15 4 -16 11 -93176
-6 17 -9 5 -110736
7 -6 11 -2 -103412
-22 0 -17 -2 -70448
-12 -22 1 -14 -103034
-4 4 -7 1 -102296
-13 21 -15 -16 -112610
14 13 19 14 -86622
-24 4 11 0 -115342
-13 -22 -14 -18 -41818
-11 -13 -14 -2 -106044
16 11 15 11 -94060
13 1 20 6 -102384
-10 -21 -11 12 -112314
-11 7 -11 8 -75734
0 -1 1 1 -91062
-9 8 -1 7 -109914
-23 11 -5 21 -107074
-13 8 -18 5 -89202
-16 8 -12 9 -95048
8 -16 0 -21 -80188
-9 -16 -23 3 -116638
-22 23 3 10 -104714
9 -9 10 -18 -91214
12 4 6 11 -114304
-1 24 -20 7 -110932
4 -14 6 -15 -83012
8 -18 7 -16 -61130
-14 4 -11 16 -102492
6 0 10 -24 -103318
3 -21 14 -9 -108438
-9 23 -18 16 -73282
1 7 0 16 -104522
8 -15 4 -6 -114378
-1 3 -24 -15 -114148
-12 16 -22 7 -93222
-15 -11 -17 -7 -74522
-24 -10 22 -15 -101048
7 -8 24 -13 -101806
6 -12 -4 -21 -111696
-24 -17 -7 4 -114064
15 -18 6 -22 -73458
4 13 -6 14 -99360
-21 -17 -14 -1 -110434
-8 9 -5 10 -90148
19 15 12 7 -108334
-1 21 -1 17 -71728
-13 -16 4 -24 -92770
-8 -15 -7 -24 -71084
-21 -8 -18 -2 -82084
-10 -1 -5 2 -106740
8 -16 6 -9 -110918
-18 -4 -18 8 -92664
-17 -19 -12 -14 -67038
-6 -3 -4 -1 -108216
5 15 10 16 -87886
-6 15 -24 -3 -112660
-4 -18 0 -10 -108834
-17 1 -10 24 -108138
3 -5 4 2 -103306
20 -7 20 -24 -57930
15 24 -1 -8 -113576
-8 -16 -7 -21 -76992
-5 17 -10 11 -96428
0 7 4 8 -104126
-23 20 3 -24 -104770
0 -13 -5 -14 -100362
11 24 9 20 -22680
3 -5 -1 -2 -108536
11 -1 8 1 -100092
0 -14 -2 -21 -78664
1 0 0 4 -98850
-9 8 -16 17 -94330
24 -1 23 -13 -47704
19 15 22 1 -98462
-9 7 -9 -4 -111562
0 12 4 24 -89406
0 -4 -2 0 -105336
-22 22 -5 11 -95228
-11 14 -17 10 -93058
18 -2 17 -5 -78332
-24 8 -2 12 -107494
-7 3 -6 1 -107506
8 22 22 7 -107884
22 24 12 14 -58040
0 9 -2 7 -95812
-1 -4 0 -1 -104374
-21 -7 -19 12 -104920
8 -8 8 24 -105808
2 6 3 5 -103810
5 -6 4 -4 -106724
5 -3 4 -4 -97036
3 10 6 3 -110588
23 -10 18 -9 -36138
-1 -6 -1 -23 -108364
-6 24 -11 -3 -114538
15 17 23 6 -100866
5 4 10 8 -100544
-18 -2 -17 -3 -76330
-21 -21 8 -17 -100956
-11 20 24 16 -101442
2 5 -3 6 -107000
0 24 1 23 -35778
11 15 1 17 -102856
-15 -15 -7 -11 -97154
10 -15 24 -2 -100890
19 -1 14 -12 -111930
1 5 0 15 -109468
5 -5 15 -24 -103486
-20 -2 -12 -7 -112918
20 -3 17 -2 -69200
19 10 15 14 -94988
11 -15 15 -3 -108084
-14 4 24 -1 -114380
15 16 13 8 -83832
18 -4 -18 -24 -102864
20 -22 22 -12 -37484
0 11 0 4 -106112
9 1 8 12 -110022
3 -1 2 -1 -95822
20 -24 -4 -18 -78288
1 14 0 22 -93200
14 -15 8 -19 -73606
-6 -10 -5 -7 -104758
9 16 7 20 -70404
-2 -2 -2 -1 -97882
-20 19 -18 20 -32332
13 16 22 17 -77536
19 2 18 19 -103586
12 -20 23 11 -105582
-8 -24 -2 -9 -102534
-1 -3 -3 1 -109496
13 3 11 4 -93988
16 -3 16 -19 -95894
12 12 9 7 -97306
4 -7 -1 -13 -109738
22 14 15 16 -77204
21 9 18 -11 -99158
13 12 1 20 -111996
12 6 17 9 -106362
-1 -10 -2 -13 -98610
15 8 9 6 -104420
15 -1 12 -5 -93234
-5 13 -2 6 -102724
1 -19 -18 -14 -107614
17 -6 20 -18 -70054
3 -21 22 -14 -95804
