-10 -21 -23 -16 -70259
16 4 18 12 -94785
-9 -21 9 -12 -109005
-17 4 -23 -9 -96823
12 17 24 -17 -114137
5 -4 3 5 -102461
8 -2 4 2 -101773
8 -11 5 -15 -94763
22 1 15 21 -108771
6 -12 8 -10 -87445
13 -10 11 -13 -72177
6 3 6 5 -84019
8 -21 -24 -4 -108461
-15 23 -10 22 -43615
7 14 5 8 -108313
-12 -10 -8 -20 -89073
5 -15 5 -12 -97489
21 -21 -13 -22 -94021
-6 -14 -3 -22 -86355
-14 5 -12 7 -94471
-7 -3 -7 -8 -102409
-12 4 -22 9 -100343
8 18 6 16 -79365
-7 21 -8 13 -72433
12 0 19 -3 -106697
15 1 21 21 -103465
-3 -15 3 -18 -85329
-23 16 11 19 -106311
-23 1 -13 1 -93261
-8 -6 -8 -9 -99115
1 -12 2 -12 -79611
-2 -7 -24 -2 -110383
-6 -13 -15 -6 -102215
-7 -11 -22 -23 -92511
15 8 9 3 -104025
-24 12 -19 5 -51191
13 -20 -21 -11 -109627
3 -19 5 -14 -85369
12 4 5 1 -102077
-1 4 -4 6 -104157
3 14 -1 21 -107313
-4 -3 -4 0 -96531
-9 4 -8 4 -84119
-17 12 -8 20 -97485
-7 -9 -7 -8 -97443
2 16 -2 20 -98909
15 -16 3 -15 -105473
-24 22 11 23 -82275
-24 -23 4 -20 -86341
4 -9 2 -9 -91703
19 19 18 10 -57529
-7 1 -3 2 -102105
-20 19 -2 17 -100349
-21 -5 24 -4 -107457
0 13 7 18 -100019
2 9 7 12 -111637
-1 -24 4 -5 -107053
21 20 19 19 -26601
-24 20 -1 5 -102029
3 24 -22 -13 -110647
-11 6 -22 -3 -106965
4 15 1 10 -100619
3 -19 21 -17 -102061
10 5 24 0 -107753
1 -16 3 -17 -70259
8 -9 2 -10 -97211
14 -13 6 -3 -110025
14 -11 17 -3 -97533
-16 -15 -19 2 -110625
9 -10 18 -15 -93191
-1 -6 -5 -6 -99121
-4 -20 -7 -21 -63319
2 4 2 -1 -96137
15 3 10 0 -90545
-14 6 -14 3 -88955
10 -7 6 -11 -95077
11 20 6 11 -97909
5 -7 5 -1 -109313
16 -4 13 1 -97293
7 5 8 16 -109641
17 -20 7 -18 -82805
-20 2 -11 -22 -113111
24 12 21 11 -18263
8 9 0 12 -106969
4 17 6 21 -70479
-2 8 -3 22 -103335
-13 -6 -15 -5 -90849
-24 -8 -6 -1 -107015
4 -2 6 -1 -91929
7 -2 8 6 -98031
5 8 3 18 -102757
-15 8 -7 15 -100991
22 2 16 -4 -79953
-21 -21 -10 -6 -113115
9 21 -8 17 -102137
-17 -13 -13 -20 -74783
2 14 -3 19 -106761
13 -5 11 -8 -89075
-23 -12 -15 -11 -57471
-10 -10 -10 -9 -80649
-23 -20 16 -11 -104077
2 -6 1 -6 -101751
16 9 8 16 -104409
10 -1 8 2 -94925
-14 4 -12 0 -93263
-6 7 -1 11 -108237
-7 0 -1 -1 -103999
8 5 5 0 -103483
3 -5 7 -6 -101815
-11 23 -20 11 -89889
-14 -23 -19 -13 -68987
-19 -8 -19 -19 -66907
6 -11 13 -10 -92651
-15 -19 -17 -6 -95031
20 17 22 -2 -105321
15 4 22 8 -87167
-5 1 1 6 -108589
-20 7 -17 4 -83959
-11 2 -11 8 -102999
-13 9 -6 8 -96891
7 -4 5 -9 -99289
-14 -5 -19 -11 -96125
1 0 -3 -5 -105973
-2 22 -7 9 -115341
-5 3 -5 1 -98245
17 3 19 -6 -85309
22 3 18 8 -68773
3 9 4 11 -101843
12 1 11 11 -104635
7 15 1 20 -101487
17 13 -21 24 -107287
6 6 19 24 -97579
23 -12 11 -11 -77449
-23 -9 -15 -9 -66645
-15 3 -18 13 -100493
8 15 6 22 -79281
-12 -3 -17 0 -107751
-1 13 -5 24 -89443
-6 -3 -4 -8 -104275
-24 9 13 15 -110665
-8 4 -9 0 -92873
22 -22 19 -8 -53755
6 11 -22 -5 -123923
9 19 9 17 -58885
-20 22 22 14 -107015
-3 19 -1 21 -55665
0 11 -1 14 -79247
24 6 11 -5 -106701
4 17 -11 17 -111627
-2 16 -19 24 -94589
-15 16 -19 4 -91933
0 1 2 1 -99323
0 18 -3 24 -59551
-9 -5 -10 -2 -90947
0 -9 -2 -7 -91453
0 5 2 5 -104953
-18 -4 -9 0 -103069
-18 14 -11 6 -102805
-1 4 2 6 -101841
-15 -1 -10 -2 -107051
16 -3 14 5 -91613
8 -8 9 -9 -78999
-21 6 -19 1 -73065
-13 -20 -8 -9 -97035
-12 -13 -5 -6 -107563
3 13 -24 -19 -113333
1 -13 2 -7 -104213
-10 -1 -10 -7 -99727
13 -8 24 4 -102883
1 5 -1 5 -100613
-8 -3 -11 0 -92887
18 16 -20 23 -110725
-3 -10 -8 -8 -104051
-17 -13 -9 -17 -83069
-5 -2 -4 5 -105661
-13 -2 -13 -3 -72873
-13 -7 -18 -13 -94707
12 -12 10 22 -108399
10 19 5 9 -107585
7 17 19 13 -102427
21 22 -6 0 -111107
24 -12 -4 -7 -108009
14 11 19 9 -99247
12 -3 -24 -22 -104565
-4 16 -8 17 -83273
-18 -19 -17 17 -102307
-7 -10 -5 -8 -104649
-8 2 -11 23 -105491
20 -3 17 9 -95517
18 -3 15 -7 -92637
1 -13 0 -6 -104781
5 10 3 6 -105935
5 -17 15 -19 -97041
19 13 12 21 -80665
-17 0 -15 -15 -113455
15 18 -16 -24 -112949
-24 0 -13 -1 -92977
13 5 10 -5 -102257
14 -13 -3 -22 -101523
-19 11 -18 -1 -98317
-2 -9 -23 -18 -108171
-8 -1 -9 -7 -106817
-11 -4 -8 2 -94347
6 5 2 6 -98631
16 9 14 -13 -110375
6 -2 24 -18 -107241
11 -1 11 3 -80373
21 -17 -10 18 -122237
-3 4 -2 0 -106543
2 -10 2 -18 -111091
-8 9 -13 9 -90943
-12 16 -17 7 -100681
11 -8 12 -15 -81861
12 6 24 -16 -108495
13 22 -10 13 -107637
-7 -4 -2 -24 -107061
2 -21 -11 -17 -101301
-12 -2 -16 6 -106143
9 -10 11 -5 -90833
-9 6 24 9 -108535
6 -23 19 -4 -102453
1 -7 -3 -7 -90957
11 9 10 11 -83297
-13 -21 9 -20 -95043
8 0 12 -6 -99751
8 0 14 -2 -97747
18 -2 12 2 -107621
-14 3 -8 2 -99801
-4 17 -6 15 -89977
-9 -10 -7 -14 -79639
-10 -15 -14 -15 -70459
20 -13 16 5 -104433
22 19 13 2 -109915
-18 10 -23 -17 -96525
2 14 15 20 -102713
5 -10 6 -15 -107467
6 12 4 8 -111885
19 21 1 17 -89277
5 6 24 18 -101643
11 12 12 1 -108925
-8 7 -7 4 -100995
24 -5 -1 0 -107971
-1 24 17 11 -105645
24 -19 -3 -2 -109197
16 18 16 -23 -103795
11 12 7 8 -101519
2 23 24 -14 -111749
-17 1 -19 -10 -98949
-3 3 -3 4 -95001
14 -19 16 -1 -104927
-15 -16 -16 -7 -86763
8 -16 11 -18 -72393
-19 24 -4 12 -98669
-2 -17 -24 -4 -108681
9 9 15 7 -100009
-7 -20 -11 -14 -79923
-10 -14 -9 -24 -71853
3 4 0 6 -105957
-3 18 6 18 -89909
1 8 1 3 -100711
-1 -12 0 -11 -91917
-10 14 -10 12 -64479
-13 19 -24 1 -95559
-5 -23 22 -6 -103531
21 -11 15 1 -99067
-14 -3 -5 -1 -104143
5 -5 7 -15 -107033
-14 24 -10 -2 -104249
24 0 -12 23 -107855
-16 -6 -17 -1 -80621
17 -6 14 0 -93647
21 -1 24 14 -75057
-9 4 -13 -23 -107249
-10 8 -15 9 -97685
-24 0 -22 -6 -42409
11 11 15 11 -93523
0 -19 -5 -23 -61611
-7 -5 -6 -3 -99511
0 14 -9 11 -119159
3 -16 1 -8 -110923
15 -21 6 -12 -100273
8 -11 17 -5 -107095
-1 -18 -4 -8 -105903
-15 -18 -9 -7 -109303
23 8 19 16 -69907
1 -6 2 -6 -101725
7 13 24 10 -106483
-10 22 16 18 -104455
-4 -7 -6 -9 -106067
-7 20 -3 22 -66055
-7 -19 -2 -13 -101275
11 -22 6 7 -111333
-8 -19 20 23 -109737
2 11 8 11 -102299
-20 -6 -15 -1 -96313
-11 -12 -9 -1 -112897
-7 1 -4 -3 -105799
-20 4 -20 -14 -96899
-3 -14 -8 -17 -98977
-4 5 -1 11 -104681
-6 -14 -1 -19 -96375
-7 5 -5 7 -91221
6 10 9 8 -89017
-4 1 0 -3 -108603
3 22 -12 23 -80053
-15 24 -5 10 -94145
2 -11 0 -16 -103257
-3 11 2 18 -96991
-14 0 -14 11 -108525
-18 19 7 16 -113861
-24 19 18 -2 -104789
17 6 17 9 -71691
3 -10 20 -22 -109559
24 -6 14 2 -91431
23 19 17 -10 -96061
-11 12 -2 16 -115781
21 -1 11 0 -107029
-22 -8 -22 10 -91899
5 8 -2 10 -103127
-7 -8 -18 -13 -108511
-3 -12 -9 -15 -104297
-13 -15 19 -18 -110201
3 14 -2 17 -97449
-14 -2 -10 -3 -101681
-4 -7 -6 -5 -101913
6 -13 7 -14 -87711
-5 -11 -6 -8 -92535
-6 7 -6 5 -90603
-10 -7 -7 -10 -89421
16 9 13 10 -100035
-17 -12 -16 24 -95887
-22 -23 -9 -7 -104533
-14 -7 -20 -4 -96119
19 0 14 -8 -108007
0 -12 0 -8 -98185
3 -22 9 -13 -89647
5 -8 24 -9 -104479
-8 2 -9 8 -106713
-4 -9 -5 -9 -97113
-15 5 -16 0 -78879
-18 6 -23 5 -45571
1 -8 4 -3 -103797
-14 -11 -2 -10 -106513
8 9 4 19 -102487
3 24 -2 2 -106675
-9 15 -1 19 -107303
-10 10 -18 11 -103035
-10 13 -3 8 -102919
-11 7 -19 -24 -104773
-18 -12 -17 -15 -57713
5 12 20 -24 -111629
-24 10 -17 4 -69623
-6 7 -4 5 -104999
-7 -13 -11 24 -107103
-2 -3 4 -1 -106231
17 9 16 0 -88245
0 -5 0 -4 -88311
4 -5 4 -8 -94343
-1 -13 2 -16 -86647
21 16 24 -7 -89759
-23 11 -23 -5 -78431
19 10 15 6 -96693
-16 0 -23 -5 -86925
22 6 -23 -3 -108709
12 -2 5 -6 -107733
-15 4 -16 11 -93215
-6 17 -9 5 -101743
7 -6 11 -2 -101435
-22 0 -17 -2 -69811
-12 -22 1 -14 -107003
-4 4 -7 1 -100525
20 21 -15 18 -99409
14 13 19 14 -87047
-24 4 18 -20 -108721
-13 -22 -14 -18 -40851
-11 -13 -14 -2 -107003
16 11 15 11 -93687
13 1 20 6 -99635
-10 -21 -11 12 -109853
-11 7 -11 8 -77285
0 -1 1 1 -92093
-9 8 -1 7 -110677
-23 11 -5 21 -104445
-13 8 -18 5 -90359
-16 8 -12 9 -96521
8 -16 0 -21 -79931
-12 17 -9 5 -102899
-22 23 3 10 -109211
9 -9 10 -18 -91713
12 4 6 11 -107967
-1 24 -20 7 -110291
4 -14 6 -15 -78831
8 -18 7 -16 -59773
-14 4 -11 16 -105947
6 0 10 -24 -99921
9 0 -21 1 -121195
-9 23 -18 16 -73447
1 7 0 16 -95997
1 -15 -24 -23 -89465
-19 -4 -24 -22 -64537
-12 16 -22 7 -96619
-15 -11 -17 -7 -75797
-24 -10 22 -15 -101961
7 -8 24 -13 -103735
6 -12 -4 -21 -104667
-6 -15 -2 -15 -92497
15 -18 6 -22 -75215
4 13 -6 14 -103095
-21 -17 -14 -1 -110447
-8 9 -5 10 -92811
19 15 12 7 -106139
-1 21 -1 17 -69923
-13 -16 4 -24 -91901
-8 -15 -7 -24 -70477
-21 -8 -18 -2 -84293
-10 -1 -5 2 -104053
8 -16 6 -9 -108857
-18 -4 -18 8 -94099
-17 -19 -12 -14 -66947
-6 -3 -4 -1 -103445
5 15 10 16 -87883
8 -9 4 -22 -106815
-4 -18 0 -10 -106437
-17 1 -10 24 -106159
3 -5 4 2 -107191
20 -7 20 -24 -59543
16 -24 3 -1 -111317
-8 -16 -7 -21 -76265
-5 17 -10 11 -100735
0 7 4 8 -105367
-23 20 3 -24 -103837
0 -13 -5 -14 -95221
11 24 9 20 -23243
3 -5 -1 -2 -101889
11 -1 8 1 -96301
0 -14 -2 -21 -78227
1 0 0 4 -97053
-9 8 -16 17 -99603
24 -1 23 -13 -49813
19 15 22 1 -101029
-9 7 -9 -4 -108015
0 12 4 24 -89437
0 -4 -2 0 -103203
-22 22 -5 11 -97771
-11 14 -17 10 -95861
18 -2 17 -5 -77135
-24 8 -2 12 -104899
-7 3 -6 1 -102997
8 22 22 7 -107419
22 24 12 14 -61193
0 9 -2 7 -98019
-1 -4 0 -1 -100729
-21 -7 -19 12 -101853
8 -8 8 24 -104671
2 6 3 5 -100127
5 -6 4 -4 -101065
5 -3 4 -4 -95963
3 10 6 3 -106459
23 -10 18 -9 -37389
-1 -6 -1 -23 -108339
5 4 3 -12 -119437
15 17 23 6 -101901
5 4 10 8 -102251
-18 -2 -17 -3 -75009
-21 -21 8 -17 -104439
-11 20 24 16 -100331
2 5 -3 6 -106477
0 24 1 23 -35735
11 15 1 17 -102751
-15 -15 -7 -11 -94947
10 -15 24 -2 -100267
19 -1 14 -12 -110355
-10 12 -2 19 -119897
5 -5 15 -24 -107567
-20 -2 -12 -7 -111683
20 -3 17 -2 -67883
19 10 15 14 -94449
11 -15 15 -3 -107905
7 0 7 -4 -89723
15 16 13 8 -83739
18 -4 -18 -24 -104479
20 -22 22 -12 -38953
0 11 0 4 -100785
9 1 8 12 -108559
3 -1 2 -1 -92945
20 -24 -4 -18 -79259
1 14 0 22 -91975
14 -15 8 -19 -72625
-6 -10 -5 -7 -106367
9 16 7 20 -77153
-2 -2 -2 -1 -95297
-20 19 -18 20 -31879
13 16 22 17 -78253
19 2 18 19 -103603
12 -20 23 11 -105503
-8 -24 -2 -9 -104605
-1 -3 -3 1 -108327
13 3 11 4 -86431
16 -3 16 -19 -96187
12 12 9 7 -101017
4 -7 -1 -13 -105315
22 14 15 16 -77707
21 9 18 -11 -99075
13 12 1 20 -111349
12 6 17 9 -104655
-1 -10 -2 -13 -96877
15 8 9 6 -102409
15 -1 12 -5 -92271
-5 13 -2 6 -95137
1 -19 -18 -14 -107827
17 -6 20 -18 -73353
3 -21 22 -14 -98933
