-10 -21 -23 -16 -70535
16 4 18 12 -96161
-9 -21 9 -12 -108519
-17 4 -23 -9 -96777
-21 17 -20 -17 -98963
5 -4 3 5 -105019
8 -2 4 2 -111931
8 -11 5 -15 -96015
22 1 15 21 -107945
6 -12 8 -10 -89099
13 -10 11 -13 -73573
6 3 6 5 -83947
8 -21 -24 -4 -107631
-15 23 -10 22 -43127
7 14 5 8 -112903
-12 -10 -8 -20 -89507
5 -15 5 -12 -96947
21 -21 -13 -22 -94043
-6 -14 -3 -22 -88749
-14 5 -12 7 -93207
-7 -3 -7 -8 -100373
-12 4 -22 9 -100127
8 18 6 16 -78089
-7 21 -8 13 -65195
12 0 19 -3 -108891
15 1 21 21 -104815
-3 -15 3 -18 -86857
-23 16 11 19 -102981
-23 1 -13 1 -93341
-8 -6 -8 -9 -96159
1 -12 2 -12 -81687
-2 -7 -24 -2 -111009
-6 -13 -15 -6 -104673
-7 -11 -22 -23 -91933
15 8 9 3 -105879
-24 12 -19 5 -51813
13 -20 -21 -11 -109361
3 -19 5 -14 -84509
12 4 5 1 -115811
-1 4 -4 6 -105593
3 14 -1 21 -104297
-4 -3 -4 0 -94459
-9 4 -8 4 -85253
-17 12 -8 20 -94645
-7 -9 -7 -8 -96397
2 16 -2 20 -96329
15 -16 3 -15 -106997
-24 22 11 23 -80331
-24 -23 4 -20 -86561
4 -9 2 -9 -93421
19 19 18 10 -59233
-7 1 -3 2 -109707
-20 19 -2 17 -96155
-21 -5 24 -4 -108159
0 13 7 18 -100083
2 9 7 12 -113485
-1 -24 4 -5 -107627
21 20 19 19 -26819
-24 20 -1 5 -103461
3 24 -22 -13 -110355
-11 6 -22 -3 -108241
4 15 1 10 -101663
3 -19 21 -17 -103465
10 5 24 0 -107863
1 -16 3 -17 -71579
8 -9 2 -10 -98557
14 -13 6 -3 -111841
14 -11 17 -3 -98295
-16 -15 -19 2 -103147
9 -10 18 -15 -93863
-1 -6 -5 -6 -103087
-4 -20 -7 -21 -63767
2 4 2 -1 -96681
15 3 10 0 -94085
-14 6 -14 3 -88527
10 -7 6 -11 -97141
11 20 6 11 -97091
5 -7 5 -1 -107855
16 -4 13 1 -102175
7 5 8 16 -115191
17 -20 7 -18 -83311
2 -10 0 -4 -111365
24 12 21 11 -19217
8 9 0 12 -107203
4 17 6 21 -69235
-2 8 -3 22 -99113
-13 -6 -15 -5 -90625
-24 -8 -6 -1 -107397
4 -2 6 -1 -96095
7 -2 8 6 -100719
5 8 3 18 -100961
-15 8 -7 15 -99881
22 2 16 -4 -81323
-10 3 -7 -6 -110045
9 21 -8 17 -99825
-17 -13 -13 -20 -74061
2 14 -3 19 -103591
13 -5 11 -8 -89707
-23 -12 -15 -11 -58167
-10 -10 -10 -9 -78131
-23 -20 16 -11 -105377
2 -6 1 -6 -105393
16 9 8 16 -109765
10 -1 8 2 -99291
-14 4 -12 0 -94089
-6 7 -1 11 -99471
-7 0 -1 -1 -110561
8 5 5 0 -110319
3 -5 7 -6 -105853
-11 23 -20 11 -88335
-14 -23 -19 -13 -67837
-19 -8 -19 -19 -67107
6 -11 13 -10 -94223
-15 -19 -17 -6 -91907
20 17 22 -2 -105599
15 4 22 8 -87613
-5 1 1 6 -107339
-20 7 -17 4 -84231
-11 2 -11 8 -102713
-13 9 -6 8 -95791
7 -4 5 -9 -98735
-14 -5 -19 -11 -95317
1 0 -3 -5 -110623
4 22 16 9 -110199
-5 3 -5 1 -99117
17 3 19 -6 -90681
22 3 18 8 -69447
3 9 4 11 -103245
12 1 11 11 -104371
7 15 1 20 -96621
17 13 -21 24 -106637
6 6 19 24 -98295
23 -12 11 -11 -79333
-23 -9 -15 -9 -67307
-15 3 -18 13 -101773
8 15 6 22 -78359
-12 -3 -17 0 -105931
-1 13 -5 24 -87941
-6 -3 -4 -8 -102073
-24 9 13 15 -108251
-8 4 -9 0 -94583
22 -22 19 -8 -53225
9 11 10 9 -96771
9 19 9 17 -58633
-20 22 22 14 -105953
-3 19 -1 21 -53857
0 11 -1 14 -77205
24 6 11 -5 -108113
4 17 -11 17 -103575
-2 16 -19 24 -91665
-15 16 -19 4 -91367
0 1 2 1 -101225
0 18 -3 24 -57879
-9 -5 -10 -2 -93891
0 -9 -2 -7 -94081
0 5 2 5 -104919
-18 -4 -9 0 -101829
-18 14 -11 6 -103143
-1 4 2 6 -101835
-15 -1 -10 -2 -105829
16 -3 14 5 -103465
8 -8 9 -9 -80393
-21 6 -19 1 -72673
-13 -20 -8 -9 -96155
-12 -13 -5 -6 -107789
3 13 -24 -19 -111657
1 -13 2 -7 -106359
-10 -1 -10 -7 -99221
13 -8 24 4 -103109
1 5 -1 5 -99103
-8 -3 -11 0 -97075
18 16 -20 23 -109583
-3 -10 -8 -8 -105849
-17 -13 -9 -17 -85349
-5 -2 -4 5 -106877
-13 -2 -13 -3 -73567
-13 -7 -18 -13 -95241
12 -12 10 22 -107521
10 19 5 9 -109123
7 17 19 13 -104461
21 22 -6 0 -112929
24 -12 -4 -7 -113059
14 11 19 9 -98429
12 -3 -24 -22 -105331
-4 16 -8 17 -75369
-18 -19 -17 17 -106305
-7 -10 -5 -8 -105173
-8 2 -11 23 -104645
20 -3 17 9 -99849
18 -3 15 -7 -93027
1 -13 0 -6 -108311
5 10 3 6 -106867
5 -17 15 -19 -97407
19 13 12 21 -82487
-1 -1 -7 -2 -114921
15 18 -16 -24 -112307
-24 0 -13 -1 -92677
13 5 10 -5 -107441
14 -13 -3 -22 -103823
-19 11 -18 -1 -98543
-2 -9 -23 -18 -111035
-8 -1 -9 -7 -105417
-11 -4 -8 2 -95659
6 5 2 6 -103293
16 9 14 -13 -111785
6 -2 24 -18 -106345
11 -1 11 3 -85995
-4 2 14 6 -127509
-3 4 -2 0 -106491
2 -10 2 -18 -108333
-8 9 -13 9 -91165
-12 16 -17 7 -100659
11 -8 12 -15 -81889
12 6 24 -16 -106591
13 22 -10 13 -103749
-7 -4 -2 -24 -106939
2 -21 -11 -17 -104013
-12 -2 -16 6 -106793
9 -10 11 -5 -91421
-9 6 24 9 -109267
6 -23 19 -4 -103753
1 -7 -3 -7 -94473
11 9 10 11 -95059
-13 -21 9 -20 -94609
8 0 12 -6 -100599
8 0 14 -2 -100561
18 -2 12 2 -110847
-14 3 -8 2 -98499
-4 17 -6 15 -73113
-9 -10 -7 -14 -80419
-10 -15 -14 -15 -75573
20 -13 16 5 -107193
22 19 13 2 -111241
-18 10 -23 -17 -99659
2 14 15 20 -102165
5 -10 6 -15 -107155
6 12 4 8 -114735
19 21 1 17 -88413
5 6 24 18 -102739
11 12 12 1 -108821
-8 7 -7 4 -99843
24 -5 -1 0 -112793
-1 24 17 11 -105953
24 -19 -3 -2 -109779
16 18 16 -23 -101311
11 12 7 8 -103557
2 23 24 -14 -109253
-17 1 -19 -10 -97687
-3 3 -3 4 -97001
14 -19 16 -1 -105197
-15 -16 -16 -7 -83781
8 -16 11 -18 -72145
-19 24 -4 12 -98497
-2 -17 -24 -4 -109667
9 9 15 7 -100929
-7 -20 -11 -14 -84747
-10 -14 -9 -24 -73249
3 4 0 6 -106641
-3 18 6 18 -88439
1 8 1 3 -102511
-1 -12 0 -11 -91435
-10 14 -10 12 -62207
-13 19 -24 1 -95211
-5 -23 22 -6 -107021
21 -11 15 1 -100749
-14 -3 -5 -1 -106433
5 -5 7 -15 -108855
-14 24 -10 -2 -104351
24 0 -12 23 -106293
-16 -6 -17 -1 -78721
17 -6 14 0 -96631
21 -1 24 14 -75227
-9 4 -13 -23 -103597
-10 8 -15 9 -97463
-24 0 -22 -6 -42815
11 11 15 11 -93783
0 -19 -5 -23 -60997
-7 -5 -6 -3 -101995
4 0 11 3 -117035
3 -16 1 -8 -110575
15 -21 6 -12 -100205
8 -11 17 -5 -109107
-1 -18 -4 -8 -104849
-15 -18 -9 -7 -108047
23 8 19 16 -69165
1 -6 2 -6 -105455
7 13 24 10 -105925
-10 22 16 18 -103083
-4 -7 -6 -9 -109453
-7 20 -3 22 -60475
-7 -19 -2 -13 -97479
9 10 9 12 -88809
-8 -19 20 23 -109847
2 11 8 11 -102021
-20 -6 -15 -1 -96163
22 -12 -4 -15 -111561
-7 1 -4 -3 -103887
-20 4 -20 -14 -97907
-3 -14 -8 -17 -98735
-4 5 -1 11 -100929
-6 -14 -1 -19 -99207
-7 5 -5 7 -92183
6 10 9 8 -92333
-22 -16 -22 -3 -69321
3 22 -12 23 -76219
-15 24 -5 10 -93239
2 -11 0 -16 -101135
-3 11 2 18 -92029
-14 0 -14 11 -108297
4 -3 -11 -9 -131491
-24 19 18 -2 -105991
17 6 17 9 -71749
3 -10 20 -22 -109577
24 -6 14 2 -93269
23 19 17 -10 -96393
-19 -14 -5 -12 -113391
21 -1 11 0 -107259
-22 -8 -22 10 -92933
5 8 -2 10 -102719
-7 -8 -18 -13 -113337
-3 -12 -9 -15 -104577
-13 -15 19 -18 -112229
3 14 -2 17 -94893
-14 -2 -10 -3 -101345
-4 -7 -6 -5 -99913
6 -13 7 -14 -88071
-5 -11 -6 -8 -93551
-6 7 -6 5 -91057
-10 -7 -7 -10 -91201
16 9 13 10 -99387
-17 -12 -16 24 -97481
-22 -23 -9 -7 -98057
-14 -7 -20 -4 -95513
19 0 14 -8 -108355
0 -12 0 -8 -100019
3 -22 9 -13 -89935
5 -8 24 -9 -106339
-8 2 -9 8 -106165
-4 -9 -5 -9 -98853
-15 5 -16 0 -79251
-18 6 -23 5 -45617
1 -8 4 -3 -104795
-14 -11 -2 -10 -109885
8 9 4 19 -101743
3 24 -2 2 -106705
-9 15 -1 19 -89147
-10 10 -18 11 -101869
-10 13 -3 8 -100117
-11 7 -19 -24 -103209
-18 -12 -17 -15 -56183
5 12 20 -24 -107921
-24 10 -17 4 -70305
-6 7 -4 5 -105675
-7 -13 -11 24 -107409
-2 -3 4 -1 -109333
17 9 16 0 -90237
0 -5 0 -4 -92347
4 -5 4 -8 -98139
-1 -13 2 -16 -88257
21 16 24 -7 -90013
-23 11 -23 -5 -80191
19 10 15 6 -98613
-16 0 -23 -5 -87273
22 6 -23 -3 -108555
12 -2 5 -6 -110507
-15 4 -16 11 -93337
-6 17 -9 5 -98627
7 -6 11 -2 -102727
-22 0 -17 -2 -69503
-12 -22 1 -14 -106475
-4 4 -7 1 -104037
20 21 -15 18 -97823
14 13 19 14 -86531
-24 4 18 -20 -106141
-13 -22 -14 -18 -41605
-11 -13 -14 -2 -101455
16 11 15 11 -93381
13 1 20 6 -100995
-10 -21 -11 12 -106799
-11 7 -11 8 -77291
0 -1 1 1 -90809
-9 8 -1 7 -107715
-23 11 -5 21 -101697
-13 8 -18 5 -89001
-16 8 -12 9 -95409
8 -16 0 -21 -80331
-12 17 -9 5 -101915
-22 23 3 10 -107193
9 -9 10 -18 -91831
1 4 6 -1 -108651
-1 24 -20 7 -105565
4 -14 6 -15 -79767
8 -18 7 -16 -59167
-14 4 -11 16 -105903
6 0 10 -24 -97141
11 0 5 4 -111769
-9 23 -18 16 -71721
1 7 0 16 -93433
1 -15 -24 -23 -89661
-19 -4 -24 -22 -64397
-12 16 -22 7 -95819
-15 -11 -17 -7 -73271
-24 -10 22 -15 -102239
7 -8 24 -13 -105013
6 -12 -4 -21 -103491
-6 -15 -2 -15 -93651
15 -18 6 -22 -76041
4 13 -6 14 -98943
-21 -17 -14 -1 -110601
-8 9 -5 10 -86933
19 15 12 7 -108771
-1 21 -1 17 -68399
-13 -16 4 -24 -95507
-8 -15 -7 -24 -72273
-21 -8 -18 -2 -82863
-10 -1 -5 2 -108985
8 -16 6 -9 -108427
-18 -4 -18 8 -94709
-17 -19 -12 -14 -66767
-6 -3 -4 -1 -112257
5 15 10 16 -85491
8 -9 4 -22 -106841
-9 -18 -7 -19 -68545
-17 1 -10 24 -104535
3 -5 4 2 -102763
20 -7 20 -24 -59909
16 -24 3 -1 -112143
-8 -16 -7 -21 -79195
-5 17 -10 11 -84021
0 7 4 8 -105783
-23 20 3 -24 -104433
0 -13 -5 -14 -94689
11 24 9 20 -23261
3 -5 -1 -2 -106929
11 -1 8 1 -100677
0 -14 -2 -21 -74691
1 0 0 4 -97567
-9 8 -16 17 -98227
24 -1 23 -13 -49903
19 15 22 1 -100483
-9 7 -9 -4 -110723
0 12 4 24 -89435
0 -4 -2 0 -97627
-22 22 -5 11 -97789
-11 14 -17 10 -95891
18 -2 17 -5 -78323
-24 8 -2 12 -104113
-7 3 -6 1 -104987
8 22 22 7 -109159
22 24 12 14 -60465
0 9 -2 7 -94751
-1 -4 0 -1 -103793
-21 -7 -19 12 -103777
8 -8 8 24 -105199
2 6 3 5 -101045
5 -6 4 -4 -105907
5 -3 4 -4 -95219
3 10 6 3 -106369
23 -10 18 -9 -36861
-1 -6 -1 -23 -107811
-13 9 22 -12 -118727
15 17 23 6 -101177
5 4 10 8 -107669
-18 -2 -17 -3 -74517
-21 -21 8 -17 -104515
-11 20 24 16 -98967
2 5 -3 6 -104717
0 24 1 23 -35353
11 15 1 17 -97343
-15 -15 -7 -11 -100093
10 -15 24 -2 -100919
19 -1 14 -12 -111111
16 -3 15 4 -97437
5 -5 15 -24 -107735
-20 -2 -12 -7 -110775
20 -3 17 -2 -69167
19 10 15 14 -94763
11 -15 15 -3 -108571
7 0 7 -4 -87975
15 16 13 8 -87977
18 -4 -18 -24 -105393
20 -22 22 -12 -40063
0 11 0 4 -101243
9 1 8 12 -109005
3 -1 2 -1 -98865
20 -24 -4 -18 -81139
1 14 0 22 -89401
14 -15 8 -19 -73135
-6 -10 -5 -7 -107639
9 16 7 20 -76321
-2 -2 -2 -1 -92801
-20 19 -18 20 -31867
13 16 22 17 -77895
19 2 18 19 -103889
12 -20 23 11 -104059
-8 -24 -2 -9 -100737
-23 -3 -3 9 -118775
13 3 11 4 -87865
16 -3 16 -19 -96347
12 12 9 7 -103841
4 -7 -1 -13 -109377
22 14 15 16 -76591
21 9 18 -11 -100653
-10 -12 6 -4 -129639
12 6 17 9 -106183
-1 -10 -2 -13 -94291
15 8 9 6 -104083
15 -1 12 -5 -93473
-5 13 -2 6 -95829
1 -19 -18 -14 -111663
17 -6 20 -18 -72461
3 -21 22 -14 -101225
