-10 -21 -23 -16 -70040
16 4 18 12 -94118
-9 -21 9 -12 -111486
-17 4 -23 -9 -100898
-21 17 -20 -17 -100588
5 -4 3 5 -102988
11 -17 24 -2 -104290
8 -11 5 -15 -97458
22 1 -6 3 -121342
6 -12 8 -10 -93104
13 -10 11 -13 -76716
6 3 6 5 -84840
8 -21 -24 -4 -107970
-15 23 -10 22 -45848
7 14 5 8 -104050
-12 -10 -8 -20 -94508
5 -15 5 -12 -93954
21 -21 -13 -22 -92992
-6 -14 -3 -22 -89938
-14 5 -12 7 -92068
-7 -3 -7 -8 -97998
-12 4 -22 9 -103004
8 18 6 16 -78650
-7 21 -8 13 -70258
12 7 10 -3 -101004
15 1 21 21 -99522
-3 -15 3 -18 -86220
-23 16 11 19 -104736
-23 1 -13 1 -90608
-8 -6 -8 -9 -94740
1 -12 2 -12 -82324
-2 -7 -24 -2 -107956
-6 -13 -15 -6 -102822
-7 -11 -22 -23 -88122
15 8 9 3 -103348
-24 12 -19 5 -55004
13 -20 -21 -11 -111778
3 -19 5 -14 -86842
17 -19 21 4 -102268
-1 4 -4 6 -107654
3 14 -1 21 -103588
-4 -3 -4 0 -90346
-9 4 -8 4 -84144
0 13 21 20 -108408
-7 -9 -7 -8 -94976
2 16 -2 20 -95758
14 1 7 2 -106742
-24 22 11 23 -79110
-24 -23 4 -20 -84966
4 -9 2 -9 -93686
19 19 18 10 -58986
-7 1 -3 2 -101526
-20 19 -2 17 -102516
-21 -5 24 -4 -107644
0 13 7 18 -98698
2 15 8 12 -103154
-1 -24 4 -5 -105502
21 20 19 19 -25428
-24 20 -1 5 -105122
3 24 -22 -13 -106062
-24 6 17 -5 -113706
4 15 1 10 -94710
3 -19 21 -17 -105072
10 5 24 0 -104946
1 -16 3 -17 -71434
8 -9 2 -10 -99276
14 -22 -13 -12 -105486
14 -11 17 -3 -89406
-16 -15 -19 2 -102444
9 -10 18 -15 -98950
-1 -6 -5 -6 -99740
-4 -20 -7 -21 -63468
2 4 2 -1 -95624
15 3 10 0 -90104
-14 6 -14 3 -86116
10 -7 6 -11 -100540
11 20 6 11 -96486
5 -7 5 -1 -105750
16 -4 13 1 -91400
10 -22 15 -22 -57578
17 -20 7 -18 -91154
-16 7 -14 12 -85170
24 12 21 11 -18498
8 9 0 12 -112398
4 17 6 21 -70342
-2 8 -3 22 -99922
-13 -6 -15 -5 -88694
-24 -8 -6 -1 -105376
4 -2 6 -1 -90724
7 -2 8 6 -100286
5 8 3 18 -102354
-15 8 -7 15 -102154
22 2 16 -4 -84444
22 6 19 -10 -95126
9 21 -8 17 -99608
-17 -13 -13 -20 -74852
-20 -11 -15 -9 -82522
13 -5 11 -8 -85816
-23 -12 -15 -11 -62806
-10 -10 -10 -9 -75480
-23 -20 16 -11 -105378
2 -6 1 -6 -101490
-18 7 -18 2 -89120
10 -1 8 2 -100910
-14 4 -12 0 -91950
-6 7 -1 11 -106384
-7 0 -1 -1 -102144
8 5 5 0 -105824
3 -5 7 -6 -102840
-11 23 -20 11 -91714
-14 -23 -19 -13 -68274
-19 -8 -19 -19 -64766
6 -11 13 -10 -99542
-15 -19 -17 -6 -92190
20 17 22 -2 -102800
15 4 22 8 -85290
13 -8 4 5 -128814
-20 7 -17 4 -91956
-11 2 -11 8 -97198
-13 9 -6 8 -96300
7 -4 5 -9 -97418
-14 -5 -19 -11 -93564
1 0 -3 -5 -102884
4 22 16 9 -107662
-5 3 -5 1 -97632
17 3 19 -6 -88028
22 3 18 8 -68556
3 9 4 11 -94440
12 1 11 11 -104382
7 15 1 20 -99484
17 13 -21 24 -100852
6 6 19 24 -102064
23 -12 11 -11 -83590
-23 -9 -15 -9 -72802
-15 3 -18 13 -106810
8 15 6 22 -79776
-12 -3 -17 0 -105006
-1 13 -5 24 -99832
-6 -3 -4 -8 -102602
-24 9 13 15 -109490
-8 4 -9 0 -88598
22 -22 19 -8 -54428
9 11 10 9 -92392
9 19 9 17 -57424
-20 22 22 14 -104428
-3 19 -1 21 -59062
0 11 -1 14 -77726
-20 2 -24 -5 -67448
4 -1 -20 18 -126388
-2 16 -19 24 -94570
-15 16 -19 4 -97368
0 1 2 1 -99280
0 18 -3 24 -73384
-9 -5 -10 -2 -87580
0 -9 -2 -7 -91860
0 5 2 5 -105566
-18 -4 -9 0 -98980
-18 14 -11 6 -106992
-1 4 2 6 -104334
-15 -1 -10 -2 -105016
16 -3 14 5 -97942
8 -8 9 -9 -77774
-21 6 -19 1 -87130
-13 -20 -8 -9 -96442
-12 -13 -5 -6 -101154
3 19 -6 16 -93528
1 -13 2 -7 -101714
-10 -1 -10 -7 -94658
13 -8 24 4 -104214
1 5 -1 5 -100878
-8 -3 -11 0 -92152
0 23 17 22 -82042
-3 -10 -8 -8 -104290
-17 -13 -9 -17 -83572
-5 -2 -4 5 -103436
-13 -2 -13 -3 -70818
-13 -7 -18 -13 -92852
12 -12 10 -10 -81126
10 19 5 9 -105642
7 17 19 13 -100230
-4 -4 -1 -6 -98688
24 -12 -4 -7 -109540
14 11 19 9 -99136
12 -3 -24 -22 -103140
-4 16 -8 17 -78346
-18 -19 -17 17 -106208
-7 -10 -5 -8 -100290
-8 2 -11 23 -105460
20 -3 17 9 -94284
18 -3 15 -7 -87502
1 -13 0 -6 -104144
5 10 3 6 -102390
5 -17 15 -19 -103166
19 13 12 21 -75828
-2 15 -7 24 -85286
16 17 5 13 -101786
-24 0 -13 -1 -91454
-7 4 10 -3 -122224
14 -13 -3 -22 -105768
-19 11 -18 -1 -109336
-2 -9 -23 -18 -105558
-8 -1 -9 -7 -101818
-11 -4 -8 2 -90704
6 5 2 6 -99814
21 19 -20 15 -108214
6 -2 24 -18 -101444
11 -1 11 3 -84672
7 -4 19 23 -109070
-3 4 -2 0 -105582
2 -10 2 -18 -104548
-8 9 -13 9 -91974
7 12 5 7 -106792
11 -8 12 -15 -84214
12 6 24 -16 -102444
13 22 -10 13 -103360
-7 -4 -2 -24 -107788
2 -21 -11 -17 -102626
-12 -2 -16 6 -106794
9 -10 11 -5 -89610
-9 6 24 9 -110882
6 -23 19 -4 -103474
1 -7 -3 -7 -91314
11 9 10 11 -91426
-13 -21 9 -20 -97692
8 0 12 -6 -103206
8 0 14 -2 -102532
-17 -2 -22 7 -98230
-14 3 -8 2 -98630
-4 17 -6 15 -77768
-9 -10 -7 -14 -83144
-10 -15 -14 -15 -71326
20 -13 16 5 -103616
15 9 13 14 -87782
-18 10 -23 -17 -97494
-5 -5 -5 -5 -260746
5 -10 6 -15 -100836
-20 -2 -20 18 -92340
19 21 1 17 -99030
5 6 24 18 -104158
11 12 12 1 -107974
-8 7 -7 4 -99306
24 1 2 0 -106534
-1 24 17 11 -108260
24 -19 -3 -2 -105034
16 18 16 -23 -100574
11 12 7 8 -101544
2 23 24 3 -108032
-17 1 -19 -10 -96494
-3 3 -3 4 -96472
14 -19 16 -1 -105760
-15 -16 -16 -7 -83824
8 -16 11 -18 -79330
-19 24 -4 12 -100022
-2 -17 -24 -4 -108758
9 9 15 7 -99918
-7 -20 -11 -14 -86748
-10 -14 -9 -24 -74138
3 4 0 6 -106304
-3 18 6 18 -88532
1 8 1 3 -102438
-1 -12 0 -11 -89032
-10 14 -10 12 -61780
-13 19 -24 1 -94730
-5 -23 22 -6 -105492
21 -11 15 1 -96854
-14 -3 -5 -1 -103572
-1 14 -9 2 -123248
-14 24 -10 -2 -103150
24 0 -12 23 -108716
-16 -6 -17 -1 -78958
17 -6 14 0 -89896
21 -1 24 14 -72050
-9 4 -13 -23 -102358
-10 8 -15 9 -98258
-24 0 -22 -6 -45562
11 11 15 11 -93176
0 -19 -5 -23 -60366
-7 -5 -6 -3 -97812
12 -14 -14 -22 -107082
3 -11 1 -8 -91874
15 -21 6 -12 -107150
-1 -20 0 9 -113874
-1 -18 -4 -8 -104620
-15 -18 -9 -7 -105354
23 8 19 16 -72702
1 -6 2 -6 -101444
7 13 24 10 -106264
-10 22 16 18 -103464
-4 -7 -6 -9 -103796
-7 20 -3 22 -63640
-7 -19 -2 -13 -95490
9 10 9 12 -83616
-8 -19 20 23 -107434
2 11 8 11 -102102
-20 -6 -15 -1 -94592
22 -12 -4 -15 -108802
-7 1 -4 -3 -100472
-20 4 -20 -14 -97974
-3 -14 -8 -17 -92540
-4 5 -1 11 -107854
-6 -14 -1 -19 -98092
-7 5 -5 7 -91146
6 10 9 8 -89992
-22 -16 -22 -3 -65336
3 22 -12 23 -77330
-15 24 -5 10 -94918
2 -11 0 -16 -99586
-3 11 2 18 -94460
11 -12 8 -1 -99710
7 -15 12 -15 -90298
-24 19 18 -2 -109456
17 6 17 9 -72070
17 -22 0 -12 -109700
24 -6 14 2 -86064
23 19 17 -10 -96794
-19 -14 -5 -12 -107174
21 -1 11 0 -96532
-22 -8 -22 10 -99022
5 8 -2 10 -106366
-7 19 -18 14 -102536
-9 -14 -9 -15 -66174
-18 8 -14 16 -89358
3 14 -2 17 -93496
-14 -2 -10 -3 -99984
-4 -7 -6 -5 -101586
6 -13 7 -14 -86962
-5 -11 -6 -8 -93044
-6 7 -6 5 -92408
-10 -7 -7 -10 -90296
16 9 13 10 -100092
-17 -12 -16 24 -94762
-22 -23 -9 -7 -94262
-14 -7 -20 -4 -94782
19 0 14 -8 -104448
0 -12 0 -8 -96830
3 -22 9 -13 -93066
5 -8 24 -9 -104576
-8 2 -9 8 -103066
-4 -9 -5 -9 -94932
-15 5 -16 0 -78266
-18 6 -23 5 -45534
1 -8 4 -3 -100504
-14 -11 -2 -10 -104514
8 9 4 19 -104668
3 24 -2 2 -105556
-9 15 -1 19 -93754
-10 10 -18 11 -104010
-10 13 -3 8 -97382
-11 7 -19 -24 -97602
-18 -12 -17 -15 -56914
5 12 20 -24 -106444
-24 10 -17 4 -74184
-6 7 -4 5 -108130
12 -15 14 -18 -63222
-6 19 -14 14 -85532
17 9 16 0 -88684
0 -5 0 -4 -87892
4 -5 4 -8 -92890
-1 -13 2 -16 -86062
21 16 24 -7 -88334
-23 11 -23 -5 -86812
19 10 15 6 -95466
-16 0 -23 -5 -88404
22 6 -23 -3 -108170
12 -2 5 -6 -107002
-15 4 -16 11 -95718
-6 17 -9 5 -101064
7 -6 11 -2 -99346
-22 0 -17 -2 -71056
-12 -22 1 -14 -105916
-4 4 -7 1 -98234
20 21 -15 18 -102320
14 13 19 14 -87612
-24 4 18 -20 -109762
-13 -22 -14 -18 -41016
-11 -13 -14 -2 -98802
16 11 15 11 -93496
13 1 20 6 -97952
-10 -21 -11 12 -104348
-11 7 -11 8 -75592
0 -1 1 1 -86666
-5 8 -1 7 -100444
-23 11 -5 21 -106402
-13 8 -18 5 -86878
-16 8 -12 9 -96484
8 -16 0 -21 -82822
-12 17 -9 5 -102184
-22 23 3 10 -108052
9 -9 10 -18 -93352
1 4 6 -1 -104418
-1 24 -20 7 -108218
4 -14 6 -15 -79398
8 -18 7 -16 -62752
22 -15 9 -12 -93732
6 0 10 -24 -94284
11 0 5 4 -108950
-9 23 -18 16 -79038
1 7 0 16 -93614
1 -15 -24 -23 -87760
-19 -4 -24 -22 -61884
-12 16 -22 7 -98432
-15 -11 -17 -7 -71634
-24 -10 22 -15 -100854
7 -8 24 -13 -106312
6 -12 -4 -21 -105314
-6 -15 -2 -15 -89562
15 -18 6 -22 -81710
4 13 -6 14 -103660
-6 2 -8 4 -107318
-8 9 -5 10 -85504
19 15 12 7 -106732
-1 21 -1 17 -74754
-13 -16 4 -24 -93770
-8 -15 -7 -24 -72458
-21 -8 -18 -2 -85704
-10 -1 -5 2 -103214
8 -16 6 -9 -104526
-18 -4 -18 8 -101164
-17 -19 -12 -14 -65584
-6 -3 -4 -1 -102392
5 15 10 16 -88420
8 -9 4 -22 -107986
-9 -18 -7 -19 -67966
-17 1 -10 24 -107382
3 -5 4 2 -102128
20 -7 20 -24 -60732
-5 15 0 14 -90276
-8 -16 -7 -21 -79926
-5 17 -10 11 -89114
0 7 4 8 -104596
-23 20 3 -24 -107180
0 -13 -5 -14 -91642
11 24 9 20 -23764
3 -5 -1 -2 -103548
11 -1 8 1 -104236
0 -14 -2 -21 -75506
1 0 0 4 -95984
-9 8 -16 17 -101608
24 -1 23 -13 -54166
19 15 22 1 -99190
10 7 0 -2 -124810
0 12 4 24 -90126
0 -4 -2 0 -98014
-22 22 -5 11 -99472
-11 14 -17 10 -96418
18 -2 17 -5 -78232
-24 8 -2 12 -106020
-7 3 -6 1 -106542
15 23 24 6 -82758
22 24 12 14 -61850
0 9 -2 7 -99210
-1 -4 0 -1 -98626
-21 -7 -19 12 -108140
8 -8 8 24 -99586
2 6 3 5 -101242
5 -6 4 -4 -101016
5 -3 4 -4 -92124
3 10 6 3 -107132
23 -10 18 -9 -39580
-1 -6 -1 -23 -106238
10 -11 9 -12 -85368
15 17 23 6 -102876
5 4 10 8 -101266
-18 -2 -17 -3 -74704
-21 -21 8 -17 -103946
-11 20 24 16 -100348
2 5 -3 6 -107550
0 24 1 23 -41664
11 15 1 17 -103394
-15 -15 -7 -11 -93780
10 -15 24 -2 -107146
-11 21 -13 5 -98026
16 -3 15 4 -92040
5 -5 15 -24 -103452
-20 -2 -12 -7 -109428
20 -3 17 -2 -65012
19 10 15 14 -95624
11 -15 15 -3 -106144
7 0 7 -4 -86754
15 16 13 8 -87274
18 -4 -18 -24 -103266
20 -22 22 -12 -41866
0 11 0 4 -103192
9 1 8 12 -106744
3 -1 2 -1 -93424
20 -24 -4 -18 -81934
1 14 0 22 -92792
14 -15 8 -19 -79030
-6 -10 -5 -7 -103800
9 16 7 20 -78048
-2 -2 -2 -1 -90936
-20 19 -18 20 -33004
13 16 22 17 -77778
19 2 18 19 -100666
12 -20 23 11 -106110
-8 -24 -2 -9 -99682
0 19 -3 22 -77648
13 3 11 4 -91458
16 -3 16 -19 -98684
12 12 9 7 -102652
4 -7 -1 -13 -104580
22 14 15 16 -76434
21 9 18 -11 -104442
-1 6 -2 5 -94134
12 6 17 9 -103364
-1 -10 -2 -13 -91992
15 8 9 6 -102770
15 -1 12 -5 -88490
-5 13 -2 6 -97264
1 -19 -18 -14 -109872
17 -6 20 -18 -73998
3 -21 22 -14 -102532
