-10 -21 -23 -16 -76443
16 4 18 12 -95601
18 -20 16 -21 -32441
-1 -16 -23 -9 -103109
-21 17 -20 -17 -97945
5 -4 3 5 -96113
11 -17 24 -2 -93605
8 -11 5 -15 -90957
5 -2 10 -2 -95547
6 -12 8 -10 -89085
13 -10 11 -13 -73927
6 3 6 5 -77937
8 -21 -24 -4 -102067
-15 23 -10 22 -42069
-1 -18 -4 -18 -75775
-12 -10 -8 -20 -98523
5 -15 5 -12 -88029
21 -21 -13 -22 -87323
-6 -14 -3 -22 -97497
-14 5 -12 7 -90959
-7 -3 -7 -8 -98427
-12 4 -22 9 -103441
8 18 6 16 -76911
-7 21 -8 13 -97947
22 -14 -8 -18 -103233
15 1 21 21 -97955
-3 -15 3 -18 -91299
-23 16 11 19 -99401
-23 1 -13 1 -96059
-8 -6 -8 -9 -92939
1 -12 2 -12 -89579
-2 0 -24 -2 -103643
-20 -5 -17 -17 -94427
-7 -11 -22 -23 -91889
-21 5 -21 -6 -86815
-24 12 -19 5 -67947
13 12 13 8 -94965
3 -19 5 -14 -87231
17 -19 21 4 -103445
7 4 6 1 -90513
3 14 -1 21 -100581
-4 -3 -4 0 -89231
-9 4 -8 4 -84185
7 -24 14 -1 -98973
-7 -9 -7 -8 -92567
2 16 -2 20 -93087
-12 5 -11 4 -88105
-24 22 11 23 -75841
-24 -23 4 -20 -82259
4 -9 2 -9 -91147
19 19 18 10 -58029
-7 1 -3 2 -92157
-2 18 -9 17 -98303
-21 -5 24 -4 -99531
2 13 7 18 -100559
2 15 8 12 -91819
-15 -15 -13 -15 -70249
21 20 19 19 -35889
-24 20 -20 5 -59901
-1 -17 6 -13 -100995
4 11 6 16 -93225
4 15 1 10 -97811
0 21 -4 21 -75073
2 5 19 2 -112219
1 -16 3 -17 -73883
8 -9 2 -10 -94245
-3 -14 -7 0 -121167
14 -11 17 -3 -83109
-16 -16 -24 2 -96847
9 -10 18 -15 -96367
-1 -6 -5 -6 -94885
-4 -20 -7 -21 -59945
2 4 2 -1 -91309
15 3 10 0 -92905
-14 6 -14 3 -82995
10 -7 6 -11 -98203
11 20 6 11 -94279
13 -22 13 -9 -75683
16 -4 13 1 -94639
10 -22 15 -22 -55579
17 -20 7 -18 -87413
-16 7 -14 12 -90433
24 12 21 11 -23049
23 -6 24 13 -87681
4 17 6 21 -69531
-7 -17 6 -24 -77037
-13 -6 -15 -5 -89069
0 0 -1 -2 -89309
4 -2 6 -1 -85447
20 2 18 6 -80265
5 8 3 18 -97439
-15 8 -7 15 -105999
22 2 16 -4 -84205
22 6 19 -10 -95381
-17 6 -23 -21 -100535
-17 -13 -13 -20 -78915
-20 -11 -15 -9 -81857
13 -5 11 -8 -77807
-23 -12 -15 -11 -63113
-10 -10 -10 -9 -79323
-23 -20 16 -11 -98589
2 -6 1 -6 -100459
-18 7 -18 2 -82401
10 -1 8 2 -90461
-14 4 -12 0 -87427
-6 7 -1 11 -99385
-7 0 -1 -1 -94651
2 -14 1 -19 -82575
3 -5 7 -6 -98405
-11 23 -20 11 -104199
-14 -23 -19 -13 -73151
-19 -8 -19 -19 -74811
6 -11 13 -10 -95407
-15 -19 -17 -6 -101811
18 -14 22 -14 -39557
15 4 22 8 -90725
-23 19 -2 24 -83567
-20 7 -17 4 -96487
-11 2 -11 8 -96049
-13 9 -6 8 -99485
7 -4 5 -9 -95153
-14 -5 -19 -11 -92559
-12 -7 -9 -7 -78009
11 -3 11 -16 -101261
-5 3 -5 1 -93059
17 3 19 -6 -99167
22 3 18 8 -76195
3 9 4 11 -92669
12 1 11 11 -91345
7 15 1 20 -93161
17 13 -21 24 -89677
6 6 19 24 -94669
23 -12 11 -11 -82281
-23 -9 -15 -9 -72763
-5 -4 -10 -6 -93763
8 15 6 22 -75201
-12 -3 -17 0 -100649
-11 18 -6 15 -80129
-6 -3 -4 -8 -103649
3 10 -2 15 -94341
-8 4 -9 0 -82539
22 -22 19 -8 -59925
9 11 10 9 -106023
9 19 9 17 -57301
-20 22 22 14 -95635
-3 19 -1 21 -67993
0 11 -1 14 -87925
-20 2 -24 -5 -67995
-3 1 2 -3 -101691
20 15 11 11 -101345
-15 16 -19 4 -100907
0 1 2 1 -89089
0 18 -3 24 -73309
-9 -5 -10 -2 -95575
0 -9 -2 -7 -93939
-21 12 -21 11 -43371
-18 -4 -9 0 -97601
-23 16 -13 11 -68701
-1 4 2 6 -94075
-15 -1 -10 -2 -104983
16 -3 14 5 -102871
8 -8 9 -9 -78765
-21 6 -19 1 -85951
-13 -20 -8 -9 -100057
-12 -13 -5 -6 -101959
3 19 -6 16 -97843
1 -13 2 -7 -92753
-10 -1 -10 -7 -97057
13 -8 24 4 -98641
1 5 -1 5 -80799
-8 -3 -11 0 -96941
0 23 17 22 -74251
-5 9 -8 10 -88521
-17 -13 -9 -17 -88045
-5 -2 -4 5 -99515
-13 -2 -13 -3 -71251
-13 -7 -18 -13 -95505
12 -12 10 -10 -79057
-7 12 -7 22 -101893
7 17 19 13 -97419
-4 -4 -1 -6 -97143
9 -1 14 0 -88141
14 11 19 9 -99881
12 -3 -24 -22 -98215
-4 16 -8 17 -86453
-9 17 -12 14 -81627
-7 -10 -5 -8 -91075
-8 13 -7 23 -93007
20 -3 17 9 -101067
18 -3 15 -7 -80907
-8 9 -8 15 -86927
5 10 3 6 -96845
5 -17 15 -19 -97155
19 13 12 21 -76423
-2 15 -7 24 -89231
16 17 5 13 -95805
-24 0 -13 -1 -96925
12 0 19 4 -96985
14 -13 -3 -22 -99771
-2 17 -20 14 -110057
-2 -9 -23 -18 -101997
5 -11 24 -18 -99835
-11 -4 -8 2 -84127
6 5 2 6 -90327
24 14 23 -3 -86969
6 -2 24 -18 -101513
11 -1 11 3 -84449
20 2 20 -7 -83677
-3 4 -2 0 -100447
2 -10 2 -18 -101125
-8 9 -13 9 -94143
7 12 5 7 -100899
11 -8 12 -15 -85301
12 6 24 -16 -105187
13 22 -10 13 -97855
-15 -17 -13 -9 -89813
-17 4 -20 10 -100649
0 4 -3 6 -92545
9 -10 11 -5 -88299
-9 6 24 9 -101333
15 5 17 -12 -108873
1 -7 -3 -7 -94397
11 9 10 11 -104863
-13 -21 9 -20 -92479
8 0 12 -6 -98239
8 0 14 -2 -96577
-17 -2 -22 7 -98785
-14 3 -8 2 -100065
-4 17 -6 15 -87115
-9 -10 -7 -14 -87827
-10 -15 -14 -15 -75465
0 -10 -1 -10 -89359
15 9 13 14 -99319
-18 10 -23 -17 -99549
23 -5 20 -11 -54267
5 -10 6 -15 -92637
-20 -2 -20 18 -89553
19 21 1 17 -90749
5 6 24 18 -100429
-16 24 -16 -9 -96213
-8 7 -7 4 -96701
-7 -13 -8 -13 -75101
-1 24 17 11 -97985
24 -19 -3 -2 -101495
16 18 16 -23 -100917
11 12 7 8 -96637
7 -3 7 -4 -82919
-17 1 -19 -10 -94943
-3 3 -3 4 -91243
19 -5 16 -2 -84921
-15 -16 -16 -7 -93055
8 -16 11 -18 -77949
-16 24 -19 22 -37647
10 17 -3 -20 -116973
9 9 15 7 -98269
-7 -20 -11 -14 -94573
-10 -14 -9 -24 -81293
3 4 0 6 -91311
-3 18 6 18 -87173
1 8 1 3 -94787
-1 -12 0 -11 -93701
-10 14 -10 12 -71807
-13 19 -24 1 -96903
-5 -23 22 -6 -99203
21 -11 15 1 -103141
-24 1 15 3 -101933
-19 12 -17 6 -84863
-14 24 -10 -2 -99487
24 0 -12 23 -101769
-16 -6 -17 -1 -78055
17 -6 14 0 -98129
21 -1 24 14 -83405
-9 4 -13 -23 -101497
-10 8 -15 9 -95757
-24 0 -22 -6 -50587
11 11 15 11 -91625
0 -19 -5 -23 -60995
-7 -5 -6 -3 -90613
12 21 10 8 -90557
3 -11 1 -8 -89237
15 -21 6 -12 -102627
4 24 -12 19 -91365
-7 -15 -4 -22 -97031
-4 -11 -2 -14 -86677
23 8 19 16 -69065
1 -6 2 -6 -100421
-10 -10 -12 -13 -83983
-7 24 -13 -16 -107109
-1 9 -1 14 -92237
-7 20 -3 22 -72401
-7 -19 -2 -13 -92879
9 10 9 12 -92425
-24 3 -15 -21 -99283
2 11 8 11 -91485
-20 -6 -15 -1 -98987
17 5 16 6 -77417
-7 1 -4 -3 -98745
-20 4 -20 -14 -99267
-3 -14 -8 -17 -89579
-4 5 -1 11 -103573
-6 -14 -1 -19 -99599
-7 5 -5 7 -87103
6 10 9 8 -93777
-22 -16 -22 -3 -71073
3 22 -12 23 -85111
-15 24 -5 10 -90219
2 -11 0 -16 -102055
-3 11 2 18 -98107
11 -12 8 -1 -100409
7 -15 12 -15 -87093
-24 19 18 -2 -102037
17 6 17 9 -73815
-6 -22 -13 -15 -93011
24 -6 14 2 -93277
23 19 17 -10 -97355
0 -14 3 -12 -99661
21 -1 11 0 -94165
-22 -8 -22 10 -95505
-15 1 -5 -7 -121895
3 17 2 16 -82049
-9 -14 -9 -15 -69757
-18 8 -14 16 -93785
3 14 -2 17 -90263
-14 -2 -10 -3 -102261
-4 -7 -6 -5 -99043
6 -13 7 -14 -82149
-5 -11 -6 -8 -94885
-6 7 -6 5 -88111
-10 -7 -7 -10 -94045
16 9 13 10 -99227
-17 -12 -16 24 -98947
-22 -23 -9 -7 -97773
-14 -7 -20 -4 -91921
-1 19 -2 17 -78951
0 -12 0 -8 -90435
3 -22 9 -13 -87307
5 -8 24 -9 -96727
-8 2 -9 8 -100747
-4 -9 -5 -9 -86685
-15 5 -16 0 -75121
-18 6 -23 5 -51701
1 -8 4 -3 -92859
-9 -11 -10 -10 -83555
4 -24 0 0 -98519
3 24 -2 2 -101845
-9 15 -1 19 -105501
-10 10 -18 11 -100043
-8 -19 -6 -5 -106913
-11 7 -19 -24 -101665
-18 -12 -17 -15 -64979
9 -17 -12 -24 -88021
-24 10 -17 4 -84229
9 7 5 5 -97153
12 -15 14 -18 -63113
-6 19 -14 14 -99833
17 9 16 0 -88279
0 -5 0 -4 -81529
4 -5 4 -8 -88323
-1 -13 2 -16 -86927
21 16 24 -7 -91753
-23 11 -23 -5 -83325
19 10 15 6 -98281
-16 0 -23 -5 -92975
-6 13 -23 22 -77701
-19 11 -12 23 -97011
-15 4 -16 11 -89887
-6 17 -9 5 -105953
7 -6 11 -2 -91469
-22 0 -17 -2 -76627
-15 17 -4 19 -94639
-4 4 -7 1 -93309
20 21 -15 18 -96081
14 13 19 14 -92625
-24 7 23 -9 -98917
-13 -22 -14 -18 -48403
-11 -13 -14 -2 -101765
16 11 15 11 -94223
13 1 20 6 -99139
-7 14 -5 5 -100645
-11 7 -11 8 -75315
0 -1 1 1 -86207
-5 8 -1 7 -88893
-23 11 -5 21 -108167
-13 8 -18 5 -88753
-16 8 -12 9 -96423
8 -16 0 -21 -81877
-12 17 -9 5 -101759
-20 -16 -10 -24 -79253
9 -9 10 -18 -91129
1 4 6 -1 -97319
21 14 11 -24 -102421
4 -14 6 -15 -75595
8 -18 7 -16 -63749
22 -15 9 -12 -94181
6 0 10 -24 -97753
-3 -7 -3 -12 -96725
-9 23 -18 16 -84323
1 7 0 16 -101583
1 -15 -24 -23 -85989
-19 -4 -24 -22 -68663
-21 -24 -19 10 -96865
-15 -11 -17 -7 -75841
-24 -10 22 -15 -94603
2 -20 24 -18 -89427
9 -12 7 -7 -86657
-6 -15 -2 -15 -89149
15 -18 6 -22 -77649
11 -24 8 16 -102655
-2 -5 -24 -2 -109073
-8 9 -5 10 -85719
-21 -23 8 -17 -94121
-1 21 -1 17 -79183
-13 -16 4 -24 -88839
-8 -15 -7 -24 -80585
-21 -8 -18 -2 -82035
-10 -1 -5 2 -96733
22 -16 21 -21 -33737
-18 -4 -18 8 -96415
-17 -19 -12 -14 -70311
21 -4 19 -16 -79841
5 15 10 16 -83611
10 3 9 7 -75343
-9 -18 -7 -19 -72003
-17 0 -20 -2 -84883
3 -5 4 2 -96683
20 -7 20 -24 -67019
-5 15 0 14 -85969
-8 -16 -7 -21 -88757
-5 17 -10 11 -100259
0 7 4 8 -89325
-24 20 -1 4 -99785
0 -13 -5 -14 -94347
11 24 9 20 -25193
3 -5 -1 -2 -100875
11 -1 8 1 -94357
0 -14 -2 -21 -76783
1 0 0 4 -92071
-9 8 -16 17 -96451
24 -1 23 -13 -60065
19 15 22 1 -97243
8 1 9 3 -87615
0 12 4 24 -92727
0 -4 -2 0 -99763
-7 22 -5 13 -96393
-11 14 -17 10 -96621
18 -2 17 -5 -79005
-24 8 -2 12 -102347
-7 3 -6 1 -95919
15 23 24 6 -79773
22 24 12 14 -65443
0 9 -2 7 -92145
-1 -4 0 -1 -91749
-8 -7 -19 -6 -108517
8 -8 8 24 -95625
2 6 3 5 -89269
5 -6 4 -4 -95811
5 -3 4 -4 -87977
10 9 8 11 -100267
23 -10 18 -9 -43957
-1 -6 -1 -23 -99433
10 -11 9 -12 -83619
15 17 23 6 -101879
5 4 10 8 -102437
-18 -2 -17 -3 -73357
21 23 0 12 -94813
-11 20 24 16 -97003
24 10 15 6 -77569
0 24 1 23 -42699
11 15 1 17 -96589
-15 -15 -7 -11 -95395
23 22 -19 20 -86229
-11 21 -13 5 -102493
16 -3 15 4 -98551
5 -5 15 -24 -101367
-10 -2 -9 -7 -100799
20 -3 17 -2 -72061
19 10 15 14 -97141
11 13 13 11 -90527
7 0 7 -4 -84015
15 16 13 8 -93591
9 16 10 8 -102569
20 -22 22 -12 -51275
0 11 0 4 -97511
14 3 13 -1 -87133
3 -1 2 -1 -88127
20 -24 -4 -18 -77703
1 14 0 22 -91991
14 -15 8 -19 -77453
-20 6 -13 13 -100649
9 16 7 20 -73693
-2 -2 -2 -1 -90485
-20 19 -18 20 -45269
13 16 22 17 -83349
19 2 18 19 -97743
15 19 24 23 -42883
-8 -24 -2 -9 -98835
0 19 -3 22 -79465
13 3 11 4 -84625
16 -3 16 -19 -96393
12 12 9 7 -97765
-24 23 -22 24 -9915
22 14 15 16 -80989
22 1 20 -22 -90339
-1 6 -2 5 -88919
12 6 17 9 -99999
-1 -10 -2 -13 -92455
15 8 9 6 -95047
15 -1 12 -5 -84381
-5 13 -2 6 -101505
-1 -4 -18 -24 -101421
17 -6 20 -18 -78659
3 -21 22 -14 -98731
