-10 -21 -23 -16 -83277
16 4 18 12 -99445
18 -20 16 -21 -31603
-23 -5 -2 -24 -98111
-21 17 -20 -17 -93135
5 0 9 0 -92849
11 -17 24 -2 -92229
8 -11 5 -15 -96963
5 -12 1 -13 -92475
6 -12 8 -10 -96253
13 -10 11 -13 -80543
6 3 6 5 -82085
11 -22 14 -9 -82369
-15 23 -10 22 -50511
-1 -18 -4 -18 -80679
4 17 2 19 -82095
5 -15 5 -12 -83425
21 -21 -13 -22 -86429
-6 -14 -3 -22 -96771
-14 5 -12 7 -82279
-7 -3 -7 -8 -89647
10 -22 -22 -20 -87475
8 18 6 16 -76117
-7 21 -8 13 -94417
12 -20 -5 -24 -82959
15 1 21 21 -100923
-3 -15 3 -18 -95357
-23 16 11 19 -94627
-23 1 -13 1 -94103
-8 -6 -8 -9 -88711
1 -12 2 -12 -91137
-2 0 -24 -2 -97235
-4 -6 -4 -5 -93889
-7 -11 -22 -23 -94141
-21 5 -21 -6 -78147
-24 12 -19 5 -72217
13 12 13 8 -88249
3 -19 5 -14 -84953
-18 -2 -18 4 -74345
7 4 6 1 -88151
-2 13 1 12 -83141
-4 -3 -4 0 -87765
-9 4 -8 4 -81915
24 -14 14 -1 -89335
-7 -9 -7 -8 -88583
2 16 -2 20 -88951
-12 5 -11 4 -88511
-24 22 11 23 -75373
-24 -23 4 -20 -81097
4 -9 2 -9 -90261
19 19 18 10 -62907
-7 1 -3 2 -96507
-2 18 -9 17 -95613
-21 -5 24 -4 -95419
18 13 9 0 -117475
2 15 8 12 -90973
-15 -15 -13 -15 -77789
21 20 19 19 -37133
-24 20 -20 5 -71733
-3 -12 0 -13 -95121
4 11 6 16 -89387
4 15 1 10 -96949
0 21 -4 21 -77583
0 -23 15 -21 -82737
1 -16 3 -17 -76931
8 -9 2 -10 -95491
17 -14 18 0 -91981
14 -11 17 -3 -83715
-16 -16 -24 2 -93699
9 -10 18 -15 -95739
-1 -6 -5 -6 -96541
-4 -20 -7 -21 -58049
2 4 2 -1 -93787
15 3 10 0 -90515
-14 6 -14 3 -79181
7 10 13 11 -90227
11 20 6 11 -92625
13 -22 13 -9 -79611
16 -4 13 1 -89529
10 -22 15 -22 -55157
17 -20 7 -18 -85845
-16 7 -14 12 -78119
24 12 21 11 -24279
23 -6 24 13 -89981
4 17 6 21 -74279
-7 -17 6 -24 -82339
-13 -6 -15 -5 -84815
0 0 -1 -2 -92727
4 -2 6 -1 -84375
20 2 18 6 -74639
5 8 3 18 -93547
3 -24 8 -19 -54507
22 2 16 -4 -85645
22 6 19 -10 -92547
-21 -14 -17 -22 -63639
-17 -13 -13 -20 -90355
-20 -11 -15 -9 -87847
13 -5 11 -8 -79853
-23 -12 -15 -11 -71139
-10 -10 -10 -9 -78359
-6 -3 7 -12 -118495
-16 -6 -21 -15 -88271
-18 7 -18 2 -74061
10 -1 8 2 -87903
-14 4 -12 0 -89507
-6 7 -1 11 -93237
-6 -19 -1 -23 -65305
2 -14 1 -19 -77129
11 16 7 19 -85067
-11 16 -24 11 -81889
-14 -23 -19 -13 -85723
-19 -8 -19 -19 -75951
6 -11 13 -10 -94123
8 -4 11 -8 -87069
18 -14 22 -14 -43389
15 4 22 8 -88387
-23 19 -2 24 -80629
-20 7 -17 4 -85705
-11 2 -11 8 -86475
-13 23 -2 19 -80233
7 -4 5 -9 -97917
-14 -5 -19 -11 -88321
-12 -7 -9 -7 -74071
0 8 1 14 -90345
-5 3 -5 1 -86605
17 3 19 -6 -95043
22 3 18 8 -76971
3 9 4 11 -90395
12 1 11 11 -92319
7 15 1 20 -96415
17 13 -21 24 -89793
6 6 19 24 -95677
23 -12 11 -11 -90427
-23 -9 -15 -9 -79819
-5 -4 -10 -6 -91697
8 15 6 22 -83419
7 8 10 4 -90725
-11 18 -6 15 -86885
2 -4 2 -5 -108079
3 10 -2 15 -94013
-8 4 -9 0 -83775
22 -22 19 -8 -68681
-16 -11 -9 -6 -92035
9 19 9 17 -64473
-20 22 22 14 -94895
-3 19 -1 21 -73687
0 11 -1 14 -82379
-20 2 -24 -5 -60015
-9 14 -7 12 -80015
20 15 11 11 -97521
7 16 0 14 -95577
0 1 2 1 -84083
0 18 -3 24 -73041
-9 -5 -10 -2 -75135
0 -9 -2 -7 -93235
-21 12 -21 11 -48195
-18 -4 -9 0 -93193
-23 16 -13 11 -91455
-1 4 2 6 -91411
-14 14 -22 15 -76405
16 3 14 6 -82333
8 -8 9 -9 -76767
-21 6 -19 1 -75601
-20 -23 -3 -15 -87541
-22 -2 -17 -6 -86441
6 19 12 14 -92211
1 -13 2 -7 -89507
-14 -15 -20 -12 -79115
13 -8 24 4 -98561
1 5 -1 5 -81339
-8 -3 -11 0 -82851
0 23 17 22 -70915
-5 9 -8 10 -89595
-17 -13 -9 -17 -104015
-5 -2 -4 5 -95449
-13 -2 -13 -3 -68341
15 -7 10 -13 -90723
12 -12 10 -10 -74223
-7 17 -7 22 -67587
7 17 19 13 -95087
-19 4 -22 8 -79753
9 -1 14 0 -84367
-4 -9 -4 -12 -83971
-19 -1 -15 -13 -96059
-4 16 -8 17 -89019
-9 17 -12 14 -80795
-7 -10 -5 -8 -84885
-8 13 -7 23 -93739
23 -6 19 -19 -77001
18 -3 15 -7 -80859
-8 9 -8 15 -76695
5 10 3 6 -94563
5 -17 15 -19 -94263
19 13 12 21 -76299
-2 15 -7 24 -90989
3 -7 3 -3 -116405
-24 0 -13 -1 -96141
12 0 19 4 -95717
7 -19 -7 -22 -92923
-16 15 -18 17 -71083
19 4 14 1 -89249
5 -11 24 -18 -98201
-11 -4 -8 2 -94003
6 5 2 6 -89003
24 14 23 -3 -89375
-14 10 -16 17 -90179
11 -1 11 3 -79147
20 2 20 -7 -84501
2 4 3 0 -94369
-11 -14 -11 -15 -76273
-8 9 -13 9 -87541
7 12 5 7 -95303
11 -8 12 -15 -81713
-1 10 24 10 -95619
13 22 -10 13 -96671
-15 -17 -13 -9 -89639
20 -4 21 10 -94695
0 4 -3 6 -96387
9 -10 11 -5 -86217
-4 6 -5 6 -86943
-12 -13 -14 -16 -80117
1 -7 -3 -7 -94135
11 9 10 11 -91543
-3 1 -24 -18 -95397
8 0 12 -6 -97657
8 0 14 -2 -92411
11 -8 4 -19 -113087
-14 3 -8 2 -95407
-4 17 -6 15 -80441
-9 -10 -7 -14 -89371
-10 -15 -14 -15 -81209
0 -10 -1 -10 -92519
15 9 13 14 -88239
-18 10 -23 -17 -89931
23 -5 20 -11 -54421
5 -10 6 -15 -88701
-20 -2 -20 18 -86099
19 21 1 17 -89995
5 6 24 18 -100383
-16 24 -16 -9 -85073
-8 7 -7 4 -86033
-7 -13 -8 -13 -71303
-23 24 -19 11 -42983
24 -19 -3 -2 -97541
16 18 16 -23 -95867
11 12 7 8 -96411
7 -3 7 -4 -84923
23 -14 12 -10 -89795
-3 3 -3 4 -86231
19 -5 16 -2 -81155
21 23 6 -15 -102883
8 -16 11 -18 -73863
-16 24 -19 22 -38205
11 9 8 18 -91337
0 9 0 8 -76405
-7 -20 -11 -14 -93775
-10 -14 -9 -24 -89583
3 4 0 6 -93149
-3 18 6 18 -88649
1 8 1 3 -96325
-1 -12 0 -11 -90237
-10 14 -10 12 -71821
-13 19 -24 1 -88023
1 21 -4 19 -83121
21 17 21 12 -48127
-24 1 15 3 -95515
-19 12 -17 6 -80721
-14 17 -13 9 -91431
-3 1 -1 0 -91393
-16 -6 -17 -1 -78315
17 -6 14 0 -93779
21 -1 24 14 -85985
24 4 18 12 -78519
-10 8 -15 9 -86967
-24 0 -22 -6 -49369
11 11 15 11 -86411
0 -19 -5 -23 -64717
-7 -5 -6 -3 -92839
12 21 10 8 -88885
3 -11 1 -8 -89773
-23 19 -19 7 -79713
4 24 -12 19 -93677
-7 -15 -4 -22 -97447
-4 -11 -2 -14 -84715
23 8 19 16 -68853
-12 7 -19 13 -92699
-10 -10 -12 -13 -73339
-8 6 -11 12 -86845
-1 9 -1 14 -85823
-7 20 -3 22 -73739
-7 -19 -2 -13 -88635
9 10 9 12 -82621
-24 3 -15 -21 -95597
2 11 8 11 -91945
4 6 8 0 -95963
17 5 16 6 -77817
-7 1 -4 -3 -91033
13 17 11 24 -45919
-3 -14 -8 -17 -85355
-4 -4 0 -4 -94933
6 -10 7 -9 -91235
-7 5 -5 7 -82427
6 10 9 8 -92223
-22 -16 -22 -3 -74687
3 22 -12 23 -86197
-15 24 -5 10 -93231
2 -11 0 -16 -90769
-3 11 2 18 -94305
-10 3 -24 7 -94739
7 -15 12 -15 -84623
2 19 7 23 -62059
17 6 17 9 -79101
-6 -22 -13 -15 -92905
24 -6 14 2 -88731
23 19 17 -10 -99159
0 -14 3 -12 -96101
-12 12 -9 21 -92563
-22 -8 -22 10 -86217
-2 1 0 -1 -90667
3 17 2 16 -81955
-9 -14 -9 -15 -74023
-18 8 -14 16 -85397
3 14 -2 17 -90703
-14 -2 -10 -3 -85601
-4 -7 -6 -5 -88303
6 -13 7 -14 -80157
-5 -11 -6 -8 -90735
-6 7 -6 5 -78611
-10 -7 -7 -10 -91175
16 9 13 10 -86689
-13 -3 -17 2 -95615
-22 -23 -9 -7 -97461
-17 -7 -20 -4 -85173
-1 19 -2 17 -78987
0 -12 0 -8 -86237
3 -22 9 -13 -90687
5 -8 24 -9 -94381
-18 16 -17 14 -70949
-4 -9 -5 -9 -83615
-15 5 -16 0 -76783
-18 6 -23 5 -55651
1 -8 4 -3 -102251
-9 -11 -10 -10 -89307
4 -24 0 0 -98667
-15 20 -10 23 -64699
-10 -15 -14 -11 -97831
-14 17 -14 11 -83307
-14 -7 -16 -22 -92555
-11 7 -19 -24 -95597
-18 -12 -17 -15 -63625
9 -17 -12 -24 -89641
-24 10 -17 4 -85651
9 7 5 5 -87401
12 -15 14 -18 -61195
-6 19 -14 14 -96665
17 9 16 0 -90871
0 -5 0 -4 -100739
4 -5 4 -8 -101209
-1 -13 2 -16 -85881
21 16 24 -7 -92967
-23 11 -23 -5 -77093
19 10 15 6 -97981
-16 0 -23 -5 -82255
-6 13 -23 22 -84117
-19 11 -12 23 -80977
-15 4 -16 11 -79511
18 0 18 -1 -72491
7 -6 11 -2 -87193
-22 0 -17 -2 -80799
-15 17 -4 19 -95759
-4 4 -7 1 -92337
20 21 -15 18 -95923
14 13 19 14 -86125
-24 7 23 -9 -93129
-13 -22 -14 -18 -59373
-16 -23 -6 -13 -89311
16 11 15 11 -84983
-11 -12 -10 -4 -88211
-7 14 -5 5 -87947
-11 7 -11 8 -68407
0 -1 1 1 -82687
-5 8 -1 7 -91465
-20 -16 -20 -7 -74565
-13 8 -18 5 -81833
-16 8 -12 9 -84821
8 -16 0 -21 -87027
18 -6 11 -4 -82247
-20 -16 -10 -24 -86437
9 -9 10 -18 -90029
18 -4 22 -23 -79765
-12 -23 -12 -17 -59595
4 -14 6 -15 -76679
8 -18 7 -16 -60885
22 -15 9 -12 -98813
6 0 10 -24 -89339
-16 -5 24 -21 -91129
-9 23 -18 16 -81715
5 -3 2 -2 -95567
1 -15 -24 -23 -83687
-19 -4 -24 -22 -67731
-21 -24 -19 10 -87581
-15 -11 -17 -7 -75569
-24 -10 22 -15 -92811
2 -20 24 -18 -88275
9 -12 7 -7 -81907
-6 -15 -2 -15 -89721
15 -18 6 -22 -77311
11 -24 8 16 -94539
3 -5 2 -5 -87569
-8 9 -5 10 -86521
-21 -23 8 -17 -95107
-1 21 -1 17 -77993
-13 -16 4 -24 -88113
-8 -15 -7 -24 -86029
-21 -8 -18 -2 -71933
-10 -1 -5 2 -96885
22 -16 21 -21 -34255
24 -12 -8 -20 -93413
-17 -19 -12 -14 -80051
21 -4 19 -16 -83913
5 15 10 16 -82087
10 3 9 7 -80217
-9 -18 -7 -19 -66841
-17 0 -20 -2 -77397
3 -5 4 2 -93609
20 -7 20 -24 -72831
-5 15 0 14 -84573
-8 -16 -7 -21 -90961
-5 17 -10 11 -95105
0 7 4 8 -87879
-24 -11 21 4 -92585
0 -13 -5 -14 -97981
11 24 9 20 -28713
-12 18 -4 23 -86357
11 -1 8 1 -91053
0 -14 -2 -21 -75803
1 0 0 4 -94835
-12 -9 -16 -4 -90027
24 -1 23 -13 -59185
19 15 22 1 -98849
8 1 9 3 -81323
0 12 4 24 -92063
0 -4 -2 0 -93561
-7 22 -5 13 -93881
-11 14 -17 10 -83945
18 -2 17 -5 -79265
-24 8 -2 12 -92771
-7 3 -6 1 -91223
15 23 24 6 -78363
22 24 12 14 -67487
0 9 -2 7 -88239
-1 -4 0 -1 -101725
-14 -7 -19 -6 -91669
8 -8 8 24 -95357
2 6 3 5 -90909
5 -6 4 -4 -108669
5 -3 4 -4 -86355
10 9 8 11 -93023
23 -10 18 -9 -48865
-1 -6 -1 -23 -91861
10 -11 9 -12 -87351
15 17 23 6 -95535
-1 1 -4 0 -93449
-18 -2 -17 -3 -83667
21 23 0 12 -96651
-11 20 24 16 -92157
24 10 15 6 -75409
0 24 1 23 -42393
-18 23 -10 -24 -93527
-3 -3 -3 -9 -105223
23 22 -19 20 -86835
7 -11 1 1 -127707
16 -3 15 4 -87057
-10 2 -13 -5 -91253
-7 1 -17 -11 -108701
20 -3 17 -2 -68753
-9 15 -15 20 -77381
11 13 13 11 -83073
7 0 7 -4 -81967
15 16 13 8 -89673
-20 -9 -20 -8 -57333
20 -22 22 -12 -53599
0 11 0 4 -96475
14 3 13 -1 -82387
3 -1 2 -1 -88355
20 -24 -4 -18 -78527
1 14 0 22 -85783
14 -15 8 -19 -76559
-8 -17 -16 -11 -108839
9 16 7 20 -86765
-2 -2 -2 -1 -90735
-20 19 -18 20 -46957
13 16 22 17 -79347
19 2 18 19 -97657
15 19 24 23 -42211
-8 -24 -2 -9 -92805
0 19 -3 22 -79113
13 3 11 4 -80953
15 -19 15 0 -96855
12 12 9 7 -97925
-24 23 -22 24 -10391
22 14 15 16 -74235
22 1 20 -22 -89849
-1 6 -2 5 -85835
12 6 17 9 -99699
-1 -10 -2 -13 -86449
15 8 9 6 -92699
15 -1 12 -5 -85025
-8 5 -12 6 -92947
-10 -4 -11 5 -91345
17 -6 20 -18 -84827
3 -21 22 -14 -96815
