-10 -21 -23 -16 -83501
-5 10 -3 8 -84107
18 -20 16 -21 -39575
16 23 20 17 -63389
-10 -2 -14 -3 -77611
5 0 9 0 -84709
14 10 14 17 -79973
7 -21 2 -17 -64295
5 -12 1 -13 -87791
6 -12 8 -10 -86405
13 -10 11 -13 -75475
6 3 6 5 -73737
2 12 1 20 -83735
-15 23 -10 22 -54109
-1 -18 -4 -18 -77337
4 17 2 19 -73837
5 -15 5 -12 -76897
21 -21 -13 -22 -89605
5 11 6 5 -82293
-14 5 -12 7 -88521
-6 1 7 -13 -110917
10 -22 -22 -20 -85895
8 18 6 16 -75751
17 22 13 19 -50289
12 -20 -5 -24 -79793
15 1 21 1 -87613
-3 -15 3 -18 -90933
22 3 21 -3 -63885
19 7 20 0 -77573
-8 -6 -8 -9 -81127
1 -12 2 -12 -85251
-2 0 -24 -2 -85031
-4 -6 -4 -5 -74981
24 0 4 -1 -88445
-21 5 -21 -6 -88827
-24 12 -19 5 -71859
13 12 13 8 -76837
3 -19 5 -14 -83359
-18 -2 -18 4 -85585
7 13 9 10 -80373
-2 13 1 12 -85697
-4 -3 -4 0 -82011
-9 4 -8 4 -76379
24 -14 14 -1 -91503
-7 -9 -7 -8 -82169
2 16 -2 20 -84255
-12 5 -11 4 -81467
-24 22 11 23 -74935
-24 -23 4 -20 -82695
4 -9 2 -9 -88225
19 19 18 10 -72319
-7 1 -3 2 -85933
-8 -7 -11 13 -99955
-22 13 24 18 -92131
0 5 -3 6 -86837
2 15 8 12 -80111
-15 -15 -13 -15 -72151
21 20 19 19 -45349
-24 20 -20 5 -80477
0 -11 2 -6 -89237
4 11 6 16 -76061
15 -6 21 -6 -87943
0 21 -4 21 -75773
0 -23 15 -21 -82113
1 -16 3 -17 -77563
20 -10 12 -14 -86765
17 -16 8 -19 -81061
14 -11 17 -3 -87671
-16 -16 -24 2 -93169
-19 13 -17 22 -58729
5 -9 6 -9 -82381
-4 -20 -7 -21 -59219
2 4 2 -1 -79149
15 3 10 0 -84639
-14 6 -14 3 -82511
7 10 13 11 -87273
-24 -10 -19 -6 -60135
13 -22 13 -9 -81897
8 -7 12 -7 -87269
10 -22 15 -22 -59755
21 -10 13 -14 -87155
-16 7 -14 12 -87891
24 12 21 11 -42897
23 -6 24 13 -84873
4 17 6 21 -74805
-7 -17 6 -24 -79949
-13 -6 -15 -5 -83595
0 0 -1 -2 -85807
4 -2 6 -1 -75013
20 2 18 6 -84683
5 8 3 18 -88541
3 -24 8 -19 -57077
5 -17 -5 -19 -89911
22 -1 19 -10 -80319
-21 -14 -17 -22 -64039
-17 -13 -13 -20 -78141
-20 -11 -15 -9 -85859
13 -5 11 -8 -85191
-23 -12 -15 -11 -78301
-10 -10 -10 -9 -77491
-6 5 -9 3 -85675
-16 -6 -21 -15 -91893
-18 7 -18 2 -82611
19 16 14 23 -76147
-14 4 -12 0 -83147
19 18 22 17 -54975
-6 -19 -1 -23 -70965
2 -14 1 -19 -78939
11 20 5 3 -103577
-11 16 -24 11 -84685
-2 22 -4 9 -89659
-19 -8 -19 -19 -74793
24 -15 -5 -22 -84919
15 -4 11 -6 -92393
18 -14 22 -14 -54443
15 4 22 8 -85537
-23 19 -2 24 -80691
-20 7 -17 4 -83719
-11 -23 -11 -19 -57241
-13 23 -2 19 -75299
-13 -12 -14 -14 -80951
12 -3 10 -5 -90541
-12 -7 -9 -7 -76259
-7 -4 -9 0 -87725
-5 3 -5 1 -75653
11 3 12 0 -78755
22 3 18 8 -86405
3 9 4 11 -80477
-4 -18 -3 -17 -70013
-11 -24 -9 -12 -86293
17 13 -21 24 -87571
6 6 19 24 -87189
10 -8 10 -11 -76235
-23 -9 -15 -9 -82899
8 3 10 4 -79203
1 -1 4 -7 -90555
-4 8 -3 15 -81853
-11 18 -6 15 -79279
-19 -16 -21 -3 -95349
-10 18 -9 18 -63231
-8 4 -9 0 -76753
22 -22 19 -8 -76051
-12 -8 -9 -6 -78649
9 19 9 17 -73865
-19 21 -24 22 -30085
-3 19 -1 21 -75279
0 11 -1 14 -79347
-20 2 -24 -5 -71039
-9 14 -7 12 -79747
18 18 12 23 -67547
24 12 22 17 -49577
0 1 2 1 -75657
0 18 -3 24 -72819
-9 -5 -10 -2 -84489
0 -9 -2 -7 -79025
-21 12 -21 11 -55239
-21 14 -21 11 -58711
-23 -23 -4 -23 -74519
4 13 4 6 -89533
-14 14 -22 15 -74325
16 3 14 6 -81083
8 -8 9 -9 -80729
-21 6 -19 1 -85023
-20 -23 -3 -15 -86291
-22 -2 -17 -6 -89307
-15 -16 -1 -24 -91509
1 -13 2 -7 -91557
-14 -15 -20 -12 -77769
-10 -9 -15 -13 -87667
1 5 -1 5 -80913
-8 -3 -11 0 -83539
0 23 17 22 -68483
-8 9 -8 10 -69571
-5 11 -4 11 -73793
12 -5 14 16 -101927
-13 -2 -13 -3 -69645
22 -7 18 -6 -67833
12 -12 10 -10 -82655
-7 17 -7 22 -59535
-17 -20 -19 -14 -64203
-19 4 -22 8 -80639
11 2 14 -5 -81593
-4 -9 -4 -12 -82055
-8 1 -9 6 -86163
14 20 -8 17 -91095
-9 17 -12 14 -71243
-7 -10 -5 -8 -84923
11 11 8 12 -83347
23 -6 19 -19 -76681
18 -3 15 -7 -86729
-8 9 -8 15 -79979
12 0 8 -2 -88809
-19 -23 -19 -24 -8455
19 13 12 21 -87703
-2 15 -7 24 -87435
16 -3 18 -4 -87489
-24 -18 -6 -15 -87669
7 -21 14 -16 -80795
6 -19 10 -22 -61013
-16 15 -18 17 -72561
19 4 14 1 -78035
-20 -21 24 -18 -86077
-11 -4 -8 2 -84683
6 5 2 6 -74715
24 14 23 -3 -84109
-14 10 -16 17 -77367
11 -1 11 3 -79043
20 2 20 -7 -81265
20 -1 22 -6 -65737
-11 -14 -11 -15 -73611
-8 9 -13 9 -82965
7 12 5 7 -87781
11 -8 12 -15 -83569
15 -12 23 -5 -88555
13 -14 18 -17 -85621
-8 -18 -1 -24 -79049
-14 20 -22 22 -59029
11 4 8 7 -79329
9 -10 11 -5 -82755
-4 6 -5 6 -81761
-12 -13 -14 -16 -82803
1 -7 -3 -7 -79685
11 9 10 11 -83905
18 1 16 21 -92755
-22 0 13 -5 -99241
8 13 14 15 -84375
11 22 6 21 -57099
-14 3 -8 2 -88349
-4 17 -6 15 -65321
-9 -10 -7 -14 -84523
-10 -15 -14 -15 -76655
24 0 22 -7 -65639
15 9 13 14 -86747
12 -17 13 -16 -62321
23 -5 20 -11 -62749
5 -10 6 -15 -85527
-20 -2 -20 18 -86141
-20 0 -24 -11 -80869
-19 21 -9 18 -76931
-16 24 -16 -9 -84721
-8 7 -7 4 -83435
-7 -13 -8 -13 -76781
-23 24 -19 11 -58587
14 19 13 16 -60195
16 18 16 -23 -89365
12 -12 14 -24 -77431
7 -3 7 -4 -76225
23 -14 12 -10 -88181
-3 3 -3 4 -73497
19 -5 16 -2 -88499
21 11 -17 24 -87031
8 -16 11 -18 -73569
-16 24 -19 22 -40845
13 16 8 18 -71871
0 9 0 8 -71999
-7 -20 -11 -14 -86437
-5 15 -2 11 -87169
13 -14 11 -11 -79521
-3 18 6 18 -79481
1 8 1 3 -80495
-1 -12 0 -11 -81381
-10 14 -10 12 -67017
-13 19 -24 1 -89007
1 21 -4 19 -80913
21 17 21 12 -55089
-15 6 5 9 -103311
-19 12 -17 6 -77397
22 17 16 9 -82659
-3 1 -1 0 -81179
-16 -6 -17 -1 -81933
17 -2 16 0 -75099
21 -1 24 14 -79783
24 4 18 12 -85335
-10 8 -15 9 -84205
-24 0 -22 -6 -53427
11 11 15 11 -80053
0 -19 -5 -23 -62229
-7 -5 -6 -3 -82313
-6 13 -7 14 -81471
3 -11 1 -8 -85951
-23 19 -19 7 -87893
-21 3 -19 0 -77515
11 1 10 -2 -81215
-4 -11 -2 -14 -77845
23 8 19 16 -72343
4 8 -1 10 -81023
-10 -10 -12 -13 -81345
-8 6 -11 12 -88591
-23 -21 22 2 -87365
-7 20 -3 22 -69197
2 -9 1 -9 -84793
9 10 9 12 -75535
-2 16 4 22 -84669
2 11 8 11 -77947
23 2 15 0 -86127
17 5 16 6 -78237
-5 -11 -6 -11 -79973
13 17 11 24 -55879
-3 -14 -8 -17 -82499
-17 -21 -1 -23 -82271
6 -10 7 -9 -83181
-7 5 -5 7 -80961
16 -12 13 -7 -76655
-22 -16 -22 -3 -83067
3 22 -12 23 -79421
-3 22 -3 15 -83529
2 -11 0 -16 -84891
-16 0 -23 -1 -79007
-22 21 -18 14 -60153
7 -15 12 -15 -81675
2 19 7 23 -61599
17 6 17 9 -61799
-20 0 -19 4 -78187
22 12 23 12 -40935
17 6 24 -17 -83901
21 13 24 4 -69853
-12 12 -9 21 -77905
-22 -8 -22 10 -92071
-2 1 0 -1 -81299
3 17 2 16 -69441
-9 -14 -9 -15 -71135
-14 -18 -23 -20 -56747
1 11 -1 7 -86315
0 7 -2 6 -87345
17 -5 10 -4 -88559
6 -13 7 -14 -81147
-5 -11 -6 -8 -84253
-6 7 -6 5 -75993
-10 -7 -7 -10 -84227
16 9 13 10 -77763
-13 5 -14 0 -85175
-22 -23 -17 -13 -54019
-17 -7 -20 -4 -88585
-1 19 -2 17 -78543
0 -12 0 -8 -85611
3 -22 9 -13 -91099
-4 -8 0 -6 -86359
-18 16 -17 14 -72669
-4 -9 -5 -9 -76509
-15 5 -16 0 -86709
-18 6 -23 5 -54791
1 -8 4 -3 -88039
-9 -11 -10 -10 -81881
4 -24 0 0 -87483
-15 20 -10 23 -58949
-10 -15 -14 -11 -82745
-14 17 -14 11 -76035
-14 23 -15 -22 -86945
7 -10 14 -10 -89909
-18 -12 -17 -15 -62353
9 -17 -12 -24 -85139
-24 10 -17 4 -83919
9 7 5 5 -80157
12 -15 14 -18 -75431
-21 11 -2 18 -95207
17 9 16 0 -81381
0 -5 0 -4 -75675
4 -5 4 -8 -82499
-1 -13 2 -16 -80705
21 16 24 -7 -89991
-23 11 -23 -5 -79969
-14 10 -21 6 -81619
-16 0 -23 -5 -86443
-16 -5 -15 -12 -86949
-19 -7 -21 -2 -80029
-15 4 -16 11 -84199
18 0 18 -1 -66431
-1 16 3 13 -85151
-22 0 -17 -2 -79177
-10 -8 -11 -14 -87359
-4 4 -7 1 -86587
3 21 11 18 -76611
14 13 19 14 -81173
-24 7 23 -9 -89981
-13 -22 -14 -18 -65097
15 -23 14 -21 -32391
16 11 15 11 -74777
23 -1 21 -3 -53057
-12 -23 -13 -23 -40769
-11 7 -11 8 -74515
0 -1 1 1 -76943
23 21 23 -12 -79365
-20 -16 -20 -7 -79001
-13 8 -18 5 -87785
-16 8 -12 9 -87281
8 -16 0 -21 -88441
4 -4 8 -11 -97927
-20 -16 -10 -24 -81581
14 -13 17 -22 -85531
18 -4 22 -23 -84349
-12 -23 -12 -17 -70353
4 -14 6 -15 -79431
8 -18 7 -16 -65503
-8 0 -9 -24 -91617
6 0 10 -24 -84007
-16 -5 24 -21 -90721
-9 23 -18 16 -77833
22 -24 4 -21 -71983
1 -15 -24 -23 -84915
-19 -4 -24 -22 -74731
-21 -24 -19 10 -81059
-15 -11 -17 -7 -84927
-24 -10 22 -15 -87247
2 -20 24 -18 -83975
9 -12 7 -7 -88965
-12 3 -16 3 -82547
15 -18 6 -22 -79697
12 16 11 14 -70717
3 -5 2 -5 -79547
-8 9 -5 10 -75269
-5 -15 -2 -16 -82779
-1 21 -1 17 -78341
-2 19 -7 21 -76923
-8 -15 -7 -24 -78737
-21 -8 -18 -2 -83973
-3 -19 -4 -14 -74525
22 -16 21 -21 -41143
6 -6 8 -6 -83195
-17 -19 -12 -14 -78321
21 -4 19 -16 -79729
5 15 10 16 -79235
10 3 9 7 -69607
-9 -18 -7 -19 -69885
-17 0 -20 -2 -77909
3 -5 4 2 -85749
20 -7 20 -24 -77365
-14 18 -16 13 -74781
-8 -16 -7 -21 -82119
9 -23 8 -22 -40907
0 7 4 8 -82171
-15 5 -14 11 -90303
8 -3 7 -6 -80213
11 24 9 20 -36933
-12 18 -4 23 -72513
11 -1 8 1 -82481
0 -14 -2 -21 -75271
1 0 0 4 -77751
-12 -9 -16 -4 -95025
24 -1 23 -13 -64699
18 -17 15 -16 -74471
-11 12 -14 8 -89039
-2 11 0 10 -85431
0 -4 -2 0 -83593
-7 22 -5 13 -83887
-11 14 -17 10 -92487
18 -2 17 -5 -76353
-12 -1 -12 -24 -91373
-7 3 -6 1 -84179
15 23 24 6 -86247
22 24 12 14 -69515
0 9 -2 7 -87401
-1 -4 0 -1 -89087
-14 -7 -19 -6 -85103
8 -8 8 24 -91825
2 6 3 5 -74125
6 16 5 23 -69033
5 -3 4 -4 -78237
-17 -9 -16 -5 -74359
23 -10 18 -9 -59899
-20 8 -24 -8 -90839
10 -11 9 -12 -79119
9 -19 10 -12 -75813
-1 1 -4 0 -84109
-18 -2 -17 -3 -81707
21 23 -18 12 -90379
-11 20 24 16 -88967
24 10 15 6 -79997
0 24 1 23 -40793
6 1 6 5 -75357
23 20 -24 18 -86487
23 22 -19 20 -86349
9 14 9 21 -81109
0 11 1 14 -72715
-10 2 -13 -5 -86165
9 -2 15 -3 -87505
20 -3 17 -2 -85809
-9 15 -15 20 -74543
11 13 13 11 -83117
7 0 7 -4 -77771
-24 18 -4 17 -85597
-20 -9 -20 -8 -68655
20 -22 22 -12 -60247
-7 -10 -9 -11 -79191
14 3 13 -1 -78953
3 -1 2 -1 -72309
20 -24 -4 -18 -84979
-16 -15 0 -2 -101361
-20 -16 -24 -19 -29645
16 6 21 8 -81161
9 16 7 20 -77887
-2 -2 -2 -1 -83753
-20 19 -18 20 -54415
13 16 22 17 -82783
14 -15 18 -21 -82231
15 19 24 23 -48791
-6 -3 -5 -4 -78271
0 19 -3 22 -77811
13 3 11 4 -77515
-1 -18 1 -14 -79185
12 12 9 7 -82979
-24 23 -22 24 -16109
22 14 15 16 -80683
18 -20 20 -22 -28869
-1 6 -2 5 -79329
18 15 16 8 -79621
-1 -10 -2 -13 -83479
15 8 9 6 -83277
15 -1 12 -5 -91383
-18 0 -13 0 -78985
-10 -4 -10 -7 -76669
17 -6 20 -18 -86329
-11 -21 -9 -17 -70077
