-10 -21 -23 -16 -84104
-5 10 -3 8 -80404
18 -20 16 -21 -43256
16 23 20 17 -64546
-10 -2 -14 -3 -72542
5 0 9 0 -84392
14 10 14 17 -77592
7 -21 2 -17 -67330
5 -12 1 -13 -85126
6 -12 8 -10 -90202
13 -10 11 -13 -83166
6 3 6 5 -77458
2 12 1 20 -76502
-15 23 -10 22 -59164
-1 -18 -4 -18 -75752
4 17 2 19 -71412
5 -15 5 -12 -80354
21 -13 4 -22 -99938
5 11 6 5 -83018
15 20 12 18 -76920
5 -15 8 -13 -81400
10 -22 -22 -20 -87148
8 18 6 16 -79592
17 22 13 19 -62002
12 -20 -5 -24 -81230
15 1 21 1 -90198
-21 14 -14 16 -79994
22 3 21 -3 -78234
19 7 20 0 -81930
-8 -6 -8 -9 -76008
1 -12 2 -12 -81286
-2 0 -24 -2 -79658
-4 -6 -4 -5 -72148
21 -4 24 6 -76324
-21 5 -21 -6 -83084
-24 12 -19 5 -69350
13 12 13 8 -80120
3 -19 5 -14 -78910
-18 -2 -18 4 -81548
7 13 9 10 -80664
-2 13 1 12 -82142
-4 -3 -4 0 -81422
-9 4 -8 4 -71530
-20 1 -16 0 -88516
-7 -9 -7 -8 -77910
-13 21 -12 22 -56346
-12 5 -11 4 -83292
-24 22 11 23 -76378
-24 -23 4 -20 -83456
4 -9 2 -9 -84800
19 19 18 10 -71814
10 14 7 12 -77164
-23 -21 -19 -19 -37204
-3 7 1 7 -90016
19 -12 10 -16 -93478
2 15 8 12 -87686
-15 -15 -13 -15 -71512
21 20 19 19 -44382
-24 20 -20 5 -72340
0 -11 2 -6 -84078
4 11 6 16 -74860
15 -6 21 -6 -85400
0 21 -4 21 -74428
0 -23 15 -21 -83522
1 -16 3 -17 -73882
10 13 11 4 -89386
17 -16 8 -19 -92072
14 -11 17 -3 -82594
-16 -16 -24 2 -86616
-19 13 -17 22 -60530
-21 13 -21 10 -69824
-4 -20 -7 -21 -55354
2 4 2 -1 -80236
15 3 10 0 -82328
-14 6 -14 3 -75182
19 13 0 12 -95642
-24 -10 -19 -6 -58332
24 2 17 7 -89448
8 -7 12 -7 -83414
10 -22 15 -22 -62360
21 -10 13 -14 -85386
-16 7 -14 12 -76952
24 12 21 11 -43952
23 -6 24 13 -87038
4 17 6 21 -78330
-7 -17 6 -24 -82036
-13 -6 -15 -5 -74500
0 0 -1 -2 -82708
4 -2 6 -1 -83636
20 2 18 6 -91458
5 14 3 14 -80396
3 -24 8 -19 -56850
5 -17 -5 -19 -87652
22 -1 19 -10 -84034
-21 -14 -17 -22 -63056
-17 -13 -13 -20 -77806
-20 -11 -15 -9 -88334
13 -5 11 -8 -80684
-23 -12 -15 -11 -78576
-10 -10 -10 -9 -69894
-6 5 -9 3 -82074
-16 -6 -21 -15 -89438
-18 7 -18 2 -76164
19 16 14 23 -76836
-14 4 -12 0 -83110
19 18 22 17 -53992
-6 -19 -1 -23 -69586
2 -14 1 -19 -80046
-1 11 0 10 -80250
-11 16 -24 11 -85532
5 -19 1 -21 -67272
-19 -8 -19 -19 -70094
24 -15 -5 -22 -86746
-11 1 -16 -5 -82514
18 -14 22 -14 -51818
15 4 22 8 -88322
-23 19 -2 24 -80498
-20 7 -17 4 -84466
-11 -23 -11 -19 -52304
-13 23 -2 19 -75762
-13 -12 -14 -14 -75656
12 -3 10 -5 -82624
-12 -7 -9 -7 -71880
-7 -4 -9 0 -83694
-5 3 -5 1 -75696
11 3 12 0 -82000
22 3 18 8 -97002
3 9 4 11 -82108
-4 -18 -3 -17 -73984
8 -2 1 -24 -103432
17 13 -21 24 -86950
6 6 19 24 -87228
10 -8 10 -11 -75796
-23 -9 -15 -9 -82834
8 3 10 4 -76822
1 -1 4 -7 -85538
-4 8 -3 15 -82728
-11 18 -6 15 -79298
23 0 23 -4 -70794
-10 18 -9 18 -62490
-8 4 -9 0 -74602
22 -22 19 -8 -81052
-12 -8 -9 -6 -73558
9 19 9 17 -77852
-19 21 -24 22 -31064
-3 19 -1 21 -73880
0 11 -1 14 -77078
-20 2 -24 -5 -64716
-9 14 -7 12 -78278
18 18 12 23 -68708
24 12 22 17 -50182
0 1 2 1 -84616
0 18 -3 24 -72572
-9 -5 -10 -2 -79146
0 -9 -2 -7 -75554
-21 12 -21 11 -67426
-21 14 -21 11 -65206
-23 -23 -4 -23 -75344
4 13 4 6 -85468
-14 14 -22 15 -80810
16 3 14 6 -84038
8 -8 9 -9 -76818
-21 6 -19 1 -82322
-20 -23 -3 -15 -83296
-22 -2 -17 -6 -91096
0 0 -1 12 -94836
-10 6 -10 22 -88848
-14 -15 -20 -12 -76674
9 18 5 17 -78516
1 5 -1 5 -89270
-8 -3 -11 0 -76818
0 23 17 22 -68376
-8 9 -8 10 -67362
-5 11 -4 11 -71114
-4 -14 -7 -17 -78656
-13 -2 -13 -3 -66264
22 -7 18 -6 -65050
12 -12 10 -10 -82258
-7 17 -7 22 -63108
-17 -20 -19 -14 -63864
-19 4 -22 8 -77880
7 -14 10 7 -99550
-4 -9 -4 -12 -77018
-8 1 -9 6 -82002
-15 21 -13 18 -54948
-9 17 -12 14 -69476
-7 -10 -5 -8 -80306
11 11 8 12 -80800
23 -6 19 -19 -78802
18 -3 15 -7 -80824
-8 9 -8 15 -80958
12 0 8 -2 -82914
-19 -23 -19 -24 -7024
19 13 12 21 -87186
-2 15 -7 24 -89144
16 -3 18 -4 -88488
-24 -18 -6 -15 -87824
7 -21 14 -16 -86016
6 -19 10 -22 -63100
-16 15 -18 17 -75748
19 4 14 1 -81318
-20 -21 24 -18 -82820
-11 -4 -8 2 -85064
6 5 2 6 -81590
24 14 23 -3 -88218
-14 10 -16 17 -79612
11 -1 11 3 -82458
20 2 20 -7 -88186
20 -1 22 -6 -68920
-11 -14 -11 -15 -73068
-8 9 -13 9 -80776
-9 -2 -8 0 -76028
-10 9 -9 6 -80068
15 -12 23 -5 -86366
13 -14 18 -17 -83964
-8 -18 -1 -24 -76068
-14 20 -22 22 -60946
11 4 8 7 -81388
9 -10 11 -5 -84236
-4 6 -5 6 -74292
-12 -13 -14 -16 -77894
1 -7 -3 -7 -77940
11 9 10 11 -88666
5 -24 7 -2 -94594
2 4 0 4 -89650
8 13 14 15 -86308
11 22 6 21 -63230
11 21 8 17 -83446
-4 17 -6 15 -66694
-9 -10 -7 -14 -81440
-10 -15 -14 -15 -72910
24 0 22 -7 -76494
15 9 13 14 -88912
12 -17 13 -16 -71038
23 -5 20 -11 -63456
5 -10 6 -15 -86712
-20 -2 -20 18 -84244
-20 0 -24 -11 -74672
-19 21 -9 18 -81214
-16 24 -16 -9 -84116
-8 7 -7 4 -81834
-7 -13 -8 -13 -72870
-23 24 -19 11 -53666
14 19 13 16 -71456
17 14 19 5 -84018
12 -12 14 -24 -73112
7 -3 7 -4 -74480
23 -14 12 -10 -84820
-3 3 -3 4 -75420
19 -5 16 -2 -88922
21 11 -17 24 -87712
8 -16 11 -18 -75506
-16 24 -19 22 -44308
13 16 8 18 -72478
0 9 0 8 -73534
-7 -20 -11 -14 -84278
-5 15 -2 11 -82632
13 -14 11 -11 -81086
-3 18 6 18 -79266
1 8 1 3 -84554
-1 -12 0 -11 -78910
-10 14 -10 12 -69766
-13 19 -24 1 -87940
1 21 -4 19 -79290
21 17 21 12 -55348
-21 10 -21 -9 -86552
-19 12 -17 6 -75616
22 17 16 9 -83682
-3 1 -1 0 -76054
-16 -6 -17 -1 -76618
17 -2 16 0 -77400
21 -1 24 14 -84746
24 4 18 12 -94572
-10 8 -15 9 -80892
-24 0 -22 -6 -53906
11 11 15 11 -82572
0 -19 -5 -23 -62974
-7 -5 -6 -3 -80050
-6 13 -7 14 -79558
3 -11 1 -8 -77302
-23 19 6 21 -88380
-21 3 -19 0 -78774
11 1 10 -2 -77484
-4 -11 -2 -14 -75952
23 8 19 16 -76368
4 8 -1 10 -85914
-10 -10 -12 -13 -68190
18 -10 10 -11 -87396
-23 -21 22 2 -90522
-7 20 -3 22 -66522
2 -9 1 -9 -83172
9 10 9 12 -75346
-2 16 4 22 -86902
2 11 8 11 -88450
23 2 15 0 -89018
17 5 16 6 -82056
-5 -11 -6 -11 -77432
13 17 11 24 -58354
-5 -14 -5 -22 -84134
-17 -21 -1 -23 -75284
6 -10 7 -9 -85720
-7 5 -5 7 -79190
16 -12 13 -7 -76566
-22 -16 -22 -3 -72480
3 22 -12 23 -79302
-3 22 -3 15 -81170
2 -11 0 -16 -84206
-16 0 -23 -1 -83216
-22 21 -18 14 -57670
7 -15 12 -15 -86004
2 19 7 23 -66654
17 6 17 9 -66396
-20 0 -19 4 -73126
22 12 23 12 -42116
17 6 24 -17 -85622
21 13 24 4 -78444
-12 12 -9 21 -80830
24 7 0 -24 -93448
-2 1 0 -1 -79974
3 17 2 16 -74056
-9 -14 -9 -15 -74134
-14 -18 -23 -20 -61510
1 11 -1 7 -86730
0 7 -2 6 -91894
17 -5 10 -4 -86360
6 -13 7 -14 -83610
-5 -11 -6 -8 -80672
-6 7 -6 5 -78100
-10 -7 -7 -10 -81540
16 9 13 10 -81208
-13 3 -14 4 -85750
-22 -23 -17 -13 -57096
-17 -7 -20 -4 -85880
-1 19 -2 17 -76932
0 -12 0 -8 -75748
-12 6 -10 7 -78338
-4 -8 0 -6 -82068
-18 16 -17 14 -73682
-4 -9 -5 -9 -73260
-15 5 -16 0 -77108
-18 6 -23 5 -55392
-6 -11 -7 -19 -81968
-9 -11 -10 -10 -78824
4 -24 0 0 -88104
-15 20 -10 23 -70408
-10 -15 -14 -11 -80394
-14 17 -14 11 -78256
-14 23 -15 -22 -84484
-12 -8 -17 -11 -78096
-18 -12 -17 -15 -59512
9 -17 -12 -24 -80424
-24 10 -17 4 -82132
9 7 5 5 -79524
12 -15 14 -18 -73278
-5 11 -2 18 -80318
17 9 16 0 -82568
0 -5 0 -4 -71250
4 -5 4 -8 -75718
-1 -13 2 -16 -76486
14 -6 10 0 -79972
-23 11 -23 -5 -72436
-14 10 -21 6 -79152
-16 0 -23 -5 -86522
-16 -5 -15 -12 -75428
-19 -7 -21 -2 -78142
-15 4 -16 11 -76376
18 0 18 -1 -70136
-1 16 3 13 -82850
-22 0 -17 -2 -87322
7 -3 4 -4 -91332
-4 4 -7 1 -80806
3 21 11 18 -76704
14 13 19 14 -85100
-24 7 23 -9 -85040
-13 -22 -14 -18 -59710
15 -23 14 -21 -32748
16 11 15 11 -78136
23 -1 21 -3 -60896
-12 -23 -13 -23 -40006
-11 7 -11 8 -71298
0 -1 1 1 -78086
23 21 23 -12 -75188
-20 -16 -20 -7 -70114
-13 8 -18 5 -79306
-16 8 -12 9 -79014
5 -4 0 -10 -92844
24 -19 19 -1 -78126
-20 -16 -10 -24 -80596
14 -13 17 -22 -81974
18 -4 22 -23 -88104
-12 -23 -12 -17 -64482
4 -14 6 -15 -78956
8 -18 7 -16 -67810
6 12 3 9 -88014
6 0 10 -24 -88380
-16 -5 24 -21 -86306
-9 23 -18 16 -81714
22 -24 4 -21 -75010
1 -15 -24 -23 -85156
-19 -4 -24 -22 -72634
-21 -24 -19 10 -77088
-15 -11 -17 -7 -74258
-24 -15 22 -22 -83892
2 -20 24 -18 -88988
9 -12 7 -7 -84796
-12 3 -16 3 -80828
15 -18 6 -22 -83578
12 16 11 14 -71988
3 -5 2 -5 -80956
-8 9 -5 10 -73270
-5 -15 -2 -16 -79556
-1 21 -1 17 -76436
-2 19 -7 21 -77038
-8 -15 -7 -24 -78882
-21 -8 -18 -2 -80768
-3 -19 -4 -14 -82244
22 -16 21 -21 -43154
6 -6 8 -6 -79708
-17 -19 -12 -14 -76264
21 -4 19 -16 -81992
14 21 10 18 -79390
10 3 9 7 -77384
-9 -18 -7 -19 -64020
-17 0 -20 -2 -81016
3 -5 4 2 -84976
20 -7 20 -24 -81174
-14 18 -16 13 -73474
-8 -16 -7 -21 -84452
9 -23 8 -22 -42456
0 7 4 8 -89418
18 -10 12 -21 -87212
8 -3 7 -6 -82802
11 24 9 20 -48842
-12 18 -4 23 -72482
11 -1 8 1 -78718
0 -14 -2 -21 -81012
1 0 0 4 -79804
11 5 11 1 -79678
24 -1 23 -13 -67790
18 -17 15 -16 -73722
-11 12 -14 8 -80234
10 -24 -10 -18 -83986
0 -4 -2 0 -82382
-7 22 -5 13 -85972
-24 -8 21 0 -87256
18 -2 17 -5 -74970
-12 -1 -12 -24 -81648
-7 3 -6 1 -81330
15 23 24 6 -86360
22 24 12 14 -75954
0 9 -2 7 -90172
-1 -4 0 -1 -84758
-14 -7 -19 -6 -83494
8 -8 8 24 -87030
2 6 3 5 -78200
6 16 5 23 -69520
5 -3 4 -4 -86054
-17 -9 -16 -5 -70394
23 -10 18 -9 -56958
23 1 22 15 -88232
10 -11 9 -12 -83896
9 -19 10 -12 -80108
-1 1 -4 0 -73102
-18 -2 -17 -3 -83314
21 23 -18 12 -83430
-11 20 24 16 -86412
24 10 15 6 -83084
0 24 1 23 -40560
6 1 6 5 -79162
23 20 -24 18 -80922
23 22 -19 20 -82300
9 14 9 21 -83440
0 11 1 14 -71912
6 -11 11 -12 -88704
9 -2 15 -3 -83366
20 -3 17 -2 -85590
-9 15 -15 20 -78144
11 13 13 11 -85414
7 0 7 -4 -75582
-24 18 -4 17 -86052
-20 -9 -20 -8 -61910
20 -22 22 -12 -62728
-7 -10 -9 -11 -74706
14 3 13 -1 -80394
3 -1 2 -1 -78814
20 -24 -4 -18 -84776
11 -15 11 -11 -81170
-20 -16 -24 -19 -36496
16 6 21 8 -84424
9 16 7 20 -78686
-2 -2 -2 -1 -83104
-20 19 -18 20 -58188
13 16 22 17 -86228
14 -15 18 -21 -79618
15 19 24 23 -48004
-6 -3 -5 -4 -74688
0 19 -3 22 -76140
13 3 11 4 -76666
-1 -18 1 -14 -81364
12 12 9 7 -81198
-24 23 -22 24 -17606
22 14 15 16 -81462
18 -20 20 -22 -28518
-1 6 -2 5 -82560
18 15 16 8 -81638
-1 -10 -2 -13 -79602
15 8 9 6 -80406
13 -9 13 -16 -83226
-18 0 -13 0 -83208
-10 -4 -10 -7 -71420
17 -6 20 -18 -88548
-11 -21 -9 -17 -62400
