-9 17 -12 21 -67830
-5 10 -3 8 -82822
18 -20 16 -21 -46900
16 23 20 17 -64200
-10 -2 -14 -3 -76072
-6 15 -3 16 -78156
14 10 14 17 -80722
7 -21 2 -17 -67926
5 -12 1 -13 -82602
-6 5 -10 15 -99368
13 -10 11 -13 -78602
6 3 6 5 -75726
2 12 1 20 -85188
-15 23 -10 22 -56926
-1 -18 -4 -18 -77612
4 17 2 19 -76120
5 -15 5 -12 -81840
-23 -22 -14 -15 -73280
5 11 6 5 -82684
15 20 12 18 -78410
5 -15 8 -13 -76970
22 3 22 7 -66330
8 18 6 16 -81056
17 22 13 19 -64116
12 -20 -5 -24 -81194
15 1 21 1 -84778
-21 14 -14 16 -73914
22 3 21 -3 -80248
19 7 20 0 -80716
-8 -6 -8 -9 -79738
1 -12 2 -12 -82256
11 -10 9 -9 -86570
-4 -6 -4 -5 -74518
21 -4 24 6 -79854
-1 21 0 10 -89198
-24 12 -19 5 -74206
13 12 13 8 -76884
3 -19 5 -14 -75094
-18 -2 -18 4 -76016
7 13 9 10 -85924
-2 13 1 12 -84622
-4 -3 -4 0 -77568
-9 4 -8 4 -74462
-20 1 -16 0 -82058
-7 -9 -7 -8 -80102
-13 21 -12 22 -56498
-12 5 -11 4 -77446
-24 22 11 23 -71202
-24 -23 4 -20 -75192
4 -9 2 -9 -80632
19 19 18 10 -74088
10 14 7 12 -78334
-23 -21 -19 -19 -41206
5 -14 22 24 -88302
10 10 10 17 -83040
-10 -3 -10 -4 -72884
-15 -15 -13 -15 -69848
21 20 19 19 -46346
-24 20 -20 5 -80340
0 -11 2 -6 -79490
4 11 6 16 -76284
15 -6 21 -6 -81770
0 21 -4 21 -72460
0 -23 15 -21 -85670
1 -16 3 -17 -76734
10 13 11 4 -87972
17 -16 8 -19 -86066
7 13 6 18 -82290
19 0 22 -3 -74262
-19 13 -17 22 -58570
-21 13 -21 10 -85892
-4 -20 -7 -21 -56810
2 4 2 -1 -79050
15 3 10 0 -78072
-14 6 -14 3 -73622
20 8 24 1 -74684
-24 -10 -19 -6 -54608
24 2 17 7 -78734
8 -7 12 -7 -90142
10 -22 15 -22 -63116
21 -10 13 -14 -79086
-16 7 -14 12 -80042
24 12 21 11 -43132
23 -2 24 -11 -63836
4 17 6 21 -75952
12 -8 6 -8 -94226
-13 -6 -15 -5 -77060
0 0 -1 -2 -76236
4 -2 6 -1 -82248
18 -18 20 10 -88174
5 14 3 14 -76010
3 -24 8 -19 -54728
20 -24 24 -20 -27754
22 -1 19 -10 -81270
-21 -14 -17 -22 -72522
-17 -13 -13 -20 -81036
-20 -11 -15 -9 -84136
13 -5 11 -8 -81648
-23 -12 -15 -11 -76376
-10 -10 -10 -9 -73734
-6 5 -9 3 -85624
8 -17 5 -15 -83748
-18 7 -18 2 -72412
19 16 14 23 -77356
-14 4 -12 0 -80226
19 18 22 17 -54246
-6 -19 -1 -23 -71394
2 -14 1 -19 -75150
-1 11 0 10 -76194
-12 -4 16 14 -98588
5 -19 1 -21 -64272
-19 -8 -19 -19 -70754
24 -15 -5 -22 -84316
-11 1 -16 -5 -81698
18 -14 22 -14 -57102
15 4 22 8 -90134
-23 19 -2 24 -78300
-20 7 -17 4 -84430
-11 -23 -11 -19 -58828
-13 23 -2 19 -77542
-13 -12 -14 -14 -78116
12 -3 10 -5 -87026
-12 -7 -9 -7 -78982
-9 5 -9 7 -77672
-5 3 -5 1 -77228
11 3 12 0 -78076
-13 -5 -15 -12 -82982
3 9 4 11 -80564
-4 -18 -3 -17 -73182
-9 13 -9 21 -83254
17 13 -21 24 -85700
-20 16 -24 15 -32058
10 -8 10 -11 -70930
-23 -9 -15 -9 -80258
8 3 10 4 -75332
-5 23 -3 18 -73506
-4 8 -3 15 -83896
-11 18 -6 15 -82674
23 0 23 -4 -70414
-10 18 -9 18 -63528
-8 4 -9 0 -74802
22 -22 19 -8 -72224
-12 -8 -9 -6 -78076
9 19 9 17 -78958
-19 21 -24 22 -33902
-3 19 -1 21 -72010
0 11 -1 14 -79708
-20 2 -24 -5 -64982
-9 14 -7 12 -81384
18 18 12 23 -72462
24 12 22 17 -51008
0 1 2 1 -78290
0 18 -3 24 -73612
18 -17 19 -18 -62082
0 -9 -2 -7 -75166
-21 12 -21 11 -82888
-21 14 -21 11 -81268
-23 -23 -4 -23 -68814
4 13 4 6 -85342
-14 14 -22 15 -78126
16 3 14 6 -77654
8 -8 9 -9 -74920
-21 6 -19 1 -81214
-20 -23 -3 -15 -77548
23 9 23 -6 -88384
0 13 -3 12 -80656
-10 -2 -13 1 -85278
-14 -15 -20 -12 -81650
9 18 5 17 -83802
1 5 -1 5 -71370
-8 -3 -11 0 -84734
0 23 17 22 -76408
-8 9 -8 10 -75028
-5 11 -4 11 -75150
-4 -14 -7 -17 -77174
-13 -2 -13 -3 -71594
22 -7 18 -6 -66554
12 -12 10 -10 -84004
-7 17 -7 22 -67122
-17 -20 -19 -14 -72550
-19 4 -22 8 -79248
-7 19 -6 18 -76580
-4 -9 -4 -12 -78248
-8 1 -9 6 -83532
-15 21 -13 18 -56740
-9 17 -12 14 -70676
-7 -10 -5 -8 -83162
11 11 8 12 -83322
23 -6 19 -19 -70064
18 -3 15 -7 -76870
-7 5 -6 4 -86764
12 0 8 -2 -82444
-19 -23 -19 -24 -7906
19 13 12 21 -88518
-5 -18 4 -21 -80346
16 -3 18 -4 -79212
20 -6 22 -15 -62112
7 -21 14 -16 -83890
6 -19 10 -22 -65022
-16 15 -18 17 -75568
19 4 14 1 -78702
-20 -21 24 -18 -76390
2 1 5 0 -83578
6 5 2 6 -78642
24 14 23 -3 -84818
-14 10 -16 17 -84098
11 -1 11 3 -78518
-10 -3 -11 0 -81800
20 -1 22 -6 -72210
-11 -14 -11 -15 -72936
-8 9 -13 9 -79224
-9 -2 -8 0 -68732
-10 19 -9 12 -85050
15 -12 23 -5 -82524
13 -14 18 -17 -82024
-8 -18 -1 -24 -77252
-14 20 -22 22 -59392
11 4 8 7 -78906
9 -10 11 -5 -82490
-4 6 -5 6 -79412
-12 -13 -14 -16 -81406
1 -7 -3 -7 -83010
11 9 10 11 -86682
-14 -24 -23 -9 -84660
14 8 5 -17 -105970
8 13 14 15 -86412
11 22 6 21 -78420
11 13 8 17 -84944
-4 17 -6 15 -75186
-9 -10 -7 -14 -79162
-10 -15 -14 -15 -73422
24 0 22 -7 -73576
12 -11 13 -5 -78820
12 -17 13 -16 -68524
23 -5 20 -11 -61700
5 -10 6 -15 -88194
-20 -2 -20 18 -84942
-20 0 -24 -11 -73130
-19 21 -9 18 -78246
-16 24 -16 -9 -83334
11 -5 14 -2 -83200
-7 -13 -8 -13 -71304
-23 24 -19 11 -55212
14 19 13 16 -70210
17 14 19 5 -76848
12 -12 14 -24 -76410
7 -3 7 -4 -71606
23 -14 12 -10 -84560
-3 3 -3 4 -75870
10 23 8 20 -64470
21 11 -17 24 -87576
8 -16 11 -18 -77816
-16 24 -19 22 -43476
13 16 8 18 -82048
0 9 0 8 -70336
4 -13 4 -9 -76684
-5 15 -2 11 -85914
13 -14 11 -11 -80628
-3 18 6 18 -79876
1 8 1 3 -78932
-1 -12 0 -11 -82338
-10 14 -10 12 -76776
2 -24 -24 -21 -72084
1 21 -4 19 -77120
21 17 21 12 -57888
24 21 21 0 -73440
-19 12 -17 6 -79370
22 17 16 9 -83898
-3 1 -1 0 -77894
-16 -6 -17 -1 -77880
17 -2 16 0 -82302
21 -1 24 14 -83682
-10 12 -10 7 -85072
-10 8 -15 9 -77074
-24 0 -22 -6 -52448
11 11 15 11 -80478
0 -19 -5 -23 -67074
-7 -5 -6 -3 -81136
-6 13 -7 14 -81596
3 -11 1 -8 -77548
0 1 3 -3 -79712
-21 3 -19 0 -76850
11 1 10 -2 -79226
-4 -11 -2 -14 -78492
23 8 19 16 -70616
4 8 -1 10 -77522
-10 -10 -12 -13 -73518
18 -10 10 -11 -78126
16 -23 19 -16 -55136
-7 20 -3 22 -68788
2 -9 1 -9 -82694
9 10 9 12 -77952
-2 16 -8 -8 -101894
2 11 8 11 -81180
23 2 15 0 -84364
17 5 16 6 -73962
-5 -11 -6 -11 -78960
13 17 11 24 -61944
-5 -14 -5 -22 -83890
-17 -21 -1 -23 -73752
6 -10 7 -9 -73226
-7 5 -5 7 -81738
16 -12 13 -7 -72182
-22 -16 -22 -3 -65176
3 22 -12 23 -76626
-3 22 -3 15 -80132
2 -11 0 -16 -83110
-16 0 -23 -1 -76282
-22 21 -18 14 -58226
7 -15 12 -15 -86732
2 19 7 23 -67730
17 6 17 9 -63782
-20 0 -19 4 -66788
22 12 23 12 -40736
17 6 24 -17 -89732
21 13 24 4 -64364
-12 12 -9 21 -86450
-2 -5 -2 -4 -75332
-2 1 0 -1 -78750
3 17 2 16 -69108
-9 -14 -9 -15 -73210
-14 -18 -23 -20 -62192
1 11 -1 7 -88062
-24 7 -20 -13 -75906
-3 1 -8 2 -87934
6 -13 7 -14 -85406
-5 -11 -6 -8 -81090
-6 7 -6 5 -77236
-10 -7 -7 -10 -81738
16 9 13 10 -78610
-21 1 -21 -5 -68348
-22 -23 -17 -13 -63766
-17 -7 -20 -4 -76656
-1 19 -2 17 -75364
0 -12 0 -8 -77750
-12 6 -10 7 -79340
-4 -8 0 -6 -86472
-18 16 -17 14 -75500
-4 -9 -5 -9 -77296
-15 5 -16 0 -73794
-18 6 -23 5 -53162
-6 -11 -7 -19 -80444
-9 -11 -10 -10 -79074
16 -6 14 0 -83354
-15 20 -10 23 -69972
-10 -15 -14 -11 -80162
-14 17 -14 11 -81188
-14 23 -15 -22 -85896
-12 -8 -17 -11 -81564
-18 -12 -17 -15 -65622
9 -17 -12 -24 -81624
-24 10 -17 4 -84606
9 7 5 4 -81592
12 -15 14 -18 -73044
8 -5 -14 -24 -87750
17 9 16 0 -81826
0 -5 0 -4 -71592
4 -5 4 -8 -68316
-1 -13 2 -16 -81286
14 -6 10 0 -79258
-23 11 -23 -5 -65062
-14 10 -21 6 -76350
-16 0 -23 -5 -84862
-16 -5 -15 -12 -79988
-19 -7 -21 -2 -71130
-15 4 -16 11 -78110
18 0 18 -1 -77110
-1 16 3 13 -86124
-22 0 -17 -2 -77638
-2 -24 3 -17 -62806
-4 4 -7 1 -84604
3 21 11 18 -86248
14 13 19 14 -83734
-24 7 23 -9 -86566
-13 -22 -14 -18 -68156
15 -23 14 -21 -36414
16 11 15 11 -77438
23 -1 21 -3 -58778
-12 -23 -13 -23 -43388
-11 7 -11 8 -75254
0 -1 1 1 -74550
23 21 23 -12 -78968
-20 -16 -20 -7 -66812
-13 8 -18 5 -77772
-16 8 -12 9 -76490
-10 -22 -15 -17 -77146
24 -19 19 -1 -75034
-20 -16 -10 -24 -79096
14 -13 17 -22 -85484
-9 14 -9 10 -82412
-12 -23 -12 -17 -72156
4 -14 6 -15 -80568
8 -18 7 -16 -69904
-16 -23 -10 -15 -79118
6 0 10 -24 -77136
0 -11 -4 -11 -84738
-9 23 -18 16 -80472
22 -24 4 -21 -76344
-3 8 6 13 -104268
-19 -4 -24 -22 -70348
-21 -24 -19 10 -74796
-15 -11 -17 -7 -76504
-24 -15 22 -22 -72768
2 -20 24 -18 -87292
7 3 1 0 -92648
-12 3 -16 3 -76120
15 -18 6 -22 -82372
12 16 11 14 -75376
3 -5 2 -5 -78824
-8 9 -5 10 -75086
-5 -15 -2 -16 -82642
-1 21 -1 17 -76320
15 21 10 23 -58102
-8 -15 -7 -24 -82954
-21 -8 -18 -2 -82012
-3 -19 -4 -14 -79918
22 -16 21 -21 -48874
6 -6 8 -6 -75526
-17 -19 -12 -14 -80334
-1 9 3 11 -90358
14 21 10 18 -81144
10 3 9 7 -75812
-9 -18 -7 -19 -61726
-17 0 -20 -2 -78548
3 -5 4 2 -81516
20 -7 20 -24 -73606
-14 18 -16 13 -73516
-8 -16 -7 -21 -85682
9 -23 8 -22 -45224
20 4 1 0 -89396
18 -10 12 -21 -80874
8 -3 7 -6 -79662
11 24 9 20 -56954
-12 18 -4 23 -75276
11 -1 8 1 -73810
3 18 7 18 -79802
1 0 0 4 -78590
11 5 11 1 -74778
24 -1 23 -13 -71408
18 -17 15 -16 -73946
-11 12 -14 8 -83474
10 -24 -10 -18 -79452
0 -18 -1 -17 -74244
2 -24 19 -23 -83370
-22 9 -21 15 -80380
18 -2 17 -5 -75752
-12 -1 -12 -24 -86852
-7 3 -6 1 -86608
15 23 24 6 -82986
22 24 12 14 -76168
0 9 -2 7 -82480
-7 -24 2 0 -92340
-14 -7 -19 -6 -82762
-3 -3 -5 0 -83590
2 6 3 5 -72250
6 16 5 23 -71004
5 -3 4 -4 -78298
-17 -9 -16 -5 -75124
23 -10 18 -9 -60734
-18 -16 -20 -14 -68256
10 -11 9 -12 -79294
9 -19 10 -12 -78216
-1 1 -4 0 -75482
-18 -2 -17 -3 -76296
21 23 -18 12 -84228
-11 20 24 16 -86472
24 10 15 6 -83070
0 24 1 23 -41640
6 1 6 5 -76462
23 20 -24 18 -81138
23 22 -19 20 -83752
9 14 9 21 -87654
0 11 1 14 -76834
16 -3 16 2 -84568
-23 13 24 -8 -90594
20 -3 17 -2 -82610
10 22 7 22 -70994
11 13 13 11 -84590
7 0 7 -4 -73842
-24 18 -4 17 -82482
-20 -9 -20 -8 -59648
20 -22 22 -12 -64320
-7 -10 -9 -11 -75072
-24 7 -24 16 -64480
3 -1 2 -1 -82382
20 -24 -4 -18 -84150
11 -15 11 -11 -78270
-20 -16 -24 -19 -40906
16 6 21 8 -84978
9 16 7 20 -85072
-2 -2 -2 -1 -77122
-20 19 -18 20 -56992
13 16 22 17 -84914
14 -15 18 -21 -83794
15 19 24 23 -49604
-6 -3 -5 -4 -78180
0 19 -3 22 -76246
13 3 11 4 -72608
-1 -18 1 -14 -75270
12 12 9 7 -79570
-24 23 -22 24 -18376
22 14 15 16 -79736
18 -20 20 -22 -30960
-1 6 -2 5 -71526
18 15 16 8 -80358
-1 -10 -2 -13 -81244
15 8 9 6 -78088
13 -9 13 -16 -79614
-18 0 -13 0 -78922
-10 -4 -10 -7 -74314
-11 -5 -9 -5 -76388
-11 -21 -9 -17 -70922
