-9 17 -12 21 -71078
-5 10 -3 8 -81670
18 -20 16 -21 -50606
16 23 20 17 -59570
-6 17 -5 13 -72948
-6 15 -3 16 -76980
14 10 14 17 -79278
7 -21 2 -17 -64042
5 -12 1 -13 -79782
-11 18 -11 17 -56194
13 -10 11 -13 -70540
6 3 6 5 -79684
2 12 1 20 -78224
-15 23 -10 22 -59588
-1 -18 -4 -18 -71342
4 17 2 19 -69802
5 -15 5 -12 -72138
-23 -22 -14 -15 -74884
5 11 6 5 -74524
8 0 15 0 -75000
5 -15 8 -13 -80876
22 3 22 7 -73158
8 18 6 16 -77962
17 22 13 19 -72518
12 -20 -5 -24 -81280
15 1 21 1 -83462
-21 14 -14 16 -76706
22 3 21 -3 -80536
19 7 20 0 -83106
-8 -6 -8 -9 -78478
1 -12 2 -12 -76538
11 -10 9 -9 -77902
-4 -6 -4 -5 -70368
21 -4 24 6 -82340
14 -7 16 -12 -69576
-24 12 -19 5 -73458
13 12 13 8 -73126
15 19 18 20 -73362
-18 -2 -18 4 -82146
7 13 9 10 -79234
-2 13 1 12 -83562
-4 -3 -4 0 -75582
-9 4 -8 4 -70650
-20 1 -16 0 -86952
-7 -9 -7 -8 -79706
-13 21 -12 22 -55928
-12 5 -11 4 -75842
-24 22 11 23 -74740
-24 -23 4 -20 -74942
4 -9 2 -9 -77218
19 19 18 10 -78764
10 14 7 12 -76938
-23 -21 -19 -19 -43042
-9 -2 -13 -4 -75984
10 10 10 17 -79574
-10 -3 -10 -4 -69222
-15 -15 -13 -15 -71988
21 20 19 19 -49650
-24 20 -20 5 -79430
20 3 -21 -17 -87272
4 11 6 16 -80288
15 -6 21 -6 -77924
0 21 -4 21 -73944
0 -23 15 -21 -86516
13 23 16 24 -50724
19 6 11 5 -83022
4 -16 2 -19 -74878
22 12 22 21 -57642
19 0 22 -3 -73016
-19 13 -17 22 -61348
-21 13 -21 10 -84392
-4 -20 -7 -21 -58308
2 4 2 -1 -79604
15 3 10 0 -79142
-14 6 -14 3 -72518
20 8 24 1 -78800
-24 -10 -19 -6 -56080
24 2 17 7 -82270
8 -7 12 -7 -74540
10 -22 15 -22 -56536
16 14 13 14 -81252
-16 7 -14 12 -81008
24 12 21 11 -44982
23 -2 24 -11 -75034
4 17 6 21 -74568
13 -7 -15 -24 -86108
-13 -6 -15 -5 -74782
0 0 -1 -2 -74654
4 -2 6 -1 -72252
-12 17 -15 -16 -96976
5 14 3 14 -73712
3 -24 8 -19 -62362
20 -24 24 -20 -27384
-24 -1 -2 -2 -83332
-21 -14 -17 -22 -74618
-17 -13 -13 -20 -84670
-20 -11 -15 -9 -86440
13 -5 11 -8 -74768
-23 -12 -15 -11 -78312
-10 -10 -10 -9 -74728
7 4 8 6 -81584
8 -17 5 -15 -81342
-18 7 -18 2 -78240
19 16 14 23 -71612
-14 4 -12 0 -81762
19 18 22 17 -53384
-6 -19 -1 -23 -65226
2 -14 1 -19 -75272
-1 11 0 10 -77142
-18 8 -22 5 -69724
5 -19 1 -21 -66162
-19 -8 -19 -19 -75986
24 -15 -5 -22 -78672
1 23 1 2 -82980
18 -14 22 -14 -53596
14 -1 14 -3 -80144
-23 19 -2 24 -80540
-20 7 -17 4 -85838
-11 -23 -11 -19 -58928
-13 23 -2 19 -82474
-13 -12 -14 -14 -81174
-15 0 -15 1 -70938
-12 -7 -9 -7 -81184
-9 5 -9 7 -72280
-5 3 -5 1 -72176
11 3 12 0 -82864
-13 -5 -15 -12 -85010
3 9 4 11 -75260
-4 -18 -3 -17 -72944
-15 23 7 22 -83356
17 13 -21 24 -81610
-20 16 -24 15 -36594
10 -8 10 -11 -66352
-23 -9 -15 -9 -82118
8 3 10 4 -74576
-5 23 -3 18 -73132
-4 8 -3 15 -79922
-11 18 -6 15 -85422
23 0 23 -4 -71022
-10 18 -9 18 -65934
-8 4 -9 0 -72244
22 -22 19 -8 -71456
-12 -8 -9 -6 -79152
9 19 9 17 -74748
-19 21 -24 22 -41270
-3 19 -1 21 -72748
0 11 -1 14 -79242
-20 2 -24 -5 -66704
-9 14 -7 12 -83178
18 18 12 23 -71754
24 12 22 17 -63832
0 1 2 1 -75214
0 18 -3 24 -73038
18 -17 19 -18 -60894
0 -9 -2 -7 -73686
-21 12 -21 11 -81396
-21 14 -21 11 -78964
-23 -23 -4 -23 -71418
24 6 22 0 -65052
-14 14 -22 15 -79868
16 3 14 6 -83506
8 -8 9 -9 -69692
-21 6 -19 1 -82720
-20 -23 -3 -15 -79700
23 9 23 -6 -85816
0 13 -3 12 -78228
-10 -2 -13 1 -85232
-14 -15 -20 -12 -81814
9 18 5 17 -78030
1 5 -1 5 -74308
-8 -3 -11 0 -81764
0 23 17 22 -69436
-8 9 -8 10 -72888
-5 11 -4 11 -75346
-4 -14 -7 -17 -75594
-13 -2 -13 -3 -70130
22 -7 18 -6 -64150
12 -12 10 -10 -76108
-7 17 -7 22 -63774
-17 -20 -19 -14 -74602
-19 4 -22 8 -80534
-7 19 -6 18 -76136
-4 -9 -4 -12 -75936
12 -21 19 -17 -68506
-15 21 -13 18 -57866
-9 17 -12 14 -66776
-7 -10 -5 -8 -78334
11 10 8 8 -78260
23 -6 19 -19 -68460
18 -3 15 -7 -80522
-7 5 -6 4 -79716
-2 7 -24 2 -89430
-19 -23 -19 -24 -8072
-5 -4 -3 -5 -75034
-10 -6 14 9 -97892
16 -3 18 -4 -78504
20 -6 22 -15 -68056
7 -21 14 -16 -78850
6 -19 10 -22 -64208
-16 15 -18 17 -74610
19 4 14 1 -78982
-20 -21 24 -18 -76650
2 1 5 0 -76662
6 5 2 6 -77428
-10 -18 -12 -16 -76304
-14 10 -16 17 -82596
11 -1 11 3 -83214
-10 -3 -11 0 -79338
20 -1 22 -6 -73838
-11 -14 -11 -15 -75982
-8 9 -13 9 -84208
-9 -2 -8 0 -69316
-17 13 -9 11 -84028
15 -12 23 -5 -80520
13 -14 18 -17 -77274
-8 -18 -1 -24 -72876
-14 20 -22 22 -65270
11 4 8 7 -76112
9 -10 11 -5 -80012
-4 6 -5 6 -75370
-12 -13 -14 -16 -84044
1 -7 -3 -7 -74562
11 9 10 11 -77926
-14 -24 -23 -9 -87270
15 24 14 21 -37912
5 -15 6 -13 -79314
11 22 6 21 -69362
11 13 8 17 -79240
-4 17 -6 15 -71250
-9 -10 -7 -14 -80294
-10 -15 -14 -15 -77352
24 0 22 -7 -74286
12 -11 13 -5 -79102
12 -17 13 -16 -63788
23 -5 20 -11 -60864
12 14 10 14 -73396
4 6 0 6 -81744
-20 0 -24 -11 -77080
-19 21 -9 18 -81104
-16 24 -16 -9 -85478
23 10 23 3 -70488
-7 -13 -8 -13 -69088
-23 24 -19 11 -60808
14 19 13 16 -64774
17 14 19 5 -81402
12 -12 14 -24 -76640
7 -3 7 -4 -73324
0 6 -13 -6 -103700
-3 3 -3 4 -72024
10 23 8 20 -59270
-24 -18 -22 -3 -73438
8 -16 11 -18 -74418
-16 24 -19 22 -43516
13 16 8 18 -76400
0 9 0 8 -67040
4 -13 4 -9 -65016
-5 15 -2 11 -86800
13 -14 11 -11 -71860
-3 18 6 18 -77950
1 8 1 3 -76192
-1 -12 0 -11 -76144
-10 14 -10 12 -72368
2 -24 -24 -21 -73746
1 21 -4 19 -78396
21 17 21 12 -67972
24 21 21 0 -72518
-19 12 -17 6 -79350
22 17 16 9 -86662
-3 1 -1 0 -71336
-16 -6 -17 -1 -80132
17 -2 16 0 -83002
23 -1 24 -15 -81738
-10 12 -10 7 -82394
-10 8 -15 9 -84786
-24 0 -22 -6 -55054
11 11 15 11 -80400
0 -19 -5 -23 -64390
-7 -5 -6 -3 -76800
-6 13 -7 14 -83974
3 -11 1 -8 -73294
14 9 13 10 -75996
-21 3 -19 0 -78668
11 1 10 -2 -75020
-4 -11 -2 -14 -77048
23 8 19 16 -80256
4 8 -1 10 -77402
-10 -10 -12 -13 -75886
18 -10 10 -11 -70654
16 -23 19 -16 -57940
-7 20 -3 22 -69692
2 -9 1 -9 -77858
9 10 9 12 -73506
-22 -1 -19 10 -78972
2 11 8 11 -80144
23 2 15 0 -83058
17 5 16 6 -79312
-3 8 0 9 -82742
13 17 11 24 -61520
-5 -14 -5 -22 -85340
-17 -21 -1 -23 -75968
6 -10 7 -9 -69560
-7 5 -5 7 -78072
16 -1 13 -7 -86944
-22 -16 -22 -3 -78664
3 22 -12 23 -85076
-3 22 -3 15 -77628
2 -11 0 -16 -80698
-16 0 -23 -1 -82768
-22 21 -18 14 -65634
7 -15 12 -15 -80048
2 19 7 23 -66626
17 6 17 9 -66254
-20 0 -19 4 -74842
22 12 23 12 -45290
24 -15 24 15 -77944
21 13 24 4 -74028
19 -12 16 -14 -60262
-2 -5 -2 -4 -70604
-2 1 0 -1 -77170
3 17 2 16 -69452
-9 -14 -9 -15 -75792
-14 -18 -23 -20 -64504
1 11 -1 7 -81900
-24 7 -20 -13 -79232
3 10 4 14 -78004
6 -13 7 -14 -77314
-5 -11 -6 -8 -80312
-6 7 -6 5 -74356
-10 -7 -7 -10 -83610
10 -11 10 10 -93812
-21 1 -21 -5 -69606
-22 -23 -17 -13 -66376
-17 -7 -20 -4 -81524
-1 19 -2 17 -74506
0 -12 0 -8 -69358
-12 6 -10 7 -81806
-5 14 13 -22 -98004
-18 16 -17 14 -74496
-4 -9 -5 -9 -70482
-15 5 -16 0 -79350
-18 6 -23 5 -66194
-6 -11 -7 -19 -82668
-9 -11 -10 -10 -81430
10 -17 3 -22 -82650
-15 20 -10 23 -69482
-10 -15 -14 -11 -83518
-14 17 -14 11 -79458
-14 23 -15 -22 -90524
-12 -8 -17 -11 -82586
-18 -12 -17 -15 -67884
9 -17 -12 -24 -82058
-24 10 -17 4 -85386
9 7 5 4 -83580
12 -15 14 -18 -70362
22 -7 23 -9 -53694
17 9 16 0 -81834
0 -5 0 -4 -66080
4 -5 4 -8 -64326
-1 -13 2 -16 -71384
14 -6 10 0 -82880
-23 11 -23 -5 -68252
-14 10 -21 6 -84168
-16 0 -23 -5 -86544
-16 -5 -15 -12 -82322
-19 -7 -21 -2 -76552
-15 4 -16 11 -78342
18 0 18 -1 -78776
-1 16 3 13 -81414
-22 0 -17 -2 -83886
-2 -24 3 -17 -62486
-4 4 -7 1 -76888
-1 0 0 -2 -77164
14 13 19 14 -86154
-24 7 23 -9 -81902
-13 -22 -14 -18 -71240
15 -23 14 -21 -36954
16 11 15 11 -78936
23 -1 21 -3 -60546
-12 -23 -13 -23 -45214
-11 7 -11 8 -71978
0 -1 1 1 -75500
23 21 23 -12 -80982
-20 -16 -20 -7 -73054
-13 8 -18 5 -81378
-16 8 -12 9 -82254
-10 -22 -15 -17 -83290
24 -19 19 -1 -77398
-20 -16 -10 -24 -82468
14 -13 17 -22 -85682
-9 14 -9 10 -79578
-12 -23 -12 -17 -73730
4 -14 6 -15 -73576
8 -18 7 -16 -68370
-16 -23 -10 -15 -79922
6 0 10 -24 -75334
0 -11 -4 -11 -79212
-9 23 -18 16 -80694
22 -24 4 -21 -68066
-21 21 -20 20 -40938
-19 -4 -24 -22 -77214
-21 -24 -19 10 -78664
-15 -11 -17 -7 -77538
-24 -15 22 -22 -74468
16 -6 15 -1 -85882
0 21 -21 24 -79776
-12 3 -16 3 -75864
15 -18 6 -22 -76574
12 16 11 14 -72490
3 -5 2 -5 -74154
-8 9 -5 10 -73566
-5 -15 -2 -16 -79004
-1 21 -1 17 -74286
15 21 10 23 -55780
-8 -15 -7 -24 -83280
-21 -8 -18 -2 -82556
-3 -19 -4 -14 -80356
22 -16 21 -21 -50156
6 -6 8 -6 -69398
-17 -19 -12 -14 -81970
23 13 20 16 -68350
-8 -16 -9 -18 -75144
10 3 9 7 -76570
-9 -18 -7 -19 -62952
-17 0 -20 -2 -81580
3 -5 4 2 -83526
20 -7 20 -24 -72934
-14 18 -16 13 -73176
-8 -16 -7 -21 -87432
9 -23 8 -22 -42960
14 -3 16 -9 -78446
18 -10 12 -21 -79494
8 -3 7 -6 -78090
11 24 9 20 -53638
-12 18 -4 23 -75292
11 -1 8 1 -75006
3 18 7 18 -74188
1 0 0 4 -77666
11 5 11 1 -80204
24 -1 23 -13 -79800
18 -17 15 -16 -71432
-11 12 -14 8 -85420
10 -24 -10 -18 -75912
0 -18 -1 -17 -63200
2 -24 19 -23 -79662
-22 9 -21 15 -79750
18 -2 17 -5 -80706
-12 -1 -12 -24 -86470
-7 3 -6 1 -79922
15 23 24 6 -84186
22 24 12 14 -82012
0 9 -2 7 -83754
7 -3 4 4 -80620
-14 -7 -19 -6 -83992
-9 7 -12 23 -85912
2 6 3 5 -73312
6 16 5 23 -66946
5 -3 4 -4 -75396
-17 -9 -16 -5 -75828
23 -10 18 -9 -58072
-18 -16 -20 -14 -70922
10 -11 9 -12 -71576
9 -19 10 -12 -74954
-1 1 -4 0 -69076
-18 -2 -17 -3 -81000
21 23 -18 12 -84166
-11 20 24 16 -81984
24 10 15 6 -78326
0 24 1 23 -42586
6 1 6 5 -80540
23 20 -24 18 -77938
23 22 -19 20 -81288
9 14 9 21 -83358
0 11 1 14 -74066
16 -3 16 2 -88184
19 11 23 4 -86742
20 -3 17 -2 -80784
10 22 7 22 -62418
11 13 13 11 -79144
7 0 7 -4 -74794
-24 13 -4 13 -86164
-20 -9 -20 -8 -63858
20 -22 22 -12 -64722
-7 -10 -9 -11 -73924
-24 7 -24 16 -63596
3 -1 2 -1 -74552
20 -24 -4 -18 -79002
11 -15 11 -11 -67270
-20 -16 -24 -19 -43268
16 6 21 8 -76698
9 16 7 20 -79968
-2 -2 -2 -1 -76638
-20 19 -18 20 -58348
21 17 13 11 -96740
14 -15 18 -21 -84386
15 19 24 23 -54416
-6 -3 -5 -4 -75116
0 19 -3 22 -75768
13 3 11 4 -76812
-1 -18 1 -14 -75942
12 12 9 7 -82262
-24 23 -22 24 -19004
22 14 15 16 -78586
18 -20 20 -22 -30466
-1 6 -2 5 -73288
18 15 16 8 -80612
-1 -10 -2 -13 -76620
15 8 9 6 -82628
0 -12 -5 21 -95776
-18 0 -13 0 -79344
-10 -4 -10 -7 -70416
-11 -5 -9 -5 -79478
-11 -21 -9 -17 -75310
