-21 -5 -23 -5 -45253
-9 10 -8 10 -75387
18 -20 16 -21 -56399
16 23 20 17 -65177
-6 17 -5 13 -61737
12 -5 14 -7 -69329
3 -24 -13 -22 -71563
7 -21 2 -17 -71177
-4 24 -5 23 -49187
-11 18 -11 17 -57681
13 -10 11 -13 -76259
6 3 6 5 -70625
12 12 10 11 -71199
-15 23 -10 22 -66503
13 -22 8 -22 -70489
-3 20 2 21 -73427
5 -15 5 -12 -67389
-23 -22 -14 -15 -76983
-4 -10 -5 -6 -78215
24 22 1 6 -77357
24 13 17 6 -79031
22 3 22 7 -73531
8 18 6 16 -71485
17 22 13 19 -77289
12 -20 -5 -24 -76225
19 24 -9 19 -72961
6 7 9 20 -94195
22 3 21 -3 -63597
9 15 11 12 -78061
-20 21 -20 20 -37887
1 -12 2 -12 -73185
11 -10 9 -9 -76177
-4 -6 -4 -5 -72435
-2 -8 -3 -8 -65583
14 -7 16 -12 -72737
-24 12 -19 5 -70727
13 12 13 8 -74667
15 19 18 20 -72717
4 -11 2 -14 -75275
9 13 8 11 -76235
-2 13 1 12 -77371
-4 -3 -4 0 -73781
-9 4 -8 4 -72595
16 12 16 13 -64101
-7 -9 -7 -8 -69691
-13 21 -12 22 -57225
-12 5 -11 4 -79011
-24 22 11 23 -73467
-24 -23 4 -20 -75675
4 -9 2 -9 -71413
-20 15 -2 0 -98743
13 -18 12 -15 -62783
-23 -21 -19 -19 -51099
-23 11 -22 13 -55949
10 10 10 17 -82093
-10 -3 -10 -4 -68773
-15 -15 -13 -15 -67311
21 20 19 19 -54097
4 -20 9 -22 -66889
-8 -21 -23 -19 -79711
-3 24 -3 20 -57117
15 -6 21 -6 -77909
0 21 -4 21 -65819
16 -6 14 -11 -74413
13 23 16 24 -56023
11 -11 15 -8 -82551
4 -16 2 -19 -68849
22 12 22 21 -60791
19 0 22 -3 -75723
-19 13 -17 22 -75243
-20 5 -20 4 -64501
-4 -20 -7 -21 -62245
-23 -1 -18 -1 -64361
5 18 -1 24 -77641
-14 6 -14 3 -68861
18 7 16 0 -69539
-24 -10 -19 -6 -56851
12 20 1 24 -72567
8 -7 12 -7 -79073
10 -22 15 -22 -68045
16 14 13 14 -73253
-12 7 -15 12 -81749
24 12 21 11 -56249
23 -2 24 -11 -66079
4 17 6 21 -81631
-17 -4 -21 -2 -75915
-13 -6 -15 -5 -82821
0 0 -1 -2 -81775
4 -2 6 -1 -67313
13 -3 10 -4 -71213
5 14 3 14 -67415
3 -24 8 -19 -64205
20 -24 24 -20 -34471
-24 -16 24 -19 -74755
0 -20 0 -23 -58271
19 17 17 20 -63109
-20 -13 -21 -9 -56877
13 -5 11 -8 -77187
-23 -12 -15 -11 -70511
-10 -10 -10 -9 -61735
7 4 8 6 -71039
11 0 9 -1 -69145
-18 7 -18 2 -76553
-21 -18 -21 -20 -53469
21 11 24 4 -72067
19 18 22 17 -59169
-6 -19 -1 -23 -78851
2 -14 1 -19 -67581
-1 11 0 10 -75429
-18 8 -22 5 -70663
5 -19 1 -21 -70527
-19 -8 -19 -19 -68743
24 -15 -5 -22 -75891
17 10 22 9 -77777
-12 -8 -13 -8 -71341
14 -1 14 -3 -64003
-23 19 -2 24 -80377
18 0 15 -3 -75829
-11 -23 -11 -19 -58689
-23 -7 -2 -2 -80165
-6 -7 -5 -5 -79769
-15 0 -15 1 -69759
0 2 1 2 -75461
-9 5 -9 7 -70757
-5 3 -5 1 -67123
11 3 12 0 -64641
-21 -20 -20 -23 -37047
3 9 4 11 -74191
-4 -18 -3 -17 -77985
-11 11 -6 18 -81759
17 13 -21 24 -82033
-20 16 -24 15 -50149
10 -8 10 -11 -73055
-23 -9 -15 -9 -73729
8 3 10 4 -66241
-5 23 -3 18 -72589
18 -22 21 -15 -81727
-1 1 -2 0 -78853
23 0 23 -4 -61173
-10 18 -9 18 -72541
-8 4 -9 0 -69013
-3 -22 -2 -18 -75855
-12 -8 -9 -6 -71781
1 -5 0 -8 -75603
-19 21 -24 22 -48145
18 -15 17 -23 -74591
0 11 -1 14 -73905
-20 2 -24 -5 -69227
3 -20 2 -23 -65449
18 18 12 23 -80413
24 12 22 17 -64163
-16 16 -13 14 -76871
0 18 -3 24 -75393
18 -17 19 -18 -58711
0 -9 -2 -7 -70717
-21 12 -21 11 -68487
-21 14 -21 11 -70709
-23 -23 -4 -23 -73881
24 6 22 0 -59067
1 -2 2 0 -82085
9 5 9 8 -59935
8 -8 9 -9 -74343
1 17 0 20 -69193
0 -12 -3 -16 -73477
23 9 23 0 -79175
0 13 -3 12 -73189
-23 -23 -21 -14 -64945
18 -15 22 -14 -60767
16 21 14 17 -77373
1 5 -1 5 -75199
-8 -3 -11 0 -79013
-16 -6 -14 -4 -71427
-8 9 -8 10 -67311
-5 11 -4 11 -68069
-4 -14 -7 -17 -77835
-13 -2 -13 -3 -68349
22 -7 18 -6 -69667
10 -9 9 -2 -75395
-7 17 -7 22 -65359
-17 -20 -19 -14 -71469
-19 4 -22 8 -68205
-7 19 -6 18 -68563
-4 -9 -4 -12 -72041
12 -21 19 -17 -75363
-15 21 -13 18 -66729
5 -24 8 -12 -71985
-7 -10 -5 -8 -75475
-1 4 -5 3 -81981
23 -6 19 -19 -69913
18 -3 15 -7 -72667
-7 5 -6 4 -76279
12 24 19 22 -70923
-19 -23 -19 -24 -14635
-5 -4 -3 -5 -73627
-23 -1 -23 15 -70593
16 -3 18 -4 -73481
20 -6 22 -15 -68581
9 -1 11 -2 -71759
6 -19 10 -22 -70483
-16 15 -18 17 -74621
-20 15 -19 16 -70781
-20 18 -23 13 -67607
-2 -24 -6 -19 -74177
16 13 15 7 -79441
-10 -18 -12 -16 -72923
12 -12 16 -10 -74943
-21 -4 -18 -2 -76219
-10 -3 -11 0 -75935
20 -1 22 -6 -72845
-11 -14 -11 -15 -65693
20 4 16 5 -71339
-9 -2 -8 0 -67583
-14 13 -16 11 -72133
-9 0 -7 1 -69685
13 -14 18 -17 -72359
16 0 18 1 -69189
-14 20 -22 22 -66359
2 -4 -1 -2 -68203
-19 5 -17 7 -73283
-4 6 -5 6 -77703
-22 -15 -23 -2 -68355
23 12 -23 19 -83693
1 -10 2 -7 -78123
0 16 -1 15 -73373
15 24 14 21 -43023
-12 4 -9 1 -81981
11 22 6 21 -68089
5 9 4 12 -73817
3 -4 4 -6 -69365
-9 -10 -7 -14 -68561
-10 -15 -14 -15 -72177
24 0 22 -7 -64789
17 -23 16 -12 -75343
12 -17 13 -16 -67101
23 -5 20 -11 -57829
12 14 10 14 -75295
4 6 6 6 -63521
-20 0 -24 -11 -76769
-16 16 -10 16 -81367
-16 24 -16 -9 -79427
23 10 23 3 -73471
-7 -13 -8 -13 -70981
-23 24 -19 11 -66871
14 19 13 16 -73787
-15 -10 -16 -6 -76105
7 13 12 13 -75409
7 -3 7 -4 -69133
-13 2 -13 1 -64509
-3 3 -3 4 -65339
10 23 8 20 -65387
-24 -18 -22 -3 -63785
8 -16 11 -18 -75719
-16 24 -19 22 -44455
13 16 8 18 -79229
0 9 0 8 -71561
4 -13 4 -9 -77177
-3 22 -10 22 -64839
13 -14 11 -11 -68933
16 -3 24 -24 -66389
-11 -12 -14 -8 -73113
-1 -12 0 -11 -76827
-10 14 -10 12 -66733
2 -24 -24 -21 -77759
22 1 23 1 -40885
21 17 21 12 -68409
24 21 21 0 -70211
-19 12 -17 6 -76521
22 -17 16 -15 -67379
-3 1 -1 0 -73523
-16 -6 -17 -1 -78031
17 -2 16 0 -68783
-15 11 -19 8 -70517
-10 12 -10 7 -77751
-1 -14 1 -15 -79415
-24 0 -22 -6 -56481
0 11 1 11 -72465
0 -19 -5 -23 -72329
5 -4 0 -5 -79175
-4 13 -7 -18 -89319
-18 -17 -16 -18 -68671
14 9 13 10 -70345
-21 3 -19 0 -68335
11 1 10 -2 -65335
-4 -11 -2 -14 -69053
17 -2 23 -4 -76897
0 -23 2 -18 -79971
-10 -10 -12 -13 -64767
0 6 0 8 -70819
16 -23 19 -16 -77073
-7 20 -3 22 -68879
2 -9 1 -9 -72213
9 10 9 12 -71215
-14 14 -15 21 -75847
-19 18 -20 13 -73891
3 -9 5 -5 -83429
17 5 16 6 -66979
-3 8 0 9 -74609
13 17 11 24 -68923
-5 -14 -6 -19 -74523
12 -21 13 -20 -60603
6 -10 7 -9 -75873
8 4 10 2 -68573
21 8 21 19 -75115
-22 -16 -24 -23 -50983
-13 13 -11 10 -76211
19 3 20 2 -65857
24 9 21 9 -53721
5 23 4 17 -78157
-22 21 -18 14 -73249
7 -15 12 -15 -78265
2 19 7 23 -73745
17 6 17 9 -76497
-20 0 -19 4 -74063
22 12 23 12 -55529
24 -15 24 15 -71427
21 13 24 4 -70749
19 -12 16 -14 -69543
-9 -19 -11 -21 -67071
-2 1 0 -1 -77023
3 17 2 16 -70933
-9 -14 -9 -15 -65811
-14 -18 -23 -20 -69757
7 -3 7 0 -71877
-24 7 -20 -13 -77311
3 10 4 14 -82181
6 -13 7 -14 -71881
14 23 15 21 -53715
-6 7 -6 5 -73069
4 22 23 20 -74827
-12 24 -6 20 -62319
-21 1 -21 -5 -70769
-22 -23 -17 -13 -74793
14 14 15 17 -71431
-1 19 -2 17 -69593
0 -12 0 -8 -75341
-12 6 -10 7 -73405
24 -3 21 9 -76825
2 16 5 14 -73533
-4 -9 -5 -9 -68049
4 15 8 12 -76781
-18 6 -23 5 -62169
-13 -20 -7 -20 -69809
6 -11 6 -10 -73141
-9 16 -7 16 -72275
-15 20 -10 23 -70949
5 7 8 4 -69887
-14 17 -14 11 -76043
-2 23 8 22 -69303
-12 -8 -17 -11 -74199
-18 -12 -17 -15 -63915
-12 -2 -11 -1 -69269
14 19 14 18 -65061
13 -19 9 -22 -67929
-22 22 -7 16 -90165
22 -7 23 -9 -54241
17 9 16 11 -72861
13 4 15 6 -60331
4 -5 4 -8 -75731
-1 -13 2 -16 -78265
19 23 23 -20 -76739
-23 11 -23 -5 -70961
-20 -15 -19 -10 -57857
-3 19 0 23 -75177
20 -11 19 -12 -60073
-19 -7 -21 -2 -74283
-15 4 -16 11 -78059
18 0 18 -1 -64529
-1 5 3 3 -80097
-8 -18 -11 -24 -65493
-2 -19 1 -17 -77983
-4 4 -7 1 -76679
-1 0 0 -2 -76613
14 13 19 14 -78647
-24 7 23 -9 -77437
-13 -22 -14 -18 -67275
15 -23 14 -21 -34347
16 11 15 11 -71223
23 -1 21 -3 -54209
-12 -23 -13 -23 -44967
-11 7 -11 8 -69269
0 -1 1 1 -79051
0 11 0 7 -76801
-13 4 -12 4 -74235
-13 8 -18 5 -75635
-21 4 -21 0 -67069
-10 -22 -15 -17 -78633
-5 -20 3 -24 -70527
12 -19 11 -19 -73729
-5 -14 -3 -24 -82513
-9 14 -9 10 -72559
-12 -23 -12 -17 -69813
4 -14 6 -15 -69351
8 -18 7 -16 -67321
-16 -23 -10 -15 -70999
6 0 10 -24 -79325
0 20 2 21 -68967
-1 -24 0 7 -83881
22 -24 4 -21 -65019
-21 21 -20 20 -49697
4 3 7 0 -71411
-21 -24 -19 10 -75009
-15 -11 -17 -7 -78155
-24 -15 22 -22 -75425
0 11 0 17 -72955
0 21 -21 24 -78067
-12 3 -16 3 -77863
-5 -7 -6 -4 -78603
12 16 11 14 -70845
-6 23 -9 18 -65065
-8 9 -5 10 -76685
-5 -15 -2 -16 -71661
20 12 17 16 -77939
15 21 10 23 -65321
-8 -15 -7 -24 -73573
-21 -8 -18 -2 -81613
0 -24 4 -23 -61901
22 -16 21 -21 -61115
6 -6 8 -6 -71849
-16 -15 -13 -18 -74749
23 13 20 16 -71193
-8 -16 -9 -18 -67957
-6 -23 -10 -24 -51597
-9 -18 -7 -19 -68635
-17 0 -20 -2 -75203
23 -7 24 -14 -53445
8 -9 7 -9 -73857
-14 18 -16 13 -74209
-16 -20 -24 -14 -68413
9 -23 8 -22 -47161
14 -3 16 -9 -73177
-6 4 -4 6 -80759
18 2 9 2 -73239
11 24 9 20 -60505
-23 18 -19 23 -59453
-17 -1 -16 1 -73375
8 20 10 13 -78221
-14 -5 -13 -6 -81323
11 5 11 1 -64297
24 -1 23 -13 -69325
18 -17 15 -16 -70837
-8 -17 -6 -17 -71081
-17 16 -5 -5 -106503
0 -18 -1 -17 -73645
2 -24 19 -23 -74191
-18 9 -21 13 -78981
18 -2 17 -5 -71343
2 19 5 18 -70591
-14 -23 -13 0 -78489
-15 16 -24 17 -76581
10 -10 11 -5 -79887
-14 -12 -14 -16 -62919
-22 -21 17 -15 -77343
-14 -7 -19 -6 -77881
0 -19 1 -20 -68423
2 6 3 5 -70679
6 16 5 23 -71437
5 -3 4 -4 -74537
-17 -9 -16 -5 -70019
23 -10 18 -9 -61631
-18 -16 -20 -14 -66921
10 -11 9 -12 -74431
9 -19 10 -12 -71645
-2 5 0 2 -71831
-18 -2 -17 -3 -74321
5 12 6 16 -78073
18 6 22 8 -77705
-22 15 -19 12 -73071
0 24 1 23 -49693
6 1 6 5 -69231
23 20 -24 18 -80305
23 22 -19 20 -79569
17 7 17 8 -73415
0 11 1 14 -77095
14 -10 18 -12 -71773
-11 21 -9 17 -70439
-4 19 -7 13 -71247
10 22 7 22 -62645
11 13 13 11 -72243
7 0 7 -4 -76837
-11 19 -13 19 -76273
-20 -9 -20 -8 -60797
20 -22 22 -12 -73733
-7 -10 -9 -11 -69623
-24 7 -24 16 -58889
3 -1 2 -1 -66327
14 -24 17 7 -77135
11 -15 11 -11 -65265
-20 -16 -24 -19 -51739
16 6 21 8 -80011
-6 16 -4 15 -69295
-2 -2 -2 -1 -74665
-20 19 -18 20 -66915
2 19 2 22 -70021
-23 5 -10 -2 -91297
15 19 24 23 -58563
-6 -3 -5 -4 -74655
2 6 4 8 -73179
13 3 11 4 -67717
-14 12 0 14 -93689
19 -20 19 -11 -68179
-24 23 -22 24 -28919
0 -24 2 -24 -52409
18 -20 20 -22 -33911
-1 6 -2 5 -67667
23 15 16 11 -76749
-1 -10 -2 -13 -77385
-9 10 -12 10 -78247
-12 12 -14 10 -75219
-18 0 -13 0 -77637
-10 -4 -10 -7 -70889
-11 -5 -9 -5 -67531
23 24 20 23 -24493
