-21 -5 -23 -5 -44042
-9 10 -8 10 -65988
18 -20 16 -21 -59992
16 23 20 17 -63816
-6 17 -5 13 -68744
12 -5 14 -7 -70744
24 -12 21 -19 -63496
-12 -1 -11 -1 -71002
-4 24 -5 23 -56208
-11 18 -11 17 -60796
4 -18 2 -18 -68080
6 3 6 5 -61914
12 12 10 11 -70716
-15 23 -10 22 -66930
13 -22 8 -22 -65028
-3 20 2 21 -76394
22 -4 17 -4 -71074
9 7 9 10 -68328
-9 8 -7 7 -70046
7 20 4 20 -65780
-4 0 -1 -1 -68868
22 3 22 7 -68554
8 18 6 16 -70972
-19 16 -18 18 -74838
9 -20 9 -24 -36610
19 24 -9 19 -69926
3 8 1 10 -70118
22 3 21 -3 -65982
9 15 11 12 -69692
-20 21 -20 20 -45280
-5 -12 -5 -13 -71928
11 -10 9 -9 -67588
-4 -6 -4 -5 -65172
-2 -8 -3 -8 -67804
-7 17 -6 19 -67346
-24 12 -19 16 -66598
13 12 13 8 -69770
15 19 18 20 -71370
10 0 12 0 -74206
9 13 8 11 -73212
17 -23 20 -20 -61912
8 22 6 19 -69828
-9 4 -8 4 -67596
16 12 16 13 -60068
15 11 20 11 -72178
-13 21 -12 22 -62112
-12 5 -11 4 -74090
-24 22 11 23 -66264
-24 -23 4 -20 -71534
4 -9 2 -9 -64694
9 14 9 19 -62052
13 -18 12 -15 -73594
-23 -21 -19 -19 -47920
-23 11 -22 13 -62780
-2 19 -2 21 -69956
-10 -3 -10 -4 -59220
-15 -15 -13 -15 -70670
21 20 19 19 -61980
4 -20 9 -22 -69822
22 -21 19 -19 -55086
-3 24 -3 20 -62830
-17 -3 -19 -8 -76874
0 21 -4 21 -70776
16 -6 14 -11 -67782
13 23 16 24 -54424
-2 7 -4 7 -63488
4 -16 2 -19 -68102
22 12 22 21 -53510
-8 2 -8 0 -61916
20 15 21 6 -70028
-20 5 -20 4 -62970
-4 -20 -7 -21 -62794
-23 -1 -18 -1 -59110
-5 10 -6 12 -68672
-14 6 -14 3 -69794
-15 1 -17 0 -72162
-24 -10 -19 -6 -58132
-13 -16 -19 -22 -73840
8 13 10 12 -72124
10 -22 15 -22 -61692
16 14 13 14 -68548
-24 5 -21 12 -61952
24 12 21 11 -64776
-3 -3 -1 -8 -75822
-14 -7 -14 -8 -62504
-7 -6 -6 -8 -62996
23 -15 22 -21 -63730
0 0 -1 -2 -66876
4 -2 6 -1 -62400
0 1 1 5 -69386
5 14 3 14 -62962
3 -24 8 -19 -67994
20 -24 24 -20 -36850
-3 -15 -2 -14 -71002
0 -20 0 -23 -57510
19 17 17 20 -61508
-20 -13 -21 -9 -69874
13 -5 11 -8 -66342
-20 -18 -17 -16 -71364
-10 -10 -10 -9 -59842
7 4 8 6 -69090
11 0 9 -1 -71350
5 9 5 10 -74628
-21 -18 -21 -20 -62086
-1 -21 2 -24 -51258
19 18 22 17 -65154
-20 -19 -20 -16 -66310
24 14 -2 20 -71010
-1 11 0 10 -68956
-3 -16 0 14 -88838
5 -19 1 -21 -75976
-20 -11 -23 -13 -57828
19 -17 18 -13 -67916
-8 12 -7 15 -65486
-12 -8 -13 -8 -67462
14 -1 14 -3 -68246
-23 19 -2 24 -72182
22 3 22 1 -54210
-11 -23 -11 -19 -60598
0 -17 0 -18 -61282
4 -1 24 -22 -75034
-15 0 -15 1 -71794
0 2 1 2 -72394
-9 5 -9 7 -65866
11 -7 13 -12 -73964
11 3 12 0 -64972
-21 -20 -20 -23 -47694
3 9 4 11 -77172
-4 -18 -3 -17 -70410
-9 -13 -8 -15 -83358
-4 16 0 13 -74386
-20 16 -24 15 -51532
10 -8 10 -11 -64792
-6 22 -5 20 -63724
8 3 10 4 -69192
24 -12 20 -12 -55624
-21 -10 -22 -6 -60110
-1 1 -2 0 -70434
23 0 23 -4 -62260
-10 18 -9 18 -63148
-2 -11 -1 -11 -70486
-3 -22 -2 -18 -70958
-1 6 1 8 -75464
0 -14 0 -13 -62552
-19 21 -24 22 -48012
18 -15 17 -23 -65822
0 11 -1 14 -67280
-20 2 -24 -5 -66898
3 -20 2 -23 -67700
18 -21 -24 -3 -74628
24 12 22 17 -59774
-16 16 -13 14 -69222
22 4 21 5 -58558
18 -17 19 -18 -69154
0 -9 -2 -7 -67332
-21 12 -21 11 -65778
-21 14 -21 11 -69024
-23 -23 -4 -23 -69270
24 6 22 0 -66726
-11 -7 -10 -6 -72836
9 5 9 8 -63048
5 -10 4 -12 -71886
1 17 0 20 -66836
10 1 7 0 -72934
-1 -6 -1 -2 -68800
0 13 -3 12 -69374
-23 7 -21 4 -61896
18 -15 22 -14 -69328
16 21 14 17 -72474
1 5 -1 5 -70530
20 -8 22 -20 -75204
-16 -6 -14 -4 -70098
-8 9 -8 10 -65302
-5 11 -4 11 -58584
24 15 19 9 -69482
-13 -2 -13 -3 -63734
22 -7 18 -6 -72130
10 -9 9 -2 -71158
-7 17 -7 22 -72424
19 0 17 0 -70348
-24 0 -22 -4 -59256
-7 19 -6 18 -65850
-4 -9 -4 -12 -71310
21 -8 24 -8 -50370
-15 21 -13 18 -65204
5 -24 8 -12 -72382
-15 21 -16 -16 -87256
5 -9 6 -12 -72842
23 -6 19 -19 -74840
18 -3 15 -7 -73152
-20 -14 -22 -10 -64508
12 24 19 22 -65190
-19 -23 -19 -24 -20562
0 -4 0 -2 -64080
-23 -1 -23 15 -73330
16 -3 18 -4 -70198
21 22 21 23 -18938
9 -1 11 -2 -74300
6 -19 10 -22 -71532
-16 15 -18 17 -69166
-20 10 -19 9 -61422
21 -3 21 -7 -71922
-2 -24 -6 -19 -55268
20 3 24 5 -63632
-10 -18 -12 -16 -81604
12 -12 16 -10 -65796
-21 -4 -18 -2 -67176
-17 22 -19 19 -66800
20 -1 22 -6 -71160
-11 -14 -11 -15 -75738
20 4 16 5 -66872
-9 -2 -8 0 -62200
-16 -12 -16 -9 -65880
-9 0 -7 1 -65404
13 -11 14 -19 -77580
16 0 18 1 -69606
-14 20 -22 22 -68974
24 -5 -18 -9 -74212
-19 5 -17 7 -66134
5 12 8 10 -74096
-1 24 -4 21 -70520
-10 23 -8 19 -61346
1 -10 2 -7 -66000
0 16 -1 15 -72070
15 24 14 21 -46916
-17 6 -14 6 -60776
-8 -8 -10 -11 -76680
10 -22 -19 -24 -72890
24 15 21 5 -71004
-17 4 -17 0 -77242
-10 -15 -14 -15 -76502
24 0 22 -7 -73536
8 12 10 13 -71892
12 -17 13 -16 -68974
23 -5 20 -11 -63532
12 14 10 14 -67784
4 6 6 6 -59618
-20 -8 -24 -15 -73914
-16 16 -10 16 -76208
2 24 1 22 -49132
23 10 23 3 -67720
-7 -13 -8 -13 -76388
-23 24 -19 11 -66206
14 19 13 16 -71502
16 -4 13 -4 -63656
-13 8 -13 11 -64170
7 -3 7 -4 -61394
-13 2 -13 1 -66384
-3 3 -3 4 -63614
10 23 8 20 -68320
-24 -18 -22 -3 -75176
-18 7 -19 9 -63516
-16 24 -19 22 -50238
19 -10 20 -12 -62616
0 9 0 8 -68414
-24 6 -22 7 -41508
-3 22 -10 22 -62380
-21 -20 -18 -24 -51410
16 -3 24 -24 -74088
14 -23 -5 -22 -73632
-1 -12 0 -11 -70976
-10 14 -10 12 -69108
2 -24 4 -21 -66448
22 1 23 1 -47324
21 17 21 12 -60502
24 21 21 0 -70290
-16 -17 -19 -20 -75016
22 -17 16 -15 -76330
13 1 10 2 -74094
15 -9 11 8 -86630
17 -2 16 0 -71800
-15 11 -19 8 -67412
9 -15 5 -16 -67638
-1 -14 1 -15 -68750
-24 0 -22 -6 -67006
0 11 1 11 -69148
0 -19 -5 -23 -72958
-19 23 -24 14 -77466
1 21 1 24 -53122
-18 -17 -16 -18 -66458
14 9 13 10 -71258
-21 3 -19 0 -65816
-14 21 -19 23 -58776
-24 -18 11 -24 -74490
-15 -12 -18 -15 -69046
3 13 0 12 -73708
-10 -10 -12 -13 -74822
0 6 0 8 -72076
24 -11 24 -24 -56988
16 12 12 9 -71286
2 -9 1 -9 -60298
9 10 9 12 -70328
-14 14 -15 21 -72876
-19 18 -20 13 -73544
-9 2 -7 -2 -71150
17 5 16 6 -64636
-24 -14 8 -7 -75886
13 17 11 24 -68856
-5 -14 -6 -19 -69204
12 -21 13 -20 -59276
6 -10 7 -9 -68248
8 4 10 2 -66200
-21 3 14 23 -80498
-22 -16 -24 -23 -60934
-13 13 -11 10 -65256
-6 3 -6 2 -64132
24 9 21 9 -59980
-10 -23 -7 -22 -74032
-22 21 -18 14 -68662
1 -19 24 -23 -70432
13 0 14 2 -62334
-10 -13 -8 -12 -78474
13 5 15 5 -66258
22 12 23 12 -61360
24 -15 24 15 -66962
21 13 24 4 -62274
19 -12 16 -14 -67880
-9 -19 -11 -21 -73154
-2 1 0 0 -72012
3 17 2 16 -68568
-9 -14 -9 -15 -76058
-13 -18 -12 -20 -79394
15 -5 14 0 -79620
9 24 4 24 -57434
-22 -3 -22 -6 -66460
6 -13 7 -14 -69642
14 23 15 21 -52244
-24 -19 -21 -15 -65252
9 22 10 20 -60614
-12 24 -6 20 -62296
3 21 1 21 -63046
5 0 5 1 -54320
14 14 15 17 -66262
-1 19 -2 17 -71580
0 -12 0 -8 -69760
-12 6 -10 7 -69878
-4 7 -4 9 -67808
8 14 5 15 -69228
-4 -9 -5 -9 -61944
15 4 17 7 -64806
-18 6 -23 5 -61472
-13 -20 -7 -20 -79490
6 -11 6 -10 -70432
3 2 0 -23 -80764
-15 20 -10 23 -74316
24 -8 -23 9 -73260
-14 17 -14 11 -73948
-2 23 8 22 -68402
-4 -5 -5 -3 -66706
-18 -12 -17 -15 -69408
-12 -2 -11 -1 -71864
14 19 14 18 -62318
13 -19 9 -22 -64178
-7 15 -7 18 -66040
22 -7 23 -9 -56590
17 9 16 11 -71228
13 4 15 6 -66004
4 -5 4 -8 -61286
15 -7 16 -10 -61894
19 17 23 18 -64456
-23 11 -23 -5 -72268
-20 -15 -19 -10 -78676
-4 -22 -16 -5 -98132
20 -11 19 -12 -63546
-21 -12 -21 -16 -64916
8 -13 8 -17 -70720
18 0 18 -1 -64752
-19 15 -15 16 -69758
-8 -18 -11 -24 -69510
23 -9 23 -3 -69338
-3 -1 -7 -1 -59530
-1 0 0 -2 -67204
14 13 19 14 -73688
-14 4 -15 5 -66804
-13 -22 -14 -18 -75506
15 -23 14 -21 -39036
2 12 0 -24 -85914
23 -1 21 -3 -61562
-12 -23 -13 -23 -46706
-11 7 -11 8 -65858
0 -1 1 1 -72126
-9 5 -9 2 -66188
-13 4 -12 4 -68288
-8 -10 -8 -14 -77282
-21 4 -21 0 -64102
18 -22 21 -23 -48384
3 7 4 12 -84534
12 -19 11 -19 -69048
-16 -1 -16 -4 -67806
-9 14 -9 10 -74400
-12 -23 -12 -17 -74122
14 -18 15 -15 -74432
8 -18 7 -16 -70136
9 20 7 21 -65636
-22 -2 -23 -5 -66386
0 20 2 21 -71886
-24 -23 -23 -16 -55216
22 -24 4 -21 -68766
-21 21 -20 20 -50042
4 3 7 0 -67008
-21 -24 -19 10 -75228
-15 0 -8 16 -93438
-1 -3 0 -3 -66122
7 -19 4 -17 -74000
0 21 -21 24 -70024
16 -14 14 -16 -68466
-1 -15 -2 -15 -72410
12 16 11 14 -66720
-6 23 -9 18 -69456
-15 9 -16 5 -68060
-5 -15 -2 -16 -68458
20 12 17 16 -75242
15 21 10 23 -59036
-8 -15 -7 -24 -67348
-1 -24 -11 -24 -63372
0 -24 4 -23 -65088
22 -16 21 -21 -63112
6 -6 8 -6 -67340
-16 -15 -13 -18 -78178
23 13 20 16 -70350
-8 -16 -9 -18 -67954
-6 -23 -10 -24 -69824
-9 -18 -7 -19 -74904
24 1 24 7 -63680
23 -7 24 -14 -49778
8 -9 7 -9 -68208
-14 18 -16 13 -74844
-16 -20 -24 -14 -63250
9 -23 8 -22 -52012
1 1 2 2 -69602
-6 4 -4 6 -64710
18 22 16 22 -62536
11 24 9 20 -63154
-23 18 -19 23 -69046
-17 -1 -16 1 -75376
-10 23 -11 22 -54450
-14 -5 -13 -6 -63374
11 5 11 1 -61514
24 -1 23 -13 -70462
18 -17 15 -16 -65802
-8 -17 -6 -17 -75508
15 -12 9 -11 -68214
0 -18 -1 -17 -65928
-3 2 -2 -1 -67014
-1 -22 0 -21 -68146
18 -2 17 -5 -74302
2 4 5 1 -68884
-14 -13 -14 -19 -75454
22 6 24 8 -63018
-20 2 -21 1 -62882
-14 -12 -14 -16 -74554
-9 -20 -19 -20 -73878
-14 -7 -19 -6 -61670
0 -19 1 -20 -64132
2 6 3 5 -64608
6 16 5 23 -66552
8 -2 8 -3 -59884
-17 -9 -16 -5 -73966
23 -10 18 -9 -76212
-18 -16 -20 -14 -62328
10 -11 9 -12 -65960
-17 -12 -12 -12 -70174
-23 9 -21 2 -69812
-18 -2 -17 -3 -58828
5 12 6 16 -64272
18 6 22 8 -69426
-22 15 -19 12 -62900
0 24 1 23 -45778
17 -24 19 -20 -50730
23 20 -24 18 -66972
23 22 -19 20 -70380
17 7 17 8 -54952
0 11 1 14 -67676
14 -10 18 -12 -64474
5 -18 4 -15 -70568
-20 19 -21 -13 -84432
10 22 7 22 -61774
11 13 13 11 -70420
5 -11 3 -10 -67000
-11 19 -13 19 -73970
-20 -9 -20 -8 -64742
-23 -22 -22 -4 -76040
-7 -10 -9 -11 -76534
-24 7 -24 16 -59564
3 -1 2 -1 -62594
12 -19 11 -17 -66886
11 -15 11 -11 -65530
-20 -16 -24 -19 -62490
-24 -3 -24 -5 -58298
-6 16 -4 15 -67958
-21 22 -24 9 -72798
-20 19 -18 20 -73434
2 19 2 22 -67074
11 -6 12 -3 -66800
15 19 24 23 -65180
4 -14 4 -15 -63810
10 21 15 24 -59012
-9 -11 -8 -12 -74654
1 18 1 13 -63412
-11 -1 -10 -2 -68580
-24 23 -22 24 -31900
0 -24 2 -24 -54400
18 -20 20 -22 -56970
-1 6 -2 5 -69860
-2 21 -7 21 -67072
-1 -10 -2 -13 -76198
-9 10 -12 10 -69554
-12 12 -14 10 -69738
-18 0 -13 0 -71432
-10 -4 -10 -7 -62202
-11 -5 -9 -5 -69294
23 24 20 23 -29636
