-21 -5 -23 -5 -49550
-9 10 -8 10 -65642
18 -20 16 -21 -67246
16 23 20 17 -69428
-6 17 -5 13 -68146
12 -5 14 -7 -67068
24 -12 21 -19 -61424
-2 -20 11 -16 -90940
-4 24 -5 23 -57862
-11 18 -11 17 -58392
4 -18 2 -18 -72202
6 3 6 5 -57736
12 12 10 11 -62884
-15 23 -10 22 -59546
13 -22 8 -22 -65822
-15 20 -14 21 -59940
0 -1 1 -3 -62850
9 7 9 10 -64120
2 8 5 7 -67772
7 20 4 20 -71498
-4 0 -1 -1 -66832
22 3 22 7 -69684
8 18 6 16 -74518
-19 16 -18 18 -72646
9 -20 9 -24 -43618
19 24 -9 19 -76874
3 8 1 10 -69212
22 3 21 -3 -62344
9 -24 11 -21 -53564
-20 21 -20 20 -60938
-5 -12 -5 -13 -63344
11 -10 9 -9 -63718
-4 -6 -4 -5 -65836
-2 -8 -3 -8 -65444
-7 17 -6 19 -64414
-24 12 -19 16 -66718
13 12 13 8 -67846
15 19 18 20 -70540
19 -9 18 -6 -69784
10 8 9 8 -63898
17 -23 20 -20 -64716
8 22 6 19 -72916
17 2 18 11 -73698
16 12 16 13 -71646
15 11 20 11 -70522
-13 21 -12 22 -55818
-12 5 -11 4 -67864
-24 22 11 23 -71376
-24 -23 4 -20 -72458
4 -9 2 -9 -76178
9 14 9 19 -70092
13 -18 12 -15 -73076
-23 -21 -19 -19 -49372
-23 11 -22 13 -67654
-2 19 -2 21 -70462
-10 -3 -10 -4 -66688
-15 -15 -13 -15 -70530
21 20 19 19 -69140
4 -20 9 -22 -67148
22 -21 19 -19 -59090
-3 24 -3 20 -65184
24 19 24 17 -42398
0 21 -4 21 -64052
16 -6 14 -11 -68982
13 23 16 24 -58760
-2 7 -4 7 -64064
4 -16 2 -19 -71182
22 12 22 21 -67390
-8 2 -8 0 -64392
20 15 21 6 -75486
-20 5 -20 4 -66192
-4 -20 -7 -21 -64306
-23 -1 -18 -1 -64470
-5 10 -6 12 -67778
-14 6 -14 3 -69506
-15 1 -17 0 -67628
-24 -10 -19 -6 -58470
-13 -16 -19 -22 -77926
8 13 10 12 -64734
10 -22 15 -22 -64986
16 14 13 14 -65406
21 -7 20 -11 -69112
24 12 21 11 -61098
-23 -10 21 6 -77182
-14 -7 -14 -8 -57586
-7 -6 -6 -8 -64406
23 -15 22 -21 -67908
0 0 -1 -2 -65948
4 -2 6 -1 -72130
20 19 24 22 -52488
5 14 3 14 -68028
3 -24 8 -19 -80866
20 -24 24 -20 -35468
-3 -15 -2 -14 -64062
0 -20 0 -23 -63548
19 17 17 20 -67046
-20 -13 -21 -9 -62312
13 -5 11 -8 -66436
-20 -18 -17 -16 -70702
-10 -10 -10 -9 -53878
7 4 8 6 -63472
11 0 9 -1 -64762
5 9 5 10 -63776
-21 -18 -21 -20 -62338
-1 -21 2 -24 -53416
19 18 22 17 -68006
-20 -19 -20 -16 -64678
20 4 16 4 -70018
2 14 1 16 -70002
-1 -9 1 -8 -69096
-16 10 -17 12 -67906
-20 -11 -23 -13 -54150
19 -17 18 -13 -67118
-8 12 -7 15 -66992
-12 -8 -13 -8 -61746
14 -1 14 -3 -64726
-23 19 -2 24 -69490
22 3 22 1 -54336
-11 -23 -11 -19 -58592
0 -17 0 -18 -62028
-19 7 24 -1 -75142
-15 0 -15 1 -68040
2 -24 1 0 -68530
-9 5 -9 7 -65070
-7 -2 -8 -6 -72624
11 3 12 0 -59768
-21 -20 -20 -23 -47248
3 9 4 11 -67324
-4 -18 -3 -17 -65142
-2 0 -2 1 -64402
4 -14 1 -16 -75060
-20 16 -24 15 -48060
10 -8 10 -11 -56128
-6 22 -5 20 -68376
8 3 10 4 -65580
24 -12 20 -12 -46746
-21 -10 -22 -6 -56044
-1 1 -2 0 -70028
23 0 23 -4 -54944
-10 18 -9 18 -63386
-2 -11 -1 -11 -64966
-3 -22 -2 -18 -67156
-5 -16 -6 -16 -66290
0 -14 0 -13 -61452
-19 21 -24 22 -45192
18 -15 17 -23 -69920
0 11 -1 14 -75034
-20 2 -24 -5 -66558
3 -20 2 -23 -75366
18 -22 6 -24 -69520
24 12 22 17 -66020
-16 16 -13 14 -68174
22 4 21 5 -55346
18 -17 19 -18 -66688
21 -14 22 -20 -68366
-21 12 -21 11 -70990
-21 14 -21 11 -76934
-23 -23 -4 -23 -67734
24 6 22 0 -67642
-11 -7 -10 -6 -65934
9 5 9 8 -59188
5 -10 4 -12 -66414
1 17 0 20 -71642
16 -18 -20 -21 -85566
-7 -20 -2 -20 -68038
0 13 -3 12 -65078
-23 7 -21 4 -62894
6 -15 4 -14 -77110
16 21 14 17 -77932
1 5 -1 5 -63760
1 10 0 12 -70676
24 18 19 23 -56088
-8 9 -8 10 -62048
-5 11 -4 11 -63200
24 -17 19 -5 -76248
-13 -2 -13 -3 -65982
-2 13 -4 14 -69884
-2 -9 -1 -15 -68608
2 -23 6 -20 -83356
-3 13 -3 12 -67446
-24 0 -22 -4 -63998
-7 19 -6 18 -69490
-4 -9 -4 -12 -59948
21 -8 24 -8 -41374
-15 21 -13 18 -67114
1 -6 2 -10 -63022
4 22 -2 24 -64280
2 24 6 20 -70396
23 -6 19 -19 -73834
-10 9 -7 11 -68334
-20 -14 -22 -10 -58334
12 24 19 22 -71796
-19 -23 -19 -24 -18806
-17 -2 -16 -1 -67048
-23 -1 -23 15 -72258
16 -3 18 -4 -60282
21 22 21 23 -27726
9 -1 11 -2 -62654
6 -19 10 -22 -67734
-16 15 -18 17 -71306
-20 10 -19 9 -64468
21 -3 21 -7 -69722
-2 -24 -6 -19 -60824
20 3 24 5 -62686
23 16 -20 -18 -85440
12 -12 16 -10 -69038
-21 -4 -18 -2 -66218
-17 22 -19 19 -72254
20 -1 22 -6 -65024
-11 -14 -11 -15 -65318
20 4 16 5 -72332
-9 -2 -8 0 -66106
-16 -12 -16 -9 -56438
-9 0 -7 1 -64892
6 -3 3 -5 -72408
16 0 18 1 -61202
-14 20 -22 22 -70472
24 -5 -18 -9 -75578
-19 5 -17 7 -65792
-23 -21 -21 10 -74098
-1 24 -4 21 -69566
-10 23 -8 19 -63376
1 -10 2 -7 -63518
0 16 -1 15 -64936
15 24 14 21 -50266
-2 18 18 22 -86574
-4 12 -7 13 -69836
10 -22 -19 -24 -79802
-23 -17 23 -19 -74952
1 -15 0 -14 -63816
-10 -15 -14 -15 -70270
8 -1 9 0 -65058
-15 24 -13 19 -56524
12 -17 13 -16 -68002
23 -5 20 -11 -69660
12 14 10 14 -66836
4 6 6 6 -63780
-20 -8 -24 -15 -64530
-10 -10 -9 -9 -68696
2 24 1 22 -52778
23 10 23 3 -68306
-13 6 -16 5 -65310
-23 24 -19 11 -71966
14 19 13 16 -78466
16 -4 13 -4 -60204
-13 8 -13 11 -63634
7 -3 7 -4 -61104
-13 2 -13 1 -65952
-3 3 -3 4 -72712
10 23 8 20 -69318
-24 -18 -22 -3 -68764
-18 7 -19 9 -66576
-16 24 -19 22 -53692
19 -10 20 -12 -67114
0 9 0 8 -63274
-24 6 -22 7 -40988
-3 22 -10 22 -65744
-21 -20 -18 -24 -51578
-22 4 -21 7 -64756
14 -23 -5 -22 -73318
-1 -12 0 -11 -64976
-10 14 -10 12 -62568
2 -24 4 -21 -72472
22 1 23 1 -42892
21 17 21 12 -70632
24 21 21 0 -73510
-16 -17 -19 -20 -75902
-10 -4 -9 -5 -72362
13 1 10 2 -62654
0 18 3 16 -73820
17 -2 16 0 -66410
-15 11 -19 8 -66940
9 -15 5 -16 -69930
-20 -23 0 24 -82286
-24 0 -22 -6 -68440
0 11 1 11 -62152
10 -1 11 -6 -70606
-13 -22 -5 -23 -74024
1 21 1 24 -58722
-18 -17 -16 -18 -67422
14 9 13 10 -69220
-21 3 -19 0 -76504
-14 21 -19 23 -61798
-24 -18 11 -24 -77690
-15 -12 -18 -15 -65972
17 9 19 19 -86990
5 13 6 14 -71414
0 5 0 4 -67110
24 -11 24 -24 -56834
23 14 22 9 -56846
2 -9 1 -9 -72946
9 10 9 12 -62250
2 24 -10 23 -70646
-19 18 -20 13 -75252
-9 2 -7 -2 -73210
17 5 16 6 -64960
0 10 -1 7 -66518
13 17 11 24 -76924
-5 -14 -6 -19 -60474
12 -21 13 -20 -63370
6 -10 7 -9 -67982
8 4 10 2 -63684
-1 3 -2 5 -71074
-22 -16 -24 -23 -60054
-13 13 -11 10 -66516
-6 3 -6 2 -67492
24 9 21 9 -58470
-10 -23 -7 -22 -74300
0 4 -1 3 -74462
0 -6 4 -6 -76492
13 0 14 2 -60792
-10 -13 -8 -12 -67272
13 5 15 5 -59166
22 12 23 12 -59978
24 -15 24 15 -65900
21 13 24 4 -64344
19 -12 16 -14 -64700
-9 -19 -11 -21 -74228
-2 1 0 0 -68246
3 17 2 16 -70400
-9 -14 -9 -15 -63462
-13 -18 -12 -20 -67094
-9 0 -10 0 -64014
9 24 4 24 -61526
-22 -3 -22 -6 -62174
6 -13 7 -14 -74538
14 23 15 21 -60284
-24 -19 -21 -15 -64340
9 22 10 20 -68806
-12 24 -6 20 -64976
3 21 1 21 -67874
5 0 5 1 -54938
14 14 15 17 -77796
-1 19 -2 17 -67552
17 11 17 16 -81782
-12 6 -10 7 -68290
-4 7 -4 9 -64552
8 14 5 15 -68380
-4 -9 -5 -9 -59332
15 4 17 7 -60132
-18 6 -23 5 -62280
-13 -20 -18 -20 -62704
6 -11 6 -10 -57632
3 2 5 1 -71168
-10 -19 -13 -20 -70166
2 -17 2 -24 -72420
-14 17 -14 11 -71822
6 16 7 20 -75098
-17 3 -16 3 -62718
-18 -12 -17 -15 -57820
-12 -2 -11 -1 -68442
14 19 14 18 -67508
13 -19 9 -22 -70534
-7 15 -7 18 -66334
22 -7 23 -9 -63172
17 9 16 11 -70522
1 21 22 17 -78622
4 -5 4 -8 -58044
15 -7 16 -10 -63642
19 17 23 18 -67478
-23 11 -23 -5 -73206
-14 18 -15 15 -65808
-22 12 -24 18 -60936
20 -11 19 -12 -57140
24 -23 17 -16 -66866
8 -13 8 -17 -66716
18 0 18 -1 -61304
-19 15 -15 16 -68302
-8 -18 -11 -24 -68886
23 -9 23 -3 -69388
-3 -1 -7 -1 -59506
-1 0 0 -2 -68630
-9 15 -10 16 -68606
-14 4 -15 5 -66650
-13 -22 -14 -18 -68172
15 -23 14 -21 -41858
-18 -22 -22 23 -76904
23 -1 21 -3 -53304
-12 -23 -13 -23 -44834
-11 7 -11 8 -64742
0 -1 1 1 -73820
-9 5 -9 2 -66926
-13 4 -12 4 -64372
-8 -10 -8 -14 -66368
-21 4 -21 0 -67836
18 -22 21 -23 -49076
21 22 19 20 -61768
-15 -7 -24 -7 -65556
-16 -1 -16 -4 -66490
20 -15 13 -15 -77120
-12 -23 -12 -17 -70238
14 -18 15 -15 -74142
8 -18 7 -16 -66908
9 20 7 21 -70498
-22 -2 -23 -5 -63370
0 20 2 21 -71026
-24 -23 -23 -16 -54456
23 -24 4 -9 -69836
-21 21 -20 20 -53256
4 3 7 0 -71266
7 10 8 11 -69384
11 17 13 14 -69180
-1 -3 0 -3 -66430
-18 4 -17 0 -75766
13 21 -21 24 -76456
16 -14 14 -16 -74694
14 -6 18 1 -82090
12 16 11 14 -69778
-6 23 -9 18 -66586
-15 9 -16 5 -66526
-5 -15 -2 -16 -67200
-24 12 -23 16 -68184
15 21 10 23 -76276
-8 -15 -7 -24 -61094
-1 -24 -11 -24 -68430
0 -24 4 -23 -64622
22 -16 21 -21 -67694
6 -6 8 -6 -68588
-16 -15 -13 -18 -71632
23 13 20 16 -72788
10 24 14 21 -72916
-6 -23 -10 -24 -72220
-9 -18 -7 -19 -63914
24 1 24 7 -63354
23 -7 24 -14 -55532
8 -9 7 -9 -69056
21 -20 11 -22 -72008
-16 -20 -24 -14 -63564
9 -23 8 -22 -48832
1 1 2 2 -71478
-6 4 -4 6 -66740
18 22 16 22 -62248
11 24 9 20 -64954
-23 18 -19 23 -67338
-21 0 -22 1 -65894
-10 23 -11 22 -50422
-14 -5 -13 -6 -63288
11 5 11 1 -57390
24 -1 23 -13 -72908
18 -17 15 -16 -70072
-8 -7 -9 -6 -69292
15 -12 9 -11 -71066
0 -18 -1 -17 -64658
-7 23 -2 20 -70266
-1 -22 0 -21 -61306
18 -2 17 -5 -72516
-18 15 -19 20 -69058
-14 -13 -14 -19 -68152
22 6 24 8 -59462
-20 2 -21 1 -63910
-14 -12 -14 -16 -65510
13 -3 14 -7 -70032
-14 -7 -19 -6 -62420
0 -19 1 -20 -65274
2 6 3 5 -66134
6 16 5 23 -76454
8 -2 8 -3 -61638
-17 -9 -16 -5 -63272
23 -10 18 -9 -60562
-18 -16 -20 -14 -59036
10 -11 9 -12 -63252
-17 -12 -12 -12 -69216
-23 9 -21 2 -71372
-18 -2 -17 -3 -60994
5 12 6 16 -65424
18 6 22 8 -71072
-22 15 -19 12 -66048
0 24 1 23 -50966
17 -24 19 -20 -55216
23 20 -24 18 -72588
23 22 -19 20 -74976
17 7 17 8 -61026
19 13 15 11 -71236
14 -10 18 -12 -69000
5 -18 4 -15 -71722
-21 19 -21 22 -57544
10 22 7 22 -63666
11 13 13 11 -69310
5 -11 3 -10 -70402
-11 19 -13 19 -62144
-20 -9 -20 -8 -59098
-23 -22 -22 -4 -69764
-7 -10 -9 -11 -70002
-24 7 -24 16 -65024
3 -1 2 -1 -71284
12 -19 11 -17 -67160
11 -15 11 -11 -62854
-20 -16 -24 -19 -62084
-24 -3 -24 -5 -57388
-4 12 -2 16 -71238
-21 22 -24 9 -77922
-20 19 -18 20 -72324
2 19 2 22 -72488
11 -6 12 -3 -69086
-3 -1 -2 -5 -65698
4 -14 4 -15 -63662
10 21 15 24 -64794
-9 -11 -8 -12 -63116
-3 -8 -4 -5 -67302
-11 -1 -10 -2 -68810
-24 23 -22 24 -30958
0 -24 2 -24 -52878
18 -20 20 -22 -60092
-1 6 -2 5 -69358
-10 17 -12 -6 -81686
15 -16 15 -11 -66128
-9 10 -12 10 -68852
-12 12 -14 10 -67628
12 -15 13 -16 -70032
-10 -4 -10 -7 -67154
-11 -5 -9 -5 -70848
23 24 20 23 -37896
