-21 -5 -23 -5 -50540
-9 10 -8 10 -69474
18 -20 16 -21 -64572
16 23 20 17 -67344
-6 17 -5 13 -71608
12 -5 14 -7 -65070
24 -12 21 -19 -63956
9 2 10 -2 -66990
-4 24 -5 23 -57876
-11 18 -11 17 -58468
4 -18 2 -18 -65168
6 3 6 5 -68112
12 12 10 11 -67308
-15 23 -10 22 -65744
13 -22 8 -22 -67262
-15 20 -14 21 -64194
0 -1 1 -3 -68102
9 7 9 10 -66326
2 8 5 7 -67666
7 20 4 20 -79300
20 20 23 15 -73308
22 3 22 7 -70126
8 18 6 16 -77206
-19 16 -18 18 -69792
9 -20 9 -24 -41664
19 24 -9 19 -70082
-22 -23 -23 -4 -66714
22 3 21 -3 -61104
9 -24 11 -21 -51944
-20 21 -20 20 -59638
-5 -12 -5 -13 -63438
11 -10 9 -9 -68886
-4 -6 -4 -5 -63836
-2 -8 -3 -8 -70268
-7 17 -6 19 -63900
-24 12 -19 16 -73994
13 12 13 8 -62162
15 19 18 20 -63416
19 -9 18 -6 -62968
10 8 9 8 -72270
17 -23 20 -20 -64786
8 22 6 19 -72146
-18 3 -22 5 -73276
16 12 16 13 -58004
15 11 20 11 -67034
-13 21 -12 22 -56546
-12 5 -11 4 -74010
-24 22 11 23 -63886
-24 -23 4 -20 -69302
-11 18 -18 17 -79006
9 14 9 19 -66684
13 -18 12 -15 -78408
-23 -21 -19 -19 -60054
-23 11 -22 13 -62228
-2 19 -2 21 -69992
-10 -3 -10 -4 -66078
-15 -15 -13 -15 -67440
21 20 19 19 -70700
4 -20 9 -22 -65228
22 -21 19 -19 -62356
-3 24 -3 20 -64236
24 19 24 17 -45598
0 21 -4 21 -66428
16 -6 14 -11 -66252
13 23 16 24 -52162
-2 7 -4 7 -67026
4 -16 2 -19 -72436
22 12 22 21 -68656
-8 2 -8 0 -59818
20 15 21 6 -69262
-20 5 -20 4 -65968
-4 -20 -7 -21 -61318
-23 -1 -18 -1 -68662
-5 10 -6 12 -68638
-14 6 -14 3 -70478
-3 5 -15 -4 -97002
-24 -10 -19 -6 -55370
23 21 1 23 -66072
8 13 10 12 -67582
10 -22 15 -22 -66104
16 14 13 14 -63184
21 -7 20 -11 -54410
24 12 21 11 -64764
17 7 10 7 -77740
-14 -7 -14 -8 -61870
-7 -6 -6 -8 -67742
23 -15 22 -21 -72474
0 0 -1 -2 -68120
4 -2 6 -1 -69404
20 19 24 22 -53402
5 14 3 14 -66926
3 -24 8 -19 -69048
20 -24 24 -20 -36060
-3 -15 -2 -14 -64510
0 -20 0 -23 -58162
19 17 17 20 -65422
-20 -13 -21 -9 -64208
13 -5 11 -8 -66698
-20 -18 -17 -16 -63718
-10 -10 -10 -9 -60046
7 4 8 6 -73908
-20 14 -22 13 -68922
5 9 5 10 -67106
-21 -18 -21 -20 -64236
-1 -21 2 -24 -51106
19 18 22 17 -71774
-20 -19 -20 -16 -63958
20 4 16 4 -58962
2 14 1 16 -69480
-1 -9 1 -8 -74514
-16 10 -17 12 -66376
-20 -11 -23 -13 -54302
19 -17 18 -13 -76848
-8 12 -7 15 -66206
-12 -8 -13 -8 -64156
14 -1 14 -3 -57202
-23 19 -2 24 -70794
22 3 22 1 -55914
-11 -23 -11 -19 -58542
0 -17 0 -18 -62312
-4 -13 -3 -19 -69504
-15 0 -15 1 -65904
-4 -3 -2 -2 -70214
-9 5 -9 7 -67048
-7 -2 -8 -6 -75800
0 6 1 8 -81392
-21 -20 -20 -23 -48196
3 9 4 11 -72880
-4 -18 -3 -17 -64456
-2 0 -2 1 -59914
4 -14 1 -16 -73830
-20 16 -24 15 -57666
10 -8 10 -11 -59462
-6 22 -5 20 -68282
8 3 10 4 -72076
24 -12 20 -12 -46012
-21 -10 -22 -6 -62398
-1 1 -2 0 -72918
23 0 23 -4 -51068
-10 18 -9 18 -66576
-2 -11 -1 -11 -64662
-3 -22 -2 -18 -69026
-5 -16 -6 -16 -61606
0 -14 0 -13 -58100
-19 21 -24 22 -47238
18 -15 17 -23 -71508
0 11 -1 14 -71888
-20 2 -24 -5 -65180
3 -20 2 -23 -64314
18 -22 6 -24 -71194
24 12 22 17 -64236
-16 16 -13 14 -69674
22 4 21 5 -69866
18 -17 19 -18 -72204
21 -14 22 -20 -72108
-21 12 -21 11 -57574
10 -15 10 -13 -71440
-23 -23 -4 -23 -65404
24 6 22 0 -65590
-11 -7 -10 -6 -74712
9 5 9 8 -64676
5 -10 4 -12 -68004
1 17 0 20 -72254
-7 -6 13 4 -86138
-7 -20 -2 -20 -64782
0 13 -3 12 -69292
-23 7 -21 4 -67056
3 3 0 3 -73060
9 -7 7 -6 -72972
1 5 -1 5 -67116
1 10 0 12 -66940
24 18 19 23 -60428
-8 9 -8 10 -61620
-5 11 -4 11 -69594
-12 -24 19 -23 -68490
-13 -2 -13 -3 -66820
-2 13 -4 14 -71508
18 -16 18 -15 -71998
2 14 0 13 -73924
-3 13 -3 12 -63836
-24 0 -22 -4 -63132
-7 19 -6 18 -70806
-4 -9 -4 -12 -61298
21 -8 24 -8 -39840
-15 21 -13 18 -69116
1 -6 2 -10 -58940
4 22 -2 24 -66500
2 24 6 20 -71296
23 -6 19 -19 -69824
-10 9 -7 11 -68828
-20 -14 -22 -10 -60082
5 -2 6 -3 -74446
-19 -23 -19 -24 -20940
-17 -2 -16 -1 -67448
3 -7 2 -8 -68084
16 -3 18 -4 -58696
21 22 21 23 -26976
9 -1 11 -2 -65448
6 -19 10 -22 -66828
-16 15 -18 17 -69914
-20 10 -19 9 -66598
21 -3 21 -7 -59330
-2 -24 -6 -19 -61990
20 3 24 5 -64532
-17 -24 5 -22 -71680
12 -12 16 -10 -62292
-21 -4 -18 -2 -67150
-17 22 -19 19 -74234
20 -1 22 -6 -63998
-11 -14 -11 -15 -68656
4 14 5 17 -73162
-9 -2 -8 0 -72094
-16 -12 -16 -9 -57954
-9 0 -7 1 -74746
6 -3 3 -5 -67852
16 0 18 1 -56096
-14 20 -22 22 -71570
24 -5 -18 -9 -69930
-19 5 -17 7 -69592
-23 -21 -21 10 -72144
-1 24 -4 21 -70154
-10 23 -8 19 -65974
1 -10 2 -7 -67174
0 16 -1 15 -69808
15 24 14 21 -47438
-11 -7 -11 -5 -66964
23 -19 24 -23 -32096
1 -24 5 -24 -64152
-23 -17 23 -19 -68296
1 -15 0 -14 -60510
-10 -15 -14 -15 -69296
8 -1 9 0 -63082
-15 24 -13 19 -57198
12 -17 13 -16 -66136
-19 -22 -17 -17 -67594
12 14 10 14 -69288
4 6 6 6 -68170
-20 -8 -24 -15 -62890
-10 -10 -9 -9 -73640
2 24 1 22 -51898
23 10 23 3 -68064
-13 6 -16 5 -67230
-23 24 -19 11 -65462
-5 2 -2 1 -70662
16 -4 13 -4 -57186
-13 8 -13 11 -62690
7 -3 7 -4 -58322
-13 2 -13 1 -64310
6 -4 6 16 -86452
10 23 8 20 -66912
-24 -18 -22 -3 -67664
-18 7 -19 9 -69114
-16 24 -19 22 -55972
19 -10 20 -12 -63078
0 9 0 8 -70048
-24 6 -22 7 -43498
-3 22 -10 22 -65604
-21 -20 -18 -24 -53440
-22 4 -21 7 -67400
14 -23 -5 -22 -73490
-1 -12 0 -11 -70512
-10 14 -10 12 -61246
2 -24 4 -21 -63938
22 1 23 1 -49666
21 17 21 12 -64996
-19 -2 -15 -6 -81874
-1 2 0 5 -77820
-10 -4 -9 -5 -70972
13 1 10 2 -67810
0 18 3 16 -75374
17 -2 16 0 -65124
-15 11 -19 8 -68598
9 -15 5 -16 -66908
-2 -2 1 -5 -71050
-24 0 -22 -6 -69034
0 11 1 11 -67646
20 4 20 24 -70868
-11 -22 -10 -23 -48354
1 21 1 24 -58108
-18 -17 -16 -18 -68132
14 9 13 10 -66328
20 1 22 0 -62840
-14 21 -19 23 -63258
-24 -18 11 -24 -70764
-15 -12 -18 -15 -63086
-8 20 -13 22 -76258
-8 0 -13 -18 -88840
0 5 0 4 -72352
24 -11 24 -24 -62000
23 14 22 9 -52448
2 -9 1 -9 -68626
9 10 9 12 -61372
2 24 -10 23 -70316
-19 18 -20 13 -65816
-7 2 -17 -8 -97288
17 5 16 6 -59718
0 10 -1 7 -77192
13 17 11 24 -72124
-5 -14 -6 -19 -66964
12 -21 13 -20 -64290
6 -10 7 -9 -66792
8 4 10 2 -68660
-1 3 -2 5 -70682
-22 -16 -24 -23 -62826
-13 13 -11 10 -69710
-6 3 -6 2 -62660
24 9 21 9 -62596
7 -17 4 -20 -70574
8 19 4 19 -82308
0 -6 4 -6 -74128
13 0 14 2 -63442
-10 -13 -8 -12 -69878
13 5 15 5 -67142
22 12 23 12 -63752
24 -15 24 15 -61842
21 13 24 4 -64260
19 -12 16 -14 -61334
9 7 6 6 -73932
-2 1 0 0 -67152
3 17 2 16 -73954
-9 -14 -9 -15 -67070
-13 -18 -12 -20 -68744
-9 0 -10 0 -71440
9 24 4 24 -62814
-22 -3 -22 -6 -63340
14 6 10 4 -75496
14 23 15 21 -55448
-24 -19 -21 -15 -67006
9 22 10 20 -67036
-12 24 -6 20 -72272
3 21 1 21 -68406
5 0 5 1 -60384
14 14 15 17 -62616
-1 19 -2 17 -69688
-9 17 -8 14 -71758
-12 6 -10 7 -71262
-4 7 -4 9 -68462
8 14 5 15 -67902
-4 -9 -5 -9 -62070
15 4 17 7 -59294
-18 6 -23 5 -69006
-13 -20 -18 -20 -56780
6 -11 6 -10 -60708
-18 -20 -21 -21 -61516
-10 -19 -13 -20 -61478
-10 14 -8 12 -73838
-21 3 24 2 -69130
6 16 7 20 -75976
-17 3 -16 3 -67884
-18 -12 -17 -15 -59014
-12 -2 -11 -1 -75012
14 19 14 18 -53664
13 -19 9 -22 -72386
-7 15 -7 18 -68326
22 -7 23 -9 -53654
21 3 20 4 -72000
11 -8 11 -5 -60922
4 0 4 11 -89728
15 -7 16 -10 -61942
19 17 23 18 -70040
-23 11 -23 -5 -68580
-14 18 -15 15 -63084
-22 12 -24 18 -53458
20 -11 19 -12 -56202
24 -23 17 -16 -71636
8 -13 8 -17 -73654
18 0 18 -1 -63050
-19 15 -15 16 -73178
-8 -18 -11 -24 -59068
23 -9 23 -3 -54298
-3 -1 -7 -1 -69424
17 12 22 19 -73816
13 1 12 4 -66020
-14 4 -15 5 -68458
-13 -22 -14 -18 -70150
15 -23 14 -21 -41442
-18 -22 -22 23 -71410
23 -1 21 -3 -50720
-12 -23 -13 -23 -43448
-11 7 -11 8 -64538
0 -1 1 1 -72494
-9 5 -9 2 -68538
-13 4 -12 4 -69750
-8 -10 -8 -14 -69606
-21 4 -21 0 -60394
18 -22 21 -23 -50598
21 22 19 20 -62806
19 12 18 5 -71588
-16 -1 -16 -4 -69670
-18 -8 -22 -6 -67378
-12 -23 -12 -17 -69256
14 -18 15 -15 -73176
8 -18 7 -16 -65702
9 20 7 21 -72590
-22 -2 -23 -5 -62718
0 20 2 21 -72914
-24 -23 -23 -16 -56230
23 -24 4 -9 -73250
-21 21 -20 20 -52846
4 3 7 0 -76942
7 10 8 11 -70348
11 17 13 14 -68272
-1 -3 0 -3 -70884
-18 4 -17 0 -70340
-8 4 -9 5 -70520
16 -14 21 -16 -74036
-2 -8 -4 -11 -69248
12 16 11 14 -65698
-6 23 -9 18 -65776
-15 9 -16 5 -68402
-23 -23 -5 -2 -76492
-24 12 -23 16 -57484
15 21 10 23 -68534
-8 -15 -7 -24 -67314
-1 -24 -11 -24 -63660
0 -24 4 -23 -70348
22 -16 21 -21 -71152
-8 -22 -10 -22 -62700
-16 -15 -13 -18 -73046
23 13 20 16 -73880
10 24 14 21 -67380
-6 -23 -10 -24 -59428
-9 -18 -7 -19 -64056
24 1 24 7 -64860
23 -7 24 -14 -44842
8 -9 7 -9 -70022
21 -20 11 -22 -69892
-16 -20 -24 -14 -65484
9 -23 8 -22 -49638
1 1 2 2 -73544
-6 4 -4 6 -68484
18 22 16 22 -55676
11 24 9 20 -61996
-23 18 -19 23 -67782
-21 0 -22 1 -63040
-10 23 -11 22 -50770
-14 -5 -13 -6 -65716
11 5 11 1 -64908
6 -1 2 2 -78560
18 -17 15 -16 -68710
-8 -7 -9 -6 -69320
15 -12 9 -11 -67938
0 -18 -1 -17 -65320
-7 23 -2 20 -69936
-1 -22 0 -21 -61370
18 -2 17 -5 -58840
-18 15 -19 20 -64834
-14 -13 -14 -19 -68192
22 6 24 8 -60590
-20 2 -21 1 -63990
-14 -12 -14 -16 -68572
18 7 23 -19 -74586
-14 -7 -19 -6 -68154
0 -19 1 -20 -62378
2 6 3 5 -67890
6 16 5 23 -76172
8 -2 8 -3 -60474
-17 -9 -16 -5 -66124
23 -10 18 -9 -60246
-18 -16 -20 -14 -61048
10 -11 9 -12 -62072
-17 -12 -12 -12 -67408
-23 9 -21 2 -74282
-18 -2 -17 -3 -75264
5 12 6 16 -69064
18 6 22 8 -72540
-22 15 -19 12 -62322
0 24 1 23 -51880
17 -24 19 -20 -55224
23 20 -24 18 -65956
23 22 -19 20 -68646
17 7 17 8 -57364
19 13 15 11 -66398
14 -10 18 -12 -64906
5 -18 4 -15 -67410
-21 19 -21 22 -55952
10 22 7 22 -65002
11 13 13 11 -70966
5 -11 3 -10 -65764
-11 19 -13 19 -71098
-20 -9 -20 -8 -61252
-24 3 -24 13 -56148
-7 -10 -9 -11 -71464
-24 7 -24 16 -56794
-16 -1 -17 -1 -71350
12 -19 11 -17 -69346
11 -15 11 -11 -69722
-20 -16 -24 -19 -67252
-24 -3 -24 -5 -57112
6 -6 9 -10 -74630
7 -12 9 -13 -70640
-20 19 -18 20 -74056
2 19 2 22 -72864
11 -6 12 -3 -63810
-3 -1 -2 -5 -64858
4 -14 4 -15 -64138
10 21 15 24 -59416
-9 -11 -8 -12 -66844
-2 12 -8 12 -77638
-11 -1 -10 -2 -67296
-24 23 -22 24 -31170
0 -24 2 -24 -58494
18 -20 20 -22 -64454
-1 6 -2 5 -73554
-4 -10 -6 -7 -67720
15 -16 15 -11 -69140
-9 10 -12 10 -72504
-12 12 -14 10 -65930
12 -15 13 -16 -72420
-4 -20 -4 -23 -53862
-11 -5 -9 -5 -74908
23 24 20 23 -37972
