-21 -5 -23 -5 -50609
-9 10 -8 10 -66637
18 -20 16 -21 -65505
-7 -18 -11 -15 -76505
-6 17 -5 13 -67933
12 -5 14 -7 -64095
24 -12 21 -19 -52479
9 2 10 -2 -71229
-4 24 -5 23 -56021
-11 18 -11 17 -58483
4 -18 2 -18 -63403
6 3 6 5 -60637
12 12 10 11 -65123
-15 23 -10 22 -58965
13 -22 8 -22 -64373
-15 20 -14 21 -61523
0 -1 1 -3 -65203
9 7 9 10 -62829
2 8 5 7 -60445
9 6 12 3 -75295
20 20 23 15 -74541
22 3 22 7 -73847
8 18 6 16 -70679
-19 16 -18 18 -72771
9 -20 9 -24 -39949
-2 22 3 -19 -79237
-22 -23 -23 -4 -65879
22 3 21 -3 -64399
9 -24 11 -21 -50175
-20 21 -20 20 -59547
-5 -12 -5 -13 -56237
11 -10 9 -9 -66065
-4 -6 -4 -5 -66007
-2 -8 -3 -8 -67671
-7 17 -6 19 -65279
-24 12 -19 16 -80293
13 12 13 8 -67973
15 19 18 20 -68867
19 -9 18 -6 -67801
10 8 9 8 -68997
17 -23 20 -20 -64597
8 22 6 19 -70599
-18 3 -22 5 -74631
16 12 16 13 -67195
15 11 20 11 -68781
-13 21 -12 22 -56615
-12 5 -11 4 -75107
-24 22 11 23 -63367
-24 -23 4 -20 -69715
-11 11 -9 14 -69455
9 14 9 19 -68965
17 -18 19 -17 -68357
-23 -21 -19 -19 -60151
-23 11 -22 13 -65805
-2 19 -2 21 -66929
-10 -3 -10 -4 -66449
-15 -15 -13 -15 -69969
21 20 19 19 -75349
4 -20 9 -22 -69697
22 -21 19 -19 -56353
-3 24 -3 20 -64735
24 19 24 17 -52011
0 21 -4 21 -69457
16 -6 14 -11 -69725
13 23 16 24 -55975
-2 7 -4 7 -67203
4 -16 2 -19 -62771
22 12 22 21 -74677
-8 2 -8 0 -59211
22 -17 21 6 -73453
-20 5 -20 4 -64827
-4 -20 -7 -21 -65365
-23 -1 -18 -1 -67839
-5 10 -6 12 -65465
-14 6 -14 3 -69183
14 -23 16 -23 -49931
-24 -10 -19 -6 -56837
23 21 1 23 -73503
8 13 10 12 -66869
10 -22 15 -22 -66419
16 14 13 14 -64589
21 -7 20 -11 -65989
24 12 21 11 -65021
4 -19 7 -20 -67051
-14 -7 -14 -8 -64481
-7 -6 -6 -8 -67837
15 23 20 20 -64271
0 0 -1 -2 -69247
4 -2 6 -1 -66459
20 19 24 22 -58281
5 14 3 14 -59747
3 -24 8 -19 -63633
20 -24 24 -20 -32859
-3 -15 -2 -14 -62207
0 -20 0 -23 -55705
19 17 17 20 -63019
-20 -13 -21 -9 -64971
13 -5 11 -8 -68029
-20 -18 -17 -16 -63739
-10 -10 -10 -9 -57543
7 4 8 6 -70343
-20 14 -22 13 -74843
5 9 5 10 -62623
-21 -18 -21 -20 -66925
-1 -21 2 -24 -54121
19 18 22 17 -72825
-20 -19 -20 -16 -65895
20 4 16 4 -61407
2 14 1 16 -71379
-15 -7 -12 -11 -72603
-16 10 -17 12 -66531
-20 -11 -23 -13 -55813
19 -17 18 -13 -66087
-8 12 -7 15 -68483
-12 -8 -13 -8 -61429
14 -1 14 -3 -61595
-23 19 -2 24 -69687
22 3 22 1 -60951
-11 -23 -11 -19 -60029
0 -17 0 -18 -59033
-4 -13 -3 -19 -69299
-15 0 -15 1 -66499
-4 -3 -2 -2 -64545
-9 5 -9 7 -69585
-7 -2 -8 -6 -76661
20 -5 19 -8 -70227
-21 -20 -20 -23 -51901
3 9 4 11 -66611
5 -4 9 -6 -77629
-2 0 -2 1 -64041
4 -14 1 -16 -64489
-20 16 -24 15 -59819
10 -8 10 -11 -60487
-6 22 -5 20 -67821
8 3 10 4 -73359
24 -12 20 -12 -45229
-21 -10 -22 -6 -61099
-1 1 -2 0 -74131
23 0 23 -4 -54297
-10 18 -9 18 -68053
-2 -11 -1 -11 -62487
13 0 16 2 -72475
-5 -16 -6 -16 -67357
0 -14 0 -13 -56723
-19 21 -24 22 -48129
18 -15 17 -23 -59701
-8 -10 -2 -3 -81543
-20 2 -24 -5 -66053
3 -20 2 -23 -61831
18 -22 6 -24 -69571
24 12 22 17 -64487
-16 16 -13 14 -68439
22 4 21 5 -72965
18 -17 19 -18 -61783
-12 -1 -15 2 -75087
-21 12 -21 11 -62983
10 -15 10 -13 -61685
-23 -23 -4 -23 -65131
24 6 22 0 -68401
-11 -7 -10 -6 -64489
9 5 9 8 -58815
5 -10 4 -12 -67047
-10 -14 2 -15 -84027
-4 -21 -3 -18 -62899
2 14 0 16 -79057
0 13 -3 12 -71739
-23 7 -21 4 -67773
18 -14 14 -15 -71939
9 -7 7 -6 -72947
1 5 -1 5 -68791
1 10 0 12 -63279
24 18 19 23 -57555
-8 9 -8 10 -60865
-5 11 -4 11 -62145
-12 -24 19 -23 -64517
-13 -2 -13 -3 -65573
-2 13 -4 14 -70479
18 -16 18 -15 -61641
2 14 0 13 -74435
-3 13 -3 12 -57157
-24 0 -22 -4 -62503
-7 19 -6 18 -69561
0 -1 -4 -20 -76627
21 -8 24 -8 -39991
-15 21 -13 18 -67199
1 -6 2 -10 -62941
4 22 -2 24 -70747
-12 24 6 20 -80831
23 -6 19 -19 -74917
5 3 4 -5 -76623
-20 -14 -22 -10 -61463
5 -2 6 -3 -68043
-19 -23 -19 -24 -21637
-17 -2 -16 -1 -65819
3 -7 2 -8 -65931
16 -3 18 -4 -61773
21 22 21 23 -28619
9 -1 11 -2 -68923
6 -19 10 -22 -68461
-16 15 -18 17 -71723
-20 10 -19 9 -68235
21 -3 21 -7 -67977
-2 -24 -6 -19 -65325
20 3 24 5 -65011
-17 -24 5 -22 -72877
12 -12 16 -10 -66751
-21 -4 -18 -2 -66113
-17 22 -19 19 -73539
20 -1 22 -6 -65801
-11 -14 -11 -15 -66633
4 14 5 17 -71879
-9 -2 -8 0 -68573
-16 -12 -16 -9 -60623
-9 0 -7 1 -68353
6 -3 3 -5 -66981
16 0 18 1 -62699
-14 20 -22 22 -71549
24 -5 -1 -9 -73927
-19 5 -17 7 -71853
-23 -21 -21 10 -71763
-1 24 -4 21 -68709
-10 23 -8 19 -63165
1 -10 2 -7 -67647
0 16 -1 15 -72953
15 24 14 21 -48137
-11 -7 -11 -5 -67661
23 -19 24 -23 -25683
1 -24 5 -24 -63111
-23 -17 23 -19 -66041
1 -15 0 -14 -61231
-10 -15 -14 -15 -69855
8 -1 9 0 -66987
-15 24 -13 19 -56341
12 -17 13 -16 -64239
-19 -22 -17 -17 -67913
12 14 10 14 -67773
-24 -16 -20 -21 -56659
-20 -8 -24 -15 -63567
-10 -10 -9 -9 -68023
2 24 1 22 -53977
23 10 23 3 -70273
-13 6 -16 5 -71417
-23 24 -19 11 -68677
-5 2 -2 1 -69797
16 -4 13 -4 -62143
-13 8 -13 11 -64827
7 -3 7 -4 -63319
-13 2 -13 1 -63539
0 24 20 24 -70643
10 23 8 20 -66751
-24 -18 -22 -3 -67267
-18 7 -19 9 -69097
-16 24 -19 22 -54215
19 -10 20 -12 -60757
0 9 0 8 -61907
-24 6 -22 7 -43953
-3 22 -10 22 -64743
-21 -20 -18 -24 -55331
-22 4 -21 7 -66833
0 -23 -5 -22 -58817
-1 -12 0 -11 -59273
-10 14 -10 12 -62961
2 -24 4 -21 -60643
22 1 23 1 -49361
21 17 21 12 -68063
-2 7 -3 4 -72331
0 0 2 2 -86697
-10 -4 -9 -5 -69713
13 1 10 2 -69937
0 18 3 16 -74631
17 -2 16 0 -69071
-15 11 -19 8 -86075
9 -15 5 -16 -66123
-2 -2 1 -5 -68547
-24 0 -22 -6 -67305
0 11 1 11 -70075
20 4 20 24 -74137
-11 -22 -10 -23 -49411
1 21 1 24 -62267
-18 -17 -16 -18 -69295
14 9 13 10 -71231
20 1 22 0 -64465
-14 21 -19 23 -61373
-24 -18 11 -24 -68831
-15 -12 -18 -15 -62157
4 20 4 22 -69893
-1 22 3 23 -64747
0 0 2 0 -70827
24 -11 24 -24 -43499
23 14 22 9 -52947
2 -9 1 -9 -56227
9 10 9 12 -66117
4 23 2 23 -59175
-19 18 -20 13 -73783
5 -5 4 -12 -73323
17 5 16 6 -64417
0 10 -1 7 -66727
13 17 11 24 -72425
-5 -14 -6 -19 -64951
12 -21 13 -20 -63141
6 -10 7 -9 -70835
8 4 10 2 -71991
-1 3 -2 5 -69165
-22 -16 -24 -23 -64591
-13 13 -11 10 -66543
-6 3 -6 2 -60859
24 9 21 9 -62457
11 11 11 15 -70049
21 -19 24 -1 -72109
0 4 5 6 -75143
13 0 14 2 -73057
-10 -13 -8 -12 -68651
13 5 15 5 -63249
22 12 23 12 -62533
24 -15 24 15 -64437
21 13 24 4 -62827
19 -12 16 -14 -65641
9 7 6 6 -69111
-2 1 0 0 -70971
3 17 2 16 -71183
-9 -14 -9 -15 -65707
-13 -18 -12 -20 -72857
-9 0 -10 0 -64205
9 24 4 24 -54759
-22 -3 -22 -6 -61595
-3 17 -1 17 -71423
14 23 15 21 -57087
-24 -19 -21 -15 -66571
9 22 10 20 -66235
-12 24 -6 20 -65505
-18 -8 24 -3 -73977
5 0 5 1 -64431
14 14 15 17 -63837
-1 19 -2 17 -67603
-9 17 -8 14 -69481
-12 6 -10 7 -72427
-4 7 -4 9 -67243
8 14 5 15 -59699
-4 -9 -5 -9 -64579
15 4 17 7 -58041
-18 6 -23 5 -71095
-13 -20 -18 -20 -55827
6 -11 6 -10 -62175
-18 -20 -21 -21 -60923
-10 -19 -13 -20 -62421
-3 -21 -6 -21 -65955
-21 3 24 2 -72603
6 16 7 20 -72583
-17 3 -16 3 -67851
-18 -12 -17 -15 -60705
-12 -2 -11 -1 -64967
14 19 14 18 -53151
13 -19 9 -22 -70211
-7 15 -7 18 -67631
22 -7 23 -9 -55767
21 3 20 4 -77143
11 -8 11 -5 -59919
5 21 3 24 -62731
15 -7 16 -10 -64313
19 17 23 18 -72201
-23 11 -23 -5 -68779
-14 18 -15 15 -64959
-22 12 -24 18 -57547
20 -11 19 -12 -58431
24 -23 17 -16 -62989
-10 7 -18 -17 -85373
18 0 18 -1 -66681
-19 15 -15 16 -74287
-8 -18 -11 -24 -58507
23 -9 23 -3 -63067
18 1 17 4 -70939
17 12 22 19 -77191
13 1 12 4 -71573
-14 4 -15 5 -70361
-13 -22 -14 -18 -72795
15 -23 14 -21 -39929
-18 -22 -22 23 -72375
23 -1 21 -3 -53701
-12 -23 -13 -23 -45603
-11 7 -11 8 -66763
0 -1 1 1 -80539
-9 16 -7 16 -67737
-13 4 -12 4 -70467
-8 -10 -8 -14 -63587
-21 4 -21 0 -60735
18 -22 21 -23 -48815
21 22 19 20 -68735
19 12 18 5 -74131
-16 -1 -16 -4 -67447
-18 -8 -22 -6 -63553
-12 -23 -12 -17 -71029
14 -18 15 -15 -66701
8 -18 7 -16 -61587
9 20 7 21 -65251
-22 -2 -23 -5 -62495
-7 8 -4 5 -77311
-24 -23 -23 -16 -58749
23 -24 4 -9 -69841
-21 21 -20 20 -54651
10 -1 12 2 -75037
7 10 8 11 -66487
11 17 13 14 -70989
-1 -3 0 -3 -65437
-18 4 -17 0 -71335
-8 4 -9 5 -71367
-14 17 21 24 -77925
23 23 21 15 -63615
12 16 11 14 -69203
-6 23 -9 18 -68001
-15 9 -16 5 -71465
-18 16 -18 11 -72199
-24 12 -23 16 -62755
15 21 10 23 -71165
-8 -15 -7 -24 -67623
-1 -24 -11 -24 -69257
0 -24 4 -23 -68319
-6 2 -3 -6 -79335
-8 -22 -10 -22 -65185
-16 -15 -13 -18 -74621
23 13 20 16 -73621
10 24 14 21 -68441
-6 -23 -10 -24 -61997
-9 -18 -7 -19 -71763
24 1 24 7 -67913
23 -7 24 -14 -49765
8 -9 7 -9 -70751
-16 11 -19 9 -83737
-16 -20 -24 -14 -73563
9 -23 8 -22 -48199
1 1 2 2 -81243
-6 4 -4 6 -70315
18 22 16 22 -64481
11 24 9 20 -62175
-23 18 -19 23 -68635
-21 0 -22 1 -62283
-10 23 -11 22 -50719
-14 -5 -13 -6 -68409
11 5 11 1 -68895
-7 13 -23 10 -84635
18 -17 15 -16 -67781
-8 -7 -9 -6 -70309
15 -12 9 -11 -68039
0 -18 -1 -17 -67195
-7 23 -2 20 -69791
-1 -22 0 -21 -58723
18 -2 17 -5 -66829
-18 15 -19 20 -66831
-14 -13 -14 -19 -68121
22 6 24 8 -61071
-20 2 -21 1 -65225
-14 -12 -14 -16 -66409
19 8 19 13 -67347
-14 -7 -19 -6 -65631
0 -19 1 -20 -64233
2 6 3 5 -59903
4 23 -13 15 -89143
8 -2 8 -3 -64783
-17 -9 -16 -5 -65907
23 -10 18 -9 -58129
-18 -16 -20 -14 -65987
10 -11 9 -12 -65321
-17 -12 -12 -12 -70473
-23 9 -21 2 -73865
-18 -2 -17 -3 -67809
5 12 6 16 -69079
18 6 22 8 -72491
-22 15 -19 12 -65699
0 24 1 23 -54933
17 -24 19 -20 -54703
23 20 -24 18 -69729
23 22 -19 20 -74365
17 7 17 8 -59233
19 13 15 11 -68187
14 -10 18 -12 -65803
5 -18 4 -15 -64091
-21 19 -21 22 -56105
10 22 7 22 -59885
11 13 13 11 -75627
5 -11 3 -10 -61433
-11 19 -13 19 -64001
-20 -9 -20 -8 -61403
-24 3 -24 13 -56201
-7 -10 -9 -11 -69619
-24 7 -24 16 -60257
-16 -1 -17 -1 -67395
12 -19 11 -17 -56633
11 -15 11 -11 -65641
-20 -16 -24 -19 -67735
-24 -3 -24 -5 -56521
-9 3 -6 7 -74307
7 -12 9 -13 -69197
-20 19 -18 20 -73975
2 19 2 22 -73635
11 -6 12 -3 -65725
-3 -1 -2 -5 -69033
4 -14 4 -15 -56857
10 21 15 24 -61279
-9 -11 -8 -12 -64217
15 13 16 12 -71337
-11 -1 -10 -2 -65855
-24 23 -22 24 -31935
0 -24 2 -24 -58715
18 -20 20 -22 -59277
-1 6 -2 5 -70757
-4 -10 -6 -7 -64585
15 -16 15 -11 -65365
-9 10 -12 10 -70651
-12 12 -14 10 -70441
12 -15 13 -16 -62393
-4 -20 -4 -23 -51457
-4 5 0 -1 -82835
23 24 20 23 -39631
