-21 -5 -23 -5 -53346
-9 10 -8 10 -64902
18 -20 16 -21 -60466
24 -15 0 -16 -75142
-6 17 -5 13 -72404
12 -5 14 -7 -68190
24 -12 21 -19 -50536
9 2 10 -2 -68964
-4 24 -5 23 -53884
-11 18 -11 17 -58308
4 -18 2 -18 -69248
6 3 6 5 -59090
12 12 10 11 -60700
-15 23 -10 22 -57742
13 -22 8 -22 -63888
-15 20 -14 21 -61834
0 -1 1 -3 -72076
9 7 9 10 -71848
2 8 5 7 -69100
-2 15 0 11 -75368
2 4 8 5 -78508
22 3 22 7 -65236
8 18 6 16 -70330
-19 16 -18 18 -71344
9 -20 9 -24 -45650
10 -8 11 -14 -74550
-22 -23 -23 -4 -69124
22 3 21 -3 -70612
9 -24 11 -21 -54126
-20 21 -20 20 -59554
-5 -12 -5 -13 -57642
11 -10 9 -9 -64646
-4 -6 -4 -5 -64224
-2 -8 -3 -8 -71278
-7 17 -6 19 -64524
-24 12 -19 16 -76116
13 12 13 8 -72256
15 19 18 20 -68218
19 -9 18 -6 -65922
10 8 9 8 -68396
17 -23 20 -20 -62534
-4 10 -6 5 -80794
6 -5 0 -9 -87110
16 12 16 13 -63132
15 11 20 11 -66630
-13 21 -12 22 -57556
-12 -24 -11 -21 -44150
-24 22 11 23 -63906
-24 -23 4 -20 -64202
-11 11 -9 14 -74520
9 14 9 19 -62914
11 -18 12 -17 -70520
-23 -21 -19 -19 -58624
-23 11 -22 13 -63138
-2 19 -2 21 -71024
-10 -3 -10 -4 -57570
-15 -15 -13 -15 -65982
21 20 19 19 -72254
4 -20 9 -22 -71374
22 -21 19 -19 -59182
-3 24 -3 20 -65730
24 19 24 17 -51332
0 21 -4 21 -67558
16 -2 8 -15 -86180
13 23 16 24 -55118
18 19 24 -5 -78362
4 -16 2 -19 -67576
-22 -9 -23 -5 -69038
-8 2 -8 0 -54826
-17 -21 -14 -16 -67988
-20 5 -20 4 -64416
-4 -20 -7 -21 -63940
-23 -1 -18 -1 -74550
-5 10 -6 12 -68322
-14 6 -14 3 -63254
14 -23 16 -23 -50050
-24 -10 -19 -6 -61314
-22 0 -13 2 -87764
8 13 10 12 -66206
10 -22 15 -22 -66446
16 14 13 14 -67570
21 -7 20 -11 -59292
24 12 21 11 -64334
4 -19 7 -20 -69880
-14 -7 -14 -8 -66338
-7 -6 -6 -8 -68202
15 23 20 20 -64888
0 0 -1 -2 -68712
4 -2 6 -1 -68978
20 19 24 22 -58056
5 14 3 14 -65446
3 -24 8 -19 -68588
20 -24 24 -20 -33194
-3 -15 -2 -14 -66050
0 -20 0 -23 -58686
19 17 17 20 -64418
-20 -13 -21 -9 -69428
13 -5 11 -8 -66268
-20 -18 -17 -16 -67376
-10 -10 -10 -9 -58480
7 4 8 6 -71804
-20 14 -22 13 -69780
5 9 5 10 -65492
-21 -18 -21 -20 -66662
-1 -21 2 -24 -54894
19 18 22 17 -66558
-20 -19 -20 -16 -64682
20 4 16 4 -63540
2 14 1 16 -67380
-15 -7 -12 -11 -73258
-16 10 -17 12 -69440
-20 -11 -23 -13 -57534
19 -17 18 -13 -67870
-8 12 -7 15 -70398
-12 -8 -13 -8 -59848
14 -1 14 -3 -62290
-23 19 -2 24 -67748
22 3 22 1 -59128
-11 -23 -11 -19 -58066
0 -17 0 -18 -63190
-4 -13 -3 -19 -73022
-15 0 -15 1 -63642
-4 -3 -2 -2 -65352
-9 5 -9 7 -62020
-4 -10 -1 -8 -72226
20 -5 19 -8 -66464
-21 -20 -20 -23 -50216
3 9 4 11 -74480
14 22 12 18 -71820
-2 0 -2 1 -57194
4 -14 1 -16 -72686
-20 16 -24 15 -60124
10 -8 10 -11 -66468
-6 22 -5 20 -68578
8 3 10 4 -71896
24 -12 20 -12 -51744
-21 -10 -22 -6 -74148
-1 1 -2 0 -73968
23 0 23 -4 -63294
-10 18 -9 18 -66504
-2 -11 -1 -11 -64534
13 0 16 2 -73140
-5 -16 -6 -16 -66372
0 -14 0 -13 -57928
-19 21 -24 22 -56122
18 -15 17 -23 -62872
23 13 22 11 -59158
-20 2 -24 -5 -68532
3 -20 2 -23 -64970
18 -22 6 -24 -70520
24 12 22 17 -60108
-16 16 -13 14 -65838
14 16 15 15 -69120
18 -17 19 -18 -63848
5 -2 3 1 -76564
-21 12 -21 11 -60522
10 -15 10 -13 -65100
-23 -23 -4 -23 -63188
24 6 22 0 -67436
-11 -7 -10 -6 -63520
9 5 9 8 -62926
5 -10 4 -12 -71174
1 16 1 17 -64692
-4 -21 -3 -18 -66986
-11 5 2 1 -93602
0 13 -3 12 -67016
-23 7 -21 4 -64002
16 -6 15 -6 -67222
9 -7 7 -6 -63484
1 5 -1 5 -60942
1 10 0 12 -62978
24 18 19 23 -55566
-8 9 -8 10 -65040
-5 11 -4 11 -64492
-12 -24 19 -23 -63996
-13 -2 -13 -3 -63870
-2 13 -4 14 -73412
18 -16 18 -15 -61462
2 14 0 13 -72294
-3 13 -3 12 -62634
-24 0 -22 -4 -65756
-7 19 -6 18 -72022
10 5 7 6 -70376
21 -8 24 -8 -45116
-15 21 -13 18 -64454
1 -6 2 -10 -62566
4 22 -2 24 -67600
-9 5 -3 3 -83846
23 -6 19 -19 -66316
14 -20 14 -23 -51384
-20 -14 -22 -10 -63164
5 -2 6 -3 -76614
-19 -23 -19 -24 -23046
-17 -2 -16 -1 -68362
3 -7 2 -8 -75808
16 -3 18 -4 -66002
21 22 21 23 -30798
-15 11 -12 9 -68644
6 -19 10 -22 -68904
-16 15 -18 17 -67888
-20 10 -19 9 -66906
21 -3 21 -7 -70006
-2 -24 -6 -19 -65958
20 3 24 5 -62746
-18 -13 -17 -11 -71754
12 -12 16 -10 -65488
-21 -4 -18 -2 -69920
-17 22 -19 19 -72546
20 -1 22 -6 -69830
-11 -14 -11 -15 -68818
4 14 5 17 -73904
-9 -2 -8 0 -60802
-16 -12 -16 -9 -68910
-9 0 -7 1 -68172
6 -3 3 -5 -76356
16 0 18 1 -64500
-14 20 -22 22 -75560
24 -10 -1 -5 -74788
-19 5 -17 7 -66962
-23 -21 -21 10 -73058
-1 24 -4 21 -66110
-10 23 -8 19 -62172
1 -10 2 -7 -68284
0 16 -1 15 -71600
15 24 14 21 -52346
-11 -7 -11 -5 -64450
23 -19 24 -23 -26218
1 -24 5 -24 -64540
-23 -17 23 -19 -69846
1 -15 0 -14 -62452
-10 -15 -14 -15 -67294
8 -1 9 0 -66418
-15 24 -13 19 -55134
12 -17 13 -16 -72220
-19 -22 -17 -17 -72302
12 14 10 14 -64432
-24 -16 -20 -21 -47526
-20 -8 -24 -15 -67904
-10 -10 -9 -9 -66664
2 24 1 22 -52024
23 10 23 3 -64592
-13 6 -16 5 -63586
-23 24 -19 11 -69084
-5 2 -2 1 -69780
16 -4 13 -4 -69544
-13 8 -13 11 -64840
7 -3 7 -4 -61558
-13 2 -13 1 -59688
0 24 20 24 -60846
10 23 8 20 -72176
-24 -18 -22 -3 -73342
-18 7 -19 9 -68584
-16 24 -19 22 -54662
19 -10 20 -12 -65960
0 9 0 8 -66714
-24 6 -22 7 -44466
-3 22 -10 22 -60050
-21 -20 -18 -24 -51922
-22 4 -21 7 -68696
0 -23 -5 -22 -58112
-1 -12 0 -11 -63356
-10 14 -10 12 -66334
2 -24 4 -21 -63706
22 1 23 1 -46642
21 17 21 12 -59962
-2 7 -3 4 -72352
2 -13 5 -13 -73754
-10 -4 -9 -5 -67890
13 1 10 2 -55828
0 18 3 16 -69586
17 -2 16 0 -69132
2 3 4 1 -70156
9 -15 5 -16 -68856
-2 -2 1 -5 -74544
-24 0 -22 -6 -74990
-12 -16 -13 -14 -69132
20 4 20 24 -71210
-11 -22 -10 -23 -46648
1 21 1 24 -63538
-18 -17 -16 -18 -62784
14 9 13 10 -70408
20 1 22 0 -55108
-14 21 -19 23 -62320
-24 -18 11 -24 -67580
-15 -12 -18 -15 -71576
4 20 4 22 -68492
-1 22 3 23 -61422
0 0 2 0 -68070
24 -11 24 -24 -44046
23 14 22 9 -60222
2 -9 1 -9 -63258
21 -5 23 0 -73166
4 23 2 23 -57068
-19 18 -20 13 -71852
10 19 7 17 -71520
17 5 16 6 -61368
0 10 -1 7 -70086
13 17 11 24 -75180
-5 -14 -6 -19 -68132
12 -21 13 -20 -66912
6 -10 7 -9 -75684
-7 -14 -4 -17 -72944
-1 3 -2 5 -62100
-22 -16 -24 -23 -63888
-13 13 -11 10 -71266
-6 3 -6 2 -57844
24 9 21 9 -57228
11 11 11 15 -63686
5 -5 10 17 -93008
-15 -10 -15 -15 -70906
13 0 14 2 -69672
-10 -13 -8 -12 -66888
13 5 15 5 -61314
22 12 23 12 -61488
24 -15 24 15 -66956
21 13 24 4 -61656
19 -12 16 -14 -57862
9 7 6 6 -77910
-2 1 0 0 -66082
3 17 2 16 -73546
-9 -14 -9 -15 -67580
-13 -18 -12 -20 -65750
-9 0 -10 0 -63826
9 24 4 24 -54012
-22 -3 -22 -6 -71524
-3 17 -1 17 -70200
14 23 15 21 -57686
-24 -19 -21 -15 -67608
9 22 10 20 -66408
-12 24 -6 20 -63228
-12 11 2 10 -85110
5 0 5 1 -60258
14 14 15 17 -59470
-1 19 -2 17 -69068
-9 17 -8 14 -70042
-12 6 -10 7 -61774
-4 7 -4 9 -71392
8 14 5 15 -65056
-4 -9 -5 -9 -64564
15 4 17 7 -59374
-18 6 -23 5 -69448
-13 -20 -18 -20 -55662
6 -11 6 -10 -63582
-18 -20 -21 -21 -58276
-10 -19 -13 -20 -61106
-3 -21 -6 -21 -65500
-22 3 -24 -11 -77106
24 13 21 16 -63244
-17 3 -16 3 -73170
-18 -12 -17 -15 -61454
-12 -2 -11 -1 -62220
14 19 14 18 -57558
-4 5 -6 2 -75750
-7 15 -7 18 -69464
22 -7 23 -9 -60248
-5 3 -4 4 -74612
11 -8 11 -5 -59604
5 21 3 24 -62698
15 -7 16 -10 -65166
19 17 23 18 -68710
-23 11 -23 -5 -68686
-14 18 -15 15 -63832
-22 12 -24 18 -57496
20 -11 19 -12 -54670
24 -23 17 -16 -67472
7 -4 5 -5 -75950
18 0 18 -1 -67640
-19 15 -15 16 -67206
-8 -18 -11 -24 -60418
23 -9 23 -3 -62410
18 1 17 4 -62102
17 5 22 6 -65274
13 1 12 4 -62964
-14 4 -15 5 -67480
-13 -22 -14 -18 -66500
15 -23 14 -21 -47856
-18 20 -22 22 -72396
23 -1 21 -3 -60418
-12 -23 -13 -23 -44220
-11 7 -11 8 -63364
0 -1 1 1 -69064
-9 16 -7 16 -67040
-13 4 -12 4 -60080
-8 -10 -8 -14 -64942
-21 4 -21 0 -60924
18 -22 21 -23 -47156
21 22 19 20 -67596
19 12 18 5 -75340
-16 -1 -16 -4 -66280
-18 -8 -22 -6 -67562
3 18 2 -2 -82308
14 -18 15 -15 -67308
8 -18 7 -16 -61570
9 20 7 21 -66034
-22 -2 -23 -5 -68626
8 -2 8 0 -69338
-24 -23 -23 -16 -57270
23 -24 4 -9 -73170
-21 21 -20 20 -64296
-3 -18 -2 -17 -66748
7 10 8 11 -72154
11 17 13 14 -69664
-1 -3 0 -3 -68044
-18 4 -17 0 -70656
-8 4 -9 5 -66160
-14 17 21 24 -75350
23 23 21 15 -62900
22 17 22 18 -57502
-6 23 -9 18 -66126
-15 9 -16 5 -61602
-18 16 -18 11 -70026
-24 12 -23 16 -59954
15 21 10 23 -68636
-8 -15 -7 -24 -67208
-1 -24 -11 -24 -64874
0 -24 4 -23 -68520
-9 11 -10 10 -71602
-8 -22 -10 -22 -61046
7 -22 11 -18 -69830
-18 0 -20 1 -78262
10 24 14 21 -66104
-6 -23 -10 -24 -59218
-9 -18 -7 -19 -67654
24 1 24 7 -61690
23 -7 24 -14 -49866
8 -9 7 -9 -68388
10 9 10 10 -69656
23 -20 -24 5 -78308
9 -23 8 -22 -50010
24 -13 19 -9 -69176
-2 17 -4 20 -77144
18 22 16 22 -62410
11 24 9 20 -68280
-23 18 -19 23 -67406
-21 0 -22 1 -64030
-10 23 -11 22 -51026
-14 -5 -13 -6 -66026
11 5 11 1 -64466
24 13 -23 10 -71044
18 -17 15 -16 -62046
-8 -7 -9 -6 -69810
15 -12 9 -11 -70568
0 -18 -1 -17 -67408
-7 23 -2 20 -68718
-1 -22 0 -21 -60326
18 -2 17 -5 -68516
-18 15 -19 20 -65942
-14 -13 -14 -19 -65888
22 6 24 8 -60096
-20 2 -21 1 -67886
-14 -12 -2 -2 -84274
19 8 19 13 -70048
-14 -7 -19 -6 -64894
0 -19 1 -20 -65034
2 6 3 5 -66084
0 9 2 9 -61324
8 -2 8 -3 -66806
-17 -9 -16 -5 -70100
23 -10 18 -9 -65152
-18 -16 -20 -14 -57718
10 -11 9 -12 -68226
-17 -12 -12 -12 -67440
-23 9 -21 2 -72304
-18 -2 -17 -3 -71476
5 12 6 16 -69928
24 -21 21 3 -66312
-22 15 -19 12 -65524
0 24 1 23 -55290
17 -24 19 -20 -56300
23 20 -24 18 -70568
23 22 -19 20 -72878
17 7 17 8 -59782
19 13 15 11 -66804
14 -10 18 -12 -67384
5 -18 4 -15 -64646
-21 19 -21 22 -56542
10 22 7 22 -61728
3 9 7 10 -76968
5 -11 3 -10 -68070
-11 19 -13 19 -64196
-20 -9 -20 -8 -69844
-24 3 -24 13 -55724
-7 -10 -9 -11 -68354
-24 7 -24 16 -58330
-16 -1 -17 -1 -73436
12 -19 11 -17 -58470
11 -15 11 -11 -71342
-20 -16 -24 -19 -67418
-24 -3 -24 -5 -65402
-2 -22 -2 0 -74070
7 17 9 23 -76598
-20 19 -18 20 -74742
2 19 2 22 -74248
11 -6 12 -3 -65884
-3 -1 -2 -5 -66526
4 -14 4 -15 -58512
10 21 15 24 -63808
-9 -11 -8 -12 -64578
15 13 16 12 -70174
-11 -1 -10 -2 -65208
-24 23 -22 24 -32666
0 -24 2 -24 -57880
18 -20 20 -22 -60772
-1 6 -2 5 -66356
-4 -10 -6 -7 -67040
15 -16 15 -11 -67116
16 -14 -21 8 -87868
-12 12 -14 10 -65114
12 -15 13 -16 -64534
-4 -20 -4 -23 -52726
-1 -3 1 -10 -74578
23 24 20 23 -38832
