-21 -5 -23 -5 -61030
-9 10 -8 10 -60298
18 -20 16 -21 -64072
-2 -19 -1 -20 -73510
-6 17 -5 13 -70504
12 -5 14 -7 -72104
24 -12 21 -19 -57846
9 2 10 -2 -57332
-4 24 -5 23 -53264
-11 18 -11 17 -56970
4 -18 2 -18 -71494
6 3 6 5 -60136
12 12 10 11 -58546
-15 23 -10 22 -58542
13 -22 8 -22 -64196
-15 20 -14 21 -58326
0 -1 1 -3 -66452
9 7 9 10 -68694
2 8 5 7 -62978
-2 15 0 11 -72200
9 -15 5 -21 -77186
22 3 22 7 -66156
8 18 6 16 -65490
-19 16 -18 18 -68928
9 -20 9 -24 -47624
-6 -9 -3 7 -87810
-22 -23 -23 -4 -77476
-11 13 -12 13 -64476
9 -24 11 -21 -51850
-20 21 -20 20 -55114
-5 -12 -5 -13 -60662
11 -10 9 -9 -71074
-4 -6 -4 -5 -77140
20 -22 24 7 -71762
-7 17 -6 19 -62122
-24 12 -19 16 -76318
13 12 13 8 -66642
15 19 18 20 -67004
19 -9 18 -6 -67598
10 8 9 8 -62706
17 -23 20 -20 -66632
-4 -2 -6 -1 -57338
-10 -24 -6 -20 -75292
16 12 16 13 -59072
15 11 20 11 -66720
-13 21 -12 22 -57186
-12 -24 -11 -21 -56230
-24 22 11 23 -73364
-24 -23 4 -20 -67174
-11 7 -9 3 -74284
9 14 9 19 -57662
11 -18 12 -17 -74546
-23 -21 -19 -19 -58854
-23 11 -22 13 -62784
-2 19 -2 21 -69668
-10 -3 -10 -4 -64446
-15 -15 -13 -15 -66348
21 20 19 19 -71554
-11 23 9 23 -73220
22 -21 19 -19 -62150
-3 24 -3 20 -64738
24 19 24 17 -49998
0 21 -4 21 -68640
17 -18 16 -22 -74108
13 23 16 24 -50740
12 -5 9 -4 -63688
4 -16 2 -19 -73840
-22 -9 -23 -5 -66914
-8 2 -8 0 -63730
-17 -21 -14 -16 -78738
-20 5 -20 4 -65562
-4 -20 -7 -21 -67404
-10 -16 -12 -24 -81922
-5 10 -6 12 -67074
-14 6 -14 3 -64972
14 -23 16 -23 -49926
-24 -10 -19 -6 -68716
4 -6 4 -4 -62012
8 13 10 12 -61590
10 -22 15 -22 -65060
16 14 13 14 -64472
21 -7 20 -11 -64148
24 12 21 11 -66274
4 -19 7 -20 -70598
-14 -7 -14 -8 -62484
0 17 4 16 -67490
15 23 20 20 -61928
0 0 -1 -2 -73804
4 -2 6 -1 -63168
20 19 24 22 -56294
5 14 3 14 -59542
3 -24 8 -19 -74900
20 -24 24 -20 -35274
-3 -15 -2 -14 -65826
0 -20 0 -23 -66794
19 17 17 20 -62710
-20 -13 -21 -9 -72650
13 -5 11 -8 -67022
-20 -18 -17 -16 -70112
-10 -10 -10 -9 -55628
7 4 8 6 -67640
-20 14 -22 13 -70164
5 9 5 10 -62412
-21 -18 -21 -20 -71832
-1 -21 2 -24 -57480
19 18 22 17 -65120
-20 -19 -20 -16 -74716
20 4 16 4 -68002
2 14 1 16 -63610
1 -1 6 -6 -75934
-16 10 -17 12 -67496
-20 -11 -23 -13 -59434
19 -17 18 -13 -81990
-8 12 -7 15 -64496
-12 -8 -13 -8 -60644
14 -1 14 -3 -59562
-23 19 -2 24 -67604
22 3 22 1 -57556
-11 -23 -11 -19 -69626
0 -17 0 -18 -70768
3 -9 22 -3 -81010
-15 0 -15 1 -65734
-4 -3 -2 16 -86166
-9 5 -9 7 -65024
10 -15 6 -3 -85020
20 -5 19 -8 -69082
-21 -20 -20 -23 -53708
3 9 4 11 -70824
14 22 12 18 -67734
-2 0 -2 1 -74976
-22 -18 -22 -7 -77472
-20 16 -24 15 -59348
10 -8 10 -11 -72836
-6 22 -5 20 -69090
8 3 10 4 -64454
24 -12 20 -12 -63562
-21 -10 -22 -6 -73724
-1 1 -2 0 -71502
23 0 23 -4 -47894
-10 18 -9 18 -68350
-2 -11 -1 -11 -57418
13 0 16 2 -73438
-5 -16 -6 -16 -66410
0 -14 0 -13 -61646
-19 21 -24 22 -54074
18 -15 17 -23 -77850
23 13 22 11 -57924
-20 2 -24 -5 -66812
3 -20 2 -23 -71266
18 -22 6 -24 -69030
24 12 22 17 -58508
-16 16 -13 14 -68086
14 16 15 15 -67432
18 -17 19 -18 -73236
5 -2 3 1 -70328
-21 12 -21 11 -59838
10 -15 10 -13 -66180
-23 -23 -4 -23 -64850
24 6 22 0 -66590
-11 -7 -10 -6 -63964
9 5 9 8 -61454
5 -10 4 -12 -72362
1 16 1 17 -57768
-4 -21 -3 -18 -72006
-1 -13 15 -11 -99264
0 13 -3 12 -64660
-23 7 -21 4 -64486
16 -6 15 -6 -68796
11 -22 1 -21 -78110
1 5 -1 5 -60048
1 10 0 12 -62114
24 18 19 23 -53480
-8 9 -8 10 -61832
-5 11 -4 11 -54224
-23 -3 -19 -3 -68176
-13 -2 -13 -3 -60802
-2 13 -4 14 -67272
18 -16 18 -15 -73754
2 14 0 13 -69738
-3 13 -3 12 -61818
-24 0 -22 -4 -61584
-7 19 -6 18 -72076
10 5 7 6 -63120
21 -8 24 -8 -57584
-15 21 -13 18 -63672
1 -10 2 -12 -63792
4 22 -2 24 -67856
-18 13 -15 16 -73914
-21 -14 -20 -17 -62464
14 -20 14 -23 -56286
-20 -14 -22 -10 -68488
-8 -12 -5 -12 -69138
-19 -23 -19 -24 -23492
-17 -2 -16 -1 -61376
24 -7 17 -8 -72172
16 -3 18 -4 -69472
21 22 21 23 -29050
-15 11 -12 9 -71788
6 -19 10 -22 -67120
-16 15 -18 17 -67936
-20 10 -19 9 -64262
0 -7 3 -8 -69626
-2 -24 -6 -19 -71936
20 3 24 5 -63076
7 -24 7 -4 -74446
12 -12 16 -10 -66542
-21 -4 -18 -2 -66586
2 -24 6 -24 -63098
20 -1 22 -6 -63028
-11 -14 -11 -15 -67470
4 14 5 17 -64454
-9 -2 -8 0 -67220
-16 -12 -16 -9 -64202
-9 0 -7 1 -63894
-5 -3 -5 -5 -76856
16 0 18 1 -68974
-14 20 -22 22 -74282
5 8 4 7 -68984
-19 5 -17 7 -64280
-23 -21 -21 10 -71766
-1 24 -4 21 -64682
-10 23 -8 19 -61312
1 -10 2 -7 -61810
0 16 -1 15 -68478
15 24 14 21 -51314
-11 -7 -11 -5 -66500
23 -19 24 -23 -27712
0 -22 0 -17 -81554
-23 -17 23 -19 -67152
1 -15 0 -14 -72966
-10 -15 -14 -15 -69246
8 -1 9 0 -61264
-15 24 -13 19 -53578
12 -17 13 -16 -76072
-19 -22 -17 -17 -79724
12 14 10 14 -61012
-24 -16 -20 -21 -55384
-20 -8 -24 -15 -70990
-10 -10 -9 -9 -68372
2 24 1 22 -50604
23 10 23 3 -62076
-13 6 -16 5 -64524
-23 24 -19 11 -71706
-5 2 -2 1 -59126
16 -4 13 -4 -72462
-13 8 -13 11 -62986
7 -3 7 -4 -61218
-13 2 -13 1 -62930
0 24 20 24 -57660
10 23 8 20 -65194
-24 -18 -22 -3 -77922
-18 7 -19 9 -66926
-16 24 -19 22 -46656
19 -10 20 -12 -65768
0 9 0 8 -63460
-24 6 -22 7 -44126
-3 22 -10 22 -61496
-21 -20 -18 -24 -55434
-22 4 -21 7 -67940
0 -23 -5 -22 -61662
-1 -12 0 -11 -57910
-10 14 -10 12 -61426
2 -24 4 -21 -67116
22 1 23 1 -50090
21 17 21 12 -57992
-2 7 -3 4 -69564
2 -13 5 -13 -80248
-10 -4 -9 -5 -70686
13 1 10 2 -53688
14 -5 0 -7 -90792
17 -2 16 0 -69370
2 3 4 1 -67438
9 -15 5 -16 -76240
16 -10 17 -5 -71772
-24 0 -22 -6 -69210
-12 -16 -13 -14 -69660
20 4 20 24 -65220
-11 -22 -10 -23 -46274
1 21 1 24 -62296
-18 -17 -16 -18 -62120
14 9 13 10 -66770
20 1 22 0 -61478
-14 21 -19 23 -63900
-24 -18 11 -24 -70440
-15 -12 -18 -15 -65678
4 20 4 22 -63514
-1 22 3 23 -60328
0 0 2 0 -67556
24 -11 24 -24 -51092
23 14 22 9 -57174
2 -9 1 -9 -70440
21 -23 -10 -23 -66714
4 23 2 23 -56820
-19 18 -20 13 -74760
10 19 7 17 -65922
17 5 16 6 -57610
0 10 -1 7 -68626
13 17 11 24 -63732
-5 -14 -6 -19 -71520
12 -21 13 -20 -67950
6 -10 7 -9 -75192
-24 1 -4 2 -72432
-1 3 -2 5 -61358
-22 -16 -24 -23 -65132
-13 13 -11 10 -73842
-6 3 -6 2 -61190
24 9 21 9 -60620
11 11 11 15 -59994
22 -11 23 -18 -60978
-15 -10 -15 -15 -67344
13 0 14 2 -67482
-10 -13 -8 -12 -70722
13 5 15 5 -59954
22 12 23 12 -63594
24 -15 24 15 -65570
21 13 24 4 -56410
19 -12 16 -14 -57992
-15 -18 -15 -20 -76330
-2 1 0 0 -62464
-19 -23 15 -19 -74950
-9 -14 -9 -15 -67270
-13 -18 -12 -20 -72086
-9 0 -10 0 -63232
9 24 4 24 -53088
-22 -3 -22 -6 -65628
-3 17 -1 17 -69074
14 23 15 21 -48198
-24 -19 -21 -15 -70146
9 22 10 20 -55298
-12 24 -6 20 -62642
0 -17 1 -16 -69100
5 0 5 1 -54812
14 14 15 17 -54396
-1 19 -2 17 -65308
-9 17 -8 14 -70534
-12 6 -10 7 -63220
-4 7 -4 9 -66688
8 14 5 15 -59030
-4 -9 -5 -9 -54536
15 4 17 7 -60402
-18 6 -23 5 -62646
-13 -20 -18 -20 -56696
6 -11 6 -10 -71884
-18 -20 -21 -21 -58988
-10 -19 -13 -20 -68634
-3 -21 -6 -21 -66974
8 -8 8 -11 -76344
24 13 21 16 -61210
-17 3 -16 3 -65302
-18 -12 -17 -15 -65148
-12 -2 -11 -1 -64804
14 19 14 18 -54426
22 -6 20 -6 -63988
-7 15 -7 18 -68646
22 -7 23 -9 -58568
-5 3 -4 4 -59742
11 -8 11 -5 -65504
5 21 3 24 -61158
15 -7 16 -10 -68308
19 17 23 18 -68398
-23 11 -23 -5 -66804
-14 18 -15 15 -63464
-22 12 -24 18 -59072
20 -11 19 -12 -60188
24 -23 17 -16 -73364
7 -4 5 -5 -68572
18 0 18 -1 -63480
-19 15 -15 16 -67992
-4 -13 -3 -18 -74278
23 -9 23 -3 -53038
18 1 17 4 -65208
17 5 22 6 -68224
18 8 18 -4 -77942
-14 4 -15 5 -67446
-13 -22 -14 -18 -76964
15 -23 14 -21 -50850
-18 20 -22 22 -72196
23 -1 21 -3 -52560
-12 -23 -13 -23 -45722
-11 7 -11 8 -62842
0 -1 1 1 -74860
-9 16 -7 16 -66080
-13 4 -12 4 -66204
-8 -10 -8 -14 -65182
-21 4 -21 0 -59254
18 -22 21 -23 -48608
21 22 19 20 -66040
9 5 -2 2 -80680
17 -14 18 -19 -83398
-18 -8 -22 -6 -70430
-7 -6 -7 -7 -67956
14 -18 15 -15 -76384
8 -18 7 -16 -65996
9 20 7 21 -59086
-22 -2 -23 -5 -65822
0 -15 -2 -13 -73210
-24 -23 -23 -16 -59506
23 -24 4 -9 -74188
-21 21 -20 20 -65260
-3 -18 -2 -17 -70060
7 10 8 11 -64982
11 17 13 14 -66288
-1 -3 0 -3 -61288
-18 4 -17 0 -69374
-8 4 -9 5 -67668
-14 17 21 24 -73986
23 23 21 15 -63114
22 17 22 18 -56666
-6 23 -9 18 -64860
-15 9 -16 5 -62916
-18 16 -18 11 -72618
-24 12 -23 16 -60374
10 -12 0 -14 -95584
-8 -15 -7 -24 -71474
-1 -24 -11 -24 -71196
0 -24 4 -23 -66858
-9 11 -10 10 -63356
-8 -22 -10 -22 -66020
2 1 2 4 -60166
-10 1 -9 -3 -72748
-20 -7 -22 -8 -68792
-6 -23 -10 -24 -69330
-9 -18 -7 -19 -67498
24 1 24 7 -63450
23 -7 24 -14 -51378
8 -9 7 -9 -70428
10 9 10 10 -65492
-15 -1 -12 -2 -69170
9 -23 8 -22 -50600
24 -13 19 -9 -71388
-2 17 -4 20 -73728
18 22 16 22 -60550
11 24 9 20 -62718
-23 18 -19 23 -55888
-21 0 -22 1 -58642
-10 23 -11 22 -51054
-14 -5 -13 -6 -68006
11 5 11 1 -55688
24 13 -23 10 -67414
18 -17 15 -16 -64092
-8 -7 -9 -6 -69510
15 -12 9 -11 -72650
-4 -5 -4 -9 -72028
-7 23 -2 20 -69412
-1 -22 0 -21 -62862
18 -2 17 -5 -64612
-18 15 -19 20 -66852
-14 -13 -14 -19 -71562
22 6 24 8 -57900
-20 2 -21 1 -62516
-11 -24 -8 -20 -74930
19 8 19 13 -60984
-14 -7 -19 -6 -67474
0 -19 1 -20 -73036
2 6 3 5 -63890
0 9 2 9 -60090
8 -2 8 -3 -58722
-17 -9 -16 -5 -66010
23 -10 18 11 -78614
-18 -16 -20 -14 -65152
10 -11 9 -12 -70674
-17 -12 -12 -12 -66228
-23 9 -21 2 -72064
-18 -2 -17 -3 -72402
5 12 6 16 -63700
24 -21 21 3 -69070
-22 15 -19 12 -65218
0 24 1 23 -54418
17 -24 19 -20 -62796
23 20 -24 18 -69402
23 22 -19 20 -73128
17 7 17 8 -51838
19 13 15 11 -63598
14 -10 18 -12 -65254
5 -18 4 -15 -68362
-21 19 -21 22 -52768
10 22 7 22 -56360
16 0 21 0 -71516
5 -11 3 -10 -74948
-11 19 -13 19 -66412
-20 -9 -20 -8 -69218
-24 3 -24 13 -55982
-7 -10 -9 -11 -72186
-24 7 -24 16 -57484
-16 -1 -17 -1 -69026
12 -19 11 -17 -63024
11 -15 11 -11 -69292
-20 -16 -24 -19 -68606
-24 -3 -24 -5 -59076
-2 -2 -2 2 -81948
7 23 -23 23 -72894
0 -7 2 -4 -68786
2 19 2 22 -71180
11 -6 12 -3 -64870
-3 -1 -2 -5 -74214
4 -14 4 -15 -60704
10 21 15 24 -58346
-9 -11 -8 -12 -63654
15 13 16 12 -69420
-11 -1 -10 -2 -71642
-24 23 -22 24 -29226
0 -24 2 -24 -55612
18 -20 20 -22 -64544
-1 6 -2 5 -63446
-4 -10 -6 -7 -62550
15 -16 15 -11 -69352
-17 0 -16 -2 -71684
-12 12 -14 10 -67492
12 -15 13 -16 -64996
-4 -20 -4 -23 -60714
24 -13 21 -14 -53482
23 24 20 23 -37924
