-21 -5 -23 -5 -63713
-9 10 -8 10 -60201
18 -20 16 -21 -61669
-2 -19 -1 -20 -72551
-6 17 -5 13 -66469
12 -5 14 -7 -68327
24 -12 21 -19 -57043
9 2 10 -2 -62283
-4 24 -5 23 -50621
-11 18 -11 17 -55951
4 -18 2 -18 -64475
6 3 6 5 -64721
12 12 10 11 -64039
-15 23 -10 22 -58433
13 -22 8 -22 -66131
-15 20 -14 21 -57475
0 -1 1 -3 -57787
-1 -13 0 -19 -88641
2 8 5 7 -58265
15 4 14 0 -68707
20 -6 21 -7 -70345
22 3 22 7 -67227
8 18 6 16 -64309
-19 16 -18 18 -68391
9 -20 9 -24 -44273
-19 -22 0 4 -74079
14 17 11 16 -70995
-11 13 -12 13 -64877
9 -24 11 -21 -45429
-20 21 -20 20 -55057
-5 -12 -5 -13 -69663
11 -10 9 -9 -61727
-21 -11 -24 -12 -52393
20 -22 24 7 -67563
-7 17 -6 19 -64691
-6 4 -5 4 -63551
13 12 13 8 -67965
15 19 18 20 -73933
19 -9 18 -6 -68923
10 8 9 8 -68321
17 -23 20 -20 -66425
-4 -2 -6 -1 -62971
-10 -24 -6 -20 -73427
16 12 16 13 -60433
15 11 20 11 -69963
-13 21 -12 22 -57941
-12 -24 -11 -21 -47625
-24 22 11 23 -68985
-24 -23 4 -20 -68593
9 -6 9 -5 -64305
9 14 9 19 -63141
11 -18 12 -17 -57621
-23 -21 -19 -19 -68605
-23 11 -22 13 -61267
-2 19 -2 21 -61007
-10 -3 -10 -4 -61013
-15 -15 -13 -15 -64471
0 -16 -1 -15 -78069
19 23 20 -7 -75019
22 -21 19 -19 -64709
-3 24 -3 20 -62531
24 19 24 17 -52465
0 21 -4 21 -59513
17 -18 16 -22 -68603
13 23 16 24 -57885
12 -5 9 -4 -64469
1 8 2 10 -65141
-22 -9 -23 -5 -68169
-8 2 -8 0 -61303
-8 -8 -11 -8 -74235
-20 5 -20 4 -60247
-4 -20 -7 -21 -69537
-3 -5 -5 -7 -67233
-5 10 -6 12 -65703
-14 6 -14 3 -64739
14 -23 16 -23 -46211
-13 -15 -6 -15 -85013
4 -6 4 -4 -59635
8 13 10 12 -62329
10 -22 15 -22 -60475
16 14 13 14 -70247
21 -7 20 -11 -57783
24 12 21 11 -67287
4 -19 7 -20 -60875
-14 -7 -14 -8 -61261
0 10 0 8 -66827
15 23 20 20 -63411
0 0 -1 -2 -63543
4 -2 6 -1 -63015
20 19 24 22 -53625
5 14 3 14 -53489
3 -24 8 -19 -67669
20 -24 24 -20 -39917
-3 -15 -2 -14 -67899
11 -23 7 -22 -64037
19 17 17 20 -61701
-20 0 -16 -22 -80231
13 -5 11 -8 -67855
-20 -18 -17 -16 -68489
-10 -10 -10 -9 -57173
7 4 8 6 -66477
-20 14 -22 13 -66635
5 9 5 10 -61735
-21 -18 -21 -20 -65207
-1 -21 2 -24 -56001
19 18 22 17 -64307
-20 -19 -20 -16 -67777
-11 7 0 -19 -90047
2 14 1 16 -62833
22 4 19 7 -67719
-16 10 -17 12 -66091
-20 -11 -23 -13 -65441
17 -17 24 -15 -64995
-8 12 -7 15 -66685
-12 -8 -13 -8 -64519
14 -1 14 -3 -59143
-23 19 -2 24 -70037
22 3 22 1 -53303
-11 -23 -11 -19 -57209
0 -17 0 -18 -70295
-7 -5 -10 -4 -69213
-15 0 -15 1 -67979
-14 -14 -15 -17 -60473
-9 5 -9 7 -66809
11 8 10 7 -68711
3 16 -1 16 -61561
-21 -20 -20 -23 -51371
16 -14 15 -12 -62781
14 22 12 18 -73833
-2 0 -2 1 -61927
15 -15 13 -18 -62325
-20 16 -24 15 -57465
10 -8 10 -11 -60555
-6 22 -5 20 -63181
8 3 10 4 -63369
24 -12 20 -12 -63675
-21 -10 -22 -6 -73017
-1 -11 -3 -10 -56119
23 0 23 -4 -54099
-10 18 -9 18 -68323
17 18 14 16 -74247
3 3 1 1 -64651
-5 -16 -6 -16 -66693
0 -14 0 -13 -71613
-19 21 -24 22 -54435
18 -15 17 -23 -69703
23 13 22 11 -60183
22 -11 -24 -5 -70355
3 -20 2 -23 -66405
18 -22 6 -24 -65815
24 12 22 17 -64423
-16 16 -13 14 -66057
14 16 15 15 -63123
18 -17 19 -18 -64653
-19 -2 -18 0 -68985
-21 12 -21 11 -58283
10 -15 10 -13 -65455
-23 -23 -4 -23 -67861
24 6 22 0 -64839
21 -24 20 0 -67195
9 5 9 8 -70443
5 -10 4 -12 -71289
1 16 1 17 -60351
-4 -21 -3 -18 -67713
20 0 21 -5 -72367
0 18 -3 13 -68059
-23 7 -21 4 -58809
16 -6 15 -6 -64215
11 -3 7 -1 -67439
1 5 -1 5 -57257
1 10 0 12 -60967
24 18 19 23 -54515
-8 9 -8 10 -64631
-5 11 -4 11 -54019
-23 -3 -19 -3 -74153
-13 -2 -13 -3 -64163
18 12 16 14 -67857
18 -16 18 -15 -55123
24 0 4 -1 -68503
-3 13 -3 12 -65029
-24 0 -22 -4 -63957
-7 19 -6 18 -65385
10 5 7 6 -67807
21 -8 24 -8 -54861
-15 21 -13 18 -66137
1 -10 2 -12 -60963
4 22 -2 24 -63237
-18 13 -15 16 -72251
-21 -14 -20 -17 -66291
14 -20 14 -23 -52785
-20 -14 -22 -10 -65799
-8 -12 -5 -12 -70469
-19 -23 -19 -24 -23227
-17 -2 -16 -1 -72167
24 -7 17 -8 -70403
16 -3 18 -4 -68333
21 22 21 23 -29761
-15 11 -12 9 -72737
6 -19 10 -22 -65569
-16 15 -18 17 -69351
-20 10 -19 9 -65107
0 -7 3 -8 -60123
-2 -24 -6 -19 -69969
20 3 24 5 -63983
7 -24 7 -4 -72151
12 -12 16 -10 -63517
-21 -4 -18 -2 -71665
2 -24 6 -24 -56541
20 -1 22 -6 -73277
-11 -14 -11 -15 -64513
4 14 5 17 -65617
-9 -2 -8 0 -62581
-16 -12 -16 -9 -61503
16 2 20 2 -65119
-5 -3 -5 -5 -64107
16 0 18 1 -63779
-14 20 -22 22 -74209
12 8 12 7 -64663
-19 5 -17 7 -64663
6 9 6 6 -69307
-1 24 -4 21 -61753
-10 23 -8 19 -65673
1 -10 2 -7 -59441
-16 -19 -21 -21 -74795
15 24 14 21 -52987
-15 7 -15 8 -63641
23 -19 24 -23 -26935
5 0 5 2 -68897
-23 -17 23 -19 -68437
1 -15 0 -14 -77435
-12 -15 -10 -15 -72745
-17 -7 8 -7 -79509
-15 24 -13 19 -58369
-22 5 -20 4 -64747
4 0 1 0 -64101
12 14 10 14 -65831
-24 -16 -20 -21 -58151
-20 -8 -24 -15 -68823
-10 -10 -9 -9 -69435
2 24 1 22 -51851
23 10 23 3 -65517
-5 -18 -6 -10 -85763
-23 24 -19 11 -72305
-5 2 -2 1 -64827
16 -4 13 -4 -68355
-13 8 -13 11 -66689
7 -3 7 -4 -62883
-13 2 -13 1 -63429
0 24 20 24 -62531
10 23 8 20 -68663
-24 -8 -22 -20 -69001
-18 7 -19 9 -70045
-16 24 -19 22 -46647
19 -10 20 -12 -61131
0 -23 0 -21 -53681
-24 6 -22 7 -48509
-3 22 -10 22 -58711
-21 -20 -18 -24 -57583
-22 4 -21 7 -66665
0 -23 -5 -22 -61409
-1 -12 0 -11 -65061
-10 14 -10 12 -59645
2 -24 4 -21 -65227
22 1 23 1 -51249
21 17 21 12 -66873
-2 7 -3 4 -72255
2 -13 5 -13 -69131
-23 -24 -21 -24 -33113
13 1 10 2 -60603
22 17 21 15 -64831
17 -2 16 0 -68065
2 3 4 1 -68979
9 -15 5 -16 -62407
16 -10 17 -5 -67061
-21 10 -24 6 -63865
4 0 0 8 -84767
20 4 20 24 -72477
-11 -22 -10 -23 -48611
1 21 1 24 -58993
-18 -17 -16 -18 -64849
14 9 13 10 -66621
20 1 22 0 -63235
-14 21 -19 23 -63259
-24 -18 11 -24 -69023
-15 -12 -18 -15 -67593
4 20 4 22 -59467
-1 22 3 23 -58471
-1 5 -2 0 -74033
24 -11 24 -24 -50383
23 14 22 9 -59355
-15 -7 -20 -9 -73525
21 -23 -10 -23 -64623
4 23 2 23 -52599
-19 18 -20 13 -71253
10 19 7 17 -69041
17 5 16 6 -60047
0 10 -1 7 -70409
13 17 11 24 -71301
-5 -14 -6 -19 -73489
-4 -6 0 -3 -70681
-23 -17 -24 -18 -55899
-10 22 -10 21 -53833
-1 3 -2 5 -64953
-22 -16 -24 -23 -65951
-5 16 -8 16 -67161
-6 3 -6 2 -61993
24 9 21 9 -62227
11 11 11 15 -58071
22 -11 23 -18 -56849
-15 -10 -15 -15 -67929
13 0 14 2 -67811
-10 -13 -8 -12 -74309
13 5 15 5 -57743
22 12 23 12 -64755
24 -15 24 15 -62609
21 13 24 4 -61213
19 -12 16 -14 -60311
-15 -18 -15 -20 -61209
-4 13 -4 10 -71377
23 -16 21 -14 -54805
-9 -14 -9 -15 -68909
-13 -18 -12 -20 -66333
0 16 -1 17 -61081
9 24 4 24 -51801
-22 -3 -22 -6 -66539
-3 17 -1 17 -59163
14 23 15 21 -54511
-21 14 -20 14 -67065
9 22 10 20 -72411
-12 24 -6 20 -63487
0 -17 1 -16 -68435
5 0 5 1 -68101
14 14 15 17 -63899
-1 19 -2 17 -62947
-9 17 -8 14 -66233
-12 6 -10 7 -63275
-4 7 -4 9 -66025
8 14 5 15 -61163
-4 -9 -5 -9 -58937
15 4 17 7 -61885
6 -15 7 -10 -77623
-13 -20 -18 -20 -56589
6 -11 6 -10 -63441
-18 -20 -21 -21 -71341
-10 -19 -13 -20 -68419
-3 -21 -6 -21 -68351
-18 6 -19 6 -64875
24 13 21 16 -65469
-17 3 -16 3 -66247
-18 -12 -17 -15 -69001
-12 -2 -11 -1 -66327
14 19 14 18 -57851
22 -6 20 -6 -65393
-7 15 -7 18 -66131
22 -7 23 -9 -56941
-5 3 -4 4 -62795
11 -8 11 -5 -66747
5 21 3 24 -61397
15 -7 16 -10 -66349
19 17 23 18 -65145
-23 11 -23 -5 -63507
-14 18 -15 15 -63221
-22 12 -24 18 -58585
20 -11 19 -12 -62673
24 -23 17 -16 -71621
7 -4 5 -5 -65225
18 0 18 -1 -62561
-19 15 -15 16 -69267
-4 -13 -3 -18 -84417
23 -9 23 -3 -51845
18 1 17 4 -64489
17 5 22 6 -65485
18 22 9 24 -70387
-14 4 -15 5 -68011
-13 -22 -14 -18 -67423
15 -23 14 -21 -49291
-18 20 -22 22 -72405
23 -1 21 -3 -52615
-12 -23 -13 -23 -46241
-11 7 -11 8 -67145
0 -1 1 1 -68847
-9 16 -7 16 -71101
-13 4 -12 4 -63271
-8 -10 -8 -14 -68735
-21 4 -21 0 -58165
18 -22 21 -23 -50741
21 22 19 20 -60007
8 -10 6 -10 -70147
-4 9 0 9 -60439
-18 -8 -22 -6 -73351
-7 -6 -7 -7 -58027
-4 -14 24 -20 -73043
8 -18 7 -16 -58521
9 20 7 21 -73401
-22 -2 -23 -5 -61523
-12 4 -13 3 -63163
-24 -23 -23 -16 -58949
8 2 6 3 -65061
-21 21 -20 20 -64955
-3 -18 -2 -17 -67675
7 10 8 11 -65745
-23 3 1 18 -78889
-1 -3 0 -3 -55749
-18 4 -17 0 -69255
-8 4 -9 5 -58571
3 1 4 -1 -68025
23 23 21 15 -63757
22 17 22 18 -61207
-6 23 -9 18 -69695
-12 8 -13 9 -72983
-18 16 -18 11 -69521
-24 12 -23 16 -56055
-8 -7 -9 -8 -64683
-8 -15 -7 -24 -65357
-1 -24 -11 -24 -71709
0 -24 4 -23 -64061
-9 11 -10 10 -65317
-8 -22 -10 -22 -70097
8 23 10 21 -74503
-10 1 -9 -3 -71355
-20 -7 -22 -8 -65627
-6 -23 -10 -24 -70437
-9 -18 -7 -19 -72609
24 1 24 7 -62011
23 -7 24 -14 -46777
8 -9 7 -9 -67661
10 9 10 10 -63465
-15 -1 -12 -2 -64377
9 -23 8 -22 -54983
0 -21 23 -1 -78469
-24 0 -17 -3 -82571
18 22 16 22 -62367
11 24 9 20 -68199
-23 18 -19 23 -57013
-21 0 -22 1 -66329
-10 23 -11 22 -53221
-14 -5 -13 -6 -63475
11 5 11 1 -61211
24 13 -23 10 -67957
18 -17 15 -16 -57557
-8 -7 -9 -6 -70255
15 -12 9 -11 -65601
6 -6 0 -9 -75889
12 22 10 23 -65211
-1 -22 0 -21 -61043
18 -2 17 -5 -61997
-18 15 -19 20 -68987
-22 2 -24 -19 -70369
22 6 24 8 -58451
-20 2 -21 1 -64971
-11 -24 -8 -20 -68843
19 8 19 13 -63029
-14 -7 -19 -6 -71525
0 -19 1 -20 -69501
2 6 3 5 -69067
0 9 2 9 -55547
8 -2 8 -3 -59405
-17 -9 -16 -5 -66007
-22 -15 -23 -6 -69117
-18 -16 -20 -14 -71297
-24 -18 -23 -11 -61547
-17 -12 -12 -12 -68761
-23 1 -22 -7 -73539
-12 -2 -15 -6 -70605
5 12 6 16 -64597
1 -11 -1 -14 -71833
-22 15 -19 12 -68577
0 24 1 23 -50889
17 -24 19 -20 -60583
23 20 -24 18 -69339
23 22 -19 20 -67849
17 7 17 8 -57247
19 13 15 11 -69063
6 23 6 24 -42919
5 -18 4 -15 -64893
-21 19 -21 22 -52883
10 22 7 22 -66751
9 14 8 17 -64805
5 -11 3 -10 -67483
-11 19 -13 19 -66183
-20 -9 -20 -8 -64033
-24 3 -24 13 -55091
11 -10 10 -11 -61391
-24 7 -24 16 -59413
-16 -1 -17 -1 -69657
12 -19 11 -17 -57205
11 -15 11 -11 -68163
-20 -16 -24 -19 -72667
-24 -3 -24 -5 -59183
-10 -7 -10 -8 -60605
7 23 -23 23 -70317
0 -7 2 -4 -67525
-9 3 -8 7 -70603
11 -6 12 -3 -66239
-3 -1 -2 -5 -62169
4 -14 4 -15 -66337
10 21 15 24 -67981
-9 -11 -8 -12 -68239
3 -20 4 -18 -65789
-11 -1 -10 -2 -65871
-24 23 -22 24 -30041
0 -24 2 -24 -54533
18 -20 20 -22 -64925
-1 6 -2 5 -64087
-4 -10 -6 -7 -61799
15 -16 15 -11 -66051
-17 0 -16 -2 -67355
-12 12 -14 10 -67447
12 -15 13 -16 -60813
-4 -20 -4 -23 -56865
24 -13 21 -14 -57111
23 24 20 23 -37185
