-21 -5 -23 -5 -58998
-9 10 -8 10 -58992
18 -20 16 -21 -61386
-2 -19 -1 -20 -70714
-6 17 -5 13 -64122
12 -5 14 -7 -68786
24 -12 21 -19 -58822
9 2 10 -2 -62986
-4 24 -5 23 -55702
-11 18 -11 17 -53942
4 -18 2 -18 -64060
6 3 6 5 -68932
12 12 10 11 -72702
-15 23 -10 22 -57068
13 -22 8 -22 -68850
-15 20 -14 21 -57072
0 -1 1 -3 -60466
-21 9 -24 16 -65474
2 8 5 7 -60452
15 4 14 0 -68894
20 -6 21 -7 -70184
22 3 22 7 -67268
8 18 6 16 -66910
-19 16 -18 18 -61734
9 -20 9 -24 -46582
-19 -22 -13 -22 -70552
14 17 11 16 -73404
-11 13 -12 13 -62096
9 -24 11 -21 -48196
-20 21 -20 20 -53814
-5 -12 -5 -13 -59218
11 -10 9 -9 -60326
-21 -11 -24 -12 -52648
16 20 18 19 -77868
-7 17 -6 19 -65846
-6 4 -5 4 -64012
13 12 13 8 -66870
15 19 18 20 -76960
19 -9 18 -6 -69756
10 8 9 8 -69624
17 -23 20 -20 -67202
-4 -2 -6 -1 -65520
-10 -24 -6 -20 -73388
16 12 16 13 -58818
15 11 20 11 -78912
-13 21 -12 22 -59334
-12 -24 -11 -21 -49162
-24 22 11 23 -67382
-24 -23 4 -20 -72388
9 -6 9 -5 -65648
9 14 9 19 -66926
11 -18 12 -17 -58224
-23 -21 -19 -19 -69364
-23 11 -22 13 -62790
-2 19 -2 21 -73498
-10 -3 -10 -4 -58528
-15 -15 -13 -15 -69902
0 -16 -1 -15 -58830
19 23 20 -7 -68956
22 -21 19 -19 -68258
-3 24 -3 20 -74376
24 19 24 17 -51084
0 21 -4 21 -68492
17 -18 16 -22 -69590
13 23 16 24 -57360
12 -5 9 -4 -68244
1 8 2 10 -56590
-22 -9 -23 -5 -63294
-8 2 -8 0 -59266
-8 -8 -11 -8 -71296
-20 5 -20 4 -60568
-4 -20 -7 -21 -69870
-3 -5 -5 -5 -60908
-5 10 -6 12 -59556
-14 6 -14 3 -66120
14 -23 16 -23 -46606
0 -23 0 -12 -81538
4 -6 4 -4 -60594
8 13 10 12 -62512
10 -22 15 -22 -63004
16 14 13 14 -75410
21 -7 20 -11 -57932
24 12 21 11 -69558
4 -19 7 -20 -63488
-14 -7 -14 -8 -61076
0 20 -1 23 -84902
15 23 20 20 -74150
0 0 -1 -2 -60630
4 -2 6 -1 -68692
20 19 24 22 -53322
5 14 3 14 -53942
3 -24 8 -19 -68068
20 -24 24 -20 -41130
-3 -15 -2 -14 -65548
11 -23 7 -22 -65294
19 17 17 20 -69144
20 -4 21 -4 -67712
13 -5 11 -8 -70376
-20 -18 -17 -16 -69442
-10 -10 -10 -9 -59154
7 4 8 6 -69252
-20 14 -22 13 -71318
5 9 5 10 -57646
-21 -18 -21 -20 -66086
-1 -21 2 -24 -63540
19 18 22 17 -67838
-20 -19 -20 -16 -68098
0 12 0 8 -57848
2 14 1 16 -62692
22 4 19 7 -68956
-16 10 -17 12 -62022
-20 -11 -23 -13 -67190
17 -17 24 -15 -68598
-8 12 -7 15 -60586
-12 -8 -13 -8 -60368
14 -1 14 -3 -57244
-23 19 -2 24 -67762
22 3 22 1 -52030
-11 -23 -11 -19 -57474
0 -17 0 -18 -65968
-7 -5 -10 -4 -68404
-15 0 -15 1 -66402
-14 -14 -15 -17 -60426
-9 5 -9 7 -67482
11 8 10 7 -72064
3 16 -1 16 -61322
-21 -20 -20 -23 -54716
16 -14 15 -12 -64300
2 2 5 2 -72716
-2 0 -2 1 -57402
15 -15 13 -18 -60990
-20 16 -24 15 -61298
10 -8 10 -11 -59246
-6 22 -5 20 -71776
8 3 10 4 -63900
24 -12 20 -12 -65132
-21 -10 -22 -6 -69524
-1 -11 -3 -10 -56338
23 0 23 -4 -44260
-10 18 -9 18 -67308
17 18 14 16 -76488
12 -2 9 -1 -69912
-5 -16 -6 -16 -67386
0 -14 0 -13 -55992
-19 21 -24 22 -51186
18 -15 17 -23 -69916
23 13 22 11 -59644
22 -11 -24 -5 -68274
3 -20 2 -23 -69906
18 -22 6 -24 -68504
24 12 22 17 -62510
-16 16 -13 14 -63668
14 16 15 15 -66914
18 -17 19 -18 -66014
-19 -2 -18 0 -69354
-21 12 -21 11 -58958
10 -15 10 -13 -61030
-23 -23 -4 -23 -76248
24 6 22 0 -63582
21 -24 20 0 -70856
9 5 9 8 -68944
5 -10 4 -12 -64308
1 16 1 17 -61648
-4 -21 -3 -18 -70388
6 5 3 1 -77944
-24 -21 -21 -22 -49108
-23 7 -21 4 -59534
16 -6 15 -6 -63246
11 3 7 5 -70992
1 5 -1 5 -58350
1 10 0 12 -58412
24 18 19 23 -56826
-8 9 -8 10 -58216
-5 11 -4 11 -56018
-23 -3 -19 -3 -65550
-13 -2 -13 -3 -64016
18 12 16 14 -70744
18 -16 18 -15 -55462
24 0 4 -1 -69844
-3 13 -3 12 -53850
-24 0 -22 -4 -52784
-7 19 -6 18 -69814
-10 -21 -11 24 -71334
21 -8 24 -8 -53654
-15 21 -13 18 -66084
1 -10 2 -12 -60168
4 22 -2 24 -70430
24 -17 23 -17 -37922
-21 -14 -20 -17 -67054
14 -20 14 -23 -52352
-20 -14 -22 -10 -68204
-8 -12 -5 -12 -69008
-19 -23 -19 -24 -23382
-17 -2 -16 -1 -69982
-23 14 -18 13 -76046
16 -3 18 -4 -68138
21 22 21 23 -29030
-15 11 -12 9 -64352
6 -19 10 -22 -69214
-16 15 -18 17 -66678
-20 10 -19 9 -64500
-17 6 -16 9 -71292
-2 -24 -6 -19 -70832
20 3 24 5 -64146
7 -24 7 -4 -71146
12 -12 16 -10 -63482
-21 -4 -18 -2 -69470
2 -24 6 -24 -56976
20 -1 22 -6 -63706
-11 -14 -11 -15 -62196
4 14 5 17 -65706
-9 -2 -8 0 -58938
-16 -12 -16 -9 -64492
16 2 20 2 -67646
-5 -3 -5 -5 -59200
16 0 18 1 -64104
18 12 20 12 -71458
12 8 12 7 -64348
-19 5 -17 7 -68642
6 9 6 6 -65460
-1 24 -4 21 -65616
-10 23 -8 19 -66850
1 -10 2 -7 -57028
1 -19 4 -23 -71952
15 24 14 21 -49898
-15 7 -15 8 -69860
23 -19 24 -23 -27022
5 -20 12 2 -82388
-23 -17 23 -19 -72844
-10 -16 -11 10 -77568
-12 -15 -10 -15 -66636
-12 -20 -19 -23 -71164
-15 24 -13 19 -57422
-22 5 -20 4 -62906
-19 10 -16 13 -70120
12 14 10 14 -70270
-24 -16 -20 -21 -62970
-20 -8 -24 -15 -72730
-10 -10 -9 -9 -67660
2 24 1 22 -53998
23 10 23 3 -65086
10 -16 12 -17 -72044
-23 24 -19 11 -68292
-5 2 -2 1 -66236
16 -4 13 -4 -67652
-13 8 -13 11 -66026
7 -3 7 -4 -66108
-13 2 -13 1 -62244
0 24 20 24 -61770
10 23 8 20 -68850
-24 -8 -22 -20 -69282
-18 7 -19 9 -69950
-16 24 -19 22 -43360
19 -10 20 -12 -62102
0 -23 0 -21 -59678
-24 6 -22 7 -45820
-3 22 -10 22 -66066
-21 -20 -18 -24 -61222
-22 4 -21 7 -65182
0 -23 -5 -22 -61996
-1 -12 0 -11 -56002
-10 14 -10 12 -54172
2 -24 4 -21 -65816
22 1 23 1 -52618
21 17 21 12 -64634
-2 7 -3 4 -68360
2 -13 5 -13 -64798
-23 -24 -21 -24 -41490
13 1 10 2 -66906
22 17 21 15 -63552
17 -2 16 0 -67388
2 3 4 1 -69306
9 -15 5 -16 -57998
16 -10 17 -5 -65770
-21 10 -24 6 -62066
3 6 0 5 -69572
1 -11 -2 -11 -54436
-11 -22 -10 -23 -47894
1 21 1 24 -70338
-18 -17 -16 -18 -70130
14 9 13 10 -68652
20 1 22 0 -64646
-14 21 -19 23 -53120
-24 -18 11 -24 -73180
-15 -12 -18 -15 -70164
4 20 4 22 -64632
-1 22 3 23 -58866
-24 -20 -3 -15 -88612
24 -11 24 -24 -50490
23 14 22 9 -57458
-15 -7 -20 -9 -66960
21 -23 -10 -23 -66008
4 23 2 23 -54194
-19 18 -20 13 -63324
10 19 7 17 -72186
17 5 16 6 -60376
-3 -16 -22 -15 -90794
13 17 11 24 -72492
-5 -14 -6 -19 -62744
-3 19 -3 14 -67464
-23 -17 -24 -18 -57870
-10 22 -10 21 -56414
-1 3 -2 5 -64208
-22 -16 -24 -23 -65836
-5 16 -8 16 -71258
-6 3 -6 2 -57744
24 9 21 9 -63984
11 11 11 15 -58944
22 -11 23 -18 -57966
-15 -10 -15 -15 -72058
13 0 14 2 -66454
-10 -13 -8 -12 -68098
13 5 15 5 -62160
22 12 23 12 -67090
24 -15 24 15 -62568
21 13 24 4 -61350
19 -12 16 -14 -58800
-15 -18 -15 -20 -59426
0 -2 21 -19 -81084
23 -16 21 -14 -58842
-9 -14 -9 -15 -62370
-13 -18 -12 -20 -66054
0 16 -1 17 -62520
9 24 4 24 -53670
-22 -3 -22 -6 -61422
-3 17 -1 17 -63988
14 23 15 21 -55494
-21 14 -20 14 -76100
9 22 10 20 -72736
-12 24 -6 20 -63842
0 -17 1 -16 -64328
5 0 5 1 -59962
14 14 15 17 -65092
-1 19 -2 17 -63286
-9 17 -8 14 -60760
-12 6 -10 7 -62384
-4 7 -4 9 -57336
8 14 5 15 -63064
-4 -9 -5 -9 -59362
15 4 17 7 -64450
21 -21 23 1 -69568
-13 -20 -18 -20 -75840
6 -11 6 -10 -58938
-18 -20 -21 -21 -68164
-10 -19 -13 -20 -69822
-3 -21 -6 -21 -67568
-18 6 -19 6 -63978
24 13 21 16 -64954
-17 3 -16 3 -62862
-18 -12 -17 -15 -71946
-12 -2 -11 -1 -63636
14 19 14 18 -62136
22 -6 20 -6 -66292
4 -2 2 -1 -69274
22 -7 23 -9 -57080
-5 3 -4 4 -60054
11 -8 11 -5 -67684
5 21 3 24 -66934
15 -7 16 -10 -67040
19 17 23 18 -67944
-23 11 -23 -5 -62232
-14 18 -15 15 -57914
-22 12 -24 18 -58534
20 -11 19 -12 -61064
24 -23 17 -16 -74176
7 -4 5 -5 -64670
18 0 18 -1 -58440
-19 15 -15 16 -62562
0 22 -8 23 -66958
23 -9 23 -3 -50652
18 1 17 4 -65180
17 5 22 6 -68394
18 22 9 24 -71054
-14 4 -15 5 -62292
-13 -22 -14 -18 -67002
15 -23 14 -21 -49340
-18 20 -22 22 -66198
23 -1 21 -3 -53130
-12 -23 -13 -23 -51574
-11 7 -11 8 -67462
0 -1 1 1 -64544
-9 16 -7 16 -71868
-13 4 -12 4 -60502
-8 -10 -8 -14 -64598
-21 4 -21 0 -56816
18 -22 21 -23 -52428
21 22 19 20 -59252
3 4 3 0 -71330
-4 9 0 9 -60582
-18 -8 -22 -6 -67052
-7 -6 -7 -7 -55986
-4 -14 24 -20 -74682
8 -18 7 -16 -63216
9 20 7 21 -73760
-22 -2 -23 -5 -58212
-12 4 -13 3 -63160
-24 -23 -23 -16 -59844
8 2 6 3 -68364
-21 21 -20 20 -61360
-3 -18 -2 -17 -68818
7 10 8 11 -67004
1 1 1 7 -73898
-1 -3 0 -3 -50472
-18 4 -17 0 -65570
-8 4 -9 5 -58682
3 1 4 -1 -69398
23 23 21 15 -61758
22 17 22 18 -59988
-6 23 -9 18 -74002
0 -13 -1 -8 -61100
-18 -4 -18 -3 -60856
-24 12 -23 16 -54786
-8 -7 -9 -8 -63920
-8 -15 -7 -24 -62426
-1 -24 -11 -24 -70606
0 -24 4 -23 -64584
-9 11 -10 10 -61420
-8 -22 -10 -22 -67178
8 23 10 21 -74486
-10 1 -9 -3 -67126
-20 -7 -22 -8 -64000
-6 -23 -10 -24 -68368
-9 -18 -7 -19 -66576
24 1 24 7 -61214
23 -7 24 -14 -48452
8 -9 7 -9 -54670
10 9 10 10 -62526
-15 -1 -12 -2 -61926
9 -23 8 -22 -56498
-11 0 -9 -1 -60676
-5 16 -3 17 -62728
18 22 16 22 -69832
11 24 9 20 -66426
-23 18 -19 23 -57182
-21 0 -22 1 -57608
-10 23 -11 22 -54932
-14 -5 -13 -6 -58292
11 5 11 1 -61948
24 13 -23 10 -65944
18 -17 15 -16 -59118
-8 -7 -9 -6 -68666
15 -12 9 -11 -69554
6 -6 0 -9 -67914
12 22 10 23 -65794
-1 -22 0 -21 -62578
18 -2 17 -5 -56808
-18 15 -19 20 -65090
-22 2 -24 -19 -67130
22 6 24 8 -57352
-20 2 -21 1 -64082
-11 -24 -8 -20 -68414
19 8 19 13 -60940
-19 -14 -19 -11 -71332
0 -19 1 -20 -73418
2 6 3 5 -62028
0 9 2 9 -58712
8 -2 8 -3 -62758
-17 -9 -16 -5 -66502
-22 -15 -23 -6 -70782
-18 -16 -20 -14 -70558
-24 -18 -23 -11 -62322
-17 -12 -12 -12 -68514
-3 23 -1 19 -84908
-12 -2 -15 -6 -71586
5 12 6 16 -64526
14 10 11 9 -72112
6 -1 8 -4 -72420
0 24 1 23 -62388
17 -24 19 -20 -61444
23 20 -24 18 -66814
23 22 -19 20 -66738
17 7 17 8 -56412
19 13 15 11 -74770
6 23 6 24 -44812
5 -18 4 -15 -65626
-21 19 -21 22 -51420
10 22 7 22 -67556
9 14 8 17 -65892
5 -11 3 -10 -62700
-11 19 -13 19 -64466
-20 -9 -20 -8 -63126
-24 3 -24 13 -56496
11 -10 10 -11 -61262
-24 7 -24 16 -61528
-16 -1 -17 -1 -63782
12 -19 11 -17 -62928
11 -15 11 -11 -64120
-20 -16 -24 -19 -73908
-24 -3 -24 -5 -51646
-10 -7 -10 -8 -61520
7 23 -23 23 -68176
0 -7 2 -4 -59152
-9 3 -8 7 -70516
11 -6 12 -3 -67998
-3 -1 -2 -5 -62256
4 -14 4 -15 -55024
10 21 15 24 -65074
-9 -11 -8 -12 -66388
3 -20 4 -18 -66376
13 20 12 17 -71228
-24 23 -22 24 -30548
0 -24 2 -24 -56308
18 -20 20 -22 -66294
-1 6 -2 5 -63198
-4 -10 -6 -7 -63216
15 -16 15 -11 -66574
-17 0 -16 -2 -64254
-12 12 -14 10 -63918
12 -15 13 -16 -70208
-4 -20 -4 -23 -59530
24 -13 21 -14 -61786
23 24 20 23 -36816
