-21 -5 -23 -5 -53222
-9 10 -8 10 -65308
18 -20 16 -21 -63980
-2 -19 -1 -20 -67650
-6 17 -5 13 -72550
12 -5 14 -7 -64940
24 -12 21 -19 -59928
9 2 10 -2 -59476
-4 24 -5 23 -53790
-11 18 -11 17 -63386
4 -18 2 -18 -61618
6 3 6 5 -63552
-14 3 -13 3 -58932
-15 23 -10 22 -58352
13 -22 8 -22 -70072
-15 20 -14 21 -59154
0 -1 1 -3 -68576
-21 9 -24 16 -63258
2 8 5 7 -60508
-11 -4 -11 -6 -68138
20 -6 21 -7 -66174
22 3 22 7 -74954
8 18 6 16 -63308
-19 16 -18 18 -61662
9 -20 9 -24 -44504
-19 -22 -13 -22 -66356
14 17 11 16 -67160
-11 13 -12 13 -62062
9 -24 11 -21 -47702
-20 21 -20 20 -61158
-5 -12 -5 -13 -60208
11 -10 9 -9 -60452
-21 -11 -24 -12 -51058
-5 -15 -2 -20 -76090
-7 17 -6 19 -63278
-6 4 -5 4 -63632
13 12 13 8 -65864
15 19 18 20 -65866
19 -9 18 -6 -72392
10 8 9 8 -65348
17 -23 20 -20 -68832
-4 -2 -6 -1 -54018
-10 -24 -6 -20 -69462
16 12 16 13 -58328
15 1 13 5 -67922
-13 21 -12 22 -56358
-12 -24 -11 -21 -48908
-24 -6 -24 5 -59472
-24 -23 4 -20 -66758
9 -6 9 -5 -70976
9 14 9 19 -65468
11 -18 12 -17 -59804
-23 -21 -19 -19 -67782
-23 11 -22 13 -64316
-2 19 -2 21 -60106
-10 -3 -10 -4 -64914
-15 -15 -13 -15 -60188
0 -16 -1 -15 -72144
19 23 20 -7 -71590
22 -21 19 -19 -73742
-3 24 -3 20 -59864
24 19 24 17 -50950
0 21 -4 21 -67026
17 -18 16 -22 -71302
13 23 16 24 -53746
12 -5 9 -4 -58504
1 8 2 10 -69926
-22 -9 -23 -5 -63520
-8 2 -8 0 -62666
-8 -8 -11 -8 -62164
-20 5 -20 4 -62458
-4 -20 -7 -21 -68798
-3 -5 -5 -5 -58946
-5 10 -6 12 -68218
-14 6 -14 3 -68816
14 -23 16 -23 -47876
6 -6 9 0 -78610
4 -6 4 -4 -67360
8 13 10 12 -61908
10 -22 15 -22 -64464
16 14 13 14 -65010
21 -7 20 -11 -69254
24 12 21 11 -68238
4 -19 7 -20 -64200
-14 -7 -14 -8 -67160
1 0 0 5 -58286
15 23 20 20 -62658
0 0 -1 -2 -70718
4 -2 6 -1 -65880
20 19 24 22 -53956
5 14 3 14 -54820
3 -24 8 -19 -64276
20 -24 24 -20 -43018
-1 12 -1 11 -66422
11 -23 7 -22 -66452
19 17 17 20 -62400
20 0 21 -4 -73428
13 -5 11 -8 -74660
-20 -18 -17 -16 -63798
-10 -10 -10 -9 -58718
7 4 8 6 -70148
-20 14 -22 13 -71660
5 9 5 10 -61890
-21 -18 -21 -20 -64396
-1 -21 2 -24 -56198
19 18 22 17 -65502
-20 -19 -20 -16 -65542
0 12 0 8 -67904
2 14 1 16 -63342
22 4 19 7 -72624
-16 10 -17 12 -65222
-20 -11 -23 -13 -63748
17 -17 24 -15 -71310
-8 6 -7 7 -68804
-12 -8 -13 -8 -53028
14 -1 14 -3 -61748
-23 19 -2 24 -64574
22 3 22 1 -54750
-11 -23 -11 -19 -57860
0 -17 0 -18 -58708
-18 -5 -18 -4 -70186
-15 0 -15 1 -65258
-14 -14 -15 -17 -55418
-9 5 -9 7 -67694
11 8 10 7 -70754
3 16 -1 16 -64578
-21 -20 -20 -23 -53262
16 -14 15 -12 -66668
2 2 5 2 -70066
-2 0 -2 1 -57830
15 -15 13 -18 -62262
-20 16 -24 15 -58424
10 -8 10 -11 -58560
-6 22 -5 20 -65480
8 3 10 4 -62576
24 -12 20 -12 -64686
-21 -10 -22 -6 -67002
-1 -11 -3 -10 -58598
23 0 23 -4 -54652
-10 18 -9 18 -61628
-4 -23 23 -20 -73664
-12 16 -14 21 -77672
-5 -16 -6 -16 -65246
0 -14 0 -13 -56956
-19 21 -24 22 -54990
18 -15 17 -23 -71472
23 13 22 11 -58752
22 -11 -24 -5 -70776
-8 24 -5 23 -59490
18 -22 6 -24 -69860
24 12 22 17 -59894
-16 16 -13 14 -67384
14 16 15 15 -61438
18 -17 19 -18 -64688
-19 -2 -18 0 -61756
-21 12 -21 11 -59768
10 -15 10 -13 -61046
-23 -23 -4 -23 -68720
24 6 22 0 -65682
21 -24 20 0 -72138
9 5 9 8 -73174
5 -10 4 -12 -64160
1 16 1 17 -59314
-4 -21 -3 -18 -63832
0 6 0 3 -60914
-24 -21 -21 -22 -48168
-23 7 -21 4 -61196
16 -6 15 -6 -57536
11 3 7 5 -66584
1 5 -1 5 -62244
1 10 0 12 -64178
24 18 19 23 -54928
-8 9 -8 10 -66334
-5 11 -4 11 -59780
-23 -3 -19 -3 -58832
-13 -2 -13 -3 -63732
18 12 16 14 -61928
18 -16 18 -15 -54832
24 0 4 -1 -67046
-3 13 -3 12 -65824
-24 0 -22 -4 -55910
-7 19 -6 18 -65848
-10 -21 -11 24 -76624
21 -8 24 -8 -49534
-15 21 -13 18 -71928
1 -10 2 -12 -62128
4 22 -2 24 -66836
24 -17 23 -17 -41610
-21 -14 -20 -17 -59582
14 -20 14 -23 -53634
-24 -16 -18 20 -78060
-8 -12 -5 -12 -65624
-19 -23 -19 -24 -22278
6 5 3 8 -66158
-9 -6 -7 -6 -61778
16 -3 18 -4 -66034
21 22 21 23 -29190
-15 11 -12 9 -66978
6 -19 10 -22 -69362
-16 15 -18 17 -65218
-20 10 -19 9 -65236
-17 6 -16 9 -73564
-2 -24 -6 -19 -70458
20 3 24 5 -64522
7 -24 7 -4 -67346
12 -12 16 -10 -69052
-21 -4 -18 -2 -63558
2 -24 6 -24 -57264
20 -1 22 -6 -73666
-11 -14 -11 -15 -62694
4 14 5 17 -65228
-9 -2 -8 0 -60424
-16 -12 -16 -9 -68130
16 2 20 2 -65166
-5 -3 -5 -5 -74042
16 0 18 1 -61348
18 12 20 12 -61732
12 8 12 7 -67130
-19 5 -17 7 -67738
6 9 6 6 -71424
-1 24 -4 21 -63618
-10 23 -8 19 -72070
1 -10 2 -7 -58626
1 -19 4 -23 -64172
15 24 14 21 -48260
-15 7 -15 8 -74620
23 -19 24 -23 -34458
-19 14 -21 13 -73396
-23 -17 23 -19 -71722
23 -22 21 -21 -47228
-12 -15 -10 -15 -64630
-12 -20 -19 -23 -67366
-15 24 -13 19 -60932
-22 5 -20 4 -63502
-23 -3 -24 -8 -61286
12 14 10 14 -63404
-24 -16 -20 -21 -59714
-20 -8 -24 -15 -66206
-6 -12 -6 -9 -62530
2 24 1 22 -51366
23 10 23 3 -79082
10 -16 12 -17 -73298
-14 23 -15 -3 -78568
0 -6 1 -5 -72124
-16 -9 -17 -11 -65978
-13 8 -13 11 -70750
7 -3 7 -4 -70314
-13 2 -13 1 -63978
0 24 20 24 -60800
10 23 8 20 -65724
-24 -1 20 3 -70210
-18 7 -19 9 -72364
-16 24 -19 22 -45064
19 -10 20 -12 -64396
0 -23 0 -21 -49420
-24 6 -22 7 -44776
-3 22 -10 22 -67948
-21 -20 -18 -24 -59248
-22 4 -21 7 -66028
0 -23 -5 -22 -61792
-1 -12 0 -11 -62178
-10 14 -10 12 -61308
2 -24 4 -21 -55158
22 1 23 1 -52168
21 17 21 12 -62162
-2 7 -3 4 -69812
-17 -11 -19 -5 -75972
-23 -24 -21 -24 -39970
13 1 10 2 -59620
22 17 21 15 -62798
17 -2 16 0 -71030
23 -4 19 -5 -55838
9 -15 5 -16 -63032
16 -10 17 -5 -71946
-21 10 -24 6 -63272
3 6 0 5 -73066
1 -11 -2 -11 -63092
-11 -22 -10 -23 -47890
1 21 1 24 -58236
-18 -17 -16 -18 -66746
0 -7 3 -10 -66170
20 1 22 0 -64152
-14 21 -19 23 -54442
-24 -18 11 -24 -69010
9 -15 18 9 -89880
4 20 4 22 -58324
-1 22 3 23 -60464
-22 16 -24 20 -51948
24 -11 24 -24 -51564
23 14 22 9 -58296
-22 17 -18 15 -70106
21 -23 -10 -23 -69578
4 23 2 23 -62210
-19 18 -20 13 -61894
10 19 7 17 -66178
17 5 16 6 -63592
18 -17 23 -24 -74410
13 17 11 24 -69666
-5 -14 -6 -19 -62632
-3 19 -3 14 -69672
-23 -17 -24 -18 -56476
-10 22 -10 21 -53698
4 -1 2 1 -73776
-22 -16 -24 -23 -64718
-11 12 -9 16 -70606
-6 3 -6 2 -62456
24 9 21 9 -63072
11 11 11 15 -58616
22 -11 23 -18 -58364
-15 -10 -15 -15 -68970
13 0 14 2 -61150
-10 -13 -8 -12 -60418
13 5 15 5 -58780
22 12 23 12 -65612
24 -15 24 15 -67374
21 13 24 4 -68936
19 -12 16 -14 -63756
-15 -18 -15 -20 -61020
3 -12 2 -13 -63524
23 -16 21 -14 -58798
-9 -14 -9 -15 -64240
-13 -18 -12 -20 -70540
-5 14 0 14 -71570
9 24 4 24 -51326
22 10 22 4 -79106
-3 17 -1 17 -68166
14 23 15 21 -53386
-5 -7 -4 -5 -79210
9 22 10 20 -66060
-12 24 -6 20 -70550
0 -17 1 -16 -61180
5 0 5 1 -56420
14 14 15 17 -61586
-1 19 -2 17 -61846
-9 17 -8 14 -69284
-12 6 -10 7 -60768
-4 7 -4 9 -62274
8 14 5 15 -60790
-4 -9 -5 -9 -60454
15 4 17 7 -64256
21 -21 23 1 -72634
-13 -20 -18 -20 -69870
6 -11 6 -10 -57806
-18 -20 -21 -21 -65704
-10 -19 -13 -20 -65782
-3 -21 -6 -21 -69526
-18 6 -19 6 -61582
24 13 21 16 -61782
-17 3 -16 3 -60656
-18 -12 -17 -15 -66632
-24 16 6 14 -73530
14 19 14 18 -59428
-5 -3 -6 -10 -84930
23 -7 22 -12 -63056
22 -7 23 -9 -60678
-5 3 -4 4 -63642
11 -8 11 -5 -71460
5 21 3 24 -62792
15 -7 16 -10 -69020
19 17 23 18 -66988
-23 11 -23 -5 -68248
-14 18 -15 15 -62082
-22 12 -24 18 -58582
20 -11 19 -12 -63966
-8 1 -8 5 -69882
7 -4 5 -5 -63610
18 0 18 -1 -63490
-19 15 -15 16 -60218
0 22 -8 23 -69482
23 -9 23 -3 -57586
18 1 17 4 -68298
17 5 22 6 -65286
18 22 9 24 -66734
-14 4 -15 5 -65534
-13 -22 -14 -18 -68808
15 -23 14 -21 -49786
-18 20 -22 22 -71052
23 -1 21 -3 -55566
-12 -23 -13 -23 -50406
-11 7 -11 8 -74902
0 -1 1 1 -70916
-9 10 -7 9 -69042
2 9 0 7 -74878
-8 -10 -8 -14 -66764
-21 4 -21 0 -60638
18 -22 21 -23 -58828
21 22 19 20 -59732
-6 15 -7 12 -69152
-4 9 0 9 -65498
4 -7 3 -7 -59930
-7 -6 -7 -7 -69678
0 -15 1 -16 -71384
8 -18 7 -16 -62206
-19 19 -20 21 -69156
-22 -2 -23 -5 -64804
-12 4 -13 3 -59974
-24 -23 -23 -16 -58194
8 2 6 3 -66254
-21 21 -20 20 -69672
-3 -18 -2 -17 -60618
7 10 8 11 -65310
-14 -10 -18 -10 -57224
-1 -3 0 -3 -59290
-18 4 -17 0 -68396
-8 4 -9 5 -63876
3 1 4 -1 -72024
23 23 21 15 -61970
22 17 22 18 -59074
15 -12 17 -12 -63820
-7 17 -7 15 -72148
-18 -4 -18 -3 -69606
-24 12 -23 16 -55512
-8 -7 -9 -8 -64858
-8 -15 -7 -24 -66106
-1 -24 -11 -24 -69500
0 -24 4 -23 -63790
-9 11 -10 10 -66134
-8 -22 -10 -22 -65144
8 23 10 21 -66074
-10 1 -9 -3 -67452
-20 -7 -22 -8 -59414
-6 -23 -10 -24 -66714
-9 -18 -7 -19 -65912
24 1 24 7 -66272
23 -7 24 -14 -55606
8 -9 7 -9 -53662
10 9 10 10 -63822
-15 -1 -12 -2 -62564
9 -23 8 -22 -56298
-11 0 -9 -1 -60532
-5 16 -3 17 -64366
18 22 16 22 -60116
11 24 9 20 -64052
-23 18 -19 23 -59414
-21 0 -22 1 -60922
-10 23 -11 22 -46924
-14 -5 -13 -6 -64452
11 5 11 1 -62856
24 13 -23 10 -70076
18 -17 15 -16 -63966
-19 3 -14 -16 -89486
15 -12 9 -11 -72954
-2 -3 0 -6 -66984
12 22 10 23 -59620
-1 -22 0 -21 -58110
18 -2 17 -5 -63096
-12 9 -11 7 -72668
-22 2 -24 -19 -70216
22 6 24 8 -61346
-20 2 -21 1 -58868
-11 -24 -8 -20 -65936
19 8 19 13 -62224
-19 -14 -19 -11 -59318
8 0 11 14 -89100
3 -17 24 -18 -76566
0 9 2 9 -63318
8 -2 8 -3 -65236
-17 -9 -16 -5 -72752
16 -13 15 6 -84220
-18 -16 -20 -14 -66058
-24 -18 -23 -11 -50746
0 1 -23 -7 -69436
1 0 -1 -1 -70840
-9 -14 0 2 -93690
5 12 6 16 -65226
14 10 11 9 -62738
7 -15 4 -18 -68124
0 24 1 23 -51852
17 -24 19 -20 -63698
23 20 -24 18 -73456
23 22 -19 20 -73464
17 7 17 8 -61018
19 13 15 11 -63988
6 23 6 24 -42476
5 -18 4 -15 -60658
-21 19 -21 22 -57736
10 22 7 22 -58644
9 14 8 17 -65424
5 -11 3 -10 -63042
-11 19 -13 19 -66490
-20 -9 -20 -8 -66816
-24 3 -24 13 -58430
11 -10 10 -11 -62002
-24 7 -24 16 -62598
-16 -1 -17 -1 -56036
12 -19 11 -17 -63624
11 -15 11 -11 -63018
-20 -16 -24 -19 -71826
-24 -3 -24 -5 -56770
-10 -7 -10 -8 -64762
23 23 -23 23 -66266
0 -7 2 -4 -74162
-11 -17 -12 -16 -67224
11 -6 12 -3 -75094
-3 -1 -2 -5 -70980
4 -14 4 -15 -58784
10 21 15 24 -61636
-9 -11 -8 -12 -63538
3 -20 4 -18 -62446
13 20 12 17 -67294
-24 23 -22 24 -31776
0 -24 2 -24 -55174
18 -20 20 -22 -70872
-1 6 -2 5 -66138
5 21 2 21 -65946
15 -16 15 -11 -66436
-17 0 -16 -2 -67164
-12 12 -14 10 -63262
12 -15 13 -16 -72178
-4 -20 -4 -23 -54760
24 -13 21 -14 -63180
23 24 20 23 -36890
