-21 -5 -23 -5 -63069
-9 10 -8 10 -69791
18 -20 16 -21 -60883
-2 -19 -1 -20 -59083
12 3 13 2 -68227
12 -5 14 -7 -69965
24 -12 21 -19 -61717
14 13 15 9 -67881
-4 24 -5 23 -55247
-11 18 -11 17 -59235
4 -18 2 -18 -60707
6 10 5 16 -69285
-14 3 -13 3 -66081
-15 23 -10 22 -59095
13 -22 8 -22 -62741
-15 20 -14 21 -61933
-18 -6 -20 -3 -70071
-21 9 -24 16 -68709
12 21 14 21 -63563
-11 -4 -11 -6 -68721
20 7 21 4 -65471
22 3 22 7 -64401
8 18 6 16 -67567
-19 16 -18 18 -69613
9 -20 9 -24 -61835
-19 -22 -13 -22 -45931
-23 17 -23 12 -68805
-11 13 -12 13 -62719
9 -24 11 -21 -52015
-20 21 -20 20 -66963
-5 -12 -5 -13 -62185
11 -10 9 -9 -64137
-21 -11 -24 -12 -63369
8 -16 10 -16 -62705
-7 17 -6 19 -69783
-20 -22 -19 -20 -59169
13 12 13 8 -67269
-15 12 -19 16 -87819
19 6 20 7 -59703
10 8 9 8 -70749
-7 10 -5 1 -87285
-4 -2 -6 -1 -65041
-10 3 -6 11 -87827
16 12 16 13 -60035
-1 -20 0 -14 -69987
-13 21 -12 22 -57549
-12 -24 -11 -21 -48079
-24 -6 -24 5 -61175
-24 -23 4 -20 -59137
9 -6 9 -5 -62177
9 14 9 19 -61297
11 -18 12 -17 -61559
-23 -21 -19 -19 -63105
-23 11 -22 13 -64401
-2 19 -2 21 -65919
-10 -3 -10 -4 -64065
-15 -15 -13 -15 -60899
0 -16 -1 -15 -69031
19 23 24 -23 -68751
-5 18 -4 18 -72871
-3 24 -3 20 -63047
24 19 24 17 -49871
0 21 -4 21 -61401
17 -18 16 -22 -66961
13 23 16 24 -52837
12 -5 9 -4 -66433
1 8 2 10 -62251
-22 -9 -23 -5 -60603
-12 -8 -15 -10 -66817
-8 -8 -11 -8 -67093
-20 5 -20 4 -62953
13 -8 10 -6 -73047
-3 -5 -5 -5 -64905
-5 10 -6 12 -66923
-14 6 -14 3 -68165
14 -23 16 -23 -52439
-10 15 -10 14 -63979
4 -6 4 -4 -58277
8 13 10 12 -68487
10 -22 15 -22 -60809
16 14 13 14 -64231
21 -7 20 -11 -68403
24 12 21 11 -67131
4 -19 7 -20 -61839
-14 -7 -14 -8 -58717
19 17 19 16 -61019
15 23 20 20 -71079
0 0 -1 -2 -62409
4 -2 6 -1 -63463
20 19 24 22 -51663
5 14 3 14 -63071
6 -24 8 -19 -63451
20 -24 24 -20 -46323
-1 12 -1 11 -65973
-4 -23 -1 -21 -66601
19 17 17 20 -67261
20 0 21 -4 -70571
13 -6 11 -8 -67687
-3 -16 -7 -14 -73279
-10 -10 -10 -9 -59363
24 -1 22 -3 -59403
-20 14 -22 13 -64983
5 9 5 10 -59445
-21 -18 -21 -20 -65347
-1 -21 2 -24 -54947
19 18 22 17 -68295
-20 -19 -20 -16 -61037
18 -14 17 -14 -65323
2 14 1 16 -67649
19 -1 23 -1 -68081
-21 5 -23 10 -67005
-20 -11 -23 -13 -67355
-11 -17 -9 -15 -65845
11 -21 19 -22 -66809
-12 -8 -13 -8 -63839
-23 -11 -23 -14 -47847
3 0 -1 2 -62821
22 3 22 1 -52169
-11 -23 -11 -19 -55301
0 -17 0 -18 -60007
0 4 0 1 -60315
-15 0 -15 1 -62627
-14 -14 -15 -17 -57195
-9 5 -9 7 -71983
9 21 13 22 -69425
-16 -23 -10 -20 -60017
-21 -20 -20 -23 -57451
16 -14 15 -12 -64145
2 2 5 2 -58247
-2 0 -2 1 -71827
15 -15 13 -18 -62803
-20 16 -24 15 -54895
10 -8 10 -11 -58055
-6 22 -5 20 -64647
8 3 10 4 -68897
24 -12 20 -12 -61523
-21 21 -17 23 -66397
-1 -11 -3 -10 -60779
23 0 23 -4 -53817
-10 18 -9 18 -68407
-4 -23 23 -20 -65023
-24 23 0 22 -63049
-5 -16 -6 -16 -67703
0 -14 0 -13 -60273
-19 21 -24 22 -50739
8 -19 10 13 -76935
23 13 22 11 -63823
22 -11 -24 -5 -63327
-8 24 -5 23 -58669
9 13 21 18 -81035
24 12 22 17 -61801
-16 16 -13 14 -75261
14 16 15 15 -62817
18 -17 19 -18 -59409
-2 2 0 1 -62375
-21 12 -21 11 -61663
10 -15 10 -13 -61059
0 18 1 16 -68685
24 6 22 0 -59403
21 -24 20 0 -64143
9 5 9 8 -61169
5 -10 4 -12 -63569
1 16 1 17 -69755
-4 0 -3 2 -69729
0 -10 0 -8 -54879
-24 -21 -21 -22 -46285
-23 7 -21 4 -68569
16 -6 15 -6 -63223
11 3 7 5 -70659
1 5 -1 5 -58099
1 10 0 12 -68449
24 18 19 23 -58981
-8 9 -8 10 -65857
-5 11 -4 11 -64581
-23 -3 -19 -3 -62541
-13 -2 -13 -3 -62443
-14 -18 -18 -24 -62061
18 -16 18 -15 -54743
-8 22 -5 23 -66045
-3 13 -3 12 -63357
-24 0 -22 -4 -58059
-7 19 -6 18 -69897
-18 23 -16 -9 -75753
21 -8 24 -8 -51369
-15 21 -13 18 -67311
1 -10 2 -12 -60469
4 22 -2 24 -61727
24 -17 23 -17 -37423
-21 -14 -20 -17 -57609
14 -20 14 -23 -59935
24 5 23 15 -62995
-8 -12 -5 -12 -68163
-19 -23 -19 -24 -24955
6 18 7 18 -71089
-9 -6 -7 -6 -66235
16 -3 18 -4 -68501
21 22 21 23 -33519
-15 11 -12 9 -67113
-5 5 -3 4 -64259
-16 15 -18 17 -77749
-20 10 -19 9 -70063
6 11 5 11 -60217
7 4 8 2 -65077
24 -16 21 -23 -60041
-22 -6 -22 -9 -60385
12 -12 16 -10 -68193
-21 -4 -18 -2 -59519
2 -24 6 -24 -54893
20 -1 22 -6 -67925
-11 -14 -11 -15 -60137
4 14 5 17 -67203
-9 -2 -8 0 -60551
-16 -12 -16 -9 -56645
16 2 20 2 -60865
-5 -3 -5 -5 -59919
16 0 18 1 -60761
18 12 20 12 -62445
12 8 12 7 -59207
-19 5 -17 7 -70991
6 9 6 6 -60793
-1 24 -4 21 -62241
-22 -13 -16 -14 -74165
1 -10 2 -7 -61519
1 -19 4 -23 -63335
15 24 14 21 -49049
-15 7 -15 8 -63675
23 -19 24 -23 -37829
19 -8 20 -4 -67191
-23 -17 23 -19 -63279
23 -22 21 -21 -40845
-12 -15 -10 -15 -63029
10 -20 12 -23 -69027
-15 24 -13 19 -58329
-22 5 -20 4 -69633
-23 -3 -24 -8 -62029
12 14 10 14 -62781
-24 -16 -20 -21 -63565
-7 20 -10 20 -72047
-6 -12 -6 -9 -62535
2 24 1 22 -58965
-11 -12 -14 -15 -70393
10 -16 12 -17 -70391
0 -8 1 -3 -62999
0 -6 1 -5 -61155
-16 -9 -17 -11 -60599
-13 8 -13 11 -65233
7 -1 9 -1 -65525
-13 2 -13 1 -61971
0 24 20 24 -62209
10 23 8 20 -71369
-14 -15 -18 -17 -62215
-18 7 -19 9 -71327
-16 24 -19 22 -55387
19 -10 20 -12 -59941
0 -23 0 -21 -50453
-24 6 -22 7 -52411
9 -19 9 -20 -66231
-21 -20 -18 -24 -57199
19 17 17 15 -69575
0 -23 -5 -22 -58309
7 22 4 20 -74197
-10 14 -10 12 -61381
2 -24 4 -21 -61411
22 1 23 1 -54495
21 17 21 12 -64811
-7 21 -7 18 -65149
16 -3 13 -7 -74073
-23 -24 -21 -24 -37523
13 1 10 2 -66703
22 -17 20 -19 -62017
17 -2 16 0 -66237
23 -4 19 -5 -64129
9 -15 5 -16 -65323
16 -10 17 -5 -69269
-21 10 -24 6 -63571
17 -6 20 -6 -63219
1 -11 -2 -11 -58673
-11 -22 -10 -23 -46213
1 21 1 24 -64059
-18 -17 -16 -18 -63015
-8 13 -6 15 -76999
20 1 22 0 -66085
-14 21 -19 23 -61471
-24 -18 11 -24 -64439
-2 -2 -3 2 -74355
4 20 4 22 -64583
-1 22 3 23 -57827
-22 16 -24 20 -53581
24 -11 24 -24 -53461
23 14 22 9 -67169
-22 17 -18 15 -71455
21 -23 -10 -23 -63035
4 23 2 23 -59897
-19 18 -20 13 -72725
-14 3 -16 2 -70645
17 5 16 6 -59577
-7 7 -8 2 -79399
6 -20 3 -24 -64257
-5 -14 -6 -19 -61833
-1 0 -24 3 -69381
-23 -17 -24 -18 -47275
-10 22 -10 21 -48635
2 16 2 20 -71605
-22 -16 -24 -23 -65467
-10 4 -5 6 -74993
-6 3 -6 2 -64819
24 9 21 9 -57887
11 11 11 15 -59317
22 -11 23 -18 -55563
20 19 17 19 -70563
13 0 14 2 -64913
-10 -13 -8 -12 -64877
13 5 15 5 -57135
22 12 23 12 -63823
24 -15 24 15 -64065
21 13 24 4 -66121
19 -12 16 -14 -69257
-15 -18 -15 -20 -54387
3 -12 2 -13 -60929
23 -16 21 -14 -53295
-9 -14 -9 -15 -62625
-13 -18 -12 -20 -55135
11 -18 11 -21 -70429
9 24 4 24 -60177
22 -23 20 -19 -57139
-3 17 -1 17 -62411
14 23 15 21 -55471
3 14 -1 13 -60703
9 22 10 20 -67119
-12 24 -6 20 -66807
0 -17 1 -16 -60589
5 0 5 1 -65163
14 14 15 17 -62157
-1 19 -2 17 -65041
-9 17 -8 14 -65341
-12 6 -10 7 -66545
-4 7 -4 9 -68413
8 14 5 15 -73815
-4 -9 -5 -9 -63201
15 4 17 7 -58501
17 -20 19 -18 -67379
9 12 8 12 -70177
6 -11 6 -10 -57297
-18 -20 -21 -21 -59913
18 21 17 23 -56977
-3 -21 -6 -21 -62563
-18 6 -19 6 -66943
24 13 21 16 -61197
-17 3 -16 3 -70125
-6 -23 -4 -21 -60367
-22 -10 -20 -10 -68063
14 19 14 18 -55441
-17 14 -16 12 -73777
23 -7 22 -12 -62191
22 -7 23 -9 -54117
-5 3 -4 4 -67299
11 -8 11 -5 -66553
5 21 3 24 -62999
15 -7 16 -10 -60385
19 17 23 18 -66309
-23 -12 -23 -11 -45573
-14 18 -15 15 -71499
-22 12 -24 18 -68417
20 -11 19 -12 -63965
21 9 21 12 -61901
7 -4 5 -5 -61693
18 0 18 -1 -61309
-19 15 -15 16 -69461
-15 21 -23 22 -67957
23 -9 23 -3 -54457
18 1 17 4 -63337
-2 -13 -1 -11 -60285
-4 -1 -2 -4 -66535
-14 4 -15 5 -69195
-23 8 -23 -7 -69675
15 -23 14 -21 -55373
-4 17 -3 14 -63403
-10 -6 -8 -10 -67679
-12 -23 -13 -23 -45387
5 24 4 23 -58169
0 -1 1 1 -68655
-9 10 -7 9 -73035
-20 24 -20 16 -71677
-8 -10 -8 -14 -65691
-21 4 -21 0 -59847
18 -22 21 -23 -50605
21 22 19 20 -58377
4 4 3 2 -63339
-14 -4 -13 -3 -67579
4 -7 3 -7 -61775
-7 -6 -7 -7 -60423
0 -15 1 -16 -68235
8 -18 7 -16 -61555
-19 19 -20 21 -65137
-22 -2 -23 -5 -61701
-12 4 -13 3 -66453
-24 -23 -23 -16 -60143
-24 8 -20 8 -60497
-4 12 -3 13 -74009
-3 -18 -2 -17 -62777
0 8 0 9 -65497
10 -23 7 -22 -60389
-1 -3 0 -3 -60867
-18 4 -17 0 -69391
-8 4 -9 5 -67541
3 1 4 -1 -61139
23 23 21 15 -60123
22 17 22 18 -59469
15 -12 17 -12 -66933
-6 -21 -6 -19 -60809
-18 -4 -18 -3 -64695
-24 12 -23 16 -64659
-8 -7 -9 -8 -65305
-8 -15 -7 -24 -67365
-1 -24 -11 -24 -60093
0 -24 4 -23 -64227
-9 11 -10 10 -68605
-8 -22 -10 -22 -59805
8 23 10 21 -67343
7 1 7 -1 -66873
11 6 9 5 -69613
-6 -23 -10 -24 -57219
-9 -18 -7 -19 -64645
24 1 24 7 -57751
23 -7 24 -14 -53987
8 -9 7 -9 -55853
10 9 10 10 -58783
-1 3 -1 10 -71065
9 -23 8 -22 -61287
-11 0 -9 -1 -60033
-7 14 -4 16 -85265
18 22 16 22 -60731
11 24 9 20 -68675
-23 18 -19 23 -65515
-21 0 -22 1 -62851
-10 23 -11 22 -52011
-14 -5 -13 -6 -62971
11 5 11 1 -74775
24 13 -23 10 -65255
22 -4 24 -2 -60497
12 -2 12 1 -64815
11 2 11 4 -71783
-2 -3 0 -6 -53879
12 22 10 23 -61641
-1 -22 0 -21 -65291
18 -2 17 -5 -66073
-12 9 -11 7 -67743
12 23 -19 21 -66043
22 6 24 8 -54621
-20 2 -21 1 -58029
-11 -24 -8 -20 -58793
-17 8 -16 9 -66023
-19 -14 -19 -11 -53785
-16 -14 -19 -13 -70353
11 16 10 23 -68197
0 9 2 9 -61957
8 -2 8 -3 -57111
-9 1 -9 0 -58115
-2 16 -7 15 -83973
-18 -16 -20 -14 -69517
-24 -18 -23 -11 -47731
4 -3 7 -6 -71105
-15 -5 -15 -4 -66063
-21 -6 -24 -8 -62881
5 12 6 16 -65961
14 10 11 9 -61519
7 -15 4 -18 -66475
0 24 1 23 -51161
17 -24 19 -20 -56227
23 20 -24 18 -66933
0 -6 1 -6 -60171
17 7 17 8 -57575
19 13 15 11 -67237
6 23 6 24 -47477
5 -18 4 -15 -61705
-21 19 -21 22 -63471
10 22 7 22 -65585
9 -1 10 -3 -66103
5 -11 3 -10 -63253
-11 19 -13 19 -65309
-20 -9 -20 -8 -57237
-24 3 -24 13 -54379
11 -10 10 -11 -61453
-15 13 -13 17 -75203
-16 -1 -17 -1 -62717
12 -19 11 -17 -71229
11 -15 11 -11 -62881
-13 -5 -15 -5 -63207
-24 -3 -24 -5 -56757
-10 -7 -10 -8 -64927
23 23 -23 23 -60565
-8 1 -11 0 -62749
-22 4 -21 6 -63685
11 -6 12 -3 -69377
-24 -10 -22 -10 -55039
4 -14 4 -15 -58831
10 21 15 24 -67353
-9 -11 -8 -12 -63193
0 11 4 10 -66065
-18 11 -17 13 -67243
-24 23 -22 24 -35063
0 -24 2 -24 -55641
18 -20 20 -22 -61117
-1 6 -2 5 -54191
9 0 10 1 -66111
15 -16 15 -11 -65623
-17 0 -16 -2 -65291
-12 12 -14 10 -70337
12 -15 13 -16 -69539
-4 -20 -4 -23 -55479
24 -13 21 -14 -59453
23 24 20 23 -37671
