-10 17 -10 12 -63241
-5 14 -6 12 -66443
18 -24 15 -23 -42747
18 -19 11 -24 -62763
1 21 2 19 -69501
24 13 23 24 -75333
-16 -14 -17 -6 -71975
12 13 13 10 -73473
-23 14 -24 7 -60547
6 -12 8 -10 -68989
-5 7 -8 4 -70377
-2 24 -3 21 -60933
21 8 18 10 -90675
-2 16 0 17 -62343
18 -13 19 -8 -77827
-10 -14 -12 -20 -44297
-20 0 -22 0 -70225
17 14 13 13 -92573
20 8 17 11 -96445
0 -11 0 -8 -64993
0 -3 1 -6 -70763
24 6 23 8 -68531
9 11 6 10 -93933
-14 -3 -16 -1 -63687
8 7 10 8 -92411
2 14 3 11 -86055
-23 9 -24 11 -63549
14 24 22 22 -67855
-5 -2 -6 0 -66173
-13 20 -18 15 -79187
1 -12 2 -12 -59197
11 24 10 22 -53195
-20 -13 -18 -14 -66085
17 -19 17 -17 -68077
19 -12 19 -10 -67635
17 22 17 4 -93859
-6 21 -15 24 -58109
17 9 21 9 -94529
18 -7 19 -5 -64095
-23 2 -22 2 -57511
-12 6 -13 2 -58791
22 -9 19 -10 -66545
-20 -17 -21 -17 -70427
-5 19 -6 18 -72601
-16 -20 -16 -16 -54261
-7 -10 -10 -11 -43379
-2 -5 3 -5 -65541
-23 12 -24 10 -48801
10 21 10 23 -64025
-16 4 -13 1 -71711
-2 -2 -1 -1 -73809
-17 -22 -20 -24 -63373
-17 3 -19 2 -69639
-14 -21 -16 -24 -47655
-3 -9 6 -13 -71871
-23 21 -14 23 -75685
5 22 6 24 -64825
12 17 10 17 -77405
-23 -7 -23 6 -71467
6 -7 8 -5 -68717
-5 -19 -3 -24 -48593
-15 21 -12 15 -68749
15 -5 13 -8 -70651
13 -10 16 -9 -60311
14 13 18 14 -92229
22 11 22 6 -84369
-12 13 -12 8 -68605
3 -21 24 -21 -67915
-24 22 -6 24 -66593
23 20 24 20 -31641
-12 -3 -20 -4 -65925
19 13 -18 11 -82299
4 -23 -3 -19 -64095
-22 -21 -24 -16 -54009
-17 19 -17 18 -77019
-15 2 -15 0 -57285
17 18 24 19 -79209
-24 -5 -21 -4 -62455
-2 -13 -3 -12 -57481
20 20 -21 2 -80397
-8 -1 -12 -2 -62623
21 17 20 21 -71653
21 -2 22 -4 -61101
-14 16 -19 8 -75157
19 -5 18 -3 -65651
2 4 1 13 -90259
-19 -18 -17 -24 -72767
9 -8 8 -7 -71081
4 -2 6 -1 -69733
2 -22 1 -24 -54223
23 20 11 8 -102733
12 8 10 7 -88653
-10 10 -8 4 -74951
-17 -21 -19 -21 -67947
8 1 8 3 -83253
-5 8 0 6 -72359
-21 -1 -20 -5 -65619
3 0 2 0 -64755
-20 20 -23 12 -67847
-20 10 -24 19 -69461
-3 24 -3 20 -64307
0 7 22 11 -102361
-20 10 -21 21 -74357
-4 -23 9 -24 -59795
-3 13 -4 20 -80819
21 -11 23 -5 -68001
9 21 -21 24 -62857
-15 -7 -16 -7 -51905
13 16 14 20 -59947
-19 16 -18 15 -65535
-21 -19 -20 -11 -67387
10 -15 11 -13 -70837
18 -14 17 -17 -59929
17 2 15 0 -65125
22 -12 17 -16 -75843
24 0 1 21 -96393
9 18 3 18 -89079
0 18 0 13 -76053
24 18 24 10 -62663
-1 2 2 1 -66089
8 -23 5 -23 -51775
-21 -23 -20 -21 -60971
-15 19 -15 17 -76077
4 -24 3 -18 -61383
10 -19 9 -21 -64169
8 24 2 21 -72427
-6 -21 -7 -20 -53065
4 -24 8 -16 -76831
4 10 7 7 -83459
-20 -22 -21 20 -69157
2 -22 3 -23 -54411
-7 21 -9 18 -71997
-1 22 -3 19 -65285
-8 -8 -8 -5 -62199
-23 -10 -24 -9 -45357
-3 19 -3 16 -73079
12 22 8 24 -65911
-7 -5 -5 -8 -68971
-11 24 -12 18 -59245
-11 1 -7 -2 -72567
-3 4 -7 9 -78223
24 -14 22 -15 -45095
5 12 4 7 -75663
6 -9 2 -10 -73567
9 -8 10 -14 -63261
-9 -24 -8 -22 -40907
0 15 20 18 -102147
11 -19 10 -17 -53783
-21 14 -18 14 -75585
18 21 18 20 -73097
18 9 19 11 -88011
12 -3 11 -5 -72071
24 12 22 11 -51727
-9 -5 -10 -2 -67363
8 -9 12 -10 -68467
12 15 3 12 -109473
4 -7 6 -7 -71243
21 -10 23 -12 -56067
-22 15 -17 18 -75065
0 -17 20 -16 -78475
9 4 9 2 -81657
8 -8 9 -9 -70869
-14 23 -16 2 -81863
-23 -16 -21 -12 -61477
-22 -7 -23 -6 -60049
22 16 19 15 -78451
11 2 6 3 -88073
-2 21 -3 23 -62517
-7 -24 -3 -19 -65255
-21 -16 -22 -22 -72223
2 -3 3 -8 -80129
-10 -7 -10 -8 -55845
-23 11 -22 10 -70337
24 -14 22 -6 -58845
-18 10 -21 10 -72635
-15 19 -19 18 -73579
6 6 9 1 -102123
15 -18 17 -17 -65769
-20 23 -13 20 -61535
24 -21 21 1 -63729
-13 -12 -13 -13 -49609
-11 0 -10 -2 -62419
22 14 24 20 -66355
-12 -2 -7 0 -65775
17 17 18 14 -65255
12 6 5 9 -103933
18 -3 17 -3 -62177
24 21 -8 23 -71253
14 -24 15 -16 -62709
-9 -15 -7 -3 -71371
-4 22 0 16 -81655
0 11 5 9 -84471
24 0 23 9 -82471
-17 -18 -19 -24 -74759
-21 -16 -22 -16 -64973
-14 -13 -10 -10 -49613
-6 -24 -9 -21 -56575
3 14 3 9 -87405
-5 15 1 13 -66843
12 -15 13 -12 -66379
24 -18 20 -17 -48001
-5 15 -3 14 -67601
-24 -24 -24 -15 -56759
13 -19 15 -18 -73149
1 7 3 4 -81407
-10 -23 -6 -24 -59161
11 -1 11 3 -68553
9 -5 7 0 -80775
23 -4 19 -4 -67775
23 2 22 4 -65629
5 15 6 21 -65407
6 2 -7 13 -95215
-1 15 0 17 -71277
4 22 5 20 -66093
0 -4 0 -3 -69021
-15 19 -14 21 -64487
-21 10 -24 9 -55853
14 -13 16 -19 -70945
17 6 20 8 -89735
-17 -17 -15 -24 -71051
16 -17 15 -17 -65653
-13 5 -18 -1 -70061
-14 -21 -10 -24 -47803
-14 14 -13 13 -46583
22 -23 17 -17 -61689
4 17 3 19 -66987
19 16 24 15 -74341
-19 4 -17 4 -72547
17 1 17 6 -72825
-17 -3 -16 0 -63451
-8 -24 -9 4 -70117
-6 -23 -24 -24 -52055
22 -14 17 -16 -68711
-22 5 -23 -3 -71665
-24 -18 -24 -11 -52623
5 9 6 9 -77057
5 -2 5 -22 -76319
13 21 23 24 -71297
-13 -4 -13 -6 -54075
-15 0 -15 -4 -63539
0 -21 3 11 -83465
0 7 1 -1 -83107
24 -1 20 -2 -64423
1 -16 0 -12 -62005
1 23 0 21 -67353
-11 12 -13 12 -55143
-7 24 -13 23 -60917
-22 15 -21 15 -58021
17 18 19 19 -74241
0 22 0 23 -63547
15 6 14 4 -77173
-22 8 -23 -2 -67269
11 4 10 4 -80023
20 3 20 6 -77361
22 1 21 -4 -58781
-3 -5 -1 -5 -61579
5 6 6 0 -88733
-9 9 -5 13 -75887
23 6 23 4 -73375
1 8 3 10 -65491
-1 -12 0 -11 -58843
13 -14 12 -12 -58219
-11 24 -6 17 -60865
19 8 24 8 -61841
9 3 6 6 -98237
24 -2 22 -6 -59261
22 -6 24 -7 -52657
5 23 5 24 -48123
16 6 9 5 -92437
10 13 14 13 -91423
8 -18 10 -14 -70379
1 10 1 15 -84797
23 -17 20 -14 -62739
21 23 22 20 -70727
-10 -23 -9 -22 -48171
8 8 11 7 -95337
-21 -21 -17 -23 -69359
-22 -10 -18 -13 -71141
-1 -18 0 -21 -51921
3 3 5 0 -75381
24 14 24 22 -70411
22 -4 24 -5 -53325
18 -19 16 -18 -67337
20 -14 22 -7 -76561
-24 -16 -20 -14 -60637
23 0 23 -12 -67929
-20 7 -20 1 -59625
-23 -11 -23 -6 -60241
24 -10 2 9 -92403
24 -2 22 -10 -67853
3 -19 1 -18 -64669
6 23 10 24 -59257
-11 24 -14 22 -47715
23 11 19 13 -81385
-24 -4 -18 -5 -75257
-24 -10 -22 -7 -64995
12 17 11 15 -71247
9 -7 10 -7 -67157
5 -23 8 -21 -62685
-16 -15 -15 -14 -53205
1 9 3 8 -79853
-5 22 -13 20 -73815
13 9 19 9 -102023
7 0 6 -6 -76123
22 4 24 20 -86595
-11 -24 -12 22 -76731
-24 -10 -21 -6 -71511
-21 24 -24 19 -51179
-7 -24 -13 -24 -56011
10 -19 -18 -18 -64043
13 16 14 6 -96543
17 6 17 9 -80445
-19 0 -22 4 -69287
3 24 0 24 -53441
4 -21 2 -21 -59089
22 21 23 24 -51127
9 23 7 21 -70569
10 22 8 24 -66559
16 6 17 6 -88219
-14 2 -14 4 -60415
7 4 10 7 -81863
-24 3 -24 -13 -65435
22 24 22 22 -52093
-10 21 -3 22 -72503
4 -24 -19 -22 -54277
6 -13 7 -14 -60429
-5 -11 -6 -8 -58075
-3 -24 0 -20 -68095
-21 22 -20 19 -47025
-18 3 -9 2 -75485
-23 18 -20 21 -68709
-12 7 -12 6 -57893
11 -7 15 -11 -64203
-7 7 -10 8 -71379
-20 5 -21 5 -70869
-6 -3 -6 -5 -61453
-23 14 -20 10 -77905
-16 -13 -16 -16 -47965
-13 -18 -20 -20 -60221
-12 0 -8 9 -70455
13 7 14 4 -78347
-17 10 -19 10 -68043
-1 -15 1 -13 -60483
5 15 6 14 -80669
-1 6 -1 2 -76297
-8 -1 -7 -2 -73597
18 22 19 24 -56137
-19 11 -15 5 -66615
16 0 10 1 -75765
21 13 21 11 -70263
-2 4 -1 10 -81153
8 11 8 18 -79959
1 15 8 16 -94097
0 -5 3 -3 -70129
-22 -23 -20 -19 -69359
16 24 19 21 -63477
2 -21 0 -24 -63619
20 -23 22 -16 -47307
-22 -19 -23 -8 -65823
7 -8 5 -3 -77433
13 1 14 0 -73287
19 23 -24 22 -63425
16 13 10 10 -106135
-13 15 -15 7 -73539
-21 -4 -17 -4 -67725
-3 -18 -2 -15 -47065
-4 -21 -6 -23 -57093
1 -8 1 -7 -68801
10 -7 11 -3 -72055
20 12 17 11 -92391
-11 -4 -10 -2 -57513
14 19 15 20 -64153
-10 -23 -8 -23 -59733
20 -1 23 1 -65727
-5 12 -6 14 -65919
-9 8 -10 8 -73315
17 9 15 11 -87165
0 -19 -2 -22 -65713
2 17 3 18 -69613
-23 2 -19 23 -77873
24 -23 21 -10 -57741
-15 -10 -16 -11 -57999
-24 -3 -24 4 -59473
-20 -12 -19 -10 -65543
-23 -2 -24 -2 -48665
4 -21 5 -19 -63439
1 16 1 6 -92865
1 -14 1 -13 -62941
13 -20 10 -21 -59715
0 -10 4 -7 -72991
24 -23 0 -18 -66933
5 8 10 17 -103089
-22 6 -23 5 -61079
20 19 22 23 -72451
9 13 9 15 -73029
24 5 22 8 -71329
-2 4 -8 0 -77279
13 24 17 20 -64789
-21 19 24 6 -74161
8 17 10 18 -79483
-8 -3 -6 -5 -71051
23 -17 24 -12 -48911
14 -17 12 -18 -71923
23 8 22 -6 -75329
4 -16 -1 -17 -65055
-1 -6 -24 -12 -62717
6 -23 4 -19 -60049
12 -22 9 -22 -49185
6 -19 5 -12 -61535
0 -8 0 -9 -65707
-5 5 5 7 -74133
19 -15 23 -19 -69117
-23 6 -21 8 -65387
1 0 3 3 -71793
14 -21 13 -18 -63465
20 -10 16 -10 -68821
6 17 11 12 -86673
-20 21 -11 24 -68529
1 12 -1 11 -59089
16 -4 16 0 -52741
14 13 10 12 -100695
-22 5 -24 10 -55491
12 2 12 23 -89769
-15 4 -17 5 -67459
11 4 12 11 -87871
-5 -13 -3 -13 -47819
-12 24 -12 15 -73659
0 -3 21 16 -99343
16 8 16 15 -94035
-15 -22 -13 -24 -40719
0 18 24 11 -99365
-19 -22 -20 -21 -65859
10 -3 7 1 -80611
12 24 14 24 -43547
2 16 5 16 -80329
13 6 19 5 -95123
-2 -23 -3 -24 -48007
14 -20 13 -15 -72307
18 -1 21 -2 -67267
-10 10 -8 16 -74949
-7 13 -12 10 -75545
-20 -11 -19 -14 -64545
-18 -6 -18 -8 -53715
22 24 24 22 -46393
-4 -17 -6 -11 -58183
8 1 8 4 -88883
-2 -11 -2 -12 -58411
-21 -3 -20 -6 -63931
-2 20 -8 20 -69607
19 4 24 12 -92351
-14 22 -22 21 -78797
8 -4 11 -1 -72969
-19 -7 -19 -13 -71509
0 -4 -1 1 -64475
-16 5 -10 5 -69037
-24 -21 -20 -24 -44529
5 -3 4 -4 -71949
2 5 2 4 -76561
24 23 6 20 -76505
-14 -18 -14 -23 -58409
6 23 -4 24 -60837
-11 9 -10 7 -69275
24 13 22 9 -70871
-23 22 -22 17 -49401
6 -9 4 -15 -72679
-24 11 -24 6 -56419
-22 -16 -22 -24 -71705
11 14 10 13 -92761
-1 21 3 23 -64195
10 -9 9 -10 -59987
22 5 23 13 -90451
24 1 24 4 -54569
24 -11 20 -22 -64797
-4 9 -5 7 -66785
-10 7 -11 14 -73903
-17 -14 -15 -14 -51615
9 24 10 20 -69171
23 -7 23 23 -76601
-8 20 -2 15 -79359
10 -17 9 -24 -62701
20 16 19 17 -74373
0 4 -1 3 -66513
15 -10 15 -13 -60609
11 13 7 10 -104227
-22 -7 -20 1 -68537
-24 -9 -22 -2 -65221
-5 23 -7 22 -61919
-22 -9 -20 -9 -64761
-2 1 -6 0 -75869
-7 19 -9 14 -73345
-11 -14 -11 -6 -62821
17 9 17 11 -87201
8 -6 9 2 -78713
15 -10 19 -6 -77795
21 -12 17 -8 -69933
-6 -8 -2 -7 -57851
-18 21 -18 17 -76453
6 -24 10 -23 -52793
18 22 18 20 -74183
-4 -9 -7 -7 -63979
-3 0 0 1 -72303
-6 -18 -3 -15 -50135
-22 24 -24 14 -62967
-16 -23 -21 -24 -64883
14 2 16 0 -72177
-4 -3 -2 0 -74987
18 -9 15 -3 -70125
18 -22 13 -20 -64245
10 6 10 10 -75483
-11 9 -10 9 -70021
16 4 18 7 -86751
18 -19 18 -20 -55675
