4 -20 4 -23 -66259
-19 23 -15 24 -53853
18 -24 15 -23 -55773
-12 -23 -13 -24 -51617
-7 -8 -9 -10 -56771
-1 -10 0 -8 -57917
-24 -4 -24 -6 -56275
2 -3 0 -4 -60907
9 19 7 18 -61573
-4 13 -3 12 -64351
7 -19 8 -20 -68521
13 13 14 11 -51061
-1 -2 -1 0 -69467
-3 15 -5 12 -62121
13 -4 13 -5 -51383
-11 22 -11 24 -59935
8 9 9 10 -54371
9 -1 4 -12 -76767
-14 6 -12 8 -72545
-23 16 -24 14 -59519
-7 -4 -7 -8 -81305
24 6 23 8 -64053
3 -10 4 -15 -55559
-10 -7 -12 -7 -56865
-7 -2 10 -2 -88151
-19 -14 -24 -12 -68415
-3 14 -5 13 -65699
13 -24 13 -23 -53109
0 9 -3 7 -57323
-12 -6 -10 -2 -77209
17 1 16 1 -50513
-22 10 -22 9 -53793
-17 19 -15 21 -58751
-23 2 -24 -1 -64101
-22 -22 -23 -23 -56729
-13 -3 -14 -7 -80687
-23 -7 -24 -12 -65643
-24 5 -21 5 -52881
-1 -17 0 -18 -75707
-2 -15 -1 -19 -83391
-1 1 -1 0 -65159
-2 -12 0 10 -82831
9 -1 -10 -2 -89165
-12 13 -13 12 -64177
9 -17 8 -18 -54447
16 4 18 5 -56311
-18 14 -17 14 -58791
-9 -20 -9 -21 -50297
10 21 10 23 -53355
-8 19 -5 18 -55135
-20 22 -22 24 -57461
-11 24 -15 24 -57009
-24 16 -23 17 -57975
-23 21 -23 24 -49859
9 24 11 23 -59953
21 7 23 8 -57209
6 -23 2 -11 -90875
-6 2 -6 0 -72221
-24 19 -23 22 -61747
-9 0 -10 1 -52525
23 7 24 7 -50455
-24 -10 -24 -14 -47535
-1 24 -22 22 -55741
20 -23 19 -23 -71705
4 6 5 2 -63921
21 -9 20 -9 -53969
-13 -6 -14 -11 -72675
-18 0 -19 -3 -75269
20 19 20 12 -61419
23 20 24 20 -55299
-24 -24 -24 -15 -50235
24 10 24 11 -49989
7 24 5 24 -50107
7 7 4 6 -56149
-11 1 -13 -1 -66979
-10 -10 -7 -10 -66353
-8 -19 -8 -14 -51909
-7 4 -9 0 -83205
24 -23 1 -24 -65885
18 3 17 1 -57587
4 13 3 8 -58725
13 -5 16 -6 -54753
-12 21 -13 24 -65299
12 24 7 21 -58815
-9 -24 -8 -23 -47287
22 -24 23 -23 -56221
-22 -14 -22 -9 -61997
-4 -18 -5 -20 -56435
-2 -22 -4 -18 -73367
5 -5 -11 -10 -81857
-11 -8 -11 -7 -69749
-23 -14 -24 -15 -46455
9 -6 11 -7 -63233
-16 15 -15 17 -64391
-9 -6 -9 -7 -76663
-16 5 -17 6 -61191
8 15 6 15 -64693
15 -5 17 -2 -59521
3 19 4 19 -54957
-18 -20 -19 -18 -49363
22 -22 23 -22 -52931
-6 21 -6 24 -64207
-11 23 -10 24 -57015
-20 -8 -20 -11 -66187
-19 17 -18 17 -59283
3 3 5 0 -61923
-17 -17 -19 -18 -51319
-3 23 -5 24 -50385
-8 24 -6 22 -59185
6 -21 5 -24 -62309
-23 -7 -24 16 -68831
4 -19 7 -18 -59553
-24 9 -23 8 -56619
-24 3 -23 6 -47201
10 4 10 5 -54107
-24 -7 -24 -8 -53797
1 10 0 9 -53525
-9 -23 -11 -23 -54137
-5 7 -5 5 -63639
-5 9 -10 9 -68455
20 -24 19 -24 -71413
16 -18 16 -17 -53397
-6 2 14 0 -93831
23 -7 22 -8 -53449
24 23 20 24 -65045
-8 7 -10 -1 -93659
-9 13 -9 10 -50789
3 -24 5 -22 -55323
23 -11 24 -11 -52287
2 -22 1 -17 -72833
-17 -12 -21 3 -82793
10 10 12 13 -53553
-22 -2 -22 -3 -69237
11 -14 11 -15 -62591
-3 -22 -10 -19 -68787
23 -12 24 -11 -51955
20 0 20 2 -56683
8 -3 8 -2 -56025
15 -22 16 -24 -59685
22 -12 24 -13 -50817
-23 -19 -24 -18 -56561
24 -14 22 -15 -52449
-9 5 -9 4 -74017
-23 -22 -24 -23 -50851
-3 23 -6 21 -57655
-10 -22 -11 -20 -59177
-2 -5 -3 -1 -76391
-2 7 -2 3 -59733
23 0 23 23 -62651
11 -12 11 -13 -53301
-12 7 -12 6 -66463
15 -12 13 -13 -51431
24 12 22 11 -55281
-10 14 -11 14 -52575
14 -6 14 -7 -50001
-22 -8 -23 -8 -65915
-14 4 -12 5 -65525
17 6 18 2 -58753
-21 -20 24 -22 -65475
-17 -2 -15 -2 -65045
9 3 12 3 -54243
-11 11 -14 8 -69735
21 23 21 24 -58787
-13 7 -14 8 -64525
-22 -9 -3 -13 -73031
12 -15 12 -17 -63789
24 -23 -24 -23 -59519
-24 -21 -24 -23 -46445
-13 -12 -13 -13 -46669
2 2 2 3 -55977
-20 -14 -19 -16 -48369
-20 -22 -20 -24 -41065
17 -22 12 -21 -62269
0 21 0 19 -57201
-3 -23 -4 -22 -62201
-24 12 -23 13 -58577
9 15 10 16 -56777
-17 -2 -17 -3 -74323
22 -23 22 -24 -47213
1 7 5 7 -57915
8 4 7 5 -60147
0 -10 -1 -9 -51655
0 23 -1 22 -50637
-22 -6 -19 -9 -65413
-23 -4 -24 -7 -61027
-24 18 -22 19 -57575
-22 12 -24 11 -61849
-9 1 -11 0 -58909
-19 6 -19 7 -61513
-17 -6 -14 -3 -79791
23 -4 24 -4 -49179
-14 0 1 -10 -93651
23 -2 24 -3 -48645
-23 -10 -24 -10 -63175
-13 -2 -17 -3 -69825
-15 9 -1 -12 -92297
23 13 23 12 -51557
23 -21 23 -18 -55461
-8 21 -7 24 -63933
-14 15 -16 11 -65189
4 23 5 24 -48127
8 21 0 19 -65831
-18 21 -18 24 -54801
24 0 24 -2 -50015
-24 0 -24 2 -60691
0 19 5 14 -53427
-18 -11 -20 -11 -56853
-17 -7 -15 -7 -57313
22 17 24 18 -61139
10 9 10 8 -62847
16 -3 17 0 -60589
10 21 6 23 -65091
-15 21 -15 24 -59109
19 3 21 2 -54315
14 24 22 24 -55425
-8 -2 -8 -5 -68775
-24 -20 -24 -21 -48455
1 -8 -15 -7 -86529
0 -1 -2 -3 -65037
23 -21 24 -23 -59505
23 12 24 6 -67975
13 -23 14 -22 -66145
1 -23 3 -24 -64623
24 15 24 -19 -58207
0 9 1 8 -52891
-20 -24 -17 -23 -50093
-18 -17 -17 -4 -77729
4 -7 0 -10 -64957
12 -9 12 -7 -45499
19 12 22 16 -60515
-23 -22 -20 -23 -60455
-18 -8 -17 -7 -60295
-15 21 -16 22 -64509
3 10 5 9 -60259
14 23 17 24 -55599
-7 19 -6 15 -54821
-14 8 -17 10 -58389
13 -1 10 -2 -68159
-21 0 -21 1 -71185
19 10 16 11 -54925
12 -23 11 -24 -55733
-14 -17 -15 -19 -46729
-24 -11 -22 -10 -64747
7 -15 8 -17 -72327
-12 -11 -16 -13 -58461
16 15 17 15 -65283
-21 11 -19 10 -60633
4 9 4 6 -58351
17 -1 17 0 -54107
-23 11 -24 14 -56787
-5 11 -7 9 -66373
24 -8 24 -7 -44769
4 -16 2 -20 -68959
-14 -22 -13 -1 -78909
24 14 24 17 -47357
-10 18 -10 16 -55207
-21 -24 -24 -24 -53881
-6 -17 -7 -12 -55573
24 -17 23 -14 -54089
16 -24 16 -21 -62643
13 24 8 24 -60411
-23 12 -24 6 -53967
24 -15 23 -17 -50539
12 22 11 24 -60335
24 -19 24 -22 -55407
-1 -24 -1 -23 -67445
12 -10 20 -15 -67823
5 23 5 24 -58931
5 24 5 23 -58259
-4 -23 -4 -24 -57283
-8 21 -8 20 -61411
-5 0 -5 -1 -67001
-22 9 -20 9 -58561
-16 22 -13 22 -57607
19 -13 -3 11 -83775
24 -5 24 -4 -37333
-20 -2 -21 -2 -59325
20 10 21 9 -56755
-24 24 21 23 -42227
6 -22 8 -24 -67789
9 -8 8 -8 -62231
10 20 10 19 -40053
-22 23 -20 24 -54437
8 6 8 -2 -60875
-9 8 -10 9 -60289
15 -12 14 -11 -59031
-15 -24 -14 -23 -53351
9 14 10 14 -58419
-13 13 -15 17 -54951
-12 2 -14 5 -67351
5 -10 6 -6 -65283
-17 21 -19 23 -62543
23 3 20 1 -62155
-4 -6 -7 -5 -73189
7 11 8 8 -59973
-11 -1 -9 -11 -88675
-23 -4 -24 -3 -69243
-4 7 -5 6 -63799
-17 18 -17 19 -57019
-19 -3 -19 -5 -69915
-3 -2 -4 -6 -81949
-5 18 -5 19 -57801
10 21 17 24 -69201
6 22 4 23 -58021
24 0 24 2 -48809
24 20 22 19 -61853
24 19 23 21 -61047
-21 24 -24 19 -64411
-24 4 -23 2 -55345
24 -21 24 -23 -52813
-19 -1 -21 -23 -71661
16 -22 13 -24 -65477
0 -22 -22 -22 -62193
-17 -6 -14 21 -78857
14 9 15 9 -59155
22 21 23 24 -58947
-3 -5 -4 -7 -75241
-16 12 -18 10 -60697
24 12 23 13 -58857
-21 1 -21 3 -65485
-24 24 -20 24 -51619
7 -19 5 -10 -75701
22 24 22 22 -62283
24 -9 24 -7 -45061
-21 0 -18 -1 -62361
-9 3 -9 4 -77713
20 7 19 6 -59495
11 0 12 0 -63449
-24 -15 -23 -15 -58947
-19 -10 21 0 -71285
0 -24 13 -23 -70527
-9 24 -11 24 -61257
-14 -24 -14 -18 -52475
-24 7 -23 5 -56159
8 -17 8 -20 -69107
-2 10 -1 8 -56547
0 -6 -4 -8 -70407
13 14 10 15 -55415
-2 18 0 16 -51369
15 -13 15 -12 -55089
7 0 7 -1 -55479
23 -23 22 -24 -56233
21 24 18 21 -60801
3 1 3 0 -59415
-6 5 14 1 -91299
13 9 14 9 -58373
18 22 19 24 -61021
1 -20 8 -23 -85355
-1 -24 1 -23 -52647
-4 9 -4 13 -57851
-3 13 -4 14 -64785
8 -1 7 -4 -63367
-23 16 -24 18 -60449
18 24 20 23 -57877
17 23 17 19 -62605
16 24 19 21 -65571
2 1 3 1 -52331
8 -24 8 -22 -61225
12 1 10 -3 -63703
12 -6 13 -6 -63715
-1 -10 -2 -1 -81779
12 -24 11 -24 -51139
-24 -1 -21 -4 -77455
14 22 13 24 -58129
14 15 14 13 -51537
-17 5 -18 3 -64175
11 23 13 24 -58707
1 15 0 14 -50835
0 -12 0 -16 -60943
-14 17 -12 17 -56467
-23 -22 -24 -21 -53531
-5 -12 -10 -14 -65221
0 -6 2 -1 -75555
18 -3 16 -17 -63549
9 -22 10 -22 -55303
14 -13 10 -16 -57069
24 17 23 21 -62139
-6 -13 -6 -11 -42639
-9 3 -9 0 -80449
-10 7 -10 9 -62799
-14 -24 -15 -24 -46553
-17 10 -18 12 -55313
-24 -4 -23 0 -65503
24 -11 24 -13 -35529
-23 -2 -24 -2 -54281
-17 18 -17 15 -60049
-3 -18 -3 -17 -67477
-2 -2 -5 0 -62373
-10 -12 -12 -12 -58569
-18 9 -20 5 -73205
18 -4 19 -4 -48207
18 -21 16 -24 -58933
17 -17 15 -16 -55133
14 16 16 16 -65057
18 -22 17 -20 -64415
21 -23 22 -24 -63245
-19 -9 -20 -10 -62491
-13 -10 -14 -12 -60947
-22 -24 -18 -24 -51989
-13 -24 -13 -23 -40733
-7 22 -10 24 -62337
-6 13 -4 13 -65929
-10 -1 -8 -17 -83793
24 -18 24 -15 -53109
-1 24 -7 24 -49315
-6 -22 -7 -23 -58053
-4 -22 -1 -23 -62313
-2 20 -2 17 -59051
6 -7 6 -8 -58697
12 16 12 13 -51965
-24 -14 -23 -17 -43489
-2 23 -2 22 -54767
14 -6 13 -7 -58739
18 -24 21 -24 -71807
10 5 10 7 -59673
-23 17 -23 20 -56443
7 -9 8 -9 -62445
0 -4 0 -5 -64443
-9 23 -11 24 -62523
24 7 24 9 -60121
23 2 24 6 -62973
24 23 21 24 -65939
2 22 2 23 -55417
20 13 18 12 -54585
23 2 24 2 -50017
24 -3 24 -2 -47597
5 -7 7 -9 -59979
24 -18 23 -16 -56741
2 -14 0 -13 -62359
-1 -23 -1 -24 -68385
0 20 1 21 -55587
-10 -22 -9 -24 -50211
19 16 19 18 -53083
12 24 14 24 -56933
8 -22 8 -21 -66971
-24 0 -23 -1 -62751
-2 -23 -3 -24 -59181
18 -18 19 -20 -60805
-24 18 -24 24 -58793
0 -23 -1 -23 -54511
12 -16 12 -21 -62635
24 16 24 23 -58947
-6 9 -7 9 -65535
22 24 24 22 -62875
22 -12 19 -9 -54689
23 1 24 0 -50549
-14 -1 -14 -3 -67701
8 16 8 13 -44533
-10 -23 -4 -23 -56097
-24 -8 -23 -10 -57953
-12 1 -12 -1 -65777
10 -22 12 -24 -58627
20 -11 19 -13 -49969
13 -2 12 0 -53939
-13 -24 -11 -24 -51149
10 9 10 7 -65087
5 -16 7 -20 -82727
-10 16 -9 17 -56883
0 -18 21 -24 -76551
12 -10 13 -11 -55263
1 15 0 7 -63213
2 -22 4 -23 -75265
-1 -14 0 -14 -57057
-21 -23 -20 -24 -45651
24 13 23 15 -56913
-14 -15 -14 -17 -40241
-10 -18 -9 -18 -56159
-24 14 -24 16 -53589
-22 15 -21 12 -62247
24 4 24 5 -58869
9 -24 8 -23 -59361
-15 5 -16 0 -71235
19 -13 18 -18 -56163
-9 24 -12 23 -63095
-14 23 -23 24 -63215
20 16 17 21 -65805
2 -7 5 -8 -55613
-4 -6 -6 -6 -66237
-4 16 1 18 -56295
24 -2 23 -3 -52613
0 -15 1 -14 -55537
22 14 24 14 -58551
-11 18 -11 20 -57221
-15 -18 -16 -18 -48407
20 -15 18 -15 -49091
-21 22 -23 23 -57429
-1 -10 -3 -7 -56805
17 11 18 3 -63821
-23 -19 -24 -19 -57901
-17 -21 -19 -23 -53471
-4 -21 -5 -23 -63633
-2 -20 -3 -20 -59653
-22 14 -24 15 -60455
0 2 -3 4 -58651
6 12 8 12 -61203
-23 15 -24 17 -63407
19 -2 21 -1 -59505
3 -19 0 -18 -67001
-23 17 -24 -24 -61475
-12 -2 15 -3 -91159
4 0 3 -1 -57317
-17 9 -18 7 -67169
1 14 4 19 -54257
22 6 22 7 -68407
15 18 17 18 -66349
0 -15 0 -18 -75559
14 23 15 19 -62087
5 -24 4 -24 -58843
21 5 21 4 -66711
-11 -22 -16 -19 -55989
17 -8 0 -5 -80193
21 -22 24 -24 -62615
