-13 24 3 23 -54406
7 -19 11 -24 -82234
18 -24 15 -23 -57562
-12 -23 -13 -24 -52298
-12 -13 -7 -13 -72398
-10 -12 -10 -14 -63938
-24 -4 -24 -6 -58138
-10 7 -17 7 -57176
3 8 6 -15 -76924
1 -8 1 -9 -58292
-10 -19 -11 22 -76528
11 5 11 6 -58028
-8 -10 -2 -17 -81434
9 -22 8 -21 -74968
21 6 21 9 -63166
-14 22 -15 20 -63070
-18 -2 -20 0 -62974
-24 -7 -24 -9 -56620
-8 -23 -7 -22 -66112
-9 23 -9 21 -63748
-17 6 24 -14 -75536
24 6 23 8 -55282
12 -18 12 -5 -66446
-8 -23 -6 -24 -50476
0 3 0 5 -47256
-24 -1 -24 -4 -61946
3 -24 -17 -23 -67878
13 -24 13 -23 -56226
-2 -10 1 -2 -56604
-4 -7 -2 -10 -80192
-15 -10 23 21 -85308
13 16 13 12 -55282
-23 13 -22 11 -57072
-3 2 -6 2 -47584
-22 -22 -23 -23 -68996
21 -12 17 -13 -57294
-11 24 -11 23 -56908
-24 5 -21 5 -51936
-20 -23 -24 -24 -63328
-12 13 -12 14 -51954
8 -1 7 -3 -47006
-21 9 -24 6 -61802
23 10 3 11 -63768
-16 -16 -15 -21 -68318
9 -17 8 -18 -57902
-23 14 -23 15 -61238
-2 1 -2 -2 -83774
5 -14 4 -12 -49830
-11 17 -10 15 -60502
24 -15 22 -11 -58238
10 -1 8 1 -50700
-7 -23 -8 -24 -64458
-24 16 -23 17 -45096
-23 21 -23 24 -49090
9 24 11 23 -54824
16 19 24 20 -67754
18 10 20 11 -54316
-6 2 -6 0 -75824
-24 19 -23 22 -56582
-11 6 -11 4 -58510
23 7 24 7 -45174
-24 -10 -24 -14 -44970
-1 7 0 8 -57096
24 10 24 14 -53232
23 -23 19 -24 -57902
-15 0 -8 5 -65618
-2 16 -1 17 -47704
-23 -18 -23 -19 -58102
-1 23 -2 24 -46190
23 20 24 20 -51818
-12 3 -12 2 -61324
24 10 24 11 -52392
7 24 5 24 -45620
13 -12 5 24 -91558
-20 6 -19 2 -61056
-14 -4 -14 -6 -64070
-6 24 -6 22 -61152
-2 -15 -4 -13 -67656
-11 24 -10 22 -47898
10 21 11 23 -66184
21 -19 19 -20 -55338
-24 6 -23 8 -57076
0 -3 1 -3 -63492
-7 -16 -6 -17 -64530
-9 -24 -8 -23 -61240
-13 -10 -13 -9 -71948
15 14 17 14 -51926
-17 -17 -19 -20 -65032
-19 16 -17 17 -64280
-20 -21 -20 -20 -63454
-18 -7 -18 -8 -56134
-23 -14 -24 -15 -62924
4 -2 -12 6 -84440
-5 8 -5 10 -63668
-17 -11 -17 -18 -71922
7 -19 7 -20 -63426
11 12 10 11 -43982
10 -10 10 -12 -49768
-8 18 -9 17 -55024
-15 9 -15 10 -56114
-24 -14 -22 -17 -61646
-6 21 -6 24 -65328
-11 23 -10 24 -60616
-16 20 -15 18 -58292
5 -23 8 -19 -67142
-18 16 -15 16 -59290
0 0 0 -1 -71612
23 -10 22 -20 -86550
10 -24 13 -22 -64832
17 9 17 14 -59892
23 -23 24 -23 -49794
-7 17 -10 20 -57294
-24 9 -23 8 -50306
-24 3 -23 6 -53108
14 -6 14 -5 -51430
-23 -7 -23 -9 -60640
20 0 22 1 -66750
7 20 7 -13 -85720
13 24 14 23 -61876
12 17 13 19 -55172
-13 19 -14 17 -59512
-5 -5 -6 -4 -74042
22 10 22 8 -61092
-11 -12 -19 -14 -68584
14 -7 10 -6 -53456
5 7 6 8 -65696
-24 2 -24 1 -52082
3 -24 5 -22 -41948
-1 1 -1 0 -73392
-18 7 -18 -1 -62408
-11 -14 -9 -20 -72372
15 -3 16 -4 -53978
-3 -9 -4 -7 -78574
-8 -13 -8 -17 -64098
0 -12 -2 -13 -51474
23 -12 24 -11 -50710
-18 24 -11 24 -52980
17 -17 18 -20 -65488
13 -13 13 -12 -49510
-13 8 -13 9 -56036
4 13 3 12 -56608
24 -14 22 -15 -60300
7 8 7 5 -62570
-23 -22 -24 -23 -61576
15 -23 17 0 -75332
-5 -3 -3 -4 -76278
-23 22 -22 22 -54640
19 -6 17 -5 -50066
7 19 7 20 -62024
21 4 23 5 -60916
-2 -6 -5 1 -84564
-5 -4 -23 -3 -65882
24 12 22 11 -47212
24 23 23 -13 -70544
-18 -22 -19 -21 -63828
-22 -8 -23 -8 -65148
-20 -2 -19 -1 -55902
-17 23 -21 24 -54700
-6 -1 -5 -4 -71624
-12 -23 -10 -23 -54622
0 -23 2 -22 -47916
11 -11 12 -13 -54446
21 23 21 24 -63882
-9 -18 -1 -13 -65812
-7 8 -8 10 -59348
-21 -5 -22 -6 -53720
24 -23 -24 -23 -59542
-24 -21 -24 -23 -50762
-14 -21 -11 -22 -63092
-4 -3 10 -4 -77922
20 1 14 -10 -86406
-20 -22 -20 -24 -56930
-2 -23 -6 -24 -55586
14 -1 14 0 -57758
-7 -1 0 -6 -90570
-24 12 -23 13 -47372
9 15 10 16 -53008
-10 -1 -9 6 -77614
22 -23 22 -24 -65414
12 13 10 17 -59888
19 20 17 21 -61444
3 11 3 14 -58080
0 23 -1 22 -51946
2 -7 1 -12 -59618
-6 0 -6 -1 -74306
10 8 5 7 -58890
-2 -10 -2 -8 -69786
-17 -12 -19 -12 -54594
-19 6 -19 7 -50766
-2 -19 -3 -21 -64956
-21 9 -19 7 -57036
5 21 5 20 -63262
23 -2 24 -3 -45940
-23 -10 -24 -10 -66458
23 5 22 -3 -64812
19 -22 16 -23 -53350
-1 -5 0 -5 -62080
-22 -13 -23 -13 -76928
11 24 11 21 -71496
14 -9 17 -9 -53574
4 23 5 24 -54968
17 -2 19 -1 -63412
-17 -22 -17 -24 -58422
2 -12 1 -11 -59602
-1 10 -1 8 -79006
-20 19 -19 17 -64958
7 9 3 10 -60808
-3 -19 -2 -21 -63708
13 -11 14 16 -83064
12 -1 10 0 -53134
-17 -12 -17 -14 -64774
-3 16 -3 15 -54630
18 19 18 20 -56394
24 16 24 -23 -72026
14 24 22 24 -59768
-13 0 -13 -2 -62342
-24 -20 -24 -21 -56730
-15 -4 -15 -6 -63914
6 -19 7 -22 -67818
23 -21 24 -23 -66116
-17 15 -16 17 -60876
24 3 24 4 -52490
10 22 9 18 -69764
5 16 13 13 -70786
19 -13 19 -19 -75790
-20 14 -16 -15 -82920
3 6 4 1 -65438
15 17 15 18 -50004
-1 6 -23 6 -66404
3 -15 1 -13 -60600
12 -22 1 -22 -65610
-6 -5 -5 -13 -87940
2 4 1 3 -48342
10 17 9 17 -58014
14 23 17 24 -53322
-17 14 -17 12 -54876
12 1 13 3 -65714
0 21 3 24 -59308
11 -4 -19 -11 -88740
-2 -23 -1 -19 -65160
12 -23 11 -24 -61232
1 8 2 10 -75342
-11 -11 -11 -9 -76060
23 -21 24 -21 -58710
6 0 6 1 -44796
2 18 4 16 -60840
-11 -5 -14 -5 -55310
1 19 3 19 -49172
-21 -8 -21 -10 -53404
19 24 19 23 -61780
1 22 0 24 -49098
24 -8 24 -7 -50462
6 17 7 16 -61794
-8 -15 23 -19 -78534
24 14 24 17 -48992
17 7 16 8 -56496
-21 -24 -24 -24 -58136
22 -2 -23 -14 -77368
24 -17 23 -14 -74890
16 -24 16 -21 -68150
-3 22 24 24 -54400
10 -3 11 -5 -49880
24 -15 23 -17 -69296
-12 -22 -11 -24 -54932
24 -19 24 -22 -59696
4 20 7 24 -70902
-19 24 -19 22 -54014
3 4 2 5 -61738
17 -23 18 -24 -65042
-4 -23 -4 -24 -48988
-1 23 -3 23 -41022
-12 -16 -9 -16 -70810
2 -16 1 -17 -49194
10 -2 12 -1 -57386
-1 -19 -4 -18 -71290
24 -5 24 -4 -51454
-12 -17 -8 -15 -70250
4 -5 4 -2 -39038
-24 24 21 23 -54378
6 -22 8 -24 -65756
22 -18 24 -18 -64036
0 17 1 19 -53700
-22 23 -20 24 -55932
-22 -2 -22 -6 -68636
14 0 13 3 -56968
-16 24 -15 21 -61958
-15 -24 -14 -23 -53776
-22 -19 -18 -20 -60678
-18 24 -16 23 -52140
-4 5 -4 24 -73806
-16 -7 -15 -7 -48694
16 3 18 3 -56734
24 17 23 19 -64342
1 24 -22 24 -53614
10 -20 10 -19 -64286
-22 19 -22 10 -68886
13 -4 14 -1 -66714
13 -3 0 -7 -69378
15 20 16 23 -62488
10 24 10 22 -64340
-9 18 -5 10 -65790
-14 -11 -13 -10 -64034
-7 -14 -7 -13 -62114
6 22 4 23 -50160
-21 8 -13 11 -63610
24 20 22 19 -59870
5 4 8 3 -53824
23 3 24 -13 -67234
-24 4 -23 2 -47348
24 -21 24 -23 -69800
9 24 10 24 -48104
4 0 0 2 -64390
-21 13 -18 12 -55890
17 -1 17 -3 -60866
3 6 1 5 -57114
22 21 23 24 -59114
1 -2 0 -3 -56436
0 9 0 10 -79478
24 12 23 13 -57040
-20 -11 16 -14 -86396
-24 24 -20 24 -52916
1 -20 1 -19 -51740
22 24 22 22 -63370
24 -9 24 -7 -50072
24 21 23 18 -60000
-2 11 -3 -3 -80616
-20 22 -23 20 -65338
-22 -10 -24 -11 -71014
-24 -15 -23 -15 -65896
-6 2 -5 3 -59274
-11 -20 18 -11 -80102
-20 19 -19 21 -63584
-3 -20 -5 -22 -64896
16 -10 15 -4 -55544
24 18 24 21 -59046
19 -4 -17 -10 -90448
21 11 -10 -12 -83920
17 -14 17 -16 -59758
-23 6 -22 -20 -68682
-19 -24 -15 -24 -47634
22 -4 24 -3 -66262
-11 8 -10 10 -52478
-11 -5 -11 -10 -77146
-19 -12 -20 -14 -67564
-11 5 -8 3 -54822
-12 -18 -12 -19 -65496
18 22 19 24 -62960
-23 -11 -24 -16 -56450
0 10 1 11 -66656
16 15 20 12 -62410
10 -21 10 -22 -71458
15 -19 15 -18 -54616
-23 16 -24 18 -67160
18 24 20 23 -57256
22 -15 23 -19 -75914
23 -4 21 -6 -70566
-4 13 -4 12 -56736
8 -24 8 -22 -56822
5 -19 8 -19 -62330
-1 -11 -1 -13 -54538
19 -16 15 -15 -55276
12 -24 11 -24 -54834
-13 -18 -12 -17 -60488
14 22 13 24 -67590
10 15 -20 12 -76224
5 19 7 0 -82898
11 23 13 24 -48470
-17 21 -12 23 -60786
-11 -5 -9 -5 -57606
14 -2 15 -1 -72458
-23 -22 -24 -21 -52264
24 -22 22 -1 -71832
15 -16 13 -14 -52992
5 -13 5 -17 -42850
-17 17 -16 15 -56648
10 14 10 15 -54844
24 -16 23 -16 -55282
-19 5 -18 5 -48574
-24 -21 -22 -19 -67636
21 -2 23 -2 -61724
-14 -24 -15 -24 -48850
-1 13 -2 10 -71482
19 16 19 17 -48400
24 -11 24 -13 -47122
-17 -2 -19 -2 -52964
4 16 8 16 -62638
-6 -9 -6 -10 -75648
-17 -16 -14 -16 -58354
-7 15 -7 19 -57860
-1 -1 -2 0 -74412
24 16 23 20 -67734
-24 0 -23 -2 -60224
15 -24 13 -23 -59478
-8 -7 -8 -9 -74830
-13 -8 -13 -6 -67014
21 -23 22 -24 -61772
-10 -11 -9 -10 -64368
24 -20 24 -24 -71076
3 21 3 24 -57934
-13 -24 -13 -23 -49494
24 8 24 6 -60214
17 -24 18 -22 -59706
-24 9 -24 7 -45356
24 -18 24 -15 -73922
20 0 19 4 -55662
-23 1 -24 0 -65844
-14 -3 -16 0 -64308
-8 14 -9 14 -50760
24 7 23 4 -62088
9 -18 8 -17 -51604
-24 -14 -23 -17 -54840
21 6 20 6 -55942
12 0 1 -21 -79100
20 -23 21 -23 -59646
8 24 -15 22 -64292
-23 17 -23 20 -60996
10 6 10 4 -61640
12 3 11 2 -65196
17 22 15 23 -59672
14 -18 5 17 -94540
-6 -24 -7 -22 -52598
-24 -3 -23 -5 -65828
-18 -5 -21 -5 -58160
-9 -19 -8 -20 -61440
23 2 24 2 -48514
24 -3 24 -2 -53128
24 -5 22 -6 -64626
-24 0 -24 -1 -60768
11 -20 14 -21 -63176
23 -1 23 0 -52912
-24 19 14 16 -70268
4 13 0 16 -61618
-24 18 -23 17 -63988
12 24 14 24 -51016
7 -16 5 -18 -63216
21 2 20 0 -63082
-2 -23 -3 -24 -56426
-22 23 -20 20 -62348
-24 18 -24 24 -58446
12 -1 17 0 -67548
-23 -8 -22 7 -79112
8 -6 -5 7 -89920
7 -15 6 -15 -53950
22 24 24 22 -50954
18 -10 17 -11 -56606
-9 -2 -9 -1 -59932
24 -14 24 -16 -74674
3 11 4 10 -61840
19 13 19 10 -60800
11 10 11 9 -48110
-16 23 -16 24 -55226
10 -22 12 -24 -63598
-9 4 -10 7 -61118
-7 -10 -10 -9 -63302
15 -23 14 -22 -67092
16 -20 14 -22 -55284
-17 -24 -18 -23 -53674
-24 0 -23 1 -66030
24 20 22 21 -56802
0 15 -1 22 -60582
-14 14 -13 13 -59258
3 -3 -11 -5 -79008
-12 -8 -11 -9 -62670
-21 -23 -20 -24 -52696
24 13 23 15 -58922
17 9 16 9 -54226
-12 16 -13 16 -53382
-24 14 -24 16 -58674
5 -1 5 -1 -239206
24 4 24 5 -56310
17 4 18 3 -59790
-24 -19 -24 -17 -52738
19 -9 20 -8 -54714
-13 23 -12 24 -62148
-24 10 -23 10 -50750
-1 -24 -2 -22 -58790
20 18 22 19 -61798
-8 2 -8 1 -71568
-12 15 -9 15 -58602
-9 22 -11 21 -60388
-14 -12 -14 -13 -61524
22 14 24 14 -54002
-11 18 -11 20 -57350
-6 -23 21 -24 -66370
-1 20 -1 22 -57516
-19 -13 -23 -15 -74330
0 11 1 9 -66492
14 -5 11 -6 -56262
-23 -19 -24 -19 -62356
-17 -21 -19 -23 -59118
-1 -23 1 -24 -49584
-17 -16 -17 -17 -61202
-22 14 -24 15 -58078
8 8 8 11 -53910
-15 0 -15 -3 -63192
-4 -23 -3 -11 -62796
0 -17 -1 -17 -63554
3 -13 1 -13 -55820
-24 -5 -23 -6 -59342
-5 -15 3 -21 -81152
-12 -21 -12 -18 -63972
-4 4 -3 6 -53022
10 -3 -11 14 -89040
21 -23 21 -24 -67852
-13 10 -13 12 -54374
-3 15 -4 16 -48472
18 -21 19 -23 -71992
-13 7 -16 5 -56560
-23 11 -23 10 -44968
-1 0 -3 -1 -58062
-2 -23 -1 -24 -58132
-21 -18 5 -21 -76338
