15 -6 10 -12 -73056
-14 -20 -13 -19 -62854
18 -24 15 -23 -61520
-12 -23 -13 -24 -53178
-5 11 -3 9 -51584
-10 -12 -10 -14 -61792
-24 -4 -24 -6 -59532
0 8 0 6 -65958
-10 -21 -6 -17 -65120
17 20 16 20 -56656
14 7 15 9 -53778
-20 7 -18 -12 -76078
18 -8 21 -10 -56794
9 -22 8 -21 -63006
21 6 21 9 -55778
-14 22 -15 20 -64534
6 12 8 7 -63274
-24 -7 -24 -9 -59694
7 -21 3 -19 -74438
0 8 -1 11 -66076
-23 -11 -17 -15 -82090
24 6 23 8 -49766
4 -9 2 -8 -64134
-8 -23 -6 -24 -47906
0 3 0 5 -58704
-24 -1 -24 -4 -58100
-16 18 -16 19 -61234
13 -24 13 -23 -50604
3 -17 2 -17 -62260
14 9 10 8 -57850
0 -24 0 -23 -40936
23 -1 6 -3 -80332
-23 13 -22 11 -55264
-4 2 -3 3 -47748
-22 -22 -23 -23 -70992
11 -4 11 -5 -62192
-11 24 -11 23 -52388
-24 5 -21 5 -60832
-20 -23 -24 -24 -68248
-12 13 -12 14 -45196
8 -1 7 -6 -69888
17 0 16 -24 -76632
23 -9 21 -6 -57828
-16 -16 -15 -21 -65720
9 -17 8 -18 -57658
-23 14 -23 15 -56352
4 1 4 -2 -57318
5 18 3 16 -57356
-21 -13 -20 -15 -73342
24 -15 22 -11 -53584
10 -1 8 1 -68124
3 10 3 9 -61238
-24 16 -23 17 -48912
-23 21 -23 24 -42924
-3 -1 0 -17 -96248
-5 -11 -5 -24 -65520
18 10 20 11 -47034
0 24 8 21 -66650
-24 19 -23 22 -55972
-11 6 -11 4 -51392
23 7 24 7 -46204
-24 -10 -24 -14 -49842
-9 -14 -12 -14 -57376
24 10 24 14 -51154
23 -23 19 -24 -57718
21 -18 19 -16 -59078
-2 16 -1 17 -55852
-23 -18 -23 -19 -60440
-1 23 -2 24 -50428
23 20 24 20 -47916
-12 3 -12 2 -59150
24 10 24 11 -44076
7 24 5 24 -49908
-24 6 -23 5 -57300
-20 6 -19 2 -71246
2 -10 1 1 -102128
-6 24 -6 22 -59076
-11 -17 -4 -16 -75584
-11 24 -10 22 -51394
10 21 11 23 -56232
21 -19 19 -20 -57618
-24 6 -23 8 -57128
-1 -16 20 -22 -90168
5 -11 -12 -13 -93892
-9 -24 -8 -23 -47308
-13 -10 -13 -9 -61548
24 -12 24 -16 -58156
-17 -17 -19 -20 -66784
-19 16 -17 17 -55346
-20 -21 -20 -20 -62072
-18 -7 -18 -8 -63212
-23 -14 -24 -15 -60550
-1 -13 -24 -15 -72202
-5 8 -5 10 -53116
-13 -5 -12 -5 -55038
4 -7 5 -8 -69264
11 12 10 11 -53850
24 5 22 -3 -54156
-8 18 -9 17 -57248
-15 9 -15 10 -56332
-24 -14 -22 -17 -71200
-6 21 -6 24 -63266
-11 23 -10 24 -61610
4 -3 22 -3 -81210
-14 0 -13 0 -64364
18 9 11 9 -66756
6 -7 8 -7 -54978
20 -23 17 -3 -75528
10 -24 13 -22 -62302
19 13 17 14 -56188
23 -23 24 -23 -49098
5 0 6 2 -53986
-24 9 -23 8 -60120
-24 3 -23 6 -56306
14 -6 14 -5 -51900
-23 -7 -23 -9 -65108
13 17 14 20 -51550
-11 -13 -9 -17 -62478
13 24 14 23 -55056
5 -1 2 0 -75114
-13 19 -14 17 -62896
-4 -5 -6 -14 -83622
22 10 22 8 -51288
1 -20 8 -20 -80160
-6 3 -5 3 -56150
-19 -23 -12 -24 -71126
-24 2 -24 1 -52468
3 -24 5 -22 -48794
-4 -12 -7 -14 -65548
-3 4 -4 5 -62854
22 13 22 14 -53988
4 -3 0 -4 -68562
-5 8 -6 5 -52970
-8 -13 -8 -17 -61306
0 -12 -2 -13 -59606
23 -12 24 -11 -49306
-18 24 -11 24 -52448
17 -17 18 -20 -62344
7 18 8 -12 -78532
-13 8 -13 9 -54222
4 13 3 12 -49862
24 -14 22 -15 -59758
-9 0 -11 1 -54658
-23 -22 -24 -23 -61514
15 12 13 14 -58538
-23 -22 -19 14 -70262
-23 22 -22 22 -52426
19 -6 17 -5 -66656
0 -2 7 -1 -79448
-8 -15 -6 -15 -65640
0 6 -3 6 -45048
1 16 2 12 -45980
24 12 22 11 -48452
0 -3 1 -8 -92466
-19 -13 -15 -17 -71140
-22 -8 -23 -8 -60648
-20 -2 -19 -1 -59356
-17 23 -21 24 -49036
23 0 19 2 -61098
-12 -23 -10 -23 -47468
0 -23 2 -22 -53524
-19 6 -22 4 -59636
21 23 21 24 -62406
16 2 13 2 -65560
12 -2 -1 10 -87066
-21 -5 -22 -6 -62270
24 -23 -24 -23 -73166
-24 -21 -24 -23 -49668
-14 -6 12 -7 -80680
-7 -1 -8 -1 -59132
-21 19 -23 0 -66736
-20 -22 -20 -24 -54960
-2 -23 -6 -24 -44006
-8 21 -7 21 -54978
17 13 15 15 -60072
-24 12 -23 13 -48826
9 15 10 16 -52906
17 -2 17 -4 -58132
22 -23 22 -24 -60908
15 5 13 2 -58462
-3 -6 2 -5 -65470
-17 -20 -13 -22 -66972
0 23 -1 22 -52258
-12 -10 -13 -6 -67020
-6 0 -6 -1 -48224
18 -15 18 -17 -66888
-2 -10 -2 -8 -68882
-17 -12 -19 -12 -65400
-19 6 -19 7 -58626
19 -21 24 1 -76854
-21 9 -19 7 -65142
6 21 8 20 -58018
23 -2 24 -3 -55284
-23 -10 -24 -10 -59898
3 -14 -21 22 -84992
19 -22 16 -23 -60708
-1 -5 0 -5 -61718
13 14 12 12 -51188
6 -16 6 -19 -62460
3 -24 24 -24 -64268
4 23 5 24 -46726
17 -2 19 -1 -65694
-17 -22 -17 -24 -57102
-21 -6 -16 -10 -71114
17 -1 20 -2 -69776
-20 19 -19 17 -64776
24 -2 23 -4 -54548
-3 -19 -2 -21 -51656
-4 -16 -4 -1 -96622
12 -1 10 0 -70586
-17 -12 -17 -14 -59272
-3 16 -3 15 -50576
18 19 18 20 -56278
-11 -12 -8 -4 -85900
14 24 22 24 -50922
6 -13 7 -16 -64172
-24 -20 -24 -21 -57132
10 -15 16 -12 -76592
6 -19 7 -22 -64472
23 -21 24 -23 -62014
-17 15 -16 17 -57552
24 3 24 4 -47162
8 3 9 1 -58474
-2 17 -1 16 -52750
-11 6 -13 5 -64506
24 13 22 14 -68856
15 6 15 1 -55154
15 17 15 18 -48808
14 -5 6 13 -86422
9 16 9 17 -44192
14 -15 15 -12 -67686
0 8 0 10 -66254
15 8 18 -14 -70792
10 17 9 17 -46346
14 23 17 24 -58146
-17 14 -17 12 -51814
-4 18 -2 19 -55736
0 21 3 24 -55694
0 -9 -14 -9 -76892
-2 -23 -1 -19 -65598
12 -23 11 -24 -56972
5 -4 5 0 -72648
6 21 5 20 -55452
23 -21 24 -21 -57226
0 19 0 21 -58320
4 2 5 -7 -88958
-15 -2 -17 -3 -57316
1 19 3 19 -51230
-21 -8 -21 -10 -59322
19 24 19 23 -60992
1 22 0 24 -49774
24 -8 24 -7 -50836
6 17 7 16 -48974
7 23 8 20 -54466
24 14 24 17 -46898
17 7 16 8 -59870
-21 -24 -24 -24 -61422
-8 -20 -9 -24 -56074
7 10 7 11 -55108
16 -24 16 -21 -58202
-3 22 24 24 -51556
10 -3 11 -5 -66694
24 -15 23 -17 -64398
-12 -22 -11 -24 -50862
24 -19 24 -22 -54658
-9 19 -9 21 -60956
-19 24 -19 22 -49362
3 4 2 5 -56370
17 -23 18 -24 -58668
-4 -23 -4 -24 -44728
-1 23 -3 23 -52216
-1 4 -1 2 -57394
2 -16 1 -17 -67556
0 0 -2 0 -58416
17 -1 17 0 -58534
24 -5 24 -4 -50346
-8 -5 -8 -4 -51554
14 -6 19 -4 -67476
-24 24 21 23 -47262
6 -22 8 -24 -58850
22 -18 24 -18 -61364
0 17 1 19 -56684
-22 23 -20 24 -54798
-22 -2 -22 -6 -67476
14 0 13 3 -59422
-16 24 -15 21 -56140
-15 -24 -14 -23 -59430
-22 -19 -18 -20 -70104
-18 24 -16 23 -46888
-18 3 -18 5 -62496
-16 -7 -15 -7 -54946
10 -13 11 -15 -55854
21 20 21 17 -60580
1 24 -22 24 -56220
10 -20 10 -19 -56692
18 -8 15 -7 -62716
-13 1 -12 3 -66276
18 14 19 15 -49890
15 20 16 23 -61612
10 24 10 22 -49872
0 -3 -6 -10 -76914
-14 -11 -13 -10 -57402
-7 -14 -7 -13 -63748
6 22 4 23 -61870
-21 8 -13 11 -57754
24 20 22 19 -56252
10 5 8 3 -46314
-20 -12 -18 -11 -60924
-24 4 -23 2 -59404
24 -21 24 -23 -66882
9 24 10 24 -40832
4 -20 8 0 -80712
-21 13 -18 12 -53486
16 -24 17 -23 -56870
3 -4 0 -8 -66502
22 21 23 24 -59084
3 -14 21 -18 -90204
4 -10 5 -8 -53792
24 12 23 13 -63942
-20 4 -16 1 -70144
-24 24 -20 24 -50152
1 -20 1 -19 -59798
22 24 22 22 -62014
24 -9 24 -7 -49950
24 21 23 18 -58094
2 10 8 11 -52540
-20 22 -23 20 -65664
-22 -10 -24 -11 -65360
-24 -15 -23 -15 -60404
0 -4 2 -7 -88240
-23 -20 -19 -20 -73934
-20 19 -19 21 -64532
-23 18 -23 16 -66248
2 -24 1 -24 -46506
24 18 24 21 -50160
11 6 10 7 -52204
9 -13 -18 -15 -85544
17 -14 17 -16 -64544
-23 -13 -22 -11 -62304
-19 -24 -15 -24 -61036
-3 -17 -4 -21 -62836
4 -19 4 -12 -68168
8 -16 2 -17 -81020
-23 19 -2 14 -69272
-11 5 -8 3 -53234
-12 -18 -12 -19 -60926
18 22 19 24 -60438
-23 -11 -24 -16 -61702
0 10 1 11 -44478
0 8 -22 7 -67186
10 -21 10 -22 -60442
15 -19 15 -18 -54054
-23 16 -24 18 -68290
18 24 20 23 -45960
24 -16 0 -17 -84312
1 -13 1 -14 -56428
-4 13 -4 12 -41708
8 -24 8 -22 -50552
5 -19 8 -19 -74520
-1 -11 -1 -13 -57206
19 -16 15 -15 -60202
12 -24 11 -24 -53822
-13 -18 -12 -17 -57488
14 22 13 24 -57450
2 2 0 1 -59184
-14 24 -2 23 -58668
11 23 13 24 -57250
-17 21 -12 23 -59582
-8 20 -4 21 -52990
7 8 8 3 -53626
-23 -22 -24 -21 -53860
-3 2 10 -10 -99856
17 1 16 1 -67914
-12 7 -13 8 -55006
-17 17 -16 15 -50818
10 14 10 15 -46692
24 -16 23 -16 -54004
-19 5 -18 5 -55630
-24 -21 -22 -19 -69402
21 -2 23 -2 -54988
-14 -24 -15 -24 -59884
-1 -10 -2 -8 -71268
19 16 19 17 -50362
24 -11 24 -13 -47140
-17 -2 -19 -2 -62926
12 -2 8 -3 -60718
-9 16 -10 17 -60186
-8 20 -11 23 -58874
-7 15 -7 19 -54794
-1 -1 -2 0 -53058
12 24 11 23 -56728
-24 0 -23 -2 -63604
15 -24 13 -23 -62862
-8 -7 -8 -9 -63774
-13 -8 -13 -6 -66154
21 -23 22 -24 -59036
-10 -11 -9 -10 -63958
24 -20 24 -24 -67982
3 21 3 24 -50478
-13 -24 -13 -23 -48714
-11 -1 -9 3 -65810
17 -24 -22 -22 -75388
-24 9 -24 7 -51968
24 -18 24 -15 -64916
10 -1 9 -12 -75244
-23 1 -24 0 -65666
-14 -3 -16 0 -56370
-8 14 -9 14 -53158
24 7 23 4 -50474
9 -18 8 -17 -62350
-24 -14 -23 -17 -63580
21 6 20 6 -49614
4 14 1 -1 -77934
20 -23 21 -23 -59896
-10 -5 -12 -8 -70044
-23 17 -23 20 -63764
-3 -2 -3 -6 -66672
17 -10 15 -15 -69174
17 22 15 23 -57700
-19 -21 0 -24 -67668
-6 -24 -7 -22 -50786
-24 -3 -23 -5 -65232
-18 -5 -21 -5 -62548
-9 19 17 19 -61508
23 2 24 2 -44106
24 -3 24 -2 -54006
24 -5 22 -6 -47312
-24 0 -24 -1 -56868
14 -14 13 -14 -61526
23 -1 23 0 -48572
-18 3 -17 0 -62350
-20 8 -20 10 -60000
-24 18 -23 17 -62170
12 24 14 24 -51764
-21 -24 24 -24 -73766
12 -2 11 -2 -62872
-2 -23 -3 -24 -47418
11 -9 8 -13 -61642
-24 18 -24 24 -53624
-12 0 -17 0 -68534
-3 -17 -3 -12 -60786
-13 3 -11 6 -69520
7 -15 6 -15 -68336
22 24 24 22 -45730
18 -10 17 -11 -56344
-9 -2 -9 -1 -51306
24 -17 24 -16 -63684
3 11 4 10 -57692
20 -15 -9 -17 -79596
11 10 11 9 -48072
-16 23 -16 24 -51738
10 -22 12 -24 -59086
-8 -13 3 -12 -79498
0 -10 2 1 -92018
15 -23 14 -22 -66584
16 -20 14 -22 -63936
-17 -24 -18 -23 -54098
-24 0 -23 1 -65706
24 20 22 21 -48460
-8 4 -9 22 -61934
-14 14 -13 13 -57362
19 8 8 -22 -81366
10 -8 11 -9 -46610
-21 -23 -20 -24 -50996
24 13 23 15 -63626
17 9 16 9 -57600
-12 16 -13 16 -56384
-24 14 -24 16 -56842
2 -18 0 -21 -68332
24 4 24 5 -49402
16 10 17 4 -58228
-24 -19 -24 -17 -55420
19 -9 20 -8 -54222
-13 23 -12 24 -61456
-24 10 -23 10 -52440
-4 -14 -1 11 -78692
20 18 22 19 -53126
-8 2 -8 1 -51890
-12 15 -9 15 -64208
-9 22 -11 21 -66734
-14 -12 -14 -13 -56536
22 14 24 14 -59844
-11 18 -11 20 -60482
-7 -2 10 -4 -84272
-1 20 -1 22 -60462
-15 -12 -11 -15 -63168
18 -1 18 -2 -61898
-9 -2 -4 -5 -57928
-23 -19 -24 -19 -64932
-17 -21 -19 -23 -64240
-1 -23 1 -24 -39182
-17 -16 -17 -17 -58354
-22 14 -24 15 -56544
24 6 -24 2 -58996
24 -5 23 -4 -54490
5 1 1 3 -69488
-13 8 -11 9 -57926
-12 -1 -12 -3 -46848
-24 -5 -23 -6 -57646
2 -15 1 -20 -69670
-12 -21 -12 -18 -62342
7 -12 7 -16 -59446
-21 0 -24 2 -66464
21 -23 21 -24 -61286
-13 10 -13 12 -50684
-3 15 -4 16 -53668
14 -15 12 -17 -63594
3 23 -6 24 -57246
-23 11 -23 10 -48100
18 0 16 2 -62380
2 -18 -13 -21 -78224
-19 -8 -18 -4 -66372
