-9 14 -14 16 -66518
-17 3 -24 14 -84892
18 -24 15 -23 -25978
3 -17 7 -14 -74298
-3 24 -5 11 -86504
-8 18 -2 16 -85098
-19 -2 -23 5 -86762
8 -11 5 -15 -79780
-4 8 -8 10 -73956
6 -12 8 -10 -74010
-12 4 -12 -1 -87556
6 3 6 5 -76444
-7 3 -12 4 -67052
22 10 23 24 -82180
18 -13 19 -8 -79932
-10 -14 -12 -20 -83294
1 21 -3 16 -75962
17 0 20 -1 -75562
0 15 14 14 -95734
17 -15 15 -6 -82326
0 -3 1 -6 -73180
24 6 23 8 -57946
10 4 8 12 -79834
-10 -18 -5 -22 -66516
8 7 10 8 -71902
7 21 8 19 -76654
11 -13 5 6 -105506
-18 8 -19 6 -70976
6 0 2 1 -79032
5 20 -1 19 -70852
1 -12 2 -12 -78624
8 14 10 12 -77964
2 -13 -1 -13 -87414
17 -19 17 -17 -55414
19 -12 19 -10 -69010
1 14 5 12 -73898
-6 21 -15 24 -42180
20 0 21 0 -76926
-17 -14 -11 11 -109294
-23 2 -22 2 -38368
2 24 11 21 -76232
5 -13 -8 -10 -100690
-20 -17 -21 -17 -60398
-17 7 -17 8 -75166
-5 15 -7 13 -73308
-20 -11 13 -6 -98100
-2 -5 3 -5 -81582
-23 12 -24 10 -41996
13 17 13 23 -77178
-17 4 -17 8 -80012
-2 -2 -1 -1 -73704
-17 -22 -20 -24 -50180
1 5 2 13 -83914
1 1 -3 5 -97132
-3 -3 -3 -5 -65660
-23 21 -14 23 -55126
-6 -2 -5 -1 -82618
9 24 6 15 -82084
-23 -7 -23 6 -87200
6 -5 8 -5 -87926
19 2 17 -3 -79794
-21 15 -16 -10 -113502
-7 -13 -9 -21 -84782
13 -11 6 -9 -98802
-10 9 -1 -14 -108256
-19 -13 -19 -17 -67158
21 -7 13 19 -98442
6 9 6 5 -74096
-24 -7 -17 -3 -69398
4 20 3 18 -75826
-7 -3 -6 2 -77572
20 -5 15 0 -80176
4 -23 -3 -19 -60094
13 21 8 17 -85482
10 19 15 18 -75648
-6 -9 -5 -15 -77816
17 18 24 19 -68940
-2 8 2 6 -90788
-18 -18 7 2 -105412
8 7 12 11 -80224
17 -18 0 -21 -87058
11 19 10 19 -69324
21 -2 22 -4 -73848
-13 5 -17 5 -67300
-3 17 -10 24 -65124
21 10 17 6 -80586
-19 -18 -17 -24 -43682
9 -8 8 -7 -87902
4 -2 6 -1 -88010
2 -22 1 -24 -34858
13 14 15 16 -75490
23 5 22 15 -87442
13 3 12 6 -76680
-17 -21 -19 -21 -70030
8 1 8 3 -76222
8 -12 7 -5 -78680
-15 -7 8 -7 -95726
13 -5 11 -8 -81862
-15 0 -21 -3 -86802
-20 24 -24 -20 -76252
-3 24 -3 20 -37244
15 12 15 17 -73782
-17 -19 -21 -15 -82388
-4 -23 9 -24 -69182
-14 0 -13 -6 -80544
21 -11 23 -5 -73974
16 -24 14 9 -82876
-15 -7 -16 -7 -68550
13 -14 8 -10 -91870
-19 16 -18 15 -57360
-14 -23 -19 -13 -88186
10 -15 11 -13 -70068
18 -14 17 -17 -59934
17 2 15 0 -71192
1 4 4 5 -85252
0 23 24 22 -74844
10 19 12 24 -66114
0 18 0 13 -74138
24 18 24 10 -60218
-1 2 2 1 -83668
-6 -2 -8 -2 -79470
1 -21 -6 -17 -86180
-14 18 -21 21 -66014
20 -23 22 -6 -79278
-5 3 -5 1 -84270
8 3 10 7 -80662
10 -21 -22 5 -96508
4 -24 8 -16 -60968
-18 1 -21 0 -75066
-3 3 -4 0 -81502
2 -12 -3 -13 -87376
-8 -10 -3 -15 -88378
0 22 2 15 -89086
5 -3 8 3 -95544
12 -23 4 -21 -73330
18 21 19 16 -80088
12 22 8 24 -67486
-23 10 21 -19 -90342
22 17 21 1 -94166
23 15 22 6 -85032
-8 4 -9 0 -84408
24 -14 22 -15 -33226
-19 -20 -11 -18 -79786
6 8 4 11 -79584
4 -5 5 -11 -74698
-2 16 -1 21 -80148
4 9 -12 0 -102832
10 -12 22 6 -100252
-7 -14 -24 13 -103260
-8 9 -2 -3 -113646
18 9 19 11 -82158
-14 -8 -13 -1 -87360
-24 17 -24 -4 -85086
-9 -5 -10 -2 -67890
0 -9 -2 -7 -73500
0 5 2 5 -85396
14 -4 15 -14 -86070
21 -10 23 -12 -48020
8 17 3 17 -77510
-24 9 -22 -13 -94656
-17 2 -9 1 -72120
8 -8 9 -9 -89570
-19 2 -17 -4 -84418
12 -19 14 -12 -76466
-22 -7 -23 -6 -62514
22 16 19 15 -72836
1 -13 2 -7 -69262
-3 -17 -4 -20 -68418
-7 -24 -3 -19 -78784
-21 -16 -22 -22 -44976
17 7 18 10 -78012
-10 12 -9 15 -65060
-23 11 -22 10 -42408
-1 -20 -5 -24 -79052
-14 16 -22 21 -68912
22 7 20 15 -89590
19 24 11 17 -86790
15 -18 17 -17 -44834
5 0 2 4 -75544
24 -21 21 1 -68934
-14 -22 -5 -18 -90040
-14 -3 -16 -10 -81170
19 15 20 11 -81062
-12 -9 -12 -6 -62474
8 12 9 15 -72408
7 4 8 1 -77614
-5 -3 -5 -7 -67630
24 21 -8 23 -68824
6 -4 3 -7 -79846
7 -6 4 -6 -87880
-17 -3 -13 -5 -72078
5 -7 8 -8 -88462
24 0 23 9 -79042
13 -18 8 -19 -67750
-21 -16 -22 -16 -49846
-14 -13 -10 -10 -75478
24 0 21 -5 -90550
-19 -11 -15 8 -112526
-5 15 1 13 -72906
12 -15 13 -12 -67454
-10 8 -11 21 -87390
20 7 24 1 -87936
-19 -3 -18 6 -100446
13 0 12 -13 -100682
-2 -2 4 3 -101654
-10 -23 -6 -24 -58406
11 -1 11 3 -74898
-3 -5 -21 0 -86734
23 -4 19 -4 -73600
23 2 22 4 -76470
-14 21 -24 8 -71504
1 9 -6 24 -88596
6 17 8 19 -77810
-1 0 -3 0 -79294
-22 -4 -22 -16 -65608
-4 -23 -6 21 -88766
-7 22 -7 16 -57404
14 -13 16 -19 -73002
-1 19 -9 16 -84112
19 20 19 18 -73780
9 -7 10 2 -96698
3 -2 22 1 -84294
19 -16 22 -11 -66906
-10 18 -10 4 -87846
22 -23 17 -17 -43452
-10 6 -7 11 -73804
19 16 24 15 -66312
-9 20 -7 14 -71002
17 1 17 6 -77292
-17 -3 -16 0 -79578
-10 -15 -14 -15 -70750
-13 8 24 5 -85544
-14 -6 -12 0 -85858
-22 -12 -23 -21 -55046
-7 21 -9 9 -87342
5 -10 6 -15 -74804
-23 5 -18 0 -81742
13 21 23 24 -67956
-13 0 -11 3 -75912
23 1 15 4 -89078
1 -11 1 -24 -66500
22 16 23 23 -75912
24 -1 20 -2 -74834
1 -16 0 -12 -71398
-17 -8 24 -14 -81998
-11 12 -13 12 -63842
-12 15 -19 6 -87950
18 -6 17 -24 -78710
-15 6 -15 10 -78104
11 17 6 13 -86016
15 6 14 4 -73096
-22 8 -23 -2 -82254
-17 -19 -13 -16 -75590
20 3 20 6 -72410
22 1 21 -4 -80464
-3 -5 -1 -5 -80144
-23 -5 -18 3 -86180
3 4 0 6 -83348
22 -5 20 -1 -78394
1 8 3 10 -67472
-1 -12 0 -11 -72896
0 -14 -9 -7 -102026
-24 -12 -14 -13 -82552
-14 0 -16 -1 -66688
0 3 1 6 -78068
24 -2 22 -6 -87084
22 -6 24 -7 -48260
18 -18 16 -16 -62766
-18 -7 -21 24 -93464
-11 5 -14 12 -81626
-7 2 -6 9 -84232
1 10 1 15 -68922
3 21 6 17 -82274
8 12 8 20 -81048
-10 -23 -9 -22 -48416
12 4 15 2 -71034
-19 -21 -9 -23 -65194
-22 -10 -18 -13 -78734
19 -13 7 -12 -79906
-21 20 -5 19 -72346
24 14 24 22 -67076
22 -4 24 -5 -51272
18 -19 16 -18 -52556
20 -14 22 -7 -77250
-4 3 -2 -2 -92530
23 0 23 -12 -75454
-8 -2 -10 -6 -70590
18 9 23 13 -83914
0 -22 -22 -21 -82804
24 -2 22 -10 -81370
3 0 4 7 -93186
6 23 10 24 -55440
16 17 14 19 -77746
23 11 19 13 -73308
-24 -4 -18 -5 -75976
-1 -11 -24 -11 -87938
12 17 11 15 -75362
0 -24 8 -22 -66214
5 -23 8 -21 -63926
-16 -15 -15 -14 -76572
-19 2 -16 0 -78544
-7 5 -5 7 -76910
6 10 9 8 -76432
-17 -14 -14 -18 -87884
3 -6 4 5 -90840
-14 7 -13 9 -72898
-24 5 -21 -12 -93790
22 -6 24 -1 -90172
-7 -24 -13 -24 -60174
-13 23 -17 17 -39330
-5 7 0 9 -84040
17 6 17 9 -72072
-23 23 0 22 -68878
3 24 0 24 -48458
-4 -4 -7 -3 -80434
22 21 23 24 -44772
21 12 17 10 -82554
10 22 8 24 -64128
17 22 -2 17 -87020
-14 2 -14 4 -83334
11 -6 15 -7 -77470
-24 19 -21 -12 -100108
22 24 22 22 -37474
-9 6 -8 0 -90910
4 -24 -19 -22 -78212
6 -13 7 -14 -75174
-5 -11 -6 -8 -75214
10 15 13 9 -79146
10 8 10 15 -76566
-13 16 -10 12 -75346
-18 11 -19 14 -65966
-18 12 -12 -9 -108992
14 -2 11 -5 -82126
-8 14 -24 24 -66816
-3 -9 3 -9 -90632
23 -21 18 -10 -74332
-3 13 -5 12 -78062
-8 2 -9 8 -81944
-9 -16 -6 -20 -64332
11 -11 8 -9 -94982
0 16 0 6 -83006
-17 10 -19 10 -50624
13 21 13 15 -83648
16 16 13 17 -75760
21 -23 -24 -5 -79316
-8 -1 -7 -2 -72246
18 22 19 24 -50576
11 -7 11 0 -87900
11 12 6 12 -81102
23 24 20 -3 -84646
-16 8 -12 14 -77394
7 16 8 15 -75934
22 21 21 15 -80070
0 3 0 2 -76658
0 2 -6 6 -100578
17 2 15 4 -74030
20 -17 -22 -20 -79698
22 -2 18 12 -100684
-1 -13 2 -16 -80396
-9 -20 -15 -24 -59424
-1 4 -4 0 -85718
19 11 15 13 -76766
-9 -12 -10 -9 -72768
-20 10 -20 19 -61446
-14 22 -17 10 -68568
-3 -18 -2 -15 -62614
-4 -21 -6 -23 -71034
-3 -16 -21 -14 -97244
10 -7 11 -3 -89314
-7 -10 -2 -9 -74796
10 -14 13 -2 -98010
-3 -19 -5 -18 -75194
-10 -13 -8 -5 -79272
20 -1 23 1 -75876
-5 12 -6 14 -71138
-24 -1 -16 -3 -83804
17 9 15 11 -73946
-9 -17 -9 0 -91228
24 -14 -11 -22 -75070
-20 7 -20 17 -76562
24 -23 21 -10 -57874
-15 -10 -16 -11 -74850
-24 -3 -24 4 -67100
0 -18 -4 -24 -73458
19 10 18 17 -85256
-16 -19 -4 -8 -101452
1 -20 9 -24 -67410
-19 -10 -18 -11 -72718
-4 13 -7 14 -79196
0 -10 4 -7 -73978
-19 23 -19 -12 -100330
12 -17 8 -23 -58186
17 -8 11 -8 -82400
20 19 22 23 -67462
3 8 -3 7 -89788
4 16 6 8 -86548
-18 6 -17 1 -89654
-24 17 8 14 -78550
13 21 22 19 -78808
3 -17 -1 -16 -76642
-7 16 -6 13 -73208
-8 -6 0 -1 -100620
-2 -15 -13 -22 -101042
-23 -3 -18 -7 -88556
18 -12 12 -9 -76562
-9 -10 -9 -15 -74720
6 -23 4 -19 -39504
12 -22 9 -22 -53152
6 -19 5 -12 -65120
-8 9 -5 10 -74264
-1 20 4 19 -67812
19 -15 23 -19 -51080
-23 6 -21 8 -50760
-13 14 -9 7 -80454
-18 6 -18 0 -93702
20 -10 16 -10 -61904
-18 -15 -17 -14 -69988
23 -5 19 -11 -79136
5 19 22 20 -85464
-19 -23 -18 -15 -54350
20 17 7 -23 -91794
-22 5 -24 10 -54820
-16 9 -17 20 -73040
-24 0 -22 16 -83536
-4 -18 -1 -19 -78958
17 -8 14 -8 -72542
15 24 13 15 -86448
23 -3 21 5 -78822
-7 -12 -10 -19 -88790
-13 5 -12 0 -89688
-18 -8 -19 -4 -74720
-21 -12 -18 -17 -81778
10 -3 7 1 -80110
3 -5 -1 -2 -80520
17 6 12 4 -68924
5 23 4 19 -63770
-2 -23 -3 -24 -56944
14 -20 13 -15 -61754
5 11 5 18 -77884
-10 -12 -12 -23 -81862
-14 -18 -16 -14 -81758
-20 -11 -19 -14 -66384
0 19 3 14 -84906
9 -19 5 -19 -78164
-1 -24 15 -24 -74436
18 -2 17 -5 -78054
-2 -11 -2 -12 -61152
-21 -3 -20 -6 -71796
-2 20 -8 20 -73496
17 21 11 19 -80402
-14 22 -22 21 -61384
8 -4 11 -1 -85526
-19 -7 -19 -13 -62368
0 -4 -1 0 -66430
4 1 0 -2 -95796
-24 -21 -20 -24 -27354
5 -3 4 -4 -85374
24 12 17 12 -78222
23 -10 18 -9 -59654
0 14 -17 -19 -105764
16 -5 17 -3 -74846
14 -16 10 -20 -64048
5 -24 6 0 -79706
17 17 13 23 -75974
-20 -11 -16 -8 -76904
-24 11 -24 6 -54792
2 5 -3 6 -95524
15 6 22 5 -78654
-1 21 3 23 -60278
10 -9 9 -10 -66530
0 23 -17 23 -65272
24 1 24 4 -55572
24 -11 20 -22 -60840
-4 9 -5 7 -69872
-21 -12 -20 -3 -69310
-17 -14 -15 -14 -77478
9 24 10 20 -58672
-2 -21 -3 -12 -74848
-21 -16 -20 -13 -59438
-19 -24 -22 -1 -75680
20 16 19 17 -73330
6 -7 6 -1 -85250
-12 -10 -11 -13 -66982
9 6 10 9 -78572
13 -4 7 -3 -80180
-8 -18 8 -19 -89530
6 23 -10 22 -69654
-22 -9 -20 -9 -60088
-6 -10 -5 -7 -68994
24 17 -24 8 -71794
-22 -23 -16 -21 -65270
17 9 17 11 -76624
0 16 1 21 -83048
13 7 13 5 -72782
6 -5 7 -2 -86826
11 0 12 2 -70190
12 -12 10 -10 -84352
6 -24 10 -23 -63858
20 9 24 15 -73522
0 17 -2 24 -66750
-1 6 -1 12 -75966
-6 -18 -3 -15 -76050
-9 11 -16 12 -75174
-16 -23 -21 -24 -62532
7 2 10 0 -76872
-7 5 -14 4 -70216
-12 -17 -6 -14 -85418
-11 -16 0 -1 -103720
12 17 17 21 -87098
17 19 21 17 -81314
0 23 -9 17 -81366
-21 -2 -16 5 -95712
