-10 17 -10 12 -49422
-5 14 -6 12 -58158
18 -24 15 -23 -59822
3 10 1 9 -72720
1 21 2 19 -71216
24 13 23 24 -72994
19 -10 21 -9 -60530
12 13 13 10 -56366
-23 14 -24 7 -64830
2 -24 1 -20 -69690
9 8 -24 7 -99774
-2 24 -3 21 -64672
-1 -7 -4 -8 -70862
-2 16 0 17 -74676
8 16 6 19 -76078
-3 -14 -3 -15 -58190
21 -3 22 -2 -72780
-12 17 -14 19 -68048
-8 1 -10 0 -65404
11 -22 8 -22 -45080
15 -19 15 -20 -65398
24 6 23 8 -59486
6 -22 -24 4 -88008
-4 -1 -5 -4 -65582
1 -3 3 -1 -66332
-2 -20 -2 -18 -54744
-23 9 -24 11 -58452
14 24 22 22 -65638
-5 -2 -6 0 -58842
-13 20 -18 15 -74018
-16 -14 -17 -16 -73140
11 24 10 22 -58314
-20 -13 -18 -14 -64292
-21 -17 -21 -15 -61140
-17 -11 -16 -15 -69002
-6 -21 -8 -23 -59966
-6 21 -15 24 -61378
0 14 -4 13 -77844
18 -24 17 -22 -56296
-23 2 -22 2 -63298
-23 6 -24 -15 -74500
24 0 23 -2 -64230
-20 -17 -21 -17 -70140
-5 19 -6 18 -66990
-16 -20 -16 -16 -68316
-13 -5 -16 -3 -63318
-11 -12 -6 -12 -62348
-23 12 -24 10 -55566
10 21 10 23 -69172
-21 7 -15 7 -76720
-21 1 24 -12 -76404
-17 -22 -20 -24 -64352
11 7 -15 7 -108496
-14 -21 -16 -24 -53996
0 -14 1 -15 -63972
-23 21 -14 23 -62592
5 22 6 24 -64266
-15 -1 -19 7 -77116
-18 -24 -3 -24 -62788
1 -12 3 -16 -65040
-5 -19 -3 -24 -70894
-15 21 -12 15 -76072
-10 -17 20 -16 -71408
21 -7 22 -11 -59720
16 -18 16 -21 -70712
22 11 22 6 -61604
-12 13 -12 8 -64878
-21 6 -20 4 -65822
-24 22 -6 24 -64446
23 20 24 20 -46402
21 16 24 13 -55000
24 10 24 11 -48416
-1 -5 -24 -13 -78262
-22 -21 -24 -16 -56920
-17 19 -17 18 -65692
-15 2 -15 0 -58142
17 18 24 19 -72554
-24 -5 -21 -4 -63276
-16 14 11 14 -106728
15 -5 13 -5 -61768
-24 -9 -5 14 -82830
21 17 20 21 -73012
-24 0 -24 8 -57094
-11 -13 -12 -16 -62552
21 -1 21 -3 -72398
21 -5 20 -4 -65888
-14 -4 -13 -9 -67844
10 -7 12 -8 -50540
-11 -10 -8 -9 -60534
2 -22 1 -24 -58330
-8 13 9 17 -95460
-4 -5 17 -5 -80388
18 -2 19 4 -71780
-17 -21 -19 -21 -65916
2 21 2 19 -72550
-5 8 0 6 -75562
14 -12 16 -11 -51254
-18 7 2 5 -110866
-20 20 -23 12 -68238
-20 -1 -24 -4 -67264
-3 24 -3 20 -69122
4 11 3 11 -79378
-9 -10 -16 -23 -84734
-20 -11 -19 10 -85266
-18 -24 -19 11 -80734
-16 -5 -20 -6 -58018
9 21 -21 24 -76332
-7 -11 -16 -5 -75896
13 16 14 20 -67104
-19 16 -18 15 -61750
-1 7 4 -10 -81572
-14 10 4 3 -116492
11 -20 14 -23 -50896
7 -21 6 -17 -50370
19 -24 20 -23 -43838
20 0 21 -1 -68896
7 -5 7 -3 -46528
0 18 0 13 -65904
24 18 24 10 -55126
-1 2 2 1 -74028
-17 -23 -17 -18 -71794
-21 -23 -20 -21 -63226
-15 19 -15 17 -68514
-24 -8 -21 -12 -61348
23 -21 24 -19 -54048
8 24 2 21 -72450
-6 -21 -7 -20 -58482
3 -24 5 -22 -55854
23 -11 24 -11 -54964
-20 18 -21 22 -67726
2 -22 3 -23 -63448
-7 21 -9 18 -66438
-1 22 -3 19 -70828
19 -8 24 -11 -76780
-23 -10 -24 -9 -54518
-3 19 -3 16 -59242
12 22 8 24 -66886
-19 8 -15 18 -73054
-11 24 -12 18 -59614
16 -18 16 -19 -60872
-13 -3 -10 -2 -56112
24 -14 22 -15 -62190
5 12 4 7 -66072
24 -21 24 -23 -45740
20 5 19 5 -69134
-9 -24 -8 -22 -53616
-13 -11 -13 -7 -56728
17 -13 16 -14 -57456
-21 14 -18 14 -76618
18 21 18 20 -76358
18 2 21 3 -70668
4 -15 8 -15 -60662
24 12 22 11 -49360
13 -12 18 0 -69204
19 -24 14 -24 -58678
19 0 24 0 -67664
-19 21 -17 20 -64124
7 0 11 6 -87884
-22 15 -17 18 -75434
10 -5 9 -4 -61100
9 4 9 2 -64382
17 19 14 12 -70962
1 -7 0 -8 -66472
-23 -16 -21 -12 -63900
-22 -7 -23 -6 -55258
22 16 19 15 -64824
17 10 -21 22 -89338
-2 21 -3 23 -64676
6 -4 -19 -18 -88646
12 -3 18 -5 -71416
8 17 8 18 -62110
-10 -7 -10 -8 -50744
-23 11 -22 10 -60820
13 4 15 0 -69808
-18 10 -21 10 -78350
-15 19 -19 18 -69404
23 -5 24 -8 -53420
2 6 5 5 -73146
-20 23 -13 20 -65496
19 -21 24 -24 -61320
-13 -12 -13 -13 -59184
4 -21 0 -24 -64798
22 14 24 20 -62602
-18 13 14 13 -103930
17 17 18 14 -62482
14 20 8 22 -68498
20 -16 21 -14 -67404
24 21 -8 23 -64188
10 -7 3 -6 -71756
18 24 17 22 -69038
11 20 14 24 -70312
-23 1 -24 12 -70878
23 -2 24 -3 -59328
-23 -10 -24 -10 -45324
-21 -16 -22 -16 -67002
4 -6 4 -9 -54830
3 -4 1 -7 -63310
21 -13 16 -7 -71404
22 18 21 -23 -74400
10 -23 13 -22 -46402
24 -18 20 -17 -61420
17 -8 15 -7 -63500
-24 -24 -24 -15 -57146
24 0 24 -2 -60386
1 7 3 4 -68844
-4 -21 -6 -24 -60402
11 -1 11 3 -73940
-7 8 -7 12 -59948
-3 -1 -3 -18 -73582
23 2 22 4 -65066
5 15 6 21 -73278
-7 -23 -8 -17 -68606
-1 15 0 17 -69046
4 22 5 20 -71344
0 -4 0 -3 -50530
-15 19 -14 21 -59512
-21 10 -24 9 -61086
22 -13 23 -14 -54062
3 20 6 21 -71980
-18 1 -12 11 -84436
11 -12 -2 -13 -83890
21 -23 21 -21 -57712
-14 -21 -10 -24 -58776
-14 14 -13 13 -53652
12 3 11 9 -69770
4 17 3 19 -71740
16 -19 -24 2 -82100
-24 -18 -22 -17 -49042
-24 -10 -22 6 -74200
24 -19 22 -14 -65752
0 -21 -3 -21 -62996
-2 12 -3 12 -69276
1 -22 2 -24 -66440
22 5 22 7 -71088
-24 -18 -24 -11 -55074
5 9 6 9 -75160
6 -13 6 -16 -51478
13 21 23 24 -70428
-13 -4 -13 -6 -60150
-15 0 -15 -4 -63184
17 4 20 9 -72232
0 0 1 5 -62780
-5 -10 -6 -6 -51272
14 -1 17 0 -65810
1 23 0 21 -73508
-11 12 -13 12 -64312
-7 24 -13 23 -58686
-22 15 -21 15 -57348
17 18 19 19 -67706
0 22 0 23 -66010
15 6 14 4 -66958
0 2 4 7 -66866
11 4 10 4 -52858
20 3 18 6 -70056
-24 -14 -24 -17 -52292
-18 -5 -17 -6 -59106
-3 4 -3 -1 -71186
-9 9 -5 13 -69476
23 6 23 4 -69150
9 8 10 10 -72330
-16 9 8 2 -116352
-1 -23 0 -24 -58812
-11 24 -6 17 -65774
19 8 24 8 -70496
-20 0 1 4 -96828
24 -22 18 -22 -59788
-2 -12 0 -11 -64528
5 23 5 24 -49492
-9 -15 -8 -21 -64558
2 -19 6 -21 -64580
-3 -23 -3 -20 -66652
1 10 1 15 -63204
-2 -15 0 -15 -65494
21 23 22 20 -72826
-10 -23 -9 -22 -60112
24 -5 24 -4 -48406
-21 -21 -17 -23 -65912
11 -14 6 5 -78828
-10 -2 -8 1 -60342
3 3 5 0 -62570
24 14 24 22 -66288
22 -4 24 -5 -65228
-16 2 5 7 -109056
-13 -6 -15 -7 -59540
-24 -16 -20 -14 -67734
-14 -7 -9 -24 -76446
-8 4 -9 5 -66826
-23 -11 -23 -6 -54982
-2 3 3 4 -72038
-4 -19 -5 -13 -64564
7 7 5 13 -71256
6 23 10 24 -55194
-11 24 -14 22 -51078
10 11 5 13 -73636
1 -1 -20 -21 -85768
-24 -10 -22 -7 -56840
12 17 11 15 -61250
-21 0 -22 4 -62016
-23 13 -24 18 -47158
-8 -13 -6 -9 -59118
1 9 3 8 -76348
-5 22 -13 20 -68960
20 -21 19 -24 -53152
7 -2 4 -4 -54016
22 20 24 20 -53192
-16 -5 -13 -4 -60484
22 -9 21 -9 -71724
-21 24 -24 19 -46506
-7 -24 -13 -24 -56296
-1 -19 1 -22 -70072
-1 -10 -3 -13 -68850
17 6 17 9 -58708
1 -13 -4 -20 -64292
3 24 0 24 -56072
-7 -20 -1 -24 -61368
22 21 23 24 -55452
9 23 7 21 -65112
10 22 8 24 -66920
14 15 13 15 -52080
-14 2 -14 4 -58318
7 4 10 7 -81994
-3 -8 -8 -9 -63384
22 24 22 22 -55266
-5 -20 -11 -16 -70508
-4 13 -5 15 -66030
20 0 20 -2 -73798
21 6 24 6 -58380
22 -17 24 -14 -69516
-21 22 -20 19 -61184
6 -17 6 -16 -55934
-23 18 -20 21 -64242
-12 7 -12 6 -57762
-14 -17 -17 -19 -67572
-7 7 -10 8 -76980
-20 5 -21 5 -74646
-20 5 -24 5 -73846
8 1 -17 18 -106026
-16 -13 -16 -16 -70918
-10 2 -17 -19 -83818
-6 -8 -1 9 -90358
13 7 14 4 -69700
-17 10 -19 10 -75978
24 -21 24 -2 -57210
5 15 6 14 -73252
10 9 8 9 -58410
-9 0 -6 -2 -63408
18 22 19 24 -69848
9 -10 9 -18 -53190
-5 1 -4 5 -72434
21 13 21 11 -59238
-2 -23 -1 -22 -63720
8 4 12 11 -87104
0 13 -9 18 -78788
15 -24 23 -24 -59900
-22 -23 -20 -19 -70786
16 24 19 21 -63906
10 19 10 -1 -79184
-6 -12 -8 -10 -57266
-6 8 -6 -3 -79492
21 10 15 9 -67732
21 -9 20 -15 -60454
19 23 -24 22 -66000
7 8 6 4 -70846
-15 17 6 -17 -95600
0 0 -2 2 -66784
15 0 15 -2 -65248
16 -12 17 -13 -57752
2 -6 -4 -8 -76288
5 -18 3 -19 -52004
-3 -16 -4 -10 -68354
-22 -14 -13 -10 -77686
14 19 15 20 -68130
-14 -5 -14 -1 -63088
10 -20 9 -23 -47980
-5 12 -6 14 -68040
-4 8 -7 8 -71976
17 9 15 11 -66412
20 -7 20 -11 -54336
2 17 3 18 -70496
-16 -10 -17 -13 -66590
-17 11 -13 12 -70926
-11 4 -8 5 -73956
-24 -3 -24 4 -50368
8 6 -17 -4 -103300
-23 -2 -24 -2 -51110
-17 -1 -17 1 -58980
3 14 10 18 -81668
6 12 8 13 -71982
0 15 -1 15 -71630
5 -19 5 -16 -54586
-14 8 -12 12 -71346
10 -2 14 0 -65504
-22 6 -23 5 -61724
20 19 22 23 -74484
9 13 9 15 -59624
12 -15 11 -17 -49306
24 -7 21 -7 -68550
13 24 17 20 -63944
-21 19 24 6 -78548
17 -20 18 -23 -67644
17 -16 17 -14 -52202
23 -17 24 -12 -60222
13 -23 13 -21 -44120
10 -2 10 0 -64274
13 -6 13 -1 -55512
5 -13 3 -12 -61594
7 -13 10 -12 -50106
-1 -1 -2 -3 -66566
11 15 9 11 -66122
0 -8 0 -9 -55180
24 -15 24 -21 -69784
18 -9 15 -8 -66482
4 -17 11 -21 -55844
9 2 8 -2 -71544
-7 -3 -6 -6 -52678
14 -23 10 -22 -47622
-20 -23 -20 -20 -65454
-20 21 -11 24 -65702
1 12 -1 11 -72698
-24 6 -22 9 -64076
-11 -19 -13 -19 -61546
-22 5 -24 10 -65794
16 -10 16 -14 -52204
-15 4 -17 5 -58766
-3 -23 4 -22 -66578
-13 -17 13 -13 -80220
-12 24 -12 15 -70768
-6 23 -5 22 -50178
23 -21 23 -17 -70894
-15 -22 -13 -24 -46006
24 -16 24 -24 -69132
-19 -22 -20 -21 -64128
-14 -14 -13 -20 -65694
12 24 14 24 -47430
2 16 5 16 -77408
3 -8 1 -5 -62448
-2 -23 -3 -24 -53220
-20 -23 -14 -20 -70774
-9 1 -10 8 -70444
17 20 19 18 -68966
-7 13 -12 10 -74368
-20 -11 -19 -14 -60888
-18 -6 -18 -8 -57670
22 24 24 22 -51430
-9 -11 1 -14 -74254
-6 5 -7 2 -68932
-2 -11 -2 -12 -56956
-21 0 -20 0 -63466
15 -6 19 -2 -67910
14 9 15 8 -65320
7 -21 6 -24 -48686
3 -10 4 -9 -56702
16 4 17 5 -65872
24 -23 0 1 -68370
0 -6 5 -11 -71990
-24 -21 -20 -24 -46456
-21 5 -19 13 -69172
2 11 0 14 -67058
24 23 6 20 -68032
-14 -18 -14 -23 -66404
6 23 -4 24 -64858
-11 9 -10 7 -65450
24 13 22 9 -59514
-23 22 -22 17 -58556
0 -1 0 0 -58244
-24 11 -24 6 -64574
-22 -16 -22 -24 -69460
-10 -14 -14 -15 -64358
-1 21 3 23 -69466
14 -23 17 -22 -51072
24 4 24 7 -66586
24 1 24 4 -52456
22 -5 21 -8 -51814
-4 9 -5 7 -55810
-10 7 -11 14 -70718
-17 -14 -15 -14 -60038
9 24 10 20 -74960
17 12 12 8 -65090
-12 -19 -13 -20 -67486
24 -2 23 -3 -60544
20 16 19 17 -65640
0 4 -1 3 -59350
10 1 9 0 -69380
19 16 19 9 -64774
12 1 14 -1 -65580
-24 -9 -22 -2 -56716
-5 23 -7 22 -50266
-3 19 -5 21 -59984
-2 1 -6 0 -62552
-21 -12 -19 -7 -68044
6 12 6 11 -61610
19 -19 20 -19 -57686
23 24 22 -20 -73324
-4 -18 -1 -18 -63118
2 22 21 20 -72286
-23 11 -23 18 -52458
-11 9 -16 5 -76060
6 -24 10 -23 -43362
18 22 18 20 -77554
-1 -9 11 -8 -85592
-3 0 0 1 -68706
14 -19 18 -20 -58202
-22 24 -24 14 -63870
-16 -23 -21 -24 -64012
16 1 18 1 -61542
22 -16 24 -18 -62622
18 10 24 9 -71570
23 2 24 0 -59462
4 2 6 -2 -62658
-11 9 -10 9 -70948
-17 1 -21 -4 -65254
21 -22 24 -24 -46928
