-10 17 -10 12 -63800
-5 14 -6 12 -63864
18 -24 15 -23 -56598
3 10 1 9 -67642
1 21 2 19 -63566
24 13 23 24 -77834
-3 -2 1 6 -74516
12 13 13 10 -67076
-23 14 -24 7 -55194
7 -14 3 -13 -65052
-1 20 24 22 -69496
-2 24 -3 21 -47448
-1 -7 -4 -8 -67856
-2 16 0 17 -66476
-2 7 -2 9 -59096
-3 -14 -3 -15 -58286
20 -22 22 -22 -69868
-12 17 -14 19 -62854
-8 1 -10 0 -58540
11 -22 8 -22 -59486
15 -19 15 -20 -68230
24 6 23 8 -60234
-10 -2 -7 -6 -76076
-2 13 22 -13 -96884
1 -3 3 -1 -68614
-2 -20 -2 -18 -61114
-23 9 -24 11 -53730
14 24 22 22 -60978
-5 -2 -6 0 -70902
-11 4 -7 8 -62730
-16 -14 -17 -16 -65606
11 24 10 22 -56594
-20 -13 -18 -14 -67980
-21 -17 -21 -15 -58996
2 3 -22 -4 -74592
-6 -21 -8 -23 -68080
-6 16 12 -22 -96380
0 -14 4 -13 -60986
18 -24 17 -22 -49618
-23 2 -22 2 -64968
-23 6 -24 -15 -60568
24 0 23 -2 -69058
-20 -17 -21 -17 -70946
-5 19 -6 18 -58090
-16 -20 -16 -16 -66442
-13 -5 -16 -3 -74020
4 -2 4 0 -67030
-23 12 -24 10 -51304
10 21 10 23 -66370
19 -4 18 -7 -60310
8 16 8 17 -61982
-17 -22 -20 -24 -62926
-21 -19 13 -14 -69710
-14 -21 -16 -24 -52334
0 -14 1 -15 -64216
-23 21 -14 23 -61544
5 22 6 24 -57296
-2 12 1 9 -67712
-18 -24 -3 -24 -61364
0 18 0 21 -54716
-5 -19 -3 -24 -60164
-7 6 -8 4 -57096
-9 -17 -7 -19 -63554
20 -23 19 -23 -70190
23 -17 22 -21 -59774
22 11 22 6 -70186
-12 13 -12 8 -47998
-21 6 -20 4 -67908
-24 22 -6 24 -62556
23 20 24 20 -50374
21 16 24 13 -57490
24 10 24 11 -56492
0 -21 -1 -21 -69130
-22 -21 -24 -16 -54314
-17 19 -17 18 -65186
-15 2 -15 0 -56614
17 18 24 19 -72862
-24 -5 -21 -4 -59984
-10 -14 -10 -21 -69008
17 -2 20 0 -69012
-8 -23 -7 -16 -73478
21 17 20 21 -72708
-24 0 -24 8 -55436
-11 -13 -12 -16 -59256
-9 -24 -8 -23 -64066
18 -21 17 -23 -70598
2 19 18 5 -95832
10 -7 12 -8 -72518
-11 -10 -8 -9 -68732
2 -22 1 -24 -55952
4 11 2 7 -72572
-8 -5 -9 0 -70446
-15 -13 -17 -9 -62730
-17 -21 -19 -21 -66300
2 -7 18 -13 -104458
-7 -24 -9 -17 -71642
16 11 19 13 -69336
18 -3 19 0 -70940
-20 20 -23 12 -66864
7 -3 6 -3 -69092
24 8 12 6 -74684
-4 -11 -3 -11 -56904
-4 -2 -3 -3 -65322
13 -17 12 -18 -64830
9 21 17 -13 -93032
-16 -5 -20 -6 -65132
9 21 -21 24 -59766
13 -16 13 -12 -60868
13 16 14 20 -65116
-19 16 -18 15 -58990
17 -11 1 0 -115804
-22 3 -24 9 -69784
11 -20 14 -23 -53038
7 -21 6 -17 -51210
19 -24 20 -23 -61374
2 -14 1 -11 -68992
7 -5 7 -3 -62868
-12 17 -9 19 -69984
24 18 24 10 -66232
24 -20 19 -23 -67968
-19 -24 -12 -23 -57078
-21 -23 -20 -21 -64592
-15 19 -15 17 -68554
-24 -8 -21 -12 -64458
2 -21 2 -19 -54972
22 -18 24 -3 -69658
-6 -21 -7 -20 -57858
3 -24 5 -22 -51260
23 -11 24 -11 -45326
-20 18 -21 22 -76956
2 -22 3 -23 -57504
-7 21 -9 18 -59868
5 14 6 14 -64572
-12 -24 -15 -18 -75144
-23 -10 -24 -9 -56978
-19 -11 -18 -11 -61624
12 22 8 24 -63426
7 17 10 14 -69970
-11 24 -12 18 -60678
16 -18 16 -19 -74124
-13 -3 -10 -2 -58656
24 -14 22 -15 -54282
9 12 11 9 -66652
24 -21 24 -23 -56686
6 16 8 0 -83668
-9 -24 -8 -22 -65152
-13 -11 -13 -7 -55614
19 1 3 0 -97160
-21 14 -18 14 -69480
18 21 18 20 -63276
-4 4 -2 0 -64638
7 -2 10 -5 -78612
24 12 22 11 -56468
-12 10 24 -24 -78560
19 -24 14 -24 -60530
19 0 24 0 -64044
-19 21 -17 20 -65056
3 16 0 17 -71028
-22 15 -17 18 -68744
-19 9 -18 17 -53878
9 4 9 2 -51852
-12 15 -13 19 -63606
1 -7 0 -8 -83502
-23 -16 -21 -12 -63462
-22 -7 -23 -6 -64910
22 16 19 15 -67348
6 -9 8 8 -83134
-2 21 -3 23 -54526
15 -7 14 -23 -87592
-5 11 -5 10 -53518
8 17 8 18 -60184
-10 -7 -10 -8 -51286
-23 11 -22 10 -62282
-16 4 -18 14 -62894
18 -11 16 -13 -59298
-15 19 -19 18 -62984
23 3 20 -14 -84036
13 9 19 1 -79196
-20 23 -13 20 -67652
19 -21 24 -24 -63214
-13 -12 -13 -13 -55048
22 13 24 18 -72360
22 14 24 20 -75108
19 -18 19 -20 -69892
17 17 18 14 -68510
14 20 8 22 -63888
14 1 11 1 -62840
24 21 -8 23 -64922
-19 -5 -21 -1 -66230
18 24 17 22 -63110
23 -4 24 -4 -52672
5 7 5 8 -62442
23 -2 24 -3 -61330
-23 -10 -24 -10 -47560
-21 -16 -22 -16 -67016
4 -6 4 -9 -68402
22 -16 3 -20 -77096
7 1 8 -2 -69976
19 6 21 8 -68288
10 -23 13 -22 -60700
3 -6 17 -9 -107328
23 -23 24 -12 -61850
-24 -24 -24 -15 -55564
24 0 24 -2 -63520
23 -12 0 3 -103342
-4 -21 -6 -24 -65858
11 -16 9 -1 -87216
-12 23 -17 22 -64536
3 -12 3 -11 -62100
23 2 22 4 -63236
2 -22 3 0 -87000
-14 24 -10 20 -50744
-1 15 0 17 -55202
4 22 5 20 -64276
0 -4 0 -3 -73698
-15 19 -14 21 -63928
-21 10 -24 9 -64136
22 -13 23 -14 -48766
3 20 6 21 -62954
-11 1 -11 4 -50180
6 -6 8 -7 -74452
9 14 22 5 -90766
-14 -21 -10 -24 -62640
-14 14 -13 13 -53972
12 3 11 9 -66912
4 17 3 19 -64836
23 22 21 20 -60520
-24 -18 -22 -17 -49714
-3 -10 1 -10 -65014
24 -7 24 -11 -41698
0 -21 -3 -21 -69968
-2 12 -3 12 -55378
1 -22 2 -24 -55796
22 5 22 7 -73318
-24 -18 -24 -11 -54764
1 0 8 -18 -104802
6 -13 6 -16 -57134
13 21 23 24 -66842
-9 1 -7 0 -63104
-15 0 -15 -4 -63176
2 -8 5 -8 -67208
20 24 24 6 -82690
-5 -10 -6 -6 -62720
19 -14 17 -14 -56490
-14 -7 -8 -10 -73148
-11 12 -13 12 -57440
-7 24 -13 23 -50524
-22 15 -21 15 -60662
17 18 19 19 -66028
0 22 0 23 -48832
15 6 14 4 -62854
-4 -7 0 -10 -76194
11 4 10 4 -60926
20 3 18 6 -65690
-24 -14 -24 -17 -51810
-18 -5 -17 -6 -67568
-15 0 -16 0 -61394
-9 9 -5 13 -69976
23 6 23 4 -70050
9 8 10 10 -65986
17 20 17 14 -69850
-1 -23 0 -24 -53392
-11 24 -6 17 -63246
19 8 24 8 -64226
-24 -2 -20 1 -67904
0 3 -1 -8 -96080
-4 7 -6 7 -69640
5 23 5 24 -45638
1 13 -1 15 -69526
-20 11 -24 11 -68268
16 12 21 10 -69428
1 -3 4 -8 -87344
23 -2 24 2 -67248
21 23 22 20 -67158
-10 -23 -9 -22 -70194
24 -5 24 -4 -48898
-21 -21 -17 -23 -67082
4 6 2 9 -68186
-10 -2 -8 1 -60584
0 -1 24 -3 -89312
24 14 24 22 -72270
22 -4 24 -5 -59100
6 -14 4 -11 -69646
-13 -6 -15 -7 -70642
-24 -16 -20 -14 -68904
0 -20 1 -19 -66050
-8 4 -9 5 -57594
-23 -11 -23 -6 -50500
-13 -4 -12 0 -63240
-1 4 2 5 -60130
-3 -24 0 -19 -77300
6 23 10 24 -51446
-11 24 -14 22 -54260
8 11 8 13 -69568
0 -7 2 -5 -85088
-24 -10 -22 -7 -47974
12 17 11 15 -61124
-21 0 -22 4 -60386
-23 13 -24 18 -46676
-8 -13 -6 -9 -57718
1 9 3 8 -64356
19 -2 21 -5 -66728
20 -21 19 -24 -72172
21 -5 14 -7 -59918
22 20 24 20 -57404
-16 -5 -13 -4 -70138
3 -4 18 -7 -107766
-21 24 -24 19 -49114
-7 -24 -13 -24 -56802
24 -21 24 -23 -56686
4 -17 -1 -18 -63678
17 6 17 9 -61958
-20 -7 -21 -3 -63472
3 24 0 24 -51238
-7 -20 -1 -24 -58548
22 21 23 24 -51952
9 23 7 21 -60590
10 22 8 24 -62544
14 15 13 15 -52610
-14 2 -14 6 -50682
15 -21 16 -1 -97384
-19 -21 -20 9 -69904
22 24 22 22 -51162
-11 -1 -9 -21 -73952
-4 13 -5 15 -61850
-24 -21 -3 -14 -67012
21 6 24 6 -60768
21 -10 2 -16 -85398
-21 22 -20 19 -73884
6 -7 3 2 -95322
-23 18 -20 21 -62646
20 -22 20 -23 -62184
-14 -17 -17 -19 -64910
8 7 6 5 -71158
-20 5 -21 5 -69394
-20 5 -24 5 -73614
-2 -1 -2 0 -67382
-16 -13 -16 -16 -62742
-5 0 -5 1 -56974
13 -22 12 7 -92536
5 9 7 10 -68852
-17 10 -19 10 -56814
8 -16 7 -18 -57792
5 15 6 14 -70336
10 9 8 9 -54920
-6 20 -1 23 -58254
18 22 19 24 -64366
1 -10 0 -11 -63638
24 -11 21 -13 -58570
21 13 21 11 -68690
-2 -23 -1 -22 -70988
14 -18 15 -3 -90118
-20 20 -21 23 -57904
15 -24 23 -24 -72938
-22 -23 -20 -19 -72380
16 24 19 21 -57144
14 -14 13 -17 -69432
-6 -12 -8 -10 -55524
-5 5 -6 8 -62750
15 2 7 0 -79254
-15 -2 -18 0 -68850
19 23 -24 22 -53972
9 -20 5 4 -101592
5 21 6 21 -59662
0 0 -2 2 -62870
15 0 15 -2 -51912
16 -12 17 -13 -51308
13 -12 13 5 -82982
6 -5 5 -6 -57652
-3 -16 -4 -10 -70104
5 4 7 0 -64154
14 19 15 20 -65854
-14 -5 -15 -4 -68858
10 -20 9 -23 -50196
-5 12 -6 14 -62100
-4 8 -7 8 -69026
9 -16 9 11 -91356
6 -14 8 -13 -57994
2 17 3 18 -56272
-16 -10 -17 -13 -58924
-17 11 -13 12 -52894
-19 2 -18 1 -60822
-24 -3 -24 4 -53952
21 -11 19 -19 -78402
-23 -2 -24 -2 -51876
-17 -1 -17 1 -61604
-3 -14 -10 -18 -61174
6 12 8 13 -63064
0 15 -1 15 -68848
5 -19 5 -16 -52350
2 -5 -1 -8 -91956
11 -4 12 -3 -55762
-22 6 -23 5 -58430
4 -22 6 -23 -48078
9 13 9 15 -64730
14 8 16 12 -67798
2 21 3 3 -79982
13 24 17 20 -60186
21 -19 -24 -6 -69628
17 -19 18 -16 -78490
17 -16 17 -14 -65914
23 -17 24 -12 -55366
13 -23 13 -21 -44006
10 -2 10 0 -53798
21 -10 20 -9 -51430
15 11 16 12 -66900
11 -12 10 -11 -64620
-1 -1 -2 -3 -75930
11 15 9 11 -65690
0 -8 0 -9 -66904
0 -15 -2 -19 -65342
-10 -8 -12 -9 -71266
14 -5 14 -10 -58646
17 -16 20 -18 -59688
-7 -3 -6 -6 -73688
14 -23 10 -22 -59846
-20 -23 -20 -20 -68480
-20 21 -11 24 -72170
1 12 -1 11 -65166
-24 6 -22 9 -59010
-11 -19 -13 -19 -62794
-22 5 -24 10 -66244
19 -18 22 -17 -67480
-15 4 -17 5 -56752
23 2 24 2 -54628
-10 17 -13 13 -73112
-12 24 -12 15 -71288
-6 23 -5 22 -50082
-12 12 -11 14 -62414
-15 -22 -13 -24 -55648
3 -3 2 -3 -60176
-19 -22 -20 -21 -65114
-14 -14 -13 -20 -65756
12 24 14 24 -44468
0 -11 -5 -5 -83322
22 13 -18 10 -68134
-2 -23 -3 -24 -58958
0 7 6 4 -64382
-14 -6 -17 -9 -66238
-4 -3 -4 -5 -75438
-7 18 -12 18 -60890
-20 -11 -19 -14 -58844
-18 -6 -18 -8 -52988
22 24 24 22 -52150
3 4 3 0 -58126
1 -5 0 -4 -68058
-2 -11 -2 -12 -59308
-21 0 -20 0 -65956
7 -24 -2 -23 -59832
11 -6 9 -7 -55998
7 -21 6 -24 -47508
3 -10 4 -9 -65534
16 4 17 5 -67204
-5 -17 -5 -16 -59348
-20 3 -21 9 -69204
-24 -21 -20 -24 -46508
-21 5 -19 13 -62168
19 -24 15 -1 -82068
14 23 13 21 -64288
-14 -18 -14 -23 -69960
6 23 -4 24 -59734
-11 9 -10 7 -48726
24 13 22 9 -75590
-23 22 -22 17 -63244
22 -2 -14 -8 -75044
-7 -7 -15 -7 -80324
-22 -16 -22 -24 -67926
-10 -14 -14 -15 -63938
-1 21 3 23 -58980
14 -23 17 -22 -56172
24 4 24 7 -67730
24 1 24 4 -53340
6 0 20 23 -85130
-4 9 -5 7 -62038
-12 23 0 20 -63550
-17 -14 -15 -14 -58422
9 24 10 20 -69068
-6 2 -1 6 -73092
-12 -19 -13 -20 -64360
24 -2 23 -3 -60552
20 16 19 17 -67818
0 4 -1 3 -59350
10 -7 15 -12 -77606
19 16 19 9 -75358
12 -20 10 -20 -64048
-24 -9 -22 -2 -52096
-5 23 -7 22 -48362
-3 19 -5 21 -57962
21 0 21 -4 -73904
13 8 13 7 -59126
6 12 6 11 -64486
23 12 21 9 -77744
-23 -3 -23 1 -51078
-8 13 -8 16 -60384
1 -21 -6 -19 -68332
-23 11 -23 18 -50470
20 -15 21 -9 -64670
6 -24 10 -23 -49792
-18 -22 -18 -20 -70166
-8 -8 -5 -4 -66786
-3 0 0 1 -65892
17 -5 15 -4 -58708
-22 24 -24 14 -64694
-16 -23 -21 -24 -64168
16 1 18 1 -62532
22 -16 24 -18 -48214
19 6 13 0 -77288
23 2 24 0 -60588
22 -6 22 -8 -49848
-11 9 -10 9 -53004
-17 1 -21 -4 -67904
21 -22 24 -24 -49344
