-5 21 -4 23 -67956
20 0 22 4 -85036
18 -24 15 -23 -54794
20 -12 22 -11 -70012
10 -6 11 -6 -63784
20 -22 -2 -22 -63036
3 17 1 -9 -80470
21 14 20 15 -76346
-10 17 -24 13 -90074
16 -6 16 -9 -65240
8 20 10 19 -66240
-2 24 -3 21 -62118
3 -7 2 -4 -51652
-11 8 -12 7 -69602
-2 2 -4 -1 -80394
-3 -14 -3 -15 -56240
20 -22 22 -22 -76916
-4 6 -8 0 -99326
-8 1 -10 0 -79278
11 -22 8 -22 -63672
15 -19 15 -20 -54572
24 6 23 8 -52926
20 -12 24 -14 -72468
-13 0 -12 4 -66044
1 -3 3 -1 -65364
-2 -20 -2 -18 -70600
-23 9 -24 11 -54816
14 24 22 22 -77318
-5 -2 -6 0 -59198
-1 -15 0 -12 -61650
-16 -14 -17 -16 -65218
11 24 10 22 -59438
-1 -3 0 -5 -43542
-21 -17 -21 -15 -58250
7 1 4 3 -58934
-6 -21 -8 -23 -66080
9 14 10 10 -68192
1 1 7 24 -91740
18 -24 17 -22 -48570
-23 2 -22 2 -63364
-23 6 -24 -15 -59248
24 0 23 -2 -72920
-20 -17 -21 -17 -66176
-5 19 -6 18 -70484
-16 -20 -16 -16 -60470
24 0 -5 9 -78602
4 -2 4 0 -53386
-23 12 -24 10 -48994
10 21 10 23 -65888
19 -4 18 -7 -59240
-20 22 -22 24 -40148
-17 -22 -20 -24 -62534
-21 -19 13 -14 -60874
-14 -21 -16 -24 -53212
0 -14 1 -15 -51542
-23 21 -14 23 -69270
5 22 6 24 -54812
14 13 10 10 -72504
-18 -24 -3 -24 -63252
0 18 0 21 -79540
-5 -19 -3 -24 -67212
-7 6 -8 4 -77272
-9 -17 -7 -19 -61466
20 -23 19 -23 -67940
23 -17 22 -21 -57866
22 11 22 6 -57678
-4 5 -7 0 -95110
-21 6 -20 4 -54288
-24 22 -6 24 -77226
23 20 24 20 -54344
21 16 24 13 -69304
24 10 24 11 -53326
0 -21 -1 -21 -65470
-22 -21 -24 -16 -52010
-17 19 -17 18 -59286
-15 2 -15 0 -61836
8 19 8 22 -67584
-24 -5 -21 -4 -56226
-10 -14 -10 -21 -59374
-1 15 -2 15 -75728
8 5 11 4 -65458
21 17 20 21 -63946
-24 0 -24 8 -42850
-11 -13 -12 -16 -55488
-9 -24 -8 -23 -65308
-24 -6 -23 -16 -58794
17 -7 16 -17 -73872
11 -4 12 0 -52252
13 9 14 2 -73802
2 -22 1 -24 -54674
-13 -12 -15 -11 -64800
-8 -5 -9 0 -51718
3 12 -1 14 -68688
-17 -21 -19 -21 -65322
21 -14 20 -20 -67560
-7 -24 -9 -17 -69052
-8 16 0 -19 -87476
23 -1 23 -5 -65992
-22 17 -24 17 -47246
7 -7 5 -8 -48900
-17 17 3 21 -82866
-4 -11 -6 -13 -53916
-4 -2 -3 -3 -56142
13 -17 12 -18 -59076
-4 13 -8 11 -58624
-1 1 -4 10 -73726
9 21 -21 24 -71068
15 15 12 12 -78846
15 21 9 23 -77138
-19 16 -18 15 -70164
6 -11 7 -15 -64578
3 1 24 9 -78934
11 -20 14 -23 -53920
7 -21 6 -17 -50774
19 -24 20 -23 -49910
-3 1 -7 21 -105490
7 -5 7 -3 -47578
-12 17 -9 19 -83528
24 18 24 10 -69952
24 -20 19 -23 -70918
-19 -24 -12 -23 -55306
-21 -23 -20 -21 -64996
-5 24 -2 4 -100854
-24 -8 -21 -12 -66924
2 -21 2 -19 -59180
7 -17 7 -13 -61394
-6 -21 -7 -20 -63260
3 -24 5 -22 -51050
23 -11 24 -11 -54632
3 13 2 16 -65992
2 -22 3 -23 -56944
-7 21 -9 18 -76246
10 4 11 1 -64744
-6 14 -7 18 -65292
-23 -10 -24 -9 -60396
-19 -11 -18 -11 -54754
7 24 4 6 -89252
11 -2 15 -3 -62672
-11 24 -12 18 -68298
13 -20 14 -19 -60232
-13 -3 -10 -2 -59944
24 -14 22 -15 -61376
24 0 24 2 -74402
24 -21 24 -23 -51074
-5 -13 -6 -11 -57016
-9 -24 -8 -22 -64630
-13 -11 -13 -7 -49430
2 21 2 20 -78414
-21 14 -18 14 -74706
18 21 18 20 -63218
3 22 -2 17 -78072
19 0 18 1 -58604
24 12 22 11 -63918
12 19 14 19 -75110
19 -24 14 -24 -58718
-14 -12 -18 -12 -71464
-19 21 -17 20 -72558
20 -22 24 -21 -70950
-22 15 -17 18 -74282
-19 9 -18 17 -60794
9 4 9 2 -59046
-12 15 -13 19 -63968
17 -4 4 2 -82398
-23 -16 -21 -12 -64676
-22 -7 -23 -6 -66144
22 16 19 15 -69242
8 1 13 10 -79988
-2 21 -3 23 -68826
-3 12 4 4 -86210
-5 11 -5 10 -50488
-13 -21 -13 -22 -51784
-10 -7 -10 -8 -43518
-23 11 -22 10 -65282
-16 4 -18 14 -54822
-4 -23 -1 -21 -69076
-15 19 -19 18 -73994
-18 18 -17 15 -65752
3 -11 3 -12 -53180
-20 23 -13 20 -79396
19 -21 24 -24 -67768
-13 -12 -13 -13 -53652
22 13 24 18 -74578
22 14 24 20 -73090
19 -18 19 -20 -58350
17 17 18 14 -69216
9 8 8 0 -71210
0 -15 1 -18 -65470
-11 -3 -12 -2 -63594
-19 -5 -21 -1 -64436
18 24 17 22 -65724
23 -4 24 -4 -59052
5 7 5 8 -55120
23 -2 24 -3 -61400
-23 -10 -24 -10 -47570
-21 -16 -22 -16 -63418
4 -6 4 -9 -51128
23 13 23 12 -67446
7 1 8 -2 -54722
19 6 21 8 -71558
10 -23 13 -22 -62740
3 0 8 0 -59910
23 -23 24 -12 -61140
-24 -24 -24 -15 -54812
24 0 24 -2 -69460
0 18 9 5 -92342
-4 -21 -6 -24 -64000
14 14 13 16 -65808
-12 23 -17 22 -80964
15 10 -22 19 -83040
18 6 15 5 -71858
0 2 -2 0 -85164
-14 24 -10 20 -62164
-1 15 0 17 -66202
4 22 5 20 -75688
14 24 22 24 -71238
-15 19 -14 21 -67634
-21 10 -24 9 -65106
22 -13 23 -14 -65684
-22 12 -22 14 -59424
-11 1 -11 4 -63436
6 -6 8 -7 -47836
3 10 5 7 -63650
-14 -21 -10 -24 -58524
-14 14 -13 13 -58616
-8 15 18 17 -95458
24 5 21 6 -70912
23 22 21 20 -66570
-24 -18 -22 -17 -49042
-5 15 -7 16 -66532
24 -7 24 -11 -48568
0 -21 -3 -21 -65014
-2 12 -3 12 -65484
1 -22 2 -24 -55898
24 5 24 0 -77734
-24 -18 -24 -11 -56212
-6 4 -12 2 -91462
14 8 24 8 -81056
13 21 23 24 -78140
-9 1 -7 0 -67778
-15 0 -15 -4 -61494
-9 -12 -10 -9 -58730
0 3 2 3 -73960
-5 -10 -6 -6 -52658
19 -14 17 -14 -51022
-14 -7 -8 -10 -63956
-11 12 -13 12 -75794
-7 24 -13 23 -62232
-22 15 -21 15 -69112
-11 12 -14 10 -80406
0 22 0 23 -60458
16 8 13 7 -81282
-9 19 2 0 -105742
12 0 22 -2 -64710
22 7 24 -21 -67002
-24 -14 -24 -17 -51230
-18 -5 -17 -6 -60814
-15 0 -16 0 -57992
3 -5 1 -6 -50494
13 -13 15 -12 -53878
9 8 10 10 -69064
9 15 7 18 -68990
-1 -23 0 -24 -55286
-11 24 -6 17 -66470
19 8 24 8 -74568
-24 -2 -20 1 -66566
18 -10 17 -8 -60762
-2 1 -4 23 -100688
5 23 5 24 -47772
-5 2 4 10 -91866
-20 11 -24 11 -72290
16 12 21 10 -75060
13 10 13 8 -66564
3 2 -2 2 -82792
21 23 22 20 -62632
-10 -23 -9 -22 -70464
24 -5 24 -4 -52074
-21 -21 -17 -23 -64444
21 -2 22 -2 -61876
-10 -2 -8 1 -67582
8 -9 9 -11 -54580
24 14 24 22 -60476
22 -4 24 -5 -66970
20 -5 20 -8 -67708
-13 -6 -15 -7 -68210
-24 -16 -20 -14 -67628
0 -20 1 -19 -66070
-8 4 -9 5 -67754
-23 -11 -23 -6 -54674
-13 -4 -12 0 -57334
-24 9 -24 16 -59496
14 8 15 8 -75884
6 23 10 24 -54976
-11 24 -14 22 -68130
4 3 -13 2 -90240
6 12 3 11 -64818
-24 -10 -22 -7 -47340
12 17 11 15 -62136
-21 0 -22 4 -56516
-23 13 -24 18 -54068
-8 -13 -6 -9 -58886
3 -19 1 -20 -59552
-3 19 -21 5 -85810
19 8 19 7 -55746
18 -15 20 -18 -60196
22 20 24 20 -61364
-16 -5 -13 -4 -64994
5 -2 7 3 -65906
-21 24 -24 19 -55376
-7 -24 -13 -24 -60618
24 -21 24 -23 -51074
0 -6 -5 -6 -59058
16 20 17 20 -62812
-20 -7 -21 -3 -62330
3 24 0 24 -50608
-7 -20 -1 -24 -60528
22 21 23 24 -54198
9 23 7 21 -62896
10 22 8 24 -57484
14 15 13 15 -71650
-14 2 -14 6 -58104
1 7 0 6 -68046
-19 15 24 20 -73078
22 24 22 22 -51102
22 5 20 3 -78354
-1 0 -2 0 -69582
-24 -14 -3 -14 -65408
21 6 24 6 -72812
8 -18 5 -18 -48362
-21 22 -20 19 -74344
-8 5 -9 7 -65532
-23 18 -20 21 -66626
20 -22 20 -23 -48014
-14 -17 -17 -19 -65684
-11 17 -13 21 -73664
-20 5 -21 5 -70498
-20 5 -24 5 -73540
-2 -1 -2 0 -58604
-16 -13 -16 -16 -61482
-5 0 -5 1 -60850
-3 -16 -4 -21 -71998
5 9 7 10 -61832
-17 10 -19 10 -61018
8 -16 7 -18 -54650
-10 23 14 2 -94870
10 9 8 9 -54066
-6 20 -1 23 -75622
18 22 19 24 -68046
1 -10 0 -11 -46526
24 -11 21 -13 -69998
21 13 21 11 -70524
-2 -23 -1 -22 -67980
2 -13 2 -18 -68482
-20 20 -21 23 -65442
15 -24 23 -24 -70530
-22 -23 -20 -19 -70722
16 24 19 21 -67958
8 -10 11 -7 -59794
-6 -12 -8 -10 -58850
21 21 19 20 -73170
2 5 -2 0 -83620
-15 -2 -18 0 -67990
19 23 -24 22 -66912
1 3 2 0 -55148
12 -16 18 -10 -68676
0 -15 -2 -16 -55580
15 0 15 -2 -46706
16 -12 17 -13 -48910
-7 -24 -9 -23 -52452
11 -6 18 -7 -57882
-14 13 -13 13 -76786
20 -1 20 0 -64272
14 19 15 20 -69166
-14 -5 -15 -4 -59670
10 -20 9 -23 -52016
23 -20 20 -5 -75234
-11 22 -16 23 -74702
17 6 19 0 -64674
17 13 18 11 -70914
2 17 3 18 -62728
-16 -10 -17 -13 -56118
-17 11 -13 12 -74024
-19 2 -18 1 -63552
-24 -3 -24 4 -51848
24 -11 24 -13 -48696
-23 -2 -24 -2 -49916
-17 -1 -17 1 -62420
-3 -14 -10 -18 -57380
16 9 -6 7 -84784
-6 3 -4 6 -81296
5 -19 5 -16 -59002
6 17 6 7 -86740
11 -4 12 -3 -61200
-22 6 -23 5 -55934
4 -22 6 -23 -47126
9 13 9 15 -63514
-2 -18 0 -23 -72052
24 -11 24 3 -72640
13 24 17 20 -76136
21 -19 -24 -6 -62738
-8 20 -11 18 -82418
17 -16 17 -14 -56354
23 -17 24 -12 -56984
13 -23 13 -21 -49818
-8 0 -11 0 -76126
21 -10 20 -9 -61398
15 11 16 12 -66744
11 -12 10 -11 -56590
16 7 14 4 -72958
11 8 13 6 -74944
0 -8 0 -9 -45212
19 21 14 13 -78162
-10 -8 -12 -9 -57164
14 -5 14 -10 -59796
-9 3 -7 4 -85214
0 16 -3 17 -82306
14 -23 10 -22 -61136
-20 -23 -20 -20 -67890
-20 21 -11 24 -85634
1 12 -1 11 -62234
-24 6 -22 9 -50276
-11 -19 -13 -19 -60764
-22 5 -24 10 -47760
19 -18 22 -17 -72274
-15 4 -17 5 -59090
23 2 24 2 -57258
10 -13 10 -12 -52364
-12 24 -12 15 -75122
-6 23 -5 22 -50020
-12 12 -11 14 -57260
-15 -22 -13 -24 -48270
3 -3 2 -3 -58276
-19 -22 -20 -21 -62910
-14 -14 -13 -20 -59668
12 24 14 24 -58602
11 21 13 18 -71150
11 -20 8 -19 -59824
-2 -23 -3 -24 -58996
-21 18 -21 23 -70498
-14 -6 -17 -9 -64636
13 21 16 -5 -83110
-7 18 -12 18 -70316
-20 -11 -19 -14 -52122
-18 -6 -18 -8 -50268
22 24 24 22 -50300
-4 -4 3 -4 -70352
-5 10 -7 12 -66828
-2 -11 -2 -12 -52982
-21 0 -20 0 -65500
7 -24 -2 -23 -57120
11 -6 9 -7 -65758
7 -21 6 -24 -47750
18 24 16 0 -80566
5 15 3 15 -58382
-5 -17 -5 -16 -56810
3 19 2 21 -84768
-24 -21 -20 -24 -45378
-21 3 22 4 -73180
15 -23 15 -21 -53232
14 23 13 21 -66352
-1 23 2 18 -89986
6 23 -4 24 -65470
-11 9 -10 7 -52140
24 13 22 9 -68222
-23 22 -22 17 -65822
18 19 -9 17 -92858
24 14 22 13 -65058
-22 -16 -22 -24 -68250
-10 -14 -14 -15 -62870
6 -11 6 -7 -51000
14 -23 17 -22 -55076
24 4 24 7 -48534
24 1 24 4 -73816
9 -3 8 -5 -56766
-4 9 -5 7 -58104
14 24 13 13 -75952
-17 -14 -15 -14 -69476
0 18 1 17 -73104
23 -10 -5 -11 -64794
-12 -19 -13 -20 -65188
24 -2 23 -3 -62262
20 16 19 17 -70858
0 4 -1 3 -72534
12 10 13 9 -69540
14 2 10 3 -67662
12 -20 10 -20 -67768
-24 -9 -22 -2 -50250
-5 23 -7 22 -59928
-3 19 -5 21 -73360
2 21 2 12 -79212
13 8 13 7 -67066
6 12 6 11 -66576
12 -13 12 -16 -49406
-23 -3 -23 1 -49274
-8 13 -8 16 -53174
17 -11 20 -6 -71186
-23 11 -23 18 -63208
20 -15 21 -9 -69712
6 -24 10 -23 -50606
-18 -22 -18 -20 -65744
12 24 7 24 -58628
-3 0 0 1 -81196
0 18 -1 10 -71376
-22 24 -24 14 -66176
-16 -23 -21 -24 -63776
17 -2 21 0 -59830
22 -16 24 -18 -55950
-4 20 -1 19 -77312
23 2 24 0 -68226
22 -6 22 -8 -62044
-11 9 -10 9 -66520
-17 1 -21 -4 -63480
21 -22 24 -24 -52274
