-5 21 -4 23 -62451
-19 23 -15 24 -57675
18 -24 15 -23 -51935
-12 -23 -13 -24 -54055
5 11 3 19 -75399
6 0 6 -1 -53155
-22 4 -24 3 -58997
-16 -9 -17 -8 -57749
9 -19 10 -18 -69331
-14 -13 -11 -14 -47275
12 20 6 19 -60993
-2 24 -3 21 -55589
17 8 18 9 -64987
11 -21 11 -19 -55197
2 -1 2 2 -63433
6 -13 2 7 -87947
-20 7 -20 9 -51081
6 4 6 5 -53277
-12 -10 -12 -7 -46017
-11 20 -12 17 -59051
-14 -9 -18 -9 -57469
24 6 23 8 -54161
8 0 10 2 -65619
-2 -16 -1 -15 -72805
11 9 8 10 -51819
1 9 0 13 -66693
-1 5 -3 6 -62023
-23 10 -24 4 -47481
21 -18 19 -21 -65451
20 13 22 12 -70449
-12 -24 -11 -24 -42037
11 24 10 22 -52317
-13 11 -12 11 -50081
21 4 2 5 -78693
11 17 11 15 -58525
5 2 4 3 -66303
1 -10 1 -7 -73889
19 -11 17 -9 -64409
18 -24 17 -22 -51575
-23 2 -22 2 -61659
-22 16 -22 13 -54193
24 0 23 -2 -63875
-6 -12 -8 -15 -58439
-1 -13 -5 -15 -70541
1 -15 -15 3 -87229
1 24 8 24 -55299
-8 9 -6 8 -51417
0 -6 -4 0 -73703
10 21 10 23 -54453
23 1 21 0 -69815
-20 22 -22 24 -49569
-17 -22 -20 -24 -51963
8 -16 4 -18 -68789
-14 -21 -16 -24 -65033
-16 -7 -17 -11 -55919
19 -14 17 -19 -69409
5 22 6 24 -54995
15 -10 15 -11 -60713
-18 -18 -19 -18 -59257
-14 20 -14 21 -54153
12 19 11 20 -51071
12 -14 10 -12 -64231
-9 -22 -11 -21 -56231
20 -23 19 -23 -60423
-19 -2 -23 0 -66175
-13 -3 -13 -4 -50581
-11 6 -12 7 -44477
0 24 -2 23 -52445
-23 -24 -22 -19 -57453
23 20 24 20 -59745
8 2 6 6 -69247
24 10 24 11 -46915
3 -21 1 -22 -62317
11 -13 13 -17 -63709
-4 4 -4 5 -58237
22 5 23 7 -54059
8 19 8 22 -53657
-3 -19 -3 -21 -57823
-9 -15 -8 -15 -53997
-13 21 -13 23 -48411
-11 -5 24 -4 -80061
21 17 20 21 -59415
1 13 2 14 -61719
-24 4 -24 6 -44331
-9 -24 -8 -23 -48441
-8 -21 -7 -20 -72073
-1 5 0 5 -47243
-20 -23 -20 -21 -56877
-19 6 -22 6 -62227
-1 -19 1 -18 -66707
-23 -5 -24 -2 -57445
14 6 10 6 -69235
4 -10 4 -9 -79145
10 -4 12 -2 -65261
10 -7 23 -6 -91707
-5 2 -3 1 -57507
2 -23 1 -1 -91721
1 -21 16 -17 -85835
-22 17 -24 17 -55293
-18 -17 6 -2 -80721
22 -22 23 -22 -56347
7 14 6 17 -65647
-4 -11 1 -11 -68851
-8 -19 -6 -18 -71619
1 22 -1 20 -63469
-24 0 -24 4 -54323
-3 -1 -5 -7 -63219
-3 23 -5 24 -60091
16 16 16 14 -67663
-19 4 -20 9 -57203
-15 24 -19 24 -57711
-18 1 -20 3 -55499
9 -15 10 -11 -69023
-10 -3 -10 0 -55425
19 -24 20 -23 -49003
-24 -7 -24 -8 -45125
-2 0 -1 -5 -61575
-2 16 -5 16 -59283
24 -12 24 -17 -54963
24 -20 19 -23 -68053
-9 4 -9 5 -49923
-19 -8 -18 -4 -57407
15 -3 13 -3 -70593
23 -7 22 -8 -62333
8 0 10 -18 -86351
14 -4 17 -2 -75977
18 4 22 5 -67929
3 -24 5 -22 -55305
23 -11 24 -11 -54235
18 -4 16 -4 -74591
2 16 4 18 -78277
10 -13 7 -13 -63501
11 13 10 10 -59767
19 20 22 -22 -68121
-23 -10 -24 -9 -45959
14 24 15 24 -56505
12 -9 12 -8 -58877
12 -15 11 -18 -60043
-22 18 -24 23 -59397
22 -12 24 -13 -52401
-23 -19 -24 -18 -51471
24 -14 22 -15 -61097
24 0 24 2 -54381
24 -21 24 -23 -59425
-12 -8 -11 -8 -50059
-15 8 -12 10 -52209
-5 9 -2 10 -48693
-1 -17 -1 -11 -79403
-23 -13 -23 0 -66647
-1 -2 0 -22 -93503
-12 19 -14 16 -58911
19 0 18 1 -68791
24 12 22 11 -65003
-5 16 -7 11 -69433
0 -8 10 -6 -85519
10 3 7 4 -64601
10 3 11 0 -58633
20 -22 24 -21 -66897
-23 17 -24 21 -61217
-24 -2 -24 0 -54167
9 4 9 2 -58309
-3 21 -5 21 -69051
21 23 21 24 -55613
10 -10 19 -6 -87367
-20 2 -22 0 -64381
4 -13 6 -16 -66049
1 -24 7 -24 -55459
-13 -14 -13 -13 -52523
-23 -11 -24 -12 -47087
18 11 19 8 -60449
1 -20 5 -21 -59781
21 0 19 3 -73301
13 -13 15 -13 -64381
3 -13 3 -12 -72253
-8 -19 -5 -15 -74837
-24 12 -23 13 -49779
17 -1 17 5 -66809
20 12 19 11 -60043
-24 10 -24 12 -41941
-3 -6 4 -7 -77207
18 -8 24 -3 -76891
15 -23 22 -24 -63627
22 14 24 20 -63535
-21 -10 14 -6 -80943
17 17 18 14 -69399
-24 18 -22 19 -52211
-4 -10 -1 -8 -63571
24 7 22 12 -60391
-14 10 -17 11 -53221
18 24 17 22 -70515
23 -4 24 -4 -59031
4 -14 6 24 -78903
23 -2 24 -3 -55845
-23 -10 -24 -10 -50291
-1 -3 -3 -2 -63165
19 24 -23 24 -61345
23 13 23 12 -49683
23 -21 23 -18 -49947
-2 11 0 12 -48469
16 -14 15 -18 -62355
-6 14 -6 12 -69081
3 -1 1 -3 -63119
-24 -24 -24 -15 -56357
24 0 24 -2 -54107
-2 0 -7 -2 -61391
1 15 1 14 -61179
-14 -12 -13 -10 -53043
13 -19 14 -19 -56437
-18 22 -19 21 -56445
17 -10 15 -8 -67457
-15 -22 -16 -22 -50399
-14 24 -10 20 -48581
-1 22 1 22 -62355
-9 2 -8 3 -57759
14 24 22 24 -47653
-15 18 -19 17 -57521
-21 10 -24 9 -55125
-15 -2 -15 0 -54115
-11 -18 -11 -14 -64259
23 -21 24 -23 -52423
21 16 18 17 -64529
13 -23 14 -22 -55967
18 -21 14 -20 -56823
-24 -14 -24 -9 -36111
21 -4 24 -7 -59775
0 -6 3 -5 -64381
23 22 21 20 -58339
-24 -18 -22 -17 -47785
-19 10 -17 8 -64183
24 -7 24 -11 -46905
-8 19 -7 19 -62371
-2 18 0 16 -58433
1 -5 24 -6 -78683
-19 3 -18 4 -46051
14 23 17 24 -60059
19 19 18 16 -59151
7 -11 9 -15 -70157
-18 -4 -18 -2 -57205
-3 0 -3 1 -62837
-3 -2 -3 -24 -79117
12 -23 11 -24 -50117
10 8 6 5 -67581
-9 -16 -12 -14 -53391
5 19 2 20 -70259
-17 10 -17 13 -53531
-3 -19 -3 -18 -63849
-7 24 -13 23 -52387
9 8 9 6 -54501
13 19 14 19 -59195
0 22 0 23 -49417
-5 18 -5 17 -62787
-24 13 -22 14 -56729
15 -24 10 -23 -50109
-3 -6 -7 -4 -67155
-24 -14 -24 -17 -49247
-24 -22 -23 22 -57637
8 -24 10 -24 -59185
-15 -17 -15 -20 -62663
-8 -22 -6 -20 -74141
16 -24 16 -21 -50287
-17 -13 -16 -10 -57335
-1 -23 0 -24 -49755
24 -15 23 -17 -62225
-10 8 -10 10 -50973
24 15 21 19 -71911
-18 18 -18 17 -60661
10 -4 10 -8 -68061
5 23 5 24 -44729
14 16 14 15 -65013
-4 -23 -4 -24 -47579
16 4 14 5 -61303
13 10 13 8 -58495
12 -2 12 -5 -60877
-4 16 -4 19 -66875
10 0 12 2 -71483
24 -5 24 -4 -41977
-11 23 -14 22 -55221
21 -2 22 -2 -69683
-24 24 21 23 -57741
-22 1 -23 5 -54183
24 14 24 22 -61171
-14 20 -21 24 -69975
-22 23 -20 24 -53703
-12 -19 -11 -16 -61601
13 -5 11 -1 -72547
-5 -24 -8 -22 -65949
6 15 4 10 -70747
4 -8 3 -6 -81635
-23 -14 -24 -21 -57043
-9 13 -11 10 -52879
-20 20 -22 20 -62845
-17 21 -19 23 -64223
-11 24 -14 22 -55477
-24 -24 17 -23 -61203
-9 22 -8 23 -56615
-24 -10 -22 -7 -54609
12 17 11 15 -63409
4 -9 4 -11 -78791
1 8 2 7 -56745
-19 -23 -15 -24 -52557
5 -9 4 -10 -68815
6 -7 4 -6 -76693
-4 19 -6 19 -68821
0 -15 0 -17 -74041
22 20 24 20 -66339
-21 -13 -19 -18 -57587
-20 24 -23 21 -58017
-21 24 -24 19 -53677
14 9 17 13 -66755
24 -21 24 -23 -59425
-19 -19 -19 -20 -59343
10 -19 8 -18 -61943
-20 -1 -20 0 -56373
3 24 0 24 -58341
-23 24 -24 12 -64467
22 21 23 24 -55419
-9 -5 -11 -5 -53413
10 22 8 24 -50955
-4 -16 3 -12 -78477
23 -14 24 -13 -60569
10 -3 8 -20 -89673
0 12 0 11 -61491
22 24 22 22 -57925
5 -20 5 -21 -60287
-24 -6 -24 -4 -58783
0 -21 2 -23 -58139
21 6 24 6 -63649
17 -6 20 3 -77515
0 4 2 0 -67177
4 -7 6 -6 -73015
9 11 7 10 -61151
20 -22 20 -23 -51863
-14 17 -15 18 -49847
6 9 6 10 -52617
14 15 17 18 -67825
5 17 6 16 -67517
-24 -5 -21 -5 -67323
-9 -12 -7 -4 -51515
7 -24 -24 -24 -57357
-17 0 -16 0 -48359
-9 20 -8 20 -60209
5 -13 7 -2 -92003
3 23 4 24 -54765
24 -23 1 -21 -65077
-16 -8 -14 -10 -55585
17 4 15 3 -71377
18 22 19 24 -69481
-21 -18 -23 -17 -61639
-1 -24 1 -23 -47537
-9 18 14 22 -72481
18 4 16 3 -70309
-23 -7 -20 -7 -66291
-20 20 -21 23 -60601
18 -17 20 -17 -61503
-19 -12 -22 -13 -63983
16 24 19 21 -50017
4 22 1 24 -60255
-5 -24 -6 -22 -60861
-20 19 -20 17 -64225
13 7 13 6 -55165
19 24 21 22 -54609
17 -11 17 -8 -60941
-6 2 -8 0 -64159
-5 -23 -7 -24 -58377
8 -22 11 -24 -56287
15 0 15 2 -62733
21 -8 21 -10 -54885
5 11 3 11 -65085
17 -13 20 -16 -56945
24 -19 0 18 -76775
1 -17 1 -19 -64657
0 -24 -8 -21 -69737
4 17 3 20 -62471
-3 0 -3 4 -68803
16 -10 14 -11 -72937
23 -16 22 -19 -61631
3 -17 -1 -16 -59297
-21 16 -19 14 -65113
2 17 3 18 -75959
-5 22 -6 20 -64155
-9 10 -11 10 -48387
2 -2 0 0 -64919
-24 -3 -24 4 -59905
24 -11 24 -13 -43777
-23 -2 -24 -2 -54827
-12 -6 -12 -5 -45379
18 7 18 3 -54647
8 -12 5 -19 -83023
-15 -16 -17 -19 -61471
19 -4 19 -2 -55169
16 -10 19 -9 -70397
-8 9 -9 13 -64711
-18 -7 -19 -6 -53573
-1 0 0 3 -61227
16 21 17 23 -68935
18 11 15 12 -73213
-23 -24 -22 -20 -52531
-15 10 -15 9 -49403
-22 -24 -18 -24 -51235
-13 -24 -13 -23 -48377
-17 16 -17 14 -54207
2 2 -19 -6 -75187
13 -23 13 -21 -53901
24 -18 24 -15 -54499
-6 15 -5 13 -65747
3 16 0 24 -66509
-14 -24 -13 -22 -64431
24 -24 -18 -23 -56525
-8 3 -8 4 -55481
0 15 13 18 -77983
-24 -14 -23 -17 -50981
-11 4 -11 -4 -60521
-10 19 -10 21 -54123
-2 -15 -3 -14 -65147
0 22 -5 24 -62403
24 2 23 5 -58295
14 -7 13 -6 -62785
18 -5 20 -5 -71673
1 -9 1 -5 -74289
7 -8 -9 -5 -90089
-1 16 0 18 -65827
24 23 21 24 -55719
-6 9 -5 5 -58989
9 11 9 10 -57075
23 2 24 2 -57103
-19 6 -13 7 -53409
-19 13 -20 13 -56813
-6 23 -5 22 -55573
17 6 17 9 -58209
-15 -22 -13 -24 -44533
-20 -10 -17 -9 -63797
-10 -22 -9 -24 -57293
-24 8 -22 6 -56357
12 24 14 24 -56481
23 -7 23 -6 -47069
0 -22 0 -24 -47585
-2 -23 -3 -24 -48231
-24 -2 -23 -1 -56437
-21 -22 -17 -24 -59949
22 10 19 10 -67357
-23 11 -24 13 -53687
4 -5 6 0 -68021
-6 14 -6 16 -64915
22 24 24 22 -59707
-24 9 -1 8 -63871
12 21 10 20 -61455
2 -5 1 -4 -65773
6 -19 6 -20 -60381
-23 -4 -23 -5 -60457
16 11 17 11 -70327
7 -21 6 -24 -55215
-9 -6 -6 -8 -60511
5 15 3 15 -69155
-7 -17 -7 -15 -66711
-24 19 -24 14 -58193
-24 -21 -20 -24 -60201
8 -2 -12 -4 -87011
19 -13 19 -14 -55675
14 23 13 21 -61885
-6 23 -9 24 -51969
-9 1 -8 0 -54977
-7 10 -7 11 -60043
24 13 22 9 -61339
-15 -22 -15 -18 -64351
24 13 23 15 -56045
24 14 22 13 -65739
-17 -2 -21 -4 -60769
-13 -3 -11 -4 -53127
17 12 12 14 -64535
-3 8 -3 9 -56759
24 4 24 7 -46359
15 -12 14 -13 -66543
1 -16 1 -13 -78007
-22 -21 -21 -23 -59153
9 -7 12 -5 -67839
-21 10 -23 12 -64777
-3 -15 -7 -11 -63443
-24 -20 -20 -21 -61341
-10 1 14 14 -78715
24 -2 23 -3 -61891
13 -14 -20 -10 -79263
22 14 24 14 -66543
0 9 0 8 -54365
8 -7 9 -5 -70651
12 5 13 5 -66303
-11 0 -10 0 -48781
12 -5 4 -4 -73111
-19 13 -18 11 -62293
12 5 -21 3 -72529
2 -12 2 -11 -70063
8 -24 5 -21 -52623
-12 13 -12 16 -49183
1 -6 3 -7 -79107
24 13 24 20 -62253
-15 -11 -17 -17 -62939
-23 15 -24 17 -58421
2 7 6 7 -60365
6 -24 10 -23 -63293
-14 -1 -16 0 -51521
12 24 7 24 -50229
-9 -22 -10 -20 -58993
-3 -21 -5 -20 -63369
9 -22 9 -21 -57973
-6 0 -6 -3 -54249
13 -2 15 1 -74737
22 -16 24 -18 -50585
-17 -15 -23 -19 -69411
23 2 24 0 -64151
-7 -16 -7 -18 -66365
7 -17 10 -14 -77551
13 -3 12 -1 -66825
21 -22 24 -24 -51145
