-6 -7 1 -8 -71342
-19 23 -15 24 -54984
18 -24 15 -23 -45608
-12 -23 -13 -24 -63288
-7 -8 -9 -10 -71350
-1 -10 0 -8 -62674
-24 -4 -24 -6 -33190
2 -3 0 -4 -57346
0 7 -2 5 -60718
-14 11 -14 9 -53892
7 -19 8 -20 -60510
13 13 14 11 -49792
-2 -24 -6 -22 -69292
4 -12 1 -14 -66774
-6 -4 -3 -5 -64058
-11 22 -11 24 -59358
8 9 9 10 -55404
13 0 11 -2 -70408
1 2 -1 -11 -85550
-23 16 -24 14 -62974
-6 22 -8 24 -58910
24 6 23 8 -47182
23 6 22 5 -72096
-8 -23 -6 -24 -56046
-22 0 -22 -3 -66148
-24 -1 -24 -4 -53640
16 23 14 16 -71816
13 -24 13 -23 -52220
0 9 -3 7 -60074
-22 -22 -22 -23 -59730
17 1 16 1 -64806
-22 10 -22 9 -50208
-17 19 -15 21 -64570
-23 2 -24 -1 -61942
-22 -22 -23 -23 -55468
-5 5 -6 10 -54962
-6 5 -4 6 -56624
-24 5 -21 5 -58210
-9 24 -3 22 -58152
6 -6 1 -14 -80428
-16 -1 -1 -18 -92202
-21 5 -24 3 -65242
13 -19 -11 -16 -99440
-3 -4 -2 -7 -67050
9 -17 8 -18 -58000
16 4 18 5 -60930
14 -14 12 -17 -62234
16 14 13 12 -67714
10 21 10 23 -56994
-11 13 -12 12 -56780
18 21 12 7 -76734
-11 24 -15 24 -51568
-24 16 -23 17 -56140
-23 21 -23 24 -51502
9 24 11 23 -41608
21 7 23 8 -73686
4 2 11 -22 -83718
-6 2 -6 0 -45668
-24 19 -23 22 -57760
-9 0 -10 1 -53796
23 7 24 7 -58856
-24 -10 -24 -14 -32474
0 -9 1 -10 -74042
-17 0 -15 1 -51468
23 -23 19 -24 -47260
21 -9 20 -9 -72794
-6 -1 -6 1 -43590
-23 -18 -23 -19 -51250
20 19 20 12 -64528
23 20 24 20 -55234
2 -9 22 -4 -90932
24 10 24 11 -41158
7 24 5 24 -42722
0 -16 0 -19 -57126
22 6 17 5 -73060
-3 15 -3 12 -65574
13 -2 15 0 -64734
10 -17 7 -16 -67388
9 -2 3 -3 -75474
-7 23 -13 24 -58502
21 -19 19 -20 -54252
22 -5 19 -6 -80098
-12 21 -13 24 -62070
12 24 7 21 -48568
-9 -24 -8 -23 -58102
-1 -13 -1 -15 -54226
18 -2 -19 -13 -94452
-4 -18 -5 -20 -55564
4 -5 3 -9 -82106
6 -15 7 -15 -66584
-11 -8 -11 -7 -55200
-23 -14 -24 -15 -56646
22 -16 22 -11 -63982
-16 15 -15 17 -49334
-16 -2 -15 -3 -48772
21 -10 18 -7 -81088
-3 -12 -4 -11 -62562
-19 -4 -20 -4 -47096
3 19 4 19 -51492
-17 20 -13 22 -61934
22 -22 23 -22 -54080
-6 21 -6 24 -62936
-11 23 -10 24 -49588
-7 -14 -14 -8 -69434
18 -18 17 -5 -86830
11 13 8 12 -68542
-17 -17 -19 -18 -56234
-3 23 -5 24 -45222
-4 14 -8 13 -53452
6 -21 5 -24 -59046
23 -23 24 -23 -44874
-2 5 5 3 -55236
-24 9 -23 8 -51118
-24 3 -23 6 -56316
10 4 10 5 -52300
-22 -7 -21 -14 -42266
1 10 0 9 -54392
-14 7 -16 7 -39806
13 24 14 23 -58062
1 19 0 21 -50112
10 13 10 15 -53686
16 -18 16 -17 -66538
-13 -5 -12 -8 -53080
-17 8 -17 -16 -66432
24 23 20 24 -64144
20 -4 17 -14 -82786
-9 13 -9 10 -56292
3 -24 5 -22 -59546
23 -11 24 -11 -53936
2 -22 1 -17 -60604
8 -3 0 -6 -81498
10 10 12 13 -60882
-12 7 -12 5 -41340
3 -24 1 -20 -63908
-11 -13 -12 -14 -50570
23 -12 24 -11 -61444
18 -24 14 0 -84412
8 -3 8 -2 -47106
-9 -10 -8 -13 -61916
22 -12 24 -13 -51178
-23 -19 -24 -18 -54182
24 -14 22 -15 -57766
-20 0 -19 -4 -59760
-23 -22 -24 -23 -50322
23 11 21 10 -73416
-20 -7 22 -6 -84306
21 13 14 13 -68486
-8 -11 -7 -9 -69734
7 19 7 20 -59222
-5 -21 -10 -24 -75450
-1 -15 -2 -15 -71114
15 -12 13 -13 -62144
24 12 22 11 -66928
-10 14 -11 14 -52042
0 10 -2 11 -53206
-22 -8 -23 -8 -47320
0 4 0 5 -50974
17 6 18 2 -59362
-20 6 -21 5 -61978
-3 -5 -3 -11 -73134
9 3 12 3 -65240
14 8 8 10 -72434
21 23 21 24 -56974
-5 16 -7 17 -47656
21 -8 23 -10 -68232
21 -15 18 -22 -70958
24 -23 -24 -23 -72740
-24 -21 -24 -23 -53310
-13 -12 -13 -13 -46688
-10 3 -11 2 -47552
-20 -14 -19 -16 -41384
-20 -22 -20 -24 -54534
17 -22 12 -21 -68176
-14 6 -15 1 -53422
-3 -23 -4 -22 -64612
-24 12 -23 13 -58246
9 15 10 16 -57690
-10 11 -11 9 -59510
22 -23 22 -24 -46042
-17 21 24 19 -67182
8 4 7 5 -65794
-18 14 -18 15 -49386
0 23 -1 22 -51184
0 14 -4 13 -58312
-15 -24 16 -20 -88634
-24 18 -22 19 -51246
-22 12 -24 11 -58598
20 -7 21 -8 -77518
-19 6 -19 7 -49580
21 -1 19 2 -74254
23 -4 24 -4 -56056
5 21 5 20 -59628
23 -2 24 -3 -60214
-23 -10 -24 -10 -44998
10 1 9 0 -67236
6 3 7 1 -60698
23 13 23 12 -59146
23 -21 23 -18 -59446
-8 21 -7 24 -64826
-20 -24 24 -23 -78882
4 23 5 24 -49278
18 -22 13 -7 -89696
-18 21 -18 24 -72700
24 0 24 -2 -50202
-1 5 -1 2 -53922
-22 17 -18 17 -57982
-18 -11 -20 -11 -41202
-17 -3 -17 -5 -49476
22 17 24 18 -65972
10 9 10 8 -53312
19 -21 -17 -3 -93060
-24 -12 0 7 -69128
-15 21 -15 24 -67370
19 3 21 2 -75012
14 24 22 24 -53556
16 -12 11 3 -84382
-24 -20 -24 -21 -50744
-10 24 -13 12 -67868
-8 -4 -3 -7 -73688
23 -21 24 -23 -64454
13 2 -18 5 -82046
24 3 24 4 -59678
1 -23 3 -24 -56058
24 15 24 -19 -60966
18 -6 15 -9 -79996
-20 -21 -17 -24 -56240
-2 -17 -4 -17 -77868
15 17 15 18 -55488
11 -18 11 -20 -57726
16 -4 15 3 -74224
-23 -22 -20 -23 -54062
0 -4 22 -2 -87422
-10 -18 4 -16 -99522
3 10 5 9 -52694
14 23 17 24 -46772
16 -17 14 -18 -73806
-22 0 -23 23 -61956
-5 -5 4 -6 -72736
-2 -23 -13 -23 -74484
19 10 16 11 -62450
12 -23 11 -24 -51942
-14 -17 -15 -19 -53524
5 2 4 0 -69044
-8 17 -11 17 -54476
-5 -17 -3 -17 -76912
0 8 5 8 -56722
-21 11 -19 10 -52734
4 9 4 6 -48616
17 -1 17 0 -62834
-23 11 -24 14 -52310
-6 17 -6 15 -47930
24 -8 24 -7 -61572
4 -16 2 -20 -62876
5 13 5 12 -51188
24 14 24 17 -52958
-10 18 -10 16 -48598
-21 -24 -24 -24 -46242
8 -12 -16 -13 -100998
24 -17 23 -14 -49628
16 -24 16 -21 -57570
-15 -24 -14 -21 -69914
-23 12 -24 6 -50752
24 -15 23 -17 -58614
-12 -22 -11 -24 -54296
24 -19 24 -22 -61380
16 6 16 3 -50528
-19 24 -19 22 -63542
5 23 5 24 -60012
5 24 5 23 -59570
-4 -23 -4 -24 -46748
-8 21 -8 20 -65130
7 1 9 0 -66466
20 -17 6 -15 -89196
6 -13 5 -4 -80850
13 -13 14 -16 -62032
24 -5 24 -4 -45884
0 -10 13 -6 -95442
-4 -3 -5 -6 -56492
-24 24 21 23 -57994
6 -22 8 -24 -53246
9 4 8 1 -59070
10 20 10 19 -60688
-22 23 -20 24 -59582
9 -8 7 -6 -67490
-6 22 -7 19 -68288
6 -22 -1 -21 -71580
-15 -24 -14 -23 -69068
9 14 10 14 -63586
-13 13 -15 17 -50838
7 20 3 21 -59552
13 8 14 7 -67092
-17 21 -19 23 -64772
-15 -19 -12 -20 -59748
-19 18 -21 24 -73886
7 11 8 8 -55802
2 -14 4 -16 -57934
-23 -4 -24 -3 -52718
-4 7 -5 6 -57130
2 -11 -1 -11 -69200
-6 1 -10 2 -60788
0 13 0 10 -69934
1 -1 1 0 -58238
-23 9 23 2 -69302
6 22 4 23 -54660
24 0 24 2 -49778
24 20 22 19 -63024
24 19 23 21 -58276
1 -21 1 -24 -58428
-24 4 -23 2 -52708
24 -21 24 -23 -57618
-6 9 -2 7 -58468
16 -22 13 -24 -59968
-24 6 -24 1 -56946
5 14 3 16 -54890
14 9 15 9 -71352
22 21 23 24 -56792
4 24 -3 21 -50706
-16 12 -18 10 -49632
24 12 23 13 -57350
-21 21 -16 18 -67700
-24 24 -20 24 -40374
7 -16 7 -13 -48428
22 24 22 22 -60830
24 -9 24 -7 -63072
-17 0 -16 0 -50138
-21 -13 -22 -15 -50206
20 7 19 6 -66632
11 0 12 0 -62564
-24 -15 -23 -15 -50852
15 -12 -4 -15 -96072
18 -14 13 -13 -76910
-20 19 -19 21 -62254
-9 22 -16 24 -61114
-24 7 -23 5 -51690
-10 6 -9 3 -45648
13 4 15 -2 -68420
-6 -11 -5 -10 -66924
13 14 10 15 -59548
-2 18 0 16 -51984
-19 -24 -15 -24 -52036
7 0 7 -1 -57126
12 -17 22 -24 -69146
21 24 18 21 -60656
3 1 3 0 -64156
11 -9 8 -10 -67512
13 9 14 9 -70578
18 22 19 24 -59636
-5 -21 -10 -4 -80458
-1 -24 1 -23 -52932
-4 9 -4 13 -68642
-3 13 -4 14 -57208
15 -19 15 -18 -65356
-23 16 -24 18 -59280
18 24 20 23 -57300
17 23 17 19 -66468
16 24 19 21 -64068
-14 12 -13 10 -54808
8 -24 8 -22 -55524
-24 3 -24 0 -56974
19 -4 18 -6 -63936
-12 -20 -11 -24 -59888
12 -24 11 -24 -49666
21 -22 21 -21 -61908
14 22 13 24 -61530
14 9 14 8 -51686
-17 5 -18 3 -58680
11 23 13 24 -45200
1 15 0 14 -52102
15 -11 14 -8 -60330
-14 17 -12 17 -53918
-23 -22 -24 -21 -53572
-12 -5 -14 -6 -53246
18 -17 12 -18 -82602
0 12 0 10 -66680
9 -22 10 -22 -51426
12 -23 12 -21 -67700
24 17 23 21 -59586
-5 -17 -10 -19 -69002
19 -1 19 -5 -59106
24 -7 23 -9 -63250
-14 -24 -15 -24 -61054
-17 10 -18 12 -54992
-10 -4 -9 -8 -54388
24 -11 24 -13 -48056
-23 -2 -24 -2 -47130
-11 -3 -12 -3 -48314
-3 -18 -3 -14 -61232
12 -24 11 -20 -70776
0 -12 -12 -2 -96968
4 -10 2 -5 -87286
18 -4 19 -4 -69278
18 -21 16 -24 -59684
13 0 13 -11 -70448
14 16 16 16 -57252
-15 -18 -16 -22 -60290
21 -23 22 -24 -59734
21 16 22 17 -62910
-9 -16 -16 -19 -66638
4 -9 4 -10 -64350
-13 -24 -13 -23 -54052
4 3 5 3 -57404
1 -24 3 -21 -61112
-21 22 -19 24 -65500
24 -18 24 -15 -53438
4 -12 0 -8 -82978
-6 -22 -7 -23 -66106
-9 -11 -9 -14 -56504
12 -12 6 -10 -74128
13 -13 12 -12 -59294
-6 -17 10 -17 -96932
-24 -14 -23 -17 -41114
-2 23 -2 22 -50602
3 -7 -23 -16 -77476
-14 -11 5 -12 -99856
10 5 10 7 -52910
-23 17 -23 20 -56850
-1 -3 0 0 -55866
0 -4 0 -5 -58238
10 0 5 -5 -77374
24 7 24 9 -40884
23 2 24 6 -68104
24 23 21 24 -65078
2 22 2 23 -56892
20 13 18 12 -63624
23 2 24 2 -55786
24 -3 24 -2 -51422
-8 7 -11 6 -51512
-24 0 -24 -1 -59830
-19 23 24 22 -65784
12 19 11 16 -58372
0 20 1 21 -52366
-19 -5 -19 -12 -45324
19 16 19 18 -57306
12 24 14 24 -48706
-22 -15 -24 -17 -59214
-24 0 -23 -1 -55416
-2 -23 -3 -24 -50810
7 -4 14 -6 -73546
-24 18 -24 24 -57664
0 -23 -1 -23 -55862
-19 -16 12 -13 -98658
24 16 24 23 -55648
-14 -4 -14 -3 -44608
22 24 24 22 -61784
18 -10 17 -11 -67766
23 1 24 0 -59128
-21 1 -22 0 -63736
8 16 8 13 -56144
19 0 16 1 -75312
3 7 -1 -20 -81978
-7 -10 -8 -10 -61704
10 -22 12 -24 -58812
1 3 0 -1 -66030
20 -17 -8 -16 -97726
-13 23 -4 23 -60838
-8 -19 -8 -17 -48804
-24 -20 -2 -22 -71718
1 -8 0 -5 -78350
-6 12 -6 9 -63228
-11 -16 -11 -19 -46384
2 -9 5 -8 -69828
-14 -6 -16 -8 -54274
23 11 23 15 -63694
-21 -23 -20 -24 -50730
24 13 23 15 -60634
22 -4 20 -4 -77858
4 -23 -1 -6 -76974
-24 14 -24 16 -61108
-18 4 -20 4 -52314
24 4 24 5 -59188
-15 -8 -17 -12 -51304
-24 -19 -24 -17 -46842
-7 18 -5 20 -62876
-14 0 -15 3 -47198
-14 23 -23 24 -58774
17 -11 17 -12 -60690
-23 15 -23 13 -59706
-22 0 -20 0 -57034
20 -17 19 -14 -62528
24 -2 23 -3 -51826
0 -15 1 -14 -62978
22 14 24 14 -63450
-11 18 -11 20 -56570
-15 -18 -16 -18 -58476
18 -13 17 -13 -65692
-10 -9 -11 -10 -60476
-2 16 -3 15 -58724
17 -7 15 -9 -76514
-23 -19 -24 -19 -54216
-17 -21 -19 -23 -59108
-8 -22 -8 -23 -53950
0 -3 21 -23 -85738
-22 14 -24 15 -55506
3 23 -24 22 -53450
6 12 8 12 -52078
-23 15 -24 17 -62660
19 -2 21 -1 -69256
10 -17 10 -16 -57372
-1 14 -1 15 -61026
-19 -24 0 -20 -82774
-5 -15 -5 -18 -55850
-17 9 -18 7 -54048
1 14 4 19 -48742
-22 3 -23 -24 -56864
-8 -2 -10 -3 -51592
-10 -23 -20 -24 -71152
14 23 15 19 -68558
5 -24 4 -24 -48312
14 0 -15 -23 -88646
6 -5 5 -8 -70618
-2 -23 -1 -24 -57708
21 -22 24 -24 -63266
