19 14 20 18 -62158
-19 23 -15 24 -41220
18 -24 15 -23 -48140
-12 -23 -13 -24 -51932
1 11 -2 11 -67300
-20 14 -22 0 -80734
-24 -4 -24 -6 -46252
-2 3 0 4 -72968
0 18 0 22 -56388
-14 11 -14 9 -55172
7 -19 8 -20 -60480
13 13 14 11 -49626
-2 -24 -6 -22 -59020
-7 -16 -8 -14 -56108
-15 1 -23 0 -71302
14 -3 14 2 -47314
11 -5 11 -7 -52990
-10 -10 -10 -8 -48466
14 4 14 3 -50346
6 -4 7 -3 -54716
-13 8 -8 2 -81066
24 6 23 8 -51178
-6 8 -4 10 -76604
-8 -23 -6 -24 -44496
1 11 1 12 -56526
-24 -1 -24 -4 -41762
-1 0 -2 -1 -69554
13 -24 13 -23 -48054
-19 -8 -21 -8 -59046
-22 -22 -22 -23 -63204
-17 -1 -16 -1 -58724
-22 10 -22 9 -61738
-23 13 -22 11 -56050
-23 2 -24 -1 -50602
-22 -22 -23 -23 -62732
0 9 1 10 -74898
-11 24 -11 23 -53564
-24 5 -21 5 -56662
-10 20 12 21 -78848
3 -3 4 -21 -60784
-22 -21 11 -24 -68134
-13 -18 -15 -22 -63234
13 0 12 1 -47886
-3 -4 -2 -7 -61870
9 -17 8 -18 -57776
16 4 18 5 -52278
14 -14 12 -17 -59678
-16 5 -9 4 -90612
10 21 10 23 -66120
-10 22 -6 12 -77130
12 4 12 0 -55162
-11 24 -15 24 -54642
-24 16 -23 17 -52006
-23 21 -23 24 -47844
9 24 11 23 -56646
-2 15 -10 -3 -94324
14 -21 16 -21 -57356
-6 2 -6 0 -52858
-24 19 -23 22 -60392
16 -11 13 -10 -56338
23 7 24 7 -46326
-24 -10 -24 -14 -38830
-1 -1 0 -3 -66896
3 4 0 3 -68192
23 -23 19 -24 -50118
21 -9 20 -9 -52754
-12 -18 -13 -19 -56018
-23 -18 -23 -19 -55926
-15 12 -17 12 -65540
23 20 24 20 -60698
11 23 17 2 -76244
24 10 24 11 -45760
7 24 5 24 -54440
0 -16 0 -19 -48524
22 6 17 5 -58940
-10 19 -8 19 -61302
-6 24 -6 22 -56578
10 -17 7 -16 -60004
-11 24 -10 22 -59514
-15 3 -2 -18 -86062
21 -19 19 -20 -50452
3 14 2 17 -66352
-13 21 -14 24 -65556
12 24 7 21 -61736
-9 -24 -8 -23 -45086
1 -14 -3 -14 -60034
18 -2 19 -4 -53658
-4 -18 -5 -20 -58180
-16 -10 -19 -9 -46226
6 -15 7 -15 -57754
-23 14 -22 -7 -66232
-23 -14 -24 -15 -62824
22 -16 22 -11 -67672
-16 15 -15 17 -71096
-16 -2 -15 -3 -59714
0 -5 0 -2 -63174
-3 19 0 19 -61340
-19 -4 -20 -4 -60438
3 19 4 19 -60008
-16 8 -14 6 -75656
22 -22 23 -22 -64756
-6 21 -6 24 -58752
-11 23 -10 24 -52738
-8 -23 15 9 -75516
-16 2 -11 7 -84304
14 -1 13 -1 -50232
-17 -17 -19 -18 -58568
-3 23 -5 24 -61888
8 -7 2 -10 -67568
-19 1 22 0 -75738
23 -23 24 -23 -56846
-4 -7 -4 -11 -52656
-24 9 -23 8 -55302
-24 3 -23 6 -55240
10 4 10 5 -58362
-5 0 -4 21 -87214
-14 14 -17 17 -64896
-14 7 -16 7 -73232
13 24 14 23 -63078
-13 -1 -11 0 -77556
10 13 10 15 -50754
-1 0 -18 23 -92534
-10 -4 -8 -4 -62648
-6 -18 -7 -16 -55852
24 23 20 24 -67340
-5 20 -4 19 -62492
0 -3 -6 -18 -76216
3 -24 5 -22 -50238
23 -11 24 -11 -56512
2 -22 1 -17 -59360
1 10 1 7 -61276
10 10 12 13 -53896
-10 16 -10 12 -72888
3 -24 1 -20 -67900
-11 -13 -12 -14 -49676
23 -12 24 -11 -59180
-20 10 -12 13 -76722
19 19 23 22 -71974
-9 -10 -8 -13 -58874
22 -12 24 -13 -52230
-23 -19 -24 -18 -57484
24 -14 22 -15 -58922
0 24 -2 6 -81326
-23 -22 -24 -23 -56834
13 -9 17 -8 -61236
0 -14 -9 -13 -65236
-23 22 -22 22 -49190
6 18 4 16 -63300
7 19 7 20 -62114
22 6 21 10 -61722
13 23 15 24 -62470
6 5 5 2 -61148
24 12 22 11 -54992
-18 3 -14 -18 -76014
-3 0 -22 1 -92372
-22 -8 -23 -8 -64112
0 4 0 5 -60868
-14 -8 -15 -13 -60238
2 -17 4 -18 -66472
19 -22 15 -24 -55752
-4 13 -5 11 -75762
-4 -16 -5 -18 -58568
21 23 21 24 -54478
7 -10 7 -13 -44768
21 -8 23 -10 -56364
21 9 -24 2 -70870
24 -23 -24 -23 -49780
-24 -21 -24 -23 -59768
-13 -12 -13 -13 -52952
1 3 2 1 -61630
-20 -14 -19 -16 -49902
-20 -22 -20 -24 -54852
-7 -1 -3 1 -69972
-4 3 0 6 -81006
-3 -23 -4 -22 -60776
-24 12 -23 13 -55176
9 15 10 16 -60872
-10 3 -10 6 -54988
22 -23 22 -24 -47530
4 7 -2 9 -64600
8 4 7 5 -66634
-18 14 -18 15 -61560
0 23 -1 22 -52434
-11 12 -5 10 -73982
-6 -12 -6 -14 -54230
-5 3 -21 5 -97960
-22 12 -24 11 -55798
-23 -19 -24 -22 -66132
-19 6 -19 7 -62156
-2 -6 -4 -7 -55910
23 -4 24 -4 -62674
5 21 5 20 -61272
23 -2 24 -3 -57512
-23 -10 -24 -10 -60488
10 1 9 0 -45560
6 3 7 1 -65572
23 13 23 12 -51508
23 -21 23 -18 -61504
11 24 11 21 -64184
-17 -17 -15 -20 -59306
4 23 5 24 -56308
12 -9 11 -7 -46922
-9 22 -1 22 -79880
24 0 24 -2 -51254
-21 18 -21 17 -65292
22 -16 22 -19 -65324
9 -8 6 -10 -65508
-3 20 16 13 -85020
22 17 24 18 -70144
8 -13 7 -14 -62552
-17 -12 -17 -14 -49194
-9 22 18 21 -78192
11 19 11 20 -60812
19 3 21 2 -52826
14 24 22 24 -57316
21 14 20 16 -61150
-24 -20 -24 -21 -60298
3 13 3 16 -62766
14 8 13 9 -60102
23 -21 24 -23 -66160
-9 24 -6 20 -67566
24 3 24 4 -47882
1 -23 3 -24 -57476
24 15 24 -19 -59310
16 20 16 -8 -70420
-20 -21 -17 -24 -61264
-12 -7 -2 -9 -70484
15 17 15 18 -56156
11 -18 11 -20 -59298
-3 -4 -3 -8 -61028
-23 -22 -20 -23 -63180
8 20 6 19 -65938
-6 8 9 -1 -84042
-21 -5 -22 -11 -63940
14 23 17 24 -59250
10 4 12 3 -55002
1 -4 2 -3 -55358
0 21 3 24 -58226
-2 -23 -13 -23 -50518
19 10 16 11 -51246
12 -23 11 -24 -49870
-14 -17 -15 -19 -60220
-12 19 -14 16 -62660
23 -21 24 -21 -58808
20 -11 20 -8 -57036
8 15 13 15 -59794
10 -4 10 -3 -42684
4 9 4 6 -60076
1 -8 2 -8 -50190
-20 0 -18 -1 -65966
14 -12 13 -10 -58768
24 -8 24 -7 -58388
4 -16 2 -20 -47510
5 13 5 12 -52100
24 14 24 17 -50948
-11 24 -7 24 -57610
-21 -24 -24 -24 -53058
-14 6 -13 7 -72676
24 -17 23 -14 -63510
16 -24 16 -21 -58318
2 0 0 0 -65606
-23 12 -24 6 -64038
24 -15 23 -17 -66030
-12 -22 -11 -24 -50710
24 -19 24 -22 -62232
-7 8 -5 6 -66786
-19 24 -19 22 -52372
5 23 5 24 -59170
5 24 5 23 -59042
-4 -23 -4 -24 -48756
1 -21 3 -22 -68096
-3 -2 0 -1 -69006
-9 -17 -7 -16 -49750
-9 -21 -9 -17 -58654
13 -13 14 -16 -55252
24 -5 24 -4 -44904
-24 1 -21 2 -59520
1 -22 0 -24 -54378
-24 24 21 23 -49764
6 -22 8 -24 -57450
-3 14 -1 20 -69950
0 17 1 19 -58780
-22 23 -20 24 -51512
-3 -3 -2 3 -66620
0 -2 3 -4 -63834
-16 24 -15 21 -64482
-15 -24 -14 -23 -55220
-15 -17 -12 -19 -59952
-18 24 -16 23 -45332
-6 23 -3 24 -62428
-10 -7 -11 -8 -49392
13 12 -21 13 -76820
-10 20 -14 5 -92362
8 -2 6 1 -69200
7 11 8 8 -51964
2 -14 4 -16 -59648
-23 -4 -24 -3 -52330
-2 5 0 3 -67060
2 -11 -1 -11 -53696
-3 9 1 12 -86586
-6 4 -4 6 -71384
1 -1 1 0 -58110
9 1 8 1 -55888
6 22 4 23 -60686
24 0 24 2 -47656
24 20 22 19 -69336
24 19 23 21 -58646
1 -21 1 -24 -58764
-24 4 -23 2 -58750
24 -21 24 -23 -58026
9 24 10 24 -53202
16 -22 13 -24 -58884
-24 6 -24 1 -57808
-3 -15 2 -17 -63266
18 -14 17 -15 -58672
22 21 23 24 -54858
-8 8 -8 13 -72740
-6 -11 -9 -10 -59078
24 12 23 13 -58622
-1 5 0 7 -73064
-24 24 -20 24 -47566
17 3 18 6 -53368
22 24 22 22 -57210
24 -9 24 -7 -59262
-11 0 -13 0 -81412
-21 -13 -22 -15 -58404
20 7 19 6 -58370
-22 -10 -24 -11 -62768
-24 -15 -23 -15 -58494
-20 -10 -20 -9 -52076
-1 9 -16 -14 -85622
-20 19 -19 21 -66340
-8 9 -1 10 -76766
-24 7 -23 5 -61646
7 -2 9 -3 -60198
-10 4 -12 1 -65890
-6 -11 -5 -10 -53610
-21 -4 -24 -8 -67998
-2 18 0 16 -64250
-19 -24 -15 -24 -49086
7 0 7 -1 -45314
9 -21 10 -23 -63274
2 20 0 21 -55118
-14 -8 -14 -9 -50644
11 -9 8 -10 -50800
13 9 14 9 -50264
18 22 19 24 -57486
10 -22 11 -18 -62764
-1 -24 1 -23 -51322
-8 -1 -22 -16 -71802
-16 -2 -2 -2 -92462
15 -19 15 -18 -54690
-23 16 -24 18 -57112
18 24 20 23 -53562
17 23 17 19 -58048
16 -4 19 -6 -60650
16 -2 14 -2 -53650
8 -24 8 -22 -53502
-3 9 -2 11 -79294
19 -4 18 -6 -54602
-12 -20 -11 -24 -57270
12 -24 11 -24 -47214
21 -22 21 -21 -64054
14 22 13 24 -64502
14 9 14 8 -55980
22 -1 24 4 -57124
11 23 13 24 -55408
1 15 0 14 -66642
15 -11 14 -8 -58308
-3 20 -17 16 -79416
-23 -22 -24 -21 -55942
-24 15 -17 24 -80886
-24 -23 12 -24 -64342
-16 -21 -23 -21 -64712
9 -22 10 -22 -53006
-8 11 -9 13 -70368
24 17 23 21 -59932
17 8 17 10 -58206
-7 13 -7 15 -68974
24 -7 23 -9 -60334
-14 -24 -15 -24 -46236
-7 7 -11 8 -75360
-14 -1 -12 0 -73632
24 -11 24 -13 -48846
-23 -2 -24 -2 -55270
-14 23 -11 3 -96368
-3 1 -2 0 -62392
-9 9 -8 6 -66494
-16 22 -11 2 -99694
-1 15 -22 0 -90744
18 -4 19 -4 -57642
18 -21 16 -24 -60572
15 -24 13 -23 -51972
14 16 16 16 -47848
-9 10 -10 7 -63172
21 -23 22 -24 -63098
-17 3 -17 4 -54620
12 -16 13 -13 -60626
-13 24 -9 24 -57466
-13 -24 -13 -23 -46294
-21 9 -19 6 -69726
-5 -9 -7 -17 -67174
-15 14 -16 16 -64722
24 -18 24 -15 -67714
-24 16 -22 15 -60118
-6 -22 -7 -23 -53206
7 12 5 12 -61500
-13 -15 -10 -16 -53196
1 11 5 13 -63498
21 7 20 15 -68540
-24 -14 -23 -17 -46496
-24 23 -24 6 -64280
-11 6 -5 7 -78202
21 -5 20 -7 -61208
10 5 10 7 -54458
-23 17 -23 20 -64674
-17 14 -17 20 -72008
-11 15 6 14 -80410
17 22 15 23 -57814
24 7 24 9 -51742
19 16 22 17 -67510
24 23 21 24 -67032
5 -15 5 -12 -47344
20 13 18 12 -49904
23 2 24 2 -50922
24 -3 24 -2 -50962
-1 -10 -5 -8 -59340
-24 0 -24 -1 -45990
-6 23 -7 22 -58632
12 19 11 16 -62402
17 19 1 21 -80484
-15 21 -12 22 -56634
19 16 19 18 -59170
12 24 14 24 -59142
-22 -15 -24 -17 -66338
-24 0 -23 -1 -57070
-2 -23 -3 -24 -47890
-22 23 -20 20 -55136
-24 18 -24 24 -58752
0 -23 -1 -23 -52894
10 15 10 17 -55612
24 16 24 23 -55384
-14 -4 -14 -3 -43292
22 24 24 22 -60302
18 -10 17 -11 -62450
23 1 24 0 -54080
24 -14 24 -16 -66672
-7 0 -8 0 -73298
15 6 0 8 -75978
7 -22 6 -24 -50498
-16 23 -16 24 -52220
10 -22 12 -24 -56670
16 3 12 -19 -71176
-24 -3 -23 -16 -58036
-10 0 -9 -3 -54928
-8 -19 -8 -17 -56358
22 3 24 -22 -61644
-13 1 -10 -6 -64026
-10 12 -14 11 -62716
1 -15 24 -15 -60346
22 6 24 9 -55652
4 -1 5 -1 -59640
1 14 0 15 -64784
-21 -23 -20 -24 -55626
24 13 23 15 -60676
3 -13 4 -13 -55166
-21 5 -18 5 -58058
-24 14 -24 16 -46820
4 5 2 6 -60800
24 4 24 5 -46900
-9 23 -3 20 -80782
-24 -19 -24 -17 -51070
-16 -4 -17 -8 -50120
-14 0 -15 3 -57738
12 -19 9 -18 -60012
17 -11 17 -12 -52860
-23 13 -23 9 -60516
9 -7 9 -5 -52182
20 -17 19 -14 -61476
24 -2 23 -3 -54630
0 -15 1 -14 -49982
22 14 24 14 -63450
-11 18 -11 20 -48464
-15 -18 -16 -18 -55428
18 -13 17 -13 -53892
16 -21 15 -19 -56888
-2 16 -3 15 -66650
17 -7 15 -9 -61770
-23 -19 -24 -19 -59412
-17 -21 -19 -23 -56426
-8 -22 -8 -23 -53028
-17 -16 -17 -17 -48114
-22 14 -24 15 -59392
-22 -8 -20 -10 -57914
6 12 8 12 -61170
-20 9 -14 3 -85724
19 -2 21 -1 -56100
10 -17 10 -16 -54128
-2 1 0 -3 -70844
23 -5 24 -5 -63002
-2 -8 -1 -14 -50166
-10 18 -9 7 -93352
-21 12 -16 16 -66112
-9 0 -10 1 -66454
20 19 18 18 -63428
-23 -5 -24 -8 -60282
18 -21 19 -23 -58876
5 -24 4 -24 -42384
-19 3 -19 0 -53698
6 -5 5 -8 -55538
-2 -23 -1 -24 -58312
21 -22 24 -24 -68688
