21 -13 19 -10 -58058
7 20 8 19 -71646
18 -24 15 -23 -55894
-12 -23 -13 -24 -56358
-12 -13 -7 -13 -59190
-10 -12 -10 -14 -55264
-24 -4 -24 -6 -48828
-2 10 0 7 -64134
17 4 17 0 -52124
6 0 13 -2 -61466
-2 24 0 22 -67212
11 5 11 6 -47224
11 14 13 12 -53212
-7 -16 -8 -14 -55496
-5 -6 1 -4 -64318
-5 8 -15 3 -78204
7 -1 7 -2 -38746
-24 -7 -24 -9 -48278
-1 2 0 -4 -67988
-6 -22 8 3 -76880
4 -13 -3 -12 -48898
24 6 23 8 -53074
-21 3 -21 0 -64044
-8 -23 -6 -24 -57118
-22 -16 -19 -19 -65030
-24 -1 -24 -4 -50398
19 -6 11 -11 -69380
13 -24 13 -23 -52320
-19 -8 -21 -8 -59118
-20 -1 -18 -2 -69262
23 -7 22 -4 -49550
23 12 8 13 -74298
-23 13 -22 11 -63486
-3 -18 -3 -17 -58304
-22 -22 -23 -23 -69864
-7 13 -3 13 -77618
-11 24 -11 23 -56466
-24 5 -21 5 -51852
-20 -23 -24 -24 -64440
-12 13 -12 14 -63460
5 12 9 12 -74072
-21 9 -24 6 -59840
19 -12 17 -9 -54934
3 -8 1 -9 -49608
9 -17 8 -18 -52306
-23 14 -23 15 -64546
17 11 20 10 -69568
5 -14 4 -12 -51304
-11 17 -10 15 -65322
24 -15 22 -11 -53566
8 -14 11 -15 -55108
-7 -23 -8 -24 -58554
-24 16 -23 17 -52744
-23 21 -23 24 -54294
9 24 11 23 -62286
22 0 -20 0 -64256
-21 7 -21 11 -77324
-6 2 -6 0 -64736
-24 19 -23 22 -59806
-11 6 -11 4 -67752
23 7 24 7 -51126
-24 -10 -24 -14 -53850
-1 7 0 8 -68900
-19 -24 -16 -1 -72074
23 -23 19 -24 -60170
3 1 5 0 -47252
11 16 2 0 -85768
-23 -18 -23 -19 -60400
-1 23 -2 24 -65126
23 20 24 20 -44750
-12 3 -12 2 -62060
24 10 24 11 -43806
7 24 5 24 -55530
-15 8 -14 7 -69196
-9 -21 -13 -22 -61180
-14 -4 -14 -6 -64274
-6 24 -6 22 -57762
9 10 11 13 -73056
-11 24 -10 22 -51516
10 21 11 23 -58652
21 -19 19 -20 -60858
-17 5 -10 4 -69774
-6 -24 -9 -21 -67972
-7 -16 -6 -17 -60698
-9 -24 -8 -23 -59546
-24 21 -24 0 -72822
15 14 17 14 -59082
-17 -17 -19 -20 -59748
1 2 1 3 -66580
-20 -21 -20 -20 -63570
-18 -7 -18 -8 -59362
-23 -14 -24 -15 -54438
-10 -6 -9 -5 -54908
-5 -7 -5 -9 -58850
3 -1 2 -3 -55212
7 -19 7 -20 -54814
11 12 10 11 -70682
10 -10 10 -12 -56374
-8 18 -9 17 -57232
-15 9 -15 10 -72112
-24 -14 -22 -17 -67072
-6 21 -6 24 -59374
-11 23 -10 24 -55292
-16 20 -15 18 -57786
5 -23 8 -19 -63170
4 -18 4 -16 -45086
-3 0 -3 -1 -69708
-3 23 -5 24 -60588
10 -24 13 -22 -62682
-22 1 -23 6 -72522
23 -23 24 -23 -46088
-7 17 -10 20 -61116
-24 9 -23 8 -67892
-24 3 -23 6 -52802
-23 6 -24 8 -76968
8 -7 6 -5 -56388
-11 6 -11 9 -73368
3 5 4 4 -58422
13 24 14 23 -61126
12 17 13 19 -61512
1 15 3 18 -66320
4 -8 1 -14 -56666
22 10 22 8 -52418
-14 -13 -12 -16 -58578
-12 -1 -11 -2 -53242
-2 11 19 8 -82794
-24 2 -24 1 -58002
3 -24 5 -22 -44530
-1 1 -1 0 -71446
-22 15 -20 0 -88980
18 2 20 3 -54670
15 -3 16 -4 -56892
-20 9 -19 10 -61776
-7 -5 -5 3 -81032
-6 -20 -11 -20 -66482
23 -12 24 -11 -42562
-18 24 -11 24 -54862
17 -17 18 -20 -58352
-6 -14 -5 -13 -54116
22 13 -1 15 -87512
4 13 3 12 -61922
24 -14 22 -15 -47880
-3 -20 -2 -20 -54132
-23 -22 -24 -23 -62210
20 9 24 11 -67170
-5 -3 -3 -4 -46702
-23 22 -22 22 -57478
19 -6 17 -5 -51676
7 19 7 20 -51358
21 4 23 5 -58170
7 -6 9 -5 -49620
-23 -22 -23 9 -67058
24 12 22 11 -59098
19 16 21 20 -71260
-18 -22 -19 -21 -64134
-22 -8 -23 -8 -60912
-20 -2 -19 -1 -57338
-17 23 -21 24 -56192
18 21 23 22 -66510
19 -22 15 -24 -68718
0 -23 2 -22 -54654
11 -11 12 -13 -57552
21 23 21 24 -65672
-20 1 -18 -2 -71428
15 -8 14 -9 -58978
-21 -5 -22 -6 -55204
24 -23 -24 -23 -49330
-24 -21 -24 -23 -51708
12 22 9 21 -67020
8 -16 7 -15 -54356
20 -2 18 0 -55396
-20 -22 -20 -24 -58366
18 10 19 10 -64770
14 16 -12 10 -84486
-7 17 -5 15 -67890
-24 12 -23 13 -56742
9 15 10 16 -66128
-10 7 -17 6 -70532
22 -23 22 -24 -59168
-9 7 -8 10 -76566
19 20 17 21 -67838
3 11 3 14 -61870
0 23 -1 22 -56272
5 16 9 16 -90216
-6 0 -6 -1 -67576
10 8 5 7 -58354
-20 -4 -20 -5 -57268
1 -24 -2 -24 -53212
-19 6 -19 7 -65386
-2 -6 -2 -5 -50192
8 16 4 17 -87840
5 21 5 20 -48238
23 -2 24 -3 -41446
-23 -10 -24 -10 -56870
19 5 20 3 -57632
19 -22 16 -23 -66698
23 13 23 12 -51958
23 -21 23 -18 -66070
11 24 11 21 -55978
13 15 12 9 -62028
4 23 5 24 -52308
14 17 13 15 -63218
-17 -22 -17 -24 -61524
-11 -12 -14 -12 -56172
-6 -16 -3 -15 -56476
-20 19 -19 17 -67136
-19 21 -17 24 -77334
-1 -16 -6 9 -86136
-7 14 -7 11 -63862
24 17 -7 14 -80958
-17 -12 -17 -14 -65348
-3 16 -3 15 -54336
18 19 18 20 -62234
14 1 15 -1 -54118
14 24 22 24 -64746
-13 0 -13 -2 -55820
-24 -20 -24 -21 -57630
-15 -4 -15 -6 -65184
4 -4 2 -8 -52776
23 -21 24 -23 -59606
-17 15 -16 17 -63956
24 3 24 4 -49612
1 -23 3 -24 -53368
-5 -4 -6 -5 -62338
0 5 0 6 -60768
-1 1 0 2 -67246
20 2 22 1 -57424
15 17 15 18 -56134
16 11 11 8 -59740
6 -24 8 -24 -53864
5 -5 4 -5 -51288
-6 17 -4 18 -63692
2 4 1 3 -60954
10 17 9 17 -68636
14 23 17 24 -55056
-17 14 -17 12 -65740
12 1 13 3 -46178
0 21 3 24 -58824
13 0 12 1 -55240
-2 -23 -1 -19 -64418
12 -23 11 -24 -58328
-16 -11 -18 -8 -61326
-11 -11 -11 -9 -60462
23 -21 24 -21 -51904
6 0 6 1 -47484
23 18 22 22 -62726
12 -6 11 -6 -56238
1 19 3 19 -62668
-21 -8 -21 -10 -57036
19 24 19 23 -63604
1 22 0 24 -50538
24 -8 24 -7 -52324
6 17 7 16 -71280
1 -4 0 -3 -43940
24 14 24 17 -48128
17 7 16 8 -55904
-21 -24 -24 -24 -58758
0 -7 1 -12 -48300
24 -17 23 -14 -57756
16 -24 16 -21 -64510
-3 22 24 24 -63474
-24 11 -24 21 -73214
24 -15 23 -17 -57586
-12 -22 -11 -24 -55054
24 -19 24 -22 -62978
16 8 16 4 -51520
-19 24 -19 22 -68400
-23 -4 -21 -10 -68572
-16 -22 -15 -23 -64236
-4 -23 -4 -24 -47252
-1 23 -3 23 -64978
-12 -16 -9 -16 -61910
-1 -23 3 -24 -60134
10 -2 12 -1 -48088
1 -14 1 -15 -41840
24 -5 24 -4 -43996
-15 14 12 12 -78890
4 8 4 11 -64456
-24 24 21 23 -51050
6 -22 8 -24 -50542
22 -18 24 -18 -51002
0 17 1 19 -58760
-22 23 -20 24 -64336
12 -6 12 -5 -43206
0 -18 0 -21 -67572
-16 24 -15 21 -67036
-15 -24 -14 -23 -58882
-22 -19 -18 -20 -62046
-18 24 -16 23 -52370
-6 23 -3 24 -63598
-16 -7 -15 -7 -48856
16 3 18 3 -48768
-22 -2 -19 -2 -64700
1 24 -22 24 -55346
8 -9 6 -8 -57202
-4 -15 -5 -19 -62152
21 -16 -6 22 -84288
-20 8 -19 8 -53692
15 20 16 23 -63404
12 7 10 8 -51106
-6 10 -5 10 -69380
-14 -11 -13 -10 -60700
-4 9 -3 11 -77412
6 22 4 23 -57416
5 15 5 14 -54176
24 20 22 19 -60602
5 8 5 7 -58472
23 -5 24 -13 -57224
-24 4 -23 2 -64318
24 -21 24 -23 -58166
9 24 10 24 -59638
-17 -4 -19 -4 -59290
-21 13 -18 12 -56954
-6 23 -6 23 -240062
-5 -2 10 0 -67968
22 21 23 24 -63584
23 -20 23 -17 -63346
12 -12 13 -10 -58936
24 12 23 13 -58412
23 24 22 -6 -63048
-24 24 -20 24 -56460
1 -20 1 -19 -64364
22 24 22 22 -66838
24 -9 24 -7 -54244
24 21 23 18 -66148
-2 11 -3 11 -61504
-20 22 -23 20 -69040
-22 -10 -24 -11 -58152
-24 -15 -23 -15 -56556
7 -24 8 -24 -53308
-15 -13 -15 -10 -68650
-20 19 -19 21 -68458
-3 -20 -5 -22 -58634
-24 7 -23 5 -74294
24 18 24 21 -60358
17 14 17 12 -56342
-10 -23 -5 -17 -67200
17 -14 17 -16 -48068
-8 8 -6 11 -77334
-19 -24 -15 -24 -52452
22 -4 24 -3 -49758
-11 8 -10 10 -73200
2 20 0 21 -58976
-1 11 -1 11 -240062
-11 5 -8 3 -57016
-12 -18 -12 -19 -55896
18 22 19 24 -66974
-23 -11 -24 -16 -61860
-11 -14 -10 12 -95646
12 -4 14 -6 -64336
10 -21 10 -22 -57688
15 -19 15 -18 -48516
-23 16 -24 18 -69848
18 24 20 23 -60890
-12 -1 -10 0 -62662
-13 -21 -15 -21 -62712
-4 13 -4 12 -59612
8 -24 8 -22 -49386
17 -19 19 -15 -58634
-1 -11 -1 -13 -45102
19 -16 15 -15 -59082
12 -24 11 -24 -50342
-13 -18 -12 -17 -56880
14 22 13 24 -63380
-1 8 0 11 -74598
20 14 20 13 -58276
11 23 13 24 -54308
-17 21 -12 23 -66062
-8 16 -15 -22 -97938
14 -2 15 -1 -42920
-23 -22 -24 -21 -54148
-16 1 -16 0 -57440
15 -16 13 -14 -48728
8 -5 8 -4 -39948
-17 17 -16 15 -59312
10 14 10 15 -51706
-1 11 0 12 -64472
17 8 17 10 -50388
-24 -21 -22 -19 -68098
21 -2 23 -2 -56526
-14 -24 -15 -24 -54400
-5 22 -3 23 -66898
19 16 19 17 -54454
24 -11 24 -13 -47018
-12 0 -10 4 -74732
7 -15 8 -14 -51974
2 -10 4 -12 -52780
-17 -16 -14 -16 -56812
-7 15 -7 19 -58296
-6 14 15 -3 -91176
8 24 1 21 -69806
-24 0 -23 -2 -58664
15 -24 13 -23 -54412
-8 -7 -8 -9 -58544
-13 -8 -13 -6 -58506
21 -23 22 -24 -56050
-10 -11 -9 -10 -54626
-5 -18 -4 -20 -58482
10 -13 9 -14 -51612
-13 -24 -13 -23 -51880
24 8 24 6 -53580
17 -24 18 -22 -64568
-24 9 -24 7 -62276
24 -18 24 -15 -61326
-24 12 -22 12 -59976
-20 3 -15 2 -63120
-2 6 -11 0 -76180
-8 14 -9 14 -56728
24 7 23 4 -58078
9 -18 8 -17 -51410
-24 -14 -23 -17 -60730
-14 3 -11 6 -74858
-7 8 -3 11 -82454
20 -23 21 -23 -60562
-9 20 -15 19 -65400
-23 17 -23 20 -65312
-2 2 1 3 -61312
16 -17 23 -19 -65430
17 22 15 23 -60974
-6 -5 -6 -8 -60018
-6 -24 -7 -22 -60070
-1 -6 -3 -6 -52902
-13 0 -15 -1 -50916
-9 -19 -8 -20 -64450
23 2 24 2 -47432
24 -3 24 -2 -42628
-20 -10 -19 -13 -69160
-24 0 -24 -1 -56412
-15 21 -14 24 -74862
23 -1 23 0 -41174
-7 -18 -5 16 -96446
1 2 2 0 -66706
-24 18 -23 17 -65790
12 24 14 24 -54034
-2 18 -1 18 -67770
21 2 20 0 -53598
-2 -23 -3 -24 -47054
-22 23 -20 20 -67418
-24 18 -24 24 -60994
-10 -23 -9 13 -95908
-18 21 -17 23 -79186
14 -8 13 -7 -61140
1 -2 -1 -4 -54282
22 24 24 22 -47128
18 -10 17 -11 -56814
-13 0 -14 24 -85550
24 -14 24 -16 -58664
3 11 4 10 -64830
-22 -12 -22 -14 -65842
-17 8 -14 4 -73872
-16 23 -16 24 -66632
10 -22 12 -24 -51460
-9 4 -10 7 -68322
19 16 15 19 -68638
15 -23 14 -22 -61148
16 -20 14 -22 -61922
-17 -24 -18 -23 -60020
-24 0 -23 1 -48584
7 17 5 16 -77208
22 12 20 12 -69430
-14 14 -13 13 -67122
7 4 7 5 -57870
1 14 0 15 -61576
-21 -23 -20 -24 -54928
24 13 23 15 -59284
-16 13 -14 18 -69286
-12 16 -13 16 -57166
-24 14 -24 16 -65072
5 -19 6 -22 -58250
24 4 24 5 -54656
24 -13 -24 -16 -56480
-24 -19 -24 -17 -55838
19 -9 20 -8 -47056
-13 23 -12 24 -63614
-14 20 -12 -6 -96300
-1 -24 -2 -22 -56938
20 18 22 19 -69110
-14 21 2 23 -70488
-8 -2 -9 -3 -61196
-7 12 -4 8 -74812
-14 -12 -14 -13 -65084
22 14 24 14 -62472
-11 18 -11 20 -53048
-6 -23 21 -24 -57898
3 -17 5 -17 -47714
-10 -11 -23 -12 -61722
0 11 1 9 -69576
20 -3 21 -2 -54488
-23 -19 -24 -19 -61224
-17 -21 -19 -23 -61720
12 -7 12 -13 -63652
-17 -16 -17 -17 -52154
-22 14 -24 15 -62334
-19 21 -17 -11 -87148
-13 13 -10 -5 -94592
2 10 3 11 -63200
0 -17 -1 -17 -49344
15 -11 10 -16 -61524
-24 -5 -23 -6 -53188
-7 -9 -5 -11 -55972
-12 -21 -12 -18 -58714
-4 4 -3 6 -68900
3 7 2 -2 -82640
21 -23 21 -24 -61550
-13 10 -13 12 -70482
-3 15 -4 16 -70130
18 -21 19 -23 -64004
-17 12 -17 9 -75604
-23 11 -23 10 -60560
12 -10 11 -8 -62988
-2 -23 -1 -24 -57334
5 1 6 10 -77616
