21 -13 19 -10 -70606
7 20 8 19 -60942
18 -24 15 -23 -52338
-12 -23 -13 -24 -52430
-12 -13 -7 -13 -51362
-10 -12 -10 -14 -49114
-24 -4 -24 -6 -44016
-2 10 0 7 -61396
17 4 17 0 -70724
5 -2 4 -1 -76748
-2 24 0 22 -68222
11 5 11 6 -68244
11 14 13 12 -64474
-7 -16 -8 -14 -50960
-24 -6 1 -14 -64260
-14 22 -15 20 -57938
7 -1 7 -2 -87080
-24 -7 -24 -9 -52998
8 -20 -6 -19 -72052
7 -5 10 0 -89662
4 -13 -3 -12 -56592
24 6 23 8 -63550
-21 3 -21 0 -62112
-8 -23 -6 -24 -39426
-22 -16 -19 -19 -57948
-24 -1 -24 -4 -46086
16 4 21 12 -94438
13 -24 13 -23 -51036
-6 15 -21 13 -64896
12 -16 10 -17 -63290
23 -7 22 -4 -67488
-15 7 -12 2 -61884
-23 13 -22 11 -58400
13 12 8 0 -92466
-22 -22 -23 -23 -68390
8 6 8 -19 -91740
-11 24 -11 23 -51328
-24 5 -21 5 -56684
-20 -23 -24 -24 -61276
-12 13 -12 14 -55604
4 3 6 -16 -92752
-21 9 -24 6 -60178
19 -12 17 -9 -72110
3 -8 1 -9 -53872
9 -17 8 -18 -60280
-23 14 -23 15 -55926
17 11 20 10 -79780
5 -14 4 -12 -53524
-11 17 -10 15 -60794
24 -15 22 -11 -58728
8 -14 11 -15 -63432
-7 -23 -8 -24 -49612
-24 16 -23 17 -49262
-23 21 -23 24 -48704
9 24 11 23 -61372
-5 0 -8 2 -53908
9 9 -7 9 -65082
-6 2 -6 0 -51390
-24 19 -23 22 -55496
-11 6 -11 4 -58946
23 7 24 7 -57344
-24 -10 -24 -14 -48838
-1 7 0 8 -51832
24 10 24 14 -68070
23 -23 19 -24 -59240
3 1 5 0 -60206
1 -11 0 -9 -61612
-23 -18 -23 -19 -58848
-1 23 -2 24 -64808
23 20 24 20 -49054
-12 3 -12 2 -48424
24 10 24 11 -60262
7 24 5 24 -50974
0 19 1 18 -64168
-20 6 -19 2 -54312
-14 -4 -14 -6 -59822
-6 24 -6 22 -56422
15 7 16 9 -86260
-11 24 -10 22 -45790
10 21 11 23 -61608
21 -19 19 -20 -61120
18 -16 17 -14 -74634
-5 -24 -3 -21 -60706
-7 -16 -6 -17 -49614
-9 -24 -8 -23 -50588
-24 21 -24 0 -61062
15 14 17 14 -70788
-17 -17 -19 -20 -52910
1 -15 7 -10 -75546
-20 -21 -20 -20 -59548
-18 -7 -18 -8 -53398
-23 -14 -24 -15 -53756
-10 -6 -9 -5 -57700
-5 -7 -5 -9 -58154
3 -1 2 -3 -65358
7 -19 7 -20 -60894
11 12 10 11 -59866
10 -10 10 -12 -54238
-8 18 -9 17 -54522
-15 9 -15 10 -59578
-24 -14 -22 -17 -60758
-6 21 -6 24 -57798
-11 23 -10 24 -57336
-16 20 -15 18 -54686
5 -23 8 -19 -59842
4 -18 4 -16 -58008
20 0 19 -1 -81850
-3 23 -5 24 -55490
10 -24 13 -22 -68600
20 1 24 -10 -83886
23 -23 24 -23 -48058
-7 17 -10 20 -54280
-24 9 -23 8 -57134
-24 3 -23 6 -48718
14 -6 14 -5 -63280
-23 -7 -23 -9 -58472
6 -10 5 -11 -69852
3 5 4 4 -59468
13 24 14 23 -62888
12 17 13 19 -64446
1 15 3 18 -65550
4 -8 1 -14 -71030
22 10 22 8 -67674
-14 -13 -12 -16 -53442
-12 -1 -11 -2 -59912
-13 6 -10 7 -60514
-24 2 -24 1 -55574
3 -24 5 -22 -43620
-1 1 -1 0 -49334
-20 18 -20 4 -71510
18 2 20 3 -78416
15 -3 16 -4 -60350
-20 9 -19 10 -56396
9 3 8 15 -87320
-6 0 -2 -2 -47570
23 -12 24 -11 -47260
-18 24 -11 24 -51384
17 -17 18 -20 -66630
12 4 13 6 -79686
-13 8 -13 9 -58168
4 13 3 12 -68832
24 -14 22 -15 -51758
-3 -20 -2 -20 -55876
-23 -22 -24 -23 -61838
20 9 24 11 -79682
-5 -3 -3 -4 -44374
-23 22 -22 22 -57030
19 -6 17 -5 -60392
7 19 7 20 -53854
21 4 23 5 -73040
7 -6 9 -5 -62620
-23 -22 -23 9 -56652
24 12 22 11 -65882
19 12 -19 9 -71462
-18 -22 -19 -21 -58610
-22 -8 -23 -8 -50500
-20 -2 -19 -1 -53852
-17 23 -21 24 -52088
18 21 23 22 -78048
-12 -23 -10 -23 -43738
0 -23 2 -22 -56360
11 -11 12 -13 -55360
21 23 21 24 -65828
-11 0 -14 24 -69188
14 2 17 4 -76840
-21 -5 -22 -6 -46296
24 -23 -24 -23 -47938
-24 -21 -24 -23 -50626
12 22 9 21 -69466
8 -16 7 -15 -58460
20 -2 18 0 -69526
-20 -22 -20 -24 -57250
18 10 19 10 -77006
14 -1 14 0 -70956
-7 17 -5 15 -59966
-24 12 -23 13 -55336
9 15 10 16 -59684
-10 7 -17 6 -58604
22 -23 22 -24 -58516
3 -1 5 -3 -77576
19 20 17 21 -84966
3 11 3 14 -68526
0 23 -1 22 -56118
18 -7 19 -12 -67692
-6 0 -6 -1 -44690
10 8 5 7 -54604
-20 -4 -20 -5 -52054
1 -24 -2 -24 -55580
-19 6 -19 7 -49506
-2 -6 -2 -5 -50182
-21 9 -19 7 -60308
5 21 5 20 -49884
23 -2 24 -3 -54746
-23 -10 -24 -10 -52202
19 5 20 3 -70328
19 -22 16 -23 -54752
23 13 23 12 -68458
23 -21 23 -18 -67868
11 24 11 21 -53616
13 23 17 0 -85248
4 23 5 24 -48844
14 17 13 15 -64972
-17 -22 -17 -24 -58870
20 21 19 21 -79428
-6 -16 1 -22 -66090
-20 19 -19 17 -62958
2 14 1 13 -71462
-3 -19 -2 -21 -56880
-7 14 -7 11 -59460
24 19 0 18 -73916
-17 -12 -17 -14 -52382
-3 16 -3 15 -62768
18 19 18 20 -62450
14 1 15 -1 -74988
14 24 22 24 -73240
-13 0 -13 -2 -55202
-24 -20 -24 -21 -57092
-15 -4 -15 -6 -61226
4 -4 2 -8 -60922
23 -21 24 -23 -60616
-17 15 -16 17 -49862
24 3 24 4 -56400
1 -23 3 -24 -55806
23 0 21 -5 -79830
0 5 0 6 -51874
19 17 17 19 -89762
20 2 22 1 -71200
15 17 15 18 -60632
16 11 11 8 -77208
3 7 3 -7 -81418
9 -1 9 0 -80898
-6 17 -4 18 -53116
2 4 1 3 -49394
10 17 9 17 -61058
14 23 17 24 -58506
-17 14 -17 12 -57310
12 1 13 3 -65338
0 21 3 24 -57920
13 0 12 1 -70398
-2 -23 -1 -19 -56924
12 -23 11 -24 -62036
-16 -11 -18 -8 -50852
-11 -11 -11 -9 -48090
23 -21 24 -21 -54780
6 0 6 1 -63552
23 18 22 22 -70960
-11 -5 -14 -5 -57404
1 19 3 19 -63826
-21 -8 -21 -10 -54488
19 24 19 23 -63102
1 22 0 24 -52804
24 -8 24 -7 -58566
6 17 7 16 -56554
1 -4 0 -3 -56414
24 14 24 17 -54290
17 7 16 8 -69596
-21 -24 -24 -24 -56748
0 -7 1 -12 -66440
24 -17 23 -14 -61448
16 -24 16 -21 -63724
-3 22 24 24 -63314
10 -3 11 -5 -72922
24 -15 23 -17 -60568
-12 -22 -11 -24 -49480
24 -19 24 -22 -63368
16 8 16 4 -81648
-19 24 -19 22 -53124
10 20 9 -5 -88590
-16 -22 -15 -23 -60808
-4 -23 -4 -24 -49008
-1 23 -3 23 -62490
-12 -16 -9 -16 -51808
-1 -23 3 -24 -63696
10 -2 12 -1 -62978
12 -14 15 -19 -74914
24 -5 24 -4 -58978
-21 4 -18 6 -55664
4 8 4 11 -70822
-24 24 21 23 -53888
6 -22 8 -24 -45662
22 -18 24 -18 -54178
0 17 1 19 -56764
-22 23 -20 24 -55332
12 -6 12 -5 -69544
-6 5 -5 0 -61852
-16 24 -15 21 -58560
-15 -24 -14 -23 -54500
-22 -19 -18 -20 -55114
-18 24 -16 23 -49056
-6 23 -3 24 -56310
-16 -7 -15 -7 -43578
16 3 18 3 -71370
24 17 23 19 -60036
1 24 -22 24 -53426
8 -9 6 -8 -55104
10 -2 10 -4 -88590
3 -14 2 -19 -58510
-20 8 -19 8 -57624
15 20 16 23 -59950
12 7 10 8 -58146
-6 10 -5 10 -42824
-14 -11 -13 -10 -47232
-7 -14 -7 -13 -44794
6 22 4 23 -53398
5 15 5 14 -57360
24 20 22 19 -61380
5 8 5 7 -64418
23 -5 24 -13 -65738
-24 4 -23 2 -50230
24 -21 24 -23 -57564
9 24 10 24 -59320
21 10 22 11 -75712
-21 13 -18 12 -57680
9 -1 9 -3 -93320
23 1 23 1 -240244
22 21 23 24 -63880
23 -20 23 -17 -66078
12 -4 10 -7 -74496
24 12 23 13 -65388
23 24 22 -6 -71328
-24 24 -20 24 -54040
1 -20 1 -19 -53606
22 24 22 22 -67160
24 -9 24 -7 -60304
24 21 23 18 -66456
-2 11 -3 11 -48584
-20 22 -23 20 -64274
-22 -10 -24 -11 -53800
-24 -15 -23 -15 -53494
-20 -4 18 -4 -75650
5 3 3 -10 -93592
-20 19 -19 21 -57538
-3 -20 -5 -22 -55962
15 12 15 -22 -84646
24 18 24 21 -65312
17 14 17 12 -61798
15 -5 5 -17 -91754
17 -14 17 -16 -61396
16 8 15 6 -87928
-19 -24 -15 -24 -46776
22 -4 24 -3 -60480
-11 8 -10 10 -57118
2 20 0 21 -67718
22 -9 1 -12 -76528
-11 5 -8 3 -62006
-12 -18 -12 -19 -47408
18 22 19 24 -67714
-23 -11 -24 -16 -58382
0 5 -1 16 -74944
17 2 19 -17 -82318
10 -21 10 -22 -58764
15 -19 15 -18 -54912
-23 16 -24 18 -64288
18 24 20 23 -70946
-12 -1 -10 0 -57112
-13 -21 -15 -21 -58050
-4 13 -4 12 -59668
8 -24 8 -22 -51710
17 -19 19 -15 -60694
-1 -11 -1 -13 -48670
19 -16 15 -15 -65790
12 -24 11 -24 -59792
-13 -18 -12 -17 -44486
14 22 13 24 -63468
7 -9 7 -10 -57582
20 14 20 13 -66726
11 23 13 24 -56662
-17 21 -12 23 -57374
-11 -5 -9 -5 -54328
14 -2 15 -1 -64754
-23 -22 -24 -21 -50954
-16 1 -16 0 -56056
15 -16 13 -14 -69252
8 -5 8 -4 -76458
-17 17 -16 15 -53694
10 14 10 15 -52248
-1 11 0 12 -62624
17 8 17 10 -69312
-24 -21 -22 -19 -66868
21 -2 23 -2 -66970
-14 -24 -15 -24 -51176
-5 22 -3 23 -60674
19 16 19 17 -59224
24 -11 24 -13 -51620
-7 4 -11 3 -54432
7 -15 8 -14 -67772
2 -10 4 -12 -59368
-17 -16 -14 -16 -46880
-7 15 -7 19 -61248
6 -4 5 -3 -72356
8 24 1 21 -64902
-24 0 -23 -2 -51632
15 -24 13 -23 -61706
-8 -7 -8 -9 -53922
-13 -8 -13 -6 -49664
21 -23 22 -24 -57960
-10 -11 -9 -10 -47466
10 -18 9 16 -89720
10 -13 9 -14 -69206
-13 -24 -13 -23 -48692
24 8 24 6 -63986
17 -24 18 -22 -59454
-24 9 -24 7 -43936
24 -18 24 -15 -64974
-24 12 -22 12 -67706
-23 1 -24 0 -64502
-14 -3 -16 0 -56756
-8 14 -9 14 -46898
24 7 23 4 -70192
9 -18 8 -17 -58552
-24 -14 -23 -17 -55918
21 6 20 6 -73558
3 6 19 -5 -87992
20 -23 21 -23 -61116
8 24 -15 22 -60612
-23 17 -23 20 -57382
-2 2 1 3 -49126
16 -17 23 -19 -67682
17 22 15 23 -66288
-6 -5 -6 -8 -55834
-6 -24 -7 -22 -49916
-1 -6 -3 -6 -39126
-13 0 -15 -1 -53432
-9 -19 -8 -20 -48836
23 2 24 2 -53682
24 -3 24 -2 -61290
-20 -10 21 -7 -70666
-24 0 -24 -1 -55586
11 -20 14 -21 -69994
23 -1 23 0 -56352
-24 19 14 16 -66712
20 2 2 -10 -92596
-24 18 -23 17 -63784
12 24 14 24 -57540
-2 18 -1 18 -63608
21 2 20 0 -74274
-2 -23 -3 -24 -53510
-22 23 -20 20 -63998
-24 18 -24 24 -56784
23 -7 17 -7 -65300
-6 13 -6 16 -69342
7 3 19 2 -78780
1 -2 -1 -4 -46986
22 24 24 22 -52234
18 -10 17 -11 -52930
-6 0 -22 -1 -65002
24 -14 24 -16 -63362
3 11 4 10 -56336
-22 -12 -22 -14 -57854
8 -24 7 -2 -72566
-16 23 -16 24 -53604
10 -22 12 -24 -60696
-9 4 -10 7 -63336
19 16 15 19 -91234
15 -23 14 -22 -65606
16 -20 14 -22 -57842
-17 -24 -18 -23 -57152
-24 0 -23 1 -64482
5 -8 14 5 -100528
-16 0 -17 -3 -61158
-14 14 -13 13 -59162
7 4 7 5 -58040
1 14 0 15 -61514
-21 -23 -20 -24 -52496
24 13 23 15 -66684
17 9 16 9 -72108
-12 16 -13 16 -50052
-24 14 -24 16 -54034
5 -19 6 -22 -63070
24 4 24 5 -63396
0 -18 0 19 -81096
-24 -19 -24 -17 -54164
19 -9 20 -8 -54602
-13 23 -12 24 -59542
-24 10 -23 10 -62446
-1 -24 -2 -22 -59308
20 18 22 19 -69812
6 -9 13 -7 -73462
-8 -2 -9 -3 -48730
-9 22 -11 21 -56918
-14 -12 -14 -13 -48662
22 14 24 14 -62988
-11 18 -11 20 -50362
-6 -23 21 -24 -58718
3 -17 5 -17 -53934
-10 15 -23 8 -67018
0 11 1 9 -63082
20 -3 21 -2 -78572
-23 -19 -24 -19 -58470
-17 -21 -19 -23 -55900
17 14 9 15 -77232
-17 -16 -17 -17 -46756
-22 14 -24 15 -64382
8 8 8 11 -68432
19 6 19 5 -74624
2 10 3 11 -67158
0 -17 -1 -17 -57188
21 13 17 16 -81182
-24 -5 -23 -6 -44336
-7 -9 -5 -11 -49438
-12 -21 -12 -18 -50500
-4 4 -3 6 -51072
4 7 6 4 -67252
21 -23 21 -24 -61426
-13 10 -13 12 -56996
-3 15 -4 16 -62520
18 -21 19 -23 -65000
1 -1 24 -23 -68754
-23 11 -23 10 -48680
-9 9 -10 4 -62416
-2 -23 -1 -24 -58694
3 -17 2 -19 -58796
