21 -13 19 -10 -69541
7 20 8 19 -58607
18 -24 15 -23 -53035
-12 -23 -13 -24 -51993
-12 -13 -7 -13 -67745
-10 -12 -10 -14 -57439
-24 -4 -24 -6 -52453
-10 7 -17 7 -65689
11 -16 12 -15 -63255
1 -8 1 -9 -60725
-2 24 0 22 -69309
11 5 11 6 -43625
7 -6 5 -6 -59565
9 -22 8 -21 -63645
21 6 21 9 -64031
-14 22 -15 20 -63195
-18 -2 -20 0 -58339
-24 -7 -24 -9 -56485
-8 -23 -7 -22 -66723
-9 23 -9 21 -66347
-17 7 21 8 -75335
24 6 23 8 -59243
-6 -20 -5 -11 -71697
-8 -23 -6 -24 -47663
-1 -5 -1 -6 -87735
-24 -1 -24 -4 -56395
3 -24 -17 -23 -59589
13 -24 13 -23 -52571
1 -5 1 -2 -76545
12 -16 10 -17 -64963
23 -7 22 -4 -69267
13 16 13 12 -53177
-23 13 -22 11 -57489
-3 2 -6 2 -66411
-22 -22 -23 -23 -67641
21 -6 20 -4 -69901
-11 24 -11 23 -58507
-24 5 -21 5 -51391
-20 -23 -24 -24 -61407
-12 13 -12 14 -50855
8 -1 7 -3 -57113
-21 9 -24 6 -62839
19 -12 17 -9 -73687
9 6 20 11 -68405
9 -17 8 -18 -58483
-23 14 -23 15 -59631
4 -6 1 -5 -72333
5 -14 4 -12 -42103
-11 17 -10 15 -60545
24 -15 22 -11 -55581
10 -1 8 1 -57303
-7 -23 -8 -24 -66245
-24 16 -23 17 -44053
-23 21 -23 24 -48141
9 24 11 23 -54515
-22 21 -18 21 -72031
18 10 20 11 -53305
-6 2 -6 0 -62223
-24 19 -23 22 -54915
-11 6 -11 4 -60733
23 7 24 7 -46999
-24 -10 -24 -14 -45277
-1 7 0 8 -48071
24 10 24 14 -51719
23 -23 19 -24 -57349
-15 1 -15 5 -79443
-2 16 -1 17 -56761
-23 -18 -23 -19 -54863
-1 23 -2 24 -67319
23 20 24 20 -48171
-12 3 -12 2 -68467
24 10 24 11 -51375
7 24 5 24 -44021
2 3 1 -17 -95359
-20 6 -19 2 -65447
-14 -4 -14 -6 -67441
-6 24 -6 22 -65969
-2 -15 -4 -13 -60301
-11 24 -10 22 -49755
10 21 11 23 -54129
21 -19 19 -20 -60339
-24 6 -23 8 -56939
0 -3 1 -3 -69679
-7 -16 -6 -17 -70509
-9 -24 -8 -23 -62881
-13 -10 -13 -9 -69371
15 14 17 14 -49595
-17 -17 -19 -20 -59687
-19 16 -17 17 -62527
-20 -21 -20 -20 -59419
-18 -7 -18 -8 -60325
-23 -14 -24 -15 -56321
-6 3 -4 4 -74163
-5 8 -5 10 -52183
-17 1 -1 12 -85761
7 -19 7 -20 -64023
11 12 10 11 -45721
10 -10 10 -12 -53731
-8 18 -9 17 -60713
-15 9 -15 10 -54913
-24 -14 -22 -17 -56599
-6 21 -6 24 -69275
-11 23 -10 24 -62955
-16 20 -15 18 -58253
5 -23 8 -19 -68457
-18 16 -15 16 -56439
0 0 0 -1 -66859
-3 23 -5 24 -60667
10 -24 13 -22 -68385
17 9 17 14 -56827
23 -23 24 -23 -45319
-7 17 -10 20 -60417
-24 9 -23 8 -51049
-24 3 -23 6 -51957
14 -6 14 -5 -50899
-23 -7 -23 -9 -61223
20 0 22 1 -70161
16 0 -19 0 -77223
13 24 14 23 -59187
12 17 13 19 -51359
-13 19 -14 17 -59935
5 -22 7 0 -70593
22 10 22 8 -60563
-11 -12 -19 -14 -63827
14 -7 10 -6 -61567
24 -9 0 -9 -69657
-24 2 -24 1 -49563
3 -24 5 -22 -44629
-1 1 -1 0 -58107
13 -13 12 -15 -60645
-7 -17 -6 -18 -71501
15 -3 16 -4 -60921
-19 9 -19 -1 -77057
-8 -13 -8 -17 -62993
0 -12 -2 -13 -60517
23 -12 24 -11 -46991
-18 24 -11 24 -52771
17 -17 18 -20 -60443
13 -13 13 -12 -58421
-13 8 -13 9 -56415
4 13 3 12 -55069
24 -14 22 -15 -50411
7 8 7 5 -43281
-23 -22 -24 -23 -60317
0 -17 -3 -19 -65713
-5 -3 -3 -4 -68339
-23 22 -22 22 -60009
19 -6 17 -5 -64207
7 19 7 20 -54047
21 4 23 5 -64257
-1 -6 0 -8 -80693
-5 -4 -23 -3 -63629
24 12 22 11 -45663
22 8 23 -13 -70459
-18 -22 -19 -21 -59229
-22 -8 -23 -8 -55795
-20 -2 -19 -1 -52899
-17 23 -21 24 -61549
-6 -1 -5 -4 -63081
-12 -23 -10 -23 -54635
0 -23 2 -22 -50653
11 -11 12 -13 -55547
21 23 21 24 -62173
-9 -18 -1 -13 -66185
-7 8 -8 10 -57665
-21 -5 -22 -6 -50727
24 -23 -24 -23 -51471
-24 -21 -24 -23 -48955
-14 -21 -11 -22 -59965
12 -12 10 -13 -65467
20 -2 18 0 -67785
-20 -22 -20 -24 -56225
-2 -23 -6 -24 -49013
14 -1 14 0 -54953
-7 17 -5 15 -64629
-24 12 -23 13 -46713
9 15 10 16 -48829
-10 7 -17 6 -68101
22 -23 22 -24 -58097
12 13 10 17 -53523
19 20 17 21 -55513
3 11 3 14 -58959
0 23 -1 22 -59875
18 -7 19 -12 -69953
-6 0 -6 -1 -63989
10 8 5 7 -57785
-20 -4 21 -22 -72601
-17 -12 -19 -12 -56377
-19 6 -19 7 -56729
-2 -6 -2 -5 -85635
-21 9 -19 7 -54747
5 21 5 20 -56441
23 -2 24 -3 -53099
-23 -10 -24 -10 -57203
23 5 22 -3 -66921
19 -22 16 -23 -55011
-1 -5 0 -5 -67443
23 -21 23 -18 -65617
11 24 11 21 -53681
14 -9 17 -9 -63533
4 23 5 24 -52475
17 -2 19 -1 -63419
-17 -22 -17 -24 -56585
5 6 18 9 -70483
-10 11 0 11 -86105
-20 19 -19 17 -65223
7 9 3 10 -53395
-3 -19 -2 -21 -52273
0 12 -7 10 -75005
0 -7 -3 0 -89773
-17 -12 -17 -14 -57147
-3 16 -3 15 -52945
18 19 18 20 -53745
24 16 4 17 -66639
14 24 22 24 -51195
-13 0 -13 -2 -62603
-24 -20 -24 -21 -54669
-15 -4 -15 -6 -68173
5 10 7 13 -59629
23 -21 24 -23 -59887
-17 15 -16 17 -58783
24 3 24 4 -60625
1 -23 3 -24 -57255
3 1 -5 -10 -90897
3 -3 11 -4 -74935
-4 -15 -6 12 -82595
20 2 22 1 -68545
15 17 15 18 -48307
-1 6 -23 6 -70517
0 5 21 -3 -87433
12 -22 1 -22 -63469
-6 17 -4 18 -60975
2 4 1 3 -50305
10 17 9 17 -50275
14 23 17 24 -50227
-17 14 -17 12 -54169
12 1 13 3 -51191
0 21 3 24 -60785
8 -17 -22 -18 -67933
-2 -23 -1 -19 -58749
12 -23 11 -24 -61903
-16 -11 -18 -8 -69155
-11 -11 -11 -9 -69039
23 -21 24 -21 -53015
6 0 6 1 -49977
16 -14 15 -12 -67715
-11 -5 -14 -5 -55377
1 19 3 19 -45727
-21 -8 -21 -10 -56745
19 24 19 23 -60195
1 22 0 24 -57933
24 -8 24 -7 -63289
6 17 7 16 -55355
1 -4 0 -3 -76215
24 14 24 17 -46973
17 7 16 8 -50907
-21 -24 -24 -24 -56403
-23 3 -23 -9 -71491
24 -17 23 -14 -58739
16 -24 16 -21 -65639
-3 22 24 24 -51373
10 -3 11 -5 -52541
24 -15 23 -17 -56775
-12 -22 -11 -24 -52455
24 -19 24 -22 -63865
4 20 7 24 -65209
-19 24 -19 22 -53651
-7 0 -9 -8 -67989
-15 -11 -17 1 -83837
-4 -23 -4 -24 -48205
-1 23 -3 23 -66135
-12 -16 -9 -16 -66907
2 -16 1 -17 -59767
10 -2 12 -1 -57995
-5 12 -11 10 -71077
24 -5 24 -4 -56511
-12 -17 -8 -15 -67379
4 -4 -7 0 -82533
-24 24 21 23 -51273
6 -22 8 -24 -58137
22 -18 24 -18 -52985
0 17 1 19 -54657
-22 23 -20 24 -62271
5 0 5 5 -53533
14 0 13 3 -53179
-16 24 -15 21 -61611
-15 -24 -14 -23 -52877
-22 -19 -18 -20 -56707
-18 24 -16 23 -53185
-6 23 -3 24 -62883
-16 -7 -15 -7 -50391
16 3 18 3 -61663
24 17 23 19 -62755
1 24 -22 24 -55755
10 -20 10 -19 -63015
-22 19 -22 10 -67097
13 -4 14 -1 -66233
2 2 5 1 -68813
15 20 16 23 -56655
19 -6 19 -8 -59953
-6 10 -5 10 -70429
-14 -11 -13 -10 -58287
-7 -14 -7 -13 -61481
6 22 4 23 -47313
5 15 -3 -20 -88287
24 20 22 19 -53827
5 4 8 3 -67043
23 -5 24 -13 -67769
-24 4 -23 2 -48589
24 -21 24 -23 -58059
9 24 10 24 -48881
3 -5 0 -5 -70769
-21 13 -18 12 -54931
17 -1 17 -3 -60137
3 -24 1 -21 -64349
22 21 23 24 -57437
23 -20 23 -17 -63355
0 9 0 10 -54295
24 12 23 13 -56417
9 18 10 -14 -80033
-24 24 -20 24 -58063
1 -20 1 -19 -49599
22 24 22 22 -62349
24 -9 24 -7 -64719
24 21 23 18 -58013
-2 11 -3 11 -57761
-20 22 -23 20 -69533
-22 -10 -24 -11 -61941
-24 -15 -23 -15 -56357
-6 2 -5 3 -70199
-17 -12 -18 -11 -64175
-20 19 -19 21 -62749
-3 -20 -5 -22 -58507
20 0 15 1 -69869
24 18 24 21 -57579
8 -5 9 -4 -61459
-7 0 21 3 -81105
17 -14 17 -16 -52693
0 -13 0 -5 -75517
-19 -24 -15 -24 -46087
22 -4 24 -3 -59945
-11 8 -10 10 -54543
23 -5 22 21 -67559
-19 -12 -20 -14 -60881
-11 5 -8 3 -56865
-12 -18 -12 -19 -54641
18 22 19 24 -57631
-23 -11 -24 -16 -54111
13 3 16 21 -69391
24 6 0 6 -78607
10 -21 10 -22 -68771
15 -19 15 -18 -51065
-23 16 -24 18 -66869
18 24 20 23 -51179
-2 23 0 11 -66093
-2 -11 0 0 -100541
-4 13 -4 12 -42321
8 -24 8 -22 -56665
5 -19 8 -19 -61521
-1 -11 -1 -13 -47717
19 -16 15 -15 -68017
12 -24 11 -24 -57223
-13 -18 -12 -17 -55637
14 22 13 24 -62013
7 -9 7 -10 -50681
7 -6 7 -7 -55159
11 23 13 24 -47385
-17 21 -12 23 -60985
-11 -5 -9 -5 -53189
14 -2 15 -1 -63753
-23 -22 -24 -21 -49191
8 -10 12 -6 -69635
15 -16 13 -14 -62405
9 7 12 0 -61407
-17 17 -16 15 -56379
10 14 10 15 -52137
6 -12 1 12 -91969
-19 5 -18 5 -44853
-24 -21 -22 -19 -65229
21 -2 23 -2 -65965
-14 -24 -15 -24 -47625
-5 22 -3 23 -66345
19 16 19 17 -48033
24 -11 24 -13 -50513
-17 -2 -19 -2 -46073
9 -9 8 13 -79063
-6 -9 -6 -10 -55003
-17 -16 -14 -16 -54933
-7 15 -7 19 -58475
6 -1 3 -1 -67791
24 16 23 20 -66851
-24 0 -23 -2 -59131
15 -24 13 -23 -59965
-8 -7 -8 -9 -60917
-13 -8 -13 -6 -63787
21 -23 22 -24 -55835
-10 -11 -9 -10 -61279
12 -16 24 -15 -73997
3 21 3 24 -55685
-13 -24 -13 -23 -47657
24 8 24 6 -63771
17 -24 18 -22 -59271
-24 9 -24 7 -46539
24 -18 24 -15 -61125
-4 -4 -2 -5 -72659
-23 1 -24 0 -63659
-14 -3 -16 0 -66783
-8 14 -9 14 -63735
24 7 23 4 -65429
9 -18 8 -17 -51659
-24 -14 -23 -17 -50469
21 6 20 6 -59701
-5 23 3 24 -67333
20 -23 21 -23 -59343
8 24 -15 22 -62107
-23 17 -23 20 -58857
-12 -11 1 2 -90253
16 -17 23 -19 -69325
17 22 15 23 -57537
4 17 1 -6 -83723
-6 -24 -7 -22 -48741
-24 -3 -23 -5 -60865
-8 -5 2 -9 -87083
-9 -19 -8 -20 -64087
23 2 24 2 -51701
24 -3 24 -2 -53589
24 -5 22 -6 -53969
-24 0 -24 -1 -56335
11 -20 14 -21 -68815
23 -1 23 0 -55549
-24 19 14 16 -62973
4 13 0 16 -53943
-24 18 -23 17 -64963
12 24 14 24 -50407
7 -16 5 -18 -62079
21 2 20 0 -62147
-2 -23 -3 -24 -49559
-22 23 -20 20 -65225
-24 18 -24 24 -56375
12 -7 16 -6 -71217
-15 3 -15 2 -74267
-2 -22 1 0 -84631
7 -15 6 -15 -55571
22 24 24 22 -48625
18 -10 17 -11 -54577
-9 -2 -9 -1 -59587
24 -14 24 -16 -59609
3 11 4 10 -56563
19 13 19 10 -58905
0 20 2 6 -73375
-16 23 -16 24 -55203
10 -22 12 -24 -61995
-9 4 -10 7 -63373
-7 -10 -10 -9 -57103
15 -23 14 -22 -66339
16 -20 14 -22 -60593
-17 -24 -18 -23 -51321
-24 0 -23 1 -63491
24 20 22 21 -52811
-11 -24 -13 -2 -69135
-14 14 -13 13 -59047
-17 0 -15 9 -78181
-12 -8 -11 -9 -60411
-21 -23 -20 -24 -51123
24 13 23 15 -58093
17 9 16 9 -56989
-12 16 -13 16 -54039
-24 14 -24 16 -56847
5 -19 6 -22 -65127
24 4 24 5 -65977
24 1 23 8 -72561
-24 -19 -24 -17 -49489
19 -9 20 -8 -53285
-13 23 -12 24 -63345
-24 10 -23 10 -50867
-1 -24 -2 -22 -63457
20 18 22 19 -50451
-8 2 -8 1 -60135
-12 15 -9 15 -62045
-9 22 -11 21 -61061
-14 -12 -14 -13 -56645
22 14 24 14 -51847
-11 18 -11 20 -57125
-6 -23 21 -24 -61529
-1 20 -1 22 -56445
-19 -13 -23 -15 -64783
0 11 1 9 -59333
14 -5 11 -6 -69161
-23 -19 -24 -19 -57937
-17 -21 -19 -23 -58941
-1 -23 1 -24 -61973
-17 -16 -17 -17 -45231
-22 14 -24 15 -59215
8 8 8 11 -43123
-15 0 -15 -3 -63949
-4 -23 -3 -11 -67685
0 -17 -1 -17 -62059
3 -13 1 -13 -55981
-24 -5 -23 -6 -54457
5 -13 -5 -13 -75621
-12 -21 -12 -18 -56835
-4 4 -3 6 -52807
-2 11 0 -9 -86519
21 -23 21 -24 -60573
-13 10 -13 12 -53363
-3 15 -4 16 -62063
18 -21 19 -23 -64513
-13 7 -16 5 -60243
-23 11 -23 10 -43335
-1 0 -3 -1 -65547
-2 -23 -1 -24 -62255
7 -3 5 -8 -67345
