-20 1 -24 -9 -60405
-7 -10 -7 4 -75887
18 -24 15 -23 -55055
-12 -23 -13 -24 -52207
-5 11 -3 9 -75039
-3 2 -19 -2 -78829
-2 -5 -1 -2 -56947
0 2 19 6 -67545
-10 -21 -6 -17 -78495
17 20 16 20 -48161
14 7 15 9 -48509
-16 -22 -17 -21 -69681
18 -8 21 -10 -51897
9 -22 8 -21 -62003
21 6 21 9 -57717
-14 22 -15 20 -64559
4 -7 6 -4 -51547
-24 -7 -24 -9 -27959
6 -24 3 -21 -55771
0 8 -1 11 -68193
13 1 15 7 -68617
24 6 23 8 -50937
4 -9 2 -8 -69637
-8 -23 -6 -24 -63565
23 -3 0 -1 -67285
-24 -1 -24 -4 -41319
-16 18 -16 19 -58983
13 -24 13 -23 -48711
3 -17 2 -17 -57657
-18 -7 -16 -2 -71127
0 -24 0 -23 -45955
21 -17 -14 -20 -70921
-23 13 -22 11 -64201
-4 2 -3 3 -51513
-22 -22 -23 -23 -69771
11 -4 11 -5 -55811
-11 24 -11 23 -54961
-24 5 -21 5 -62143
-20 -23 -24 -24 -62285
-12 13 -12 14 -57941
-3 23 -1 2 -73985
0 -24 -4 -24 -51149
-2 -15 -14 -6 -99495
-16 -16 -15 -21 -69559
9 -17 8 -18 -51279
-23 14 -23 15 -60507
4 1 4 -2 -66577
5 18 3 16 -60097
-6 -9 -4 -13 -76497
24 -15 22 -11 -64837
10 -1 8 1 -55477
3 10 3 9 -63121
-24 16 -23 17 -52145
-23 21 -23 24 -53227
17 9 21 11 -64707
-9 -5 -10 -3 -63121
18 10 20 11 -62565
0 24 8 21 -69469
-24 19 -23 22 -66541
-11 6 -11 4 -48923
23 7 24 7 -46073
-24 -10 -24 -14 -49173
-9 -14 -12 -14 -74263
24 10 24 14 -50651
23 -23 19 -24 -61393
21 -18 19 -16 -61561
-2 16 -1 17 -56937
-23 -18 -23 -19 -62785
-1 23 -2 24 -55801
23 20 24 20 -48107
-12 3 -12 2 -40885
24 10 24 11 -44425
7 24 5 24 -51081
-24 6 -23 5 -57319
2 -9 -17 9 -90793
20 -1 20 8 -63013
-6 24 -6 22 -64393
-3 -21 -4 -16 -85483
-11 24 -10 22 -52535
10 21 11 23 -56963
21 -19 19 -20 -60001
-24 6 -23 8 -52921
-18 21 24 24 -53603
-10 -16 -9 -18 -71267
-9 -24 -8 -23 -54939
-13 -10 -13 -9 -70817
24 -12 24 -16 -64911
-17 -17 -19 -20 -68117
-19 16 -17 17 -67705
-20 -21 -20 -20 -62453
-14 -13 -2 -13 -96867
-23 -14 -24 -15 -68163
-4 3 -5 4 -60441
-5 8 -5 10 -63223
-13 -5 -12 -5 -65337
4 -7 5 -8 -76481
-9 -18 -12 -18 -69999
24 5 22 -3 -57513
-8 18 -9 17 -65711
17 -20 18 -8 -73371
-24 -14 -22 -17 -64021
-6 21 -6 24 -68281
-11 23 -10 24 -63717
23 -13 19 -9 -59925
-14 0 -13 0 -62155
-4 7 1 9 -64115
6 -7 8 -7 -50053
-3 -22 -6 -21 -71465
10 -24 13 -22 -63055
19 13 17 14 -56751
23 -23 24 -23 -48753
5 0 6 2 -60129
-24 9 -23 8 -61657
-24 3 -23 6 -44711
14 -6 14 -5 -51805
-1 -16 -1 -24 -94679
13 17 14 20 -62077
-11 -13 -9 -17 -77349
13 24 14 23 -48663
18 -11 14 -12 -56677
-13 19 -14 17 -64777
-16 3 -17 4 -54751
22 10 22 8 -51223
5 -8 3 -2 -81275
-6 3 -5 3 -64111
-6 -6 -7 -4 -68123
-24 2 -24 1 -41465
3 -24 5 -22 -46261
-4 -12 -7 -14 -73123
-6 -9 -4 -7 -63813
22 13 22 14 -53655
4 -3 0 -4 -52383
-5 8 -6 5 -52081
-8 -14 -8 -16 -72715
0 -12 -2 -13 -59781
23 -12 24 -11 -50499
-18 24 -11 24 -51299
17 -17 18 -20 -61489
7 -2 9 -1 -53881
-13 8 -13 9 -60167
4 13 3 12 -52735
24 -14 22 -15 -57329
-9 0 -11 1 -60059
-23 -22 -24 -23 -61697
15 12 13 14 -46281
-23 -3 -12 -6 -66463
-23 22 -22 22 -54969
19 -6 17 -5 -55659
-7 -4 -19 -9 -88329
-8 -15 -6 -15 -73655
0 6 -3 6 -60043
1 16 2 12 -55527
24 12 22 11 -49329
11 17 12 19 -53835
-9 -11 -14 -6 -79757
-22 -8 -23 -8 -58943
-20 -2 -19 -1 -65261
-17 23 -21 24 -51813
23 0 19 2 -57055
-12 -23 -10 -23 -49305
0 -23 2 -22 -56907
-19 6 -22 4 -60903
21 23 21 24 -61247
16 2 13 2 -52587
17 17 19 14 -56543
-21 -5 -22 -6 -52205
24 -23 -24 -23 -52893
-24 -21 -24 -23 -48897
-7 14 -6 15 -60089
-7 -1 -8 -1 -63677
-21 19 -23 0 -62771
-20 -22 -20 -24 -56513
-2 -23 -6 -24 -65625
-8 21 -7 21 -59843
-11 16 -2 -7 -101069
-24 12 -23 13 -48695
2 7 1 7 -50015
17 -2 17 -4 -57975
22 -23 22 -24 -63021
15 5 13 2 -61991
16 -4 13 -6 -48635
-13 -17 -11 18 -96053
0 23 -1 22 -57795
-14 -5 -14 -11 -77463
-7 6 -24 8 -83049
18 -15 18 -17 -70961
-2 -10 -2 -8 -76063
-17 -12 -19 -12 -63705
-19 6 -19 7 -48859
-14 -19 18 -9 -76375
-21 9 -19 7 -67051
6 21 8 20 -60557
23 -2 24 -3 -51501
-23 -10 -24 -10 -58331
-23 -16 -24 -18 -64537
19 -22 16 -23 -58877
-1 -5 0 -5 -48175
13 14 12 12 -41035
6 -16 6 -19 -57515
3 -24 24 -24 -54303
4 23 5 24 -48723
17 -2 19 -1 -61123
-17 -22 -17 -24 -59199
-24 9 -7 5 -85095
9 -12 -14 -14 -85203
-4 -21 -5 -19 -83985
24 -2 23 -4 -57477
-3 -19 -2 -21 -82885
-24 14 -23 12 -63061
-1 23 -1 24 -54511
-17 -12 -17 -14 -62133
-3 16 -3 15 -56891
18 19 18 20 -58367
-4 0 6 -12 -93517
14 24 22 24 -48167
1 9 1 12 -68737
-24 -20 -24 -21 -55543
-3 -3 -3 -2 -61415
6 -19 7 -22 -67221
23 -21 24 -23 -62209
-17 15 -16 17 -68151
24 3 24 4 -50767
8 3 9 1 -54549
-2 17 -1 16 -63487
-11 6 -13 5 -60937
24 13 22 14 -68057
15 6 15 1 -61291
15 17 15 18 -53931
-5 0 -6 1 -67021
9 16 9 17 -44987
14 -15 15 -12 -54003
-2 -7 -3 -5 -62089
-20 -17 -10 -14 -83227
10 17 9 17 -39039
14 23 17 24 -51233
-17 14 -17 12 -60187
-4 18 -2 19 -60503
0 21 3 24 -60925
-16 -5 -16 -3 -51551
-2 -23 -1 -19 -83635
12 -23 11 -24 -56823
-15 -21 -17 -21 -67295
6 21 5 20 -57549
23 -21 24 -21 -57189
0 19 0 21 -59715
-19 2 -21 0 -62067
-15 -2 -17 -3 -66661
1 19 3 19 -56129
-9 -5 -7 -10 -75533
19 24 19 23 -59401
1 22 0 24 -57379
24 -8 24 -7 -45855
6 17 7 16 -55535
7 23 8 20 -57009
24 14 24 17 -48931
17 7 16 8 -56503
-21 -24 -24 -24 -56187
-8 -20 -9 -24 -68587
7 10 7 11 -57475
16 -24 16 -21 -56393
-3 22 24 24 -54201
10 -3 11 -5 -59595
24 -15 23 -17 -62363
-12 -22 -11 -24 -56211
24 -19 24 -22 -53815
-9 19 -9 21 -62927
-19 24 -19 22 -53779
3 4 2 5 -45437
17 -23 18 -24 -56279
-4 -23 -4 -24 -53005
-1 23 -3 23 -53721
-17 -13 -18 -12 -63839
2 -16 1 -17 -60889
0 0 -2 0 -54905
17 -1 17 0 -58611
24 -5 24 -4 -48279
-8 -17 -10 17 -96935
-9 -6 -13 -11 -84611
-24 24 21 23 -48197
6 -22 8 -24 -56657
22 -18 24 -18 -61237
0 17 1 19 -56667
-22 23 -20 24 -57899
-22 20 -22 22 -69587
14 0 13 3 -52959
-16 24 -15 21 -58421
-15 -24 -14 -23 -58375
-22 -19 -18 -20 -58093
-18 24 -16 23 -47627
0 16 10 16 -72265
-16 -7 -15 -7 -64771
10 -13 11 -15 -44029
21 20 21 17 -62697
1 24 -22 24 -53017
10 -20 10 -19 -61769
18 -8 15 -7 -54265
-10 -12 -19 -16 -84189
18 14 19 15 -53663
15 20 16 23 -61977
10 24 10 22 -50155
-13 -2 -12 0 -47361
-14 -11 -13 -10 -67593
-7 -14 -7 -13 -73061
6 22 4 23 -63459
-21 8 -13 11 -66717
24 20 22 19 -55629
10 5 8 3 -48179
-20 -12 -18 -11 -60269
-24 4 -23 2 -52239
24 -21 24 -23 -66997
9 24 10 24 -40319
-1 0 -1 -1 -74567
-21 13 -18 12 -59093
-12 10 0 11 -72085
-1 10 -5 14 -79959
22 21 23 24 -58135
0 -10 24 -21 -68161
4 -10 5 -8 -52475
24 12 23 13 -62981
-11 4 -10 10 -66187
-24 24 -20 24 -53231
1 -20 1 -19 -77661
22 24 22 22 -60981
24 -9 24 -7 -46135
24 21 23 18 -58459
2 10 8 11 -59985
-20 22 -23 20 -72385
-22 -10 -24 -11 -66289
-24 -15 -23 -15 -57831
21 -4 20 -7 -56965
-2 -20 -1 -18 -80321
-20 19 -19 21 -72721
-23 18 -23 16 -67305
2 -24 1 -24 -47653
24 18 24 21 -52351
11 6 10 7 -39665
5 -14 4 -12 -44555
17 -14 17 -16 -72203
-23 -13 -22 -11 -67327
-19 -24 -15 -24 -58025
4 1 4 0 -66315
6 -6 5 -3 -72681
18 -24 19 -23 -53849
-4 -1 -4 2 -56099
-11 5 -8 3 -60827
-12 -18 -12 -19 -69523
18 22 19 24 -61603
-23 -11 -24 -16 -70243
0 10 1 11 -57275
-5 -24 -6 -24 -62381
10 -21 10 -22 -62373
15 -19 15 -18 -56293
-23 16 -24 18 -68495
18 24 20 23 -43833
7 12 8 12 -46973
-4 -15 -4 -14 -64533
-4 13 -4 12 -62777
8 -24 8 -22 -52795
9 -13 10 -9 -40475
-1 -11 -1 -13 -67461
19 -16 15 -15 -59917
12 -24 11 -24 -54459
-13 -18 -12 -17 -65945
14 22 13 24 -52343
2 2 0 1 -51033
-14 24 -2 23 -60877
11 23 13 24 -56289
-17 21 -12 23 -58189
-8 20 -4 21 -59999
7 8 8 3 -46545
-23 -22 -24 -21 -49927
0 7 1 -7 -80047
17 1 16 1 -58841
-12 7 -13 8 -59009
-17 17 -16 15 -51187
10 14 10 15 -43053
24 -16 23 -16 -53947
-19 5 -18 5 -56985
-24 -21 -22 -19 -70759
21 -2 23 -2 -55445
-14 -24 -15 -24 -52269
-1 -10 -2 -8 -75553
19 16 19 17 -53341
24 -11 24 -13 -64891
-17 0 -19 -20 -75969
12 -2 8 -3 -45901
-9 16 -10 17 -56909
-8 20 -11 23 -58903
-7 15 -7 19 -57251
-1 -1 -2 0 -66567
12 24 11 23 -56723
-24 0 -23 -2 -55749
15 -24 13 -23 -55491
-13 -4 -13 -8 -67493
5 -3 -24 -18 -69089
21 -23 22 -24 -59133
-10 -11 -9 -10 -71879
24 -20 24 -24 -68551
3 21 3 24 -56515
-13 -24 -13 -23 -51521
13 -8 11 -4 -62281
-6 -18 -6 -22 -80011
-24 9 -24 7 -50885
24 -18 24 -15 -63547
10 -21 12 -21 -58655
-1 -9 -2 -13 -75603
-14 3 -16 2 -57547
-8 14 -9 14 -54085
24 7 23 4 -54177
9 -18 8 -17 -56083
-24 -14 -23 -17 -60943
21 6 20 6 -51773
-9 -20 -6 2 -86075
20 -23 21 -23 -62187
0 -5 1 13 -79681
-23 17 -23 20 -67481
24 16 24 16 -238903
-21 -13 -22 -16 -75379
-7 12 -5 11 -66589
-3 -11 -1 -24 -83677
-6 -24 -7 -22 -66117
5 -3 5 5 -70669
-18 -5 -21 -5 -56807
4 -21 1 -16 -69557
23 2 24 2 -44047
24 -3 24 -2 -53489
24 -5 22 -6 -55423
-24 0 -24 -1 -47455
0 -16 -1 -6 -84687
23 -1 23 0 -49795
-18 3 -17 0 -48123
-20 8 -20 10 -56345
-24 18 -23 17 -61401
12 24 14 24 -47269
24 -14 24 -10 -68145
-7 11 -7 13 -62771
-2 -23 -3 -24 -55733
7 12 7 7 -60707
-24 18 -24 24 -64447
-11 14 -14 10 -76901
-10 -15 -10 20 -94811
-2 -14 -3 -15 -67003
7 -15 6 -15 -49045
22 24 24 22 -45947
18 -10 17 -11 -53151
-10 -8 -10 -10 -71341
24 -17 24 -16 -62401
3 11 4 10 -59681
10 -16 11 -19 -64595
11 10 11 9 -44635
-16 23 -16 24 -53121
10 -22 12 -24 -56849
-19 16 -20 15 -69769
4 -4 3 -3 -61335
15 -23 14 -22 -59875
16 -20 14 -22 -54655
-17 -24 -18 -23 -59649
-16 -17 -12 -1 -93155
24 20 22 21 -50787
-1 -2 -1 0 -75091
-14 14 -13 13 -56133
19 -5 23 -3 -67511
10 -8 11 -9 -47775
-21 -23 -20 -24 -50775
24 13 23 15 -62691
17 9 16 9 -50551
-12 16 -13 16 -54169
-24 14 -24 16 -59905
2 -18 0 -21 -75605
24 4 24 5 -53219
16 10 17 4 -57545
-24 -19 -24 -17 -58459
19 -9 20 -8 -53367
-13 23 -12 24 -62571
-24 10 -23 10 -53259
1 -15 6 -13 -65587
20 18 22 19 -53561
-21 -7 -8 -10 -86523
0 -11 1 -6 -72479
-9 22 -11 21 -67869
-14 -12 -14 -13 -60329
22 14 24 14 -58845
-11 18 -11 20 -62381
16 -16 15 -14 -65455
-1 20 -1 22 -64955
-12 13 -14 8 -80283
18 -1 18 -2 -62407
-7 -23 -6 -22 -69861
-23 -19 -24 -19 -60871
-17 -21 -19 -23 -63053
-1 -23 1 -24 -46523
-17 -16 -17 -17 -57685
-22 14 -24 15 -59709
24 6 -24 2 -55973
24 -5 23 -4 -47335
-15 -6 0 -18 -96379
-13 8 -11 9 -65535
0 -14 -12 -13 -94453
-24 -5 -23 -6 -41037
-6 -12 7 -13 -73851
-12 -21 -12 -18 -69771
8 -12 7 -5 -59481
-21 0 -24 2 -61595
21 -23 21 -24 -63085
-13 10 -13 12 -64663
-3 15 -4 16 -67769
14 -15 12 -17 -46563
3 23 -6 24 -58659
-23 11 -23 10 -49933
18 0 16 2 -56831
-1 8 0 9 -59365
-10 -13 -10 -15 -71239
