5 -16 8 -18 -62430
-20 6 -19 4 -67662
18 -24 15 -23 -60140
-12 -23 -13 -24 -56574
-24 4 -24 3 -56162
9 23 10 23 -62084
-15 14 -18 12 -60514
18 -24 20 -24 -61918
-10 -1 -12 -2 -54614
17 20 16 20 -53644
-11 -23 -9 -24 -60474
-5 5 -2 5 -59546
-5 24 -4 0 -74496
-18 -19 -16 -19 -63382
2 3 2 2 -64502
-14 22 -15 20 -62094
11 6 10 5 -55634
9 -6 -4 -9 -90606
6 -24 3 -21 -55088
5 21 3 21 -52664
-20 -7 -23 -6 -62154
24 6 23 8 -49516
21 11 2 8 -64224
-8 -23 -6 -24 -55926
-23 23 -22 21 -57084
-24 -1 -24 -4 -46946
-16 18 -16 19 -51830
13 -24 13 -23 -42648
16 -4 -1 -8 -87862
15 24 16 23 -59514
3 5 4 5 -57840
16 -1 15 0 -48568
4 -17 6 -18 -59474
-4 2 -3 3 -57498
-22 -22 -23 -23 -60460
11 -4 11 -5 -50302
-11 24 -11 23 -51370
-24 5 -21 5 -54982
-20 -23 -24 -24 -56356
-24 -13 -24 0 -55216
19 13 19 12 -68286
0 -24 -4 -24 -46982
-10 9 -9 10 -65194
13 1 13 0 -53794
-15 -6 -15 -8 -96104
-23 14 -23 15 -58852
4 1 4 -2 -55490
13 -24 -17 -24 -57542
-8 -15 -8 -18 -68162
24 -15 22 -11 -59854
10 -1 8 1 -52104
-10 -6 -10 -9 -70766
-24 16 -23 17 -54980
-23 21 -23 24 -57606
-14 -3 -14 -2 -63696
19 -21 19 -20 -54396
13 1 12 -1 -56456
-2 23 -5 21 -51528
-24 19 -23 22 -56900
0 -19 -2 -24 -65328
23 7 24 7 -54412
-24 -10 -24 -14 -46830
2 3 2 6 -64336
18 16 -24 13 -70044
23 -23 19 -24 -64226
17 4 17 -3 -65836
-10 -21 -11 -21 -65906
-23 -18 -23 -19 -64222
-1 23 -2 24 -60760
23 20 24 20 -55294
-12 3 -12 2 -68080
24 10 24 11 -47258
7 24 5 24 -48714
-24 6 -23 5 -56310
-17 17 -20 15 -62860
-19 -9 -23 -10 -65352
-6 24 -6 22 -52158
-15 -7 -14 -5 -87304
-11 24 -10 22 -55058
-6 -16 -5 -18 -80896
21 11 17 11 -50432
-24 6 -23 8 -52646
-18 21 24 24 -61168
6 -1 5 -1 -64598
-9 -24 -8 -23 -55532
-21 -10 -21 -12 -51064
24 -12 24 -16 -57288
6 -3 1 -6 -77664
1 -17 -1 -18 -56388
-20 -21 -20 -20 -62084
18 -11 6 -22 -71474
-23 -14 -24 -15 -60874
9 17 8 20 -59880
11 12 16 10 -59128
-12 0 -13 0 -54780
2 12 3 10 -57434
9 -7 16 -8 -52482
15 -9 17 -10 -50774
-8 18 -9 17 -56292
-7 8 -6 9 -55958
-14 -6 -15 -8 -87596
9 -24 8 -24 -39576
-11 23 -10 24 -57032
0 7 -1 7 -57836
-1 4 -1 1 -68744
4 -1 6 -17 -73804
-5 -15 -3 -9 -93090
-2 19 -1 20 -51550
1 -24 0 -22 -59078
-9 2 -9 5 -69186
23 -23 24 -23 -50486
17 -4 16 -1 -57632
-24 9 -23 8 -56756
-24 3 -23 6 -56784
14 -6 14 -5 -50968
0 -12 0 -11 -85102
22 3 -12 0 -79190
-16 -3 -18 -3 -60622
13 24 14 23 -62006
1 3 1 4 -68924
-15 6 -14 7 -59716
-16 3 -17 4 -66862
22 10 22 8 -54300
-11 15 -10 16 -59450
-2 18 -3 19 -61950
2 -3 0 -4 -68762
-24 2 -24 1 -47676
3 -24 5 -22 -53772
-16 -3 -3 -6 -80086
-20 -18 -22 -19 -66820
22 13 22 14 -59220
-17 10 -18 9 -60530
-5 -20 -6 -19 -73910
-8 -14 -8 -16 -65650
8 8 6 12 -53756
23 -12 24 -11 -56400
-18 24 -11 24 -52460
0 -10 1 -10 -57088
22 10 21 12 -66708
4 8 3 10 -54432
4 13 3 12 -62436
24 -14 22 -15 -62850
10 -5 1 -12 -78212
-23 -22 -24 -23 -52150
-3 -11 -2 -11 -53010
0 -24 2 -24 -52288
-23 22 -22 22 -50846
19 -6 17 -5 -48446
0 -4 -24 -23 -70010
1 0 2 0 -60112
19 5 20 8 -59200
11 -21 9 -24 -55382
24 12 22 11 -56868
11 17 12 19 -53016
-2 1 -1 0 -57962
8 17 8 20 -54444
-3 -11 -4 -13 -82272
-17 23 -21 24 -51564
18 20 19 21 -67428
-12 -23 -10 -23 -64482
0 -23 2 -22 -56928
-19 6 -22 4 -61200
21 23 21 24 -61014
-16 -13 -15 -11 -69204
16 -6 -2 -10 -88988
-3 -1 -3 0 -61696
24 -23 -24 -23 -56396
-24 -21 -24 -23 -54528
1 12 1 14 -57702
-3 -8 -3 -9 -59006
24 0 23 -1 -60536
-20 -22 -20 -24 -57672
-17 -2 -17 -5 -78846
-8 21 -7 21 -49928
-18 -14 -14 -17 -69720
-24 12 -23 13 -52346
2 7 1 7 -61650
5 15 0 16 -54754
22 -23 22 -24 -58556
16 13 13 15 -56524
-1 21 0 18 -59872
16 -23 18 -23 -59612
-15 -10 -16 0 -92808
-14 1 -16 2 -60700
10 -19 14 -18 -53402
-10 14 -10 10 -55634
-20 16 -21 16 -65604
18 7 18 12 -65178
-19 6 -19 7 -60782
-12 -10 -12 -7 -73556
16 0 16 -3 -63078
-1 -21 0 -23 -65780
23 -2 24 -3 -53800
-23 -10 -24 -10 -65766
-23 -16 -24 -18 -63776
23 6 22 0 -64404
-1 -5 0 -5 -57284
-17 -8 -17 -8 -237742
-7 1 -7 -8 -69902
3 -24 24 -24 -55246
4 23 5 24 -50940
-1 13 -4 12 -63240
-17 -22 -17 -24 -56678
8 -12 8 -13 -50114
-14 16 -13 13 -68546
-5 17 -5 14 -67784
24 -2 23 -4 -59116
-21 18 -20 16 -59554
-24 14 -23 12 -54922
0 -3 0 -4 -58094
15 17 15 19 -52916
-21 -15 17 -15 -73022
18 19 18 20 -54250
-24 -24 -8 -24 -67586
14 24 22 24 -57830
-6 -13 -5 -7 -80916
-24 -20 -24 -21 -58964
-15 -6 -15 -8 -96104
6 -19 7 -22 -55624
23 -21 24 -23 -58584
7 -3 -21 -3 -75866
24 3 24 4 -54756
16 16 15 12 -66268
-16 -4 -17 -5 -73116
-14 -7 -13 -9 -72034
-12 18 -11 17 -60716
22 4 24 2 -56866
20 -10 21 -13 -57484
11 -7 12 -3 -55432
5 -8 5 -9 -47860
0 10 2 10 -59908
-2 -4 -1 -5 -47578
23 7 24 8 -54500
10 17 9 17 -45458
14 23 17 24 -56766
-17 14 -17 12 -58220
-19 -10 -17 -11 -55608
2 10 2 11 -55038
15 -23 13 -23 -53476
0 23 -2 23 -61870
12 -23 11 -24 -50820
-4 -19 -1 -17 -57056
-14 -6 -15 -5 -61876
23 -21 24 -21 -57944
0 -1 -1 -2 -64522
12 -17 13 -15 -54142
24 24 24 3 -57228
21 -20 20 -16 -54690
-6 11 0 -6 -81356
19 24 19 23 -58094
1 22 0 24 -58262
24 -8 24 -7 -47596
-10 10 -11 9 -63708
7 23 8 20 -58308
24 14 24 17 -43916
17 7 16 8 -48832
-21 -24 -24 -24 -52238
-8 -20 -9 -24 -66126
-13 -9 8 -13 -77930
16 -24 16 -21 -52234
-4 19 -8 20 -53714
-7 13 -7 17 -68620
24 -15 23 -17 -60312
-12 -22 -11 -24 -57878
24 -19 24 -22 -55350
-13 -13 -1 -20 -88524
-19 24 -19 22 -54816
-24 24 -23 14 -67728
17 -23 18 -24 -58096
-4 -23 -4 -24 -49080
-1 23 -3 23 -63688
8 0 10 0 -49224
-1 13 -6 11 -65352
23 -21 24 -19 -50852
24 17 22 18 -57150
24 -5 24 -4 -47948
-18 0 -18 -1 -56854
-24 -3 -19 -1 -62186
-24 24 21 23 -54374
6 -22 8 -24 -47366
22 -18 24 -18 -64348
-5 -11 -5 -13 -79998
-22 23 -20 24 -48618
4 23 3 21 -62168
19 -14 17 -14 -43018
-16 24 -15 21 -56432
-15 -24 -14 -23 -60006
12 19 13 15 -54900
-18 24 -16 23 -49660
7 2 7 1 -50104
18 7 18 3 -52290
10 -13 11 -15 -51340
9 4 9 6 -54370
-8 -5 -10 -3 -65512
10 -20 10 -19 -45238
-8 13 -8 3 -57914
-11 -11 -9 -11 -55024
18 14 19 15 -62834
15 20 16 23 -58948
10 24 10 22 -49372
-10 2 -10 -1 -60566
22 22 21 21 -70270
-16 1 -16 2 -57270
-2 5 -1 4 -65818
-22 19 -23 17 -64008
24 20 22 19 -65452
-3 16 -3 13 -66590
-20 -12 -18 -11 -62756
-24 4 -23 2 -56364
24 -21 24 -23 -56966
9 24 10 24 -59362
0 -8 1 -22 -88010
-21 13 -18 12 -62470
-2 -8 -2 -8 -237742
-13 22 -17 21 -56208
22 21 23 24 -64532
2 -15 3 -13 -63420
4 21 15 6 -81482
24 12 23 13 -57898
-13 24 -6 21 -64388
-24 24 -20 24 -48714
-1 -12 0 -18 -77112
22 24 22 22 -61208
24 -9 24 -7 -47830
24 21 23 18 -60966
-24 -10 -23 -10 -65130
13 4 15 5 -50580
3 18 7 21 -59434
-24 -15 -23 -15 -50568
-8 -4 -8 -6 -59962
-3 -18 -2 -21 -77784
22 1 21 0 -64598
-14 -12 -15 -14 -66554
-12 -13 -13 -12 -71640
24 18 24 21 -48250
-22 18 -23 -24 -64764
5 -14 4 -12 -62784
23 7 -3 7 -71546
-23 -13 -22 -11 -60118
-19 -24 -15 -24 -57960
-8 -14 -4 -17 -78800
16 15 15 11 -67630
18 -24 19 -23 -52976
18 17 19 18 -63476
-24 11 -24 13 -53116
-15 12 19 10 -79620
0 -3 1 -9 -62632
-8 2 -10 3 -61816
0 10 1 11 -60110
-5 -24 -6 -24 -45076
-8 -19 -8 -18 -59990
15 -19 15 -18 -44426
3 21 0 22 -55520
18 24 20 23 -49844
-12 10 -24 -20 -77650
-4 -15 -4 -14 -71188
6 -19 6 -16 -52932
8 -24 8 -22 -46200
-8 24 14 24 -62676
-8 24 1 21 -69344
-10 3 -10 1 -69954
12 -24 11 -24 -49968
-13 -18 -12 -17 -52888
14 22 13 24 -64238
3 -1 3 0 -55966
1 -20 1 -3 -87666
11 23 13 24 -56884
3 -10 4 -10 -59780
13 15 12 5 -60940
-17 8 -18 8 -63910
-23 -22 -24 -21 -51636
2 13 3 16 -56276
5 14 3 13 -59138
-12 7 -13 8 -48458
-17 17 -16 15 -56078
5 -2 4 -3 -60288
24 -16 23 -16 -57378
-19 5 -18 5 -64662
-12 5 -5 5 -67074
-17 -1 23 -16 -76504
-14 -24 -15 -24 -54134
-16 -16 -16 -9 -65400
8 -5 10 -6 -47816
24 -11 24 -13 -53176
15 -11 14 -11 -50766
8 8 9 5 -54746
9 10 -20 9 -73002
-8 20 -11 23 -62468
-19 9 -19 7 -66150
-20 -15 -21 -15 -61004
12 24 11 23 -54820
-19 5 -17 3 -72452
15 -24 13 -23 -55310
-1 -18 -1 -20 -73600
24 -9 19 -11 -60356
21 -23 22 -24 -58242
5 21 5 24 -60216
-24 20 -24 24 -57330
3 21 3 24 -61586
-13 -24 -13 -23 -51362
-24 -13 -24 -17 -53562
0 -18 0 -22 -73606
-24 9 -24 7 -52042
24 -18 24 -15 -61396
-4 23 4 3 -82154
-13 -14 -9 -15 -68154
-20 -16 -10 -19 -80068
7 24 8 24 -51836
24 7 23 4 -58962
9 -18 8 -17 -53730
-12 -14 -13 -11 -72496
21 6 20 6 -55102
5 -15 6 -13 -63192
20 -23 21 -23 -66396
20 14 21 16 -62752
-23 17 -23 20 -62050
-7 5 -8 2 -67002
20 -10 19 -13 -56458
-10 -11 -10 -13 -61632
-5 3 -3 7 -62100
-6 -24 -7 -22 -59206
5 -24 6 -23 -50792
-14 15 -11 15 -56360
8 6 9 7 -54456
23 2 24 2 -51950
24 -3 24 -2 -54724
24 -5 22 -6 -46888
-24 0 -24 -1 -44810
-15 -19 -14 -21 -55466
23 -1 23 0 -51712
13 16 -13 15 -73686
-20 8 -20 10 -63988
-24 18 -23 17 -49392
12 24 14 24 -53504
14 -11 15 -10 -47614
-4 8 -1 18 -76634
-2 -23 -3 -24 -47428
-19 -4 -19 -3 -69696
-24 -22 -22 -7 -69262
9 0 8 4 -55626
-20 -16 -18 -18 -59178
19 23 21 24 -56588
-5 -2 -5 0 -60010
22 24 24 22 -45286
18 2 22 4 -61508
15 -10 15 -7 -45924
24 -17 24 -16 -60066
-11 16 -11 14 -61362
18 -1 22 -2 -50800
14 10 12 14 -65114
-16 23 -16 24 -52316
10 -22 12 -24 -48188
-3 -20 -4 -17 -80160
4 -10 5 -13 -66216
14 -2 17 1 -56562
0 -11 0 -10 -82634
-17 -24 -18 -23 -53384
17 10 16 12 -64426
24 20 22 21 -53424
-17 20 -16 21 -55890
-14 14 -13 13 -64844
-3 -8 -1 0 -72362
-5 -13 6 -12 -75034
-21 -23 -20 -24 -53242
-24 -3 -23 -2 -50600
-1 -9 -1 -12 -87992
-23 -24 -24 -22 -51326
-24 14 -24 16 -55526
22 -15 20 -13 -57724
24 4 24 5 -55390
-21 1 -20 2 -61298
-24 -19 -24 -17 -61498
19 -9 20 -8 -51444
-13 23 -12 24 -59806
-24 10 -23 10 -49434
-21 14 -22 14 -63840
-6 -13 7 -3 -90662
23 3 23 -17 -61352
-24 -13 -22 -19 -55142
-12 -13 -7 -20 -84696
-6 3 -7 3 -65174
22 14 24 14 -59894
-11 18 -11 20 -52838
16 -16 15 -14 -48458
-1 20 -1 22 -54376
-3 5 -5 -23 -80204
-19 -5 -18 -8 -66990
-7 -23 -6 -22 -57222
-14 -2 -13 0 -56812
-17 -21 -19 -23 -63304
-1 -23 1 -24 -58850
11 -16 11 -15 -56258
19 -9 20 -10 -50896
18 -8 18 -5 -50616
24 -5 23 -4 -50506
21 -22 20 -23 -59642
-16 -10 -15 -9 -61384
-24 -4 -24 -6 -44584
-24 -5 -23 -6 -48122
-2 0 -15 0 -81544
-12 13 -15 -1 -73368
11 7 11 6 -53520
2 17 2 16 -44350
21 -23 21 -24 -60340
-13 10 -13 12 -53970
10 0 -1 0 -80114
-9 -11 -3 -13 -60444
-16 23 -6 24 -61052
-23 11 -23 10 -52440
-7 21 -7 23 -56856
-11 -23 -10 -20 -63246
-17 -1 -20 -1 -65396
