20 -15 22 -19 -72461
-17 -18 -22 -20 -83831
-20 20 -21 23 -50961
1 8 0 10 -59163
7 -1 4 -5 -76399
19 -8 19 -9 -70891
-1 -4 0 -4 -76641
-4 -19 -4 -14 -76825
24 -8 20 -11 -70587
24 -12 24 5 -76575
24 5 22 22 -55063
21 22 19 23 -58069
-8 -22 -3 -21 -65165
-14 -20 -16 -24 -53075
7 6 7 9 -55985
22 8 22 1 -61049
16 -3 15 -1 -68985
-8 19 -8 18 -53343
2 22 3 24 -54879
0 8 -24 -3 -83433
-5 -7 -14 -15 -97789
13 8 14 3 -54325
13 -7 14 0 -78793
-21 21 -24 15 -57605
-21 -8 -22 -4 -73939
23 -20 24 -24 -47467
11 -4 9 3 -88361
-12 16 -16 15 -64839
-14 -12 -16 -10 -71895
-7 9 -7 12 -62965
1 -12 6 -13 -84397
-10 -6 -11 -6 -77773
15 -23 14 -22 -58705
13 2 19 1 -68079
-6 -9 -3 -10 -60397
-1 24 -4 22 -62411
-9 -12 -10 -12 -75939
2 20 5 16 -62681
0 12 0 10 -62009
21 -2 5 6 -77929
-10 -21 -9 -21 -55997
11 15 7 16 -57391
1 2 1 6 -53839
-10 -22 -8 -18 -76847
23 -1 24 -4 -60591
22 -7 23 -10 -66235
8 -3 9 -8 -74379
8 -13 9 -15 -70837
21 -14 -12 -11 -92843
-16 -21 -15 -20 -72499
-23 -2 -16 -7 -89465
-8 13 -7 12 -63183
3 0 5 1 -72311
-1 -19 2 -20 -78111
-11 -16 -9 -21 -80039
-15 12 -19 13 -65623
-8 8 -7 9 -58781
23 24 18 24 -53965
-20 6 -19 5 -57241
12 4 14 7 -59363
22 -5 22 -8 -69027
-19 -7 -17 -5 -73847
6 20 5 23 -64805
20 -5 20 -3 -74271
-17 16 -15 19 -62521
-10 5 -11 3 -56687
-16 -17 -14 -12 -82231
13 18 19 17 -63169
10 -20 5 -23 -81173
-3 10 -2 15 -69341
24 -5 24 -2 -64361
8 -22 10 -20 -72499
7 14 12 11 -64185
8 15 7 20 -55379
-1 -1 1 2 -81439
-20 -7 -1 -21 -98281
-24 24 -21 24 -43053
18 -13 17 -17 -64295
22 22 15 24 -65161
23 1 22 4 -52709
-18 -7 -3 -5 -97745
24 -3 22 -2 -59883
-19 -4 -20 -11 -74221
0 -15 0 -16 -71613
0 -16 1 0 -84829
3 4 2 7 -55663
8 -11 10 -8 -80575
13 -23 -18 -24 -85047
5 -15 8 -19 -74779
22 7 21 12 -63429
20 -22 24 -22 -54191
-15 -22 -20 -21 -80233
7 13 10 15 -52561
16 2 24 5 -72799
-1 19 -1 20 -58997
-16 -18 -23 -24 -68565
23 -24 10 -24 -70555
13 -16 11 -16 -63923
11 3 9 9 -60381
11 -12 12 -16 -66467
9 23 15 23 -43917
-4 -24 -10 -18 -65775
22 10 24 6 -50655
10 0 -8 -4 -88401
-24 -6 -20 -9 -76945
-21 23 -23 20 -51701
11 -14 11 -8 -70541
-13 -19 -12 -19 -61865
-4 -5 -1 3 -78043
2 -20 1 -24 -56817
-16 0 -14 -11 -77969
19 18 18 19 -65285
20 -9 19 -11 -70897
-17 15 -20 18 -66987
-13 21 -21 -22 -78413
20 18 23 22 -62867
0 20 3 23 -66859
-21 24 -23 22 -44911
16 -17 14 -13 -69359
14 -21 17 -21 -73095
-10 -23 -20 -22 -78857
6 23 6 -7 -82377
-9 10 -7 9 -63517
-3 -19 -1 -24 -57577
19 18 24 19 -57963
-9 -8 -10 -7 -73487
-10 19 -13 19 -62595
-20 5 -21 1 -55799
1 -2 2 -2 -70557
13 18 13 20 -66631
-24 -2 -21 0 -58409
18 -21 19 -24 -69409
-13 -6 -12 -6 -68769
-8 22 -5 21 -57161
2 -9 2 -8 -62565
-13 -16 -16 -23 -77855
6 -1 2 -2 -79249
6 -11 6 -12 -66501
11 -7 8 -9 -73425
3 -4 5 -5 -74745
-3 -18 0 -15 -78009
23 -14 24 -6 -72971
20 1 21 -3 -65241
3 -2 3 -1 -61853
6 20 7 21 -59209
-23 -1 -21 -2 -62703
-8 -6 -7 -6 -72883
23 -20 -19 -24 -85723
-1 24 -11 24 -58489
2 3 6 3 -70351
-6 -8 -6 -4 -68445
2 -24 -1 -21 -55423
-19 -2 -22 -4 -76163
-24 7 -23 5 -56781
16 -10 17 -4 -76953
10 -1 10 2 -73903
12 12 10 11 -48309
2 -18 0 -20 -74291
6 -3 6 -2 -69967
6 7 8 14 -62539
-21 17 -23 24 -51917
1 -10 4 -9 -72811
-2 -12 -1 -13 -65379
2 -20 0 -23 -68849
8 -16 -11 -17 -99727
-23 -10 3 20 -85251
-2 -19 -4 -22 -67321
-9 22 -9 21 -53423
-1 2 -2 1 -75401
-3 -22 -1 -22 -71177
-23 -6 -22 -15 -76335
-24 -20 24 -23 -75519
20 15 22 12 -62617
-22 1 -21 0 -60205
-9 10 -13 12 -60735
2 0 0 -24 -86415
-23 0 -23 2 -49851
-16 -1 -15 0 -63761
20 -21 20 -24 -71961
-8 -1 -9 -4 -67517
4 0 3 2 -63291
18 -23 22 -22 -60917
-7 -16 -18 -8 -100025
8 -19 8 -21 -65715
6 -23 10 -23 -70261
20 -2 19 -2 -63235
3 8 4 14 -65861
13 0 14 2 -66963
23 -4 24 11 -65433
0 3 1 4 -64521
20 -14 21 -14 -67507
1 22 4 19 -71189
-24 -24 0 -21 -82649
-14 24 -13 23 -44469
-18 -17 -15 -17 -77239
-9 20 -6 17 -65013
0 24 3 23 -51457
1 22 -4 22 -58087
24 -2 23 -7 -72861
-19 12 -19 11 -58485
-17 22 -16 20 -60087
22 4 24 10 -55425
-4 6 -5 7 -58387
-19 -2 -18 -3 -67829
-8 -8 -10 -11 -80327
13 24 22 23 -59337
11 -1 11 3 -73347
-1 -19 -24 -24 -83211
22 -13 23 -22 -67507
-5 -19 -11 -23 -73073
-2 24 -4 24 -51435
23 -10 22 -14 -66317
9 -6 8 -5 -64349
-23 -6 -23 -11 -67333
-8 -19 -13 -14 -91659
2 22 1 24 -55079
7 -22 8 -23 -50189
-14 -8 -14 -11 -63841
-12 0 -8 2 -71649
0 24 -2 21 -63451
-18 -6 -18 -4 -63509
-16 11 -17 16 -61341
1 -6 0 -7 -71075
19 0 18 5 -60567
-18 -7 -12 -2 -89749
1 19 0 21 -68209
13 9 11 16 -68871
-21 2 12 0 -82659
-2 20 -2 23 -59539
16 -3 16 -5 -69685
-10 -15 -14 -15 -72159
0 -19 -5 -12 -87583
16 -12 17 -14 -67635
-24 -14 -22 -12 -57879
-5 20 -8 12 -72139
-7 -13 -8 -14 -75053
22 -21 22 -6 -72621
16 5 18 8 -58271
-19 24 -10 23 -61531
20 -22 19 -24 -63917
20 -15 18 -15 -67901
-12 -3 -21 -4 -82991
-7 18 -6 14 -56417
-8 4 -11 6 -57821
-24 3 -24 10 -57703
20 -13 24 -16 -71583
13 -15 18 -14 -72755
-24 8 24 14 -62765
-5 1 -3 -1 -59325
-20 -18 -23 -18 -75721
1 -10 23 -14 -81903
-6 8 -5 8 -58127
20 -19 24 -24 -65015
20 -20 24 -17 -64193
-19 14 -11 17 -75047
-2 -13 -7 -19 -86351
20 1 24 1 -73225
3 4 0 6 -58515
-10 24 -11 20 -53257
12 13 14 18 -56271
-1 -12 0 -11 -62177
-19 2 -22 0 -66119
-21 16 -24 17 -44735
-22 -12 -21 -13 -70999
17 -16 17 -17 -59199
-17 23 -22 24 -46917
-6 -19 -8 -24 -64105
2 -5 3 -3 -61387
-23 -1 -23 -3 -56617
16 -8 14 -5 -67949
-21 6 -24 8 -62575
-20 -5 -23 0 -76589
-12 1 -13 1 -57305
13 9 13 6 -55319
21 1 24 4 -68369
-19 -19 -20 -17 -77725
1 20 -4 13 -66623
7 17 1 13 -54535
-18 -19 -19 -16 -76825
-20 -16 -23 -15 -76023
-12 10 -9 14 -63841
-21 -7 -21 -12 -73901
-10 7 -10 8 -50509
-21 17 -21 21 -56155
16 -22 16 -18 -62445
23 -22 9 -21 -80813
13 -6 14 -11 -69759
15 20 15 22 -60937
-6 11 0 10 -67257
-15 0 -14 2 -56631
-7 20 -12 22 -65367
2 -20 1 -14 -87371
15 -4 11 -6 -69289
-1 -1 0 4 -68113
1 16 -1 11 -62813
2 -18 1 -18 -73249
-24 -16 -22 -9 -63771
-19 8 -19 10 -63167
-22 10 -23 -6 -67595
20 13 19 12 -52811
2 -18 2 -16 -79355
-24 9 -23 10 -45137
23 7 -18 -11 -85719
7 20 8 24 -56637
-7 -10 -8 -12 -74807
-23 -7 -24 -3 -59249
2 -21 -2 -23 -70685
-7 0 -6 1 -66681
18 -22 17 -24 -68269
21 12 23 8 -61475
24 -9 22 -12 -68035
-3 8 13 5 -72787
-20 -7 -22 -7 -78045
23 14 19 19 -73619
6 -4 6 -6 -70201
11 -11 10 -11 -64225
-9 -21 -9 -18 -69313
16 3 16 -2 -72421
-15 -24 -19 -23 -67317
21 -4 -22 -9 -84753
-1 -5 0 -7 -63221
13 -23 14 -24 -49969
7 -7 8 -11 -70679
12 20 12 22 -62527
-22 -22 -20 -22 -61635
6 -13 7 -14 -70751
-21 -12 -24 -24 -59991
-6 20 -7 24 -52601
-23 16 23 13 -64149
-10 -16 6 -15 -99363
10 23 8 14 -68729
-4 -7 -7 -7 -68669
-17 -24 -14 -23 -62303
-24 16 -23 11 -51539
-3 24 -24 24 -54333
4 22 5 22 -49121
-10 24 -12 24 -50505
-23 -16 -20 -19 -73091
4 1 5 0 -68147
-8 -2 -8 -1 -61327
1 -11 1 -14 -63487
12 -3 11 -1 -76951
-10 13 -12 16 -62565
-17 -23 -19 -20 -55647
-23 18 -24 10 -58339
4 -14 0 -12 -87133
5 -16 2 -16 -72721
-24 9 -21 7 -60275
6 21 16 24 -49563
14 -19 12 -22 -73127
19 9 20 12 -64397
11 -2 12 -2 -53497
23 -19 22 -20 -56579
6 3 5 -4 -74431
20 19 22 18 -63205
5 -20 5 -18 -78707
15 15 17 12 -64017
14 -6 16 -6 -63565
-1 16 -2 17 -53543
-24 8 -24 14 -58207
-18 4 -15 7 -63701
-16 20 -21 24 -61393
15 17 15 22 -69271
19 -17 16 -20 -69173
9 -6 7 -11 -81581
-5 7 -5 10 -58073
-9 0 -10 0 -64677
-5 -13 -4 -8 -67761
-10 -11 -11 -16 -71575
-18 19 -16 20 -60927
-11 14 13 -5 -87405
-17 -11 -18 -14 -72601
-12 20 -13 22 -54455
17 -9 15 -13 -67517
1 8 0 8 -61803
14 14 15 14 -57609
-10 -2 -18 17 -81981
20 -2 23 -12 -87109
-12 -17 -11 -14 -74209
-21 -23 8 -23 -85655
-1 -10 1 -6 -75991
-1 12 1 10 -61929
-21 4 -18 9 -66251
-17 -6 -14 -4 -79677
-24 -11 -23 -20 -64615
-5 21 -4 22 -56579
-10 12 -10 14 -59499
4 22 4 24 -52345
0 12 -4 11 -64201
6 22 -2 21 -63467
9 3 7 3 -50809
8 -13 9 24 -83429
17 8 24 11 -57881
-6 11 -5 13 -68477
-21 -10 -19 -9 -78437
17 14 21 13 -63153
-18 8 -17 6 -58665
23 0 21 0 -73723
22 21 21 12 -53273
-6 -6 -12 -2 -83529
-6 5 -7 2 -55497
-8 -24 -5 -16 -81951
-12 -6 -13 -9 -71105
20 1 24 7 -74629
-8 22 -10 21 -59921
-11 24 -14 21 -50985
-19 16 -15 14 -70161
14 9 14 11 -55923
-24 -19 -22 -17 -47629
21 -5 18 -5 -66343
9 -21 3 -24 -69939
22 -16 24 -21 -65133
0 5 -2 4 -68627
-1 1 -2 -24 -85221
-23 -9 -22 -11 -67585
12 -4 11 2 -88471
10 13 12 10 -66183
-15 -17 -14 -14 -78779
19 -21 19 -24 -74871
-1 8 2 9 -64655
0 -18 -2 -17 -78815
-14 8 -14 10 -54775
-19 8 -16 10 -60751
5 -16 6 -15 -65587
10 -22 6 -22 -74861
-13 12 -13 11 -56365
3 -20 4 -23 -56269
-14 -13 -21 -16 -87677
-3 9 -4 8 -61819
-17 -11 -19 -11 -76595
23 22 22 21 -41715
16 20 18 24 -43305
-20 13 -23 13 -50565
20 18 24 22 -62233
-10 -3 -10 -6 -67149
-21 15 -20 17 -57611
20 -10 24 -14 -72693
22 -11 24 -16 -63563
-15 1 -17 2 -57771
-14 -17 -14 -20 -68555
9 -20 8 -19 -64815
21 -5 24 0 -75277
-22 14 -24 9 -62421
18 -22 16 -19 -68935
-19 -12 -20 -11 -75997
-8 -2 -7 -5 -67989
12 18 13 16 -62105
11 20 8 24 -55873
10 -9 15 -7 -73161
-12 18 -12 17 -48877
10 -15 8 -19 -73559
15 18 15 13 -58709
15 1 17 3 -62283
-13 -2 -13 -3 -53877
-20 -17 -18 -22 -71999
-23 0 -23 -2 -57921
0 -7 4 -9 -79345
9 -13 10 -12 -65475
23 -10 18 -9 -67187
-18 -24 18 -22 -86753
-24 24 -23 24 -33567
12 1 17 0 -70045
16 -13 12 -11 -72395
22 14 20 19 -65593
-19 16 -20 19 -61901
-21 -7 -22 -8 -64235
-10 0 -10 5 -52643
6 20 7 20 -52103
-2 1 0 1 -67365
-5 -19 -6 -18 -66949
0 -4 -2 -4 -75267
16 15 12 14 -58713
13 -24 16 -21 -69817
-3 -23 -2 -23 -64049
15 -24 18 -23 -65729
6 -12 6 -17 -74067
5 -20 5 -17 -82171
-22 5 -24 12 -67169
23 7 24 -18 -73607
5 -14 3 -10 -79691
-10 16 -8 17 -67709
-6 16 -9 15 -69065
5 -24 2 -23 -47249
19 -22 24 -24 -54373
-12 -14 -10 -19 -87209
3 8 3 9 -55305
6 -6 -9 -5 -92045
11 19 19 24 -51693
-6 -10 -5 -7 -69495
-22 -20 -23 -12 -69685
10 -22 12 -21 -62307
23 -4 21 -6 -70923
20 11 20 10 -59109
-6 -1 -6 0 -58671
19 -17 14 -15 -76181
11 -16 10 -20 -70603
-9 -16 -11 -13 -81017
-15 -11 -15 -13 -65449
6 21 11 20 -54043
-19 -22 -23 -20 -70403
-11 -11 -10 -12 -75257
-6 -15 -7 -18 -78045
-15 21 -17 21 -60563
-9 -5 -9 -8 -68621
-20 17 -20 13 -58435
21 11 24 17 -43917
13 21 14 20 -58157
-22 5 -23 3 -52329
21 -22 24 -14 -64007
19 2 15 -6 -83605
-24 -14 -19 -12 -74889
21 -3 24 -3 -68449
