-5 -18 -1 -18 -71705
-7 14 -6 16 -72269
-20 20 -21 23 -59329
14 6 17 -8 -95105
-4 -5 -3 -20 -87417
21 -14 23 -15 -50897
-13 -23 10 -24 -63173
-2 24 -24 22 -56559
3 -8 0 -10 -72621
24 -12 24 5 -65717
15 -12 17 -13 -49359
21 22 19 23 -57727
5 24 8 20 -61161
-14 -20 -16 -24 -61501
11 -24 5 -24 -50591
22 8 22 1 -72973
16 -3 15 -1 -79457
15 10 15 9 -63985
2 22 3 24 -51993
-6 -14 -5 -12 -61979
2 -4 0 -6 -72259
-23 6 -24 5 -50949
21 -17 21 -20 -67397
7 -14 11 -20 -67277
0 10 0 16 -77529
23 -20 24 -24 -35303
-19 18 -16 18 -64643
-23 7 -23 8 -46139
5 -5 4 -7 -72943
7 -2 0 -6 -90549
0 5 -15 7 -78383
-10 -6 -11 -6 -67939
-19 7 4 17 -82223
-10 -23 -8 -23 -62525
8 11 6 10 -65759
-16 20 -16 18 -59495
1 -15 1 -16 -71909
-15 17 -15 14 -58573
-15 23 -13 24 -70565
0 -23 -2 -23 -57955
-19 12 -18 16 -65583
-16 23 -14 21 -64121
7 13 5 18 -64509
-14 -24 -18 -23 -63973
23 -1 24 -4 -65957
-3 -7 -1 -1 -79759
-11 -8 -7 -8 -69493
-7 -24 -5 -23 -54233
23 -10 22 -4 -49757
-16 -21 -15 -20 -63943
-3 5 -1 6 -66341
-19 -23 -23 -22 -62241
-3 -15 0 -15 -81179
17 16 17 14 -51863
4 5 0 4 -73449
-1 -14 0 -13 -83871
-24 17 -24 22 -46661
23 24 18 24 -54061
-8 19 -7 18 -64015
-21 19 -23 14 -64937
3 -2 2 -1 -76007
-11 -19 -11 -20 -63179
6 20 5 23 -65449
20 -5 20 -3 -71273
7 18 10 17 -61335
-2 1 -1 0 -65031
3 6 4 2 -80113
-5 2 -5 -1 -72137
18 6 15 7 -57601
-17 12 -18 9 -69495
24 -5 24 -2 -53007
8 -22 10 -20 -55843
-3 -19 0 -15 -80047
-15 -6 -13 -7 -60495
-16 15 -19 15 -65213
2 -18 4 -16 -80297
-24 24 -21 24 -63505
18 -24 17 -1 -98931
22 22 15 24 -63923
23 1 22 4 -67449
-8 15 -8 13 -74163
24 -3 22 -2 -65733
0 13 1 14 -78739
-3 -23 -1 -3 -87407
-24 -24 -20 -18 -65545
-9 -1 -9 0 -75153
9 -5 10 -4 -62579
-9 14 -9 13 -71517
4 -9 5 -11 -65343
15 7 15 12 -68471
18 -19 12 -1 -89989
-6 -11 -6 -9 -69009
-3 15 -4 16 -66229
18 19 18 20 -70477
-20 5 -17 1 -69795
3 5 3 0 -79791
23 -24 10 -24 -57473
24 -17 24 -23 -51849
-24 -5 -23 -11 -50261
-17 -22 -16 -24 -55023
9 23 15 23 -51569
-24 7 -23 6 -51679
22 10 24 6 -47141
-17 23 -19 19 -63211
-20 16 -22 15 -65993
-22 23 -21 23 -68069
-10 -12 -9 -12 -60459
-1 24 -3 23 -67997
-24 -23 -23 -20 -43965
2 -20 1 -24 -63201
22 12 18 12 -60675
0 -2 0 14 -92955
20 -9 19 -11 -63313
-19 14 -10 12 -62393
2 -11 1 -12 -75209
16 -23 17 -2 -103765
-17 -8 -14 -7 -57435
-21 24 -23 22 -56559
-12 -1 -11 -2 -72577
22 -10 24 -8 -54963
-17 12 -17 10 -65747
-21 -6 -21 -4 -58953
-2 24 -3 23 -65607
-1 18 1 14 -72689
19 18 24 19 -57395
-13 -1 -13 1 -72763
6 7 5 6 -63731
0 -17 4 -17 -81109
13 -2 5 -24 -92897
-24 -20 -23 -15 -57703
-24 -17 -24 17 -57885
16 -14 16 -13 -52177
13 23 14 23 -41003
14 -24 18 0 -102489
-16 -23 -16 -17 -65181
18 24 16 23 -41269
22 -18 22 -13 -58953
6 -11 6 -12 -61605
-12 -7 -12 -9 -60125
-19 20 -21 20 -66685
-6 -16 -7 -15 -67043
2 -21 4 -20 -68873
20 1 21 -3 -79719
0 -23 18 -24 -67577
-20 -12 -17 -12 -58385
-24 0 -23 1 -53975
23 -13 23 -10 -45823
1 -1 0 -1 -70581
13 -1 15 -22 -96757
11 3 9 3 -76747
-12 0 -12 -2 -79981
2 -21 0 -24 -60171
-23 12 -21 11 -56069
-4 7 -5 10 -60963
-3 17 -5 16 -73089
10 -1 10 2 -64263
12 12 10 11 -74463
-8 -16 -8 -17 -66569
15 -12 13 -14 -62471
-7 -9 -7 -10 -68237
-1 -22 -2 -23 -56181
23 7 20 3 -79839
24 -15 22 -20 -62853
23 -24 6 -18 -67229
-14 13 -14 14 -60865
-19 19 -23 24 -67025
20 -10 18 -9 -47199
-15 9 -16 5 -59843
-13 -4 -13 -5 -62627
2 10 24 9 -81907
-19 11 -21 11 -61433
-24 -20 24 -23 -47835
20 15 22 12 -63239
0 -9 5 -12 -79297
-18 -22 2 -24 -66171
0 13 1 15 -78431
-16 5 -15 3 -63369
-24 -21 -23 -18 -63495
20 -21 20 -24 -42949
14 -23 16 -24 -46489
-4 -24 -5 -20 -58245
18 -23 22 -22 -61117
-23 2 -24 5 -51299
17 -19 17 -18 -62515
-22 -4 -24 -3 -56195
-14 0 -13 6 -75359
-12 -12 -13 -12 -62403
-10 -18 -9 -19 -66487
23 -4 24 11 -73715
-5 8 -6 -3 -86299
7 11 7 12 -51581
0 24 1 23 -67021
-24 7 -23 4 -55533
-14 24 -13 23 -51385
-24 -17 -23 -19 -40397
-17 -12 -16 -16 -57529
0 24 3 23 -58863
17 6 20 5 -60873
15 -2 19 -4 -66515
-19 12 -19 11 -64809
-8 -18 -8 -21 -67943
22 4 24 10 -56103
-23 -16 -23 -21 -58661
0 21 -3 19 -66971
9 14 11 15 -66225
13 24 22 23 -58971
-10 -11 -10 -16 -70247
12 13 12 16 -51263
-8 -22 -13 -24 -66405
9 -20 10 -23 -65957
-2 24 -4 24 -61933
22 5 4 -9 -95517
-4 -18 -6 -19 -57349
14 22 15 18 -78619
4 4 9 -2 -82705
2 22 1 24 -70285
7 -22 8 -23 -61531
-1 -16 -1 -17 -73279
-1 -18 -1 -19 -61875
0 24 -2 21 -64761
-12 18 -7 17 -65279
-24 -14 -22 -15 -42445
-1 2 1 5 -76437
-5 6 -10 5 -64557
-24 12 -24 10 -45195
15 19 18 18 -49625
-13 7 -12 6 -57049
-12 -9 -11 8 -90807
2 19 3 17 -66327
16 -3 16 -5 -79745
16 -17 15 -19 -63657
20 -2 -23 -3 -63163
-22 0 -23 -14 -68629
-24 -14 -22 -12 -46355
1 0 23 -1 -81669
-19 -5 -20 -6 -59091
-2 -10 -5 -9 -66855
-5 9 -2 12 -73187
-18 9 -16 10 -60421
20 -22 19 -24 -46985
12 21 11 20 -56413
0 18 0 19 -54993
11 20 10 16 -56893
-23 22 -24 21 -49417
-24 17 -24 16 -50593
9 -4 12 0 -83099
22 -20 24 -19 -58547
2 8 20 13 -88551
-9 21 -10 23 -64581
-20 -18 -23 -18 -61505
5 -4 7 -8 -73511
-20 -10 -19 -10 -59043
-13 -19 -14 -20 -61765
3 -17 4 -17 -73771
-16 -5 -24 23 -75427
-23 16 -24 17 -58061
14 -7 14 -8 -47303
0 11 -1 14 -67867
-19 9 -21 10 -61203
-1 -11 11 6 -99841
-1 -12 0 -11 -79853
-15 -16 -17 -13 -60437
-21 16 -24 17 -63133
3 -23 4 -24 -63907
3 -10 -18 -13 -77623
-16 20 -15 17 -64791
-6 -19 -8 -24 -64515
21 18 2 -1 -81377
-23 -1 -23 -3 -60761
-9 -8 -9 -5 -68983
-20 -7 -17 -8 -64357
-11 23 -10 21 -63679
-10 21 -9 22 -59403
13 2 13 5 -63095
21 1 24 4 -66989
19 5 23 5 -63841
-19 -3 -15 -4 -62939
-13 8 -9 12 -66423
3 -9 7 -10 -74039
-19 -22 -19 -23 -47373
8 -2 15 0 -92745
-12 -7 -14 -9 -65245
-10 7 -10 8 -61799
16 -6 19 7 -101365
-4 -8 -3 -6 -80833
-9 21 -6 21 -74683
19 -20 21 -21 -57675
15 20 15 22 -71537
13 12 11 12 -68083
-7 21 -10 21 -71247
7 18 7 13 -59775
-10 -13 -10 -14 -63611
9 12 6 13 -66201
-15 -4 -18 0 -68907
2 13 0 12 -67033
-6 22 -3 18 -71729
-13 -13 -12 -8 -62443
-6 23 -4 22 -67117
0 -21 3 -24 -67739
9 -13 10 -11 -67673
3 -23 3 -24 -50595
-24 9 -23 10 -57521
-17 24 -16 24 -54325
7 20 8 24 -52437
-24 8 -23 9 -56723
-4 -20 -6 -18 -69753
2 -2 -5 -3 -72621
-16 -9 -15 -13 -57721
18 -22 17 -24 -49289
21 12 23 8 -53633
24 -9 22 -12 -58053
23 -19 22 -19 -57213
-13 0 -10 0 -65355
-8 10 -5 10 -66041
8 6 7 7 -74967
6 -13 4 -13 -64949
-20 0 -19 -24 -63749
16 3 16 -2 -84579
-15 -24 -19 -23 -60431
-21 -21 -19 -20 -63621
-1 -5 0 -7 -84065
13 -23 14 -24 -43381
-2 -7 -2 -6 -88073
12 20 12 22 -64121
-22 -22 -20 -22 -63551
19 -3 23 -3 -63045
-2 -22 -1 -24 -62759
-6 20 -7 24 -58221
-10 12 -10 10 -65285
14 0 13 1 -69869
5 16 3 14 -59839
20 8 17 5 -74589
-17 -24 -14 -23 -53479
-24 16 -23 11 -49373
-23 -7 -24 -7 -43801
9 -6 19 -8 -76725
19 -9 17 -13 -68263
4 6 6 5 -69537
-12 20 2 19 -85637
17 19 17 21 -77527
-6 -17 -6 -18 -68125
12 -3 11 -1 -66875
20 4 21 -1 -85099
-17 -23 -19 -20 -62949
-14 24 -15 23 -71241
-6 12 -5 12 -65847
15 -2 15 -4 -82781
-24 -1 -23 -2 -55419
6 21 16 24 -57125
6 -10 5 -16 -77157
-17 -16 -17 -7 -59839
11 -2 12 -2 -78395
23 -19 22 -20 -63305
6 3 5 -4 -72561
20 19 22 18 -58557
17 -9 16 -11 -62731
15 15 17 12 -59533
20 -23 22 -23 -61805
-9 9 -11 9 -55533
-24 -2 -21 -1 -55841
-11 -10 -12 -10 -68003
6 -13 4 -17 -75711
23 -12 20 -13 -53407
10 15 6 11 -73211
-3 -13 -1 -13 -76871
9 -21 7 -24 -55053
3 2 1 4 -69845
-3 -23 -4 -22 -61793
13 1 12 0 -78295
-22 20 -23 22 -58349
-8 17 -7 11 -76235
-11 -2 -14 -3 -65449
7 9 8 7 -67763
-12 -21 -6 -23 -65959
-1 24 -1 23 -52957
14 14 0 14 -77517
-23 -4 -24 -7 -57183
0 -13 23 -13 -72077
-9 -21 -10 -22 -70097
6 -18 7 -23 -69151
-1 9 0 9 -53405
-15 24 -16 23 -66307
-1 17 -3 16 -71873
12 -22 13 -19 -52841
-5 0 -6 3 -83145
-23 -9 -22 -6 -56155
3 4 1 3 -75245
4 22 4 24 -58157
-13 -17 -12 -16 -58861
16 -5 17 -1 -87071
9 3 7 3 -74407
-14 5 -14 2 -68203
-6 8 -9 -1 -79457
22 21 23 18 -46607
-9 -9 -8 -2 -79839
-20 -23 -21 -19 -58179
-24 -13 -22 -10 -44873
5 -3 3 -4 -76363
22 21 21 12 -63875
0 21 -3 24 -73133
0 -6 4 -12 -81429
1 -13 0 -13 -74769
-14 24 -16 24 -62779
16 3 16 6 -68641
-7 10 -7 11 -62051
-9 2 -10 2 -58305
-8 -8 -4 -7 -67447
6 11 6 -15 -88475
-24 -19 -22 -17 -62535
24 -4 22 -2 -70717
17 6 15 5 -65645
22 -16 24 -21 -61961
-23 -9 -22 -10 -47275
-4 -3 -2 -4 -60109
-24 -4 -24 -3 -52261
15 -1 18 0 -62675
10 13 12 10 -64913
-17 9 -15 8 -54611
13 -20 15 -19 -58447
-11 11 -11 7 -67451
-8 0 -7 -3 -70561
-14 0 -22 -3 -62301
-12 -15 -12 -17 -55789
11 -19 13 -21 -66865
-5 21 -7 -14 -85907
21 -22 23 -4 -75381
5 -2 3 0 -79095
5 -23 6 -5 -83321
9 5 12 5 -77195
6 15 3 -5 -94439
23 22 22 21 -37157
16 20 18 24 -50377
3 -3 4 -6 -81445
20 18 24 22 -55453
1 -2 2 -1 -70409
-19 3 -18 3 -52973
5 0 5 -4 -67091
-9 5 -8 0 -78369
-19 21 -17 23 -60771
-13 20 -12 19 -62727
-21 1 -20 0 -63289
-15 -20 -14 -20 -58053
-14 24 -14 23 -43375
5 -9 7 -8 -68665
1 17 0 19 -71501
0 -13 -1 -17 -83653
12 18 13 16 -62595
11 20 8 24 -57751
13 -20 11 -16 -69193
-12 18 -12 17 -52847
-5 19 -8 15 -72325
8 -23 8 -24 -44639
24 10 22 20 -58175
-13 -2 -13 -3 -70835
-5 1 -4 0 -72223
-23 0 -23 -2 -61665
16 -15 17 -18 -58719
9 -13 10 -12 -65881
7 0 15 -3 -86869
14 9 12 8 -67451
-24 24 -23 24 -49377
-9 -24 -8 -23 -60133
-6 -13 -7 -12 -62725
22 14 20 19 -64107
-11 5 -12 4 -63491
22 -13 24 -17 -51281
14 4 14 9 -62679
-9 -8 -8 -7 -72659
-22 0 -21 2 -58057
-3 5 0 10 -81361
0 -4 -1 -4 -66639
0 -22 -2 -19 -69319
10 -12 16 -11 -66531
-3 -23 -2 -23 -57421
15 -24 18 -23 -50275
-10 24 -14 22 -62263
-3 1 -2 -9 -86353
-24 -21 -21 -22 -51985
9 -1 8 8 -71983
1 23 2 23 -49321
-12 -24 -13 -21 -52509
13 2 14 3 -70721
5 -24 2 -23 -60713
19 -22 24 -24 -54649
-1 8 -1 14 -70609
3 8 3 9 -55967
9 -14 9 -16 -53549
0 -6 0 -7 -88983
-12 -23 -14 -22 -57207
4 -20 2 13 -90759
10 -22 12 -21 -49827
23 -4 21 -6 -55759
20 11 20 10 -45345
19 4 18 0 -84271
-10 -1 -12 -4 -72779
20 -3 21 6 -94285
-9 4 -9 6 -62727
13 20 13 18 -70183
23 16 20 12 -59499
-24 11 -23 12 -52293
10 -7 20 -4 -79481
0 7 0 5 -72729
-24 1 -24 0 -51405
-22 14 -22 20 -63391
-23 8 -24 1 -55741
21 11 24 17 -57663
-15 -5 -15 -8 -60657
-9 20 -3 23 -72507
5 -18 6 -19 -58123
23 10 22 10 -47043
22 9 19 7 -68789
21 -3 24 -3 -60131
