-12 15 -11 12 -61414
-18 -6 -13 -4 -63540
8 0 8 0 -239148
-17 -22 -18 -24 -63936
-7 -7 -5 -7 -64736
0 23 3 24 -47834
23 -1 24 -5 -56710
-22 15 -20 14 -54830
-21 -20 -20 -21 -59218
-15 -13 -15 -14 -41794
-8 5 -10 -6 -60886
21 22 19 23 -63006
-23 13 -23 17 -59822
-14 -20 -16 -24 -67594
12 -18 11 -24 -61844
-10 15 -10 13 -55998
-5 23 -6 20 -57900
15 10 15 9 -67264
2 22 3 24 -55320
-6 -14 -5 -12 -49392
-21 6 -21 -14 -68258
-23 6 -24 5 -49388
-4 -23 -3 -22 -60832
1 -14 2 -17 -71674
-13 -4 -12 -5 -57898
23 -20 24 -24 -45872
-8 5 -11 4 -54720
-23 7 -23 8 -48054
-17 3 -15 3 -52516
-23 0 -23 1 -57498
-13 -3 -13 -1 -46586
11 -2 9 -4 -55682
23 -20 23 -19 -58888
-10 -23 -8 -23 -52840
0 -19 17 -14 -87942
-16 20 -16 18 -48918
16 22 17 22 -69544
-24 20 -24 22 -56586
-18 -8 13 -6 -73568
-19 21 -17 21 -53618
0 -7 0 1 -66126
-17 10 -19 11 -52798
8 -6 7 -9 -68850
-10 -22 -11 -24 -54070
23 -13 19 -12 -60946
22 24 21 23 -67754
19 -24 20 -23 -61296
-7 -24 -5 -23 -54972
24 -2 22 -2 -52798
13 0 13 -4 -62580
2 16 3 16 -62814
21 -2 20 -13 -81038
23 9 24 9 -55496
16 -1 16 -3 -57018
-14 -18 -13 -17 -60906
23 11 24 11 -57248
-24 17 -24 22 -67206
23 24 18 24 -65924
18 23 17 21 -69766
14 -14 15 -12 -65376
24 8 23 5 -52164
5 -24 9 -23 -64868
19 9 18 0 -83646
17 -3 20 -3 -54484
-5 0 -4 0 -55898
13 9 12 11 -72068
5 14 5 15 -54556
7 2 11 9 -82068
0 -20 0 -21 -55062
-7 14 -9 16 -59036
24 -5 24 -2 -50284
2 6 18 5 -89232
11 6 11 4 -77374
-22 24 -22 21 -52854
24 17 22 17 -60130
-1 10 0 12 -60366
-24 24 -21 24 -47924
-1 -13 0 -14 -65550
-6 -20 -6 -19 -45674
6 23 9 22 -53566
3 -10 4 -7 -57734
17 -11 17 -10 -55662
-22 -21 -23 -22 -55506
12 -14 12 -16 -72756
-24 -12 -21 -21 -72824
21 0 20 -1 -55114
13 -10 13 -11 -52866
-8 12 -16 12 -61070
15 -11 13 -12 -64478
-15 -1 -16 0 -56338
4 7 6 4 -65988
13 -13 12 -13 -61428
1 18 3 17 -64830
-4 12 -3 14 -55498
-6 19 -8 19 -59152
-9 -4 -8 -2 -57374
-1 22 -4 18 -64514
24 -17 24 -23 -57212
1 -24 -3 2 -73548
-17 -22 -16 -24 -56030
-9 -6 -10 -5 -43766
-24 7 -23 6 -49570
-9 -18 -10 -19 -54036
-17 23 -19 19 -63552
7 1 1 -1 -74168
-18 -19 -19 -20 -70996
1 5 0 3 -53576
0 -17 6 -10 -81718
-24 -23 -23 -20 -52330
2 10 0 9 -62640
-17 21 -19 23 -54204
3 -20 4 -18 -63272
2 -8 5 -20 -85870
-22 -2 -22 -4 -66676
-10 19 -5 17 -63382
13 -20 15 -19 -74718
-11 23 -12 22 -58562
-21 24 -23 22 -51008
-19 -9 -20 -3 -58674
22 -10 24 -8 -49402
24 15 -21 13 -59728
-6 -3 6 5 -81492
17 0 14 5 -79716
24 -22 7 -24 -70126
10 5 10 4 -76106
24 -21 24 0 -66032
-19 -14 -19 -19 -61370
-2 7 0 8 -66662
-7 10 -7 11 -43648
-24 -20 -23 -15 -67716
20 7 20 6 -58350
0 4 1 2 -43860
13 23 14 23 -57172
15 4 13 5 -78982
-16 -23 -16 -17 -65138
18 24 16 23 -67162
13 0 13 16 -94936
0 -12 14 -16 -89034
-18 4 20 24 -74700
-8 -1 15 -21 -92404
15 -18 16 -21 -70252
-5 -15 -3 -15 -54734
0 0 -1 0 -54240
-14 10 -13 11 -59774
-24 -6 -22 -5 -54470
13 21 15 24 -64594
-17 5 -15 8 -58074
13 8 -5 11 -69176
-3 -9 -3 -6 -45494
-11 -22 -9 -24 -55528
22 0 24 0 -53698
2 -21 0 -24 -63220
-23 12 -21 11 -56128
-13 -2 -14 -3 -53402
0 11 0 9 -50170
18 -16 19 -14 -62724
-15 13 -17 7 -66716
10 20 9 20 -50512
22 -6 23 -6 -49982
-1 10 -3 9 -65380
-1 -22 -2 -23 -62386
19 -3 21 -7 -67662
19 -24 -8 -5 -83666
7 3 6 0 -72588
-14 13 -14 14 -57750
4 -20 2 -21 -68048
2 17 14 -18 -93536
-22 24 -21 22 -49972
-13 -4 -13 -5 -50998
16 -18 17 -17 -71954
-13 -13 -6 -15 -64118
-24 -20 24 -23 -56058
1 -4 1 -3 -56280
9 -14 8 -13 -65102
-23 3 -24 1 -47014
-10 3 -10 1 -35684
18 19 17 16 -57318
-24 -21 -23 -18 -67692
20 -21 20 -24 -58926
22 19 21 23 -60022
-4 -24 -5 -20 -58720
-5 16 -3 13 -61912
-23 2 -24 5 -43818
22 18 23 19 -65742
9 3 8 0 -71072
13 -23 11 -24 -69278
-12 -12 -13 -12 -51226
1 -24 2 -24 -70918
-22 -12 -20 -16 -64834
0 -13 2 -14 -64500
20 8 17 5 -71596
0 24 1 23 -50164
16 -20 18 2 -83754
-14 24 -13 23 -42818
-24 -17 -23 -19 -57472
-22 -21 -22 -20 -64556
8 4 9 4 -58500
19 -5 19 -6 -69768
5 -24 7 -19 -67604
24 1 5 2 -76120
8 6 16 6 -76996
8 8 8 7 -72146
10 0 10 -2 -61158
-3 19 1 18 -59974
9 14 11 15 -57050
8 -15 8 -13 -70340
16 -5 15 -5 -57602
21 23 23 24 -67382
13 19 17 21 -74018
-5 -2 -6 0 -49538
-2 24 -4 24 -42168
23 -13 24 -18 -62236
-12 0 -9 0 -51354
21 15 21 13 -72124
11 13 11 11 -69586
2 22 1 24 -60020
-14 -4 -15 -4 -63596
-12 -20 -11 -21 -64060
-11 18 -13 18 -58852
9 24 -23 24 -49326
5 9 6 7 -66656
-24 -14 -22 -15 -55008
-8 -6 -10 -7 -57304
24 5 23 2 -57218
-24 12 -24 10 -47846
-21 -13 -22 -10 -58174
-13 7 -12 6 -49288
-20 12 -17 14 -60736
1 19 1 14 -57452
-5 -23 -6 -24 -55508
22 -23 24 -24 -49154
-16 2 -17 7 -47396
6 19 0 18 -72316
-24 -14 -22 -12 -56846
14 -22 10 -24 -74756
-19 -5 -20 -6 -55600
1 -8 -8 -7 -76270
-5 9 -8 8 -59450
-18 9 -16 10 -57676
20 -22 19 -24 -62968
13 13 7 8 -76586
0 18 0 19 -56684
6 9 7 12 -72258
-23 22 -24 21 -48476
-24 17 -24 16 -55846
5 -5 7 -1 -70658
22 -20 24 -19 -63832
3 -6 4 -7 -61662
-6 18 -6 14 -53288
-20 -18 -23 -18 -60176
-20 -10 -21 -15 -56508
-20 -10 -19 -10 -57966
-13 -19 -14 -20 -64948
12 20 11 22 -71638
-1 -24 7 -24 -74072
-23 16 -24 17 -54366
-17 0 6 12 -85244
-9 7 -7 8 -56636
18 4 19 4 -65938
-14 -23 -16 -24 -63634
22 23 24 23 -55264
12 23 12 22 -62602
-1 -21 -5 -20 -62646
23 2 24 1 -43768
-3 -13 0 -12 -65184
-11 20 -15 17 -68814
14 20 12 23 -73970
-19 -24 -17 -22 -65194
4 -4 3 -5 -63634
15 0 16 4 -70508
23 -11 -5 -6 -77754
-11 23 -10 21 -46872
-10 21 -9 22 -56424
13 -16 13 -17 -75680
-22 -1 -19 10 -64052
6 16 7 18 -59256
-10 -5 -11 -10 -47502
24 24 24 -15 -73366
9 10 9 8 -74664
8 -7 4 -9 -64080
21 21 21 20 -60294
-6 -3 0 -3 -68300
13 7 15 6 -78800
14 9 14 13 -75076
24 -6 24 16 -72280
-2 19 -4 20 -58206
9 20 8 19 -55892
15 -23 15 -22 -54878
20 -19 19 -16 -66956
11 14 12 17 -52960
20 24 19 22 -65436
-10 -13 -10 -14 -37516
-23 -5 -23 -4 -56400
6 22 3 23 -63272
14 -20 11 -22 -76696
11 21 19 19 -77064
5 -20 0 -15 -78848
-6 23 -4 22 -51640
0 -21 3 -24 -67370
24 20 24 -5 -74864
3 -23 3 -24 -41220
-4 13 -3 12 -54152
-17 24 -16 24 -53646
7 11 5 16 -63764
-24 8 -23 9 -56552
11 24 10 20 -63590
-20 7 -20 5 -54222
-5 2 -6 1 -56358
4 -22 -1 -24 -75604
-23 9 -19 12 -65754
-2 -4 -3 0 -60868
23 -19 22 -19 -69840
-4 -1 -4 -2 -54258
24 13 23 15 -59216
-9 9 -9 6 -45212
22 -19 23 -20 -69022
-11 -17 -19 -17 -65430
0 21 -1 20 -54244
-15 -24 -19 -23 -55372
-11 6 -9 3 -48514
-9 -10 -6 -8 -63876
13 -23 14 -24 -48472
18 9 16 10 -72840
12 20 12 22 -68642
21 16 21 17 -60556
14 20 16 13 -61276
-2 -22 -1 -24 -53626
-6 20 -7 24 -53480
-23 -9 -21 -8 -55706
23 18 24 17 -55112
18 6 17 6 -73868
18 18 22 19 -70438
-17 -24 -14 -23 -65054
8 11 9 12 -68034
-23 -7 -24 -7 -48222
23 23 24 22 -47124
-12 -19 1 -6 -75200
6 -23 7 -23 -59750
23 -5 24 -8 -61430
-1 -11 -1 -9 -50618
17 -24 19 -24 -63136
16 0 17 0 -69684
-21 20 -10 15 -64284
24 4 20 0 -65796
-14 24 -15 23 -63458
-6 12 -5 12 -54688
-9 20 -9 19 -53466
-24 -1 -23 -2 -52946
6 -2 7 -18 -82808
7 21 20 24 -71198
-18 18 -18 -11 -71418
6 18 6 19 -51008
23 -19 22 -20 -64688
4 16 2 14 -65058
6 -15 8 -15 -61264
3 -14 2 -18 -78436
-22 -17 -22 -19 -69566
20 -23 22 -23 -72208
8 -23 12 -24 -59360
24 12 24 22 -61446
-24 0 -23 -2 -58188
4 13 4 9 -63406
9 23 10 22 -55798
8 -5 3 10 -87020
8 0 9 -1 -63138
9 -21 7 -24 -66000
14 7 19 10 -73464
21 13 24 16 -66524
15 -15 14 -15 -62794
-22 13 -23 16 -58810
-20 10 -19 8 -57092
0 -13 24 3 -80296
1 -15 3 -6 -68592
12 -17 12 -16 -76936
-1 24 -1 23 -43574
6 -15 14 -16 -76010
-15 14 -14 15 -60132
-11 -22 -10 -22 -60346
14 14 16 12 -71056
-6 -24 -7 -21 -54140
-1 -8 -2 -8 -60042
-15 24 -16 23 -62776
-14 -4 -12 -4 -61520
24 -12 22 -8 -72632
22 -13 23 -14 -67700
-23 22 -22 21 -59624
-16 -22 -14 -24 -65656
4 22 4 24 -54552
-23 6 -24 6 -48584
-24 -10 -23 -12 -51050
8 14 9 12 -61202
10 -6 10 -5 -58280
-5 -5 -3 -3 -64256
3 0 4 -2 -53724
-16 -5 -15 -9 -52920
-17 14 -17 11 -60446
-24 -13 -22 -10 -55478
9 -16 9 -14 -77414
6 24 4 22 -56076
-24 -21 -17 -22 -58988
20 14 21 -2 -81396
-6 -14 -7 -13 -57678
-14 24 -16 24 -55236
10 -7 8 -11 -66814
23 12 24 10 -49980
17 -4 16 -5 -63072
4 0 0 -1 -69778
22 20 23 24 -62894
-24 -19 -22 -17 -64128
21 -21 22 -21 -78134
-23 16 -23 20 -66054
1 8 3 8 -55038
-23 -9 -22 -10 -56574
-4 5 -1 8 -66308
-24 -4 -24 -3 -58472
-22 15 -24 10 -69792
-19 -17 -17 -18 -56834
-5 20 22 20 -64954
-13 -20 -13 -19 -52408
18 -22 18 -24 -58316
9 12 19 -7 -96700
24 -10 24 -12 -53594
-17 3 -2 10 -81036
11 -19 13 -21 -65238
21 17 21 11 -78422
23 -21 21 -12 -76418
23 -7 24 -10 -66186
3 -15 2 -17 -77788
15 -20 15 -16 -73256
19 19 22 16 -63100
23 22 22 21 -73508
-10 16 -9 17 -54190
15 22 16 21 -67804
17 7 16 8 -72928
10 2 11 1 -66046
-19 3 -18 3 -42076
0 -24 -4 -23 -61694
18 -9 16 -11 -56682
-19 21 -17 23 -61246
-13 20 -12 19 -55390
17 23 20 22 -67330
-23 17 -24 21 -68176
-14 24 -14 23 -40514
22 2 22 3 -55596
13 -2 12 -10 -68694
19 -19 14 -21 -76446
20 -6 20 -3 -71274
-24 0 -24 -23 -55488
0 -13 -1 -15 -68800
-12 18 -12 17 -47102
-13 -8 -13 -10 -35348
8 -23 8 -24 -40606
12 1 13 5 -72878
24 -14 24 -6 -66396
-20 -1 -18 -6 -66264
14 2 0 2 -83428
-16 -8 -18 -8 -60574
-1 -10 0 -11 -60460
-22 18 -24 17 -53446
-3 22 -14 22 -55092
-24 24 -23 24 -41340
-9 -24 -8 -23 -54660
-7 9 -5 5 -52502
-24 14 -23 15 -59636
-8 -12 -6 -12 -60300
22 -13 24 -17 -69034
16 -19 17 -22 -67700
18 -24 16 -24 -62472
18 0 17 1 -61624
23 -12 21 -13 -49014
11 -3 16 -6 -62606
21 -12 19 -10 -60966
0 -23 4 -24 -74922
-3 -23 -2 -23 -59802
15 -24 18 -23 -67258
-15 -10 -17 -11 -55784
5 -2 2 -3 -71214
-24 -21 -21 -22 -49790
-21 -24 -22 -21 -48242
-21 -17 -18 -14 -63850
-12 -24 -13 -21 -63258
24 9 22 8 -57176
7 -5 7 -2 -62836
19 -22 24 -24 -70898
-21 12 -20 10 -60366
24 11 24 12 -50860
8 -20 12 -22 -65696
0 -13 1 -12 -66578
-12 -23 -14 -22 -65608
16 6 15 5 -74658
-21 0 -23 -3 -60612
2 -18 3 -21 -63384
-1 -14 0 -16 -67014
-1 24 0 -2 -66194
3 23 4 20 -62910
8 11 7 0 -90924
8 -22 -24 -21 -63688
-4 20 -5 18 -58876
18 6 16 1 -82870
-24 11 -23 12 -64704
22 11 23 13 -62976
22 3 0 7 -87090
-24 1 -24 0 -54520
4 2 4 1 -58034
-20 -4 -18 -4 -51214
12 -12 -6 -11 -78394
9 -16 9 3 -88632
9 15 7 -11 -91328
6 22 5 22 -59272
-15 -18 -8 -17 -71996
9 -15 10 -17 -71094
-20 -21 -21 13 -69240
