-17 -13 -16 -15 -54072
0 13 1 17 -58642
21 -20 20 -21 -66964
-17 -22 -18 -24 -52776
8 -23 5 -24 -75360
0 23 3 24 -58036
9 -20 12 -24 -65290
-1 2 -1 3 -54740
-7 14 -7 21 -56308
-20 -13 -20 -14 -53972
1 -5 -13 -3 -78320
-8 -17 -8 -15 -72518
17 4 17 8 -60204
10 15 10 14 -53088
19 -1 21 -1 -66874
-8 -19 -10 -19 -57998
10 -18 0 -7 -91226
12 0 13 1 -54082
-8 -16 -7 -15 -62984
3 -11 1 -10 -66754
24 -2 23 0 -61218
-23 6 -24 5 -59400
24 13 1 5 -76896
5 24 2 24 -50272
-12 -10 -13 -11 -52458
22 -23 24 -24 -63316
10 12 12 7 -58142
-23 7 -23 8 -48692
6 19 6 21 -54256
-2 -20 -2 -19 -49386
20 -19 19 -16 -65540
-13 -24 -12 -23 -57414
3 -4 3 -6 -79996
-10 -23 -8 -23 -54852
-17 3 -19 1 -60244
-16 3 -21 5 -76556
5 9 2 10 -63432
-24 20 -24 22 -52132
-17 10 -16 10 -58796
-22 -1 -19 -3 -71930
24 24 23 2 -61092
-14 -21 -12 -20 -57452
-9 -12 -7 -13 -51906
-10 -22 -11 -24 -63448
-10 -17 -10 -18 -64576
22 24 21 23 -52556
19 -24 20 -23 -50632
23 -14 24 -14 -46224
-6 1 -6 0 -53162
-18 -1 -18 0 -52310
21 -6 20 -6 -66046
0 4 1 3 -67056
23 9 24 9 -67306
6 -18 6 -18 -237720
-6 -14 -4 -14 -58640
23 11 24 11 -67488
-7 -9 0 -9 -76214
-5 13 -23 12 -67410
18 23 17 23 -56024
-22 -14 -23 -12 -58566
23 -18 21 -16 -65404
10 18 6 18 -58464
23 4 21 5 -66182
-24 -4 -24 -5 -51524
-6 7 -7 7 -49380
0 7 -4 10 -65060
24 0 24 -1 -58592
-24 17 -24 24 -57874
-13 18 -13 19 -53578
20 24 23 21 -57222
-20 -1 -11 -1 -72410
1 -16 1 -17 -55888
-4 -21 -2 -10 -95402
-22 24 -22 21 -53880
24 17 22 17 -62802
12 0 11 0 -57908
-24 24 -21 24 -47434
4 -19 3 -17 -58434
-20 -10 -22 -9 -62612
6 23 9 22 -49998
17 17 16 17 -62958
-10 11 -8 11 -54092
-22 -21 -23 -22 -54328
3 -2 -4 -3 -71666
-21 -21 -18 -24 -50126
21 0 20 -1 -66264
-4 -23 -4 -7 -98012
-17 17 -15 19 -57008
-5 10 -6 13 -64046
-7 -6 -5 -7 -54936
1 19 0 20 -55632
17 -23 20 -24 -64386
5 3 5 2 -52496
-1 -5 -2 -6 -68018
24 -11 24 -16 -63954
-1 -6 0 -7 -62468
-24 -8 -21 -8 -62474
3 22 3 19 -58750
22 10 24 12 -70824
-17 -22 -16 -24 -54906
11 -22 6 -22 -88600
-24 7 -23 6 -56856
8 -20 -2 -19 -86028
-10 -5 -9 -7 -53824
-12 -19 -12 -17 -58618
20 7 20 6 -58226
10 -4 -21 -10 -81774
1 0 2 0 -58788
-24 -23 -23 -20 -47702
2 10 0 9 -54816
-24 -7 -23 -17 -55224
6 -18 7 -19 -68488
24 -19 24 -20 -54048
23 9 23 8 -55670
-3 -13 -4 -12 -69492
-15 -23 -9 -23 -58888
-24 19 -24 17 -47686
8 24 7 22 -48020
21 7 18 8 -64458
22 -10 24 -8 -58908
16 2 17 5 -51002
-21 22 -22 5 -57522
11 -9 10 -17 -71256
-15 0 -14 -3 -57834
-11 -2 -10 0 -51024
-20 0 -16 0 -82484
17 23 17 21 -57940
10 5 7 7 -61318
-6 0 -5 -3 -49266
-24 -20 -23 -15 -57376
-3 -7 -4 -9 -55036
6 0 3 0 -61740
13 23 14 23 -41994
4 0 5 -2 -68360
10 -16 13 -16 -69868
18 24 16 23 -62564
15 13 13 13 -56326
13 -22 13 -21 -53096
2 0 -1 -3 -70814
0 -23 -3 -23 -72890
7 0 5 -3 -69146
-4 24 -4 23 -56666
12 -1 13 -2 -71076
-14 10 -13 11 -62244
20 -24 22 -24 -70224
13 21 15 24 -62534
22 23 22 22 -46660
7 18 3 16 -65102
-8 16 -9 17 -53412
-11 -22 -9 -24 -57344
-24 14 -24 15 -46726
-2 -5 -4 -6 -68662
-3 -23 -4 -23 -57852
24 -1 24 3 -55328
1 10 -1 13 -62934
-5 16 -4 11 -60538
1 -8 -9 -24 -93266
14 -13 12 0 -71208
19 -10 19 -7 -46942
18 -19 17 -20 -62132
-1 -22 -2 -23 -61636
20 6 18 5 -63412
22 -7 24 -7 -67038
1 14 2 15 -61142
-11 22 -11 20 -53508
17 21 16 22 -58848
-24 -23 -21 -23 -46156
-22 24 -21 22 -55674
-1 -4 -2 -3 -51786
11 -23 -7 -24 -87586
-8 -22 -8 -24 -69742
-24 -20 24 -23 -57712
13 8 12 8 -55982
-18 4 -18 6 -51456
-11 0 -9 0 -50096
10 -2 8 -1 -68656
24 -23 23 -2 -64912
-24 -21 -23 -18 -57404
-19 21 -8 22 -61854
7 0 7 -3 -77218
16 -4 17 -3 -57814
-22 12 -24 14 -56644
-23 2 -24 5 -64390
22 18 23 19 -57856
-12 -23 -12 -21 -60726
3 -12 3 -13 -59274
19 -13 18 -14 -57932
1 -24 2 -24 -64230
19 23 -2 21 -62614
17 -8 15 -6 -54552
17 4 15 4 -58172
0 24 1 23 -57174
17 -1 14 0 -65012
-14 24 -13 23 -46614
-24 -17 -23 -19 -44730
-11 18 8 17 -64998
23 -10 23 -14 -64892
-17 -13 16 -10 -83636
-4 24 -3 22 -58764
14 -13 15 -14 -59792
-5 -23 -8 -24 -54570
-17 16 -16 16 -57284
10 -23 10 -24 -57698
-10 7 -10 9 -46716
3 -7 3 -3 -83312
3 3 6 4 -62446
23 1 24 1 -61898
21 23 23 24 -53676
-6 2 -6 0 -53250
-11 -4 -12 -3 -51350
-2 24 -4 24 -42350
-18 -21 -17 -17 -55594
-5 -20 -7 -21 -59636
19 -14 21 -15 -61540
5 -7 4 -8 -61400
2 22 1 24 -61022
9 17 6 20 -58962
15 21 15 24 -60594
1 24 3 1 -69242
8 8 6 9 -60956
-8 -21 -6 -22 -60016
-24 -14 -22 -15 -53872
-24 -20 -23 -22 -42966
-19 -15 -20 -14 -57522
-24 12 -24 10 -49000
-13 -8 -9 -7 -58302
-3 10 -2 12 -58014
5 -5 5 -2 -82612
12 7 15 11 -64994
19 -14 19 -15 -59822
22 -23 24 -24 -63316
1 -23 -23 -23 -55654
-1 21 1 23 -62838
-1 15 -3 14 -53126
24 3 23 9 -55134
10 -6 9 -7 -64180
23 16 23 18 -57022
24 -23 24 -24 -35384
-24 3 -24 9 -56244
24 18 23 21 -53546
23 1 24 2 -58722
22 -20 23 -17 -63904
-6 -21 -5 -24 -62400
1 -21 -1 -21 -74952
-24 17 -24 16 -44928
1 14 4 18 -64992
22 -20 24 -19 -58294
22 -22 23 -9 -80236
8 5 14 7 -65438
23 15 24 17 -53218
-1 6 -2 6 -54186
-20 -10 -19 -10 -54970
21 -23 19 -22 -71224
-13 5 -12 4 -53086
8 -15 21 -12 -81678
-23 16 -24 17 -53444
-20 -16 -21 -18 -59118
-24 11 -23 10 -56576
21 -23 24 -22 -60872
-14 -23 -16 -24 -52886
22 23 24 23 -51282
12 23 12 22 -51328
21 -5 -21 -6 -74968
23 2 24 1 -57624
-4 -7 -5 -23 -99978
-8 -22 9 -3 -94378
22 14 20 14 -66320
6 -23 6 -21 -63622
-12 13 -15 11 -64288
18 1 18 -3 -54466
15 15 15 14 -55492
0 -12 -1 -13 -62316
-7 18 -6 24 -58986
0 13 0 10 -59180
5 -24 6 -24 -73040
19 18 21 18 -60700
-2 -11 -1 -12 -69104
2 -13 4 -12 -63182
17 18 17 19 -54590
-14 10 -15 7 -54404
-8 -19 -8 -18 -60428
-17 24 -17 23 -49270
-7 24 -6 24 -47826
0 -10 1 -10 -64984
-22 -4 -23 -5 -52920
-22 24 -18 24 -39972
14 8 15 6 -53224
6 -5 7 -6 -77050
21 -23 21 -24 -39370
11 14 12 17 -60748
19 13 21 6 -69632
-15 -2 -14 0 -55466
13 -23 13 -24 -46288
18 14 18 16 -55756
-17 -15 -17 -17 -51794
1 24 0 22 -66552
24 -9 1 -12 -82948
-1 -17 -3 -16 -63888
6 6 5 -17 -84044
21 3 19 3 -70120
3 -23 3 -24 -46062
8 2 6 4 -61948
-17 24 -16 24 -44914
23 10 24 -24 -63420
-24 8 -23 9 -59194
-21 -11 -22 -7 -51108
-20 -4 -20 -5 -52616
-8 20 -11 21 -54734
17 16 20 17 -63574
-11 24 -11 23 -52978
24 -18 1 -18 -85642
-24 2 -24 5 -57062
11 -12 13 -12 -69972
24 13 23 15 -56822
15 23 17 24 -63212
3 -1 24 13 -81278
-5 -12 -5 -10 -57502
4 -24 3 -23 -59226
10 -2 9 0 -74670
6 8 6 15 -62162
-5 -11 -2 -9 -67356
13 -23 14 -24 -44572
-20 -4 -16 -3 -69596
5 -10 -18 -1 -84146
-17 19 -14 18 -58694
10 -10 9 -13 -63022
-2 -22 -1 -24 -47516
-22 24 17 23 -49862
-19 -23 -21 -24 -43240
23 18 24 17 -60524
-5 1 -2 1 -54536
-15 -1 -15 -3 -55512
0 6 1 5 -66952
8 -14 8 -16 -60666
-23 -7 -24 -7 -51894
23 23 24 22 -51570
-6 -23 -6 -22 -62266
-9 14 -13 14 -61672
-17 8 -17 6 -49828
-7 4 -12 6 -56358
4 -24 2 -24 -70238
-9 -7 -10 -7 -57506
16 -18 16 -17 -54360
-10 15 -9 16 -52306
-14 24 -15 23 -52868
4 -12 5 -10 -61406
8 -7 10 -6 -63918
-24 -1 -23 -2 -59168
-7 24 -9 24 -49606
5 12 6 12 -58474
24 -7 23 -6 -54962
3 18 3 17 -49976
24 -1 24 -3 -48972
23 -5 21 -6 -70910
9 -11 3 -12 -66326
12 -9 14 -9 -70056
6 12 8 14 -59526
14 11 15 12 -58384
12 -3 12 -2 -65684
24 12 24 22 -61030
22 -3 21 -5 -55728
-17 12 -16 9 -55446
10 0 -13 -21 -88920
22 13 22 12 -55580
-11 14 -11 15 -43460
7 0 7 2 -54588
8 -9 7 1 -91154
-19 21 -18 24 -53118
5 -24 4 -24 -73236
-22 0 -23 0 -58910
3 -2 3 -1 -65986
24 -21 24 -22 -51152
22 -21 22 -20 -55970
24 -15 23 -17 -57210
-1 24 -1 23 -60458
-11 -10 -12 -6 -46358
-24 -18 -23 -10 -56656
-2 -9 18 -19 -91470
-20 16 -22 16 -47226
14 20 11 -10 -76538
2 -5 0 -6 -65416
-18 -10 -16 -4 -58672
4 -24 5 -22 -58040
19 -18 17 -17 -61754
22 -3 24 -3 -69308
-23 22 -22 21 -64148
-16 -22 -14 -24 -53184
4 22 4 24 -53934
-23 6 -24 6 -60658
-1 24 0 24 -48908
-8 24 -8 22 -55096
-7 11 -6 10 -61430
15 24 16 23 -47426
14 -4 14 -2 -60820
-18 -7 -16 -7 -56904
19 -23 22 -24 -77478
-24 8 -21 8 -62720
14 23 10 18 -60814
13 -11 15 -12 -69988
1 3 1 4 -55038
7 -23 6 -14 -71354
-22 -14 -24 -15 -52612
-14 24 -16 24 -51106
-11 2 -11 3 -49562
23 12 24 10 -62740
16 19 15 18 -63858
6 14 10 13 -58930
22 -8 0 -24 -90486
-24 -19 -22 -17 -60924
-20 0 -19 0 -75252
-9 -24 -9 -23 -62374
9 4 10 4 -58570
1 -12 3 -15 -70030
22 -14 24 -18 -64832
-24 -4 -24 -3 -51288
0 16 2 14 -56596
-19 -17 -17 -18 -50626
23 22 24 24 -42784
22 9 23 11 -68860
-17 2 -20 3 -78612
-23 -13 -21 -10 -53678
24 -10 24 -12 -52020
-23 12 -23 14 -52702
11 2 11 3 -43122
12 9 12 11 -52410
-15 -18 -9 -15 -61936
8 -19 8 -22 -64482
21 -10 19 -11 -59644
1 10 3 10 -59500
9 -21 7 -22 -78178
-10 15 -9 13 -57044
15 17 16 16 -60782
22 -23 -6 -24 -78888
21 3 23 4 -70608
-13 3 -11 5 -54456
12 -19 12 -20 -52622
-3 20 -2 20 -48604
7 24 5 24 -46074
-24 20 -23 19 -59872
-7 -16 -7 -13 -75984
0 -14 20 17 -89652
-3 -16 -3 -14 -74070
-14 24 -14 23 -52444
6 -5 7 -7 -75454
-18 -23 -15 -22 -51764
24 -7 22 -5 -60256
13 -23 5 -24 -82890
3 -20 20 0 -90488
7 -15 -18 -14 -82538
-12 18 -12 17 -50284
12 -6 13 -9 -51940
8 -23 8 -24 -59620
-23 0 -22 -3 -61084
-16 -5 -16 -8 -49952
-6 11 -5 12 -47918
3 9 3 8 -53052
-15 1 -16 1 -61172
16 -22 15 -22 -52622
-22 18 -24 17 -48234
14 -4 13 -3 -67646
-24 24 -23 24 -38200
10 -18 8 -17 -73702
-8 -6 -8 -4 -43666
-24 14 -23 15 -52554
-8 24 -6 23 -54386
-11 10 -13 10 -64840
19 -19 0 -21 -95642
-13 10 -12 9 -64482
19 0 15 9 -67716
12 -11 12 -13 -57226
24 3 24 5 -44896
8 -20 9 -14 -64654
-8 -11 -8 -10 -47174
-23 3 -24 2 -51968
-6 10 -5 6 -56544
-17 21 -17 18 -49764
-15 16 -14 -24 -67124
-24 -21 -21 -22 -51254
-21 -24 -22 -21 -46130
-8 17 -6 19 -54542
14 -21 18 -20 -63652
24 9 22 8 -70194
-13 13 -12 8 -59406
10 -20 8 -20 -81290
-21 12 -20 10 -53872
24 11 24 12 -55808
5 13 7 6 -66660
-15 -10 -16 -11 -52274
-23 -8 -24 -10 -42068
-5 -12 -6 -14 -68954
-23 -9 -24 -4 -49760
4 24 3 23 -55450
-10 24 -12 24 -40754
12 -21 10 -22 -61570
-10 -16 -12 -14 -58020
-24 17 24 17 -54560
-16 -22 -16 -23 -57336
13 20 13 15 -58620
-4 -22 2 -21 -84630
-24 11 -23 12 -58322
5 -24 3 8 -75360
0 7 0 8 -53582
-24 1 -24 0 -40850
10 -18 -2 20 -85312
2 2 0 1 -57388
18 -6 12 -8 -68680
-17 7 -16 7 -61798
18 -17 20 -5 -73534
8 17 8 18 -50808
-16 -13 -17 -14 -49326
-13 2 -13 3 -50688
-24 5 -22 0 -65666
