-17 -13 -16 -15 -61672
0 13 1 17 -65304
-2 -13 3 -14 -66132
-17 -22 -18 -24 -56110
-10 -14 3 -16 -79420
0 23 3 24 -64128
21 -21 21 -17 -70016
-1 2 -1 3 -60526
10 -11 10 21 -79042
-20 -13 -20 -14 -61060
-7 8 -8 7 -53724
7 -7 9 -5 -54616
20 -19 20 -16 -68946
10 15 10 14 -62720
19 -23 20 -24 -57982
-8 -19 -10 -19 -72274
-14 4 -17 3 -64110
12 0 11 -5 -69786
-8 -16 -7 -15 -63000
14 -2 -6 12 -79280
-24 -12 3 -8 -83948
-23 6 -24 5 -56246
14 -23 -4 -22 -62724
5 24 2 24 -58254
-12 -10 -13 -11 -59532
22 -23 24 -24 -60620
9 -10 19 -10 -74308
-23 7 -23 8 -42062
6 19 6 21 -58518
-2 -20 -2 -19 -54428
15 -6 12 -4 -85348
-13 -24 -12 -23 -61744
-9 -22 -10 -18 -64016
-10 -23 -8 -23 -62628
-17 3 -19 1 -55252
5 -13 5 -15 -67292
5 9 2 10 -62672
-24 20 -24 22 -62352
-17 10 -16 10 -54894
-6 -18 -9 -1 -92070
24 24 23 2 -63112
-14 -21 -12 -20 -65574
-9 -12 -7 -13 -62782
-10 -22 -11 -24 -72396
14 -8 -10 -23 -82054
22 24 21 23 -54626
-4 -17 -4 -16 -64380
23 -14 24 -14 -57328
-6 1 -6 0 -29936
-18 -1 -18 0 -43932
-12 -16 -10 -16 -75960
8 -16 9 -16 -49982
23 9 24 9 -62272
22 -7 22 -12 -49874
16 -1 18 0 -55304
23 11 24 11 -61972
15 -23 13 -24 -56724
12 -5 13 -6 -88260
18 23 17 23 -55552
-22 -14 -23 -12 -66490
23 -18 21 -16 -68974
-8 -2 -10 -24 -81430
23 4 21 5 -58782
-24 -4 -24 -5 -53064
-6 7 -7 7 -50364
0 7 -4 10 -51904
24 -10 23 -10 -58302
-24 17 -24 24 -66484
-13 18 -13 19 -57248
20 24 23 21 -56668
0 -6 0 -5 -51746
1 -16 1 -17 -68624
18 7 20 9 -61062
-22 24 -22 21 -67740
24 17 22 17 -61468
12 0 11 0 -60580
-24 24 -21 24 -56286
4 -19 3 -17 -67660
-20 -10 -22 -9 -67534
6 23 9 22 -45386
17 17 16 17 -63508
-10 11 -8 11 -55434
-22 -21 -23 -22 -57388
14 -16 13 -19 -63796
-21 -21 -18 -24 -54136
24 -20 23 -24 -66348
-1 -15 0 14 -70196
-17 17 -15 19 -60276
24 0 8 -5 -71658
22 -6 21 -3 -58380
1 19 0 20 -61608
17 -23 20 -24 -48542
5 3 5 2 -70248
15 -3 9 -23 -81226
24 -11 24 -16 -48460
-1 -6 0 -7 -57190
-24 -8 -21 -8 -62936
3 22 3 19 -64882
0 6 0 4 -58058
-17 -22 -16 -24 -59238
10 -15 10 -17 -63512
-24 7 -23 6 -50652
24 -20 24 -23 -63460
-10 -5 -9 -7 -66590
-12 -19 -12 -17 -51662
20 7 20 6 -54400
-19 9 -21 10 -51214
2 4 3 2 -65478
-24 -23 -23 -20 -49930
2 10 0 9 -60514
-24 -7 -23 -17 -69522
2 -8 1 -10 -51600
24 -19 24 -20 -57366
23 9 23 8 -52008
-8 3 -9 9 -44066
-15 -23 -9 -23 -65370
-24 19 -24 17 -50242
8 24 7 22 -45994
21 7 18 8 -59436
22 -10 24 -8 -57788
14 -12 15 -7 -56514
-21 22 -22 5 -61792
5 21 -4 23 -73296
-15 -13 -19 -8 -73532
-11 -2 -10 0 -48130
0 22 0 20 -62506
17 23 17 21 -62322
7 20 6 -12 -79724
6 0 4 -2 -60960
-24 -20 -23 -15 -61204
-3 -7 -4 -9 -61660
16 12 15 7 -67142
13 23 14 23 -49652
-17 14 -17 16 -49966
6 -11 4 0 -74632
18 24 16 23 -60306
9 2 10 1 -65162
-4 22 -6 24 -66148
12 -9 10 -14 -58962
0 -23 -3 -23 -52252
-9 -9 -10 -5 -75210
-4 24 -4 23 -59014
-24 -3 -24 0 -43702
-14 10 -13 11 -62382
7 16 13 13 -70196
13 21 15 24 -63918
22 23 22 22 -47998
15 -9 11 -3 -89964
-8 16 -9 17 -56364
-11 -22 -9 -24 -61130
-24 14 -24 15 -48386
14 -13 17 -12 -59150
-3 -23 -4 -23 -49468
24 -1 24 3 -58554
24 -16 22 -18 -70196
-9 4 -14 7 -70092
-5 19 -5 15 -55420
5 -20 3 -14 -80752
13 13 19 9 -65510
12 17 14 16 -66764
15 13 14 14 -63052
20 6 18 5 -58026
22 -7 24 -7 -62842
1 14 2 15 -64372
-11 22 -11 20 -54958
17 21 16 22 -64066
-24 -23 -21 -23 -47972
-22 24 -21 22 -60912
-1 -4 -2 -3 -51810
23 0 24 -24 -56432
-9 -1 23 -2 -76240
21 -20 20 -21 -61880
13 8 12 8 -60052
-18 4 -18 6 -41922
11 -11 13 -13 -61186
0 0 2 -1 -52260
-18 -9 -17 -8 -68826
-24 -21 -23 -18 -60414
-19 21 -8 22 -63190
-16 24 -19 -22 -67820
16 20 17 18 -63844
-22 12 -24 14 -60806
-23 0 24 0 -66948
22 18 23 19 -59346
-12 -23 -12 -21 -68240
17 -21 15 -23 -67062
-4 0 -7 -4 -49986
1 -24 2 -24 -46294
19 23 -2 21 -61540
17 -13 21 -17 -69260
17 4 15 4 -60684
0 24 1 23 -59332
24 1 19 13 -76964
-14 24 -13 23 -50228
-24 -17 -23 -19 -47638
-8 -19 -7 -17 -67148
-5 -1 -15 2 -75750
15 -5 16 -3 -61594
-4 24 -3 22 -68220
14 -13 15 -14 -61042
-5 -23 -8 -24 -62270
-17 16 -16 16 -56432
10 -23 10 -24 -51244
-10 7 -10 9 -47474
-6 -15 -6 -9 -81306
20 -7 21 -7 -56240
23 1 24 1 -52342
21 23 23 24 -55052
-16 -9 -19 -7 -71228
-11 -4 -12 -3 -52460
-2 24 -4 24 -47426
-18 -21 -17 -17 -58004
-5 -20 -7 -21 -60382
0 10 2 12 -58634
18 -6 18 -12 -56516
22 -13 1 -6 -72910
9 17 6 20 -59394
15 21 15 24 -62684
15 -2 14 0 -72572
8 8 6 9 -55206
-8 -21 -6 -22 -63632
-24 -14 -22 -15 -56588
-24 -20 -23 -22 -46238
-19 -15 -20 -14 -68110
-24 12 -24 10 -47754
-13 -8 -9 -7 -59718
-3 10 -2 12 -47966
-6 -12 4 -14 -77582
8 -15 8 -15 -238218
19 -14 19 -15 -58058
22 -23 24 -24 -60620
1 -23 -23 -23 -63242
-1 21 1 23 -65232
-1 15 -3 14 -55228
24 3 23 9 -55832
12 -11 -11 -9 -77088
23 16 23 18 -64722
24 -23 24 -24 -47200
5 -4 5 -5 -64610
24 18 23 21 -53722
23 1 24 2 -59140
2 -10 10 -15 -63384
-6 -21 -5 -24 -65346
-5 -2 -8 -21 -89398
-24 17 -24 16 -46056
-1 16 0 18 -61640
22 -20 24 -19 -66270
22 -19 24 -20 -66048
-17 -2 -19 -3 -69446
23 15 24 17 -58718
-1 6 -2 6 -48136
-20 -10 -19 -10 -66482
2 10 0 17 -63012
-13 5 -12 4 -59706
20 0 17 -4 -66714
-23 16 -24 17 -56984
-20 -16 -21 -18 -59880
-24 11 -23 10 -58214
21 -23 22 -22 -56748
-14 -23 -16 -24 -55644
22 23 24 23 -51166
12 23 12 22 -52434
21 -18 22 -17 -72090
23 2 24 1 -52660
4 22 2 23 -62906
0 -19 24 -19 -61842
22 14 20 14 -62384
23 -8 14 -13 -66372
-12 13 -15 11 -64032
5 -6 3 -19 -83888
15 15 15 14 -62968
9 -5 7 -5 -54014
-7 18 -6 24 -59538
16 13 15 10 -71862
5 -24 6 -24 -38820
19 18 21 18 -58210
5 0 2 -24 -84752
8 -18 10 -24 -60162
17 18 17 19 -59246
-14 10 -15 7 -53588
-8 -19 -8 -18 -60544
-17 24 -17 23 -60932
-7 24 -6 24 -52710
0 -10 1 -10 -58840
-22 -4 -23 -5 -59490
-22 24 -18 24 -43714
14 8 15 6 -57634
8 -9 6 -12 -52768
21 -23 21 -24 -53650
11 14 12 17 -68268
22 0 22 2 -61424
-15 -2 -14 0 -53342
13 -23 13 -24 -43900
18 14 18 16 -65086
-17 -15 -17 -17 -51434
1 24 0 22 -67282
-13 -10 -13 -13 -60610
-1 -17 -3 -16 -63314
10 -18 7 -16 -58818
12 8 11 4 -42784
3 -23 3 -24 -43376
-21 -18 -21 -18 -238218
-17 24 -16 24 -45940
-10 -2 -14 -1 -64844
-24 8 -23 9 -52258
-21 -11 -22 -7 -66812
-20 -4 -20 -5 -49046
-8 20 -11 21 -56824
17 16 20 17 -61790
-11 24 -11 23 -55022
12 -16 13 -16 -58978
-24 2 -24 5 -42390
17 -22 15 -24 -63336
24 13 23 15 -61138
15 23 17 24 -62208
-7 5 13 6 -70456
-5 -12 -5 -10 -71704
4 -24 3 -23 -47428
10 -2 9 0 -74436
19 -20 20 -24 -65936
2 -1 3 0 -60668
13 -23 14 -24 -47356
-20 -4 -16 -3 -73988
14 16 13 15 -69486
-17 19 -14 18 -57518
10 -23 9 -23 -38740
-2 -22 -1 -24 -56416
-22 24 17 23 -49468
-19 -23 -21 -24 -45448
23 18 24 17 -62110
-5 -16 -17 -16 -90160
-15 -1 -15 -3 -45432
13 -6 11 -5 -83030
8 -14 8 -16 -68016
-23 -7 -24 -7 -50854
23 23 24 22 -51426
-6 -23 -6 -22 -66234
-9 14 -13 14 -60660
-17 8 -17 6 -45572
13 13 11 11 -70108
4 -24 2 -24 -47836
-9 -7 -10 -7 -58658
21 15 21 16 -67524
-10 15 -9 16 -53868
-14 24 -15 23 -55834
17 -11 18 -14 -59736
16 -18 15 -20 -62862
-24 -1 -23 -2 -42236
-7 24 -9 24 -53174
5 12 6 12 -52860
24 -7 23 -6 -59856
3 18 3 17 -61126
24 -1 24 -3 -58000
-14 4 -12 4 -69848
-1 -11 -1 -12 -55164
12 -20 14 -22 -55936
6 12 8 14 -56236
14 11 15 12 -75268
12 -3 12 -2 -69226
24 12 24 22 -66530
22 -3 21 -5 -59114
-17 12 -16 9 -56920
2 -1 2 -2 -61852
22 13 22 12 -57660
-11 14 -11 15 -64804
7 0 7 2 -64840
-2 -16 -3 -17 -63260
-19 21 -18 24 -67186
4 20 5 14 -71038
-22 0 -23 0 -51966
3 -2 3 -1 -67570
-24 20 -21 24 -63046
-23 -12 -24 -7 -61782
24 -15 23 -17 -60064
-1 24 -1 23 -61466
-11 -10 -12 -6 -67168
-24 -18 -23 -10 -64170
10 5 17 0 -90862
-20 16 -22 16 -51714
-11 15 -11 14 -64440
2 -5 0 -6 -44940
12 -5 10 -2 -86412
4 -24 5 -22 -46708
19 -18 17 -17 -60390
-15 1 -6 2 -72490
-23 22 -22 21 -68310
-16 -22 -14 -24 -58704
4 22 4 24 -53114
-23 6 -24 6 -53614
-1 24 0 24 -55420
-8 24 -8 22 -58080
-1 4 0 0 -65226
15 24 16 23 -51522
-9 -11 -8 -15 -71444
-18 -7 -16 -7 -72302
-24 5 -24 4 -44172
0 -24 -1 -22 -54912
14 23 10 18 -65048
-8 -24 -7 -23 -65298
10 9 9 9 -55676
5 6 6 4 -53974
-22 -14 -24 -15 -51260
-14 24 -16 24 -53268
10 -5 9 -2 -79228
23 12 24 10 -61720
16 19 15 18 -65626
6 14 10 13 -61200
6 5 5 -1 -79300
-24 -19 -22 -17 -62310
-20 0 -19 0 -52800
-9 -24 -9 -23 -75680
9 4 10 4 -51532
-18 -7 -22 -11 -71994
22 -14 24 -18 -64702
-24 -4 -24 -3 -52770
0 16 2 14 -62090
-19 -17 -17 -18 -58846
23 22 24 24 -43892
22 9 23 11 -58822
17 -8 15 -9 -56596
-23 -13 -21 -10 -62310
24 -10 24 -12 -42136
-23 12 -23 14 -54440
11 2 11 3 -51476
12 9 12 11 -50384
-15 -18 -9 -15 -79800
8 -19 8 -22 -55778
7 14 7 11 -55438
1 10 3 10 -67292
3 -10 -3 -13 -73220
-10 15 -9 13 -59668
3 -23 2 -2 -83828
0 -23 -1 -24 -42276
21 3 23 4 -64018
-13 -23 21 -24 -63096
0 -23 0 -8 -84690
-3 20 -2 20 -48182
7 24 5 24 -44402
-24 20 -23 19 -61904
23 0 24 -3 -62258
-6 -5 -8 -6 -58756
-3 -16 -3 -14 -64972
-14 24 -14 23 -57588
13 -23 13 0 -71474
-18 -23 -15 -22 -55866
24 -7 22 -5 -65052
-6 -2 -4 -3 -54352
22 4 21 0 -63222
6 -17 6 -18 -66786
-12 18 -12 17 -55588
12 -6 13 -9 -62518
8 -23 8 -24 -50994
-23 -16 2 -13 -83308
14 3 12 5 -74474
-6 11 -5 12 -46778
23 -1 23 -5 -61534
-15 1 -16 1 -63360
14 -21 15 -21 -61654
-22 18 -24 17 -62390
-4 -7 -5 -7 -53304
-24 24 -23 24 -48362
4 11 0 13 -67418
-8 -6 -8 -4 -54026
-24 14 -23 15 -53314
-8 24 -6 23 -61930
-11 10 -13 10 -67788
13 16 10 16 -62672
-13 10 -12 9 -64328
14 2 15 0 -68638
-9 -10 -10 -7 -73826
24 3 24 5 -47014
23 -21 20 -20 -65094
-8 -11 -8 -10 -70036
-23 3 -24 2 -53200
-6 4 -5 4 -51696
-17 21 -17 18 -57536
-9 -24 -9 -23 -75680
-24 -21 -21 -22 -52542
-21 -24 -22 -21 -49002
-8 17 -6 19 -54428
2 -17 1 -20 -63880
24 9 22 8 -62392
-13 13 -12 8 -58162
-5 -13 -4 -12 -63154
-21 12 -20 10 -59182
24 11 24 12 -52632
19 -19 17 -16 -69982
-15 -10 -16 -11 -66276
-23 -8 -24 -10 -54088
-19 21 -19 24 -72788
-23 -9 -24 -4 -54358
4 24 3 23 -55734
-10 24 -12 24 -42682
12 -21 10 -22 -51534
-10 -16 -12 -14 -67782
-24 17 24 17 -51988
-16 -22 -16 -23 -60550
6 0 6 -3 -72574
3 5 3 4 -65152
-24 11 -23 12 -53252
-24 -24 -22 0 -63656
0 7 0 8 -43824
-24 1 -24 0 -34730
3 -6 -24 -20 -78872
2 2 0 1 -55662
-24 19 -22 20 -64530
-17 7 -16 7 -57388
23 -11 -20 -12 -74962
8 17 8 18 -56684
-16 -13 -17 -14 -60848
8 -17 6 -7 -74280
15 -9 -22 -11 -84078
