-23 -13 24 -4 -69069
1 -7 5 -8 -78605
8 -5 7 -5 -85769
5 -21 1 -18 -72265
-24 19 13 12 -57977
0 23 3 24 -62551
-22 8 -19 10 -65805
-19 -20 -20 -22 -61911
13 -2 -8 -24 -88337
-20 -13 -20 -14 -57705
17 -8 16 -8 -60741
3 -10 0 -15 -76039
-24 -20 -24 -16 -56633
-10 13 -9 15 -48329
19 -23 20 -24 -52613
0 19 23 14 -63459
12 20 11 21 -56543
-23 4 -19 2 -59009
12 18 10 17 -59159
10 -24 6 -24 -75537
0 15 0 12 -55481
23 -11 24 -13 -72493
-13 -11 -14 -7 -56023
20 14 20 13 -42811
-12 -10 -13 -11 -55949
22 -23 24 -24 -64055
24 8 24 6 -51327
-23 7 -23 8 -60389
-17 19 -17 13 -49811
-2 -20 -2 -19 -65087
7 15 10 21 -60185
-13 -24 -12 -23 -55649
23 24 22 24 -40981
-10 -23 -8 -23 -46235
24 16 24 14 -48261
-23 -7 -24 -11 -66215
-21 -16 -20 -19 -63197
-24 20 -24 22 -45681
5 14 4 19 -55031
-15 0 -14 -2 -58963
19 2 16 2 -68915
-11 22 -12 19 -48279
23 23 8 24 -59911
-10 -22 -11 -24 -67589
-18 -6 -17 -4 -51515
22 24 21 23 -51195
-21 23 -21 22 -63587
23 -14 24 -14 -53047
-6 1 -6 0 -42005
-12 15 -13 15 -52577
1 20 1 18 -63439
8 -16 9 -16 -69731
23 9 24 9 -60183
3 -22 0 -1 -106457
-13 -9 -12 -8 -54397
23 11 24 11 -60349
15 -23 13 -24 -48901
0 -11 1 -11 -68991
18 23 17 23 -45465
-22 -14 -23 -12 -58311
19 -13 19 -14 -62077
-9 24 -8 23 -52249
6 -13 7 -11 -74961
-24 -4 -24 -5 -50363
-11 2 -11 4 -62493
0 11 0 13 -53139
24 -10 23 -10 -52817
5 -9 5 -11 -68565
17 2 18 1 -69779
-10 16 -10 14 -51145
0 18 -3 19 -56957
24 8 23 0 -73013
24 -23 22 -23 -53657
-22 24 -22 21 -61715
24 17 22 17 -58657
-1 22 0 24 -64407
-24 24 -21 24 -69989
24 -19 24 -20 -56393
-5 -1 -6 -5 -61023
14 -2 17 15 -82653
5 0 11 0 -89237
-13 -16 -10 -18 -57969
-22 -21 -23 -22 -61497
16 -22 -11 -19 -83389
-21 -21 -18 -24 -59249
24 20 23 1 -65371
10 15 9 15 -49727
23 15 24 16 -61423
23 -5 22 -8 -60589
21 -13 24 -11 -60003
24 -9 24 -10 -63445
17 -23 20 -24 -49967
-8 21 -10 20 -52149
13 -1 15 -2 -70383
-11 23 6 23 -64319
-1 -6 0 -7 -68905
-8 11 -9 11 -56925
-9 -8 -9 -10 -56517
-11 -22 -12 -23 -66879
-17 -22 -16 -24 -67855
19 2 21 4 -70481
-24 7 -23 6 -51985
6 14 7 13 -51085
10 -8 10 -9 -47225
-19 -13 -16 -15 -56735
-2 6 -3 6 -46195
-7 23 -7 24 -48391
5 -1 2 0 -91117
-24 -23 -23 -20 -50363
14 -6 8 6 -89125
0 -2 24 -3 -95281
2 -2 1 2 -58175
24 -19 24 -20 -56393
16 -20 16 -19 -50735
21 1 22 0 -73777
18 23 14 23 -57065
-24 19 -24 17 -44789
8 24 7 22 -56385
-13 9 -14 15 -63509
-13 2 -11 3 -48939
16 4 16 3 -61413
13 -6 14 -5 -78677
16 0 17 -4 -71711
7 -16 10 2 -108583
-6 -11 21 -12 -100183
-9 -24 -10 -23 -51571
0 -10 24 -4 -103595
-11 3 -12 5 -58225
20 19 18 16 -54171
9 -6 9 -21 -81135
17 15 15 16 -48141
14 4 12 6 -67169
23 -11 23 -12 -76939
21 -6 24 -9 -73373
-4 0 -3 0 -56013
7 -18 22 -19 -82115
19 -18 18 -20 -69439
-24 -12 -24 -15 -51579
1 -9 2 -13 -75729
0 -23 -3 -23 -61773
-4 -13 5 -9 -86655
-4 24 -4 23 -53603
-24 -3 -24 0 -52907
10 24 8 23 -42625
18 0 20 0 -75349
13 21 15 24 -56047
22 23 22 22 -53787
-5 -21 -3 -23 -63851
-8 16 -9 17 -56355
-11 -22 -9 -24 -56027
-24 14 -24 15 -49815
24 -13 0 -8 -97187
-3 -23 -4 -23 -50065
24 -1 24 3 -64217
-17 -3 -16 -3 -52267
17 4 16 3 -70663
14 13 14 7 -64991
3 -15 2 -15 -64973
-2 7 0 8 -41821
0 16 0 18 -66589
-5 -7 -9 -8 -53887
-24 21 -22 22 -65937
13 -11 14 -11 -76451
-24 13 -23 13 -57465
22 10 22 9 -58029
21 -1 21 0 -65383
-24 -23 -21 -23 -60519
-22 24 -21 22 -58053
-1 -4 -2 -3 -56847
12 12 12 14 -44665
24 -12 24 -18 -78003
9 -22 10 -23 -64455
-24 -4 -7 -5 -62931
-12 -12 9 -15 -75765
-23 -9 -23 -13 -61993
11 -11 9 -12 -86985
24 -23 -12 -16 -71547
-24 -21 -23 -18 -61057
13 -5 13 -6 -65731
7 -11 4 -11 -68245
23 21 21 22 -55445
3 0 4 -1 -82397
-17 -1 -17 0 -53035
22 18 23 19 -62773
-12 -23 -12 -21 -66761
19 0 20 0 -73757
12 10 14 8 -58801
1 -24 2 -24 -59915
19 -1 17 -20 -94853
-2 18 -1 19 -55607
6 -22 1 -1 -106063
0 24 1 23 -56953
-10 7 -12 6 -47659
-14 24 -13 23 -48225
-24 -17 -23 -19 -57307
-15 15 -17 15 -47429
18 -12 16 -21 -85951
-18 -22 -16 -24 -64503
9 17 8 20 -53571
3 -24 1 -2 -99227
-5 -23 -8 -24 -47231
17 -13 14 -12 -63003
7 -6 5 -6 -83911
-11 17 -12 18 -54767
-24 7 -24 10 -57511
1 0 3 1 -66103
23 1 24 1 -63899
5 20 4 19 -65741
14 11 9 12 -57037
3 -19 11 -20 -82855
-2 24 -4 24 -45829
-24 24 -24 0 -57233
-9 11 -8 10 -55071
7 5 7 9 -45749
2 16 0 5 -65371
-1 -7 -1 -8 -62217
-18 -8 -17 -10 -53403
15 21 15 24 -55549
-23 4 21 6 -64717
-23 -10 -24 -11 -59969
3 -20 2 -22 -68393
-24 -14 -22 -15 -54809
-24 -20 -23 -22 -49555
11 22 11 21 -61155
-24 12 -24 10 -50117
3 22 3 20 -61955
-19 18 -17 17 -50677
11 -23 10 -24 -51223
-6 -17 -5 -15 -54227
16 11 14 10 -56697
22 -23 24 -24 -64055
-23 -9 -22 -9 -54557
-19 8 -19 6 -59519
-6 -10 -5 -10 -50981
-21 0 -20 -1 -59221
-24 5 -24 6 -53233
9 6 8 4 -46183
24 -23 24 -24 -30947
-2 -16 0 -18 -69821
24 18 23 21 -60377
23 1 24 2 -64959
5 24 6 22 -50069
-6 -21 -5 -24 -63857
-21 0 -19 0 -56609
-24 17 -24 16 -48221
14 -22 15 5 -95971
22 -20 24 -19 -54907
22 -19 24 -20 -56895
3 8 4 8 -49817
23 15 24 17 -62953
-19 -7 -19 -5 -49239
-20 -10 -19 -10 -55141
-9 -1 -9 -2 -45889
5 14 3 14 -51769
19 -6 19 -3 -67589
-23 16 -24 17 -61027
-20 -16 -21 -18 -62287
-24 11 -23 10 -50573
21 -23 22 -22 -46093
-14 -23 -16 -24 -51307
0 -11 -2 -12 -65967
12 23 12 22 -58553
16 23 12 22 -59317
23 2 24 1 -67641
-19 7 -18 7 -52137
0 -24 -1 -24 -60013
-5 -21 -4 -18 -60747
-18 1 -15 1 -53445
-10 -1 -8 0 -45835
24 -14 24 -13 -68045
21 -4 23 -5 -64261
0 -19 0 -16 -61167
14 2 15 0 -75575
-3 20 -3 22 -57015
5 -24 6 -24 -57131
4 -18 6 -1 -105681
17 0 12 -24 -103083
-14 -5 -15 -2 -51725
23 -6 24 -5 -54835
-8 -18 -8 -17 -49345
-9 7 -9 6 -47223
13 2 10 3 -73371
18 -23 -2 -22 -85887
8 -3 8 -1 -61715
6 -15 6 -14 -58117
-22 24 -18 24 -61097
-19 22 -20 23 -58963
-24 0 0 4 -64417
21 -23 21 -24 -41987
-19 21 -18 22 -57399
2 13 1 10 -56345
-11 24 -12 24 -45221
13 -23 13 -24 -42595
0 0 0 -2 -55451
24 0 22 -1 -65153
24 -13 24 -17 -75389
-13 -10 -13 -13 -63087
-1 -17 -3 -16 -65579
19 -8 19 -6 -65063
14 16 14 15 -37901
3 -23 3 -24 -49013
23 5 24 7 -60683
-17 24 -16 24 -41703
5 3 4 3 -83795
-24 8 -23 9 -59677
6 -22 6 -21 -49563
15 -6 15 -4 -71249
5 24 -21 24 -53205
3 -2 3 -15 -93285
-11 24 -11 23 -49355
13 -13 12 -11 -52461
-11 22 -12 23 -55405
17 -22 15 -24 -55397
15 8 15 7 -53973
2 -23 21 -22 -80409
-12 12 -13 9 -55471
-5 -13 -5 -11 -57669
4 -24 3 -23 -54067
-13 10 -11 12 -53557
-11 -10 -11 -11 -66099
-4 23 -8 22 -46459
13 -23 14 -24 -55335
14 0 21 23 -81081
10 -24 8 -24 -77003
8 -9 7 -10 -77215
-10 5 -12 22 -65091
23 -4 23 -3 -48587
-1 21 -3 23 -62555
-19 -23 -21 -24 -47223
23 18 24 17 -64211
-10 -16 -3 -16 -57869
13 -3 11 -5 -84859
9 10 10 12 -50105
-10 3 -10 2 -58805
-23 -7 -24 -7 -45625
23 23 24 22 -52331
-6 -23 -6 -22 -58101
11 18 12 19 -55333
-16 -19 -18 -20 -60935
15 -22 15 -23 -50559
4 -24 2 -24 -62095
-16 1 -16 0 -54057
22 9 16 10 -48383
-16 11 -14 11 -50207
-14 24 -15 23 -47583
18 2 17 1 -72711
-8 9 -9 9 -55305
-24 -1 -23 -2 -52771
-7 24 -9 24 -46377
-18 24 -19 22 -55051
24 -7 23 -6 -66217
-11 9 -10 6 -57707
1 -1 3 -3 -81239
0 24 5 22 -57709
-1 -11 -1 -12 -66083
-23 11 -24 15 -54797
2 24 0 22 -70045
-16 7 -16 8 -54789
12 -3 12 -2 -65699
4 13 3 14 -54613
-18 12 -20 10 -61733
8 7 9 5 -53643
14 -14 12 -15 -76033
-19 16 -21 15 -54457
-1 -22 -1 -24 -52091
5 -17 3 -19 -58261
-14 -17 -15 -18 -55927
0 -8 1 -9 -71787
12 -4 11 -4 -77009
-22 24 -21 24 -67537
13 -22 14 -23 -58585
-24 20 -21 24 -63717
-23 -12 -24 -7 -57809
24 -15 23 -17 -59699
-1 24 -1 23 -57907
3 -12 3 -15 -69511
6 -11 16 -11 -110801
16 5 12 -2 -72379
24 3 22 4 -66767
19 19 18 21 -53127
2 -5 0 -6 -63353
-17 4 -16 5 -59855
4 -24 5 -22 -57901
10 3 2 -15 -109575
-6 -12 -10 -11 -52027
6 16 5 15 -56969
-16 -22 -14 -24 -60783
1 -18 1 -20 -63763
-23 6 -24 6 -51073
-1 24 0 24 -55673
10 -3 8 -6 -77021
12 -10 7 -10 -96633
15 24 16 23 -49057
-4 17 -5 15 -58943
-12 -2 -13 -7 -45307
-24 5 -24 4 -47227
9 0 8 1 -70493
-10 8 -11 11 -59437
-8 -24 -7 -23 -50805
6 0 5 -1 -75199
-2 17 -2 18 -70103
-22 -14 -24 -15 -55971
-14 24 -16 24 -43995
5 1 5 2 -43819
23 12 24 10 -52533
3 5 3 2 -37397
-15 4 -16 2 -56855
-12 -20 -12 -21 -59825
-24 -19 -22 -17 -61423
19 19 19 20 -58647
2 -22 1 -23 -67373
-19 13 -21 19 -57641
6 23 6 22 -58339
22 -14 24 -18 -63599
-24 -4 -24 -3 -54405
17 -15 16 -17 -70859
-6 -13 -6 -16 -49591
23 22 24 24 -45961
-8 -13 -6 -8 -66349
12 9 12 12 -55709
9 -23 10 -23 -78777
24 -10 24 -12 -75477
-6 17 -1 17 -51667
-5 -4 5 -5 -84385
-3 -4 -5 -6 -68943
-21 -24 -23 -24 -57107
-15 -14 -14 -18 -59095
6 1 3 1 -91391
-8 2 -3 -7 -55599
-1 9 -2 6 -43051
19 -17 19 -19 -64221
24 13 24 -9 -66949
0 -23 -1 -24 -58291
-13 -15 -13 -16 -54265
19 10 16 8 -59971
-5 -6 -5 -7 -51701
-9 5 -9 4 -50155
7 24 5 24 -36039
-24 20 -23 19 -58799
20 -6 0 -8 -116451
12 0 12 -1 -64641
-21 2 -21 3 -43617
-14 24 -14 23 -48187
-24 -23 -24 -5 -58571
-18 -23 -15 -22 -56431
21 24 20 22 -56053
-20 -6 -18 -5 -53369
23 17 24 16 -62755
17 1 -4 -9 -105313
-12 18 -12 17 -45487
2 15 0 14 -50899
9 6 13 9 -55883
-18 -16 -18 -17 -57703
12 -24 12 -2 -89511
-22 18 -24 18 -65439
24 0 24 -1 -57583
-4 18 -4 15 -68745
11 -9 10 -9 -87137
-12 -17 -11 -17 -51803
23 -9 24 -12 -78155
-24 24 -23 24 -55899
8 3 5 -18 -110837
0 -3 -1 -3 -67891
-24 14 -23 15 -56675
-13 -10 -11 -12 -54913
4 -13 5 -14 -64637
22 -9 7 -10 -99695
21 9 21 8 -60539
9 -17 11 -18 -72123
-22 -15 -17 -14 -63579
24 3 24 5 -57307
20 -15 5 -14 -102465
24 -10 23 -6 -69059
-23 3 -24 2 -46461
-23 -4 -22 -1 -56795
-6 21 -4 15 -66137
-5 5 -4 5 -51355
-24 -21 -21 -22 -60315
-21 -24 -22 -21 -49835
4 17 3 16 -64339
24 17 24 19 -55155
24 9 22 8 -60947
-4 -4 -1 -3 -68267
-14 11 -15 12 -58481
-24 2 -23 2 -49885
24 11 24 12 -42459
16 -23 18 2 -99885
17 -21 16 -22 -59255
-23 -8 -24 -10 -65091
18 -24 17 -23 -47535
-23 -9 -24 -4 -50905
4 24 3 23 -57693
-12 17 -8 18 -56777
-10 -1 -11 0 -47931
1 -19 4 -23 -70327
17 -8 -4 -3 -107965
-16 -22 -16 -23 -61495
-16 -16 -14 -9 -65259
-11 -22 -9 -16 -60579
-24 11 -23 12 -61867
24 21 24 22 -50791
21 23 -20 -3 -67865
-24 1 -24 0 -41397
14 1 14 2 -65287
-17 11 -17 10 -55431
14 0 7 0 -83975
14 21 11 21 -58257
15 -11 22 -10 -57323
-24 -19 -6 -22 -59633
-16 -13 -17 -14 -56257
14 -5 3 -6 -112435
-2 -1 0 0 -61053
