16 16 17 14 -60677
23 -23 23 -24 -57153
-19 9 -20 9 -53393
-24 15 -23 16 -59133
0 11 0 13 -66303
12 24 10 21 -54947
0 -2 1 -2 -59431
-11 -20 -11 -18 -62755
10 -23 8 -22 -57229
-20 -13 -20 -14 -66811
9 2 9 0 -71417
6 -15 -3 -15 -72987
-24 -20 -24 -16 -58163
-7 3 -10 4 -73793
10 14 8 10 -59825
-7 -13 -8 -13 -66617
-4 -22 -3 -24 -53583
-11 22 -8 21 -48509
-16 1 -18 6 -55399
2 1 3 9 -77615
-2 1 -2 0 -64145
19 -8 16 -7 -63997
17 24 19 21 -47103
18 -21 18 -24 -63981
0 -11 1 -14 -56359
-14 -8 -16 -9 -54999
-5 1 -1 20 -91375
-23 7 -23 8 -54525
2 12 4 -7 -84939
-24 8 -22 8 -57291
16 13 14 15 -58835
-13 -24 -12 -23 -56409
23 24 22 24 -60271
-6 18 -3 21 -67135
24 16 24 14 -51005
10 5 11 7 -66833
-14 21 -14 19 -50179
-24 20 -24 22 -52081
21 -5 24 -6 -65803
13 -18 13 -20 -52513
7 -10 7 -13 -60993
-8 0 -10 0 -71481
-20 -19 -18 -19 -68135
-10 -22 -11 -24 -61843
1 23 1 24 -28227
22 24 21 23 -61423
-8 14 -5 17 -74439
23 -14 24 -14 -53773
-17 19 -15 22 -61967
10 18 10 20 -55041
5 0 4 0 -64171
24 18 24 22 -43759
-7 -9 -9 -8 -70359
-10 -5 -10 -6 -55601
20 8 22 21 -69879
23 11 24 11 -51219
15 -23 13 -24 -47347
-21 -22 24 -3 -65907
-4 -7 -6 -5 -63309
-22 -14 -23 -12 -61785
24 0 24 -1 -39889
-1 -21 -24 -21 -71905
-15 24 -13 24 -47007
-24 -4 -24 -5 -55073
-11 24 -12 23 -44795
-13 -18 -14 -19 -66727
24 -10 23 -10 -53667
11 -23 20 -22 -53911
17 -20 17 -17 -60687
9 8 6 11 -61137
19 9 20 6 -54633
24 0 24 1 -42379
24 -23 22 -23 -52859
-3 2 -4 -6 -79039
24 17 22 17 -58809
10 10 11 11 -62921
4 17 7 14 -55887
-7 -14 -7 -13 -59725
21 12 22 12 -63545
15 -10 12 -10 -60509
4 -23 3 -20 -69563
-8 -5 -6 -4 -69285
-22 -21 -23 -22 -59579
-16 -11 -16 -14 -64213
-21 -21 -18 -24 -66679
3 2 0 17 -94019
20 0 21 0 -80663
23 15 24 16 -54209
-13 11 -9 11 -49615
-11 -5 -12 -6 -58769
24 -9 24 -10 -56963
10 -9 9 -9 -52907
1 21 0 22 -47213
14 -8 15 -9 -64491
-18 23 -21 24 -63565
23 12 23 11 -54247
-5 15 -3 -12 -82757
0 -17 -2 -16 -59883
-6 21 -4 15 -49803
2 15 5 15 -59461
-24 -1 -22 0 -54975
-24 7 -23 6 -52051
-1 10 -8 11 -68585
7 -16 8 -17 -62045
-19 -13 -16 -15 -64341
16 -20 6 7 -84787
14 9 14 10 -58003
11 18 11 17 -46563
-24 -23 -23 -20 -51123
-10 -24 -9 -24 -51437
11 8 9 7 -65267
14 8 14 12 -60487
-5 1 -3 2 -48411
-16 -24 9 -20 -72843
-17 16 -20 18 -60535
-21 -4 -21 -6 -59799
-24 19 -24 17 -57143
18 -16 18 -19 -61177
-18 -6 -17 -5 -59875
23 6 19 9 -70735
-14 17 -14 18 -55877
-21 -4 -22 -4 -68189
13 15 8 13 -63905
11 0 12 2 -66445
0 -6 1 -2 -71483
-9 -24 -10 -23 -57767
15 -8 15 -12 -61597
-24 17 -22 20 -60951
6 -20 4 -24 -62503
-2 -4 0 -6 -66753
24 -6 22 -10 -66039
-15 3 -13 4 -47147
24 -14 24 -15 -58609
-5 -24 -1 -23 -63831
18 -21 14 -18 -63067
22 22 24 19 -58171
-10 24 -7 23 -45367
-24 -12 -24 -15 -55291
13 2 15 0 -61521
23 -24 0 -24 -55527
-3 -18 -4 -21 -62965
20 -12 20 -10 -63149
-24 -3 -24 0 -50795
-19 23 -18 22 -68013
8 24 7 23 -41331
2 0 0 -2 -67135
10 -22 9 -22 -65969
24 -21 24 -20 -47347
-24 -17 19 -17 -72041
23 5 24 5 -54703
-24 14 -24 15 -59039
24 0 24 -22 -57091
10 23 10 24 -38889
17 16 18 17 -61489
-17 -3 -16 -3 -62175
-2 20 -2 24 -34647
-12 15 -12 16 -52509
3 -21 3 -19 -70043
21 -17 21 -14 -61663
-18 12 -19 -7 -69883
14 15 14 13 -47615
-24 21 -22 22 -56081
-17 16 -18 13 -64829
-24 13 -23 13 -57369
5 8 7 5 -71077
24 -23 22 -20 -56017
-24 -23 -21 -23 -63601
-22 24 -21 22 -55937
-2 -4 -1 -2 -67437
20 -14 22 -13 -62627
15 -4 15 -5 -65129
20 -17 22 -19 -63173
-12 -15 -13 -14 -69799
-12 -18 -10 -16 -74695
-23 -9 -23 -13 -61627
24 -11 24 -12 -59707
15 -16 15 -14 -61675
-24 -21 -23 -18 -64471
-10 -16 -8 -15 -76443
22 -22 23 -19 -58329
0 -15 0 -16 -70171
17 24 12 23 -48353
-20 5 -18 7 -59533
-15 24 -18 22 -60187
11 4 14 4 -67955
8 9 8 5 -66565
-8 1 -8 10 -60757
-5 -23 -5 -21 -59293
4 -12 6 -11 -62557
3 -5 5 -5 -64591
-10 -10 -9 -10 -66175
17 1 17 3 -51651
19 -23 21 -24 -62693
14 20 12 19 -63255
-24 -17 -23 -19 -53941
-21 6 -21 5 -56749
1 -7 0 -4 -77001
-18 -22 -16 -24 -61339
7 9 5 8 -57813
-12 -7 -14 -6 -65939
-5 -23 -8 -24 -60099
-21 24 -23 21 -53251
5 -6 6 -5 -66285
18 15 17 15 -52671
-24 7 -24 10 -51365
-19 -3 -17 -7 -69971
23 1 24 1 -61609
2 -9 0 -6 -68651
14 20 8 21 -72341
-7 9 -7 10 -54063
20 21 19 21 -60683
-17 -1 -15 -3 -67969
-16 -11 -17 -12 -60895
-3 -13 -2 -16 -64323
-15 10 -16 13 -47043
-12 -21 14 -22 -73363
-18 -8 -17 -10 -61537
-1 21 -5 19 -60055
13 4 14 4 -64021
-23 -10 -24 -11 -60291
21 3 23 3 -75945
-24 -14 -22 -15 -54581
-24 -20 -23 -22 -51633
10 23 8 24 -60363
-24 12 -24 10 -45687
-22 15 8 17 -58509
-1 -2 -2 -1 -58407
21 -8 22 -7 -62439
-6 -9 -5 -13 -56385
24 -4 23 -5 -55077
-21 14 -19 16 -67849
-23 -9 -22 -9 -67753
21 -16 19 -17 -61301
-7 16 -7 13 -65865
-8 19 -3 23 -67845
-24 5 -24 6 -58407
11 -9 11 -13 -61319
24 -23 24 -24 -49257
2 -6 1 -7 -59003
-10 -3 -8 -1 -68701
13 16 10 16 -64661
5 24 6 22 -44773
18 -16 15 -15 -59497
-6 4 24 -17 -71899
-24 17 -24 16 -57859
20 -1 17 0 -60421
22 22 0 13 -60171
0 2 0 0 -72139
16 19 14 20 -50389
-20 2 -23 3 -59969
-8 -22 -8 -23 -59835
-20 -10 -19 -10 -60521
19 22 17 20 -61347
-3 2 -2 5 -67065
-15 -18 -15 -19 -71799
-23 16 -24 17 -58793
-20 -16 -21 -18 -71595
-24 11 -23 10 -52509
24 5 24 2 -37711
-14 -23 -16 -24 -61935
8 -2 8 -3 -52977
-20 0 -18 0 -68159
4 -22 3 -22 -69793
19 -1 22 0 -78423
24 -3 23 -3 -60899
0 -24 -1 -24 -59939
-14 18 2 16 -71335
5 0 4 -2 -64589
0 23 -2 21 -39181
24 -14 24 -13 -60109
22 -12 20 -10 -66325
24 9 24 12 -54171
8 -19 8 -16 -61887
14 0 14 -1 -51545
7 -23 6 -24 -54555
-11 3 -11 4 -47175
6 -15 5 -16 -64391
-22 4 -24 -21 -65981
8 -14 8 -17 -62969
14 -7 13 -8 -53545
-22 -7 -21 -7 -71141
-3 -7 -2 -6 -64485
-11 3 -13 4 -53899
2 -24 1 -24 -68689
24 -21 22 -22 -58265
-11 0 -12 -1 -59115
15 -5 15 -6 -64171
-9 17 -6 -3 -87841
21 -23 21 -24 -57913
-13 -7 -11 -10 -66205
2 -14 1 -14 -60197
-11 24 -12 24 -45495
-12 -24 -15 -24 -55809
24 -9 -24 -15 -64975
-8 15 -7 13 -60065
9 24 11 23 -66323
-13 -10 -13 -13 -58477
-4 -21 -6 -21 -62109
-3 -12 0 -10 -59169
8 0 -13 2 -74457
-9 -16 -6 -14 -76593
24 2 24 3 -41205
-17 24 -16 24 -53015
21 -4 20 -2 -54033
-24 8 -23 9 -55567
11 24 12 23 -58167
15 -11 15 -12 -63307
16 -23 17 -21 -55069
-5 14 -1 12 -65607
-6 13 -5 16 -72433
3 -24 0 -24 -70493
-3 10 -1 11 -56657
-15 -17 -15 -21 -74873
-3 -24 -4 -24 -57957
-17 3 -20 3 -62769
-9 20 -5 19 -55757
-19 12 -16 13 -55021
4 -24 3 -23 -57523
-15 22 -16 24 -55509
-13 12 -10 13 -51871
17 23 16 21 -52925
13 -23 14 -24 -57669
-21 -16 -20 -13 -72141
10 -24 8 -24 -60689
12 21 12 19 -54243
-2 6 0 13 -77457
15 -13 16 -15 -64397
-7 -11 -6 -10 -58481
-19 -23 -21 -24 -54209
19 -23 21 -23 -61491
7 5 8 16 -69977
-9 11 -9 12 -61685
9 -18 8 -20 -66445
15 -11 19 -12 -65809
-23 -7 -24 -7 -57903
23 23 24 22 -50323
24 23 22 23 -60319
-23 23 -21 22 -66117
-16 -19 -18 -20 -71807
-8 -2 -7 -3 -59127
0 -23 0 -24 -45239
10 16 24 18 -69425
-3 -14 -4 -15 -62555
7 -15 8 -15 -61899
-14 24 -15 23 -50131
20 24 21 24 -56277
4 5 2 10 -78013
-24 -1 -23 -2 -56573
9 -12 7 -14 -68521
-18 24 -19 22 -51969
19 4 19 5 -44717
19 1 23 2 -84047
13 -23 13 -24 -57655
-12 -5 -12 -4 -57341
7 5 12 4 -69549
-23 11 -24 15 -57785
-11 11 -11 14 -64327
3 9 5 9 -58071
-4 -15 -5 -15 -58463
-11 0 -11 -3 -56271
8 2 8 1 -72669
6 -3 5 -7 -66931
24 16 24 18 -48513
-12 -4 -13 -2 -63827
-20 20 -21 22 -67651
-24 2 -23 1 -52227
-14 -24 -15 -23 -54053
7 4 7 1 -68473
1 3 0 3 -55895
-22 24 -21 24 -58647
17 17 17 16 -55705
-10 24 17 3 -73309
-23 -12 -24 -7 -56237
24 -15 23 -17 -52319
-1 -17 -22 -16 -79057
13 -3 13 -4 -56699
-18 -23 -17 -23 -67065
18 -23 16 -22 -51951
3 -17 3 -20 -68531
-8 16 -7 18 -67425
-23 18 -19 16 -69075
8 5 10 4 -65667
20 19 21 18 -61109
-3 -8 0 -8 -55949
10 18 9 18 -62713
1 23 8 22 -52725
-21 -21 -21 -18 -65811
-14 -6 -13 -6 -61135
15 6 13 8 -62697
-1 24 0 24 -34457
0 12 2 12 -54585
-1 16 -1 9 -76453
15 24 16 23 -44907
-5 15 -3 6 -83245
4 -3 4 -3 -239881
-24 5 -24 4 -52187
18 3 19 3 -57171
-9 -18 -9 -19 -57571
-8 -24 -7 -23 -57537
5 -24 3 -24 -61495
-22 13 -22 15 -61407
-22 -14 -24 -15 -60789
17 -4 18 -7 -66417
-10 -17 -9 -16 -74963
23 12 24 10 -55801
-4 7 -6 7 -58129
0 20 0 -2 -91103
11 -14 10 -15 -60701
-24 -19 -22 -17 -65109
24 -4 24 -8 -55947
2 2 3 0 -68663
13 1 13 2 -64635
11 -6 14 -8 -67781
0 -9 0 -11 -51381
-24 -4 -24 -3 -55415
-18 20 -17 20 -60141
-6 -13 -6 -16 -63153
23 22 24 24 -46743
0 3 0 2 -67145
-17 1 -16 -6 -72507
-18 1 -19 -2 -60775
11 -23 12 -24 -55525
20 11 22 12 -60039
23 20 20 16 -65547
7 -19 6 -20 -68355
-21 -24 -23 -24 -61711
23 -13 24 -14 -60545
4 -4 7 -2 -69827
24 -5 23 -4 -52639
3 10 3 6 -73399
12 -4 7 -2 -57377
0 -23 0 -19 -67427
-15 2 -15 0 -55373
-13 -15 -13 -16 -61593
-7 1 -8 4 -60655
4 -17 3 -14 -63875
23 24 23 23 -37719
-10 -10 -10 -9 -52331
-10 -24 -21 0 -81133
23 -9 24 -12 -64769
-10 16 -7 22 -66781
15 -3 13 -4 -59519
-14 24 -14 23 -44265
3 -17 0 -19 -63651
-18 -23 -15 -22 -71863
21 24 20 22 -58977
-7 -7 -7 -8 -54223
23 17 24 16 -52535
-24 22 -24 18 -59241
-11 -23 -10 -24 -58663
4 -5 3 -3 -70475
17 1 15 0 -49771
-18 -16 -18 -17 -63307
-18 -9 -18 -10 -56073
12 -23 10 -24 -56603
-1 17 -4 16 -61973
-9 5 -7 5 -63701
-19 -3 -18 -3 -69891
-12 -17 -11 -17 -63713
19 -9 16 -10 -59265
-24 24 -23 24 -42669
-13 -22 -13 -24 -57545
15 -23 15 -24 -59303
-12 -2 -8 -2 -72419
12 24 11 24 -56325
10 -5 12 -7 -62303
-1 6 -2 4 -64691
1 18 3 16 -55329
-13 9 -13 12 -51541
10 -23 10 -24 -47317
23 -23 20 -22 -68213
2 8 0 8 -52973
-1 -20 -3 -24 -64861
-23 3 -24 2 -48515
-2 11 0 8 -61965
0 -15 0 -17 -70551
0 23 3 23 -41583
-24 -21 -21 -22 -64261
-21 -24 -22 -21 -51619
-12 23 -13 24 -46123
3 12 5 13 -60111
-17 14 -14 16 -60713
24 -8 24 -5 -57701
9 18 10 21 -58203
5 -21 4 -20 -70333
-2 -8 -2 -9 -57807
-10 -16 -12 -14 -68711
8 -13 8 -12 -62567
-23 -8 -24 -10 -57627
-15 -14 -16 -14 -61893
-23 -9 -24 -4 -55275
-4 -3 -4 -1 -64755
-2 -22 0 -23 -61583
-5 20 -3 19 -55901
16 -11 13 -15 -64683
5 2 5 -15 -74095
-16 -22 -16 -23 -53965
12 -15 10 -14 -57869
14 3 13 6 -66161
-24 11 -23 12 -55235
11 -2 11 -2 -239881
15 -14 -3 11 -87185
-24 1 -24 0 -45011
14 6 14 5 -59647
-16 18 -16 17 -57085
21 15 21 13 -56237
21 -23 22 -22 -61451
7 24 6 24 -43365
23 8 23 10 -44475
8 0 3 4 -77643
-19 1 -19 2 -55709
24 -20 21 -19 -67553
