-18 24 -17 23 -57162
23 -23 23 -24 -60468
-19 9 -20 9 -56156
-24 15 -23 16 -57440
-22 12 -22 13 -50958
-18 6 -20 8 -60916
-1 14 -1 13 -58212
-11 -20 -11 -18 -62294
21 -6 -24 -4 -61574
-20 -13 -20 -14 -59966
-3 24 -3 23 -52190
6 -23 5 -21 -59836
-24 -20 -24 -16 -59568
-11 -2 -10 -1 -60142
-2 -9 -4 -8 -63130
-7 -13 -8 -13 -66108
-4 -22 -3 -24 -46536
-7 0 -3 0 -60058
-1 22 3 24 -62630
15 -12 15 -15 -56780
4 7 4 6 -75472
6 0 6 -9 -79338
11 -8 -14 18 -85150
18 -21 18 -24 -63834
-1 -11 1 -14 -59438
-14 -8 -16 -9 -63698
8 11 7 10 -79754
15 14 16 14 -58244
13 7 13 6 -65994
24 22 23 18 -67746
11 -2 11 -5 -67382
-13 -24 -12 -23 -53870
23 24 22 24 -59350
-1 0 -4 0 -64892
21 7 20 10 -60598
-11 8 -13 8 -48058
-10 -14 -8 -17 -67468
-24 20 -24 22 -54920
0 -10 -6 -13 -66836
15 8 13 10 -50816
-7 3 -7 4 -68984
-6 -4 1 -5 -67546
-1 -3 -1 -2 -55004
-10 -22 -11 -24 -61568
1 23 1 24 -48636
16 3 16 2 -57770
-24 6 -22 1 -61966
23 -14 24 -14 -51006
-22 20 -19 19 -57152
9 23 9 8 -74092
16 -4 18 -4 -65374
13 -14 15 -14 -61784
-7 -9 -9 -8 -62246
3 -13 0 -15 -67060
10 0 11 0 -49772
23 11 24 11 -59004
19 16 19 13 -42862
-13 -4 -14 -2 -54084
-6 -15 -6 -17 -51940
-22 -14 -23 -12 -60138
2 5 3 24 -91366
-10 24 -11 24 -51110
-15 24 -13 24 -54058
-24 -4 -24 -5 -59752
-11 24 -12 23 -55238
14 -18 14 -19 -47328
24 -10 23 -10 -53874
-6 -12 -7 -13 -59668
3 -18 2 -19 -66120
24 20 24 19 -56974
13 -8 14 -8 -59140
24 -2 24 -5 -51794
24 -23 22 -23 -44136
-16 -11 -16 -13 -59066
-11 1 -12 0 -57448
-19 12 -19 17 -57596
21 11 24 13 -66150
-1 14 -15 12 -66936
20 -8 22 24 -81160
16 -12 21 -11 -70578
12 20 12 21 -55040
3 -17 2 -15 -54910
-22 -21 -23 -22 -62782
-3 14 -7 17 -75272
-21 -21 -18 -24 -54000
8 5 12 5 -57884
2 0 2 22 -95044
23 15 24 16 -41738
15 -17 16 -16 -59428
17 10 20 9 -74162
24 -9 24 -10 -48716
10 -9 9 -9 -50954
17 22 17 23 -50772
15 -8 15 -10 -59906
-18 23 -21 24 -52716
-7 1 -7 2 -69012
8 -3 6 1 -77972
0 -17 -2 -16 -50974
-9 -7 -11 -8 -56478
-16 8 -13 7 -60478
-24 -1 -22 0 -47678
-24 7 -23 6 -51252
-2 0 0 1 -59756
7 -16 8 -17 -59234
7 10 8 12 -81632
-4 10 -5 8 -60464
-19 -17 -19 -16 -69320
-18 3 -19 13 -52002
-24 -23 -23 -20 -51778
-10 -24 -9 -24 -48830
9 23 24 24 -60322
-5 13 -6 9 -62872
7 0 7 1 -77020
-7 22 -7 20 -63616
5 -19 3 -19 -73384
-21 -4 -21 -6 -63464
-24 19 -24 17 -55474
0 2 0 1 -62972
-18 -6 -17 -5 -60450
-11 -3 -13 -2 -51526
-14 17 -14 18 -53674
-21 -4 -22 -4 -53282
23 24 -22 6 -61498
12 23 13 23 -56494
-8 -14 -9 -15 -55434
-9 -24 -10 -23 -56708
17 0 16 0 -59696
-21 20 -23 17 -58800
22 -6 22 -7 -61082
0 -11 3 22 -88840
8 -21 8 -20 -61090
19 13 12 -8 -102820
24 -14 24 -15 -58722
-5 -24 -1 -23 -61966
1 14 0 16 -58074
14 -11 13 -12 -61548
23 -21 22 -8 -67998
-24 -12 -24 -15 -52914
-10 8 -11 10 -58206
23 -24 0 -24 -53164
-3 -18 -4 -21 -56126
22 9 18 8 -74180
-23 -7 -23 -9 -67792
10 -9 10 -8 -57876
12 0 24 5 -83902
24 -4 21 -2 -62062
10 -22 9 -22 -55420
24 -21 24 -20 -41712
16 20 13 23 -62854
23 5 24 5 -46108
-24 14 -24 15 -49000
3 -11 4 -14 -65086
10 23 10 24 -42300
0 7 -1 8 -62980
15 17 15 16 -48702
5 -2 -2 -3 -58140
-12 15 -12 16 -48388
16 12 15 11 -67218
-20 -24 -19 -23 -52970
-23 21 -1 24 -54794
3 5 5 4 -48734
2 24 3 24 -54570
24 12 22 13 -61992
-24 13 -23 13 -51966
24 14 21 4 -70340
18 3 20 5 -70556
-24 -23 -21 -23 -60294
-22 24 -21 22 -56002
-6 23 -6 24 -55054
-18 6 -19 6 -62014
20 1 19 -1 -71092
20 -17 22 -19 -63264
-12 -15 -13 -14 -59032
3 21 18 19 -77336
-23 -9 -23 -13 -64152
24 -11 24 -12 -51030
-11 -7 -10 -8 -57608
-24 -21 -23 -18 -65198
-8 -17 -11 -19 -58240
22 -22 23 -19 -52358
-1 -6 0 -5 -61076
18 24 17 17 -69260
-19 -10 -17 -13 -64826
4 -6 6 -5 -59908
-23 24 -24 24 -50128
-5 19 -4 19 -59122
16 19 19 20 -56048
-5 -23 -5 -21 -57594
4 -12 6 -11 -55942
-9 4 -8 7 -61722
4 -4 2 -6 -61848
19 9 18 10 -67626
19 -23 21 -24 -55646
9 18 9 15 -57602
-24 -17 -23 -19 -53684
-6 24 -6 20 -69726
-7 0 -8 -2 -55308
-18 -22 -16 -24 -55456
-5 3 -3 1 -72288
17 -14 17 -16 -53270
-5 -23 -8 -24 -52774
21 1 21 5 -64900
-20 19 -20 17 -60422
18 -12 22 -12 -67026
4 21 3 3 -98352
22 24 24 24 -61064
23 -4 22 1 -73202
19 -21 13 -24 -60608
-5 19 -4 21 -57696
-14 0 -14 -3 -58070
-3 -24 -2 -22 -58612
18 -5 18 -6 -63536
3 -3 3 -2 -65714
20 -2 16 -5 -67406
-11 15 -10 13 -58714
-11 17 -20 17 -65216
-21 -6 -21 -7 -65030
3 -9 4 12 -85146
5 -12 6 -16 -62708
-23 -10 -24 -11 -53340
-9 22 -8 24 -58628
-24 -14 -22 -15 -50486
-24 -20 -23 -22 -48162
23 -9 23 -5 -60532
-24 12 -24 10 -39792
-1 -14 -2 -17 -60080
-17 -9 -18 -9 -61600
-24 23 -23 2 -54678
-9 -7 -8 -4 -61586
24 -4 23 -5 -56562
12 -17 13 -16 -57548
-20 -16 22 -16 -60696
21 -16 19 -17 -59506
-1 5 -2 4 -52496
-24 -2 -24 -3 -49710
-24 5 -24 6 -44746
-16 5 -17 5 -57054
24 -23 24 -24 -52372
2 -6 1 -7 -58104
9 -2 10 -5 -67230
-15 20 -15 19 -59204
5 24 6 22 -63998
18 -16 15 -15 -59996
24 20 24 22 -61430
-24 17 -24 16 -54736
-13 -6 -13 0 -59598
-8 10 -7 9 -51908
22 13 21 11 -58150
-16 -2 -14 -1 -51912
-20 2 -23 3 -62642
-8 -22 -8 -23 -61766
-20 -10 -19 -10 -52586
-24 24 -24 21 -59506
-23 0 -1 2 -61682
-15 -18 -15 -19 -59182
-23 16 -24 17 -48364
-20 -16 -21 -18 -64960
-24 11 -23 10 -45906
16 3 18 4 -73532
-14 -23 -16 -24 -54876
13 7 13 6 -65994
6 -22 6 -23 -56976
-10 -21 -13 -19 -67084
13 11 1 6 -81134
-1 -7 0 -11 -56296
0 -24 -1 -24 -56490
12 5 11 3 -59356
2 20 4 21 -58852
0 23 -2 21 -59518
24 -14 24 -13 -58832
20 0 24 0 -58896
-14 10 -13 9 -59704
8 -19 8 -16 -49558
14 0 14 -1 -56044
7 -23 6 -24 -52088
-11 3 -11 4 -50384
20 10 20 -6 -101732
-14 23 -13 19 -66702
0 -24 2 -23 -60868
-9 19 -9 18 -50050
5 -9 6 -10 -67058
11 1 13 0 -51594
8 0 8 -1 -74380
2 -24 1 -24 -57638
24 -21 22 -22 -50548
0 18 0 16 -57332
6 0 1 8 -78246
-18 18 -16 17 -59596
21 -23 21 -24 -59758
1 0 2 9 -87734
-16 15 -13 16 -57886
-2 14 -4 13 -52324
-12 -24 -15 -24 -58890
22 8 23 9 -64488
-7 6 -7 9 -55328
-6 16 -6 17 -51942
-13 -10 -13 -13 -58588
-4 -21 -6 -21 -55140
1 7 1 6 -80288
-15 24 16 24 -59890
5 0 5 -1 -74888
12 5 19 7 -72584
-17 24 -16 24 -46404
21 -4 20 -2 -70284
-24 8 -23 9 -45530
11 24 12 23 -53552
15 -11 15 -12 -58890
16 -23 17 -21 -60840
-10 4 -9 8 -59564
19 24 -21 23 -59022
9 -24 23 -23 -63060
0 9 1 10 -51956
-23 8 -24 8 -52164
-3 -24 -4 -24 -53494
0 11 0 13 -60258
-8 12 -9 11 -50622
-19 12 -16 13 -56784
4 -24 3 -23 -54644
-15 22 -16 24 -63176
3 -9 2 -15 -60170
9 23 6 23 -55582
24 8 3 6 -78792
4 9 1 10 -51370
10 -24 8 -24 -49766
-12 -14 -13 12 -67544
1 15 2 17 -59028
0 2 22 7 -78260
-17 -8 -17 -9 -60424
-19 -23 -21 -24 -55710
19 -23 21 -23 -56448
-10 -10 -12 -9 -61550
-13 21 -15 19 -59492
4 -7 5 -10 -66720
-9 1 -11 2 -49178
-23 -7 -24 -7 -39766
23 23 24 22 -49508
22 -7 23 -10 -56980
10 -19 9 -23 -68712
-19 19 -19 23 -67940
22 -18 24 -3 -65358
0 -23 0 -24 -43172
10 -7 10 -5 -60092
5 -14 10 -15 -67766
19 -24 10 -23 -55090
-14 24 -15 23 -51728
20 24 21 24 -43256
-1 -1 -1 0 -55198
-24 -1 -23 -2 -53884
24 22 24 24 -53226
-18 24 -19 22 -49700
6 -3 12 -14 -85396
0 3 0 5 -68848
13 -23 13 -24 -58684
10 11 10 13 -53468
-10 22 -9 22 -54614
20 19 20 0 -74314
24 13 -6 15 -69910
-7 -14 -9 -13 -67974
-4 -15 -5 -15 -57222
-13 14 -13 11 -57966
-24 21 -24 24 -59788
-16 -11 -14 -10 -60880
3 12 0 12 -51308
-2 -12 -2 -14 -60226
23 23 24 23 -56056
-24 2 -23 1 -57300
-14 -24 -15 -23 -59772
21 16 11 8 -84638
10 23 9 21 -51088
-22 24 -21 24 -47822
-5 17 -4 16 -69790
-5 23 -3 23 -51632
-23 -12 -24 -7 -65492
24 -15 23 -17 -46532
7 -3 9 9 -82562
7 20 7 21 -59402
-18 -23 -17 -23 -48468
18 -23 16 -22 -53516
9 -16 10 12 -91170
17 -6 14 -5 -66160
17 21 15 20 -58680
1 -8 0 -6 -67242
4 21 4 22 -65144
-3 -8 0 -8 -60012
8 -3 4 -4 -57510
-1 -22 1 -16 -60082
-21 -21 -21 -18 -64892
-24 -4 -24 -21 -64676
9 -10 11 -13 -69838
-1 24 0 24 -52248
17 -22 15 -18 -57082
22 -21 24 -24 -50100
15 24 16 23 -50884
20 14 20 -8 -99062
-16 -19 -15 -18 -57844
-24 5 -24 4 -48222
-7 -2 -7 -7 -57020
-9 -18 -9 -19 -57012
-8 -24 -7 -23 -54716
5 -24 3 -24 -54040
18 22 19 23 -52220
-22 -14 -24 -15 -52526
17 -6 17 -8 -63510
-19 0 -20 0 -59382
22 12 24 9 -57362
19 9 21 -5 -96996
6 2 6 -1 -79736
11 -14 10 -15 -52826
-24 -19 -22 -17 -63544
-16 13 -16 11 -52162
19 10 21 11 -76028
6 -15 3 -17 -73286
4 23 4 22 -62790
7 14 6 11 -74230
-24 -4 -24 -3 -57750
-5 21 -8 24 -49860
3 -17 5 -18 -66538
23 22 24 24 -52864
-9 16 -10 7 -67594
-15 18 -14 17 -61964
-18 1 -19 -2 -55484
11 -23 12 -24 -47928
12 19 10 18 -51004
-16 23 -16 22 -61838
7 -19 6 -20 -66068
-21 -24 -23 -24 -58322
23 -13 24 -14 -59790
9 6 7 6 -57452
-3 18 -1 16 -61326
12 -15 12 8 -91860
-9 19 -10 19 -54464
-6 3 -6 1 -75646
-15 2 -15 0 -50238
-13 -15 -13 -16 -50758
5 23 4 24 -58058
23 12 17 12 -77228
23 24 23 23 -48058
-10 -10 -10 -9 -53826
15 14 14 12 -61762
0 11 -1 11 -49392
10 -9 13 12 -98834
-12 -8 -14 -10 -60090
24 -1 23 -2 -56742
24 1 24 0 -52622
9 11 11 9 -48282
17 -10 16 -11 -64322
-7 -7 -7 -8 -69758
23 17 24 16 -44230
-7 14 -6 14 -56040
-11 -23 -10 -24 -60016
-21 -14 -15 -16 -58646
-15 -22 -14 -22 -62056
-18 -16 -18 -17 -68172
-18 -9 -18 -10 -64046
12 -23 10 -24 -50874
13 -11 12 -10 -66544
6 11 7 12 -78796
4 15 5 7 -71248
-12 -17 -11 -17 -57550
0 -4 1 -6 -61314
-24 24 -23 24 -49642
-13 -22 -13 -24 -60878
15 -23 15 -24 -57838
4 23 0 24 -59366
12 24 11 24 -53878
-16 0 -18 1 -56844
24 7 24 6 -41444
23 -9 21 -9 -61772
0 -22 1 -21 -61790
10 -23 10 -24 -54972
8 -21 9 -22 -53950
-3 24 -1 24 -53112
-6 -11 -5 -15 -60144
-23 3 -24 2 -44922
1 0 -1 1 -57806
7 19 4 20 -65038
15 2 15 -11 -83142
-24 -21 -21 -22 -58018
-21 -24 -22 -21 -47272
-12 23 -13 24 -53258
13 -24 -23 -24 -49842
10 19 10 16 -59248
3 9 3 6 -76958
16 -11 17 -12 -58034
14 -2 13 -4 -65120
21 0 21 10 -75968
0 19 24 20 -68890
-8 -10 -5 -8 -61834
-23 -8 -24 -10 -59276
-20 -4 -16 -4 -64364
-23 -9 -24 -4 -68228
22 -15 23 -18 -58528
-2 -22 0 -23 -53822
21 -3 20 1 -75094
20 18 21 21 -67282
-22 14 -20 15 -61668
-16 -22 -16 -23 -55144
12 -15 10 -14 -59304
23 -5 24 -5 -52272
-24 11 -23 12 -54352
19 -4 22 -4 -62376
-6 4 -5 1 -80622
-24 1 -24 0 -42044
6 19 8 18 -62880
-7 -7 -7 -8 -69758
5 -14 -1 -18 -81898
21 -23 22 -22 -57894
7 24 6 24 -52890
17 17 17 19 -55094
-11 -21 -11 -22 -64478
-19 1 -19 2 -50002
24 -20 21 -19 -58306
