0 7 0 9 -68630
-15 -16 -14 -14 -62060
-12 23 -11 24 -48700
-11 16 -11 22 -69626
-24 19 -21 23 -64858
-15 -3 -13 -5 -65870
-17 1 -21 1 -47770
-10 7 12 4 -92156
22 -10 21 -4 -70138
-7 0 -6 -3 -60882
-24 -21 -20 -19 -42456
8 23 8 24 -52370
5 9 4 8 -76278
-14 16 -13 11 -70402
0 -14 0 -16 -57788
8 -2 3 -1 -91148
7 8 7 7 -63286
-20 19 -22 18 -74204
-17 -24 -15 -20 -68922
-6 24 -3 21 -68534
-10 -18 -8 -17 -66948
-1 10 -1 12 -66726
16 23 13 21 -70282
16 17 17 17 -69460
-4 -2 -5 0 -63042
8 1 7 0 -72254
2 -24 7 -21 -68878
1 0 0 -2 -61412
20 -23 24 -21 -39356
-5 18 -3 12 -78586
-14 9 -14 11 -64858
10 9 13 14 -71614
21 -14 22 -14 -50800
-20 0 -24 3 -54990
24 4 24 12 -64062
14 -7 17 -4 -73428
20 5 24 7 -62920
17 21 21 22 -71148
3 21 5 24 -68358
-9 -23 -3 -21 -69106
-21 15 -16 11 -79240
-13 21 -3 17 -106356
-20 -18 -18 -16 -71266
6 20 11 21 -70986
-4 20 -1 20 -69776
24 -10 22 16 -70980
0 -15 0 -20 -66436
-18 -6 -17 -5 -63126
14 8 14 6 -67724
21 0 24 6 -80454
-6 7 -7 7 -70394
3 -23 -1 -21 -72404
22 1 22 0 -61956
-10 -23 -8 -24 -45832
19 13 20 17 -68900
24 -3 23 -15 -60316
-1 1 -1 0 -61810
23 0 24 -1 -49262
-22 -18 -22 -22 -56162
17 -5 15 -2 -60808
4 -16 5 -19 -61258
22 -5 24 -4 -43732
-7 -7 -4 -5 -76604
1 -16 2 -14 -65222
-1 10 -2 9 -71998
2 13 4 12 -73270
-9 -23 -22 -24 -61020
0 -11 -4 -14 -75928
-22 10 -22 7 -57866
11 23 15 20 -71052
24 1 24 3 -59418
-2 23 -1 24 -41820
8 -8 12 14 -88576
-21 -16 -24 -14 -48540
10 -5 12 -4 -59240
-14 -2 -15 -3 -47640
22 7 24 10 -59382
16 0 14 0 -68184
17 -21 21 -24 -50298
20 -1 16 -1 -63518
-3 -18 1 -19 -77168
4 -4 5 -13 -70780
24 -6 23 -1 -59906
-24 6 -22 18 -68712
6 2 8 0 -80588
-18 -13 -17 -11 -64146
9 12 11 12 -75644
-10 -20 -12 -22 -70722
-16 16 -15 14 -76964
22 14 24 16 -54830
10 -11 12 -7 -57188
9 -21 14 -20 -54632
8 9 -14 13 -104542
0 -9 -1 1 -74150
-13 1 -11 -3 -66450
-5 17 -7 15 -64188
2 -24 3 -21 -65108
4 9 -4 -2 -95540
5 -9 4 -8 -68334
18 -19 19 -16 -69332
3 22 0 17 -74972
19 8 23 4 -78942
-17 1 -17 -4 -58276
5 20 8 19 -67784
23 24 22 21 -46288
-7 10 -9 7 -65654
8 11 5 8 -77600
1 3 3 2 -77772
-10 -13 -9 -13 -61892
20 21 24 24 -51882
-2 0 -6 -5 -78238
-10 22 -15 22 -63930
-4 1 -3 3 -63574
-5 -24 -6 -24 -52406
17 -14 15 -13 -55492
0 -19 1 -19 -73802
-10 12 -7 8 -72898
3 -17 2 -17 -64004
-17 -17 -17 -16 -64738
18 -19 15 -9 -67320
-24 -4 -20 -4 -58354
1 0 0 1 -69018
15 -1 15 -2 -57000
-21 -16 -24 -24 -52026
-14 23 -10 10 -88742
23 -11 24 -14 -47158
1 -24 5 -23 -69458
5 -20 8 -21 -68044
15 24 14 18 -68968
-22 21 -21 15 -76828
-16 15 -15 14 -75254
8 -22 10 -18 -68136
22 17 24 17 -49002
-10 -13 -11 -14 -63242
8 12 11 13 -82660
-17 24 -19 17 -74704
23 13 24 13 -49738
-15 -10 -14 -8 -56770
8 -16 7 -16 -63356
2 -23 7 -24 -67276
-24 22 -20 20 -48694
-8 16 -3 11 -89858
-22 -11 -23 -10 -56658
-2 22 -6 23 -69008
-14 -12 -13 -12 -55158
23 2 -24 9 -78782
-1 -7 0 -7 -73364
-7 12 -13 9 -70572
-17 -8 -16 -11 -62996
18 -10 20 -11 -55292
3 -23 2 -21 -66386
15 -10 17 -9 -69380
0 14 1 16 -65598
11 -1 -5 -3 -98582
0 -9 -2 -7 -68586
0 5 2 5 -75562
10 -20 13 -22 -60428
10 16 8 15 -80488
-5 -13 -2 18 -89450
8 23 8 24 -52370
-8 -23 23 -21 -69948
8 -8 9 -9 -54058
13 -23 9 -19 -64078
22 -17 21 -17 -51616
3 22 5 24 -68582
5 -7 8 -4 -68556
23 -6 24 0 -61542
11 8 10 6 -68726
-21 -21 -20 -23 -48356
2 -11 4 -9 -71634
24 18 0 14 -84892
11 16 14 15 -63646
-19 24 -17 22 -38760
10 13 12 19 -67226
6 -7 6 -5 -53158
12 23 -2 24 -72054
1 4 -18 22 -105972
1 1 2 2 -73616
-8 22 -5 23 -71496
-1 15 -1 -8 -87138
19 16 19 14 -57422
-7 3 -3 24 -79234
-4 1 -5 1 -64698
-7 -17 -9 -23 -69136
13 23 15 22 -70840
0 1 3 -23 -85834
6 14 6 15 -56176
-15 19 -14 21 -58538
1 12 -14 14 -104042
-12 -2 -7 -5 -67744
-21 12 3 16 -90476
-24 6 -23 2 -50726
-17 6 -17 5 -47160
-23 14 -23 5 -63624
-8 -17 -1 -18 -72380
-24 -13 -23 -7 -53214
-19 23 -19 17 -74770
6 -18 8 -19 -67482
-16 -16 -15 -17 -64700
-24 6 -21 5 -44884
-23 15 -24 12 -58482
-11 20 -8 20 -80580
6 15 7 17 -75106
12 -2 12 -1 -57076
-5 -23 -2 -4 -83552
-16 -21 -13 -22 -55226
-5 13 -21 16 -88466
-4 -22 1 -24 -64454
-17 21 -13 20 -58138
15 -2 16 0 -65920
-7 5 -7 6 -46816
20 -10 24 -20 -64326
-14 -9 -13 -13 -62694
13 9 -23 12 -94240
24 -20 10 -18 -70546
15 19 15 16 -57026
22 15 24 24 -68392
-22 -8 -21 -7 -64148
-1 22 4 20 -71940
7 6 8 5 -76492
0 15 -1 14 -65462
8 -16 9 -14 -65984
-17 8 -16 9 -47084
-22 1 -23 -4 -50186
17 -22 17 -19 -69548
22 -22 23 -15 -54202
17 -15 23 -24 -66696
-3 3 10 -1 -107050
-24 -3 -21 -22 -62000
-22 19 -19 15 -72762
2 -10 1 -10 -69154
-14 -24 -12 -22 -58546
23 14 23 11 -53502
2 19 0 17 -74396
-22 -2 -20 -4 -52622
-23 17 -23 16 -56830
-16 23 -13 24 -48952
-1 -16 1 -19 -67918
-8 23 -9 18 -69726
-5 -13 -5 -11 -50550
22 3 21 1 -78614
13 -23 17 -19 -71356
0 22 6 22 -77456
5 6 5 4 -60234
23 22 19 24 -53778
5 -23 11 -24 -51664
19 0 -2 7 -97148
22 3 -19 -9 -80710
-13 -2 -13 2 -63856
-21 -16 -19 -14 -69496
22 5 -12 5 -91722
20 -12 21 -10 -54054
-17 24 -24 21 -74240
-4 0 0 0 -67744
24 4 22 8 -66444
24 -7 24 -6 -57462
20 24 22 21 -50870
19 10 18 3 -79806
-11 -13 -11 -17 -56000
16 -21 18 -18 -76422
-1 -12 0 -11 -75076
-6 20 -9 21 -86680
2 -23 0 -24 -63370
8 9 8 12 -56276
-6 19 -5 24 -61386
20 -23 17 -23 -58980
1 16 7 16 -89058
-16 24 -21 23 -57614
-2 8 -1 7 -63356
20 4 22 8 -79222
22 24 23 -24 -67492
-17 -19 -16 -21 -62382
-11 3 -12 2 -58174
-4 -5 -4 -3 -58038
7 -13 9 -12 -69440
-20 -16 -24 -16 -48080
20 0 22 1 -70066
6 -5 4 -4 -84800
17 10 19 16 -65558
13 -5 19 -5 -72702
-23 6 -23 4 -45570
17 23 14 24 -66570
11 21 11 19 -59990
20 -8 24 -13 -64016
16 24 21 21 -66728
19 12 -1 -1 -100986
7 -10 0 -11 -78342
0 21 -2 24 -55514
4 16 4 18 -62246
-19 4 -20 0 -63250
-16 0 -15 0 -42648
16 24 6 24 -55070
7 -4 9 0 -73052
-4 20 -4 19 -65852
-22 -8 -23 -7 -55806
8 3 12 4 -71190
-24 18 -21 14 -63012
-15 -23 -15 -21 -60560
-5 -15 -4 -13 -57824
5 -7 3 -11 -67428
24 15 4 17 -80114
-23 17 -21 20 -72760
24 1 24 6 -62188
-4 11 -1 10 -73500
-14 -20 -23 -16 -71240
17 10 21 10 -59208
12 3 11 4 -66730
3 16 7 18 -89822
-9 5 -10 2 -55654
-24 2 -24 -4 -43666
5 10 5 9 -61530
21 12 24 10 -70276
17 -9 19 -5 -61442
-6 -6 -10 -6 -59612
-8 -22 -15 -22 -58216
-20 5 -18 1 -61200
-4 12 -4 9 -71732
-24 -9 -22 -9 -47594
-14 20 -22 17 -76156
-21 11 -19 8 -80446
21 22 21 18 -64826
11 -13 8 -14 -62276
16 5 17 6 -73334
-9 -9 -8 -12 -51658
5 -6 9 -7 -73114
-14 5 -1 3 -89428
-19 12 -19 15 -66456
15 -14 15 -12 -53290
7 9 -24 8 -87270
19 23 -24 19 -68606
-21 -24 -14 -24 -55014
15 20 18 24 -70604
2 6 3 6 -79718
-24 2 -22 4 -40896
16 9 17 11 -61072
9 -23 -23 -23 -57158
15 0 15 5 -59212
4 -23 3 -22 -64166
10 24 9 22 -54064
15 -23 18 -19 -74118
-24 -10 -21 -4 -64160
-19 -10 -19 -11 -61970
-6 19 -6 20 -69238
-4 24 -13 23 -82966
12 -9 14 -13 -62672
-22 -23 -22 -19 -51090
18 -24 12 -22 -60904
16 -13 17 -12 -69134
23 19 23 18 -56542
22 6 23 10 -70120
4 -11 -17 17 -99814
-21 -16 -17 -20 -67450
21 0 24 -4 -61576
-15 24 -15 21 -44664
-20 12 -20 20 -77294
-14 -18 -14 -14 -66952
-22 -16 -22 -10 -66230
17 -18 17 -17 -61004
-3 -19 -3 -23 -65678
4 0 4 2 -57402
11 -12 14 -11 -56558
8 19 9 20 -70796
23 0 -8 -4 -88984
-24 11 -22 15 -59494
21 -2 20 -2 -55482
-13 -24 24 -23 -64196
1 -1 20 21 -93738
22 0 23 0 -56342
-18 22 -23 21 -74420
-11 -13 -7 -11 -65748
5 0 6 -3 -70938
-5 12 -5 13 -60202
20 -23 14 -24 -65122
-24 -12 -24 -18 -53582
-7 9 -6 7 -71496
-12 9 -11 9 -51440
15 15 19 18 -77950
18 -5 18 -3 -55546
18 -21 22 -16 -70338
-11 23 -9 21 -80354
-24 12 -20 10 -58072
-2 11 -6 10 -72532
-1 1 -3 0 -69218
-17 18 -16 17 -67790
-12 -8 -13 -7 -61158
1 17 -2 17 -73266
24 15 24 22 -59122
-17 -8 -15 -6 -62986
-20 1 11 11 -90724
1 -9 -1 -12 -74380
16 -20 16 -21 -68740
10 -15 10 -17 -54586
-10 3 -9 1 -58824
-13 -2 -10 -24 -74188
11 -12 10 -9 -62158
1 15 3 14 -76222
3 -23 4 -21 -68698
24 -4 24 -7 -60176
14 4 15 5 -69384
11 2 9 3 -72376
-19 -11 -18 -20 -72694
8 12 -14 14 -104052
-12 -23 -11 -19 -72548
-4 -18 -5 -21 -68704
0 13 -1 16 -70452
0 -6 2 -6 -73868
-24 22 -23 17 -60030
16 21 16 20 -61702
1 19 5 20 -84166
-9 -17 -5 -16 -66574
-12 8 -12 14 -73816
12 18 13 19 -64442
20 8 24 5 -73970
-5 -8 -2 -5 -84332
2 -24 19 1 -87470
8 19 10 17 -67028
9 13 8 14 -63434
20 -15 21 -9 -59854
-11 0 -12 -2 -56776
15 -24 13 -19 -58504
-11 20 -12 24 -62352
-6 -20 -3 -21 -65820
-24 12 -23 10 -52948
-23 -6 -21 -5 -63942
6 -21 7 -17 -66252
15 10 15 7 -66754
-4 16 -24 15 -85350
1 8 0 7 -79314
7 24 6 15 -71608
21 -5 24 -12 -70464
4 7 3 8 -69642
-4 -9 0 -12 -69788
-8 -7 -8 -3 -51918
-3 -6 -3 -8 -62304
-19 -7 -16 -8 -57448
-1 -4 1 -5 -68848
-11 24 -8 19 -84888
4 -20 4 -24 -62316
-4 8 -7 11 -85356
-15 -2 -13 -6 -67050
11 10 3 10 -83888
1 16 -1 21 -72740
-1 -8 -8 -11 -71864
-3 -20 -2 -23 -61322
15 6 14 6 -65444
-12 21 -10 20 -84380
15 -16 17 -14 -67168
-7 3 -8 1 -61730
-1 16 -7 18 -86290
-3 -21 -2 -20 -67606
20 21 14 21 -79306
21 -1 22 2 -74530
17 21 20 24 -67604
17 1 16 2 -62714
17 7 17 -24 -71836
13 21 15 21 -73178
23 14 23 13 -52258
-7 -23 -8 -24 -49314
-19 24 -3 0 -96516
17 19 24 17 -63474
-21 -5 -18 -10 -66460
8 -5 8 -1 -59688
8 1 12 2 -71064
-20 -6 -20 -4 -48342
-13 3 -14 1 -60902
23 -11 21 -21 -59406
-18 0 -18 2 -62382
14 -9 15 -9 -64760
-3 -24 2 -22 -69630
7 4 6 5 -77884
-2 8 12 19 -103072
-3 2 -3 -23 -85050
-3 18 -2 16 -74608
-11 -24 -9 -23 -58222
2 5 0 1 -70910
-1 24 -2 24 -51172
12 -12 11 -9 -63868
-13 -10 -10 -11 -63002
-10 -18 -6 -23 -61254
11 7 13 -2 -68344
-20 -7 -16 -5 -65678
5 -19 7 -14 -71090
18 -24 14 -23 -62400
8 -24 8 -19 -55946
6 -2 3 -4 -75358
-4 -13 0 -15 -68194
22 12 24 10 -66758
17 5 15 5 -70938
-17 -15 -19 -16 -63736
11 -23 13 -18 -67318
-21 19 -20 21 -80504
-22 1 -22 2 -54808
-13 -20 -16 -21 -63730
-3 -15 -4 -19 -62842
-18 -14 -18 -11 -66412
20 7 14 13 -72390
-24 -15 -24 -14 -51182
3 -15 3 -9 -61380
-24 -10 -24 -5 -45668
-15 7 -15 8 -50582
-4 24 -10 23 -77688
-13 9 -12 14 -70234
-9 17 -8 16 -69390
-20 -23 -18 -24 -48352
-24 22 -22 18 -56058
21 20 22 21 -67556
-13 -11 -15 18 -81724
22 -19 19 -17 -62046
-19 -18 -22 -21 -62532
-16 -23 -15 -20 -74566
-21 10 -20 8 -76180
-12 -22 -12 -19 -65058
