0 7 0 9 -73329
-15 -16 -14 -14 -70089
-12 23 -11 24 -60489
-11 16 -11 22 -71521
-24 19 -21 23 -31175
-15 -3 -13 -5 -77955
-17 1 -21 1 -64039
-10 -12 -6 -10 -69987
7 15 11 16 -85835
-7 0 -6 -3 -65891
-24 -21 -20 -19 -46417
8 23 8 24 -54709
5 9 4 8 -66881
-14 16 -13 11 -66053
0 -14 0 -16 -48541
-3 10 -22 12 -87221
7 8 7 7 -61365
-20 -20 -22 -18 -57789
-17 -24 -15 -20 -70689
-6 24 -3 21 -77229
-10 -18 -8 -17 -70089
-1 10 -1 12 -61179
16 23 13 21 -69821
16 17 17 17 -72619
-10 -4 -5 0 -83525
8 1 7 0 -65583
0 19 -10 23 -90825
1 0 0 -2 -59523
20 -23 24 -21 -39077
22 19 19 23 -73039
-14 9 -14 11 -64171
10 9 13 14 -72377
21 -14 22 -14 -65983
-20 0 -24 3 -75971
24 4 24 12 -58561
12 -21 13 -21 -54761
20 5 24 7 -59815
17 21 21 22 -74281
3 21 5 24 -67239
-9 -23 -3 -21 -72855
-21 -8 -11 -5 -70273
-19 12 -20 12 -53207
-20 -18 -18 -16 -71417
6 20 11 21 -73037
-4 20 -1 20 -73767
8 -4 9 -2 -53867
0 -15 0 -20 -55577
1 23 -1 12 -78403
14 8 14 6 -57613
-8 -10 -9 2 -86163
13 3 16 7 -75143
-15 -19 -16 -13 -80965
22 1 22 0 -41989
-10 -23 -8 -24 -50541
19 13 20 17 -73207
24 -3 23 -15 -58121
-1 1 -1 0 -64191
23 0 24 -1 -55297
-22 -18 -22 -22 -60207
-20 -17 -16 -5 -93287
-22 -10 -19 -10 -71851
22 -5 24 -4 -46807
-5 -22 -4 -23 -62611
-9 -13 -21 7 -105731
-1 7 -2 5 -85917
2 13 4 12 -61405
-9 -23 -22 -24 -69487
0 -11 -4 -14 -66721
-22 10 -22 7 -49681
11 23 15 20 -72669
24 1 24 3 -41741
-2 23 -1 24 -57391
-4 -10 -10 -11 -72783
-21 -16 -24 -14 -55201
-8 24 -6 20 -75669
-14 -2 -15 -3 -62881
22 7 24 10 -60963
16 0 14 0 -57387
17 -21 21 -24 -51273
8 -24 4 -23 -57233
-14 6 -13 11 -76289
4 -8 5 -13 -56831
24 -6 23 -1 -61149
-24 6 -22 18 -67959
6 2 8 0 -58399
-18 -13 -17 -11 -76969
9 12 11 12 -64997
-10 -20 -12 -22 -74761
17 1 -10 7 -87907
22 14 24 16 -60687
-17 16 12 19 -84799
9 -21 14 -20 -60641
3 -23 8 -21 -57589
-9 24 -13 20 -78139
-13 1 -11 -3 -75489
-5 17 -7 15 -71751
2 -24 3 -21 -57857
14 -16 15 -11 -70947
5 -9 4 -8 -56887
19 -15 18 -12 -61735
3 22 0 17 -78203
19 8 23 4 -73231
-17 1 -17 -4 -69065
5 20 8 19 -66771
23 24 22 21 -46463
0 10 22 14 -94221
8 11 5 8 -73059
1 2 1 7 -77213
-10 -13 -9 -13 -67955
20 21 24 24 -52143
-5 -12 -6 -5 -76885
-10 22 -15 22 -66155
-4 1 -3 3 -67965
-5 -24 -6 -24 -56833
17 -14 15 -13 -47341
-24 10 -11 16 -78279
-3 -20 -5 -22 -71979
3 -17 2 -17 -44821
-17 -17 -17 -16 -67763
20 15 21 16 -74079
-24 -4 -20 -4 -74489
1 0 0 1 -64993
15 -1 15 -2 -55923
-21 -16 -24 -24 -54671
3 23 7 15 -71593
23 -11 24 -14 -47545
15 -24 16 -23 -36485
-14 -22 -12 -23 -57123
15 24 14 18 -71343
24 -23 -14 7 -81647
17 -9 13 -12 -55035
8 -22 10 -18 -67653
22 17 24 17 -51423
-10 -13 -11 -14 -62635
-10 15 -7 13 -66971
-15 2 -8 -21 -105871
23 13 24 13 -50749
-15 -10 -14 -8 -59379
5 -12 8 -11 -55179
2 -23 7 -24 -56603
-24 22 -20 20 -54595
21 5 23 8 -66345
-22 -11 -23 -10 -64751
-2 22 -6 23 -78657
-14 -12 -13 -12 -65135
16 -17 19 -12 -71063
-1 -7 0 -7 -59071
-8 2 6 8 -93875
-17 -8 -16 -11 -72735
18 -10 20 -11 -54703
3 -23 2 -21 -54241
-13 -10 -15 -9 -76659
0 14 1 16 -71159
13 -21 13 -18 -70981
0 -9 -2 -7 -72773
-14 5 -5 2 -91795
10 -20 13 -22 -64641
10 16 8 15 -83325
14 10 18 10 -67313
8 23 8 24 -54709
-18 9 -17 8 -65865
8 -8 9 -9 -58991
13 -23 9 -19 -67843
22 -17 21 -17 -59437
3 22 5 24 -65809
21 -6 21 -8 -57903
23 -6 24 0 -54233
11 8 10 6 -67471
-21 -21 -20 -23 -51805
9 -11 13 -22 -67477
-23 -3 1 -2 -87643
11 16 14 15 -63399
-19 24 -17 22 -41579
10 13 12 19 -70943
6 -7 6 -5 -47683
12 23 -2 24 -67789
-4 -18 0 -18 -61433
1 1 2 2 -79355
-8 22 -5 23 -65911
-24 -3 -22 -5 -72751
19 16 19 14 -60277
-5 17 -3 19 -75547
-4 1 -5 1 -73825
-7 -17 -9 -23 -76561
13 23 15 22 -71123
14 -16 12 -3 -69753
6 14 6 15 -57339
-15 19 -14 21 -59421
-5 11 -3 14 -74907
-12 -2 -7 -5 -83845
-24 24 -24 16 -42673
-24 6 -23 2 -59071
-17 6 -17 5 -56791
-23 14 -23 5 -58001
-24 9 -22 -18 -77519
-24 -13 -23 -7 -61623
-15 -8 -6 23 -90667
20 0 3 -1 -74145
-16 -16 -15 -17 -70237
-24 6 -21 5 -48027
-23 15 -24 12 -56483
-11 20 -8 20 -67457
6 15 7 17 -73247
12 -2 12 -1 -55211
0 24 -3 22 -68859
-16 -21 -13 -22 -67859
21 11 23 -23 -67289
-4 -22 1 -24 -47099
-17 21 -13 20 -63497
15 -2 16 0 -59687
-7 5 -7 6 -68255
20 -10 24 -20 -65557
-14 -9 -13 -13 -75075
-6 11 12 2 -89721
-13 18 -12 18 -62081
15 19 15 16 -59635
22 15 24 24 -69807
-22 -8 -21 -7 -73007
-1 22 4 20 -61873
-16 1 -11 1 -72875
0 15 -1 14 -71459
8 -16 9 -14 -60881
-17 8 -16 9 -59477
-22 1 -23 -4 -60713
17 -22 17 -19 -62331
22 -22 23 -15 -49375
17 -15 23 -24 -66167
6 2 24 6 -75541
-24 -3 -21 -22 -73577
1 13 -15 16 -88447
2 -10 1 -10 -45175
-14 -24 -12 -22 -63607
23 14 23 11 -53109
2 19 0 17 -77313
-22 -2 -20 -4 -83237
-23 17 -23 16 -43107
-16 23 -13 24 -68437
-21 6 1 7 -96349
-8 23 -9 18 -83987
-5 -13 -5 -11 -53739
24 12 0 12 -90527
4 -15 3 -14 -47153
0 22 6 22 -64535
5 6 5 4 -62609
23 22 19 24 -62061
5 -23 11 -24 -52561
1 -11 -20 3 -101745
0 6 -1 9 -76493
-13 -2 -13 2 -67471
-3 -1 -19 0 -100505
24 -4 23 -3 -54319
20 -12 21 -10 -56027
24 -5 -24 21 -69465
-12 -2 3 -5 -104173
24 4 22 8 -61577
24 -7 24 -6 -55709
20 24 22 21 -62429
15 3 16 -10 -68485
-11 -13 -11 -17 -65879
-9 -16 -9 -2 -91197
-1 -12 0 -11 -54479
6 24 -9 23 -80097
2 -23 0 -24 -36379
8 9 8 12 -57041
-6 19 -5 24 -76487
20 -23 17 -23 -55177
22 8 -22 4 -82619
-16 24 -21 23 -52117
-14 2 -15 6 -65493
5 6 9 8 -69569
-12 24 -9 -24 -86163
-17 -19 -16 -21 -66481
-11 3 -12 2 -69081
-4 -5 -4 -3 -60123
-1 3 2 2 -70449
-20 -16 -24 -16 -55113
20 0 22 1 -55493
-2 -21 -2 -3 -75839
17 10 19 16 -65537
-1 -23 -24 18 -91137
-23 6 -23 4 -51959
17 23 14 24 -66945
11 21 11 19 -61705
20 -8 24 -13 -66723
16 24 21 21 -72661
-9 -6 -7 -11 -80809
-7 4 -6 -22 -93593
0 21 -2 24 -58597
4 16 4 18 -65925
-19 4 -20 0 -69457
-16 0 -15 0 -64145
16 24 6 24 -57977
-6 14 -8 12 -73013
-4 20 -4 19 -69937
-22 -8 -23 -7 -67341
8 3 12 4 -54561
-24 18 -21 14 -53425
-15 -23 -15 -21 -62485
-5 -15 -4 -13 -59175
21 13 0 -9 -91247
24 15 4 17 -85049
-10 0 -6 2 -91743
24 1 24 6 -47643
-4 11 -1 10 -67633
-7 -18 -5 -21 -67615
17 10 21 10 -62175
12 3 11 4 -53361
-7 0 1 1 -89089
-9 5 -10 2 -71617
-24 2 -24 -4 -60081
5 10 5 9 -61639
21 12 24 10 -68427
15 21 -5 0 -95203
-6 -6 -10 -6 -75789
-8 -22 -15 -22 -68767
-20 5 -18 1 -84831
-4 12 -4 9 -66667
-24 -9 -22 -9 -60605
-11 -20 -10 0 -94789
0 2 -11 3 -102007
21 22 21 18 -68979
11 -13 8 -14 -54195
-7 13 -14 10 -84201
-9 -9 -8 -12 -71879
9 -19 11 -15 -69127
0 8 -2 5 -89125
-19 12 -19 15 -60707
15 -14 15 -12 -64961
17 -8 18 -5 -53119
19 23 -24 19 -68903
-21 -24 -14 -24 -58435
15 20 18 24 -71293
-11 -16 -9 -18 -60443
-24 2 -22 4 -47163
16 9 17 11 -56941
9 -23 -23 -23 -57433
15 0 15 5 -51727
4 -23 3 -22 -51611
10 24 9 22 -55015
-10 4 -7 10 -105383
-24 -10 -21 -4 -71025
-19 -10 -19 -11 -71767
-6 19 -6 20 -77401
-24 17 -18 15 -57175
12 -9 14 -13 -65109
-22 -23 -22 -19 -54057
18 -24 12 -22 -56401
6 2 6 0 -61483
23 19 23 18 -57991
22 6 23 10 -66075
6 -9 10 -10 -60235
-21 -16 -17 -20 -70977
21 0 24 -4 -68519
-15 24 -15 21 -39781
4 -19 11 -18 -61577
-14 -18 -14 -14 -76093
-22 -16 -22 -10 -71781
17 -18 17 -17 -56545
-3 -19 -3 -23 -69161
4 0 4 2 -67759
16 -20 22 -17 -66651
8 19 9 20 -71949
-7 -23 -8 -20 -61229
-24 11 -22 15 -60873
21 -2 20 -2 -50231
-13 -24 24 -23 -60363
-23 -24 22 -19 -55631
22 0 23 0 -54903
-9 15 -7 20 -72427
-10 5 -7 12 -103613
5 0 6 -3 -60265
-5 12 -5 13 -56971
20 -23 14 -24 -58205
-24 -12 -24 -18 -56473
-7 9 -6 7 -67727
-12 9 -11 9 -65495
15 15 19 18 -78561
18 -5 18 -3 -54369
18 -21 22 -16 -65127
-11 23 -9 21 -56909
-24 12 -20 10 -52547
-2 11 -6 10 -69577
-1 1 -3 0 -70337
-17 18 -16 17 -54269
-12 -8 -13 -7 -75803
1 17 -2 17 -68723
24 15 24 22 -60063
20 -14 24 -13 -59209
0 -17 0 17 -85585
1 -9 0 -6 -71153
16 -20 16 -21 -63809
10 -15 10 -17 -53833
-10 3 -9 1 -64297
-24 -2 -21 -4 -82113
11 -12 10 -9 -65899
1 15 3 14 -63811
3 -23 4 -21 -61123
24 -4 24 -7 -58411
14 4 15 5 -70713
-19 -11 -24 -17 -75443
4 -12 5 -8 -52003
-15 12 -14 21 -66681
-12 -23 -11 -19 -76741
-4 -18 -5 -21 -73987
0 13 -1 16 -60351
-2 5 0 5 -68087
-24 22 -23 17 -51379
16 21 16 20 -64957
-6 21 -6 23 -70239
-9 -17 -5 -16 -70695
-17 23 -13 23 -67017
12 18 13 19 -64857
20 8 24 5 -70773
-23 3 -20 -4 -90527
-13 -9 -22 -12 -75963
8 19 10 17 -69203
9 13 8 14 -59837
20 -15 21 -9 -62723
-11 0 -12 -2 -65511
15 -24 13 -19 -59217
-11 20 -12 24 -54905
-6 -20 -3 -21 -69289
-24 12 -23 10 -47311
-23 -6 -21 -5 -71015
6 -21 7 -17 -57423
15 10 15 7 -58995
-10 8 -8 11 -89155
0 -8 0 -1 -67297
7 24 6 15 -75733
21 -5 24 -12 -65591
4 7 3 8 -64697
-4 -9 0 -12 -66613
-8 -7 -8 -3 -66403
-3 -6 -3 -8 -67711
-19 -7 -16 -8 -66541
-1 -4 1 -5 -62623
2 1 4 2 -74505
4 -20 4 -24 -58161
-9 5 -6 7 -87581
-15 -2 -13 -6 -76915
-13 24 -21 22 -68165
-24 1 6 22 -85545
13 -1 -3 6 -84517
-3 -20 -2 -23 -62687
15 6 14 6 -68251
9 5 12 20 -82311
15 -16 17 -14 -61941
-7 3 -8 1 -74795
4 14 8 16 -74671
-3 -21 -2 -20 -68073
20 21 14 21 -81267
-8 5 -7 9 -90767
17 21 20 24 -68365
17 1 16 2 -50557
1 -8 6 -3 -58855
13 21 15 21 -73059
23 14 23 13 -52755
-7 -23 -8 -24 -51221
0 4 3 5 -76265
17 19 24 17 -71707
-21 -5 -18 -10 -75329
8 -5 8 -1 -57619
-6 1 -13 0 -93803
-20 -6 -20 -4 -51295
-21 9 -14 22 -82959
23 -11 21 -21 -59671
-18 0 -18 2 -71195
14 -9 15 -9 -45147
-24 21 -21 20 -50273
3 -7 -10 -2 -98827
9 -3 10 -4 -54171
-13 13 -13 14 -58551
-17 11 -16 19 -70367
-11 -24 -9 -23 -60491
2 5 0 1 -84637
-1 24 -2 24 -65251
12 -12 11 -9 -67653
-13 -10 -10 -11 -74063
-10 11 -10 -23 -89957
11 7 13 -2 -60949
-23 12 23 18 -80089
20 -9 24 -8 -49969
18 -24 14 -23 -57219
8 -24 8 -19 -56261
6 -2 3 -4 -58187
-4 -13 0 -15 -60803
22 12 24 10 -64341
17 5 15 5 -67451
-17 -15 -19 -16 -68769
11 -23 13 -18 -70989
-15 3 -20 5 -79959
-22 1 -22 2 -66871
-13 -20 -16 -21 -71959
-3 -15 -4 -19 -62037
-18 -14 -18 -11 -74691
20 7 14 13 -70757
-24 -15 -24 -14 -53659
-19 10 -15 9 -67369
-24 -10 -24 -5 -54523
-15 7 -15 8 -63193
-4 24 -10 23 -65775
-4 5 -2 -3 -79199
-9 17 -8 16 -67123
-20 -23 -18 -24 -50597
-24 22 -22 18 -53407
21 20 22 21 -69111
-13 10 -12 9 -63635
22 -19 19 -17 -64461
-19 -18 -22 -21 -63835
-16 -23 -15 -20 -76659
-24 12 -22 -6 -73581
-12 -22 -12 -19 -69501
