18 11 19 8 -59931
7 -23 4 -14 -59157
-12 23 -11 24 -59069
24 12 24 9 -45379
9 1 21 6 -62015
0 20 1 19 -65845
5 -12 10 -10 -56269
24 -21 23 -19 -56379
-21 -12 -15 -15 -67013
-10 -23 -6 -24 -67105
-24 -21 -20 -19 -58225
8 23 8 24 -71835
6 16 3 12 -69615
-14 -4 -14 0 -66559
0 -22 -15 -2 -100687
1 7 -1 9 -67531
7 8 7 7 -56265
-18 -23 -18 -19 -64345
-17 -24 -15 -20 -63505
-6 24 -3 21 -71337
-10 -18 -8 -17 -62719
12 -23 14 -24 -47613
19 10 24 10 -64435
16 17 17 17 -62099
2 -3 1 -4 -64253
6 23 6 22 -63369
-2 -1 -1 -1 -73391
6 -18 5 -23 -63453
20 -23 24 -21 -48803
-11 -24 -8 0 -76917
-14 9 -14 11 -69033
1 -12 0 -16 -66723
14 21 10 17 -67299
8 -23 -17 -23 -68113
24 4 24 12 -58363
1 -20 0 -19 -49655
12 17 11 21 -67619
17 21 21 22 -71733
1 -20 -8 4 -100007
6 -5 4 -10 -72047
-20 22 -16 13 -88209
-19 12 -20 12 -61225
-9 16 -12 12 -71569
13 -1 17 -1 -54409
11 -1 12 -3 -51165
-17 -10 -15 -7 -61017
2 -4 3 -3 -64625
-23 -18 -24 -17 -56999
14 8 14 6 -55525
-24 -9 -23 -18 -63941
21 4 24 4 -66681
-4 0 -6 1 -82927
22 1 22 0 -57441
-10 -23 -8 -24 -61067
-17 -1 -17 0 -78765
12 3 8 -2 -70751
-8 20 -4 7 -86397
23 0 24 -1 -51959
-22 -18 -22 -22 -65427
22 -23 23 -21 -50997
-19 20 -19 16 -76361
-17 -8 -19 -10 -61113
0 -4 0 -3 -57925
0 24 1 23 -59871
-11 16 -9 14 -67957
10 24 -16 21 -68239
0 21 2 22 -64299
21 22 19 22 -63351
-22 10 -22 7 -67253
-20 2 -20 -3 -92737
24 1 24 3 -54051
-2 23 -1 24 -53253
-4 24 -3 18 -65701
-21 -16 -24 -14 -66455
-8 24 -6 20 -69343
-6 8 -3 8 -66711
22 7 24 10 -58331
8 6 4 4 -69321
16 -12 16 -16 -48829
23 -2 24 -1 -69007
24 -2 24 -4 -51937
13 2 13 3 -63635
24 -11 21 -8 -50489
15 -8 15 -7 -56895
-1 -10 -2 -9 -65011
-7 -6 -8 0 -77553
-6 -19 9 -19 -68241
0 10 0 12 -58601
9 -11 11 -11 -51521
22 14 24 16 -56201
-22 -23 -19 -22 -52429
8 -16 9 -15 -50907
-20 2 -19 0 -84011
-8 -24 -4 -21 -70529
-3 -3 -4 -7 -74253
-8 16 0 17 -77403
2 -24 3 -21 -60287
-12 -19 -11 -17 -60693
-21 -10 -22 -14 -54327
16 24 18 23 -60695
11 22 13 24 -67611
17 -10 20 0 -67403
10 -6 8 -8 -62719
20 22 24 19 -62757
23 24 22 21 -41481
16 -13 17 -14 -50331
7 -20 5 -21 -55941
24 3 22 0 -67405
-8 -12 -6 -5 -65749
20 21 24 24 -51249
10 17 10 15 -60323
20 8 21 9 -66949
20 -22 20 -24 -57713
-5 -24 -6 -24 -57027
0 -8 -2 -9 -59545
20 -14 18 -13 -55249
-10 19 -11 18 -78561
12 13 7 16 -69935
-17 -17 -17 -16 -46533
-14 15 -17 15 -67175
-8 0 -8 -1 -57175
-15 20 -15 19 -69517
-8 0 -10 -2 -63019
-21 -16 -24 -24 -58925
-16 -8 -11 -8 -66893
23 -11 24 -14 -53313
15 -24 16 -23 -41553
-14 -22 -12 -23 -56129
19 7 17 6 -57879
23 17 20 19 -67185
-16 -11 -23 12 -85287
-17 5 -18 6 -74373
22 17 24 17 -56361
-7 -3 0 -5 -73797
-2 -14 -1 -12 -64375
-4 -1 -2 0 -70545
23 13 24 13 -50153
7 0 6 -2 -61393
1 -24 2 -21 -57681
19 -12 21 -11 -53967
-24 22 -20 20 -65319
11 -3 9 -6 -62597
-22 -11 -23 -10 -59031
-2 22 -6 23 -67473
24 -22 24 -4 -53667
-4 3 0 6 -73881
-12 -14 -7 3 -89311
-6 -1 -7 0 -82935
4 -2 4 -1 -52035
0 12 -3 12 -65763
9 21 8 24 -63367
-15 -14 -17 -12 -59645
-13 -15 -12 -11 -47079
-20 -19 -21 -18 -66837
10 -12 13 -15 -60701
-15 2 -15 0 -67195
5 19 7 20 -45671
12 -4 14 -2 -63029
22 15 20 15 -70131
8 23 8 24 -71835
6 -24 11 -23 -60611
-2 18 -2 17 -54979
-1 23 0 24 -56075
-21 -2 -22 -1 -77471
21 -1 21 -5 -62247
-1 -23 -24 -23 -64503
12 -16 12 -19 -46081
-2 1 -2 0 -64431
-21 -21 -20 -23 -58235
-24 -18 -24 -17 -56049
-2 24 3 24 -64365
12 -8 12 -10 -63337
-19 24 -17 22 -60705
-21 -1 -23 -2 -74791
9 -16 8 -14 -56231
-16 9 -23 1 -78065
7 -13 7 -10 -59061
-24 11 -24 6 -59613
-8 22 -5 23 -66959
-24 -3 -22 -5 -63025
19 16 19 14 -59815
15 -11 14 -13 -56259
6 0 3 3 -61771
-2 -14 -23 -14 -73585
-3 22 -12 14 -95031
-23 15 -20 17 -63817
6 14 6 15 -65089
-15 19 -14 21 -76285
-21 -23 -22 -22 -57261
-23 20 -23 21 -65113
-24 24 -24 16 -68541
-6 5 -8 3 -71389
6 0 10 1 -70877
-3 8 -20 6 -93997
-23 -17 -22 -19 -66065
-24 -13 -23 -7 -53131
14 -23 13 -23 -51137
6 6 6 -10 -75755
9 7 9 5 -60483
-24 6 -21 5 -60985
-23 15 -24 12 -53829
1 2 0 3 -66529
-9 16 -6 14 -71217
-5 -14 -2 -21 -63901
0 -21 1 -20 -63155
-8 18 -8 14 -61593
-24 20 -22 23 -53407
-4 -22 1 -24 -54725
-4 -1 -7 9 -85613
8 -21 7 -3 -72655
18 -7 20 -8 -55085
2 7 -1 4 -58805
-19 0 -15 1 -64343
-3 1 0 5 -71563
24 -18 24 -16 -44711
15 19 15 16 -62597
12 -23 10 -23 -53595
-18 4 -17 1 -76355
-23 3 -24 4 -59273
11 3 11 2 -65737
0 15 -1 14 -69533
0 15 3 -17 -79577
-17 8 -16 9 -74777
-20 21 -21 15 -78795
-20 15 -24 11 -66903
-10 20 -8 17 -63799
-13 -16 -12 -18 -48291
23 -2 23 18 -62961
-23 8 -10 5 -94205
-6 -19 -6 -17 -45909
0 -9 -1 -7 -65361
-14 -24 -12 -22 -68131
-11 -9 -11 -4 -64859
-9 -19 -22 5 -95281
0 -3 -23 -6 -91593
-23 17 -23 16 -58287
-7 8 -5 6 -65669
-9 9 -8 9 -64667
5 21 4 21 -46971
-5 -13 -5 -11 -55211
-17 -5 -14 8 -89541
-12 -17 -12 -20 -54453
20 2 24 3 -72847
-18 -3 -19 -2 -63347
21 -3 20 -3 -55423
23 -15 22 -17 -44385
-20 24 -15 22 -64449
-4 -18 -2 -17 -54663
-24 11 -24 13 -53365
1 12 0 12 -63655
24 -4 23 -3 -50273
24 -11 24 -12 -50931
-2 22 -18 -7 -93647
-24 -6 -23 0 -70051
24 4 22 8 -54051
24 -7 24 -6 -44969
20 24 22 21 -55761
14 -11 16 -6 -65699
-3 0 0 -8 -70513
2 -1 4 0 -58105
10 -20 8 -20 -59169
21 2 19 4 -61101
2 -23 0 -24 -50393
-1 4 0 0 -73447
22 -21 23 -17 -55613
20 -23 17 -23 -60993
11 -7 11 -5 -53617
-16 24 -21 23 -58219
-20 9 -21 7 -71617
-18 -1 -21 -7 -81509
-15 -7 -16 -4 -59747
18 -22 17 -19 -59851
8 -5 2 -10 -71651
8 12 4 7 -68681
13 -12 15 -11 -54271
-20 -16 -24 -16 -59213
18 15 20 14 -66545
14 -1 13 -6 -60925
-8 -3 -9 -1 -75349
2 -24 -3 -24 -52367
1 -18 -2 -16 -55729
17 23 14 24 -55279
-3 -6 -1 -4 -74403
-24 -16 -24 -14 -63451
2 15 2 14 -62241
13 -24 12 -19 -50931
-22 20 0 23 -76749
0 21 -2 24 -66693
22 -19 0 -7 -67707
10 -24 9 -21 -44471
24 -10 -2 -12 -60799
16 24 6 24 -48805
-21 21 -17 24 -59339
9 22 12 24 -63081
-22 -8 -23 -7 -58317
16 6 17 5 -60831
-24 18 -21 14 -77497
-15 -23 -15 -21 -56841
9 2 9 0 -61689
18 -23 17 -23 -60547
-11 24 -12 21 -70305
18 24 9 24 -55623
24 1 24 6 -57657
-15 -2 -13 -1 -68829
10 -20 9 -22 -57451
-2 2 -3 2 -77615
24 -9 24 -14 -55177
24 -22 21 -22 -41639
14 20 14 23 -67863
-24 2 -24 -4 -77933
4 7 11 8 -67573
13 -18 10 -20 -57471
-24 6 -24 4 -44719
11 -3 9 -2 -51721
-20 8 -19 6 -72597
-24 15 -21 13 -75283
24 13 23 20 -61943
-24 -9 -22 -9 -49599
17 4 17 0 -61521
22 -12 23 -12 -52949
7 20 5 14 -68959
13 10 8 12 -64459
8 3 5 4 -67555
-9 13 -8 8 -72053
-6 -12 -9 -14 -50751
-24 -1 -24 0 -72009
-19 12 -19 15 -63163
4 -9 4 -10 -53863
-6 11 -7 8 -67641
24 -16 23 -14 -45411
-19 -4 -8 -7 -86493
15 20 18 24 -66251
-12 -10 -20 -17 -61105
-24 2 -22 4 -57367
16 9 17 11 -64513
6 -11 6 -17 -60737
11 13 12 13 -51653
10 4 10 10 -64737
10 24 9 22 -67663
-20 -21 -23 -21 -60987
22 -20 23 -23 -58299
-19 -10 -19 -11 -54191
-17 -22 -15 -21 -52905
20 17 18 16 -67429
-3 11 -5 7 -67779
-22 -23 -22 -19 -60211
-10 19 -21 11 -90447
6 2 6 0 -60041
23 19 23 18 -61737
13 -6 15 -6 -57847
18 21 17 24 -61887
-18 0 3 -20 -102805
16 -23 15 -23 -53663
-15 24 -15 21 -62097
-7 -17 -16 -19 -74365
6 12 6 13 -64407
12 6 13 4 -64509
17 -18 17 -17 -48653
14 16 14 14 -56637
-11 -23 -12 -23 -63621
-13 11 11 10 -74203
2 -12 1 -15 -62457
-7 -23 -8 -20 -60489
-14 24 -17 19 -75979
20 -18 -11 -21 -72515
-13 -24 24 -23 -63613
-23 -24 22 -19 -58709
22 0 23 0 -67139
-14 -1 -23 -24 -76129
5 -9 3 -7 -51113
-4 -11 -1 -11 -58223
-5 12 -5 13 -67801
-3 -14 -3 -15 -50629
20 -2 17 -1 -55543
-17 3 -11 0 -82569
6 0 9 -1 -67835
24 -23 21 -18 -64639
3 -22 6 -22 -44727
-5 -24 -2 -23 -58295
-11 23 -9 21 -58905
-24 12 -20 10 -67575
7 19 7 18 -61541
-17 11 -15 9 -69711
-17 18 -16 17 -72445
-12 -8 -13 -7 -69257
-22 -5 -20 6 -95217
24 15 24 22 -62523
-14 3 -14 3 -241305
-10 3 -6 22 -90963
-23 -4 -24 -10 -56483
-21 24 -24 22 -47861
-23 -15 -24 -17 -52603
-5 13 -5 14 -69171
5 20 0 18 -64319
-24 2 -23 1 -64949
18 -4 18 4 -69465
-6 5 -7 3 -67211
24 -4 24 -7 -50567
15 18 14 17 -61373
14 15 18 14 -64523
8 -16 10 -19 -55199
-23 17 -24 -6 -73967
7 13 10 11 -64675
17 8 13 10 -59013
21 -10 20 0 -68079
-22 5 -9 6 -94599
-24 22 -23 17 -75117
16 21 16 20 -66193
-6 21 -6 23 -58663
16 -18 18 -19 -57391
-24 22 5 23 -72275
3 19 4 16 -62727
-9 -3 -8 -8 -70979
4 21 5 18 -63519
-12 5 -14 2 -64349
-1 0 -24 -5 -88919
-12 2 -11 1 -64909
2 14 3 10 -66623
-5 18 -4 20 -64991
-6 -20 -7 -23 -56755
-11 20 -12 24 -64103
0 12 2 13 -68653
-24 12 -23 10 -60607
-23 -6 -21 -5 -67703
-13 10 -10 6 -76463
2 -5 -2 -5 -62521
-22 22 24 21 -52609
-12 23 -14 22 -60561
-6 7 -3 1 -85185
21 21 21 18 -66223
16 2 18 -3 -66479
-16 7 -12 5 -80821
-16 11 -17 10 -76757
-3 -6 -3 -8 -62073
-16 3 -2 -16 -104473
-16 11 -15 13 -75075
1 -18 2 -17 -55157
-9 -7 -5 -6 -57969
-12 -23 -13 -24 -62199
21 -9 23 -8 -59461
3 8 4 6 -56433
0 2 0 -1 -69041
20 9 20 7 -60009
-3 -20 -2 -23 -49417
18 -20 17 -23 -57711
-3 -14 -5 -9 -65489
13 16 13 9 -58993
0 20 -13 20 -86011
20 -20 20 -18 -59019
24 -18 21 -18 -45283
-18 -8 -17 -1 -74477
-14 14 -13 14 -62011
17 21 20 24 -64651
21 14 21 15 -59019
-23 -1 -24 0 -70303
20 -22 20 -24 -57713
23 14 23 13 -48183
-7 -23 -8 -24 -54579
-21 14 -22 15 -77241
18 24 19 23 -60049
12 4 16 2 -62051
4 3 -20 4 -94253
8 -21 8 -22 -53331
-7 -1 -13 -2 -79173
13 -8 15 -9 -59615
14 18 11 21 -65367
-7 -20 -4 -19 -64825
23 -2 24 -1 -69007
-24 21 -21 20 -60761
-14 13 -14 11 -68525
-7 8 -8 6 -67731
-13 13 -13 14 -60981
10 -9 10 -11 -62161
-11 -24 -9 -23 -62625
19 -22 18 -22 -60867
-1 24 -2 24 -60603
-15 -9 -15 -10 -53227
-7 19 -15 15 -87085
2 23 4 21 -61501
-8 -23 -9 -21 -60575
-15 -20 -10 -21 -67495
20 -9 24 -8 -61671
-1 -2 3 -2 -62263
1 10 2 8 -59661
8 -24 10 -24 -55257
-6 16 -2 12 -73239
22 12 24 10 -54367
4 -23 5 -21 -62161
-12 -8 -9 -5 -62289
-20 0 -21 24 -76325
-24 -3 -21 -2 -72031
-16 24 -14 22 -54865
-9 18 -8 20 -75309
-12 -4 -10 -5 -75713
-20 -1 -19 0 -71823
-8 3 -11 3 -68603
-24 -15 -24 -14 -60749
13 -13 12 -10 -60901
-24 -10 -24 -5 -51811
-15 7 -15 8 -64351
-4 24 -10 23 -66361
-19 9 -20 4 -73005
12 4 8 4 -58373
-20 -23 -18 -24 -42109
-24 22 -22 18 -73177
21 20 22 21 -65703
17 10 16 9 -64331
23 6 22 3 -61843
-2 10 0 11 -66325
10 13 9 10 -53177
-16 20 -13 17 -71211
-12 -22 -12 -19 -56969
