-19 -17 -20 -18 -67685
-14 -9 -7 11 -114527
-12 23 -11 24 -58083
24 12 24 9 -41795
0 -24 2 -24 -50237
0 20 1 19 -64895
0 -7 -1 -7 -52493
24 -21 23 -19 -61129
-13 -20 -13 -19 -61059
-1 6 -3 2 -66463
-24 -21 -20 -19 -66707
-1 16 -3 16 -56325
2 14 1 16 -70323
-20 6 -21 0 -125591
-10 -17 -9 -17 -55455
-6 12 -5 10 -69675
17 3 16 5 -48611
-22 -5 -21 -2 -81045
16 12 15 10 -51773
-6 24 -3 21 -57751
17 -13 15 -9 -49083
12 -23 14 -24 -44733
-18 -6 -18 -4 -65811
-21 3 -22 5 -95411
-8 -8 -11 -8 -61791
6 23 6 22 -55173
12 -6 14 -10 -54339
12 -20 11 -17 -63511
20 -23 24 -21 -70483
-8 24 -8 21 -58023
-14 9 -14 11 -75933
-23 13 -24 12 -58045
6 22 8 19 -71947
-15 2 -13 3 -78517
16 23 16 24 -59427
-21 -13 -20 -14 -67075
-13 -11 -14 -9 -65025
16 -6 15 -2 -53321
-3 13 -2 11 -66889
18 -5 19 -9 -50245
8 15 3 16 -66377
-12 -10 -12 -14 -62223
-13 0 -12 5 -88477
-4 9 -6 6 -72885
-13 -5 -14 -6 -74009
-10 -6 -10 -7 -58729
16 17 17 19 -47673
-23 -18 -24 -17 -53969
12 -23 13 -20 -63011
15 24 15 23 -58699
-2 0 0 -1 -59943
0 -13 0 -10 -44135
2 13 3 12 -73435
-10 -23 -8 -24 -60613
-1 -23 -2 -23 -55743
5 -18 4 -20 -62135
10 8 11 7 -60405
23 24 24 24 -40639
-24 -8 -23 -9 -59645
22 -23 23 -21 -62221
8 1 8 0 -46643
-17 -8 -18 -9 -65427
3 24 1 19 -62149
0 24 1 23 -50875
-21 12 -22 13 -67309
11 20 10 16 -60273
23 24 23 -14 -55475
21 22 19 22 -57811
9 15 7 13 -45617
-14 3 -16 5 -88325
24 1 24 3 -40537
-2 23 -1 24 -55225
9 5 6 2 -57863
6 -16 6 -20 -60141
8 0 9 0 -56019
-16 19 -13 19 -71159
15 12 14 14 -47073
-7 -23 -7 -24 -47709
16 -12 16 -16 -52647
-23 2 -24 1 -109189
19 -3 17 -4 -49937
5 12 7 11 -61659
24 -17 21 -16 -65607
16 -24 13 -21 -55325
-18 6 -19 8 -89689
23 9 24 6 -45905
6 -24 6 -23 -49251
2 6 1 6 -50139
-21 10 -16 11 -69281
22 14 24 16 -65211
-22 -23 -19 -22 -62843
-15 -9 -15 -8 -78799
-7 20 -10 21 -63625
0 0 -13 -12 -100153
-14 -23 -14 -24 -59745
0 -1 0 -2 -53575
3 -9 2 -9 -41419
24 20 22 18 -62797
-12 4 -13 5 -78227
16 24 18 23 -48291
11 22 13 24 -44083
-9 -20 -9 -18 -53393
18 -11 14 -14 -60483
2 2 4 0 -55629
23 24 22 21 -50441
19 14 19 16 -54985
0 -18 0 -19 -51829
7 23 8 24 -47203
-18 -17 -16 -16 -61493
20 21 24 24 -66265
10 17 10 15 -54369
12 24 13 23 -46033
20 -22 20 -24 -65971
-5 -24 -6 -24 -38183
6 6 7 -3 -59069
16 0 19 0 -55049
21 10 21 8 -44035
-16 -4 -13 -3 -85675
-17 -17 -17 -16 -71403
9 14 10 13 -50925
-7 -3 -9 -3 -73953
-15 20 -15 19 -59863
-19 19 -19 -16 -95053
-21 -16 -24 -24 -69821
-24 -13 -24 -10 -54797
-14 4 2 -1 -92953
15 -24 16 -23 -45923
-14 -22 -12 -23 -53631
-20 -21 -20 -22 -63315
7 10 6 7 -50871
24 -14 24 -12 -44027
-19 17 -19 19 -65001
-22 20 -22 -3 -104755
22 -24 21 -23 -62367
-17 -2 -16 -2 -83173
0 -22 0 0 -74307
23 13 24 13 -51059
-11 11 -19 -11 -107189
-23 -20 -4 -22 -66771
19 -12 21 -11 -58875
-24 22 -20 20 -61365
3 24 11 24 -46219
-15 -5 -16 1 -80471
-4 3 2 1 -67035
24 -22 24 -4 -53065
23 -6 22 -6 -45231
-8 19 -7 14 -51649
0 16 0 17 -61093
4 -2 4 -1 -48859
-19 -8 -17 -9 -81091
14 -7 13 -7 -43307
3 -12 2 -14 -46385
-3 24 -2 24 -55903
14 -8 14 -11 -47519
22 0 21 0 -50597
-15 2 -15 0 -84247
12 15 13 15 -55151
16 21 24 24 -63999
22 15 20 15 -54265
-12 -14 -12 -16 -66287
24 7 24 5 -37161
-18 -8 -20 -6 -81373
-1 23 0 24 -56339
-22 3 6 -3 -94859
18 -13 16 -13 -55787
2 -6 2 -7 -55567
-22 3 20 2 -72121
-7 -9 -7 -8 -51589
-23 7 -1 10 -105131
-24 -18 -24 -17 -62919
2 16 3 17 -55721
-20 8 -19 13 -88697
-19 24 -17 22 -57203
-8 8 -12 0 -92671
-2 -18 17 -15 -62071
3 2 4 2 -59031
-17 -22 -16 -23 -61971
-24 11 -24 6 -69557
-16 4 -16 -16 -94387
9 20 10 19 -57035
-9 18 -5 17 -60689
-5 -13 -4 -13 -41109
-24 0 -23 3 -121303
-10 14 -9 15 -66401
-16 -17 -16 -16 -71539
-23 15 -20 17 -60017
-3 13 -3 13 -242901
-15 19 -14 21 -66265
-21 -23 -22 -22 -60467
-23 20 -23 21 -61775
-24 24 -24 16 -63723
-10 -14 -12 16 -89839
24 -21 22 -20 -70089
-22 22 -22 21 -57487
1 9 -22 8 -105001
-24 -13 -23 -7 -67083
-20 -4 -17 -24 -84963
-20 12 -18 10 -65905
19 5 23 5 -52553
-24 6 -21 5 -65795
-23 15 -24 12 -65391
13 14 13 13 -49339
22 21 24 22 -63359
-21 -3 -21 -4 -72095
15 -7 17 -6 -49789
-5 -6 -4 -5 -64115
-24 20 -22 23 -56971
-10 0 -10 -1 -74135
-10 17 -10 19 -49957
-24 -2 -23 -3 -62245
-6 -12 -8 -14 -62621
-7 7 -7 6 -67377
20 13 20 12 -54011
-10 -1 -11 -3 -77317
24 -18 24 -16 -49683
23 19 21 20 -54463
20 -23 21 -23 -59415
-18 4 -17 1 -95717
-23 3 -24 4 -76873
-7 11 -6 8 -74303
19 -22 17 -23 -53321
13 -22 13 -20 -67037
16 22 16 17 -56301
9 -16 10 -17 -41821
-20 -2 -18 -1 -83923
-23 20 -22 17 -69153
-13 -16 -12 -18 -70051
12 3 11 4 -47899
4 17 4 16 -60289
-3 -19 -3 -17 -55251
-13 8 -14 7 -77591
-2 20 15 18 -70077
-17 6 -17 9 -101569
-20 -15 -19 -11 -61937
2 21 1 21 -58807
-23 17 -23 16 -70713
22 22 21 24 -57257
-20 -24 -21 -23 -62623
-22 11 -24 -7 -107253
0 8 0 9 -54721
2 0 3 -15 -74525
-24 -11 -22 -12 -58499
-9 2 -10 0 -82035
23 1 22 2 -54881
-1 19 -1 20 -57961
23 -15 22 -17 -53041
-20 24 -15 22 -61543
-13 -9 -1 5 -109597
-24 11 -24 13 -64871
9 17 9 19 -60123
24 -4 23 -3 -38361
24 -11 24 -12 -37733
-11 20 -13 19 -72015
-24 -6 -23 0 -76159
-11 -6 -11 2 -82797
24 -7 24 -6 -41485
2 3 2 5 -51715
24 3 24 4 -43675
-24 15 -24 18 -67737
1 1 4 2 -62311
3 -23 3 -24 -42435
-23 8 -19 10 -70403
2 -23 0 -24 -56003
24 13 24 18 -61673
22 -21 23 -17 -59977
20 -13 19 -12 -49919
9 -6 9 -7 -41135
-16 24 -21 23 -57411
-20 9 -21 7 -81581
1 12 3 12 -61795
23 17 23 16 -57033
-23 4 -24 1 -126347
18 5 15 4 -48655
7 -10 7 -12 -52051
-8 -1 -8 -23 -82197
-20 -16 -24 -16 -62371
-20 15 -20 17 -68241
-15 -17 -13 -17 -60759
-13 -23 -13 -24 -59751
2 -24 -3 -24 -58265
-21 3 -21 1 -118225
18 -19 16 -17 -65735
-3 1 -2 1 -62323
-12 9 -7 10 -69177
-3 1 -21 0 -102435
-11 22 -5 24 -65109
17 5 17 -7 -53917
0 21 -2 24 -57817
-6 15 -7 14 -58659
10 -24 9 -21 -58473
20 4 20 2 -45241
-7 24 -5 24 -53941
-21 21 -17 24 -62181
-6 -21 -6 -22 -55317
15 8 13 6 -46337
-2 9 -1 8 -60835
-22 -1 -19 -1 -72349
-15 -23 -15 -21 -65725
0 -5 -1 -4 -49113
-8 -9 -7 -6 -65275
-11 24 -12 21 -63353
-1 -13 0 -13 -46053
-9 3 -7 2 -67675
12 -5 12 -2 -47593
-8 -12 -9 -11 -53925
-19 -12 -19 -11 -67299
14 10 14 8 -48899
24 -22 21 -22 -70237
-24 -18 -23 -20 -55873
24 -1 24 0 -27139
16 9 17 8 -47343
-14 22 -13 22 -68145
-24 6 -24 4 -79983
6 11 7 11 -53469
8 -4 9 -2 -49101
-24 15 -21 13 -61555
5 -4 2 -7 -51629
-24 -9 -22 -9 -50113
21 -6 20 -5 -53249
22 -12 23 -12 -51801
-8 8 -12 -9 -107603
-1 -4 -18 13 -103377
-5 -5 -5 -2 -59713
-20 -23 -19 -22 -57529
-14 7 -14 5 -79953
-24 -1 -24 0 -80845
-19 12 -19 15 -66829
-23 2 -24 -2 -103991
0 24 3 24 -51259
24 -16 23 -14 -50077
24 -5 21 -11 -54939
0 11 -18 -5 -111989
-21 -17 -21 -16 -69529
-24 2 -22 4 -104577
-10 19 -10 0 -86839
-7 -15 -6 -13 -68627
-18 0 -17 5 -104051
14 -12 9 -15 -57767
-24 -1 -24 22 -92523
-20 -21 -23 -21 -64307
22 -20 23 -23 -63653
-10 -3 -12 -23 -84017
10 -22 10 -23 -61695
-4 11 -4 8 -68333
-2 -14 0 -16 -48639
-22 -23 -22 -19 -63835
-17 10 -17 7 -102953
6 -24 7 -19 -68945
23 19 23 18 -50203
-6 0 18 -10 -75143
-23 -18 -23 -19 -66845
-11 19 -14 20 -73685
16 -23 15 -23 -47089
-15 24 -15 21 -55995
-23 5 -24 2 -118011
-13 0 -15 2 -83455
-18 12 11 12 -80455
10 21 10 22 -59437
-24 24 -22 -6 -93101
5 -24 10 -22 -50519
24 4 23 4 -37161
-22 23 -21 24 -54613
2 -23 -2 -19 -50689
9 7 10 6 -61045
3 13 4 12 -72605
-23 2 -23 5 -113151
-23 -24 22 -19 -53705
10 -9 9 -9 -41031
19 24 19 20 -59015
-3 14 -1 15 -53411
12 -3 15 0 -52475
11 -21 9 -7 -63321
-9 -16 -12 -15 -68045
-24 -2 0 -6 -92547
-19 0 -17 0 -77427
-14 -6 -16 -6 -82775
-5 -15 -5 -18 -59285
0 -22 22 -22 -56691
-5 -24 -2 -23 -46091
-11 23 -9 21 -61895
15 -17 16 -14 -59589
17 -16 17 -19 -67543
18 -1 20 -3 -56185
-17 18 -16 17 -62449
20 -18 18 -19 -60443
-17 -6 -17 -11 -85237
14 -16 10 -21 -62177
13 -10 11 -13 -54133
-8 5 -8 2 -64665
-23 -4 -24 -10 -66955
-21 24 -24 22 -57283
-23 -15 -24 -17 -59447
-5 13 -5 14 -57537
-19 -11 -20 -8 -85097
-24 2 -23 1 -77381
-12 -24 -11 -24 -51491
18 4 19 4 -53481
24 -4 24 -7 -39735
6 -7 8 -10 -49663
5 -12 5 -13 -50987
-7 3 -4 6 -74077
11 14 14 15 -59795
4 -21 1 -23 -57559
9 24 9 23 -51905
-17 11 -9 5 -96267
11 -3 13 2 -55751
3 21 3 19 -64147
-10 12 -8 13 -68703
-6 21 -6 23 -57687
-2 -22 -2 -24 -44563
-24 22 5 23 -62333
24 -23 -8 -19 -61565
9 -18 24 -19 -68947
-9 -13 -16 -13 -72089
-5 0 -5 -1 -67509
-23 -22 -23 -24 -39867
23 12 24 13 -56947
3 -2 5 0 -53937
-5 18 -4 20 -55369
2 12 1 11 -50065
-11 20 -12 24 -62575
-17 8 -17 11 -93447
-24 12 -23 10 -64859
4 19 3 20 -66315
-2 5 -4 4 -66053
22 24 23 23 -55933
-22 22 24 21 -51183
-12 23 -14 22 -70707
-4 -19 -2 -19 -50205
16 19 11 20 -47797
-19 -1 -19 -2 -81291
-11 2 -13 0 -85411
6 -6 7 -6 -43547
-9 14 -9 11 -60221
-4 24 -10 23 -64135
21 -24 22 -22 -60983
7 21 11 23 -49691
-9 -23 -7 -24 -57741
-12 -23 -13 -24 -50889
21 -9 23 -8 -57371
-17 6 -19 7 -77213
22 18 24 13 -59059
0 -4 1 -4 -56837
7 0 9 -24 -65559
19 24 20 23 -57367
-10 -20 -11 -22 -61319
3 -16 3 -17 -49661
14 11 16 12 -51903
15 -20 15 -18 -68229
24 -18 21 -18 -67577
-11 5 -10 13 -85003
-14 14 -13 14 -67503
13 9 13 3 -55379
23 24 24 17 -47229
-23 -1 -24 0 -74159
20 -22 20 -24 -65971
23 14 23 13 -56231
-7 -23 -8 -24 -48005
-23 7 -23 9 -72245
-8 -1 -7 -1 -76661
18 -20 11 -16 -68253
-17 -15 -18 -15 -61845
-20 -3 -21 6 -121707
0 -21 0 -23 -50437
-16 9 -14 9 -70279
-1 2 -2 0 -60859
-15 -20 -16 -19 -67753
-23 2 -24 1 -109189
-24 21 -21 20 -57839
8 0 10 -1 -50707
19 -9 17 -11 -55647
-13 13 -13 14 -51095
1 16 1 14 -62797
-11 -24 -9 -23 -57043
-10 -17 -10 -13 -72627
-1 24 -2 24 -57445
-15 -9 -15 -10 -76837
16 22 18 22 -42465
23 -24 22 -23 -56925
-8 -23 -9 -21 -61895
3 -9 3 -8 -51051
-6 0 -6 -2 -71373
-1 6 -1 7 -62247
-1 -12 -3 -16 -54889
8 -24 10 -24 -37671
-19 -10 1 12 -105161
22 12 24 10 -51123
-8 -17 -7 -12 -73615
10 -19 10 -16 -60749
18 6 21 2 -62043
-24 -3 -21 -2 -68705
-16 24 -14 22 -57023
-23 5 -3 6 -102419
-7 -5 -19 -4 -97883
5 13 5 11 -47241
21 -19 21 -18 -61409
-24 -15 -24 -14 -50459
-22 -9 -9 -5 -95817
-24 -10 -24 -5 -64065
-15 7 -15 8 -92883
21 11 23 12 -55017
9 7 9 8 -52273
-21 0 -18 5 -108575
-20 -23 -18 -24 -60663
7 -23 9 -21 -59725
9 6 9 3 -52241
-24 -23 -5 -4 -74249
3 -24 5 -23 -46235
2 -3 0 -5 -55435
-20 -9 -12 -9 -85431
8 23 7 24 -52603
-7 -6 15 -3 -66695
