-19 -5 -20 -5 -57787
20 10 21 9 -69985
-12 23 -11 24 -56827
24 12 24 9 -61463
0 -24 2 -24 -44687
0 20 1 19 -59407
-5 0 -4 0 -85615
23 4 22 -19 -67437
-13 -20 -13 -19 -54767
17 2 17 0 -53565
-24 -21 -20 -19 -68749
-1 16 -3 16 -54389
2 14 1 16 -64067
0 -10 0 -9 -49209
-10 -17 -9 -17 -47897
-6 12 -5 10 -69875
17 3 16 5 -68587
7 -23 2 -23 -51661
-5 12 -7 5 -71191
-6 24 -3 21 -60299
17 -13 15 -9 -53891
12 -23 14 -24 -47411
-18 -6 -18 -4 -51293
5 -1 3 0 -60961
-12 -1 -14 -2 -64919
6 23 6 22 -53127
17 -12 18 -11 -67763
12 -20 11 -17 -68441
20 -23 24 -21 -67203
-8 24 -8 21 -65391
-14 9 -14 11 -41761
-23 13 -24 12 -50655
-9 -3 5 -12 -92779
-15 2 -13 3 -62801
16 23 16 24 -64535
14 -13 14 -14 -67185
-13 -11 -14 -9 -48381
16 -6 15 -2 -43341
-2 -3 -2 1 -60065
-5 -4 -5 -7 -67161
8 15 3 16 -64193
5 8 6 -14 -81065
-3 -6 5 -6 -74747
-4 9 -6 12 -72113
-13 -5 -14 -6 -58307
-10 -6 -10 -7 -50983
16 17 17 19 -67179
-23 -18 -24 -17 -48519
12 -23 13 -20 -68523
15 24 15 23 -63425
-2 0 0 -1 -80593
0 -13 0 -10 -52397
-3 2 -4 0 -60693
-10 -17 -8 -19 -55311
-1 -23 -2 -23 -49929
5 -18 4 -20 -72449
10 8 11 7 -69265
23 24 24 24 -48571
-24 -8 -23 -9 -44861
22 -23 23 -21 -59009
8 1 8 0 -40683
-17 -8 -18 -9 -40571
3 24 1 19 -58077
0 24 1 23 -51811
-21 12 -22 13 -69521
11 20 10 16 -75263
-21 9 -23 -14 -51237
21 22 19 22 -65445
9 15 7 13 -54379
13 17 11 20 -70065
24 1 24 3 -53855
-2 23 -1 24 -54265
18 -17 17 -18 -73339
-4 -11 -10 -13 -59415
-4 2 -5 4 -81935
-16 19 -13 19 -61891
15 12 14 14 -64749
-7 -23 -7 -24 -47667
0 7 2 4 -78047
14 -10 15 -9 -67233
19 -3 17 -4 -57947
11 -13 14 -13 -66557
24 -17 21 -16 -59327
16 -24 13 -21 -56295
-8 11 -8 13 -72055
23 9 24 6 -70515
6 -24 6 -23 -53505
2 6 1 6 -58485
-21 10 -16 11 -52473
22 14 24 16 -69111
-22 -23 -19 -22 -62063
-15 13 -4 15 -70219
-7 20 -10 21 -61641
16 -17 15 -18 -72401
-14 -23 -14 -24 -58191
15 14 14 11 -66365
3 -9 2 -9 -54173
24 20 22 18 -66129
-12 4 -13 5 -51569
16 24 18 23 -55819
11 22 13 24 -56079
-9 -20 -9 -18 -54447
16 -13 15 -16 -75035
-24 11 -22 9 -64145
23 24 22 21 -58779
19 14 19 16 -67333
0 -18 0 -19 -77749
7 23 8 24 -52815
-18 -17 -16 -16 -55889
20 21 24 24 -76219
10 17 10 15 -61207
12 24 13 23 -52121
20 -22 20 -24 -56849
-5 -24 -6 -24 -50515
-9 -16 -9 -14 -61387
16 0 19 0 -56787
21 10 21 8 -73637
-16 -4 -13 -3 -68957
16 15 1 14 -84891
9 14 10 13 -59787
-17 -2 -18 -6 -55207
-15 20 -15 19 -57939
-24 1 -23 11 -62307
14 23 22 -22 -75617
-24 -13 -24 -10 -40281
-21 2 -22 7 -54207
15 -24 16 -23 -48147
-14 -22 -12 -23 -52981
-20 -21 -20 -22 -63947
-23 -21 -23 -24 -57473
24 -14 24 -12 -51287
1 6 -22 18 -77127
15 21 1 21 -74435
22 -24 21 -23 -47687
-22 22 -19 21 -69445
-1 2 0 1 -82687
23 13 24 13 -53677
1 -16 1 -21 -84815
11 -13 10 -3 -65885
19 -12 21 -11 -60789
-24 22 -20 20 -68423
3 24 11 24 -51033
-24 3 -24 23 -64575
-11 4 -9 1 -60893
24 -22 24 -4 -69251
23 -6 22 -6 -60237
-8 19 -7 14 -53755
-1 5 0 4 -81123
1 13 1 10 -68083
-19 -8 -17 -9 -58129
-9 -14 -10 -18 -60779
3 -12 2 -14 -55663
-3 24 -2 24 -55871
14 -8 14 -11 -54137
22 0 21 0 -57457
-15 2 -15 0 -42305
12 15 13 15 -71517
16 21 24 24 -70885
22 15 20 15 -66277
-12 -14 -12 -16 -61027
24 7 24 5 -74311
-18 -8 -20 -6 -59217
-1 23 0 24 -54973
17 6 19 12 -76171
18 -13 16 -13 -60921
1 -20 0 -21 -64741
19 3 22 9 -84303
-7 -9 -7 -8 -41537
16 16 16 19 -67963
-24 -18 -24 -17 -58947
2 16 3 17 -54009
19 -20 18 -19 -59109
-19 24 -17 22 -60451
-23 -20 -22 -20 -60109
-18 -23 -14 -24 -57857
-23 2 -24 0 -41221
-17 -22 -16 -23 -64723
-24 11 -24 6 -62779
15 3 15 4 -66361
9 20 10 19 -61107
-9 18 -5 17 -59995
-5 -13 -4 -13 -52993
0 2 3 -20 -82693
-19 1 -17 0 -52691
-16 -17 -16 -16 -47743
-23 15 -20 17 -56911
0 -24 -24 -24 -51587
-15 19 -14 21 -60207
-21 -23 -22 -22 -61747
-23 20 -23 21 -59809
-24 24 -24 16 -61011
-10 3 22 7 -84065
6 -15 6 -19 -79635
-22 22 -22 21 -57775
-13 -4 -10 -6 -55573
1 -17 -5 -17 -60603
1 -4 -2 -5 -70743
-20 12 -18 10 -56797
19 5 23 5 -58617
-24 6 -21 5 -57093
-23 15 -24 12 -61467
13 14 13 13 -61017
22 21 24 22 -72681
-21 -3 -21 -4 -47395
15 -7 17 -6 -59999
-5 -6 -4 -5 -67927
-24 20 -22 23 -57625
-1 -9 1 -10 -58357
-10 17 -10 19 -52031
-24 -2 -23 -3 -49579
-1 2 -8 15 -92597
-9 24 -10 21 -68807
20 13 20 12 -67529
-10 -1 -11 -3 -50133
24 -18 24 -16 -52267
23 19 21 20 -67739
20 -23 21 -23 -54917
24 3 -24 0 -66407
-23 3 -24 4 -57519
-16 2 10 5 -82347
19 -22 17 -23 -56395
13 -22 13 -20 -66877
7 1 8 2 -55735
9 -16 10 -17 -63587
9 -14 12 -14 -66889
-23 20 -22 17 -63327
8 -11 12 -7 -69081
12 3 11 4 -68649
4 17 4 16 -54311
-3 -19 -3 -17 -67195
-13 8 -14 7 -56215
11 15 19 16 -78437
-13 -20 12 -17 -69603
-20 -15 -19 -11 -52013
2 21 1 21 -58343
-23 17 -23 16 -66305
22 22 21 24 -63367
-20 -24 -21 -23 -61349
-1 -18 0 -15 -67679
0 8 0 9 -59663
-11 -10 15 -11 -77675
-24 -11 -22 -12 -49111
-9 2 -10 0 -56173
23 1 22 2 -55029
-23 -17 -24 -3 -49649
23 -15 22 -17 -57829
-20 24 -15 22 -64313
4 8 3 10 -60669
-24 11 -24 13 -57425
9 17 9 19 -67887
24 -4 23 -3 -46301
24 -11 24 -12 -42921
10 8 10 9 -55949
-24 -6 -23 0 -44793
-13 -22 -17 -1 -72233
24 -7 24 -6 -44107
2 3 2 5 -65809
24 3 24 4 -61537
-24 15 -24 18 -65291
-9 -4 -8 -7 -59635
3 -23 3 -24 -57207
-3 -12 -4 -15 -49943
2 -23 0 -24 -56099
24 13 24 18 -68417
22 -21 23 -17 -59987
20 -13 19 -12 -54477
9 -6 9 -7 -49469
-16 24 -21 23 -59325
-20 9 -21 7 -51497
1 12 3 12 -56889
23 17 23 16 -63021
11 -21 13 -20 -59911
3 2 1 0 -65991
7 -10 7 -12 -54459
-3 5 -1 7 -71161
-20 -16 -24 -16 -59643
-3 -22 -7 -21 -59351
-15 -17 -13 -17 -50431
-13 -23 -13 -24 -57639
-11 5 -9 8 -50721
0 14 0 11 -70557
4 -16 6 -21 -73013
-14 -11 -13 -17 -63399
22 8 22 6 -79081
-6 7 -5 7 -64523
-11 22 -5 24 -62195
0 -4 1 0 -67171
0 21 -2 24 -58329
-6 15 -7 14 -60273
10 -24 9 -21 -58273
20 4 20 2 -71825
-7 24 -5 24 -51815
-21 21 -17 24 -63431
-6 -21 -6 -22 -57237
15 8 13 6 -64611
-2 9 -1 8 -62397
-22 -1 -19 -1 -57859
-15 -23 -15 -21 -64137
0 -5 -1 -4 -66885
6 -9 5 -11 -57289
-11 24 -12 21 -69489
2 8 24 9 -75293
12 0 11 0 -63589
12 1 15 3 -63415
-8 -12 -9 -11 -54559
-19 -12 -19 -11 -45609
14 10 14 8 -62603
24 -22 21 -22 -58063
-24 -18 -23 -20 -51155
24 -1 24 0 -39321
16 9 17 8 -64541
-14 22 -13 22 -54901
-24 6 -24 4 -47905
6 11 7 11 -58287
9 5 8 -22 -80843
-24 15 -21 13 -64371
5 -4 2 -7 -67891
-24 -9 -22 -9 -45623
21 -6 20 -5 -51615
22 -12 23 -12 -53403
1 1 0 3 -75175
-5 18 -4 14 -55707
-1 -6 -4 -2 -77779
-20 -23 -19 -22 -58015
22 -6 22 0 -52143
-24 -1 -24 0 -39871
-24 -16 -24 -17 -57691
23 -3 24 -2 -44705
0 24 3 24 -51453
24 -16 23 -14 -51713
24 -5 21 -11 -56359
8 7 4 6 -61063
9 10 9 12 -54147
0 -15 4 -17 -56369
-10 -12 -9 -12 -52807
1 13 -6 11 -67263
3 -13 3 -14 -59761
12 10 11 10 -66639
0 -12 2 -15 -63921
-20 -21 -23 -21 -69643
0 6 1 -8 -76997
-12 -7 -5 -8 -64533
10 -22 10 -23 -61135
-9 -22 1 -21 -71639
13 5 12 5 -66237
-22 -23 -22 -19 -63993
17 13 18 0 -87903
6 -24 7 -19 -72817
23 19 23 18 -53827
15 22 15 21 -66111
-23 -18 -23 -19 -57659
19 0 21 8 -88519
16 -23 15 -23 -49301
-15 24 -15 21 -57077
-2 1 -6 1 -91369
-16 0 -15 -2 -53405
-18 11 -14 12 -59881
10 21 10 22 -61831
-1 -11 20 -22 -69763
5 -24 10 -22 -62229
24 4 23 4 -42633
-22 23 -21 24 -55855
-20 -6 18 -5 -76933
9 7 10 6 -65311
-19 17 -19 15 -62613
-15 -4 -14 -6 -57695
-23 -1 -4 -4 -71841
10 -9 9 -9 -59837
19 24 19 20 -64259
-15 17 -16 15 -58909
12 -11 15 -11 -63843
16 -16 17 -17 -58073
7 22 10 -21 -82907
-11 13 -12 12 -62741
24 -7 24 -23 -68793
-14 -6 -16 -6 -61281
-2 8 -3 6 -71735
0 -22 22 -22 -58313
-5 -24 -2 -23 -54495
-11 23 -9 21 -59895
23 23 24 24 -52253
10 4 10 3 -58491
12 -1 24 -24 -69827
-17 18 -16 17 -59033
20 -18 18 -19 -68387
-12 17 -13 20 -62787
9 -16 9 -13 -65069
21 17 19 18 -66763
-8 5 -8 2 -59107
-12 -1 0 0 -91087
-21 24 -24 22 -59113
-23 -15 -24 -17 -62347
-5 13 -5 14 -63787
16 -8 17 5 -64749
-24 2 -23 1 -55795
-12 -24 -11 -24 -43983
18 4 19 4 -55269
24 -4 24 -7 -46163
-18 24 8 0 -82401
-18 -1 -13 -1 -72233
22 7 24 14 -73667
-2 -5 -2 -6 -71903
8 -14 -18 -7 -84261
9 24 9 23 -51707
1 18 19 18 -84055
17 -12 16 -14 -73059
3 21 3 19 -52569
-10 12 -8 13 -59209
-6 21 -6 23 -59139
-2 -22 -2 -24 -54993
-24 22 5 23 -59145
-5 -21 -5 -24 -58755
0 14 0 -21 -81865
-5 -16 -5 -18 -60515
-4 8 -3 10 -69119
-23 -22 -23 -24 -52451
23 12 24 13 -63921
3 -2 5 0 -65631
-7 2 0 -1 -99571
2 12 1 11 -59485
-11 20 -12 24 -67011
10 -22 -9 15 -91183
-24 12 -23 10 -64811
4 19 3 20 -56931
-2 5 -4 4 -70065
22 24 23 23 -61099
-22 22 24 21 -54547
-12 23 -14 22 -58753
10 -16 9 -19 -80461
16 19 11 20 -67677
5 1 -3 -1 -82201
2 -4 2 -6 -68823
4 -2 3 -3 -64163
-9 14 -9 11 -71551
-4 24 -10 23 -61847
21 -24 22 -22 -59183
7 21 11 23 -61077
-8 3 8 0 -92453
-12 -23 -13 -24 -52531
21 -9 23 -8 -60433
8 -17 10 -16 -64279
22 18 24 13 -69031
0 -4 1 -4 -68407
-5 -1 -9 -4 -69859
19 24 20 23 -64649
-10 -20 -11 -22 -55489
3 -16 3 -17 -72153
12 17 17 22 -73053
15 -20 15 -18 -68051
24 -18 21 -18 -60855
12 -19 14 -16 -78547
-14 14 -13 14 -57087
-5 -6 -3 -7 -67423
23 24 24 17 -53163
-23 -1 -24 0 -54863
20 -22 20 -24 -56849
23 14 23 13 -65203
-7 -23 -8 -24 -49513
-23 7 -23 9 -60365
13 -12 13 -17 -73761
-17 -20 -18 -21 -57873
-17 -15 -18 -15 -52215
24 7 24 4 -74345
0 -21 0 -23 -64313
-16 9 -14 9 -58269
9 11 -10 9 -79989
-15 -20 -16 -19 -62527
-18 13 -18 15 -59949
-24 21 -21 20 -62709
8 0 10 -1 -54943
24 -6 23 -6 -50071
-13 13 -13 14 -54675
1 16 1 14 -58611
-11 -24 -9 -23 -48691
17 3 18 5 -72911
-1 24 -2 24 -58369
7 -9 10 -10 -58237
16 22 18 22 -50541
23 -24 22 -23 -41589
9 8 7 6 -58385
3 -9 3 -8 -58179
-7 0 -8 3 -71443
13 16 14 19 -76161
16 10 13 11 -71349
8 -24 10 -24 -45379
5 -16 7 -16 -51115
22 12 24 10 -63723
10 -1 11 -1 -59847
10 -19 10 -16 -80965
-21 0 -18 2 -53613
-24 -3 -21 -2 -51563
-16 24 -14 22 -56647
-23 -15 -24 -16 -57989
-14 3 -7 2 -62837
5 13 5 11 -59025
21 -19 21 -18 -58525
-24 -15 -24 -14 -47779
15 -6 13 -7 -60163
-24 15 -24 14 -59893
-11 -9 -12 -15 -50655
21 11 23 12 -63529
9 11 20 14 -85245
18 0 15 -3 -60547
-20 -23 -18 -24 -59917
7 -23 9 -21 -67203
9 6 9 3 -60803
-8 3 -8 0 -65821
3 -24 5 -23 -55037
2 -22 2 -24 -64429
-12 -22 -17 -23 -58059
8 23 7 24 -48507
-22 9 -24 8 -50701
