-21 -6 -21 -9 -60688
20 10 21 9 -69268
-12 23 -11 24 -46458
24 12 24 9 -49936
0 -24 2 -24 -61438
0 20 1 19 -51338
-17 2 -18 5 -56310
17 -4 15 -3 -81682
-13 -20 -13 -19 -56048
17 2 17 0 -54336
-24 -21 -20 -19 -57068
-1 16 -3 16 -42566
14 -6 16 -6 -72154
7 -14 -9 -12 -94376
-10 -17 -9 -18 -52002
-6 12 -5 10 -53132
15 6 15 3 -54174
16 21 13 22 -62138
-5 12 -7 5 -59460
-6 24 -3 21 -59136
23 0 24 -3 -58748
6 -8 6 -7 -66070
-18 -6 -18 -4 -57964
24 -19 19 -15 -74592
-23 -13 -24 -14 -49524
6 23 6 22 -47994
11 -16 -6 -6 -97898
12 -20 11 -17 -64732
-24 -1 -21 -1 -66250
-20 4 -8 3 -64380
-14 9 -14 11 -48272
-23 13 -24 12 -51094
-5 -1 -3 -1 -74098
-15 2 -13 3 -60752
16 23 16 24 -61324
10 2 9 1 -56284
-13 -11 -14 -9 -52126
-7 -24 -5 -23 -58254
4 -16 5 -17 -71228
22 8 -11 8 -74470
24 -5 24 -2 -59812
17 -5 18 -7 -76214
23 -7 20 19 -80234
3 -3 2 -3 -61148
1 -4 2 -3 -82592
-6 -6 7 -5 -88428
16 17 17 19 -58996
-23 -18 -24 -17 -44844
12 -23 13 -20 -74088
15 24 15 23 -59994
9 -14 -10 -15 -92228
17 -13 17 -12 -59478
8 -12 12 -10 -79142
10 -23 10 -24 -56196
-1 -23 -2 -23 -50868
8 16 8 14 -55936
-6 14 -5 16 -59466
23 24 24 24 -43254
-24 -8 -23 -9 -51512
22 -23 23 -21 -70524
8 1 8 0 -59742
-17 -8 -18 -9 -52168
3 24 1 19 -61174
0 24 1 23 -49296
-21 12 -22 13 -62138
0 -5 0 -6 -65854
18 -9 19 -3 -79414
21 22 19 22 -56898
9 15 7 13 -53656
13 17 11 20 -63472
24 1 24 3 -51920
-2 23 -1 24 -54612
-17 -11 -16 -8 -55744
-5 -24 -8 -21 -46988
-19 -2 -18 -1 -59626
-16 19 -13 19 -68910
20 -5 -11 -18 -82838
-7 -23 -7 -24 -37962
23 0 21 24 -76628
-1 15 0 24 -55892
-7 -1 -7 0 -54104
-19 -13 -18 -13 -52200
24 -17 21 -16 -70932
16 -24 13 -21 -62914
-8 11 -8 13 -57112
23 9 24 6 -59978
6 -24 6 -23 -55104
0 -2 0 -6 -67772
-21 10 -16 11 -56732
22 14 24 16 -52132
-22 -23 -19 -22 -54220
-13 0 -13 -2 -65834
-7 20 -10 21 -57162
16 -17 15 -18 -73584
-14 -23 -14 -24 -50044
-1 -7 -1 -8 -53120
17 -21 16 -22 -74436
24 20 22 18 -56682
14 -10 13 -12 -60104
16 24 18 23 -61722
11 22 13 24 -57658
16 -9 15 -3 -78540
1 18 2 -6 -87904
-24 11 -22 9 -59572
23 24 22 21 -50644
19 14 19 16 -57220
-2 4 0 5 -54950
7 23 8 24 -44382
8 21 16 24 -66058
-9 -20 -7 -19 -59054
10 17 10 15 -53744
12 24 13 23 -47220
-15 -20 -18 -24 -67198
-5 -24 -6 -24 -51084
-22 -11 -22 -1 -67114
15 -1 19 -2 -81714
21 10 21 8 -58364
12 5 12 10 -63122
11 -8 11 -9 -58840
9 14 10 13 -51662
0 -22 22 -20 -77736
-15 20 -15 19 -60752
2 7 3 4 -77414
0 10 24 -13 -87026
-24 -13 -24 -10 -46034
-23 1 9 1 -71038
15 -24 16 -23 -65436
-14 -22 -12 -23 -53376
-20 -21 -20 -22 -60084
-23 -21 -23 -24 -54440
24 -14 24 -12 -56510
13 7 24 7 -65990
-16 -17 -18 -19 -61976
22 -24 21 -23 -60444
-22 22 -19 21 -63124
1 -6 3 -4 -86016
23 13 24 13 -41996
24 7 23 6 -47518
19 -1 21 -1 -62002
0 5 6 -1 -75328
-24 22 -20 20 -63992
-8 -1 -9 -1 -69878
-24 3 -24 23 -62634
-3 -7 0 -6 -63626
2 -23 0 -22 -64956
14 -4 15 -4 -74568
-8 19 -7 14 -58300
8 -15 6 -15 -67988
16 11 17 10 -67810
-19 -8 -17 -9 -61292
-9 -14 -10 -18 -46774
0 -17 -2 -10 -59888
-3 24 -2 24 -51774
3 -13 2 -13 -72360
24 -13 23 -10 -67450
-15 2 -15 0 -56818
12 15 13 15 -52638
24 23 9 20 -70196
-14 10 -14 1 -66460
-12 -14 -12 -16 -42778
24 7 24 5 -63958
-20 -17 -17 -17 -59120
-1 23 0 24 -54828
5 -17 5 -19 -57570
19 -6 16 -4 -79478
-10 12 -9 11 -57022
5 21 4 20 -51170
-7 -9 -7 -8 -35908
16 16 16 19 -53634
4 -14 21 -15 -91398
1 -11 -9 -2 -93152
19 -20 18 -19 -62490
-19 24 -17 22 -52614
-23 -20 -22 -20 -50284
15 -17 15 -16 -58262
-23 2 -24 0 -48176
-17 1 -16 2 -60104
-24 11 -24 6 -58026
-5 5 -5 3 -61468
9 20 10 19 -52172
10 2 9 4 -67886
-5 -13 -4 -13 -53570
-19 -11 -20 -6 -67516
17 -20 20 -18 -72036
-16 -17 -16 -16 -50722
-23 15 -20 17 -54666
0 -24 -24 -24 -49794
-15 19 -14 21 -61714
-21 -23 -22 -22 -57496
-23 20 -23 21 -58946
-24 24 -24 16 -58786
7 9 8 8 -63118
-7 1 -9 2 -73248
-22 22 -22 21 -56336
16 8 16 8 -239674
-11 -4 -9 -7 -63324
0 -24 0 -22 -55300
-20 12 -18 10 -56606
-4 -5 -11 -3 -89304
-24 6 -21 5 -57274
-23 15 -24 12 -60900
3 18 1 -5 -89588
22 21 24 22 -57024
-21 -3 -21 -4 -58798
-13 -23 -10 -24 -62014
0 -15 0 -14 -53444
-24 20 -22 23 -56670
-14 -15 -13 -15 -56392
-10 17 -10 19 -54698
-24 -2 -23 -3 -58384
22 -6 20 -2 -74758
-9 24 -10 21 -57126
1 -23 0 -24 -60096
-10 -1 -11 -3 -60322
24 -18 24 -16 -47438
23 19 21 20 -56184
20 -23 21 -23 -61216
21 2 19 1 -61978
-23 3 -24 4 -58378
-15 6 -16 10 -55418
19 -22 17 -23 -66748
13 -22 13 -20 -68572
24 24 0 23 -52446
9 -16 10 -17 -75480
2 -1 0 -4 -79346
-23 20 -22 17 -61274
7 3 5 -21 -76528
-15 -20 -16 -18 -54814
4 17 4 16 -50210
-3 -19 -3 -17 -47698
8 -5 3 -6 -82426
-9 -8 -12 -8 -60170
-7 19 -8 20 -61128
-14 -24 23 -20 -73414
3 -21 4 -21 -70318
-23 17 -23 16 -66028
22 22 21 24 -61990
-20 -24 -21 -23 -52902
14 -20 -4 -20 -88304
0 8 0 9 -60228
1 -10 14 -10 -102626
-24 -11 -22 -12 -52000
-9 2 -10 0 -57868
18 -16 11 -15 -78528
-23 -17 -24 -3 -63776
23 -15 22 -17 -56128
-20 -24 18 -23 -67184
6 10 7 6 -68204
-24 11 -24 13 -54644
9 17 9 19 -52980
24 -4 23 -3 -54104
24 -11 24 -12 -64204
11 13 10 10 -56178
-24 -6 -23 0 -60938
10 -23 9 -21 -72266
24 -7 24 -6 -57410
2 3 2 5 -70036
24 3 24 4 -58736
-24 15 -24 18 -64336
-21 -13 -20 -18 -54404
3 -23 3 -24 -50826
-3 -12 -4 -15 -47206
2 -23 0 -24 -66374
24 13 24 18 -69502
22 -21 23 -17 -61918
20 -13 19 -12 -66096
9 -6 9 -7 -61918
-16 24 -21 23 -60500
-20 9 -21 7 -54708
24 5 23 3 -59522
23 17 23 16 -64296
2 -1 2 0 -57388
24 -14 23 -15 -48660
-7 -7 -4 -8 -75300
-10 5 -11 6 -49668
-20 -16 -24 -16 -59386
13 -24 14 -23 -67392
-15 -17 -13 -17 -55550
-13 -23 -13 -24 -49650
-11 5 -9 8 -58974
0 -19 1 -21 -62436
-14 -8 -14 -7 -51610
14 -21 9 -24 -72444
22 8 24 7 -54428
-6 7 -5 7 -57456
-11 22 -5 24 -47270
9 -20 11 -13 -64582
0 21 -2 24 -57530
-6 15 -7 14 -56760
10 -13 10 -12 -55864
-13 -2 -13 -3 -64596
-7 24 -5 24 -41622
-21 21 -17 24 -66216
-12 -8 -11 -8 -56506
17 -2 16 -6 -71376
-2 9 -1 8 -57626
-22 -1 -19 -1 -64102
12 1 12 0 -54996
9 -13 8 -12 -64312
-22 1 -24 -5 -66462
12 -18 10 -14 -77934
7 -22 7 -21 -64800
-5 -16 5 -15 -85428
16 -14 15 -13 -67732
-8 -12 -9 -11 -52154
-19 -12 -19 -11 -47870
14 10 14 8 -59104
24 -22 21 -22 -60440
-24 -18 -23 -20 -42970
24 -1 24 0 -50672
16 9 17 8 -67702
-14 22 -13 22 -56424
-24 6 -24 4 -49074
6 11 7 11 -52300
4 3 5 0 -71750
17 -23 16 -22 -58544
-4 -4 -3 -5 -68754
-24 -9 -22 -9 -49134
-2 -18 -1 -20 -55556
22 -12 23 -12 -58810
17 8 17 -24 -73912
-5 18 -4 14 -57536
-11 -5 -11 -3 -56872
-20 -23 -19 -22 -57628
-15 16 -17 16 -67816
-24 -1 -24 0 -49460
1 -9 0 -9 -58926
23 -3 24 -2 -47704
0 24 3 24 -45382
24 -16 23 -14 -53966
9 -8 7 -7 -68330
-1 5 -7 4 -75478
9 10 9 12 -55670
3 -8 2 -11 -53956
9 -13 11 -10 -73276
4 -10 5 -11 -68874
1 9 -1 6 -62400
-9 14 -7 12 -59762
18 -6 1 -6 -98854
-3 3 -3 0 -58142
-8 -17 -10 -17 -56112
10 -14 12 -16 -76052
17 -17 17 -23 -68112
-16 -24 -15 -24 -42216
-22 -15 -21 -13 -59174
-22 -23 -22 -19 -57892
17 19 12 17 -66180
10 -24 9 -22 -65918
23 19 23 18 -54076
15 22 15 21 -59044
-23 6 -23 3 -53616
3 -1 4 -4 -58536
16 -23 15 -23 -60546
-15 24 -15 21 -57234
-14 -18 -14 -19 -59272
-16 0 -15 -2 -59660
-18 11 -14 12 -64356
3 -22 2 -20 -62398
-1 -2 -3 1 -65874
12 11 7 6 -65656
24 4 23 4 -40320
-22 23 -21 24 -57446
-13 -2 -11 -3 -59224
9 7 10 6 -60584
-19 17 -19 15 -60510
6 -4 5 -6 -76236
-8 -5 14 -5 -93394
6 -6 5 -18 -74448
19 24 19 20 -62924
-15 17 -16 15 -59196
7 -22 2 -24 -70086
-12 -16 -13 -17 -57640
-13 7 -13 6 -55472
-11 13 -12 12 -55100
20 -10 20 -9 -65510
-14 -6 -16 -6 -50564
-11 -24 -10 -24 -57956
16 -1 16 0 -53082
-5 -24 -2 -23 -49560
-11 23 -9 21 -61662
23 23 24 24 -42258
10 4 10 3 -60446
7 -20 10 -20 -68320
-17 18 -16 17 -64192
20 -24 23 -22 -70468
-12 17 -13 20 -66400
-2 -2 -8 -3 -87320
21 17 19 18 -56418
-8 5 -8 2 -53482
-15 21 -18 21 -64458
-21 24 -24 22 -57862
-23 -16 -23 -15 -50410
-5 13 -5 14 -60738
6 3 4 -12 -83762
-24 2 -23 1 -59646
-12 -24 -11 -24 -63084
18 4 19 4 -60096
24 -4 24 -7 -61392
-12 7 -14 6 -58296
17 -1 16 -1 -75528
23 -23 23 -22 -58418
-19 2 -18 6 -59394
-13 20 -14 23 -72448
9 24 9 23 -44944
19 3 19 4 -55418
21 -12 22 -12 -60902
3 21 3 19 -51736
-10 12 -8 13 -53072
-6 21 -6 23 -56560
-2 -22 -2 -24 -51868
-24 22 5 23 -52998
14 0 9 1 -65828
19 21 16 22 -66158
15 10 12 11 -56632
17 4 16 -13 -82676
-23 -22 -23 -24 -50062
18 -16 4 -3 -95860
6 9 7 10 -56598
0 9 0 6 -72570
2 12 1 11 -46244
-11 20 -12 24 -70286
24 -12 24 -6 -63618
-24 12 -23 10 -58004
19 -23 20 0 -76204
-2 5 -4 4 -64476
22 24 23 23 -58300
-22 22 24 21 -52598
-12 23 -14 22 -53664
12 1 9 2 -63706
-14 -3 -15 -5 -56362
-2 -5 0 -6 -61230
-6 -2 -6 -3 -51892
3 9 1 10 -49088
1 -16 0 -17 -59812
-7 24 -7 23 -47418
21 -24 22 -22 -68584
7 21 11 23 -49240
4 -13 4 -12 -53360
-12 -23 -13 -24 -51818
3 -15 0 -15 -77474
-6 -19 -3 -16 -52310
22 18 24 13 -73258
2 -9 6 -6 -84698
7 0 3 -4 -67580
19 24 20 23 -64696
-10 -20 -11 -22 -54228
3 -16 3 -17 -58214
23 5 20 19 -87312
3 5 21 8 -72378
24 -18 21 -18 -67674
22 -10 22 -11 -70292
-14 14 -13 14 -57430
-7 -5 -8 -5 -74540
23 24 24 17 -50810
-23 -1 -24 0 -62418
13 -17 15 -16 -74804
23 14 23 13 -58984
-7 -23 -8 -24 -54362
-23 7 -23 9 -56030
5 8 6 4 -75078
-17 -20 -18 -21 -66340
3 12 5 12 -46646
24 7 24 4 -65734
20 -24 19 -23 -55758
-16 9 -14 9 -59474
19 22 -13 24 -60130
0 12 -1 13 -52398
-18 13 -18 15 -57074
-24 21 -21 20 -59140
9 -3 13 19 -79474
24 -6 23 -6 -37416
-13 13 -13 14 -50592
1 16 1 14 -54028
-8 1 -9 2 -65962
-17 -8 -16 -9 -62390
-1 24 -2 24 -55818
-21 0 -19 -2 -62886
12 14 20 14 -61912
23 -24 22 -23 -52860
1 14 1 12 -54496
14 -6 3 -8 -98570
-24 0 -22 -24 -61852
19 22 17 21 -55620
-16 -7 23 -3 -80366
8 -24 10 -24 -53476
-6 -3 -4 -3 -84158
22 12 24 10 -65560
24 -24 23 -20 -54328
16 -3 15 -7 -71712
-21 0 -18 2 -62816
-24 -3 -21 -2 -61712
-16 24 -14 22 -58668
19 12 19 11 -53654
3 -18 8 -17 -75478
19 -10 18 -9 -62742
21 -19 21 -18 -59940
-24 -15 -24 -14 -49620
7 1 7 3 -68462
-24 15 -24 14 -57614
-11 -4 8 -15 -99532
21 -1 19 -3 -62110
-1 6 2 5 -56050
13 -24 14 -24 -55492
-20 -23 -18 -24 -48912
7 -23 9 -21 -68708
10 -7 12 -6 -63392
22 -4 7 -2 -88196
3 -24 5 -23 -65648
0 0 0 8 -79860
6 21 1 22 -45032
8 23 7 24 -39742
-22 9 -24 8 -49650
