22 6 23 4 -58772
3 23 5 24 -59206
-12 23 -11 24 -60870
24 12 24 9 -38278
0 -24 2 -24 -54588
20 -18 20 -19 -57604
17 -11 17 -16 -64872
24 -10 21 -9 -65516
-23 13 7 12 -99026
17 2 17 0 -59748
-24 -21 -20 -19 -56910
-21 0 -20 6 -72706
-5 24 -1 6 -82046
1 -18 0 -15 -54162
-10 -17 -9 -18 -58788
20 -11 19 -9 -71454
-18 17 -19 15 -79292
16 21 13 22 -55634
17 8 18 10 -61150
-6 24 -3 21 -72442
-2 -19 1 -19 -65284
-12 16 -14 14 -80700
-4 24 -6 12 -83144
-12 -20 -12 -19 -65740
-23 -13 -24 -14 -46678
6 23 6 22 -54118
0 -9 0 -11 -47498
12 -20 11 -17 -57878
-14 6 -14 7 -63350
12 -11 10 -16 -61722
-6 21 -5 22 -67980
-23 13 -24 12 -59714
9 23 7 24 -51016
-16 19 -16 22 -66326
16 23 16 24 -66710
15 8 13 7 -53678
17 23 14 21 -57780
-7 -24 -5 -23 -63508
7 -8 8 -10 -64260
14 17 12 14 -63214
24 -5 24 -2 -49234
-23 0 -23 1 -58978
24 18 23 24 -56674
-20 12 -24 11 -58322
0 -15 0 -11 -50300
4 -21 4 -22 -62530
16 17 17 19 -59912
-23 -18 -24 -17 -62660
-2 18 -2 19 -65202
15 24 15 23 -66888
9 11 9 12 -49222
-13 24 -16 24 -66026
11 -10 12 -10 -58526
10 -23 10 -24 -49048
-1 -23 -2 -23 -56374
19 5 17 3 -52978
-14 15 -14 10 -65664
23 24 24 24 -44044
-24 -8 -23 -9 -46554
22 -23 23 -21 -68340
3 4 3 0 -57092
-17 -8 -18 -9 -54678
8 4 7 0 -45104
0 24 1 23 -58844
-19 9 -18 12 -72258
0 1 1 1 -61060
-23 21 -23 22 -50856
21 22 19 22 -53896
-23 23 24 24 -51374
-9 15 -8 13 -66470
13 20 -18 21 -74810
3 -9 1 -9 -55988
-6 13 -6 11 -63994
-5 -24 -8 -21 -59432
-6 7 -4 7 -64114
-1 -4 1 -6 -49674
13 -13 12 -9 -61936
-7 -23 -7 -24 -52326
4 0 5 0 -51382
-20 2 -20 3 -65432
-24 19 -24 12 -58448
-19 -13 -18 -13 -49328
24 -17 21 -16 -60764
0 5 -1 5 -69826
0 13 -2 12 -62486
12 12 15 6 -54130
6 -24 6 -23 -56246
24 0 -22 -1 -61572
17 10 20 10 -52582
22 14 24 16 -50242
-22 -23 -19 -22 -51662
-17 -11 -11 -18 -67504
-23 -12 -22 -8 -63186
16 -24 19 -23 -57952
-14 -23 -14 -24 -53902
13 -2 13 -3 -49512
21 -3 19 -3 -54740
24 20 22 18 -53526
14 -10 13 -12 -65260
16 24 18 23 -49806
11 22 13 24 -59984
17 12 17 11 -44580
22 24 19 21 -64824
12 23 14 23 -52694
23 24 22 21 -58954
19 14 19 16 -45970
12 5 0 15 -75076
7 23 8 24 -52774
-3 -3 -3 -4 -37206
-24 8 -3 1 -84708
9 -4 8 -3 -57956
12 24 13 23 -56104
-15 -20 -18 -24 -67794
-5 -24 -6 -24 -55118
24 15 24 14 -34076
-23 23 -23 24 -34610
-6 -2 0 0 -67514
-8 -7 -8 -8 -44524
11 -8 11 -9 -54980
9 14 10 13 -53540
-18 17 -16 17 -77204
18 -15 17 -18 -64272
4 -14 5 -11 -57972
-5 4 -12 8 -78176
-24 -13 -24 -10 -48132
15 16 16 17 -61708
15 -24 16 -23 -53114
-14 -22 -12 -23 -49022
-20 -21 -20 -22 -63230
-23 -21 -23 -24 -56868
24 -14 24 -12 -61278
17 -11 17 -12 -67168
-16 -17 -18 -19 -62906
22 -24 21 -23 -60942
-24 2 -17 2 -73740
1 -24 -2 -23 -55002
23 13 24 13 -44844
24 7 23 6 -60214
-12 0 -9 1 -59718
23 10 21 8 -62506
-24 22 -20 20 -58532
-24 4 -23 4 -66670
13 5 15 2 -55740
24 -19 -23 -14 -56338
0 5 -1 6 -74204
-1 -9 -2 -8 -54756
-24 -18 -23 -19 -64274
-2 4 -2 3 -66944
24 24 24 -23 -57480
-4 19 -2 21 -67184
-9 -14 -10 -18 -62156
-22 4 -23 5 -70856
-3 24 -2 24 -51660
-17 9 -15 7 -79198
6 14 -17 15 -91644
-15 2 -15 0 -69722
12 15 13 15 -53972
-6 24 -5 22 -67446
-5 15 -4 16 -67666
-12 -14 -12 -16 -55048
24 7 24 5 -52962
-9 17 -7 21 -76102
-1 23 0 24 -45156
10 15 10 11 -55990
4 9 0 10 -66070
19 -4 21 -2 -54942
5 21 4 20 -57652
8 -4 8 -17 -68650
19 15 16 15 -52208
-12 24 -9 22 -66454
2 -23 3 -23 -55384
19 -20 18 -19 -60572
-19 24 -17 22 -59138
-23 -20 -22 -20 -52770
15 -17 15 -16 -60164
-23 2 -24 0 -63146
-18 2 -19 2 -62484
-24 11 -24 6 -78798
-16 18 -18 20 -67612
9 20 10 19 -58416
-13 0 -14 -3 -60334
-5 -13 -4 -13 -56486
2 -11 5 -13 -63754
-17 -15 -16 -13 -58070
-16 -17 -16 -16 -60958
8 5 24 3 -62440
0 -24 -24 -24 -49150
-15 19 -14 21 -69634
-21 -23 -22 -22 -56942
0 23 0 24 -50996
-24 24 -24 16 -52508
3 -1 4 -1 -51820
-17 -20 -17 -15 -67358
19 -2 17 0 -55382
-13 14 -16 15 -82508
23 0 23 24 -55560
0 -24 0 -22 -66560
-20 12 -18 10 -65928
23 -2 24 0 -55926
-9 6 -13 14 -85146
-23 -6 -24 -7 -58040
1 -20 1 -19 -54182
22 21 24 22 -61362
-17 4 -13 -4 -75902
16 -21 15 -20 -63012
-9 15 -7 10 -78044
-24 20 -22 23 -56602
22 -9 24 -12 -65748
-21 3 -24 2 -72092
-24 -4 -23 -2 -53404
0 -1 -7 0 -75880
-9 24 -10 21 -69476
1 -23 0 -24 -58786
-10 -1 -11 -3 -55184
24 -18 24 -16 -47820
23 19 21 20 -58950
20 -23 21 -23 -57510
-18 16 -18 17 -64810
-23 3 -24 4 -68966
-2 -10 0 -8 -52210
19 -22 17 -23 -59626
13 -22 13 -20 -55076
-11 24 -10 24 -57872
10 24 9 22 -63146
-20 9 2 10 -104852
-12 15 -10 -1 -87936
-9 -20 -9 -24 -68010
-15 -20 -16 -18 -62230
4 17 4 16 -53844
-1 2 0 1 -70252
23 0 23 1 -48616
-5 13 -4 13 -65636
-7 19 -8 20 -62578
13 -23 12 -22 -55680
-23 12 -24 7 -81420
-9 -1 -9 0 -56856
22 22 21 24 -64844
-20 -24 -21 -23 -51496
18 -8 18 -6 -57646
-8 -10 -8 -9 -50916
-3 -13 -4 -16 -52748
-24 -11 -22 -12 -56860
-11 5 -11 1 -78970
-21 -18 -21 -16 -56666
13 -8 13 -1 -55278
23 -15 22 -17 -59770
-20 -24 18 -23 -55598
0 -23 17 -24 -60112
9 19 11 18 -59966
0 17 -1 1 -74598
24 -4 23 -3 -51872
24 -11 24 -12 -57682
-16 5 -18 5 -74118
3 19 -5 20 -65708
-6 -20 -8 -18 -63140
24 -7 24 -6 -58330
24 -12 23 -13 -57834
10 1 12 1 -46742
6 -10 6 -8 -54320
-2 4 0 6 -61618
3 -23 3 -24 -57956
-3 11 -3 21 -79370
-5 23 -3 24 -57448
10 18 10 16 -53700
22 -21 23 -17 -58828
-24 5 -23 7 -66236
-10 11 -19 11 -108362
-16 24 -21 23 -57594
5 -2 -12 0 -80686
24 5 23 3 -53722
-21 -6 -22 -2 -45114
-7 10 -7 12 -61758
24 -14 23 -15 -56568
-7 -7 -4 -8 -58968
-10 5 -11 6 -68036
-20 -16 -24 -16 -61918
13 -24 14 -23 -51518
-15 -17 -13 -17 -59590
-13 -23 -13 -24 -55210
24 1 22 0 -57012
-10 2 -9 6 -74382
-14 -8 -14 -7 -46210
-1 -10 -2 -10 -56622
22 8 24 7 -62138
4 20 3 9 -65620
21 1 22 0 -55112
-8 9 -6 9 -66520
0 21 -2 24 -71852
15 -8 17 -9 -56808
-8 -16 -10 -17 -59758
-15 -9 -16 -11 -56614
-7 24 -5 24 -53440
-16 -14 -17 -14 -55786
-12 -8 -11 -8 -51252
16 -16 15 -20 -64800
-14 23 -14 24 -46270
5 -1 5 -3 -59028
1 9 1 5 -61584
9 -13 11 -13 -59880
0 -20 -1 -24 -71498
-24 13 -24 1 -79208
7 -22 7 -21 -60714
11 -18 9 -19 -54988
-14 4 -15 0 -76226
-8 -12 -9 -11 -55264
-19 -12 -19 -11 -52630
11 -4 12 -3 -50848
24 -22 21 -22 -58574
-24 -18 -23 -20 -60156
24 -1 24 0 -47532
6 -11 5 -11 -60464
-14 22 -13 22 -69902
-24 6 -24 4 -56858
-13 23 -12 19 -73178
10 -3 9 0 -59180
17 -23 16 -22 -56360
-4 -4 -3 -5 -54554
-24 -9 -22 -9 -54714
-2 -18 -1 -20 -58524
10 13 13 12 -52706
19 7 19 8 -53928
19 17 20 16 -51802
-19 0 -14 18 -91016
-20 -23 -19 -22 -55470
16 22 0 21 -65234
-24 -1 -24 0 -50180
1 -9 0 -9 -57266
-24 14 -22 12 -53248
0 24 3 24 -47292
24 -16 23 -14 -50202
22 -10 20 -10 -63508
9 -17 9 -18 -53866
-2 12 -22 4 -96054
13 21 12 17 -62516
16 2 15 5 -56456
-19 22 -21 23 -57758
19 8 20 8 -52756
-1 20 0 18 -66936
21 12 22 13 -55250
-7 23 -10 -8 -78632
-8 -17 -10 -17 -59370
-16 4 0 5 -88496
-14 17 -14 18 -59888
-16 -24 -15 -24 -44218
-4 -16 -3 -17 -58088
-22 -23 -22 -19 -62662
-23 21 17 20 -71144
10 -24 9 -22 -56472
22 22 23 19 -59422
15 22 15 21 -63696
-6 -21 -9 -21 -61676
10 16 9 13 -54614
16 -23 15 -23 -55046
-8 15 -7 16 -65968
17 0 17 1 -58406
24 -21 2 -18 -62352
-11 18 -11 21 -68556
-12 5 -11 5 -69524
-13 9 -13 8 -70046
4 0 4 -2 -55046
24 4 23 4 -59324
-22 23 -21 24 -54972
6 -14 0 -17 -65984
9 7 10 6 -47360
15 0 14 0 -50380
1 2 2 0 -55042
-20 -9 -21 -12 -65082
15 -9 12 -8 -56810
19 24 19 20 -67774
-9 -11 -9 -13 -50708
-1 6 -2 2 -67198
-12 -16 -13 -17 -59620
23 -12 23 -13 -67664
-11 13 -12 12 -69206
20 -10 20 -9 -62612
-14 -6 -16 -6 -51312
-5 13 -21 12 -104732
-14 9 -14 7 -72508
-5 -24 -2 -23 -56418
-11 23 -9 21 -68456
23 23 24 24 -45388
-17 4 -14 5 -72670
7 -20 10 -20 -55204
-24 2 -23 3 -65982
20 -24 23 -22 -64890
9 -5 6 -7 -51846
-17 6 -18 24 -83420
-4 -2 -4 3 -61300
5 5 3 6 -51308
-15 21 -18 21 -70812
-21 24 -24 22 -57120
-23 -16 -23 -15 -48498
-12 2 -12 1 -73258
-15 -17 -11 -19 -65816
-24 2 -23 1 -63904
-22 -5 -24 -10 -61870
7 -7 7 -5 -45898
24 -4 24 -7 -59782
-12 7 -14 6 -74140
-18 15 -17 16 -83780
23 -23 23 -22 -62630
16 6 17 8 -59162
13 -11 16 -4 -66662
9 24 9 23 -56086
16 -11 14 -12 -57418
21 -21 21 -23 -63164
3 21 3 19 -55098
-10 12 -8 13 -64028
-23 7 -6 8 -100626
-2 -22 -2 -24 -64274
14 11 12 7 -58510
-5 -11 -6 -13 -54406
12 -15 11 -15 -57434
19 1 19 5 -58894
18 -9 21 -7 -57666
-23 -22 -23 -24 -50878
10 -16 10 -15 -51348
4 -13 6 -11 -62216
6 -17 7 -19 -52898
-24 10 -24 12 -66684
-9 -5 -11 -2 -54880
6 8 6 7 -42880
-24 12 -23 10 -61706
-9 19 -7 19 -63236
8 -11 9 -12 -60482
22 24 23 23 -59896
11 -8 6 -9 -62448
-12 23 -14 22 -68634
-16 24 -18 6 -89908
-14 -3 -15 -5 -54386
-12 -5 -12 -6 -47644
-4 5 -6 1 -62312
3 9 1 10 -62980
1 -16 0 -17 -54582
-7 24 -7 23 -52888
21 -24 22 -22 -65268
-12 -5 -13 -3 -53240
2 16 6 17 -52844
-12 -23 -13 -24 -46406
-5 1 -4 -3 -59160
-6 -19 -3 -16 -66892
-2 -18 -5 -19 -65264
20 -5 21 -6 -63408
17 -12 15 -10 -64142
19 24 20 23 -58998
-10 -20 -11 -22 -63808
3 -18 2 -18 -64316
14 16 14 19 -57152
-7 -16 -7 -19 -59308
24 -18 21 -18 -62116
1 17 1 15 -59336
-14 14 -13 14 -83972
-7 -5 -8 -5 -51178
23 13 24 11 -41534
6 24 3 23 -58498
-19 10 -17 9 -74176
-5 -23 -5 -20 -65688
-7 -23 -8 -24 -58224
-23 7 -23 9 -73178
-10 -19 -10 -20 -67720
-17 -20 -18 -21 -64202
24 6 22 6 -66570
24 7 24 8 -50786
20 -24 19 -23 -55644
6 15 7 15 -49846
8 4 9 4 -46222
2 -17 3 -18 -65504
0 7 0 13 -53320
-24 21 -21 20 -54046
-23 18 -23 17 -51296
24 -6 23 -6 -47612
23 -4 22 -8 -59484
19 -14 17 -14 -50436
-13 -7 -11 -6 -57012
7 0 7 -3 -60112
2 -3 0 -4 -48914
-21 0 -19 -2 -58534
-16 16 -15 17 -85660
23 -24 22 -23 -54524
-13 11 -17 11 -96802
6 12 -22 12 -105370
-24 0 -22 -24 -56888
19 22 17 21 -54524
23 -7 24 -9 -63004
8 -24 10 -24 -45700
-5 -8 -4 -13 -58274
2 14 1 13 -53610
24 -24 23 -20 -57316
-23 -10 -22 -12 -56130
2 7 0 6 -57544
-24 -3 -21 -2 -59078
-16 24 -14 22 -66696
-9 7 -9 1 -76992
9 9 7 7 -44392
-16 -9 -13 -6 -62306
17 0 15 0 -49860
-24 -15 -24 -14 -43140
5 -6 8 -8 -62646
-24 15 -24 14 -51588
-1 3 -2 3 -72562
6 -16 4 -15 -62760
-19 14 -23 8 -81454
13 -24 14 -24 -48556
-20 -23 -18 -24 -47356
7 -23 9 -21 -55918
-23 -3 -24 -7 -52238
-2 14 -3 14 -61518
3 -24 5 -23 -48250
-4 4 -3 3 -73224
-2 21 -2 22 -64192
8 23 7 24 -53174
-22 9 -24 8 -65842
