-17 -13 -13 -15 -79854
3 23 5 24 -55498
-12 23 -11 24 -63914
24 12 24 9 -61784
0 -24 2 -24 -55916
20 -18 20 -19 -52744
17 -11 17 -16 -54956
24 -10 21 -9 -59202
8 19 9 22 -59652
-2 -2 15 -4 -79918
-24 -21 -20 -19 -71536
-8 24 -7 24 -47968
-3 -8 -6 -10 -78946
1 -18 0 -15 -53472
-21 -4 -18 -2 -53194
-10 17 -11 14 -49290
-2 -8 -2 -11 -75880
-15 21 -16 22 -59390
17 8 18 10 -63980
-7 24 -7 23 -69094
8 10 8 20 -74096
12 -22 -20 15 -88620
15 10 14 7 -63990
-21 -14 -20 -14 -59336
-23 -13 -24 -14 -51080
6 23 6 22 -60114
0 -9 0 -11 -72670
12 -20 11 -17 -60012
1 -1 1 1 -53582
1 9 1 7 -60818
24 19 24 18 -39360
-23 13 -24 12 -48122
9 23 7 24 -55274
17 -9 18 -8 -65468
-9 -9 -8 -6 -65006
15 8 13 7 -59912
17 23 14 21 -53004
-7 -24 -5 -23 -61174
-24 -2 -23 -5 -58538
-21 16 -23 17 -57206
24 -5 24 -2 -49138
-23 0 -23 1 -49524
24 18 23 24 -54064
-20 0 -17 -6 -75418
0 -15 0 -11 -61860
4 16 6 -4 -80528
4 23 2 21 -69198
-23 -18 -24 -17 -61192
0 9 -1 9 -59166
15 -9 15 -6 -64394
-22 -18 -22 -21 -68310
-13 24 -16 24 -50994
15 11 14 13 -61334
10 -23 10 -24 -50246
9 14 7 11 -53064
19 5 17 3 -55434
3 -14 4 -13 -63864
23 24 24 24 -48246
-24 -8 -23 -9 -56980
-8 9 -15 10 -79282
-19 -4 -20 -10 -62590
-17 -8 -18 -9 -54812
20 24 19 23 -53052
0 24 1 23 -51832
-3 3 0 4 -60788
12 15 12 16 -54716
-23 21 -23 22 -57582
21 22 19 22 -69074
-15 23 -14 11 -57446
-3 16 -5 17 -65554
-14 -23 -14 -22 -64748
-19 13 -5 13 -84924
5 1 7 1 -55702
-5 -24 -8 -21 -62430
-2 9 -2 10 -58432
-1 -4 1 -6 -54298
1 23 1 24 -55630
-7 -23 -7 -24 -49420
-19 17 -19 21 -52492
-12 21 -12 24 -63376
-8 -13 -18 3 -90574
-19 -13 -18 -13 -56930
24 -17 21 -16 -57840
-9 11 -10 11 -68544
-21 24 -24 24 -55414
-1 12 -2 12 -60200
6 -24 6 -23 -50716
-12 -20 -10 -21 -61604
3 6 3 11 -64882
-12 13 -20 20 -59310
-22 -23 -19 -22 -60318
15 -7 16 -7 -69442
-23 -12 -22 -8 -49696
16 -24 19 -23 -54524
-14 -23 -14 -24 -61224
13 -2 13 -3 -64304
21 -3 19 -3 -55144
24 20 22 18 -61806
14 -10 13 -12 -55804
16 24 18 23 -61900
11 22 13 24 -52162
17 12 17 11 -63506
19 22 18 21 -57700
0 23 -2 21 -68224
23 24 22 21 -51274
-2 -23 -3 -22 -67116
8 -15 8 -12 -62280
7 23 8 24 -53298
5 -9 4 -10 -63124
-23 18 -24 19 -52522
-14 -7 -13 -10 -57970
12 24 13 23 -58510
14 -20 15 -24 -59106
-5 -24 -6 -24 -57100
24 15 24 14 -43910
-23 23 -23 24 -37502
-23 10 -23 6 -54260
18 14 19 10 -73286
11 -8 11 -9 -56196
-16 -15 -16 -16 -53196
20 24 22 24 -64602
18 -15 17 -18 -60464
4 -14 5 -11 -67332
-8 12 -5 13 -61646
-24 -13 -24 -10 -46286
3 -7 -1 -8 -75902
15 -24 16 -23 -51202
-14 -22 -12 -23 -56512
-20 -21 -20 -22 -67626
-23 -21 -23 -24 -60450
24 -14 24 -12 -46550
21 7 20 5 -63984
-16 -17 -18 -19 -56598
22 -24 21 -23 -60312
-23 3 3 0 -81116
1 -24 -2 -23 -59830
23 13 24 13 -59094
-17 6 -16 7 -59170
12 -4 11 0 -65300
-5 13 -4 13 -57068
-23 -21 -21 -19 -70018
-12 13 -11 13 -68846
-12 24 -14 23 -60448
-1 -18 -16 10 -93186
-7 -2 -7 -9 -61300
-3 1 0 -13 -79594
-24 -18 -23 -19 -64776
-7 18 -5 17 -67992
24 24 24 -23 -59162
19 8 21 7 -67456
15 12 20 8 -75084
-6 22 -4 22 -60550
-3 24 -2 24 -53114
19 11 20 8 -78738
-12 -7 -11 -7 -69824
-17 -3 10 -4 -101340
13 0 13 1 -51314
-6 24 -5 22 -62334
-6 -1 -6 0 -67010
-12 -14 -12 -16 -56744
24 7 24 5 -41876
-20 -4 -19 -7 -66346
-1 23 0 24 -61198
-24 -2 -24 0 -51092
11 5 10 4 -51946
-18 21 -18 24 -62616
2 18 3 20 -67792
5 8 5 17 -66130
-10 11 -12 9 -67190
15 19 12 22 -67778
2 -23 3 -23 -55102
19 -20 18 -19 -57450
17 -7 17 7 -61956
-23 -20 -22 -20 -60444
15 -17 15 -16 -58192
19 -7 -24 17 -75178
-16 9 -14 9 -59606
-2 1 -3 -2 -66596
3 7 0 8 -59268
9 20 10 19 -57614
-5 -21 -1 -23 -69832
17 19 19 17 -63854
13 -4 13 -6 -57638
0 3 1 3 -63356
-16 2 23 24 -69372
20 16 7 18 -67602
0 -24 -24 -24 -56952
-24 22 -11 21 -61758
-21 -23 -22 -22 -58534
-20 0 -17 23 -73066
1 -11 0 -7 -75476
3 -1 4 -1 -52854
-14 0 -23 -2 -59704
5 24 8 24 -45092
-23 19 -23 21 -50424
10 -4 10 -3 -59622
0 -24 0 -22 -59362
-21 -1 -20 -24 -68054
23 -2 24 0 -54482
7 18 7 17 -66790
-23 -6 -24 -7 -47530
1 -20 1 -19 -54962
22 21 24 22 -63766
-3 0 -1 2 -59600
-18 14 -16 0 -72392
-12 20 -14 19 -58854
-24 20 -22 23 -61130
22 -9 24 -12 -55014
-14 -10 -14 -11 -54688
6 -11 8 -9 -59574
24 -1 23 1 -55136
0 16 2 14 -55272
1 -23 0 -24 -51938
-16 13 -16 14 -47042
24 -18 24 -16 -40222
23 19 21 20 -66162
20 -23 21 -23 -56102
9 -3 10 -3 -56048
-23 3 -24 4 -43842
17 -10 17 -8 -65512
19 -22 17 -23 -55788
13 -22 13 -20 -57906
-11 24 -10 24 -47970
10 24 9 22 -58866
-8 12 -9 10 -59864
13 11 12 13 -53918
-3 18 0 19 -62032
-15 -20 -16 -18 -63090
-3 18 -3 19 -52106
24 2 24 0 -49730
-18 -14 -14 -15 -79950
-21 6 -22 5 -62376
-7 19 -8 20 -60018
13 -23 12 -22 -52870
-9 3 -8 3 -61514
-7 -23 17 -24 -60550
22 22 21 24 -61774
-20 -24 -21 -23 -54384
23 17 22 15 -55782
12 -12 13 -15 -62560
-3 -13 -4 -16 -61556
-15 -5 6 -18 -91036
-1 9 -20 -19 -81794
-21 -18 -21 -16 -59206
11 -15 3 5 -87090
0 15 -2 21 -66796
-20 -24 18 -23 -62212
5 -20 5 -18 -58324
-5 -9 -6 -10 -76944
-14 -9 -15 -13 -56926
24 -4 23 -3 -55298
24 -11 24 -12 -44330
9 13 8 18 -68504
-10 -1 -9 -1 -61902
-1 4 0 -11 -75160
24 -7 24 -6 -51836
24 -12 23 -13 -52894
10 1 12 1 -52684
-17 2 -13 2 -65388
3 -15 -17 -17 -89270
3 -23 3 -24 -50358
-16 23 -16 24 -60038
-5 23 -3 24 -59684
-24 23 -23 4 -56266
22 -21 23 -17 -49640
-24 5 -23 7 -55598
-19 24 -18 23 -47220
-19 8 -20 9 -42974
17 24 18 23 -63318
24 5 23 3 -50932
22 18 -12 18 -67136
-23 20 -22 23 -64880
24 -14 23 -15 -49196
-4 -2 -4 1 -69216
-10 0 -10 -2 -53954
-20 -16 -24 -16 -69958
13 -24 14 -23 -49972
-15 -17 -13 -17 -72620
-13 -23 -13 -24 -61592
24 1 22 0 -56924
21 13 23 13 -67308
3 -17 -24 -11 -78186
-1 -10 -2 -10 -67100
-12 2 24 0 -70286
22 15 24 16 -64906
21 1 22 0 -57386
6 -4 8 -7 -65158
0 -22 8 16 -81144
15 -8 17 -9 -69052
-8 -16 -10 -17 -63312
-4 5 6 2 -77386
14 -2 20 -2 -64070
-16 -14 -17 -14 -68492
-12 -8 -11 -8 -69776
16 -16 15 -20 -63016
-14 23 -14 24 -61344
-23 -8 -22 -10 -58308
3 11 14 -3 -81548
9 -13 11 -13 -56042
-21 24 -22 24 -53014
-9 21 2 1 -84054
7 -22 7 -21 -56562
11 -18 9 -19 -54136
-23 13 -22 13 -51094
1 7 0 5 -50940
-13 13 -14 11 -56166
14 17 12 14 -56294
24 -22 21 -22 -55156
-24 -18 -23 -20 -64732
24 -1 24 0 -55206
-13 0 -13 2 -50422
14 0 15 0 -58798
-24 6 -24 4 -42050
-13 1 -16 -1 -59198
-3 -21 -3 -20 -58442
17 -23 16 -22 -53286
-23 -15 -23 -11 -54050
-24 -9 -22 -9 -50192
9 -6 8 -6 -55596
-6 11 -8 7 -59534
19 7 19 8 -62634
-4 -8 -3 -7 -74704
12 10 15 11 -56038
-20 -23 -19 -22 -61072
17 8 16 10 -71496
8 0 9 1 -52558
1 -9 0 -9 -70810
10 -5 12 -11 -68184
0 24 3 24 -53258
24 -16 23 -14 -43824
22 -10 20 -10 -58606
9 -17 9 -18 -59666
-21 -1 -21 0 -57728
2 4 8 10 -70366
15 23 13 24 -63076
7 -10 9 -13 -72008
19 8 20 8 -61972
-17 18 -16 18 -55566
6 0 5 -4 -49624
22 11 24 12 -59118
-8 -17 -10 -17 -63760
-1 12 0 18 -62412
13 24 9 24 -49030
-16 -24 -15 -24 -44058
-4 -16 -3 -17 -60686
-22 -23 -22 -19 -73220
-10 -21 -9 -14 -66476
10 -24 9 -22 -54262
22 22 23 19 -58436
-2 10 -3 11 -55834
-6 -21 -9 -21 -63784
4 19 20 -8 -86052
16 -23 15 -23 -47692
2 -24 -5 -24 -61058
-23 16 -21 17 -50944
2 -5 3 -6 -66804
-8 -17 -5 -10 -73868
-2 -1 -5 -1 -53422
1 -16 -3 -17 -67160
17 17 21 15 -64780
24 4 23 4 -53842
-23 9 -23 14 -45276
16 0 21 -2 -63246
0 9 0 12 -62070
12 -4 13 0 -68090
14 3 13 3 -58936
-14 -24 3 -11 -84288
15 -9 12 -8 -63982
15 -6 14 -7 -66918
-9 -11 -9 -13 -53116
21 10 21 17 -61962
-12 -16 -13 -17 -64020
-18 13 -21 0 -79856
21 12 -22 5 -70374
20 -10 20 -9 -58570
-7 -2 -7 -1 -63262
5 2 5 1 -50896
3 -10 4 -10 -66042
-7 13 -7 12 -47770
-2 23 -2 24 -58278
23 23 24 24 -45202
10 5 10 1 -61888
7 -20 10 -20 -59000
-24 2 -23 3 -41528
20 -24 23 -22 -57004
10 -6 -15 -20 -90492
2 21 3 18 -68178
21 -5 21 -6 -54724
5 5 3 6 -52560
-7 4 -7 5 -37294
-10 -21 -12 -23 -68560
-23 -16 -23 -15 -54598
7 20 7 17 -70162
-15 -17 -11 -19 -80342
-24 2 -23 1 -43154
24 7 24 -21 -56262
-16 8 -14 7 -60796
24 -4 24 -7 -54426
-15 3 -15 5 -53334
-2 -6 0 -6 -70068
23 -23 23 -22 -53734
12 4 13 8 -56784
-9 13 -10 15 -55794
9 24 9 23 -52324
16 -11 14 -12 -59080
21 -21 21 -23 -57644
3 21 3 19 -71152
-10 22 -9 24 -64924
-6 -11 -6 -7 -66736
-2 -22 -2 -24 -60076
-4 -6 -3 -6 -61310
-5 -11 -6 -13 -71736
12 -15 11 -15 -50732
-2 15 -2 13 -55568
-17 -2 -17 -1 -54558
-23 -22 -23 -24 -53614
10 -16 10 -15 -59628
-19 -4 9 -4 -101152
6 -17 7 -19 -64304
-6 -15 -5 -16 -61514
-1 20 -2 22 -62778
9 16 -19 15 -76638
-11 0 -8 2 -66288
-8 22 -6 -12 -76418
8 -11 9 -12 -70232
22 24 23 23 -62928
-12 4 -12 7 -44546
-10 5 -11 5 -61676
-15 8 0 15 -90354
-14 -3 -15 -5 -54040
-12 -5 -12 -6 -47908
-23 22 -24 22 -51636
0 -5 0 -20 -78092
1 -16 0 -17 -59748
-7 24 -7 23 -69094
21 -24 22 -22 -54018
-21 7 -20 9 -66460
19 -12 20 -11 -64162
-12 -23 -13 -24 -56038
18 15 19 16 -52858
-18 21 -16 21 -55656
-11 16 -12 20 -46002
20 -5 21 -6 -63986
17 -12 15 -10 -62228
19 24 20 23 -64234
-10 -20 -11 -22 -67172
3 -18 2 -18 -61266
14 16 14 19 -49174
-7 -16 -7 -19 -55894
24 -18 21 -18 -58190
7 -6 -19 -10 -97662
-8 20 -9 20 -58666
-7 -5 -8 -5 -56050
23 13 24 11 -59362
19 4 22 5 -68440
9 -19 7 -18 -60122
-5 -23 -5 -20 -63488
-7 -23 -8 -24 -60422
4 24 2 24 -52146
-10 -19 -10 -20 -56342
-17 -20 -18 -21 -60600
24 6 22 6 -57346
24 7 24 8 -46052
20 -24 19 -23 -55210
6 15 7 15 -44338
-24 -2 -24 -6 -58424
2 -17 3 -18 -63242
0 3 0 4 -36492
-24 21 -21 20 -64598
-2 12 0 14 -64694
24 -6 23 -6 -43522
17 24 11 23 -57734
19 -14 17 -14 -50980
-15 8 -14 10 -51348
-24 9 -23 8 -42070
2 -3 0 -4 -57826
-23 16 -23 14 -43166
-19 -2 -20 -1 -64064
23 -24 22 -23 -53094
-11 -8 -12 -9 -61908
-12 -18 -8 5 -81458
14 5 15 4 -61330
2 23 -14 17 -81042
23 -7 24 -9 -56560
8 -24 10 -24 -43890
-19 23 -18 24 -44852
2 14 1 13 -56258
24 -24 23 -20 -52358
3 10 4 10 -52870
-19 4 -15 4 -61390
-24 -3 -21 -2 -48160
23 12 23 9 -68248
-11 23 -10 22 -53118
9 9 7 7 -54358
-12 -14 -10 -17 -68406
-14 -16 -13 -17 -75804
-24 -15 -24 -14 -50430
-21 -8 -24 -5 -67658
-24 15 -24 14 -42292
8 0 7 3 -61618
6 -16 4 -15 -58790
4 -9 2 -8 -71186
13 -24 14 -24 -42898
-20 -23 -18 -24 -51072
7 -23 9 -21 -56998
-23 -3 -24 -7 -58978
10 6 11 1 -64540
3 -24 5 -23 -47406
-16 4 -15 0 -57954
-5 2 2 0 -68932
8 23 7 24 -55868
-22 9 -24 8 -54854
