-4 23 -2 24 -49977
3 23 5 24 -58295
-9 11 -9 12 -47251
24 12 24 9 -41633
0 -24 2 -24 -68685
20 -18 20 -19 -53137
-23 0 -22 -1 -67277
24 -10 21 -9 -63709
24 -2 24 0 -59315
10 -9 12 -7 -60581
-14 -1 -14 0 -68561
-13 -17 -12 -6 -88993
-11 13 -11 18 -66783
-5 8 -6 7 -51789
3 -16 1 -14 -65053
7 -18 8 -16 -68625
24 21 22 21 -65189
-15 7 -15 5 -62315
23 -24 23 -22 -46779
-23 19 -24 18 -62567
-6 -12 -6 -11 -78109
-24 20 -23 18 -59949
4 -24 2 -22 -53567
-14 -6 -15 -8 -75767
-23 -13 -24 -14 -55199
-9 -1 -9 -22 -94943
4 -22 6 -19 -66945
12 -20 11 -17 -62013
23 -19 22 -21 -60671
-9 7 -10 7 -48593
24 19 24 18 -47117
-23 13 -24 12 -55409
-4 23 -7 24 -38633
-10 8 -12 9 -52185
-18 20 -17 21 -59103
-13 -10 -12 -12 -63605
17 23 14 21 -57565
-16 -4 -15 -7 -66979
-13 -19 -13 -18 -58585
0 -21 -2 -22 -73375
24 -5 24 -2 -58219
2 13 3 12 -53797
24 18 23 24 -60191
-2 -15 -3 -14 -59429
-16 6 -17 6 -70285
-23 23 -23 21 -57465
8 -13 -24 -8 -73667
0 2 0 3 -50915
-2 -2 -2 -3 -57303
-16 8 -17 8 -69399
0 7 3 6 -61141
15 15 17 14 -53749
-17 -4 -19 -8 -82153
10 -23 10 -24 -43525
6 -13 5 -6 -58879
19 5 17 3 -52521
9 -17 7 -17 -59239
23 24 24 24 -52583
-1 -15 0 -15 -61275
-20 -14 -21 -15 -64593
24 -23 23 -21 -59265
-15 22 -15 24 -53129
20 24 19 23 -54681
0 24 1 23 -51105
0 -15 -1 -19 -58657
-21 -14 -23 -16 -69217
-24 5 -23 5 -51391
11 -6 7 -3 -56481
-2 -3 -1 -7 -51445
-18 -1 -21 0 -77763
7 4 11 2 -59673
2 18 1 17 -51467
-21 24 -19 24 -58519
-6 10 -8 9 -50611
3 1 2 0 -61353
-5 -10 -6 -13 -86065
1 23 1 24 -58655
-7 -23 -7 -24 -64311
-22 -17 -22 -20 -47965
0 -17 -2 -18 -68505
-10 -13 -10 -20 -72321
-21 10 -21 9 -55525
-10 6 -21 -1 -80321
1 13 0 12 -58187
24 14 14 12 -62299
-15 19 -15 16 -58007
6 -24 6 -23 -53481
2 8 0 9 -60433
6 -1 6 -3 -63705
0 12 -1 14 -54203
9 -19 9 -8 -62061
13 12 12 12 -60451
16 -21 18 -20 -58963
16 -24 19 -23 -52973
-12 10 -12 7 -56885
17 -15 14 -16 -61437
21 -3 19 -3 -55429
24 20 22 18 -62031
12 0 11 -1 -60243
0 -10 0 -8 -57039
11 22 13 24 -59839
-24 0 -24 23 -60743
19 22 18 21 -62973
17 8 17 12 -49739
23 24 22 21 -54565
-5 -9 -6 -11 -79725
14 -10 10 -10 -65229
7 23 8 24 -53271
-23 -4 -23 -3 -67021
-1 -10 -1 -13 -77773
-16 -15 -16 -13 -57057
12 24 13 23 -56993
13 -17 14 -21 -61665
-5 -24 -6 -24 -42749
24 15 24 14 -42627
-23 23 -23 24 -44859
7 -4 5 -6 -57229
11 -3 10 -4 -62255
14 1 14 2 -57979
-18 8 -17 6 -69761
-24 -9 -17 -7 -70803
-19 11 -22 12 -52699
-20 -21 -21 13 -75183
-5 13 -8 -13 -81207
-24 -13 -24 -10 -46825
-12 -7 -12 -8 -68927
15 -24 16 -23 -51323
-16 -3 -8 -1 -72331
0 1 -24 -1 -63993
-23 -21 -23 -24 -51189
24 -14 24 -12 -47783
0 11 0 10 -44663
0 -17 -1 -13 -63479
-22 24 -21 23 -54395
15 5 16 4 -58455
-13 -3 -12 0 -75709
23 13 24 13 -46737
-17 13 -16 14 -57205
5 -15 5 -12 -60395
12 8 13 8 -59435
11 24 8 24 -61463
-9 -24 7 -24 -69395
-1 -23 -2 -24 -63687
0 7 0 6 -58899
-15 -21 -16 -21 -68355
-2 14 0 14 -57079
-23 -18 -24 -19 -50363
0 -2 -1 0 -62771
4 24 0 23 -58427
7 -11 6 -12 -51983
-3 -10 -5 -8 -66903
-24 12 -22 12 -60863
-3 24 -2 24 -47195
-22 -3 -21 -6 -81587
1 10 0 9 -59235
-20 -8 0 -11 -77309
13 0 13 1 -63549
-6 24 -5 22 -50321
15 -10 14 -12 -52081
24 -20 24 -19 -51177
-24 16 -23 18 -61259
-18 -12 -15 -11 -56543
-1 23 0 24 -50943
-24 -2 -24 0 -47989
-10 11 -11 9 -52727
-23 -9 -15 11 -85857
13 12 13 16 -53015
-2 0 -3 0 -53291
8 5 6 6 -63951
19 5 19 3 -47231
5 -10 -7 -2 -82649
19 -20 18 -19 -52835
9 14 9 16 -53099
-23 -20 -22 -20 -52871
20 0 21 -24 -58011
-13 21 23 21 -56101
0 19 -1 21 -52415
-12 -22 -16 -21 -62559
14 21 -22 19 -61607
6 5 7 6 -55843
-23 -17 -24 -15 -43733
17 -8 17 -7 -46001
13 -4 13 -6 -50085
-17 -4 -19 -5 -74251
-4 -11 -10 -10 -73791
6 -24 -16 -20 -67385
20 6 17 6 -64203
12 9 18 7 -63947
20 -13 19 -16 -56231
-23 -24 -24 -24 -33517
-9 18 -9 20 -53157
0 -23 0 -22 -65229
9 -22 7 -21 -53981
-19 -8 -19 -9 -66287
-23 19 -23 21 -57937
18 -6 20 -4 -59559
18 6 17 8 -63581
-11 -18 -10 -14 -67951
2 -21 0 -20 -63669
-11 13 -10 17 -63117
-23 -6 -24 -7 -61085
10 9 8 9 -53381
22 21 24 22 -65305
-13 -5 -14 -4 -59057
-23 -24 -24 -23 -45379
-12 16 -10 15 -52417
1 23 1 24 -58655
22 -9 24 -12 -52551
-14 -10 -14 -11 -64777
-20 -4 -21 -15 -82311
24 -1 23 1 -62305
0 -9 -1 -8 -61593
-11 -5 -7 -1 -69399
-17 17 -18 18 -62235
24 -18 24 -16 -44691
23 19 21 20 -67493
20 -23 21 -23 -55855
-7 10 -5 9 -50687
8 18 7 18 -56749
5 4 5 3 -59467
3 11 2 10 -57329
-12 -21 -11 -19 -63927
-11 24 -10 24 -42711
10 24 9 22 -59085
-8 24 -8 23 -57363
13 11 12 13 -46121
-22 11 -23 8 -58897
-23 -14 -21 -15 -54555
0 -24 23 -21 -57817
24 2 24 0 -50221
-4 -3 -1 -3 -63837
0 -20 7 -17 -78407
-3 16 -1 17 -52905
13 -23 12 -22 -53861
22 -7 21 -8 -62227
2 -11 4 -12 -64543
22 22 21 24 -63837
-20 -24 -21 -23 -50707
23 17 22 15 -56651
-4 -4 -4 -1 -65093
23 -24 22 -23 -69311
-9 -1 -13 -20 -103461
-6 -1 -6 -2 -60331
22 17 24 13 -51727
9 -2 10 -1 -62389
-14 23 -15 23 -55197
5 20 4 22 -54125
-5 -10 -6 2 -75193
16 -8 15 -8 -62497
-24 23 -23 24 -47427
24 -4 23 -3 -56095
24 -11 24 -12 -46043
17 -7 16 -7 -59967
-16 7 -16 8 -65765
-22 -6 -21 -14 -72707
24 -7 24 -6 -57073
24 -12 23 -13 -58401
-13 -17 -13 -17 -237829
-4 -17 -6 -19 -68169
18 -14 15 -13 -55149
3 -23 3 -24 -59189
-15 6 -14 0 -62987
-6 22 -5 23 -46629
-1 13 -1 18 -56239
-20 -21 -10 -20 -73501
-24 5 -23 7 -52553
-19 24 -18 23 -57049
-8 16 -9 -17 -87263
17 24 18 23 -52211
24 8 23 3 -56567
9 -23 8 -24 -58643
11 15 10 15 -54765
24 -14 23 -15 -55239
-6 -21 -8 -18 -59257
-1 -23 -1 -24 -60571
15 -1 15 0 -57007
13 -24 14 -23 -50551
-22 -9 -22 -10 -60283
-13 -23 -13 -24 -64299
0 -17 0 -8 -81145
24 9 -21 -12 -63753
7 -2 7 -3 -63343
8 -2 8 0 -61807
-20 20 -19 17 -65257
-6 -21 -6 -20 -65457
21 1 22 0 -58499
-24 -19 21 -11 -63325
-17 -24 -17 -23 -50341
24 -16 22 -24 -65815
24 3 23 5 -49837
4 -22 3 -24 -67573
-12 22 -13 24 -55727
-6 -8 -4 -7 -61883
-2 22 1 21 -56407
-23 1 -24 1 -60033
-21 24 23 24 -50581
13 23 13 24 -50607
-24 16 -24 20 -61071
1 6 0 6 -61517
7 3 7 4 -58661
6 24 7 24 -50229
-9 -1 -6 -3 -59893
-13 -3 -9 -1 -70627
-6 -11 -5 -11 -66847
20 -2 22 24 -62151
-11 19 -9 17 -57267
-2 -4 -1 -4 -58159
24 -22 21 -22 -62653
-16 -24 -15 -24 -55567
24 -1 24 0 -60335
-13 -10 -16 -6 -68799
-9 24 -11 23 -46527
-24 6 -24 4 -44189
-1 20 -23 20 -54759
16 -14 17 -17 -53015
17 -23 16 -22 -50943
-8 -18 -9 -20 -67055
-24 -9 -22 -9 -56365
-16 -1 -17 -4 -73237
-13 8 -13 8 -237829
19 7 19 8 -59341
-22 -24 24 -22 -50389
12 10 15 11 -58985
-20 -23 -19 -22 -53597
-16 8 -13 8 -65191
-23 -4 -24 -5 -66457
20 -10 17 -5 -58149
0 7 0 10 -51635
10 -15 14 -13 -65041
24 -16 23 -14 -42655
22 -10 20 -10 -62591
9 -17 9 -18 -61441
15 18 14 15 -60479
-12 -2 -12 0 -69825
-7 -23 -6 -24 -55517
-17 -3 -20 -2 -76751
18 22 19 20 -63803
3 -12 1 -15 -64013
-4 13 -6 15 -52733
22 11 24 12 -51309
-9 -23 -9 -24 -63485
15 -12 14 -16 -55405
13 24 9 24 -61897
-20 -16 -22 -16 -62133
-24 4 -24 2 -41865
-11 -3 -1 -5 -76165
-23 -4 -22 -2 -71697
-9 -24 -10 -24 -37569
22 22 23 19 -66657
-14 24 -15 23 -51217
-17 23 -15 23 -54453
9 -6 9 -4 -58389
16 -23 15 -23 -54367
16 0 17 0 -61947
-16 -21 -20 -24 -61705
8 -15 10 -17 -55469
2 14 3 20 -58705
-24 11 -24 12 -48145
-13 -20 -13 -21 -59181
17 17 21 15 -62613
24 4 23 4 -43549
-18 -4 -21 0 -80209
16 5 21 5 -68961
-2 16 0 14 -61169
-2 -18 -5 -20 -71923
-1 3 -2 6 -54239
21 24 19 24 -54621
15 -9 12 -8 -60713
-16 5 -12 9 -66271
-16 -19 -17 -20 -62265
-4 -14 -12 -14 -74789
-11 1 -11 4 -58439
-22 -20 -22 -21 -50665
9 -1 -8 -24 -78619
20 -10 20 -9 -48843
-12 18 -14 -6 -77669
10 8 9 -3 -72971
-10 -3 -11 -2 -57331
0 5 -2 4 -53971
-20 -7 -14 2 -92379
23 23 24 24 -46805
8 3 10 0 -59289
-3 -20 0 -24 -63611
-24 2 -23 3 -58463
20 -24 23 -22 -56379
-5 -22 -5 -23 -68149
18 18 19 19 -64363
-10 17 -10 12 -64499
-14 -14 -14 -17 -62457
9 15 7 -6 -69621
-12 -24 -13 -23 -48403
-23 -16 -23 -15 -46005
7 20 7 17 -51385
11 -24 10 -23 -48093
24 14 24 0 -64827
7 -17 5 -20 -69971
-17 10 -15 16 -59381
24 -4 24 -7 -61837
-12 23 -12 24 -55951
18 18 18 19 -59705
-13 18 -14 19 -58497
-16 -1 -18 -1 -68181
8 -22 10 -21 -62689
9 24 9 23 -51159
-17 2 -18 4 -62045
-19 18 -16 19 -61019
-18 -16 -17 -16 -60059
-12 -6 -14 -8 -69353
-23 -5 -23 -6 -69531
-7 -14 -10 -14 -63413
-5 -17 -21 19 -86787
-7 4 -7 5 -45075
12 -15 11 -15 -57347
-14 -15 -9 -15 -54809
-22 23 -21 23 -59963
-23 -22 -23 -24 -48087
7 5 5 6 -60655
10 -17 10 -15 -60583
1 -24 0 -24 -68785
24 -21 22 -20 -63227
-8 -8 -8 -7 -60621
-1 -2 0 3 -55993
-21 -1 -20 0 -65223
24 6 24 8 -62203
11 14 10 17 -61351
22 24 23 23 -63485
13 -5 12 -4 -53829
7 -13 6 -12 -57295
23 -8 24 -8 -58055
16 1 20 0 -66891
1 -1 0 -1 -53513
-23 22 -24 22 -54417
-24 13 -23 12 -58109
13 18 12 19 -60339
3 -1 5 0 -63759
21 -24 22 -22 -51921
-13 10 -14 11 -59017
19 -12 20 -11 -55297
-12 -23 -13 -24 -52141
18 15 19 16 -62689
-15 -22 -14 1 -94691
10 6 12 9 -45533
24 -9 24 -8 -48159
-9 24 -9 22 -62831
19 24 20 23 -61151
-24 -16 -24 8 -66849
-16 -24 -11 0 -96485
14 16 14 19 -60127
-21 21 -19 20 -65301
24 -18 21 -18 -56055
2 15 2 16 -54149
-19 7 -18 8 -61729
-21 16 -21 18 -62819
23 13 24 11 -42657
10 22 8 23 -65509
7 22 2 20 -63479
-4 20 -4 22 -48835
-7 -23 -8 -24 -50201
4 24 2 24 -54919
17 2 15 -1 -61039
7 -8 7 -5 -56827
24 6 22 6 -47165
24 7 24 8 -60429
20 -24 19 -23 -52371
6 15 7 15 -50297
12 0 14 0 -52033
-8 -16 -8 -11 -68235
-20 11 -18 6 -65621
-23 -20 -24 -21 -46947
7 21 7 20 -50289
24 -6 23 -6 -52889
17 24 11 23 -53923
18 14 18 15 -51751
-23 -5 -22 -7 -76301
-24 9 -23 8 -51147
-23 11 -24 16 -58839
4 -13 1 -13 -63647
-3 -11 -3 -12 -79421
23 -24 22 -23 -69311
-2 -17 -2 -21 -62113
-24 15 -23 15 -62605
-9 5 -10 6 -53435
4 12 2 12 -55763
13 20 11 22 -62781
8 -24 10 -24 -52779
-19 23 -18 24 -52851
-3 -17 -2 -18 -61157
-12 24 -13 24 -49195
-9 -12 -7 -8 -80239
7 -14 6 -14 -58449
-24 -3 -21 -2 -71837
6 -7 9 -7 -54829
15 -21 15 -20 -47257
0 8 -1 6 -63397
-21 22 -21 23 -59235
-14 -23 -14 -24 -63525
24 -5 24 -4 -60445
5 -2 4 -2 -58323
-24 15 -24 14 -48031
-11 18 -11 19 -57859
-23 -6 -24 -5 -69409
5 -24 1 -24 -62813
13 -24 14 -24 -48319
-20 -23 -18 -24 -51185
5 1 3 3 -56507
-23 -2 -24 -1 -65135
-21 -18 -20 -20 -54717
3 -24 5 -23 -62583
16 9 16 8 -52613
-24 19 -23 19 -62191
8 23 7 24 -56201
-9 2 -9 1 -51973
