-4 23 -2 24 -71311
3 23 5 24 -76815
-9 11 -9 12 -48835
24 12 24 9 -43781
7 -1 8 12 -76427
20 -18 20 -19 -51063
-24 0 -4 0 -76207
24 -10 21 -9 -62709
24 -2 24 0 -65063
10 -9 12 -7 -56645
1 -14 1 -21 -52309
-15 5 -13 6 -65037
-24 21 -24 19 -71685
-5 8 -6 7 -56535
3 -16 1 -14 -63721
-1 20 -1 16 -63945
24 21 22 21 -65791
-3 -6 -3 -7 -57109
23 -24 23 -22 -46485
-23 19 -24 18 -71477
-13 4 -15 5 -72717
-24 20 -23 18 -65969
4 -24 2 -22 -47109
-15 -23 -17 -23 -56015
-10 -19 -5 -6 -71679
-9 -12 -10 -13 -56949
-15 22 -1 23 -77027
2 2 1 4 -59199
23 -19 22 -21 -57419
3 19 0 23 -84151
24 19 24 18 -48005
-23 13 -24 12 -64457
-4 23 -7 24 -63035
-5 -22 -6 -19 -70317
-18 12 -19 11 -61213
-21 14 -15 16 -67561
17 23 14 21 -58761
-19 -16 -17 -14 -64799
-13 -19 -13 -18 -54657
-22 -22 -23 -20 -58863
24 -5 24 -2 -63991
2 13 3 12 -55143
24 18 23 24 -61199
-11 0 -12 -3 -61829
4 9 7 13 -55767
-23 23 -23 21 -58633
-14 -17 -12 -15 -63449
-14 -9 -11 -8 -64603
-8 -21 -8 -22 -73549
-19 13 -12 7 -86311
-12 -24 -10 -21 -70831
15 15 17 14 -57811
-10 20 -7 19 -52431
10 -23 10 -24 -43201
5 20 4 21 -80287
19 5 17 3 -53379
9 0 3 1 -68031
23 24 24 24 -53127
-18 -21 -14 -24 -68075
0 0 -3 -17 -72273
24 -23 23 -21 -56303
8 -22 -10 24 -83369
20 24 19 23 -53691
0 24 1 23 -58441
-17 -8 -17 -9 -48439
13 3 13 3 -236797
-24 5 -23 5 -59157
0 2 -1 0 -60457
23 11 -7 -21 -80465
-16 0 -22 2 -68181
7 4 11 2 -55611
2 18 1 17 -52229
-21 24 -19 24 -51067
-10 3 -11 3 -69717
3 -19 0 -20 -53293
-1 -20 -2 -20 -43777
1 23 1 24 -70109
8 7 6 11 -53785
-22 -17 -22 -20 -49885
-9 -5 -9 -3 -54985
-2 -15 0 -17 -61033
-21 10 -21 9 -75113
-5 18 -3 18 -64865
3 -12 2 -11 -64989
24 14 14 12 -65339
-15 19 -15 16 -51391
6 -24 6 -23 -45811
-12 1 -11 1 -72141
21 -11 -1 2 -74201
0 12 -1 14 -59669
-23 -8 -24 -8 -49287
13 12 12 12 -67101
16 -21 18 -20 -53769
16 -24 19 -23 -50525
-2 -4 -1 0 -65547
17 -15 14 -16 -53661
21 -3 19 -3 -54675
24 20 22 18 -62877
12 0 11 -1 -61301
0 -10 0 -8 -45229
11 22 13 24 -60449
-22 3 -21 2 -61769
19 22 18 21 -62845
17 8 17 12 -54235
23 24 22 21 -54637
-12 -23 -12 -24 -68517
-3 23 5 -10 -89969
7 23 8 24 -59491
-17 20 -17 23 -45141
-23 -24 -22 -24 -44611
-16 -15 -16 -13 -64151
12 24 13 23 -59825
13 -17 14 -21 -53279
-5 -24 -6 -24 -35709
24 15 24 14 -44151
-23 23 -23 24 -41187
7 -4 5 -6 -62361
11 -3 10 -4 -60143
14 1 14 2 -53659
-19 -6 -20 -7 -60905
10 -9 8 -7 -47969
-14 -22 -18 -21 -65379
-4 -5 -3 -1 -65699
-19 -13 -21 -12 -56393
-24 -13 -24 -10 -52417
-12 -7 -12 -8 -45717
15 -24 16 -23 -53777
-3 24 0 9 -80227
-23 -22 -23 14 -67455
-23 -21 -23 -24 -53827
24 -14 24 -12 -46663
0 11 0 10 -47529
-12 -1 -10 0 -63201
-22 24 -21 23 -63241
15 5 16 4 -57005
-24 -10 -9 10 -76103
23 13 24 13 -53863
-17 13 -16 14 -66083
-10 -22 9 15 -85519
12 8 13 8 -62399
11 24 8 24 -63551
0 -1 -24 3 -77045
-22 -2 -17 4 -79471
-14 18 -17 17 -63765
-4 -13 -3 -12 -47663
-2 14 0 14 -55205
13 -22 12 -24 -49911
-23 7 -24 6 -57407
4 24 0 23 -69091
7 -11 6 -12 -43971
7 -18 7 -19 -48811
-24 12 -22 12 -68999
-3 24 -2 24 -60585
-19 -24 -21 -24 -50161
-24 9 -22 10 -64131
3 19 -14 -19 -89245
13 0 13 1 -56345
-6 24 -5 22 -56449
15 -10 14 -12 -46893
24 -20 24 -19 -50841
-24 16 -23 18 -65983
-18 -12 -15 -11 -58909
-1 23 0 24 -62149
-24 -2 -24 0 -45181
5 -11 3 -12 -42997
-16 -7 -16 -6 -53635
13 12 13 16 -55963
-7 7 -10 7 -61047
-8 -5 -6 -6 -61263
19 5 19 3 -51555
-7 14 -8 16 -54017
19 -20 18 -19 -49881
9 14 9 16 -53157
-12 4 -10 2 -68953
20 0 21 -24 -59827
-13 21 23 21 -73483
0 19 -1 21 -78653
-14 11 -15 6 -74301
14 21 -22 19 -72809
6 5 7 6 -62081
-23 -17 -24 -15 -52107
17 -8 17 -7 -47141
13 -4 13 -6 -49773
-4 24 -5 22 -70659
-22 -7 -22 -6 -56487
2 0 0 -5 -63869
20 6 17 6 -51477
12 9 18 7 -65479
20 -13 19 -16 -56171
-23 -24 -24 -24 -39689
2 -15 -2 -14 -61317
0 -23 0 -22 -55221
9 -22 7 -21 -46929
-12 15 -11 11 -59697
-6 -7 -7 -6 -59131
18 -6 20 -4 -59573
18 6 17 8 -65085
15 13 -16 17 -89835
2 -21 0 -20 -55087
-6 2 -6 1 -65495
-23 -6 -24 -7 -58705
10 9 8 9 -56207
22 21 24 22 -65763
1 -4 2 -4 -56379
-23 -24 -24 -23 -47653
0 -5 -11 -6 -73673
1 23 1 24 -70109
22 -9 24 -12 -51437
4 23 -14 1 -89913
0 3 -1 3 -58397
24 -1 23 1 -63611
4 -3 4 10 -78655
-14 8 -14 7 -62303
-17 17 -18 18 -56601
24 -18 24 -16 -43007
23 19 21 20 -68213
20 -23 21 -23 -46671
-7 10 -5 9 -54393
8 18 7 18 -63695
5 4 5 3 -64781
-11 11 -13 10 -64681
-22 2 -23 4 -61095
-11 24 -10 24 -52293
10 24 9 22 -61783
-8 24 -8 23 -59021
13 11 12 13 -53129
-17 -4 -15 -2 -66421
-14 -3 -16 -1 -65475
-14 -24 23 16 -84333
24 2 24 0 -52545
-22 22 -23 23 -67677
-5 -23 -5 -21 -66795
-3 16 -1 17 -58389
13 -23 12 -22 -52957
22 -7 21 -8 -63063
2 -11 4 -12 -64831
22 22 21 24 -63701
-20 -24 -21 -23 -59835
23 17 22 15 -60651
0 -21 0 -20 -52271
23 -24 22 -23 -63951
14 -19 11 -17 -57967
-18 -15 -18 -14 -64863
22 17 24 13 -54609
9 -2 10 -1 -63827
-14 23 -15 23 -57309
5 20 4 22 -81077
-4 -12 -3 -14 -51099
16 -8 15 -8 -57289
-24 23 -23 24 -44247
24 -4 23 -3 -55891
24 -11 24 -12 -45665
17 -7 16 -7 -55913
-3 12 -3 14 -50313
-15 9 -15 10 -70645
24 -7 24 -6 -58205
24 -12 23 -13 -56907
-9 23 8 23 -76855
-12 18 -12 16 -48913
18 12 -1 11 -78527
3 -23 3 -24 -46591
-8 1 -8 0 -59295
-6 22 -5 23 -71937
-7 -20 -20 -24 -62719
-4 4 -4 -1 -67185
-10 -13 -8 -14 -51027
-19 24 -18 23 -49375
-21 2 -17 2 -65235
17 24 18 23 -54027
24 8 23 3 -60019
9 -23 8 -24 -40251
11 15 10 15 -60263
24 -14 23 -15 -54211
-10 -15 -10 -14 -55953
-1 -23 -1 -24 -47221
15 -1 15 0 -53899
13 -24 14 -23 -54949
-22 -9 -22 -10 -51625
-24 -13 -24 -9 -55861
-22 -6 -21 -6 -53393
-22 7 -23 12 -78981
11 -12 19 18 -81989
8 -2 8 0 -42935
-21 3 -22 1 -71279
-6 -21 -6 -20 -69821
21 1 22 0 -61289
-24 16 -18 18 -73815
-17 -24 -17 -23 -51903
24 -16 22 -24 -64339
24 3 23 5 -52429
23 22 20 -16 -74105
-12 22 -13 24 -51135
23 -1 22 -3 -54797
-15 11 -14 10 -79517
-23 1 -24 1 -55191
-21 24 23 24 -56183
13 23 13 24 -51221
-24 16 -24 20 -68791
-2 -1 -5 0 -57299
7 3 7 4 -61329
6 24 7 24 -60785
-22 -1 -22 -2 -51959
-6 3 -7 1 -60593
-17 -14 -16 -15 -61573
20 -2 22 24 -70593
-4 6 -1 7 -59601
-17 12 -19 17 -68645
24 -5 -9 -1 -78085
5 -13 5 15 -77903
24 -1 24 0 -64883
-6 24 22 8 -82017
-9 24 -11 23 -58345
-24 6 -24 4 -48909
-3 -5 -1 -6 -56253
16 -14 17 -17 -49717
17 -23 16 -22 -48885
-8 -18 -9 -20 -57917
24 9 22 9 -59053
-18 -2 -19 -3 -70195
-14 -12 -13 -11 -62449
19 7 19 8 -62769
-22 -24 24 -22 -45317
12 10 15 11 -63365
-20 -23 -19 -22 -45547
-5 24 -19 12 -84149
-23 -4 -24 -5 -55701
20 -10 17 -5 -55739
-10 -10 -12 -9 -56967
10 -15 14 -13 -60881
24 -16 23 -14 -40515
22 -10 20 -10 -60905
9 -17 9 -18 -53313
15 18 14 15 -62495
-19 2 15 6 -90025
-7 -23 -6 -24 -48835
1 4 0 8 -58411
18 22 19 20 -65781
0 -20 -1 -16 -56423
-8 -7 -7 -6 -54209
22 11 24 12 -58573
-9 -23 -9 -24 -62767
15 -12 14 -16 -52691
13 24 9 24 -63529
-2 7 -3 2 -62453
-24 4 -24 2 -54473
-1 20 0 22 -70483
-16 2 -14 2 -67991
-9 -24 -10 -24 -40549
22 22 23 19 -67473
-14 24 -15 23 -52895
-17 23 -15 23 -51961
9 -6 9 -4 -53409
16 -23 15 -23 -52089
16 0 17 0 -60773
-12 -15 -11 -14 -67473
8 -15 10 -17 -50887
-12 15 -13 14 -60851
-24 11 -24 12 -52407
-2 23 -10 24 -72585
17 17 21 15 -63487
24 4 23 4 -48323
-12 -21 -12 -22 -69209
-1 -2 21 1 -77463
0 4 -18 7 -87241
-20 9 -20 8 -72963
-10 5 -10 9 -57653
21 24 19 24 -55633
15 -9 12 -8 -52461
-21 -21 10 3 -77329
0 5 6 3 -59699
-9 -21 -10 -14 -57661
-18 -17 -21 -13 -70079
-22 -20 -22 -21 -54973
-22 8 -21 5 -64015
20 -10 20 -9 -50269
-17 -3 -17 -4 -55053
9 -13 9 -14 -39925
-2 -14 -2 -15 -48337
0 5 -2 4 -61107
-1 22 -1 20 -72623
23 23 24 24 -46759
-21 -17 -23 -14 -64293
-11 12 -12 12 -61687
-24 2 -23 3 -64577
20 -24 23 -22 -48745
-11 -14 -11 -10 -55543
18 18 19 19 -66285
-23 -16 -24 -19 -39497
-6 -17 -9 -15 -50137
13 9 -17 10 -90065
-12 -24 -13 -23 -47685
-8 0 -9 4 -63875
7 20 7 17 -53869
11 -24 10 -23 -46145
24 14 24 0 -70533
-21 -17 -22 9 -72713
9 4 8 8 -58725
24 -4 24 -7 -64741
-12 23 -12 24 -49719
18 18 18 19 -62069
-1 -5 0 -5 -52879
-22 -15 -20 -12 -58203
-11 2 10 5 -86267
9 24 9 23 -55531
-17 2 -18 4 -57149
-4 19 -1 17 -76579
-18 -16 -17 -16 -60263
-19 13 -19 12 -67939
-23 -5 -23 -6 -51475
0 -13 0 -9 -48053
0 -2 -9 -3 -73139
-7 -9 -7 -11 -44919
12 -15 11 -15 -53873
3 10 3 11 -50337
-22 23 -21 23 -61303
-23 -22 -23 -24 -49455
4 -6 5 -5 -58995
10 -17 10 -15 -51249
1 -24 0 -24 -38851
24 -21 22 -20 -53879
-24 19 -24 18 -70217
-16 -22 -15 -19 -61563
-21 -1 -20 0 -74093
24 6 24 8 -64409
11 14 10 17 -64601
22 24 23 23 -63443
13 -5 12 -4 -51835
7 -13 6 -12 -45265
23 -8 24 -8 -58959
16 1 20 0 -62685
4 23 5 24 -70727
-23 22 -24 22 -60045
-24 13 -23 12 -60221
13 18 12 19 -64363
1 -9 -2 -5 -61063
21 -24 22 -22 -49077
-13 10 -14 11 -78301
19 -12 20 -11 -55973
-12 -23 -13 -24 -54097
18 15 19 16 -65077
-9 6 -8 8 -58539
10 6 12 9 -52891
24 -9 24 -8 -47913
-9 24 -9 22 -61267
19 24 20 23 -61771
2 0 1 0 -58765
-10 -2 -10 -4 -57737
14 16 14 19 -62083
-16 -20 -16 -16 -56613
24 -18 21 -18 -48837
2 15 2 16 -50779
-12 -10 -11 -10 -62279
6 0 8 1 -68651
23 13 24 11 -46887
10 22 8 23 -70413
7 22 2 20 -77163
0 -20 -11 -19 -57665
-7 -23 -8 -24 -51851
4 24 2 24 -67997
17 2 15 -1 -61979
7 -8 7 -5 -53653
24 6 22 6 -56153
24 7 24 8 -63473
20 -24 19 -23 -49093
6 15 7 15 -59465
12 0 14 0 -53657
-9 15 -7 20 -50963
3 -2 2 0 -53835
-23 -20 -24 -21 -38399
7 21 7 20 -60071
24 -6 23 -6 -53119
17 24 11 23 -56277
18 14 18 15 -53529
9 -21 7 -18 -56895
-24 9 -23 8 -65929
-2 -23 -19 -22 -60089
-21 -13 -24 -13 -46491
-12 3 -13 -4 -64601
23 -24 22 -23 -63951
-23 -9 -24 -11 -53007
-24 15 -23 15 -68239
-9 5 -10 6 -60717
4 12 2 12 -50245
13 20 11 22 -67265
8 -24 10 -24 -36463
-19 23 -18 24 -41803
-17 17 -15 15 -62391
-12 24 -13 24 -53585
-24 20 -24 21 -68431
-15 6 -15 -14 -73871
0 -5 0 -4 -58349
6 -7 9 -7 -51437
15 -21 15 -20 -45029
1 -12 -1 -14 -49375
-15 -6 -13 -7 -59161
-14 -23 -14 -24 -64491
24 -5 24 -4 -63501
-12 0 13 0 -85363
-24 15 -24 14 -42427
-14 -4 -16 -4 -64449
-23 -6 -24 -5 -43749
5 -24 1 -24 -46589
13 -24 14 -24 -47119
-20 -23 -18 -24 -61245
-4 19 -3 -8 -82765
-19 13 -19 15 -67431
-2 17 -1 16 -71175
3 -24 5 -23 -43049
16 9 16 8 -57115
-24 19 -23 19 -69457
8 23 7 24 -65717
-24 10 -24 7 -62367
