-4 23 -2 24 -57021
19 10 19 8 -62377
-15 -20 -16 -20 -58611
24 12 24 9 -46447
20 16 22 17 -59747
20 -18 20 -19 -61705
-12 7 -13 5 -54603
3 21 0 22 -60329
14 -20 14 1 -58531
-3 21 -4 22 -61413
-20 22 -22 21 -60631
4 -15 3 -17 -53589
-3 -24 -4 -23 -47149
-1 -22 -2 -23 -56293
11 -23 10 -24 -56411
-7 0 -5 1 -69855
24 21 22 21 -56187
-12 13 -12 10 -73433
23 -24 23 -22 -56147
-23 19 -24 18 -61957
-23 -9 -24 -8 -51121
-24 20 -23 18 -53475
-14 4 -13 0 -76867
-7 17 -8 17 -57077
23 24 20 24 -59849
-13 6 -16 6 -63135
17 23 15 23 -49339
7 -24 5 -22 -66297
8 23 8 5 -72065
6 11 7 13 -58205
24 19 24 18 -60503
-23 13 -24 12 -59645
-4 23 -7 24 -52651
4 20 3 20 -56939
-10 -3 -9 0 -64951
-12 24 18 24 -72389
17 23 14 21 -53911
21 -18 17 -16 -54271
8 -4 7 -4 -60451
-22 -22 -23 -20 -64435
7 10 10 9 -54533
-14 16 -14 17 -61099
24 18 23 24 -60807
10 20 10 17 -62431
17 11 15 19 -70813
-23 23 -23 21 -67235
-5 6 -5 3 -67167
-22 -17 -21 -16 -65003
20 4 19 3 -45965
-12 -16 -11 -16 -60103
-2 -19 -3 -18 -64183
2 0 2 -2 -65393
-9 -3 -10 -3 -65159
10 -23 10 -24 -51013
-13 -16 -15 -17 -65515
-15 -10 -18 -7 -59663
-21 5 -24 8 -58201
23 24 24 24 -48623
3 -13 2 -11 -67865
-19 19 -19 18 -61669
24 -23 23 -21 -63367
7 9 6 9 -64995
20 24 19 23 -46235
0 24 1 23 -50997
-10 11 11 10 -74711
3 15 4 11 -65235
-24 5 -23 5 -55927
-24 -5 -24 -4 -37093
8 -24 7 -22 -69983
1 4 3 5 -67961
-11 -7 -14 -5 -62559
2 18 1 17 -55759
-21 24 -19 24 -54097
-23 1 -24 1 -67487
-9 -19 -9 -16 -61291
-4 -24 -2 -1 -76469
12 7 11 6 -54163
-14 7 -17 16 -75649
-22 -17 -22 -20 -71057
-15 23 -14 22 -56047
5 10 3 7 -60297
-24 10 -23 11 -57071
-5 3 -6 2 -63201
-21 15 -20 14 -57457
0 -11 0 -14 -66145
-9 10 -10 9 -62333
6 -24 6 -23 -60411
-24 0 -23 -24 -69729
-18 0 -20 0 -63065
0 -10 0 -8 -50617
-23 -8 -24 -8 -48757
1 -2 -8 -3 -80469
16 -22 18 -24 -49699
16 -24 19 -23 -58611
-1 -19 0 -17 -46625
4 -2 1 -3 -81469
-4 2 -3 0 -63013
24 20 22 18 -58113
-14 -23 -8 -22 -65535
-21 -12 -19 20 -76105
2 -4 -1 -4 -78031
-11 -5 -10 -4 -64493
-11 -12 -9 -12 -58963
17 8 17 12 -62235
23 24 22 21 -48715
-16 14 -20 11 -70449
11 0 12 0 -53351
7 23 8 24 -51027
-17 20 -17 23 -62649
-23 -24 -22 -24 -59207
-24 -16 -24 8 -70531
12 24 13 23 -63263
-19 3 -17 3 -63491
-5 -24 -6 -24 -54345
24 15 24 14 -54881
-23 23 -23 24 -60563
24 -11 24 15 -54913
-1 -2 0 -3 -76447
14 1 14 10 -68361
11 -5 10 -6 -52839
-8 5 -8 1 -72713
-24 -16 -24 -19 -66509
-10 12 -10 10 -70383
-19 -13 -21 -12 -60509
12 -14 11 -16 -47995
-12 -7 -12 -8 -62247
15 -24 16 -23 -58481
17 6 17 8 -61479
-6 -15 -6 -14 -53657
-23 -21 -23 -24 -57461
24 -14 24 -12 -39611
-8 -21 -10 -21 -59299
15 2 17 3 -43907
-22 24 -21 23 -52287
15 5 16 4 -58013
-2 -3 19 -22 -87193
23 13 24 13 -46579
0 -24 0 -23 -46983
20 -18 -17 -19 -73703
3 -4 2 -5 -58455
11 24 8 24 -49717
17 13 17 12 -60433
-6 1 -15 -20 -86707
-19 22 -12 19 -68309
-7 19 -7 18 -65441
8 23 8 24 -66097
-1 7 -2 5 -68573
-23 7 -24 6 -48151
3 23 3 24 -45625
22 -11 21 -10 -42417
-18 16 -19 18 -62555
-10 24 -10 23 -61823
-3 24 -2 24 -58697
-19 -24 -21 -24 -62945
24 9 -23 22 -67439
-14 16 -14 14 -62403
13 -4 -11 -3 -94599
4 13 2 13 -55991
23 -6 24 -8 -45489
24 -20 24 -19 -47303
-24 16 -23 18 -58909
12 7 12 4 -55863
-1 23 0 24 -47051
-24 -2 -24 0 -49929
12 23 13 22 -65267
10 15 9 14 -51967
23 19 23 18 -64705
-19 1 -19 3 -91911
-7 -14 -8 -16 -52955
9 -14 1 -16 -62689
-13 -8 -11 -7 -64741
19 -20 18 -19 -60317
9 14 9 16 -59381
7 -1 7 -3 -45325
-4 -12 -4 -10 -68919
-15 12 -15 11 -65463
-1 9 -1 10 -61223
-13 -15 -13 3 -81517
-22 16 -22 19 -61535
-19 4 -20 5 -70281
-23 -17 -24 -15 -62379
17 -8 17 -7 -38361
-6 6 -6 8 -63901
-4 24 -5 22 -52477
-1 -23 -24 16 -83737
-3 16 -4 14 -53633
-21 0 -14 3 -73249
1 -18 2 -18 -55647
-14 -21 -13 -23 -54789
-23 -24 -24 -24 -51687
-10 12 -13 11 -56641
4 -12 3 -11 -64527
-3 -11 -2 -11 -59209
-6 -4 -6 -2 -55803
-8 14 -10 16 -63103
-10 -22 -10 -21 -60927
-18 -23 -19 -21 -61247
-10 -1 -9 -3 -62393
-18 7 -19 4 -53103
4 -12 4 -14 -58751
-23 -6 -24 -7 -49557
0 -13 2 -13 -66009
-14 -5 -14 -3 -57689
-1 3 -1 2 -57471
-23 -24 -24 -23 -52743
11 -15 10 -15 -46753
4 22 -20 23 -71015
-10 -2 19 -14 -91361
-23 13 -8 11 -77387
-17 2 -17 3 -82381
23 16 24 10 -64301
-1 -13 -4 -11 -64435
-8 -8 -9 -13 -64573
-17 17 -16 18 -61133
24 -18 24 -16 -48639
-22 9 -10 9 -79951
20 -23 21 -23 -57461
-4 -7 -8 -3 -70765
24 1 24 -1 -39567
-7 20 -8 21 -66723
5 11 8 11 -69595
-8 21 -7 22 -58253
-23 19 -23 21 -68043
10 24 9 22 -61811
-8 24 -8 23 -54999
13 11 12 13 -58661
-17 -4 -15 -2 -61497
9 16 9 17 -59351
-15 1 -14 2 -68065
24 2 24 0 -42343
-20 0 -20 3 -91693
-5 -23 -5 -21 -59239
24 -2 -7 -1 -76731
13 -23 12 -22 -54095
16 -23 13 -24 -64131
11 17 13 20 -57737
22 22 21 24 -57549
24 -21 24 -24 -55963
23 17 22 15 -59185
-10 20 -11 22 -62561
23 -24 22 -23 -69653
14 -19 11 -17 -50801
-18 -15 -18 -14 -64127
22 17 24 13 -63881
-15 2 -15 1 -82561
-15 -1 6 0 -88959
8 -5 10 -4 -61387
0 13 -1 13 -46885
11 -5 10 -1 -37969
-24 23 -23 24 -51019
24 -4 23 -3 -40203
24 -11 24 -12 -32969
7 -13 8 -22 -57209
19 -6 20 2 -40715
-12 -11 -13 -11 -60505
24 -7 24 -6 -38609
24 -12 23 -13 -45133
-21 0 -23 0 -63111
24 21 -8 19 -66133
-21 -20 -22 -20 -69353
3 -23 3 -24 -55857
-24 -9 -24 -8 -58909
-7 -23 -8 -20 -65153
4 -2 3 -1 -71619
-8 18 -10 19 -68801
-4 -11 3 -8 -74401
-11 20 -11 19 -63397
13 -21 12 -22 -60225
17 24 18 23 -47829
24 8 23 3 -52953
9 -23 8 -24 -58199
11 15 10 15 -50081
24 -14 23 -15 -46187
6 9 6 10 -50589
-18 22 -21 24 -60757
-7 -20 -7 -16 -63907
-7 -16 6 17 -84963
-19 -10 -19 -12 -57659
-6 24 2 23 -68963
19 -13 17 -15 -50447
1 -1 3 0 -82221
11 -24 8 -24 -61833
-13 23 9 24 -76957
0 7 -1 7 -46531
6 21 6 20 -68927
-16 18 8 19 -83647
-16 -8 -19 -9 -52857
-17 -24 -17 -23 -39801
-5 -9 -5 -6 -62375
24 3 23 5 -45801
-5 -23 -6 -24 -69411
-2 4 -3 2 -67017
22 -6 24 -4 -44441
-17 -12 -18 -22 -85241
-23 1 -24 1 -67487
-21 24 23 24 -60653
13 23 13 24 -48787
-19 19 -18 19 -64771
-21 -2 -21 0 -59431
7 3 7 4 -43539
6 24 7 24 -44605
21 -7 17 -6 -36465
-22 -3 -24 6 -81451
-17 1 -17 0 -76283
-13 -16 -13 -17 -65889
-3 11 -3 10 -57595
8 0 7 2 -45545
-7 -24 -6 -23 -71575
0 13 0 16 -56087
-24 10 -24 11 -60455
-5 1 -5 0 -68617
-9 24 -11 23 -49693
15 -15 14 -17 -50413
-3 -5 -1 -6 -73779
6 -10 4 -12 -48263
-22 23 -22 24 -65073
-15 -8 -14 -6 -62359
16 -10 15 -13 -42063
21 -18 21 -16 -62749
-6 7 -3 9 -61411
-20 -3 -21 -5 -49851
-22 -24 24 -22 -56743
-13 -3 -12 -5 -60297
-20 -23 -19 -22 -61523
-18 23 -18 24 -56413
-11 7 -11 -5 -86893
8 7 9 8 -59273
8 -16 9 -16 -50275
-18 -21 -17 -20 -58809
24 -16 23 -14 -43733
6 1 5 0 -69251
9 -24 6 -18 -71669
6 18 3 23 -68895
2 -3 0 -5 -57641
-7 -23 -6 -24 -49681
-5 -15 -6 -15 -48321
18 22 19 20 -58171
-23 -14 -22 -17 -66129
16 -7 15 -8 -42119
22 11 24 12 -50749
-9 -23 -9 -24 -50685
-3 -1 -3 0 -63593
13 24 9 24 -54213
-10 1 -10 3 -78359
-24 4 -24 2 -59417
18 -12 17 -11 -38157
23 8 21 7 -56331
-9 -24 -10 -24 -55197
22 22 23 19 -65065
-14 24 -15 23 -55907
1 -1 1 0 -64015
-18 -5 -20 -5 -59429
16 -23 15 -23 -57581
-4 -11 -4 -12 -66237
20 16 -19 14 -75479
16 1 13 0 -45177
-11 20 -12 16 -62683
-24 11 -24 12 -72989
-19 -24 -17 -23 -56855
17 17 21 15 -61917
24 4 23 4 -38783
-24 -23 -24 -8 -69301
22 5 23 4 -50601
-1 -19 -3 -14 -68525
-22 -21 -24 -21 -65003
-23 2 -23 1 -71763
21 24 19 24 -53909
3 -19 4 -24 -58369
-10 15 -10 -19 -81599
2 13 2 10 -59829
3 -12 0 -13 -68669
2 -17 1 -16 -57473
-22 -20 -22 -21 -65411
-2 6 -3 5 -67131
-3 20 -3 18 -58075
-2 22 -2 23 -50809
9 -13 9 -14 -42019
-9 0 -9 1 -74569
7 3 -13 -14 -88665
11 -1 8 -3 -58895
23 23 24 24 -41309
8 -11 7 -10 -50419
-4 16 -4 17 -52771
-12 -19 -13 -21 -62695
20 -24 23 -22 -54615
-12 7 -16 9 -68019
7 -23 5 -24 -51649
-23 -16 -24 -19 -66857
-12 -18 -17 -18 -70071
24 -21 23 -23 -49921
-12 -24 -13 -23 -50519
-4 -19 -4 -20 -56253
5 21 4 17 -60629
11 -24 10 -23 -54973
15 -2 9 0 -58315
-21 -9 8 -12 -79881
-16 -19 -16 -17 -69005
17 -20 17 -19 -62735
-12 23 -12 24 -59225
18 18 18 19 -54879
-12 -24 -24 -22 -69281
-22 -15 -20 -12 -64265
-2 -3 21 -18 -85347
9 24 9 23 -66101
-13 18 -11 16 -66727
2 -24 -6 -24 -57025
1 -8 0 -6 -66149
5 9 3 10 -58669
15 7 17 1 -65691
-14 -18 -15 -17 -63895
0 12 22 11 -68599
7 2 8 4 -53373
0 7 0 9 -60605
-18 15 -18 13 -62283
-1 -5 -2 -4 -74173
-23 -22 -23 -24 -49971
-22 10 -18 13 -66853
23 -19 21 -20 -59655
1 -24 0 -24 -42799
24 -21 22 -20 -58365
-24 11 -24 12 -72989
2 -22 -20 -24 -65435
6 -7 6 -5 -44611
-6 -2 13 -1 -94283
1 -1 2 -1 -84855
22 24 23 23 -58151
-13 11 -15 7 -62603
-22 7 -22 6 -41211
23 -8 24 -8 -45967
-9 -10 -10 -8 -71395
16 -21 17 -19 -64931
-23 22 -24 22 -47699
-24 13 -23 12 -53489
13 18 12 19 -58391
-19 21 -14 21 -63011
1 0 8 -23 -81063
-10 -6 -8 -5 -68655
9 -22 -13 -1 -93655
-12 -23 -13 -24 -47143
18 15 19 16 -56233
-4 -24 -2 -23 -59067
-11 10 -10 8 -56327
13 14 13 10 -60143
11 -5 -21 -3 -83197
-6 18 -5 21 -66831
20 12 19 12 -51721
23 2 22 0 -49021
5 -24 2 -23 -50335
-18 -12 -19 -13 -61743
24 -18 21 -18 -54457
12 15 14 16 -53759
-7 9 -7 8 -64419
-15 -15 -15 -17 -72123
23 13 24 11 -57633
-10 -7 -9 -11 -73931
-5 -1 1 0 -70641
-1 -9 -2 -20 -73915
-7 -23 -8 -24 -67579
4 24 2 24 -50147
-6 -3 -9 -3 -72031
-13 23 -14 21 -64435
1 0 3 -2 -79537
24 7 24 8 -44203
22 7 20 6 -56643
6 15 7 15 -57349
21 -24 19 -22 -61333
10 -8 10 -9 -36189
20 -15 19 -18 -61103
-23 -20 -24 -21 -54989
7 21 7 20 -69019
24 -6 23 -6 -45171
17 24 11 23 -56207
18 14 18 15 -60705
18 -7 20 -4 -42005
-24 9 -23 8 -48621
19 -1 16 1 -36259
-21 -13 -24 -13 -57237
-7 14 -8 13 -54163
23 -24 22 -23 -69653
-23 -9 -24 -11 -55429
-8 15 -9 10 -64511
12 -12 -13 -10 -85301
-23 -11 -24 -6 -61933
-24 13 -2 17 -69843
8 -24 10 -24 -59295
-19 23 -18 24 -56097
-16 -11 -16 -12 -52807
-12 24 -13 24 -43193
-24 20 -24 21 -63201
20 7 20 4 -59457
-19 -22 -19 -4 -84021
-21 -9 -20 -9 -58415
15 -21 15 -20 -56493
6 2 4 1 -72577
-1 -11 -8 16 -83723
15 14 17 13 -55027
24 -5 24 -4 -36255
4 -5 -12 -8 -89589
-24 15 -24 14 -47509
3 13 3 15 -60049
18 -23 20 -22 -59285
7 -19 7 -18 -46797
13 -24 14 -24 -54405
-20 -23 -18 -24 -60087
-19 1 -21 4 -84515
20 10 22 7 -62155
-2 17 -1 16 -49971
3 -24 5 -23 -49271
16 9 15 10 -54581
-24 19 -23 19 -51535
8 23 7 24 -55837
-24 -13 -24 -1 -66051
