8 -12 5 -10 -104600
14 -20 3 -22 -84770
5 0 5 5 -99332
21 -17 20 -24 -17538
-15 -4 -16 2 -93384
-19 19 -19 0 -102978
8 -2 4 2 -106882
8 -11 5 -15 -96540
1 10 -17 24 -107580
6 -12 8 -10 -90982
-16 -20 1 -20 -99462
6 3 6 5 -88498
7 -6 13 -24 -100878
2 19 19 -24 -112344
7 14 5 8 -94374
-20 13 -5 2 -127482
14 -6 18 3 -106062
24 -1 17 10 -85894
1 -13 20 -15 -113578
-16 1 -13 -1 -96136
19 2 -23 19 -111028
-6 15 12 18 -108766
-16 -8 -14 -7 -87746
19 -20 13 4 -113788
12 0 19 -3 -100030
4 6 8 8 -97182
-2 -9 1 -10 -97984
-14 -15 -18 -7 -91490
-2 -5 -2 -3 -102812
-4 3 -4 7 -108662
1 -12 2 -12 -92460
5 -3 9 0 -108082
-20 24 17 16 -89254
-3 -8 24 -16 -107888
-9 -19 16 -17 -114772
-8 11 2 11 -112840
15 1 14 -8 -103944
-2 0 -13 2 -120970
0 -5 -1 -4 -109232
-7 11 1 7 -114248
-4 -4 -7 0 -106554
2 -6 1 -3 -110146
19 17 24 6 -68968
10 20 0 14 -100606
-11 -2 -9 5 -104554
-1 -22 6 -12 -109096
-14 8 -12 14 -88776
-13 21 -11 12 -82658
3 22 23 7 -114168
-23 23 -8 3 -107724
5 -17 -9 -21 -109308
-24 -12 10 -5 -113676
-20 19 -2 17 -103660
1 18 9 15 -98796
18 9 13 15 -86926
-15 9 -2 24 -111128
23 -24 9 -4 -90218
18 0 12 2 -92124
-12 24 -2 16 -81608
0 -10 4 -20 -110972
14 -15 9 -3 -111998
4 15 1 10 -99244
23 -7 17 16 -108718
10 5 24 0 -108844
-24 1 18 -18 -108332
7 12 8 7 -82894
8 -13 -22 -18 -115780
-15 4 -12 14 -104660
5 11 7 15 -90548
-7 7 -9 0 -108486
-1 -6 -5 -6 -102396
-17 10 -15 -3 -115274
-22 12 6 0 -126010
-5 -6 -1 -12 -113130
6 24 24 3 -104910
10 -7 6 -11 -98434
-13 -1 -7 3 -104600
17 -4 15 17 -109012
14 9 16 7 -85830
10 15 8 17 -68762
17 -20 7 -18 -69298
-16 -18 21 -10 -114834
3 -19 12 -19 -90898
-23 -7 -12 0 -113350
14 -6 22 -7 -94302
-22 -11 -9 -11 -100154
11 16 3 13 -100892
-23 -23 24 -5 -99076
4 -2 6 -1 -101634
7 -2 8 6 -111236
-1 20 -9 14 -99032
-22 6 -23 3 -52396
8 -20 4 -18 -71760
14 21 23 -4 -108514
0 -17 -7 -23 -75608
24 -7 21 -6 -29046
6 -8 9 -8 -104576
13 -5 11 -8 -84462
13 10 20 9 -85784
-19 5 -20 10 -75260
1 -11 8 -23 -101802
2 9 1 6 -102238
-3 11 3 11 -96648
0 12 -23 -23 -106716
17 11 19 -8 -102700
20 7 17 14 -81622
-7 0 -1 -1 -113886
-8 5 -10 14 -101452
-21 17 -5 21 -94076
-13 19 -17 -16 -113888
-14 -23 -19 -13 -57490
-10 -6 -11 -16 -108108
6 -11 13 -10 -109474
6 -16 -11 -17 -123336
-1 13 -1 15 -86946
8 10 24 22 -66860
0 -4 3 -5 -112004
-12 9 -21 2 -107070
14 -21 17 0 -106052
-10 0 -24 -9 -114842
-21 0 -19 5 -74868
-14 -20 -16 -24 -21532
0 -5 1 -4 -98160
0 10 9 24 -97736
-5 3 -5 1 -92164
-19 -5 -19 0 -74950
24 22 6 19 -57284
-2 -19 -2 -10 -103230
-24 21 -13 2 -105132
0 17 1 13 -88766
9 18 20 19 -60966
-6 -7 -10 -12 -114636
11 -1 10 -11 -105052
-5 -9 -9 -15 -107742
13 -12 10 -16 -80234
19 -23 16 -15 -32740
-24 2 -8 -12 -112698
-24 -19 -8 4 -107200
-8 10 -7 23 -93686
-5 2 -6 2 -108894
-8 4 -9 0 -97260
-15 -19 -3 -22 -79508
-12 -14 -3 -10 -112756
-6 -13 -10 -6 -110770
-11 -3 -14 6 -110046
14 14 13 8 -69518
-19 1 -16 0 -86382
-8 -6 -1 -7 -111906
4 17 -11 17 -102174
-6 -7 -2 -20 -114648
8 8 0 24 -106882
-5 -13 -17 -21 -99178
-5 -1 -10 -1 -110742
-9 -5 -10 -2 -93180
0 -9 -2 -7 -104918
0 5 2 5 -94668
21 -13 -23 -13 -107790
-21 -23 -13 5 -105432
-1 4 2 6 -105612
8 -20 21 22 -109274
-12 -2 -17 -6 -111060
8 -8 9 -9 -94294
-11 -16 -16 -6 -105914
18 -3 -22 -22 -112394
12 6 5 2 -108302
-8 -3 -9 -23 -107806
1 -13 2 -7 -97602
-10 0 -13 -6 -111864
8 -1 9 10 -104752
-14 -10 16 -22 -105832
-3 7 24 -23 -103100
23 14 11 20 -70930
-15 -8 -9 24 -109882
23 5 3 0 -116190
-10 -8 -11 -11 -96304
-6 6 -22 7 -105180
4 -11 0 -12 -104012
17 -15 19 5 -105346
23 11 19 0 -72892
-3 -22 0 -12 -98028
-1 5 -1 6 -101278
-10 -12 -7 -6 -116954
22 10 3 8 -109270
5 -22 -9 -11 -112648
9 -16 -9 -21 -117254
1 -24 -4 -11 -96060
17 22 21 6 -79652
1 24 1 -24 -107724
9 3 8 -4 -103842
-4 9 -8 6 -115220
-2 -11 0 -8 -108650
-15 -23 -13 10 -110336
6 5 6 -4 -104864
24 -22 17 4 -84308
-14 -16 -10 -13 -81298
6 -10 -2 -11 -113144
-20 0 -12 23 -107536
1 21 -2 17 -61488
-24 0 -5 -22 -104178
-19 11 -18 -1 -105652
-2 8 -23 -18 -114050
2 -8 6 -3 -109684
-21 -4 -12 -8 -108006
-7 -7 -6 -3 -112268
0 -9 0 -8 -91108
-17 -1 -14 10 -111498
11 -1 11 3 -90460
-3 3 3 1 -107834
-1 16 -4 21 -79412
-6 -5 -5 -7 -95566
-1 5 0 11 -106872
19 2 22 3 -55534
24 0 2 -23 -109226
12 6 24 -16 -110882
20 -4 23 2 -63194
11 -24 9 -14 -52444
12 5 9 6 -90964
-3 1 -5 -1 -99688
-20 -7 -17 8 -111722
-20 15 -7 16 -102946
5 9 12 15 -104218
8 8 14 4 -101636
-7 -19 -13 -8 -102320
14 -1 17 -9 -96772
10 -21 -1 -24 -73972
8 0 14 -2 -97208
-16 -6 -13 2 -108292
-9 -6 -8 -3 -109284
-24 -4 -16 -6 -70820
-9 -10 -7 -14 -88134
-10 -15 -14 -15 -70172
-8 0 -17 -16 -132978
7 3 4 2 -109562
0 16 0 9 -99330
16 -15 11 -7 -94506
5 -10 6 -15 -95240
10 20 13 15 -53586
-14 -6 -24 10 -104530
11 -4 8 -8 -99960
-24 18 -19 9 -61820
-23 -23 12 -14 -103002
20 2 24 12 -58554
0 -3 0 3 -93770
-21 14 -8 14 -106536
-1 15 -4 23 -77474
16 12 7 8 -94898
-18 14 -6 8 -113406
6 -11 13 -12 -109246
-16 -18 -8 -7 -115746
4 19 18 9 -110902
-24 17 -23 -7 -81634
15 -1 13 -15 -108430
6 -15 18 -13 -98998
1 22 2 9 -106388
9 9 15 7 -94768
2 -4 1 -6 -104010
3 -20 9 -13 -106292
3 4 0 6 -99310
-6 -7 -5 -10 -105004
-21 13 -17 24 -45774
-1 -12 0 -11 -103160
-3 8 -10 9 -106970
-11 9 -9 5 -97832
0 -14 2 -22 -81614
7 -5 4 -1 -107732
12 -2 11 -4 -91072
-11 -17 -22 -13 -77584
-14 24 -10 -2 -111872
16 23 -11 22 -77170
-12 -5 -9 -7 -90736
-7 2 -6 9 -113210
21 18 -12 5 -111292
-4 -14 -13 -15 -96758
0 -24 24 -18 -79384
-7 12 1 19 -109948
4 -8 -4 -7 -116026
0 -19 -5 -23 -59092
-7 -5 -6 -3 -108870
-4 -11 2 -9 -112948
13 12 8 4 -94886
15 -21 6 -12 -95212
21 -14 16 -6 -79294
11 -14 5 -18 -96286
-1 4 -2 3 -90550
-4 3 -2 -2 -106140
9 -18 24 -5 -105816
19 -12 14 -3 -100120
-13 2 -15 -22 -110772
-4 -7 -6 -9 -104588
12 -3 23 -9 -110322
-7 -4 -13 -1 -101686
22 -5 14 -11 -83914
-22 23 15 -5 -112722
0 10 -7 17 -104444
1 8 -3 13 -95656
-11 -15 -15 -23 -51808
-1 -22 0 -3 -114010
4 -8 -21 -22 -113006
5 4 3 4 -100088
12 -7 20 -18 -96974
-8 0 -10 -5 -109176
-7 5 -5 7 -107720
6 10 9 8 -89142
-8 -16 5 -14 -118016
-7 23 2 16 -86190
10 -2 16 3 -108268
2 -11 0 -16 -107870
0 -6 -1 -5 -112104
-8 -9 -13 -12 -97662
-10 4 -11 7 -98388
-2 19 -4 10 -105534
17 6 17 9 -61366
-18 0 -20 6 -76770
-16 -20 -17 -13 -46262
5 -23 13 -12 -97418
8 6 11 -6 -113530
-17 13 -23 18 -54666
19 5 20 -3 -73832
5 8 -2 10 -103842
-15 11 -17 14 -81964
1 10 0 7 -95300
13 14 -20 11 -113606
24 -19 9 10 -109818
11 20 5 9 -96778
-12 -11 2 -23 -109560
6 -13 7 -14 -93202
-5 -11 -6 -8 -103068
-17 0 -18 -7 -89904
20 -10 14 -9 -84290
16 9 13 10 -82496
0 6 1 7 -104290
1 0 0 -3 -94526
8 22 -19 19 -91104
6 5 6 12 -90444
-1 -17 0 -14 -90276
5 -6 -5 -1 -127362
5 -8 24 -9 -109140
-8 2 -9 8 -107622
17 -4 -24 -14 -111536
13 -23 11 -1 -104914
8 -23 23 16 -104446
1 -8 4 -3 -109906
-21 -10 -24 -5 -43142
3 9 5 4 -99272
3 24 -2 2 -110178
-12 4 -16 0 -98482
17 0 20 -4 -89150
23 18 -22 0 -100654
17 -16 21 15 -100844
-2 -17 4 -23 -63510
-19 11 -15 14 -67144
8 1 11 -7 -102448
11 -19 13 -8 -92764
2 6 0 16 -105520
-2 -3 4 -1 -107310
2 13 9 11 -99620
24 -5 10 -23 -97676
-2 4 -6 0 -106800
-1 -13 2 -16 -87786
-13 16 -4 15 -95098
8 -1 12 3 -110116
-12 -17 -6 -12 -100524
-12 -3 -8 0 -105776
22 6 -23 -3 -109854
-7 -9 -11 0 -113830
6 20 13 20 -63730
9 -2 11 -4 -91910
7 -6 11 -2 -107000
-22 0 -17 -2 -77048
22 2 17 -5 -89702
-19 5 -14 13 -90598
-5 12 -13 7 -110250
11 -1 3 22 -120050
21 0 18 -3 -76108
-6 9 -4 11 -96682
5 -9 0 -24 -109100
24 8 15 7 -62026
-6 11 -8 5 -108326
-10 -19 -11 -23 -26754
-5 -17 0 -13 -99200
-18 3 -23 14 -92762
18 -1 22 -7 -80962
-23 11 -5 21 -99884
0 -1 7 -3 -122200
23 -21 -1 -3 -106656
15 17 23 10 -78840
-24 -2 -20 -2 -35758
-14 15 11 11 -112430
-2 22 -11 5 -129186
-19 6 -24 12 -62790
0 19 8 13 -104682
0 -2 0 5 -103566
-4 22 -3 10 -101402
8 -2 14 3 -116324
19 -11 10 -16 -87048
8 9 5 14 -92704
-12 6 -10 0 -106096
-14 8 -21 19 -105504
12 -23 13 -9 -85242
-9 13 -10 9 -86010
-14 23 -10 -14 -113146
-15 -11 -17 -7 -81698
-5 14 -10 16 -86228
-10 10 -17 14 -97648
-13 11 -6 23 -97460
-16 3 -14 -11 -114942
0 5 1 3 -97556
4 13 -6 14 -103820
-9 -4 -10 -9 -103168
-8 9 -5 10 -104130
11 -10 13 0 -111906
4 1 24 0 -113132
10 -11 2 -11 -112294
1 -11 0 -14 -100758
-6 -22 -10 -7 -106178
0 -1 -2 2 -97918
-16 17 -13 -23 -107946
-18 -4 -18 8 -109370
-14 20 -12 8 -102126
-7 -9 -23 -12 -103874
2 -24 -16 24 -112034
8 -15 9 -16 -74450
-8 -3 -13 -4 -99190
-12 11 -17 22 -93862
13 24 3 22 -55178
-23 0 -10 6 -112596
0 -9 0 -6 -101200
-9 15 -14 19 -75874
-5 17 -10 11 -107518
13 -2 13 20 -103500
-2 -8 -4 -20 -113194
-12 -16 -14 -9 -83448
-11 -21 0 -14 -106002
-16 -5 -1 -24 -110138
-17 11 -20 -12 -110340
9 -16 8 0 -111166
-21 11 -11 13 -91504
-24 12 9 6 -115116
-15 4 -13 19 -108866
7 -13 2 -17 -101532
-14 -12 21 21 -109988
0 12 4 24 -84558
-2 8 4 14 -105736
24 5 24 1 -41746
-16 -4 -11 -7 -99096
18 -2 17 -5 -77038
23 -13 9 -19 -86438
-7 3 -6 1 -102952
8 -5 11 -5 -98894
13 -7 8 -5 -101526
7 15 -4 18 -98372
-1 -4 0 -1 -103760
-21 -7 -19 12 -107910
8 -8 8 24 -100460
11 -16 20 22 -108642
16 3 24 -5 -95244
5 -3 4 -4 -95690
-17 4 -9 3 -99228
23 -10 18 -9 -53614
12 1 21 17 -100276
17 -2 9 -3 -98898
-6 16 -9 11 -98476
-15 -7 -17 0 -101112
5 -11 6 -13 -95220
21 -1 17 9 -87640
-2 -9 -3 -11 -104502
2 5 -3 6 -101410
-22 13 1 12 -117656
-5 15 5 19 -97392
24 -12 -21 6 -106694
-13 -1 -19 -15 -116098
11 -2 11 6 -98022
-13 -4 -24 0 -101960
-24 2 4 21 -106066
-6 -20 24 -2 -109884
18 -19 -5 -18 -104810
10 5 3 6 -105624
-6 2 1 3 -112650
-10 -23 -8 4 -111430
-20 -18 -18 -2 -78980
10 -18 -11 -20 -117998
2 -7 5 -13 -96974
-16 12 -19 20 -73086
8 2 24 12 -102310
3 -1 2 -1 -101544
17 6 19 23 -63106
1 14 17 14 -104984
-19 4 -22 18 -94832
-6 -10 -5 -7 -107798
-13 -2 -20 -11 -110182
-20 -5 -11 -5 -112132
-16 -11 -18 -4 -82588
0 14 -9 22 -101192
20 10 11 3 -98106
-6 11 17 23 -99750
-16 1 -12 -9 -114566
1 21 9 18 -82512
-24 -21 -2 -14 -81790
9 -19 -17 -23 -104438
-11 4 -12 15 -106296
12 11 19 2 -106444
22 9 15 -15 -107688
12 -2 23 0 -100392
16 -11 15 -20 -63286
-4 3 -6 11 -112992
-10 -7 -3 -7 -106004
7 -20 -23 -10 -106736
-2 0 -2 -5 -103690
-13 -2 -16 -3 -99410
-8 3 -8 23 -109508
1 14 4 16 -88634
-19 -2 -16 -3 -93144
