8 -12 5 -10 -87721
14 -20 3 -22 -80665
5 0 5 5 -86415
21 -17 20 -24 -22807
-15 -4 -16 2 -81709
4 14 16 -1 -113779
8 -2 4 2 -88559
8 -11 5 -15 -88149
3 -14 24 -21 -80475
6 -12 8 -10 -81325
-16 -18 21 -20 -88217
6 3 6 5 -80737
5 8 8 10 -87477
0 -20 3 -19 -78703
22 1 19 8 -79129
-15 -6 -7 -9 -98183
-20 2 -23 0 -64151
20 21 20 -15 -94977
-4 11 0 11 -85431
-16 1 -13 -1 -80991
24 16 21 17 -24471
16 1 17 -6 -91517
-16 -8 -14 -7 -85735
-22 12 -22 19 -58285
-22 -6 -20 0 -77689
4 6 8 8 -86763
3 -20 -1 -23 -62443
-3 -21 -11 -16 -86049
-2 -5 -2 -3 -78425
-13 7 -16 3 -86587
1 -12 2 -12 -82179
0 0 -4 0 -87655
-20 24 17 16 -85125
-12 18 -17 11 -83599
-2 15 -6 18 -82677
4 4 6 0 -84659
4 -3 -11 -15 -109389
-24 -15 -22 -18 -26845
0 -5 -1 -4 -88539
-11 -13 -10 -17 -70369
-4 -4 -7 0 -91193
-20 12 -17 8 -81379
19 17 24 6 -80331
16 -9 13 -15 -73999
20 10 22 5 -74683
-23 -22 -3 -21 -82515
-14 8 -12 14 -76987
-13 21 -11 12 -83639
7 -4 7 -1 -83417
-8 0 -9 0 -84049
-5 5 -4 7 -85921
19 0 20 -1 -76663
-9 -23 -15 -14 -79415
5 -9 -1 -10 -86831
18 9 13 15 -90853
-12 13 -9 24 -70711
23 -24 9 -4 -82989
18 0 12 2 -80885
-7 18 -4 -23 -91465
1 21 8 23 -65835
-5 -12 -7 -19 -81327
-9 6 -12 4 -79395
-10 12 -5 18 -83403
4 22 0 13 -90999
-8 9 -14 10 -84455
7 12 8 7 -86097
-2 -20 0 -21 -62749
-15 9 -12 6 -83783
5 11 7 15 -80387
-7 -4 -9 -2 -89629
-1 -6 -5 -6 -84625
-21 10 -15 9 -82599
-1 24 -4 17 -65457
15 14 20 20 -76749
0 9 -2 -17 -100213
10 -7 6 -11 -88957
5 17 11 21 -76803
13 -6 17 -2 -88065
14 9 16 7 -83287
10 15 8 17 -71859
17 -20 7 -18 -73025
12 -15 22 -8 -85013
-8 -19 0 -19 -80453
9 3 6 4 -86411
14 -6 22 -7 -82183
-15 -7 -14 -11 -86189
4 16 8 13 -79983
-23 -23 24 -5 -81677
4 -2 6 -1 -85647
24 -23 10 -22 -53051
-1 20 -9 14 -88111
-22 6 -23 3 -54227
8 -20 4 -18 -75603
23 8 18 6 -61723
0 -17 -7 -23 -78851
24 -7 21 -6 -38633
6 -8 9 -8 -86629
13 -5 11 -8 -84173
-17 -4 -17 -3 -74113
-19 5 -20 10 -67033
-19 -5 -20 -9 -76423
2 9 1 6 -86827
-3 11 3 11 -83849
12 -21 15 -24 -28037
-10 -7 -9 6 -90719
20 7 17 14 -86173
0 -3 -1 -1 -81127
-8 5 -10 14 -82541
-21 17 -20 21 -46349
0 -14 -2 -13 -87325
-14 -23 -19 -13 -84071
0 -15 3 -13 -87977
12 2 15 -5 -89463
-2 20 14 24 -83531
-1 13 -1 15 -73055
8 10 24 22 -86525
20 -4 19 -10 -65997
-23 -20 3 -18 -91947
1 -14 -4 -14 -89059
19 23 10 16 -79241
-21 0 -19 5 -74475
-14 -20 -16 -24 -30667
6 11 5 10 -82741
0 10 -23 24 -87119
-5 3 -5 1 -71989
-19 -5 -19 0 -82421
24 22 6 19 -75077
-2 -19 -2 -10 -90879
21 21 19 5 -94909
0 17 1 13 -77229
9 18 20 19 -84641
-6 -7 -10 -12 -85137
-22 -3 -23 2 -54817
-3 -11 -6 -18 -89105
13 -12 10 -16 -77293
19 -23 16 -15 -40125
-13 4 -7 3 -85417
22 13 17 -24 -85961
-8 10 -7 23 -81377
-5 2 -6 2 -85677
-8 4 -9 0 -75067
-15 -19 -3 -22 -92037
-24 -1 -19 -15 -82181
-24 15 -23 4 -67469
-23 17 -15 21 -61649
14 14 13 8 -81441
-19 1 -16 0 -88195
12 19 14 14 -70629
-4 -17 -11 -23 -79569
-15 -7 -21 -8 -88961
0 -16 5 -18 -82829
16 6 19 6 -69957
-5 -4 -24 -9 -95993
-9 -5 -10 -2 -80557
0 -9 -2 -7 -86481
0 5 2 5 -83595
-23 -10 -23 4 -75869
-21 -23 -13 5 -91637
-1 13 1 17 -83539
-20 -12 -12 -11 -91013
-10 5 -8 10 -82595
8 -8 9 -9 -79981
-12 -16 -16 -12 -83591
14 9 13 0 -85289
4 -22 7 -13 -81787
0 -12 2 -10 -90359
11 -21 15 -17 -69283
-4 6 -7 7 -86547
12 11 9 11 -76551
4 -19 9 -22 -69665
-3 7 24 -23 -89147
23 14 11 20 -84269
-4 1 -5 0 -77169
20 -2 24 -13 -74539
-10 -8 -11 -11 -80591
-12 6 -7 6 -83861
-9 18 -10 22 -55535
-24 19 -24 5 -69175
-15 -12 -13 -10 -85043
11 0 10 -1 -84875
-1 5 -1 6 -82675
3 -18 3 -14 -76615
-15 7 -15 2 -81933
8 7 16 10 -89019
22 5 19 -2 -82173
1 -24 -4 -11 -90663
21 17 15 10 -79673
23 -21 15 -23 -40313
9 3 8 -4 -88485
-23 16 -20 9 -77945
2 -4 5 -2 -92279
0 13 -4 16 -85865
19 -23 18 4 -88075
24 -22 17 4 -89173
-14 -16 -10 -13 -86155
7 -10 14 -12 -86263
-24 -19 -15 -2 -86889
1 21 -2 17 -80853
-21 -10 15 -22 -91749
-19 11 -18 -1 -89221
17 -15 14 -11 -68357
-9 -19 -11 -23 -72199
0 -3 2 -4 -84911
-7 -24 -6 -3 -87049
0 -9 0 -8 -81817
0 -4 -2 -6 -88149
11 -1 11 3 -74783
-3 3 3 1 -96189
-1 16 -4 21 -83655
-6 -5 -5 -7 -82659
10 -16 21 -12 -88081
19 2 22 3 -64175
0 -21 9 -16 -91879
2 -23 24 -16 -89265
20 -4 23 2 -70623
11 -24 9 -14 -57043
12 5 9 6 -87401
7 24 23 15 -70897
9 -11 13 -9 -87175
-23 18 -7 16 -89169
14 1 13 6 -81491
-14 -3 -11 -6 -85565
-4 -13 -6 -10 -84049
24 19 24 -4 -80331
10 -21 -1 -24 -77025
-3 9 -3 6 -81857
2 23 17 24 -74209
-5 -6 -8 -3 -91381
-24 -4 -16 -6 -82709
-9 -10 -7 -14 -84173
-10 -15 -14 -15 -82673
23 5 20 0 -71957
-2 10 -6 11 -84999
0 16 0 9 -80293
16 -15 11 -7 -80093
5 -10 6 -15 -86761
10 20 13 15 -67405
-14 16 -24 10 -79755
11 -4 8 -8 -91397
-24 18 -19 9 -80087
-23 -23 12 -14 -86911
20 2 24 12 -74239
0 -3 0 3 -82785
-17 17 -15 16 -74571
-1 15 -4 23 -83181
-5 -23 -4 -14 -69555
9 0 12 -1 -89203
23 22 19 17 -28811
-16 -5 -19 -7 -89513
20 10 22 0 -85529
-24 17 -23 -7 -76565
18 -7 20 -22 -70105
-12 -15 -11 -9 -84443
13 0 21 1 -77789
9 9 15 7 -90501
2 -4 1 -6 -85301
17 -6 18 0 -90797
-7 22 -3 20 -61263
-6 -7 -5 -10 -88865
-21 13 -17 24 -69169
-1 -12 0 -11 -90611
6 8 2 9 -83109
5 -4 3 -7 -89781
0 -14 2 -22 -74459
2 17 2 23 -56955
-22 11 -16 9 -80689
-11 -17 -22 -13 -86077
-14 24 -10 -2 -91981
16 23 -11 22 -88177
-12 -5 -9 -7 -90881
-7 11 -6 15 -73797
10 -21 14 -16 -72105
4 -8 4 -12 -77967
0 -24 24 -18 -84807
-23 -6 -21 -10 -66683
21 13 12 13 -84667
0 -19 -5 -23 -67769
-7 -5 -6 -3 -79931
-15 13 -13 6 -79863
10 1 4 -1 -92277
10 5 9 1 -81009
-17 3 -16 0 -78677
11 -14 5 -18 -86077
-1 4 -2 3 -74333
-2 -11 -8 -14 -86413
17 -5 24 -10 -78723
19 16 8 14 -88025
11 14 9 8 -89033
-4 -7 -6 -9 -84073
-19 1 -16 7 -88001
24 -13 -21 -9 -91211
22 -5 14 -11 -81347
-18 -8 -17 -16 -77371
-7 10 -7 3 -82693
1 8 -3 13 -84475
-11 -15 -15 -23 -75509
18 0 22 24 -92405
13 17 20 13 -83353
5 4 3 4 -82149
-23 3 -17 23 -89961
-8 0 -10 -5 -78329
-7 5 -5 7 -86349
6 10 9 8 -83099
-18 -23 -18 8 -84593
17 13 16 -11 -93791
-17 14 -17 24 -58207
-24 11 -9 20 -88139
0 -6 -1 -5 -89377
-8 -9 -13 -12 -82937
-10 4 -11 7 -74213
-12 16 -10 15 -75101
17 6 17 9 -78407
-18 0 -20 6 -76911
-16 -20 -17 -13 -64613
-24 -22 13 0 -92423
-17 0 -15 1 -78861
-17 13 -23 18 -70651
19 5 20 -3 -77269
-6 -23 -11 -22 -65875
-15 11 -17 14 -78005
1 10 0 7 -81561
-15 -8 -14 -6 -79417
-10 -16 -14 -19 -83961
-7 24 -14 21 -48263
-12 -11 -18 -8 -91053
6 -13 7 -14 -79901
-5 -11 -6 -8 -88829
-3 -8 -24 -8 -97171
20 -10 14 -9 -77891
16 9 13 10 -78697
0 6 1 7 -83355
1 0 0 -3 -85271
-2 -20 -7 -14 -90141
6 5 6 12 -87873
-1 -17 0 -14 -78995
5 20 -3 23 -74603
22 9 22 5 -67979
23 -18 16 -4 -89997
17 4 16 10 -88469
13 -23 11 -1 -88773
-14 9 -13 3 -83349
-7 -21 13 -22 -83257
-21 -10 -24 -5 -66963
3 9 5 4 -91115
8 5 10 2 -85813
-12 4 -16 0 -89625
17 0 20 -4 -88305
11 0 10 0 -85815
-8 -2 -22 24 -95219
-2 -17 4 -23 -70751
-19 11 -15 14 -79011
-16 -24 -19 -5 -83533
-18 -12 -12 -23 -91637
12 8 8 3 -88543
22 -12 24 -1 -62827
-20 6 -16 16 -88049
24 -5 10 -23 -88115
-21 -19 -17 -24 -42785
-1 -13 2 -16 -91779
3 16 5 11 -81461
3 5 0 6 -88423
-14 14 -13 18 -70701
-2 -1 0 0 -87509
22 6 21 17 -80609
2 -7 2 -9 -82275
-14 14 21 24 -88733
9 -2 11 -4 -85637
4 -17 -3 -20 -90005
-22 0 -17 -2 -90377
16 0 15 -1 -71921
6 16 2 19 -73945
-18 5 -13 6 -85207
1 0 -1 -2 -90311
21 0 18 -3 -72057
-6 9 -4 11 -82353
-16 -12 24 3 -89551
24 8 15 7 -71331
12 -4 13 -10 -76113
-10 -19 -11 -23 -58829
10 10 10 11 -75893
-9 10 -10 16 -74271
18 -1 22 -7 -83655
-10 -7 -9 -10 -81843
0 -17 -2 -14 -90561
5 19 -1 22 -79921
15 17 23 10 -84205
-24 -2 -20 -2 -56077
-19 22 5 22 -84515
4 22 -24 18 -84723
-19 6 -24 12 -67245
3 -3 4 3 -87193
-13 -24 -19 -22 -46699
24 3 23 -15 -74979
-12 -23 4 -24 -73807
-17 -4 -17 -1 -80739
8 9 5 14 -89791
23 20 21 -3 -93899
-22 3 -20 19 -89811
12 -23 13 -9 -81633
-9 13 -10 9 -74179
-16 -11 -21 -7 -77407
-15 -11 -17 -15 -76043
-5 14 -10 16 -76447
-21 -24 3 -5 -92543
-7 16 -2 16 -78961
-5 -11 0 -13 -87729
0 5 1 3 -82917
3 -4 -1 -6 -88755
-9 -4 -10 -9 -74793
-8 9 -5 10 -82555
-3 16 0 16 -77207
12 12 11 16 -71629
-3 21 -13 24 -63279
1 -11 0 -14 -84657
-18 -17 -16 -9 -78761
0 -1 -2 2 -81495
-16 19 -13 18 -67093
7 -2 7 -4 -82087
-7 -20 -12 -19 -80281
13 5 16 2 -85379
-24 0 -18 -2 -76311
8 -15 9 -16 -67939
-8 -3 -13 -4 -81861
21 10 17 22 -71393
13 24 3 22 -71783
-7 -9 -4 -9 -78489
0 -9 0 -6 -88795
-14 15 -16 19 -81083
8 7 11 11 -90349
7 -14 5 -17 -83395
-18 14 -19 11 -69299
-12 -16 -14 -9 -87505
9 -15 14 -18 -69543
-17 -17 -8 -20 -87765
6 6 -7 9 -104765
-16 7 -13 6 -82017
-24 13 -3 22 -84103
14 -4 18 -11 -81319
7 -10 9 -23 -83509
-12 5 -14 -2 -88571
-5 17 -9 24 -65539
0 12 4 24 -88477
0 8 0 12 -73647
24 5 24 1 -49467
9 15 10 19 -58853
18 -2 17 -5 -84037
23 -13 9 -19 -90137
-7 3 -6 1 -83827
8 -5 11 -5 -91115
13 -7 8 -5 -91665
14 13 7 9 -91651
-9 -20 -10 -8 -93585
-21 -7 -19 12 -89951
8 -8 8 24 -85975
-15 -12 -16 -7 -86987
16 3 24 -5 -89555
5 -3 4 -4 -90829
-14 23 17 23 -90319
23 -10 18 -9 -59067
12 -2 12 -6 -85169
-24 -11 -20 -11 -31783
8 -24 20 -18 -74819
16 19 18 20 -58375
5 -11 6 -13 -85429
6 17 12 22 -73541
-2 -9 -3 -11 -85131
2 5 -3 6 -93067
14 14 14 17 -62895
-3 5 -2 3 -84663
24 -12 -21 6 -89929
23 11 24 -19 -80753
-17 0 -21 -2 -83335
16 14 15 9 -75445
0 19 -1 18 -75669
5 24 -10 13 -92135
15 -5 12 -6 -75907
7 24 6 21 -27021
-8 12 -14 13 -82625
15 -9 12 -11 -76231
-11 -4 -13 1 -80309
-9 16 -14 19 -83031
2 -7 5 -13 -89551
-16 12 -19 20 -86901
-15 10 -24 3 -83733
3 -1 2 -1 -79285
17 6 19 23 -90663
8 6 8 5 -74295
-9 -21 -11 -22 -78277
11 -4 11 -7 -79889
-7 18 -16 16 -76953
-20 23 17 21 -88119
-16 -11 -18 -4 -83777
-1 21 4 19 -79623
-8 20 23 21 -81463
10 -3 11 -1 -86547
-24 20 2 18 -89111
1 21 9 18 -78877
-24 -21 -2 -14 -85543
9 -19 -17 -23 -91179
-10 -21 -11 -22 -74197
2 -21 12 -20 -86755
-4 20 -4 21 -51379
21 -2 19 -19 -80699
16 -11 15 -20 -64787
-23 -15 -19 -2 -78297
-19 -7 -21 -10 -68123
-24 -6 -24 -1 -54849
-23 -18 -13 -14 -64169
-13 -2 -16 -3 -77467
-7 1 -10 0 -87681
1 14 4 16 -78621
-19 -2 -16 -3 -88557
