10 8 16 7 -84391
14 -20 3 -22 -75071
8 -24 2 -14 -92923
21 -17 20 -24 -33355
5 -11 1 -14 -85451
5 21 4 24 -38115
5 -10 6 -12 -73123
-17 14 -24 6 -73527
3 -14 24 -21 -89999
6 -12 8 -10 -73799
-8 20 -12 19 -68313
6 3 6 5 -72307
19 4 19 5 -65767
0 -20 3 -19 -71575
22 1 19 8 -77995
-6 -10 -7 -12 -65791
-20 2 -23 0 -66397
21 13 19 17 -62399
-4 11 0 11 -76101
-16 1 -13 -1 -74123
24 16 21 17 -28543
16 1 17 -6 -78749
-16 -8 -14 -7 -76435
-22 12 -22 19 -64769
-22 -6 -20 0 -77675
-4 10 -8 12 -78171
3 -20 -1 -23 -64353
-12 -2 -13 2 -66941
-2 -5 -2 -3 -72785
15 -16 21 -17 -70523
1 -12 2 -12 -75589
12 16 15 18 -74495
-20 24 17 16 -84651
10 18 6 22 -69235
-2 15 -6 18 -84203
4 4 6 0 -82839
-10 22 -5 21 -73853
-24 -15 -22 -18 -34375
0 -5 -1 -4 -79049
-11 -13 -10 -17 -68307
3 14 0 8 -90129
-20 12 -17 8 -83577
19 17 24 6 -80303
-2 4 -4 4 -77633
5 2 12 5 -90927
-23 -5 -21 3 -76447
-14 8 -12 14 -80001
-13 21 -11 12 -83109
7 -4 7 -1 -82709
-8 0 -9 0 -70595
-5 5 -4 7 -77807
19 0 20 -1 -72005
-11 21 -9 0 -88445
5 -9 -1 -10 -83257
14 -13 14 -7 -75243
-12 13 -9 24 -73009
23 -24 9 -4 -82687
18 0 12 2 -80851
-1 -24 -2 -19 -45961
1 21 8 23 -64791
-5 -12 -7 -19 -75861
-9 6 -12 4 -73091
6 -12 8 -20 -91349
-1 21 -14 14 -93159
-22 22 -7 23 -73283
7 12 8 7 -76547
-2 -20 0 -21 -68217
-15 9 -12 6 -85961
5 11 7 15 -80511
-7 -4 -9 -2 -75817
24 21 14 18 -64403
-21 10 -15 9 -84929
-1 24 -4 17 -65147
15 14 20 20 -78865
-8 23 9 24 -68649
8 3 5 1 -87687
5 2 3 4 -82833
24 -17 19 -6 -75889
14 9 16 7 -76405
10 15 8 17 -82349
17 -20 7 -18 -74867
-23 -4 -21 -12 -75565
-8 -19 0 -19 -77245
9 3 6 4 -86145
-10 -6 10 -23 -93823
-15 -7 -14 -11 -74389
12 3 13 -5 -85797
-23 -23 24 -5 -75269
4 -2 6 -1 -78861
24 -23 10 -22 -59345
15 13 11 9 -79861
-22 6 -23 3 -63887
8 -20 4 -18 -84525
23 8 18 6 -73621
-11 10 -13 6 -72817
24 -7 21 -6 -43761
6 -8 9 -8 -73991
8 -5 7 -10 -79459
-17 -4 -17 -3 -64129
-19 5 -20 10 -68665
-19 -5 -20 -9 -72497
21 -4 22 -1 -64429
-3 11 3 11 -74953
12 -21 15 -24 -36403
6 16 11 24 -71543
-12 -15 -10 -19 -65619
0 -3 -1 -1 -79401
16 -21 12 -15 -73139
-21 17 -20 21 -51735
0 -14 -2 -13 -72983
3 -9 2 -7 -82217
0 -15 3 -13 -84521
-9 -14 -10 -14 -69535
10 20 14 24 -56995
-1 13 -1 15 -78243
-4 24 24 22 -76485
20 -4 19 -10 -72441
-18 1 -18 2 -66943
1 -14 -4 -14 -78475
-23 8 -21 15 -62017
-21 0 -19 5 -80497
-14 -20 -16 -24 -30785
6 11 5 10 -78991
0 10 -23 24 -82573
-5 3 -5 1 -74669
15 -1 17 0 -75985
24 22 6 19 -82581
-2 -19 -2 -10 -80549
21 -2 19 5 -75557
0 17 1 13 -81357
12 18 8 18 -76569
13 5 15 7 -74035
-22 -3 -23 2 -59723
6 5 7 11 -78067
13 -12 10 -16 -75713
19 -23 16 -15 -58489
-5 -9 -13 -12 -83685
22 13 17 -24 -80979
11 -19 22 -8 -92329
-5 2 -6 2 -79397
-8 4 -9 0 -73953
-19 -24 10 -18 -78997
18 12 18 16 -67817
-24 15 -23 4 -68147
-23 17 -15 21 -65857
14 3 12 8 -82309
-19 1 -16 0 -81781
12 19 14 14 -82269
-7 -16 -7 -20 -68737
-15 -7 -21 -8 -83323
-13 0 -11 3 -71897
16 6 19 6 -67877
-15 8 -11 9 -75073
-9 -5 -10 -2 -69691
0 -9 -2 -7 -80343
0 5 2 5 -79001
-23 -10 -23 4 -81153
23 5 23 -1 -67495
-1 13 1 17 -82279
-20 -12 -12 -11 -77441
13 5 15 10 -80179
8 -8 9 -9 -75543
-12 24 -18 24 -54659
9 22 18 22 -78441
24 -23 19 -24 -27903
-11 8 -12 12 -75133
11 -21 15 -17 -72135
15 14 14 10 -82333
12 11 9 11 -69109
4 -19 9 -22 -78707
11 5 12 7 -71337
7 -23 3 -22 -62569
-4 1 -5 0 -74059
20 -2 24 -13 -83585
-10 -8 -11 -11 -72269
-12 6 -7 6 -72959
-9 18 -10 22 -54899
-24 19 -24 5 -70371
-15 -12 -13 -10 -73593
11 0 10 -1 -79599
-1 5 -1 6 -74223
3 -18 3 -14 -77747
-15 7 -15 2 -77113
-9 16 -10 13 -74721
3 16 6 22 -76127
22 13 24 3 -76255
21 17 15 10 -79515
23 -21 15 -23 -50401
-21 2 -21 7 -71649
-23 16 -20 9 -72045
5 12 4 18 -76475
-2 -7 1 -7 -75249
11 14 17 12 -79741
-22 -2 -20 -4 -71251
5 -8 3 -10 -78719
7 -10 14 -12 -84789
5 16 9 16 -78365
1 21 -2 17 -79637
1 -21 -8 -20 -77911
1 16 5 16 -74517
17 -15 14 -11 -68285
-9 -19 -11 -23 -70073
0 -3 2 -4 -83359
-5 -18 -5 -16 -73409
0 -9 0 -8 -77887
1 9 4 15 -93301
11 -1 11 3 -81923
3 -20 1 -19 -73653
-3 -22 -23 -23 -69447
-6 -5 -5 -7 -72691
-1 18 1 15 -76323
19 2 22 3 -68891
-6 2 -6 3 -72735
2 -23 24 -16 -84411
20 -4 23 2 -73585
11 -24 9 -14 -76903
12 5 9 6 -80569
7 24 23 15 -76317
-16 7 -15 5 -83803
-23 18 -12 16 -81781
-2 15 -1 12 -79777
-14 -3 -11 -6 -66545
-4 -13 -6 -10 -72195
24 19 24 -4 -68673
10 -21 -1 -24 -74403
-3 9 -3 6 -75841
2 23 17 24 -81297
-1 -19 -4 -22 -71249
-24 -4 -16 -6 -82473
-10 -5 -10 3 -75947
14 9 13 15 -83265
23 5 20 0 -73785
-2 10 -6 11 -78857
0 0 0 -3 -72331
21 -20 23 -22 -22381
5 -10 6 -15 -74389
10 20 13 15 -79883
-14 16 -24 10 -80071
8 12 7 11 -73813
21 9 22 7 -69933
-23 -23 12 -14 -79981
20 2 24 12 -77483
-23 -21 -19 -6 -66727
-17 17 -15 16 -77975
-1 15 -4 23 -82287
-5 -23 -4 -14 -78361
11 19 7 17 -76989
23 22 19 17 -34745
-16 -5 -19 -7 -81595
-23 -11 -22 -1 -76129
-24 17 -23 -7 -80117
18 -7 20 -22 -85409
-12 -15 -11 -9 -73315
11 13 11 22 -76111
6 15 8 14 -83655
2 -4 1 -6 -69799
17 -8 10 -5 -83239
-7 22 -3 20 -73973
-6 -7 -5 -10 -74589
-21 13 -17 24 -73535
-1 -12 0 -11 -79817
6 8 2 9 -82365
20 -11 23 -24 -59377
0 -14 2 -22 -82259
2 17 2 23 -71021
-22 11 -16 9 -84307
-5 -20 24 -1 -87343
-11 11 -14 13 -76229
-23 10 -21 -23 -72329
-19 -14 -19 -17 -52705
-7 11 -6 15 -80453
10 -21 14 -16 -77407
4 -8 4 -12 -78077
0 -24 24 -18 -80829
-23 -6 -21 -10 -72393
21 13 12 13 -77439
0 -19 -5 -23 -71823
-7 -5 -6 -3 -76139
14 -12 13 -5 -79737
-24 -15 -16 -13 -56503
10 5 9 1 -80189
9 3 10 -1 -83269
16 -14 12 -18 -77477
-1 4 -2 3 -72335
-2 2 0 1 -81751
17 -5 24 -10 -78447
-15 24 -1 24 -71767
5 0 11 -1 -96005
-4 -7 -6 -9 -74483
-19 1 -16 7 -83731
24 -13 -21 -9 -78663
5 12 6 11 -79251
-18 -8 -17 -16 -74797
-7 10 -7 3 -77211
-12 -20 -10 -18 -74477
-11 -15 -15 -23 -70409
-23 20 9 21 -83641
24 -2 -21 1 -81257
5 4 3 4 -81279
-20 -20 -15 -24 -50385
-7 17 -7 16 -62069
-10 6 -7 4 -71861
6 10 9 8 -78895
-1 12 -1 10 -72615
0 3 -1 0 -70731
-17 14 -17 24 -65763
16 21 15 20 -64117
11 24 11 0 -80333
-4 -2 -21 -2 -87333
-10 4 -11 7 -72867
-12 16 -10 15 -68193
17 6 17 9 -71439
-18 0 -20 6 -80281
-16 -20 -17 -13 -58591
-11 -12 -13 -18 -72787
-17 0 -15 1 -75837
-17 13 -23 18 -74263
14 19 20 22 -76379
-6 -23 -11 -22 -64597
-15 11 -17 14 -78269
1 10 0 7 -74585
-15 -8 -14 -6 -72281
-22 15 -24 16 -28785
-7 24 -14 21 -60059
-13 11 -13 12 -70609
6 -13 7 -14 -73109
13 -4 17 -4 -77137
2 6 0 9 -79725
3 -21 3 -18 -62235
16 9 13 10 -78189
0 6 1 7 -76605
22 -23 21 -9 -67793
20 -12 16 -10 -73511
-14 -14 -10 -15 -68747
-1 -17 0 -14 -73939
5 20 -3 23 -68407
22 9 22 5 -71873
-5 17 -8 18 -77303
15 -11 9 -12 -81193
9 -15 7 -22 -85651
-15 -18 -4 -24 -81997
-10 -21 13 -22 -78507
-21 -10 -24 -5 -71851
6 -5 3 -8 -81149
8 5 10 2 -86101
-15 7 -14 4 -84963
17 0 20 -4 -78409
11 0 10 0 -80031
21 -9 18 -20 -74815
-2 -17 4 -23 -83911
-19 11 -15 14 -77479
20 -5 17 -12 -78159
21 12 22 7 -72681
-9 -12 -7 -14 -74753
22 -12 24 -1 -67447
-23 -20 -22 0 -71831
8 -15 4 -21 -88467
-21 -19 -17 -24 -42487
-5 -15 -9 -16 -70727
9 23 14 22 -65667
3 5 0 6 -83659
-14 14 -13 18 -73229
-2 -1 0 0 -78679
22 6 21 17 -77031
2 -7 2 -9 -84351
-14 14 21 24 -83923
9 -2 11 -4 -82495
11 -21 9 -23 -46183
8 -13 14 -20 -94693
16 0 15 -1 -74781
6 16 2 19 -76855
-18 5 -13 6 -78881
1 0 -1 -2 -77437
21 0 18 -3 -71859
-6 9 -4 11 -79015
-11 -18 -6 -23 -70393
24 8 15 7 -76133
12 -4 13 -10 -79671
-10 -19 -11 -23 -57825
10 10 10 11 -69235
-9 10 -10 16 -79877
18 4 22 6 -79985
-10 -7 -9 -10 -68307
0 -17 -2 -14 -72789
-5 -3 -7 -1 -78951
-1 -3 -4 -3 -79869
-24 -2 -20 -2 -55795
-18 -14 -13 -17 -64179
4 22 -24 18 -80397
-19 6 -24 12 -70797
3 -3 4 3 -73965
-13 -24 -19 -22 -45213
24 3 23 -15 -73057
-12 -23 4 -24 -72411
-17 -4 -17 -1 -68961
-4 20 -3 19 -73009
23 -11 21 -3 -76617
-13 -4 -11 -2 -71689
-23 7 -20 6 -52157
-9 13 -10 9 -74591
-16 -11 -21 -7 -72663
-15 -11 -17 -15 -74307
-3 -4 -5 -4 -79809
2 17 2 21 -74949
-7 16 -2 16 -79365
-15 19 -17 18 -66051
0 5 1 3 -74063
23 -16 13 -14 -80525
-9 -4 -10 -9 -69761
-8 9 -5 10 -75919
-3 16 0 16 -68641
12 12 11 16 -80579
-3 21 -13 24 -77327
1 -11 0 -14 -75837
-18 -17 -16 -9 -79675
0 -1 -2 2 -79459
-16 19 -13 18 -71497
7 -2 7 -4 -81707
-7 -20 -12 -19 -78453
13 5 16 2 -83107
-24 0 -18 -2 -73141
8 -15 9 -16 -76729
-8 -3 -13 -4 -73503
21 10 17 22 -70945
13 24 3 22 -72481
-7 -9 -4 -9 -70445
11 1 9 2 -87029
-14 15 -16 19 -77527
-23 -10 -19 -21 -61005
7 -14 5 -17 -79755
-18 14 -19 11 -65637
-9 -3 -8 0 -71845
9 -15 14 -18 -81531
-17 -17 -8 -20 -76785
-14 23 -16 22 -54167
-16 7 -13 6 -84129
-4 1 5 -5 -100803
11 -20 11 -12 -82511
16 13 14 18 -80309
22 -23 2 -15 -88631
-5 17 -9 24 -71941
-5 -6 -5 0 -77381
0 8 0 12 -76589
24 5 24 1 -57267
9 15 10 19 -70997
18 -2 17 -5 -70069
-19 -19 -23 -20 -29371
5 -8 5 -9 -79073
8 -5 11 -5 -78021
13 5 13 0 -76425
-4 -21 3 -19 -82885
-7 -8 -10 -9 -73025
7 -4 5 -3 -87415
-21 12 -20 -5 -87037
-15 -12 -16 -7 -76337
21 7 24 9 -44261
5 -3 4 -4 -74781
-17 -9 -14 -15 -74525
23 -10 18 -9 -65605
12 -2 12 -6 -75851
-24 -11 -20 -11 -38861
3 24 24 22 -78343
16 19 18 20 -73201
-24 -23 -4 -4 -74951
24 -11 17 -13 -57811
-2 -9 -3 -11 -75869
2 5 -3 6 -85447
14 14 14 17 -76349
-20 20 -20 13 -76357
24 -4 18 2 -70591
23 11 24 -19 -75661
-17 0 -21 -2 -78967
16 14 15 9 -81549
0 19 -1 18 -74407
13 -15 16 -12 -77615
15 -5 12 -6 -75729
7 24 6 21 -36815
-23 -2 -24 22 -74223
15 -9 12 -11 -78287
-19 22 -18 12 -81699
-8 4 -7 6 -74495
-5 16 -7 13 -79739
9 -4 8 -1 -85809
-15 10 -24 3 -83785
3 -1 2 -1 -76907
19 -11 15 -13 -71283
8 6 8 5 -69313
-9 -21 -11 -22 -74619
11 -4 11 -7 -72069
-7 18 -16 16 -78029
-20 23 17 21 -83719
-3 -24 -4 -3 -81775
-1 20 4 21 -66307
-8 20 23 21 -83863
10 -3 11 -1 -77337
-6 -20 -8 6 -89035
-15 24 -24 -11 -82059
-24 -21 -2 -14 -77287
24 -10 20 24 -74659
-10 -21 -11 -22 -71833
16 -13 16 -6 -77711
-4 20 -4 21 -53139
21 -2 19 -19 -86969
16 -11 15 -20 -76581
9 -17 8 -24 -61567
-19 -7 -21 -10 -66271
-24 -6 -24 -1 -59665
-23 -18 -13 -14 -68439
-13 -2 -16 -3 -75263
-17 7 19 12 -87453
1 14 4 16 -81507
-19 -2 -16 -3 -83363
