-3 -16 0 -11 -81424
16 15 22 16 -79424
19 -5 20 -14 -77254
21 -17 20 -24 -38456
15 -7 15 -10 -61288
5 21 4 24 -40722
5 -10 6 -12 -73612
3 1 0 4 -78818
3 -22 7 -22 -70092
6 -12 8 -10 -69048
-8 20 -12 19 -64392
6 3 6 5 -70958
19 4 19 5 -60628
0 -20 3 -19 -66682
-22 -13 -19 -18 -69014
-6 -10 -7 -12 -67156
-20 2 -23 0 -68768
21 13 19 17 -65916
-4 11 0 11 -86914
-16 1 -13 -1 -70908
24 16 21 17 -34208
-24 5 21 0 -78126
-16 -8 -14 -7 -72910
-22 12 -22 19 -68086
-22 -6 -20 0 -77722
22 -20 17 -11 -79924
3 -20 -1 -23 -60856
-12 -2 -13 2 -72382
-2 -5 -2 -3 -73676
15 -16 21 -17 -64000
1 -12 2 -12 -68188
12 16 15 18 -75730
-20 24 17 16 -76866
10 18 6 22 -69566
-6 24 -8 18 -58996
4 4 6 0 -76844
-10 22 -5 21 -73808
-24 -15 -22 -18 -45316
0 -5 -1 -4 -76106
-11 -13 -10 -17 -67222
15 20 13 19 -78056
-18 12 -23 8 -59968
19 17 24 6 -83782
-2 4 -4 4 -75306
22 -3 23 -2 -52470
-23 -5 -21 3 -75676
-14 20 -12 14 -81696
-9 -1 -12 0 -75482
11 -14 12 -18 -66980
-8 0 -9 0 -77596
-10 -5 -6 -5 -80768
19 0 20 -1 -61206
-11 6 -9 0 -80516
5 -9 -1 -10 -76002
-16 -24 -1 -1 -98594
-12 13 -9 24 -74862
23 -24 9 -4 -77716
23 -6 21 -17 -63804
-1 -24 -2 -19 -44156
1 21 8 23 -64018
-5 -12 -7 -19 -73216
-9 6 -12 4 -78864
-23 -10 -21 -8 -53642
-18 -13 -15 -12 -73986
-15 19 -12 17 -76534
7 12 8 7 -69128
-2 -20 0 -21 -60156
-10 -18 -9 -18 -73436
5 11 7 15 -84884
-7 -4 -9 -2 -75442
24 21 14 18 -76468
4 -4 3 -2 -79068
-1 24 -4 17 -70594
1 11 3 10 -73524
-8 23 9 24 -66246
10 8 14 9 -76758
-14 22 -23 23 -49948
24 -17 19 -6 -78926
14 9 16 7 -75020
10 15 8 17 -74318
17 -20 7 -18 -72048
-23 -4 -21 -12 -75636
-8 -19 0 -19 -84074
9 3 6 4 -84178
-23 6 -19 1 -76442
-15 -7 -14 -11 -80546
-4 22 -4 18 -73262
-23 -23 24 -5 -73118
4 -2 6 -1 -77104
24 -23 10 -22 -54608
2 8 -5 9 -97224
-22 6 -23 3 -59532
5 -18 7 -18 -73804
23 8 18 6 -72526
0 4 23 1 -87536
24 -7 21 -6 -47096
6 -8 9 -8 -74450
8 -5 7 -10 -73320
-17 -4 -17 -3 -68502
-19 5 -20 10 -65352
-19 -5 -20 -9 -75456
21 -4 22 -1 -62726
17 0 1 -9 -97066
12 -21 15 -24 -40842
6 16 11 24 -71032
-12 -15 -10 -19 -66052
0 -3 -1 -1 -75652
16 -21 12 -15 -75686
-21 17 -20 21 -51866
0 -14 -2 -13 -74554
3 -9 2 -7 -76030
-10 0 -11 -1 -79758
-9 -14 -10 -14 -70482
10 20 14 24 -63398
-1 13 -1 15 -74842
-4 24 24 22 -70486
20 -4 19 -10 -78770
-18 1 -18 2 -65654
1 -14 -4 -14 -77666
-23 8 -21 15 -63304
-21 0 -19 5 -75794
-14 -20 -16 -24 -33034
6 11 5 10 -76000
14 6 9 8 -84660
-23 5 -22 1 -65206
15 -1 17 0 -74576
20 24 19 14 -52328
2 14 24 23 -81586
21 -2 19 5 -67408
5 -10 11 17 -95670
12 18 8 18 -66512
13 5 15 7 -75326
-22 -3 -23 2 -62214
-4 5 -12 -2 -100740
13 -12 10 -16 -78240
19 -23 16 -15 -64702
-13 9 -14 10 -73250
24 13 22 6 -66406
-9 11 -9 10 -62184
21 -3 19 -9 -78016
-8 4 -9 0 -82032
-19 -24 10 -18 -77698
18 12 18 16 -71018
-24 15 -23 4 -68506
-23 17 -15 21 -63388
0 -8 1 -6 -78474
-22 6 -24 23 -79566
-21 23 -19 19 -32346
-7 -16 -7 -20 -66038
-12 -4 -14 -5 -68284
-13 0 -11 3 -84552
16 6 19 6 -70978
-15 8 -11 9 -73994
-9 -5 -10 -2 -69374
-6 12 6 9 -95160
0 5 2 5 -78278
-23 -9 10 -9 -83204
23 5 23 -1 -62664
-1 13 1 17 -75820
5 -6 5 -3 -74986
13 5 15 10 -79006
8 -8 9 -9 -72060
-12 24 -18 24 -55240
9 22 18 22 -74974
24 -23 19 -24 -29118
-11 8 -12 12 -69864
11 -21 15 -17 -66820
15 14 14 10 -76830
12 11 9 11 -72254
4 -19 9 -22 -73300
11 5 12 7 -74038
7 -23 3 -22 -65536
-4 1 -5 0 -74866
-12 -19 -6 -24 -72658
-10 -8 -11 -11 -71848
-12 6 -7 6 -75790
-9 18 -10 22 -62444
-24 19 -24 5 -77312
-15 -12 -13 -10 -71128
11 0 10 -1 -75174
-1 5 -1 6 -73586
3 -18 3 -14 -70034
-15 7 -15 2 -77194
-9 16 -10 13 -70840
3 16 6 22 -76018
22 13 24 3 -77366
9 -17 12 -22 -70436
23 -21 15 -23 -49446
-21 2 -21 7 -70700
-23 16 -20 9 -71558
5 12 4 18 -72836
-2 -7 1 -7 -75764
11 14 17 12 -82990
-22 -2 -20 -4 -74040
5 -8 3 -10 -70582
-23 -17 0 -23 -78934
5 16 9 16 -72914
-5 -21 -6 -24 -40038
1 -21 -8 -20 -81682
1 16 5 16 -78076
17 -15 14 -11 -68634
-9 -19 -11 -23 -68866
-21 1 -19 -1 -75608
-5 -18 -5 -16 -68902
0 -9 0 -8 -76110
12 0 13 -4 -73794
11 -1 11 3 -74208
3 -20 1 -19 -62428
-3 -22 -23 -23 -72470
-6 -5 -5 -7 -67316
-1 18 1 15 -66864
19 2 22 3 -72094
-6 2 -6 3 -75150
-18 -21 -19 -13 -70964
-6 -18 -4 -19 -69088
11 -24 9 -14 -74894
12 -24 9 -22 -43122
7 24 23 15 -76158
-16 7 -15 5 -72756
8 4 11 4 -85454
-2 15 -1 12 -77018
15 20 15 16 -64220
-4 -13 -6 -10 -71632
24 19 24 -4 -69404
4 13 8 17 -85482
-3 9 -3 6 -67682
2 23 17 24 -78826
-1 -19 -4 -22 -73582
-24 -4 -16 -6 -80008
-3 8 -1 8 -88132
10 9 11 -24 -77676
23 5 20 0 -71872
-2 10 -6 11 -81776
4 -23 1 -14 -74492
21 -20 23 -22 -23242
5 -10 6 -15 -72340
10 20 13 15 -76504
-14 16 -24 10 -74984
8 12 7 11 -78144
21 9 22 7 -73072
-23 -17 24 23 -77076
20 2 24 12 -81126
-23 -21 -19 -6 -70714
-17 17 -15 16 -71956
-16 -14 -20 -19 -70068
-5 -23 -4 -14 -77790
-24 10 -13 10 -74412
23 22 19 17 -44882
-16 -5 -19 -7 -75628
-23 -11 -22 -1 -74712
-24 17 -23 -7 -74734
22 19 14 20 -70156
-12 -15 -11 -9 -71248
11 13 11 22 -76856
-18 -14 -12 -14 -74658
2 -4 1 -6 -72364
10 22 10 20 -46822
-7 22 -3 20 -74142
-6 -7 -5 -10 -71310
-21 13 -17 24 -71484
-1 -12 0 -11 -77506
-15 -3 -11 -5 -74808
20 -11 23 -24 -68168
-1 -23 1 -15 -75264
2 17 2 23 -68502
-11 -7 -12 -5 -72528
15 -13 13 -8 -63784
-12 17 -14 13 -80068
-23 10 -21 -23 -70710
-19 -14 -19 -17 -65578
-4 9 -6 13 -71388
19 13 13 15 -79602
4 -8 4 -12 -75376
0 -24 24 -18 -71264
-23 -6 -21 -10 -73172
-1 -1 -13 -24 -99908
0 -19 -5 -23 -75274
-7 -5 -6 -3 -79416
-14 8 -14 4 -71060
-24 -15 -16 -13 -64122
10 5 9 1 -75646
9 3 10 -1 -73632
16 -14 12 -18 -82336
-1 4 -2 3 -82546
16 -1 15 1 -70390
17 -5 24 -10 -76676
-15 24 -1 24 -73230
2 10 -1 8 -74650
-4 -7 -6 -9 -78142
-19 1 -16 7 -77648
24 -13 -21 -9 -77796
5 12 6 11 -71128
-18 -8 -17 -16 -74890
-2 8 -24 14 -81462
19 -12 13 -14 -79242
16 -15 12 -23 -72634
-7 20 -1 21 -68878
-5 1 -5 2 -73598
5 4 3 4 -76930
-20 -20 -15 -24 -53934
-7 17 -7 16 -58658
-10 6 -7 4 -73754
6 10 9 8 -73690
-1 12 -1 10 -69022
0 3 -1 0 -81330
-17 14 -17 24 -65838
16 21 15 20 -69726
18 10 23 8 -70790
20 -23 21 -11 -75720
-10 4 -11 7 -68104
-12 16 -10 15 -70750
17 6 17 9 -69670
-10 7 -9 9 -63970
-16 -20 -17 -13 -71738
-11 -12 -13 -18 -70266
-17 0 -15 1 -65708
-17 13 -23 18 -70158
7 -3 8 -3 -77828
-6 -23 -11 -22 -67304
-15 11 -17 14 -71468
1 10 0 7 -67706
-15 -8 -14 -6 -73278
-22 15 -24 16 -32740
-7 24 -14 21 -60918
-13 11 -13 12 -61280
6 -13 7 -14 -70570
13 -4 17 -4 -68542
2 6 0 9 -75654
3 -21 3 -18 -57970
16 9 13 10 -76270
19 13 21 16 -73084
22 -23 21 -9 -74644
20 -12 16 -10 -72764
24 -13 21 -11 -48880
-1 -17 0 -14 -73782
5 20 -3 23 -65930
22 9 22 5 -71760
-5 17 -8 18 -72772
0 7 -3 0 -94384
9 -15 7 -22 -73444
-4 -18 -20 -24 -77462
-10 -21 13 -22 -78968
-21 -10 -24 -5 -72604
0 2 1 3 -80594
8 5 10 2 -82102
0 -5 1 -5 -73720
1 0 2 -3 -78136
11 0 10 0 -73554
21 -9 18 -20 -78362
4 6 4 8 -67824
-19 11 -15 14 -69918
20 -5 17 -12 -78372
21 12 22 7 -78474
-9 -12 -7 -14 -73558
22 -12 24 -1 -70486
-23 -20 -22 0 -71830
6 -18 1 -14 -77144
-21 -19 -17 -24 -47092
-5 -15 -9 -16 -72168
9 23 14 22 -62466
-14 -3 -13 -7 -72488
-14 14 -13 18 -81710
-2 -1 0 0 -80452
22 6 21 17 -82302
-9 15 -12 14 -69194
-14 14 21 24 -79144
9 -2 11 -4 -75938
11 -21 9 -23 -40960
-22 2 -23 24 -81912
16 0 15 -1 -72816
6 16 2 19 -76312
-18 5 -13 6 -73694
1 0 -1 -2 -80708
21 0 18 -3 -73830
-6 9 -4 11 -74246
-11 -18 -6 -23 -75920
17 -14 9 -11 -78098
12 -4 13 -10 -69904
-10 -19 -11 -23 -58284
10 10 10 11 -65984
-9 10 -10 16 -72344
18 4 22 6 -80228
-10 -7 -9 -10 -68652
0 -17 -2 -14 -74590
-5 -3 -7 -1 -70932
-1 -3 -4 -3 -72502
-24 -2 -20 -2 -63898
-18 -14 -13 -17 -74446
4 22 -24 18 -77516
-19 6 -24 12 -66224
3 -3 4 3 -75774
-13 -24 -19 -22 -48796
24 3 23 -15 -70640
-12 -23 4 -24 -72514
-17 -4 -17 -1 -71046
-4 20 -3 19 -66962
23 -11 21 -3 -71896
-13 -4 -11 -2 -72076
-23 7 -20 6 -54168
16 4 12 5 -77090
-16 -11 -21 -7 -71842
-15 -11 -17 -15 -70820
-3 -1 -5 -4 -82522
2 17 2 21 -69904
-7 16 -2 16 -75964
-15 19 -17 18 -64718
0 5 1 3 -73262
11 -15 13 -14 -75776
-9 -4 -10 -9 -72606
-8 9 -5 10 -69784
-3 16 0 16 -68722
12 12 11 16 -77690
-3 21 -13 24 -76134
1 -11 0 -14 -74592
-2 14 -3 11 -77916
0 -1 -2 2 -73350
-16 19 -13 18 -73374
7 -2 7 -4 -68066
-16 9 -17 12 -68890
24 -18 -11 -23 -76092
-24 0 -18 -2 -78262
8 -15 9 -16 -65318
-12 3 -13 -2 -82362
21 10 17 22 -77510
13 24 3 22 -69512
-7 -9 -4 -9 -68788
8 -10 13 -10 -75274
16 3 20 4 -76234
-23 -10 -19 -21 -74358
7 -14 5 -17 -69930
-18 14 -19 11 -62396
-9 -3 -8 0 -74492
-3 -10 0 -16 -79308
-17 -17 -8 -20 -75636
-14 23 -16 22 -52792
-16 7 -13 6 -74522
-2 -7 -1 -11 -79550
24 -14 20 -19 -49084
16 13 14 18 -81554
22 -23 2 -15 -78074
-5 17 -9 24 -74596
13 14 13 11 -76206
-17 24 14 23 -75054
24 5 24 1 -53128
9 15 10 19 -68590
18 -2 17 -5 -67434
-19 -19 -23 -20 -30590
5 -8 5 -9 -73702
8 -5 11 -5 -77966
13 5 13 0 -72596
15 0 14 1 -72022
-7 -8 -10 -9 -72796
-12 13 -14 13 -71266
3 -18 4 -17 -69014
-15 -12 -16 -7 -80404
21 7 24 9 -49606
5 -3 4 -4 -71908
-17 -9 -14 -15 -78046
23 -10 18 -9 -68420
12 -2 12 -6 -70446
-24 -11 -20 -11 -45704
3 24 24 22 -73772
16 19 18 20 -77418
-24 -23 -4 -4 -75540
24 -11 17 -13 -59852
-2 -9 -3 -11 -77694
18 17 19 18 -76014
14 14 14 17 -76012
-20 20 -20 13 -73354
24 -4 18 2 -60862
23 11 24 -19 -69776
-17 0 -21 -2 -74918
16 14 15 9 -75396
0 19 -1 18 -66768
13 -15 16 -12 -79368
15 -5 12 -6 -71012
7 24 6 21 -39762
-23 -2 -24 22 -81562
15 -9 12 -11 -75364
1 10 1 15 -79672
-8 4 -7 6 -69778
-5 16 -7 13 -75118
10 3 8 3 -84334
7 20 -24 23 -76438
3 -1 2 -1 -79220
19 -11 15 -13 -70324
8 6 8 5 -67512
-9 -21 -11 -22 -72794
11 -4 11 -7 -68074
-14 18 -14 16 -73546
-1 3 0 3 -78566
5 12 2 11 -77610
-1 20 4 21 -64340
-21 23 -5 24 -69108
10 -3 11 -1 -72166
6 -20 9 -19 -66804
-10 -14 -13 -13 -69228
-24 -1 -23 0 -50098
24 -10 20 24 -74102
-10 -21 -11 -22 -68844
2 2 3 2 -82108
-4 20 -4 21 -66582
-4 -24 15 -21 -73068
16 -11 15 -20 -76968
9 -17 8 -24 -58826
-19 -7 -21 -10 -71716
-24 -6 -24 -1 -54174
-23 -18 -13 -14 -76544
22 15 17 12 -77564
13 4 13 6 -69620
1 14 4 16 -80824
-19 -2 -16 -3 -72420
