-3 -16 0 -11 -79882
13 16 12 6 -89526
19 -5 20 -14 -76956
21 -17 20 -24 -38700
15 -7 15 -10 -64094
5 21 4 24 -40442
5 -10 6 -12 -74538
3 1 0 4 -78326
3 -22 7 -22 -70888
6 -12 8 -10 -74934
-8 20 -12 19 -66234
6 3 6 5 -68874
19 4 19 5 -61784
0 -20 3 -19 -69874
-22 -13 -19 -18 -68096
-6 -10 -7 -12 -64382
-20 2 -23 0 -73060
21 13 19 17 -62292
-4 11 0 11 -71668
-16 1 -13 -1 -71520
24 16 21 17 -36034
-24 5 21 0 -76026
-16 -8 -14 -7 -71952
-22 12 -22 19 -67426
-22 -6 -20 0 -75912
22 -20 17 -11 -80344
3 -20 -1 -23 -63708
-12 -2 -13 2 -72828
-2 -5 -2 -3 -66818
15 -16 21 -17 -63602
1 -12 2 -12 -75586
12 16 15 18 -79158
-20 24 17 16 -78956
10 18 6 22 -68166
-6 24 -8 18 -60352
4 4 6 0 -74722
-10 22 -5 21 -74486
-24 -15 -22 -18 -46274
0 -5 -1 -4 -72670
-11 -13 -10 -17 -69696
15 20 13 19 -80592
-18 12 -23 8 -61040
19 17 -17 6 -89360
-2 4 -4 4 -68334
22 -3 23 -2 -51252
-23 -5 -21 3 -77624
-14 20 -12 14 -83164
-9 -1 -12 0 -78230
11 -14 12 -18 -67348
-8 0 -9 0 -79930
-10 -5 -6 -5 -78744
19 0 20 -1 -62774
-11 6 -9 0 -83160
5 -9 -1 -10 -79162
11 18 15 18 -76306
-12 13 -9 24 -76778
23 -24 9 -4 -79366
23 -6 21 -17 -63372
-1 -24 -2 -19 -44616
1 21 8 23 -62980
-5 -12 -7 -19 -73994
-9 6 -12 4 -81452
-23 -10 -21 -8 -61354
-18 -13 -15 -12 -73220
-15 19 -12 17 -77228
7 12 8 7 -69452
-2 -20 0 -21 -60774
-10 -18 -9 -18 -73074
5 11 7 15 -76816
-7 -4 -9 -2 -76220
24 21 14 18 -74246
4 -4 3 -2 -74898
-1 24 -4 17 -69896
1 11 3 10 -68744
-8 23 9 24 -65856
10 8 14 9 -72884
-14 22 -23 23 -50456
24 -17 19 -6 -77766
14 9 16 7 -71486
10 15 8 17 -73524
17 -20 7 -18 -71934
-23 -4 -21 -12 -74794
-8 -19 0 -19 -84654
9 3 6 4 -76856
-23 6 -19 1 -79090
-15 -7 -14 -11 -79476
-4 22 -4 18 -74916
-23 -23 24 -5 -73000
4 -2 6 -1 -74626
24 -23 10 -22 -54524
-4 5 -13 1 -98006
-22 6 -23 3 -65758
5 -18 7 -18 -74192
23 8 18 6 -63432
-21 -7 -20 -6 -70592
24 -7 21 -6 -45476
6 -8 9 -8 -78092
8 -5 7 -10 -73990
-17 -4 -17 -3 -66076
-19 5 -20 10 -66090
13 -5 17 -9 -74850
21 -4 22 -1 -62348
4 -14 -3 -12 -92348
12 -21 15 -24 -41326
6 16 11 24 -71518
-12 -15 -10 -19 -69206
0 -3 -1 -1 -72252
16 -21 12 -15 -76230
-21 17 -20 21 -53250
0 -14 -2 -13 -82792
3 -9 2 -7 -75648
-10 0 -11 -1 -77052
-9 -14 -10 -14 -71636
10 20 14 24 -65936
-1 13 -1 15 -76716
-4 24 24 22 -71148
20 -4 19 -10 -80244
-18 1 -18 2 -70112
1 -14 -4 -14 -82684
-23 8 -21 15 -64434
-21 0 -19 5 -83724
-14 -20 -16 -24 -33714
6 11 5 10 -70514
14 6 9 8 -76968
-23 5 -22 1 -70662
15 -1 17 0 -73732
20 24 19 14 -55450
2 14 24 23 -79548
21 -2 19 5 -71084
20 17 21 17 -57916
12 18 8 18 -68792
13 5 15 7 -75044
-22 -3 -23 2 -63132
-5 2 -7 5 -84002
13 -12 10 -16 -80562
19 -23 16 -15 -65078
-13 9 -14 10 -73734
24 13 22 6 -65594
-9 11 -9 10 -64468
21 -3 19 -9 -78832
-8 4 -9 0 -80464
-19 -24 10 -18 -77404
18 12 18 16 -66658
-24 15 -23 4 -66690
-23 17 -15 21 -65216
0 -8 1 -6 -74926
-22 6 -24 23 -77872
-21 23 -19 19 -31758
-7 -16 -7 -20 -67684
-12 -4 -14 -5 -69226
-13 0 -11 3 -83740
16 6 19 6 -68312
-15 8 -11 9 -76026
-9 -5 -10 -2 -69156
3 11 6 11 -72786
0 5 2 5 -72796
-24 -9 -22 -9 -46394
23 5 23 -1 -62090
-1 13 1 17 -73262
5 -6 5 -3 -71626
13 5 15 10 -81014
8 -8 9 -9 -74088
-12 24 -18 24 -55492
9 22 18 22 -77928
24 -23 19 -24 -29136
-11 8 -12 12 -73126
11 -21 15 -17 -67838
15 14 14 10 -81092
12 11 9 11 -68462
4 -19 9 -22 -73720
11 5 12 7 -74380
7 -23 3 -22 -65768
-4 1 -5 0 -68202
-12 -19 -6 -24 -73480
-10 -8 -11 -11 -70104
-12 6 -7 6 -80892
-9 18 -10 22 -63338
-24 19 -24 5 -74832
-15 -12 -13 -10 -69644
11 0 10 -1 -71014
-1 5 -1 6 -70382
3 -18 3 -14 -68802
-15 7 -15 2 -79730
-9 16 -10 13 -72292
3 16 6 22 -72460
22 13 24 3 -75686
9 -17 12 -22 -70942
23 -21 15 -23 -48842
-21 2 -21 7 -75544
-23 16 -20 9 -72454
5 12 4 18 -72130
-2 -7 1 -7 -74988
-9 -23 -10 12 -78776
-22 -2 -20 -4 -72470
5 -8 3 -10 -71936
-23 -21 -8 -23 -76130
5 16 9 16 -69492
-5 -21 -6 -24 -40162
1 -21 -8 -20 -81578
1 16 5 16 -74790
17 -15 14 -11 -70064
-9 -19 -11 -23 -67328
-21 1 -19 -1 -77476
-5 -18 -5 -16 -70298
0 -9 0 -8 -73862
12 0 13 -4 -75222
11 -1 11 3 -76016
3 -20 1 -19 -64298
-3 -22 -23 -23 -76548
-6 -5 -5 -7 -67152
-1 18 1 15 -69480
19 2 22 3 -62366
-6 2 -6 3 -75166
-18 -21 -19 -13 -69644
-6 -18 -4 -19 -68314
11 -24 9 -14 -75310
12 -24 9 -22 -43526
-4 16 4 10 -89026
-16 7 -15 5 -75000
21 18 19 23 -39650
-2 15 -1 12 -80902
15 20 15 16 -63770
-4 -13 -6 -10 -71720
24 19 24 -4 -69404
9 -10 5 -11 -79794
-3 9 -3 6 -68968
2 23 17 24 -79778
-1 -19 -4 -22 -75344
-24 -21 0 -4 -84324
-3 24 -1 3 -81810
10 9 11 -24 -78762
23 5 20 0 -66556
-2 10 -6 11 -77568
4 -23 1 -14 -74926
21 -20 23 -22 -23670
5 -10 6 -15 -72826
10 20 13 15 -75976
-14 16 -24 10 -78322
8 12 7 11 -71604
21 9 22 7 -70932
-23 -17 24 23 -77530
20 2 24 12 -79778
-23 -21 -19 -6 -75140
-17 17 -15 16 -72444
-16 -14 -20 -19 -73754
-5 -23 -4 -14 -79644
-24 10 -13 10 -75014
23 22 19 17 -46910
-16 -5 -19 -7 -75916
18 -11 15 12 -86738
-24 17 -23 -7 -71570
22 19 14 20 -69670
-12 -15 -11 -9 -69722
11 13 11 22 -76296
-18 -14 -12 -14 -73760
2 -4 1 -6 -68070
10 22 10 20 -47164
-7 22 -3 20 -73948
-6 -7 -5 -10 -70366
-21 13 -17 24 -74220
-1 -12 0 -11 -76028
-15 -3 -11 -5 -75072
20 -11 23 -24 -69684
-1 -23 1 -15 -75344
2 17 2 23 -69038
-11 -7 -12 -5 -72292
15 -13 13 -8 -67654
-12 17 -14 13 -81988
-23 10 -21 -23 -71536
-19 -14 -19 -17 -66022
-4 9 -6 13 -76318
19 13 13 15 -70512
4 -8 4 -12 -76208
0 -24 24 -18 -70394
-23 -6 -21 -10 -72640
-16 22 -18 2 -88344
0 -19 -5 -23 -76634
-7 -5 -6 -3 -70066
-14 8 -14 4 -73688
-24 -15 -16 -13 -67538
10 5 9 1 -75716
9 3 10 -1 -73598
16 -14 12 -18 -83686
-1 4 -2 3 -73404
16 -1 15 1 -74040
17 -5 24 -10 -75968
-15 24 -1 24 -74284
2 10 -1 8 -68920
-22 5 -23 0 -78022
-19 1 -16 7 -80388
24 -13 -21 -9 -76632
5 12 6 11 -73230
-18 -8 -17 -16 -74906
-2 8 -24 14 -81962
19 -12 13 -14 -80456
16 -15 12 -23 -74022
-7 20 -1 21 -68882
-5 1 -5 2 -71854
5 4 3 4 -74894
-20 -20 -15 -24 -57444
-7 17 -7 16 -59510
-10 6 -7 4 -77896
6 10 9 8 -71814
-1 12 -1 10 -70714
0 3 -1 0 -74356
-17 14 -17 24 -67498
16 21 15 20 -69552
18 10 23 8 -66322
20 -23 21 -11 -76584
-10 4 -11 7 -70288
-12 16 -10 15 -71038
17 6 17 9 -69538
-10 7 -9 9 -65016
-16 -20 -17 -13 -70780
-11 -12 -13 -18 -69340
-17 0 -15 1 -68402
-17 13 -23 18 -70154
7 -3 8 -3 -74912
-6 -23 -11 -22 -66458
-15 11 -17 14 -72664
1 10 0 7 -68002
-15 -8 -14 -6 -72252
-22 15 -24 16 -32716
-7 24 -14 21 -62800
-13 11 -13 12 -64616
6 -13 7 -14 -71640
13 -4 17 -4 -70744
2 6 0 9 -74542
3 -21 3 -18 -58032
16 9 13 10 -70016
19 13 21 16 -70052
22 -23 21 -9 -75708
20 -12 16 -10 -73404
24 -13 21 -11 -49426
-1 -17 0 -14 -73576
5 20 -3 23 -66168
22 9 22 5 -72318
-5 17 -8 18 -75212
-4 8 -3 9 -69410
9 -15 7 -22 -73324
-4 -18 -20 -24 -79040
-10 -21 13 -22 -78998
-21 -10 -24 -5 -71020
0 2 1 3 -74940
8 5 10 2 -77966
0 -5 1 -5 -73562
1 0 2 -3 -74196
11 0 10 0 -66530
21 -9 18 -20 -78272
4 6 4 8 -66340
-19 11 -15 14 -73122
20 -5 17 -12 -78146
21 12 22 7 -74586
-9 -12 -7 -14 -75086
22 -12 24 -1 -71118
-23 -20 -22 0 -72370
6 -18 1 -14 -80032
-21 -19 -17 -24 -47316
-5 -15 -9 -16 -72416
9 23 14 22 -64234
-14 -3 -13 -7 -71234
-14 14 -13 18 -83872
-2 -1 0 0 -75644
22 6 21 17 -75000
-9 15 -12 14 -71010
-14 14 21 24 -81542
9 -2 11 -4 -75140
11 -21 9 -23 -41314
-22 2 -23 24 -78406
16 0 15 -1 -71438
6 16 2 19 -75822
-18 5 -13 6 -75660
1 0 -1 -2 -75900
21 0 18 -3 -71830
-13 -12 6 -17 -94780
-11 -18 -6 -23 -77448
17 -14 9 -11 -80372
12 -4 13 -10 -73976
-10 -19 -11 -23 -57266
10 10 10 11 -67140
-9 10 -10 16 -74696
11 23 22 14 -74172
-10 -7 -9 -10 -67652
0 -17 -2 -14 -78444
-5 -3 -7 -1 -71330
-1 -3 -4 -3 -66864
-24 -2 -20 -2 -66270
-18 -14 -13 -17 -74160
4 22 -24 18 -76448
-19 6 -24 12 -67288
3 -3 4 3 -72664
-13 -24 -19 -22 -56156
24 3 23 -15 -70178
-12 -23 4 -24 -71144
-17 -4 -17 -1 -70092
-4 20 -3 19 -67228
23 -11 21 -3 -71872
-13 -4 -11 -2 -71240
-23 7 -20 6 -54598
16 4 12 5 -74174
-16 -11 -21 -7 -70676
-15 -11 -17 -15 -70570
-22 -5 -23 -12 -64440
2 17 2 21 -69984
-7 16 -2 16 -76662
-15 19 -17 18 -65996
0 5 1 3 -71270
11 -15 13 -14 -77606
-9 -4 -10 -9 -69880
-8 9 -5 10 -70638
-3 16 0 16 -66476
12 12 11 16 -73234
-3 21 -13 24 -77476
1 -11 0 -14 -72666
-2 14 -3 11 -76842
0 -1 -2 2 -72408
-16 19 -13 18 -74060
7 -2 7 -4 -65294
-16 9 -17 12 -70508
24 -18 -11 -23 -75770
-24 0 -18 -2 -79770
8 -15 9 -16 -65854
-12 3 -13 -2 -81548
21 10 17 22 -75120
13 24 3 22 -69524
-7 -9 -4 -9 -64708
8 -10 13 -10 -75916
16 3 20 4 -72284
-23 -10 -19 -21 -73076
7 -14 5 -17 -69748
-18 14 -19 11 -65248
-9 -3 -8 0 -69028
-3 -10 0 -16 -82052
-17 -17 -8 -20 -77896
-14 23 -16 22 -53340
-16 7 -13 6 -76664
-2 -7 -1 -11 -77944
24 -14 20 -19 -49166
16 6 21 1 -82372
22 -23 2 -15 -77644
-5 17 -9 24 -75378
13 14 13 11 -77910
-17 24 14 23 -76102
24 5 24 1 -53310
9 15 10 19 -66828
18 -2 17 -5 -66574
-19 -19 -23 -20 -33888
5 -8 5 -9 -74366
8 -5 11 -5 -75292
13 5 13 0 -75580
15 0 14 1 -75252
-7 -8 -10 -9 -71908
-12 13 -14 13 -71402
3 -18 4 -17 -69234
-15 -12 -16 -7 -79638
21 7 24 9 -48168
5 -3 4 -4 -71108
-17 -9 -14 -15 -78168
23 -10 18 -9 -67298
12 -2 12 -6 -70832
-24 -11 -20 -11 -54578
3 24 24 22 -72470
16 19 18 20 -74518
-24 -23 -4 -4 -79900
24 -11 17 -13 -59564
-2 -9 -3 -11 -71156
18 17 19 18 -73464
14 14 14 17 -70272
-20 20 -20 13 -73792
24 -4 18 2 -60514
23 11 24 -19 -69430
-17 0 -21 -2 -81318
16 14 15 9 -79320
0 19 -1 18 -64820
13 -15 16 -12 -80660
15 -5 12 -6 -69460
7 24 6 21 -40108
-17 0 -20 0 -77174
15 -9 12 -11 -75182
1 10 1 15 -80270
-8 4 -7 6 -69392
-5 16 -7 13 -73970
10 3 8 3 -69794
7 20 -24 23 -74978
3 -1 2 -1 -76780
19 -11 15 -13 -70964
8 6 8 5 -66492
-9 -21 -11 -22 -71274
11 -4 11 -7 -68636
-14 18 -14 16 -75474
-1 3 0 3 -72324
-8 12 -6 11 -73830
-1 20 4 21 -62594
-21 23 -5 24 -70596
10 -3 11 -1 -69026
6 -20 9 -19 -66486
-10 -14 -13 -13 -70036
-24 -1 -23 0 -52498
24 -10 20 24 -76254
-10 -21 -11 -22 -67012
2 2 3 2 -80288
-4 20 -4 21 -68208
-4 -24 15 -21 -74244
16 -11 15 -20 -77836
9 -17 8 -24 -59854
-19 -7 -21 -10 -73918
-24 -6 -24 -1 -49398
-23 -18 -13 -14 -80402
22 15 17 12 -74040
13 4 13 6 -70634
1 14 4 16 -74396
-19 -2 -16 -3 -73732
