22 8 21 10 -61000
20 -17 20 -20 -64020
-12 -15 -15 -18 -66234
21 -17 20 -24 -69750
-24 -13 -21 -8 -67358
5 21 4 24 -52044
5 -10 6 -12 -70462
16 11 18 14 -70764
-12 -12 -11 -9 -72902
12 17 9 19 -67462
-8 20 -12 19 -69686
6 3 6 5 -72208
19 4 19 5 -61068
-16 -9 -21 -8 -69504
-22 -4 -24 -8 -65502
-6 -10 -7 -12 -64762
-20 2 -23 0 -69452
21 13 19 17 -56452
-16 -17 -18 -23 -72434
-24 12 2 8 -79192
24 16 21 17 -36678
14 -12 14 -11 -58794
21 -11 21 -10 -60406
-22 12 -22 19 -66176
-22 14 -18 13 -71886
-9 -18 -10 -17 -69492
3 -20 -1 -23 -63344
24 3 -2 -3 -73376
-2 -5 -2 -3 -62732
5 20 4 17 -69252
1 -12 2 -12 -68068
12 16 15 18 -75020
-11 2 -11 4 -65018
3 21 3 22 -63102
-6 24 -8 18 -62772
-14 24 -15 19 -53440
13 13 14 14 -68798
-24 -15 -22 -18 -47246
0 -5 -1 -4 -65700
-11 -13 -10 -17 -69638
21 -8 22 -10 -62210
-18 12 -23 8 -66524
-5 -2 -6 -4 -72404
16 1 16 -3 -70224
22 -3 23 -2 -61570
-23 12 -23 15 -58476
-24 23 22 20 -69724
16 19 17 18 -64860
11 -14 12 -18 -68810
-8 0 -9 0 -70648
16 4 14 4 -66822
-10 8 -7 9 -71638
-10 17 -9 16 -71956
-16 -16 -14 -16 -66776
-15 24 -18 19 -68682
9 1 0 -14 -96656
-18 -23 -13 0 -81830
17 1 16 0 -68426
-1 -24 -2 -19 -53556
1 21 8 23 -67892
0 -14 6 -6 -94894
21 -5 24 -5 -53534
-23 -10 -21 -8 -77018
-8 -4 -10 -4 -68744
-15 19 -12 17 -63892
24 16 23 21 -38694
-2 -20 0 -21 -71454
-10 -18 -9 -18 -66602
10 -1 12 -4 -67892
0 0 -3 3 -65390
24 21 14 18 -72976
-23 -5 23 -15 -74860
-1 24 -4 17 -67702
1 11 3 10 -68734
-8 23 9 24 -69394
6 -3 7 -2 -70390
-14 22 -23 23 -66946
-20 15 -18 16 -64620
14 9 16 7 -73882
16 -9 13 -7 -68786
-22 20 -20 14 -69080
12 7 10 8 -67004
9 12 10 15 -71872
-7 6 -6 7 -68910
11 -10 10 -16 -67358
-7 19 -9 17 -65554
-14 4 -15 0 -69448
-23 -23 24 -5 -70490
-3 -12 -1 -16 -71326
24 -23 10 -22 -58362
16 -5 17 -8 -68662
-22 6 -23 3 -76814
9 -12 11 -12 -65996
9 -21 14 -20 -69708
-21 -7 -20 -6 -75368
24 -7 21 -6 -53804
-20 -13 -19 -9 -64440
-20 21 -13 21 -78522
-17 -4 -17 -3 -59958
-23 -4 -20 -4 -74032
6 -10 4 -10 -70752
-13 -10 -14 -10 -72778
-5 10 -5 9 -56866
12 -21 15 -24 -55468
-24 23 23 10 -68860
5 22 6 24 -54572
14 -5 11 -5 -64588
-17 1 -18 0 -68348
-21 17 -20 21 -53730
0 -14 -2 -13 -70534
0 -7 3 -8 -74642
-10 0 -11 -1 -65628
-9 -14 -10 -14 -70054
10 20 14 24 -63120
-1 13 -1 15 -62276
-4 24 24 22 -64860
2 -19 1 -23 -65590
-18 1 -18 2 -61256
-11 -21 -13 -24 -57268
-23 8 -21 15 -64746
-4 18 -3 18 -62788
-14 -20 -16 -24 -57060
6 11 5 10 -63012
-14 -16 -13 -11 -71912
-23 5 -22 1 -63572
24 15 24 9 -59122
20 24 19 14 -60712
12 -23 8 -22 -59310
-9 -10 -9 -9 -63134
20 17 21 17 -57472
0 16 -1 19 -66456
-20 8 -20 5 -65812
-22 -3 -23 2 -63090
-13 16 -15 12 -74414
14 15 15 17 -76446
-21 20 -18 20 -67720
-13 9 -14 10 -64198
24 13 22 6 -62392
-9 11 -9 10 -63246
-23 -17 -21 -17 -45522
-8 4 -9 3 -70578
-14 -22 -14 -17 -67804
7 2 5 5 -68958
-24 15 -23 4 -67252
-23 17 -15 21 -79716
16 -17 17 -18 -58764
7 9 10 10 -61766
-21 23 -19 19 -47578
-7 -16 -7 -20 -58730
11 17 11 22 -63886
-15 -7 -12 -7 -71866
17 19 16 21 -58438
4 -1 4 0 -56074
-9 -5 -10 -2 -73112
-8 -2 -9 -5 -71544
0 5 2 5 -67906
-24 -9 -22 -9 -57488
23 5 23 -1 -61302
22 -21 20 -23 -56772
-17 3 -21 6 -74904
5 22 3 19 -72922
8 -8 9 -9 -65744
-12 24 -18 24 -64520
9 22 18 22 -68364
24 -23 19 -24 -40204
15 19 15 13 -76756
11 -21 15 -17 -75514
24 -23 -5 -24 -60776
12 11 9 11 -62334
13 0 13 1 -63168
2 -7 1 -8 -77926
7 -23 3 -22 -65150
-4 1 -5 0 -68624
-15 14 -15 11 -77486
-5 -13 -3 -14 -65844
7 0 -21 -4 -83368
-9 18 -10 22 -61896
-22 5 -19 5 -72528
-15 -12 -13 -10 -73014
11 0 10 -1 -68738
-1 5 -1 6 -63034
3 -18 3 -14 -65196
-11 15 -9 14 -73178
-14 -19 -15 -20 -68932
0 -21 5 -21 -69326
-18 13 -23 17 -79476
9 21 6 23 -56690
23 -21 15 -23 -57656
20 -15 18 -15 -63142
-4 -4 -24 -13 -77436
19 -9 23 -7 -66844
8 0 8 5 -73588
-5 18 -5 20 -69128
-22 -2 -20 -4 -71008
5 -8 3 -10 -79926
12 -4 12 -5 -72436
5 16 9 16 -64066
-5 -21 -6 -24 -37540
4 10 2 12 -74348
9 -7 8 -13 -67276
17 -15 14 -11 -66888
14 -21 16 -23 -53804
0 23 -6 24 -49720
-5 -18 -5 -16 -59588
0 -9 0 -8 -54760
-22 8 -24 7 -50838
21 12 18 11 -61694
3 -20 1 -19 -70690
-3 -22 -23 -23 -67174
-6 -5 -5 -7 -66502
-1 -6 0 -6 -75054
5 19 9 -5 -84550
-6 2 -6 3 -63552
-24 2 -23 14 -72494
-9 -22 -16 -19 -71908
10 23 9 23 -65176
12 -24 9 -22 -55370
-3 -2 -2 0 -68476
-16 7 -15 5 -67880
21 18 19 23 -49674
2 17 0 19 -66784
15 20 15 16 -72004
7 6 4 4 -70190
24 19 24 -4 -66732
2 -16 3 -20 -72622
-3 9 -3 6 -65860
15 -8 16 -8 -67520
-1 -17 0 -17 -73694
18 -7 21 -6 -69814
14 -8 14 -7 -61000
-9 -15 -8 -13 -71372
14 -1 15 0 -71680
2 -4 0 -5 -74748
3 -19 4 -23 -68182
21 -20 23 -22 -31756
5 -10 6 -15 -71950
-15 0 -15 -2 -59294
19 -1 21 3 -68630
6 6 5 11 -68818
21 3 22 4 -59950
-23 -17 24 23 -72194
16 3 17 5 -65526
-9 20 -3 24 -59892
-22 -4 -23 1 -65630
-5 -1 -5 0 -57802
16 -12 16 -11 -61502
-20 -13 -18 -13 -67892
23 22 19 17 -50950
-16 -5 -19 -7 -70292
1 12 1 11 -63300
-24 17 -23 -7 -69600
22 19 14 20 -71604
18 13 18 8 -67984
-21 22 -21 21 -37820
18 16 19 18 -70548
2 -4 1 -6 -66872
10 22 10 20 -53294
6 11 8 15 -73982
-10 4 -5 -10 -87466
-21 20 -18 24 -58200
20 -5 19 -10 -65362
23 -4 24 1 -62618
20 -11 23 -24 -64128
-10 11 -10 13 -69522
2 17 2 23 -72400
-11 -7 -12 -5 -70856
-2 -13 5 -20 -86296
2 23 4 23 -58562
-23 10 -21 -23 -70450
-19 -14 -19 -17 -65954
-24 -24 -23 -17 -28120
19 13 13 15 -66920
-7 -12 -7 -13 -66876
18 -24 18 -18 -57012
-23 -6 -21 -10 -64578
-10 23 -15 23 -68040
-2 -21 -1 -16 -68416
-13 8 -15 7 -53928
-14 8 -14 4 -65010
11 18 12 18 -66988
20 6 22 7 -59800
9 3 10 -1 -65924
23 -12 21 -16 -53702
-1 4 -2 3 -64064
16 -1 15 1 -64696
22 -24 24 -19 -53582
2 13 1 12 -63280
-21 -14 -21 -24 -62046
-22 5 -23 0 -70082
-24 24 -22 8 -59880
1 -13 2 -10 -71538
5 12 6 11 -70470
12 -15 11 -18 -69746
-15 -21 -22 -22 -60338
-6 10 -3 10 -62130
-6 18 -7 18 -64604
-16 -17 -15 -20 -68544
-5 1 -5 2 -63272
5 4 3 4 -66696
-20 -20 -15 -24 -64800
-7 17 -7 16 -64210
12 6 11 4 -71208
6 -18 9 -22 -68282
3 12 3 15 -66384
-18 -13 -17 -15 -67182
-17 14 -17 24 -69890
16 21 15 20 -63846
18 10 23 8 -61106
-5 -21 -8 -19 -62280
-10 4 -11 7 -66612
-24 -11 -16 -6 -90160
17 6 17 9 -66250
-6 -2 -3 -4 -65996
-21 -20 -18 -13 -76480
-2 -22 -4 -21 -62892
-1 -7 -3 -6 -69380
11 -24 -21 -21 -67786
22 5 21 7 -58320
-4 1 -2 2 -65980
-15 11 -17 14 -70962
1 10 0 7 -63262
-15 -8 -14 -6 -65818
-22 15 -24 16 -42084
-7 24 -14 21 -66808
-13 11 -13 12 -73604
6 -13 7 -14 -66470
-9 -6 -7 -8 -71222
5 13 -17 10 -85354
3 -21 3 -18 -71630
16 9 13 10 -69666
19 13 21 16 -67480
24 16 24 8 -62190
12 -15 9 -15 -69136
24 -13 21 -11 -50424
-1 -17 0 -14 -63354
5 20 -3 23 -71938
22 9 22 5 -66372
13 6 14 6 -66822
-4 8 -3 9 -65484
18 0 22 0 -57944
7 23 10 24 -58636
-10 0 -10 -3 -64364
-21 -10 -24 -5 -65934
24 -23 -19 -1 -75154
-12 7 -11 11 -63954
19 -11 18 -11 -68168
-11 22 -15 22 -71042
11 0 10 0 -62028
-7 -22 -3 -24 -54644
4 6 4 8 -66850
18 -4 16 -3 -72454
-21 16 -23 13 -56944
18 -19 10 -23 -71754
9 -23 3 -23 -63276
22 -12 24 -1 -68134
-23 -20 -22 0 -68682
-21 -3 -21 -4 -59494
-21 -19 -17 -24 -58422
2 -4 5 0 -75672
9 23 14 22 -66438
-14 -3 -13 -7 -69454
-2 -19 0 -19 -76296
-14 19 -14 17 -67298
5 16 4 15 -64314
-9 15 -12 14 -66782
1 10 -1 10 -66790
-5 14 -7 15 -69454
11 -21 9 -23 -55552
4 -6 2 -4 -72812
-9 -10 -12 -10 -72674
-15 -4 -14 -5 -66176
-1 5 -3 6 -69844
-22 8 -21 7 -67282
-3 10 0 10 -69048
12 4 11 6 -74112
6 -23 6 -20 -60858
-15 -13 -14 -16 -73914
9 11 8 6 -67620
-10 -19 -11 -23 -58876
10 10 10 11 -56776
14 8 12 -10 -84564
-21 8 -24 3 -77664
-3 -19 -7 -19 -63438
-22 6 -22 4 -71048
22 -3 21 -2 -62766
-6 -15 -7 -12 -72080
-24 -2 -20 -2 -67308
5 -21 4 -21 -66622
8 -12 5 -13 -71174
-19 6 -24 12 -74308
13 24 -24 19 -76340
-13 -24 -19 -22 -58000
19 -18 19 -16 -58152
-12 -23 22 -24 -64100
6 13 3 18 -69364
-4 20 -3 19 -69106
23 -11 21 -3 -67568
-13 -4 -11 -2 -65166
-23 7 -20 6 -69286
8 -24 8 -22 -38780
14 3 15 2 -65564
23 -16 24 1 -70458
-22 -5 -23 -12 -65862
-3 15 -2 11 -64388
2 -9 5 -11 -73258
-15 19 -17 18 -73140
0 5 1 3 -59938
11 -15 13 -14 -68028
12 -19 10 -15 -68676
14 -2 16 -2 -66998
-3 16 0 16 -64396
12 12 11 16 -68946
-3 21 -13 24 -59634
1 -11 0 -14 -66996
-2 14 -3 11 -64638
-8 -6 -7 -5 -66820
-14 -1 -17 0 -65058
7 -2 7 -4 -66100
9 20 10 20 -70324
-10 -23 -6 -21 -57992
0 0 4 -3 -74260
8 -15 9 -16 -63978
-20 -21 -21 -14 -67484
-21 -21 -18 -18 -64764
-9 3 -10 3 -68300
-7 -9 -4 -9 -59274
-13 14 -13 12 -76996
-10 3 -13 4 -65254
15 -22 19 -18 -68380
7 -14 5 -17 -69478
-18 14 -19 11 -64842
23 -4 24 -2 -58590
-13 1 -14 6 -74304
7 -7 7 -2 -70678
-14 23 -16 22 -65154
18 -17 13 -17 -67166
20 7 20 6 -67676
24 -14 20 -19 -57482
24 -23 24 -18 -45134
-8 -11 -10 -13 -75378
-5 17 -9 24 -69346
13 14 13 11 -68236
-17 24 14 23 -71636
24 5 24 1 -50116
9 15 10 19 -67624
18 -2 17 -5 -67104
-19 -19 -23 -20 -49168
5 -8 5 -9 -61170
-15 -17 -10 -23 -75018
1 0 3 1 -73238
-18 16 -17 15 -67432
10 -21 11 -19 -64214
-12 13 -14 13 -63818
3 -18 4 -17 -64332
-15 -12 -16 -7 -69834
21 7 24 9 -47764
-1 -5 -2 -5 -72946
-15 6 -19 4 -67088
-12 -12 -11 -13 -72106
-11 -17 -14 -16 -74538
-24 -11 -20 -11 -65706
3 24 24 22 -65192
16 19 18 20 -69826
7 -6 11 -5 -62060
24 -11 17 -13 -68310
-2 -9 -3 -11 -58832
20 -24 24 -6 -71492
23 -14 23 -9 -58046
-16 -18 -19 -17 -68676
16 9 16 15 -72286
23 11 24 -19 -66276
21 0 22 -3 -66502
15 -5 15 -6 -68096
0 19 -1 18 -60046
-16 3 -19 3 -68740
20 -5 16 -3 -76026
7 24 6 21 -58004
3 1 3 2 -58282
15 -9 12 -11 -62554
-1 -20 -4 -23 -57052
-8 4 -7 6 -68776
-10 -22 -7 -23 -52556
10 3 8 3 -57838
7 20 -24 23 -73928
3 -1 2 -1 -73716
19 -11 15 -13 -68282
8 6 8 5 -71854
-5 -21 0 -18 -71924
11 -4 11 -7 -72636
-14 18 -14 16 -67762
-1 3 0 3 -67384
-8 12 -6 11 -67340
-1 20 4 21 -65920
22 24 19 24 -35006
10 -3 11 -1 -69562
6 -20 9 -19 -64582
24 -18 20 -9 -63374
-24 -1 -23 0 -48614
24 -10 20 24 -72052
-10 -21 -11 -22 -64704
-1 -11 -23 -24 -71808
-4 20 -4 21 -62692
-9 5 -8 4 -67306
16 -11 15 -20 -70026
9 -17 8 -24 -67382
-9 -9 -9 -8 -60472
-24 -6 -24 -1 -54128
-15 -11 -17 -8 -70016
-9 15 -9 17 -63220
13 4 13 6 -70162
-17 -12 -17 -16 -69568
-19 -2 -16 -3 -69026
