22 8 21 10 -65496
20 -17 20 -20 -63792
-12 -15 -15 -18 -73628
24 13 -20 3 -74206
-24 -13 -21 -8 -66692
5 21 4 24 -54860
24 -18 24 -21 -52366
16 11 18 14 -72694
-12 -12 -11 -9 -74360
12 17 9 19 -66350
-8 20 -12 19 -62784
12 -6 11 -4 -78114
19 4 19 5 -61124
-16 -9 -21 -8 -75686
-20 6 -22 4 -69142
-6 -10 -7 -12 -73730
-20 2 -23 0 -67052
21 13 19 17 -69866
-16 -17 -18 -23 -72334
2 -6 4 -4 -71596
24 16 21 17 -52228
14 -12 14 -11 -61138
21 -11 21 -10 -60016
-22 12 -22 19 -61492
-22 14 -18 13 -63176
-9 -18 -10 -17 -72922
3 -20 -1 -23 -68958
11 -14 10 -12 -65758
-2 -5 -2 -3 -60024
5 20 4 17 -65034
1 -12 2 -12 -69822
16 -24 -23 -19 -69120
-11 2 -11 4 -59054
3 21 3 22 -58746
-17 6 -11 5 -69128
-14 24 -15 19 -56864
13 13 14 14 -66992
-24 -15 -22 -18 -50912
0 -5 -1 -4 -69138
-11 -13 -10 -17 -69752
21 -8 22 -10 -62590
-18 12 -23 8 -66242
-6 -7 -6 -6 -60638
-9 -9 -11 -11 -76564
22 -3 23 -2 -64124
-23 12 -23 15 -55852
-24 23 22 20 -67126
16 19 17 18 -65142
11 -14 12 -18 -67784
-8 0 -9 0 -71936
16 4 14 4 -65148
22 7 20 8 -69644
-10 17 -9 16 -70466
-16 -16 -14 -16 -68600
-15 24 -18 19 -66356
3 -21 5 -20 -76250
-6 23 0 22 -65098
4 13 0 13 -70160
-1 -24 -2 -19 -56448
10 5 7 3 -72564
-5 -16 -6 -14 -69984
21 -5 24 -5 -54700
-23 -10 -21 -8 -73244
-8 -4 -10 -4 -72574
7 10 5 10 -61816
24 16 23 21 -46170
-2 -20 0 -21 -71346
-10 -18 -9 -18 -72388
10 -1 12 -4 -74270
0 0 -3 3 -71930
24 5 -2 8 -76690
-23 -5 23 -15 -72334
-1 24 -4 17 -65486
1 11 3 10 -62706
6 -11 6 -12 -61350
6 -3 7 -2 -68776
-14 22 -23 23 -61410
-20 15 -18 16 -57886
14 -9 16 -10 -61590
-7 9 -6 8 -64708
-22 20 -20 14 -65094
8 0 6 0 -70434
9 12 10 15 -70578
-7 6 -6 7 -62508
11 -10 10 -16 -69542
-7 19 -9 17 -66496
-9 -17 -15 -19 -83312
-23 -23 24 -5 -70052
2 -17 -1 -17 -76330
24 -23 10 -22 -64294
16 -5 17 -8 -65642
23 6 24 -7 -71096
9 -12 11 -12 -74230
9 -21 14 -20 -70266
-21 -7 -20 -6 -74940
24 -7 21 -6 -54702
-20 -13 -19 -9 -67374
-7 23 -9 19 -63786
-17 -4 -17 -3 -66852
-23 -4 -20 -4 -78534
6 -10 4 -10 -64892
-13 -10 -14 -10 -64540
-5 10 -5 9 -62238
12 -21 15 -24 -55834
-24 23 23 10 -71606
5 22 6 24 -54014
14 -5 11 -5 -66456
9 20 9 24 -65898
-21 17 -20 21 -50234
0 -14 -2 -13 -75926
0 -7 3 -8 -75172
-10 0 -11 -1 -70584
-9 -14 -10 -14 -73580
10 20 14 24 -62648
-1 13 -1 15 -63700
-4 24 24 22 -62336
2 -19 1 -23 -70572
-18 1 -18 2 -61150
-11 -21 -13 -24 -60700
-23 10 -24 2 -64142
-4 18 -3 18 -67132
-14 -20 -16 -24 -58546
13 19 12 22 -63908
-14 -16 -13 -11 -71940
-23 5 -22 1 -59960
24 15 24 9 -69856
20 24 19 14 -64118
12 -23 8 -22 -63756
-9 -10 -9 -9 -67252
20 17 21 17 -60222
0 16 -1 19 -66730
-20 8 -20 5 -65696
-22 -3 -23 2 -65468
-13 16 -15 12 -67630
14 15 15 17 -67720
-21 20 -18 20 -63364
-13 9 -14 10 -65172
24 13 22 6 -68480
-9 11 -9 10 -69074
-23 -17 -21 -17 -47872
-8 4 -9 3 -68824
-14 -22 -14 -17 -68868
7 2 5 5 -66408
-24 15 -23 4 -59300
20 9 23 23 -71542
16 -17 17 -18 -59420
7 9 10 10 -63016
-21 23 -19 19 -47790
-7 -16 -7 -20 -63508
11 17 11 22 -73380
19 -1 15 -2 -61600
17 19 16 21 -63078
4 -1 4 0 -54640
-9 -5 -10 -2 -65716
-8 -2 -9 -5 -68608
0 5 2 5 -68698
-24 -9 -22 -9 -61286
23 5 23 -1 -64572
22 -21 20 -23 -53842
20 12 20 10 -69632
1 -9 -1 -10 -72352
8 -8 9 -9 -64550
-12 24 -18 24 -49936
9 22 18 22 -64018
24 -23 19 -24 -40370
4 -23 -16 -22 -71610
-24 -6 -21 -3 -72252
24 -23 -5 -24 -72270
12 11 9 11 -62842
13 0 13 1 -56542
16 -18 18 -15 -65034
7 -23 3 -22 -70626
14 12 17 12 -68054
8 14 8 11 -69334
-5 -13 -3 -14 -69646
14 -2 14 -4 -63744
-9 18 -10 22 -61820
-22 5 -19 5 -66298
-15 -12 -13 -10 -70102
11 0 10 -1 -70620
-1 5 -1 6 -65996
-4 -1 -1 2 -69690
-11 15 -9 14 -68756
-14 -19 -15 -20 -71418
0 -21 5 -21 -73248
18 -12 19 -16 -65130
9 21 6 23 -57496
23 -21 15 -23 -60104
20 -15 18 -15 -52874
-18 -1 -15 0 -58048
19 -9 23 -7 -63910
8 0 8 5 -71456
-5 18 -5 20 -67136
-22 -2 -20 -4 -87032
5 -8 3 -10 -69628
-8 -23 -11 -18 -64654
5 16 9 16 -59112
-5 -21 -6 -24 -43114
-21 -9 -19 -11 -70032
9 -7 8 -13 -67090
2 13 3 15 -70428
14 -21 16 -23 -54388
0 23 -6 24 -58380
-5 -18 -5 -16 -66326
0 -9 0 -8 -55460
-22 8 -24 7 -47884
21 12 18 11 -65530
3 -20 1 -19 -65230
-3 -22 -23 -23 -68590
-6 -5 -5 -7 -65978
-1 -6 0 -6 -76452
11 18 9 16 -69014
-6 2 -6 3 -65530
-9 -2 -7 0 -75324
-9 -22 -16 -19 -73010
10 23 9 23 -57976
12 -24 9 -22 -57324
12 -7 6 -10 -76042
-16 7 -15 5 -64178
21 18 19 23 -55726
2 17 0 19 -68534
15 20 15 16 -68444
-6 11 6 -9 -87240
24 19 24 -4 -64580
2 1 3 5 -70784
5 -7 4 -6 -69094
15 -8 16 -8 -60600
-19 -11 -18 -15 -66780
18 -7 21 -6 -63454
14 -8 14 -7 -57292
-9 -15 -8 -13 -70096
22 14 21 12 -68092
2 -4 0 -5 -71058
3 -19 4 -23 -63660
21 -20 23 -22 -33212
18 -19 15 -19 -63528
-15 0 -15 -2 -61524
19 -1 21 3 -68844
-5 -11 -9 -10 -72712
21 3 22 4 -62644
23 0 24 -12 -67486
16 3 17 5 -64402
-9 20 -3 24 -58556
-22 -4 -23 1 -71358
-5 -1 -5 0 -55734
16 -12 16 -11 -61770
-20 -13 -18 -13 -76236
23 22 19 17 -50386
-16 -5 -19 -7 -65338
1 12 1 11 -59574
-24 17 -23 -7 -64472
22 19 14 20 -66586
18 13 18 8 -68330
-21 22 -21 21 -37398
18 16 19 18 -66080
2 -4 1 -6 -67326
10 22 10 20 -69886
-1 -14 0 -17 -66834
2 -9 3 -12 -64918
-21 20 -18 24 -54600
20 -5 19 -10 -61088
23 -4 24 1 -66806
20 -11 23 -24 -67878
-10 11 -10 13 -67174
-1 7 -1 8 -64768
-11 -7 -12 -5 -65690
6 16 4 22 -69384
2 23 4 23 -54370
-23 10 -21 -23 -68152
-19 -14 -19 -17 -65546
-24 -24 -23 -17 -32908
19 13 13 15 -72500
-7 -12 -7 -13 -63366
18 -24 18 -18 -49922
-23 -6 -21 -10 -79000
-10 23 -15 23 -46682
-2 -21 -1 -16 -69900
-13 8 -15 7 -61666
-14 8 -14 4 -64132
11 18 12 18 -63508
20 6 22 7 -63834
9 3 10 -1 -63404
23 -12 21 -16 -50614
-1 4 -2 3 -65886
16 -1 15 1 -65048
22 -24 24 -19 -51314
2 13 1 12 -71476
-21 -14 -21 -24 -65406
-22 5 -23 0 -62864
-24 24 -22 8 -57566
1 -13 2 -10 -69752
-5 5 2 14 -91486
12 -15 11 -18 -68680
-15 -21 -22 -22 -60558
-6 10 -3 10 -67404
-6 18 -7 18 -61818
-16 -17 -15 -20 -66796
-5 1 -5 2 -65712
5 4 3 4 -68412
-20 -20 -15 -24 -66786
-7 17 -7 16 -66186
12 6 11 4 -66408
6 -18 9 -22 -67276
3 12 3 15 -65338
-2 21 0 18 -72640
-17 14 -17 24 -69080
16 21 15 20 -60356
18 10 23 8 -71212
-24 20 -14 19 -71184
-10 4 -11 7 -61716
-17 -12 -19 -11 -70858
-24 -8 -23 -4 -66740
-6 -2 -3 -4 -65768
3 19 4 19 -65282
-2 -22 -4 -21 -65554
-1 -7 -3 -6 -73434
-20 -24 -21 -21 -41690
22 5 21 7 -63116
-4 1 -2 2 -65364
-15 11 -17 14 -62354
1 10 0 7 -67204
-15 -8 -14 -6 -64214
-22 15 -24 16 -38652
-4 14 -6 14 -69084
-13 11 -13 12 -64962
6 -13 7 -14 -60630
11 -18 11 -16 -62902
-18 5 -17 11 -66382
13 -16 11 -15 -66334
16 9 13 10 -69100
22 -20 2 -21 -85838
24 16 24 8 -71974
12 -15 9 -15 -76726
24 -13 21 -11 -56430
-1 -17 0 -14 -66568
-16 -20 19 13 -82896
22 9 22 5 -64748
13 6 14 6 -62896
-4 8 -3 9 -71076
18 0 22 0 -59344
7 23 10 24 -53364
-10 0 -10 -3 -63104
-21 -10 -24 -5 -82904
0 -20 24 -24 -77300
-5 -13 -6 -16 -71724
-21 -1 -19 -4 -88130
5 22 2 20 -65828
11 0 10 0 -65314
-7 -22 -3 -24 -55888
4 6 4 8 -65084
18 -4 16 -3 -65558
-21 16 -23 13 -54226
18 -19 10 -23 -68492
9 -23 3 -23 -71336
22 -12 24 -1 -70410
-23 -20 -22 0 -71518
-21 -3 -21 -4 -71150
-21 -19 -17 -24 -66242
-8 -1 -10 2 -64688
9 23 14 22 -62496
-14 -3 -13 -7 -69844
-2 -19 0 -19 -76662
-14 19 -14 17 -69258
5 16 4 15 -65134
-9 15 -12 14 -63268
1 10 -1 10 -70418
24 21 21 22 -40974
11 -21 9 -23 -57212
-9 9 -9 10 -65710
-9 -10 -12 -10 -74632
-15 -4 -14 -5 -66266
-1 5 -3 6 -72672
-22 8 -21 7 -65968
-3 10 0 10 -73268
12 4 11 6 -68628
6 -23 6 -20 -59314
-15 -13 -14 -16 -72514
9 11 8 6 -63360
-10 -19 -11 -23 -62958
10 10 10 11 -60544
1 -20 1 -21 -66160
-7 -10 -6 -9 -74836
-3 -19 -7 -19 -67666
-22 6 -22 4 -63730
22 -3 21 -2 -57842
-1 -19 -2 -16 -67892
-24 -2 -20 -2 -70574
5 -21 4 -21 -75124
8 -12 5 -13 -68640
-19 6 -24 12 -69862
13 24 -24 19 -69596
-13 -24 -19 -22 -57058
19 -18 19 -16 -62424
-12 -23 22 -24 -71984
-3 -5 -12 -6 -83788
-4 20 -3 19 -71112
3 -1 3 -5 -67192
-13 -4 -11 -2 -65106
-23 7 -20 6 -66402
8 -24 8 -22 -39332
14 3 15 2 -65494
23 -16 24 1 -75030
-22 -5 -23 -12 -70012
-3 15 -2 11 -65248
-19 5 -16 6 -57988
-15 19 -17 18 -64800
0 5 1 3 -65478
11 -15 13 -14 -71324
-22 14 -23 10 -56326
14 -2 16 -2 -64202
-3 16 0 16 -69282
12 12 11 16 -68782
-3 21 -13 24 -53300
1 -11 0 -14 -66962
-2 14 -3 11 -68668
0 -14 -4 -14 -76980
-14 -1 -17 0 -69576
7 -2 7 -4 -68208
-10 23 -10 21 -42352
-10 -23 -6 -21 -63230
0 0 4 -3 -72558
8 -15 9 -16 -67006
-20 -21 -21 -14 -68678
-21 -21 -18 -18 -64834
-9 3 -10 3 -64474
-7 -9 -4 -9 -70334
-13 14 -13 12 -67436
-10 3 -13 4 -64116
15 -22 19 -18 -66046
7 -14 5 -17 -67438
-18 14 -19 11 -60742
23 -4 24 -2 -61556
-17 -1 -16 -2 -74876
7 -7 7 -2 -73302
-14 23 -16 22 -55104
-20 -5 -19 -8 -77938
20 7 20 6 -63300
24 -14 20 -19 -55328
24 -23 24 -18 -51710
-19 -14 -18 -13 -72318
12 0 16 -7 -87916
13 14 13 11 -68382
-17 24 14 23 -65148
24 5 24 1 -52900
9 15 10 19 -68824
9 3 8 1 -73048
-19 -19 -23 -20 -51580
5 -8 5 -9 -61532
-15 17 -10 18 -65484
1 0 3 1 -68760
-18 16 -17 15 -57952
10 -21 11 -19 -59502
-12 13 -14 13 -62776
3 -18 4 -17 -69126
-15 -12 -16 -7 -66572
21 7 24 9 -51696
-1 -5 -2 -5 -74596
-23 -7 -24 -6 -63832
-12 -12 -11 -13 -72342
-11 -17 -14 -16 -77016
-24 -11 -20 -11 -69794
3 24 24 22 -63108
16 19 18 20 -61906
7 -6 11 -5 -70696
24 -12 17 -9 -71748
-2 -9 -3 -11 -66620
20 -24 24 -6 -69812
23 -14 23 -9 -59376
-16 -18 -19 -17 -69150
3 7 5 6 -65812
23 11 24 -19 -69514
21 0 22 -3 -63352
15 -5 15 -6 -64836
0 19 -1 18 -60238
-13 4 -14 2 -64964
11 7 10 8 -64244
7 24 6 21 -61780
3 1 3 2 -61430
15 -9 12 -11 -61800
-1 -20 -4 -23 -64702
-8 4 -7 6 -65134
-10 -22 -7 -23 -54066
10 3 8 3 -67134
7 20 -24 23 -67330
3 -1 2 -1 -69350
19 12 19 16 -71284
8 6 8 5 -64940
10 7 8 13 -72462
11 -4 11 -7 -70614
-14 18 -14 16 -70906
-1 3 0 3 -70050
-8 12 -6 11 -65774
-1 20 4 21 -64522
22 24 19 24 -36968
10 -3 11 -1 -69702
6 -20 9 -19 -70588
24 -18 20 -9 -70482
-24 -1 -23 0 -52618
24 14 20 18 -66308
-10 -21 -11 -22 -69904
-1 -11 -23 -24 -70414
-4 20 -4 21 -59442
-18 5 -17 -1 -73154
0 -20 -6 -24 -67308
9 -17 8 -24 -64232
-9 -9 -9 -8 -63836
-24 -6 -24 -1 -63192
-12 19 -11 15 -73008
-9 15 -9 17 -67600
13 4 13 6 -64960
-17 -12 -17 -16 -73142
-24 -19 -24 -15 -45486
