22 8 21 10 -63995
20 -17 20 -20 -63087
-12 -15 -15 -18 -66947
-10 -9 -2 -11 -72003
-24 -13 -21 -8 -63525
5 21 4 24 -54297
24 -18 24 -21 -51717
19 -1 22 -2 -73015
-12 -12 -11 -9 -71927
12 17 9 19 -66127
-8 20 -12 19 -68915
12 -6 11 -4 -65457
19 4 19 5 -62179
-16 -9 -21 -8 -70251
-20 6 -22 4 -65663
-6 -10 -7 -12 -72047
-20 2 -23 0 -63683
21 13 19 17 -72089
-16 -17 -18 -23 -71931
2 -6 4 -4 -68499
24 16 21 17 -53167
14 -12 14 -11 -66057
21 -11 21 -10 -62421
-22 12 -22 19 -62521
-22 14 -18 13 -63143
-9 -18 -10 -17 -71351
3 -20 -1 -23 -71505
11 -14 10 -12 -65505
-2 -5 -2 -3 -64839
5 20 4 17 -67001
1 -12 2 -12 -66701
16 -24 -23 -19 -71443
-11 2 -11 4 -60935
3 21 3 22 -57265
-17 6 -11 5 -65343
-14 24 -15 19 -60005
13 13 14 14 -62645
-24 -15 -22 -18 -47999
0 -5 -1 -4 -67653
-11 -13 -10 -17 -68273
21 -8 22 -10 -63085
-18 12 -23 8 -62687
-6 -7 -6 -6 -65671
24 24 1 21 -68823
22 -3 23 -2 -62593
-23 12 -23 15 -57069
-24 23 22 20 -66457
16 19 17 18 -66103
0 -22 -1 -23 -58747
-8 0 -9 0 -70923
16 4 14 4 -63083
22 7 20 8 -68787
-10 17 -9 16 -71567
-16 -16 -14 -16 -68283
-15 24 -18 19 -75661
3 -21 5 -20 -74531
-6 23 0 22 -62119
-7 -1 -3 0 -69475
-1 -24 -2 -19 -61015
10 5 7 3 -70693
-5 -16 -6 -14 -71765
21 -5 24 -5 -59555
-23 -10 -21 -8 -67667
-8 -4 -10 -4 -65507
7 10 5 10 -65829
24 16 23 21 -47417
-2 -20 0 -21 -71773
-10 -18 -9 -18 -66075
17 -24 18 0 -73873
0 0 -3 3 -67623
16 -14 17 -13 -66677
-23 -5 23 -16 -69443
-1 24 -4 17 -65537
1 11 3 10 -59883
6 -11 6 -12 -62595
6 -3 7 -2 -60335
-14 22 -23 23 -71911
-20 15 -18 16 -59333
14 -9 16 -10 -62105
-7 9 -6 8 -65173
-22 20 -20 14 -66195
-19 -11 -14 -8 -74235
9 12 10 15 -68451
-7 6 -6 7 -62209
11 -10 10 -16 -70037
-7 19 -9 17 -67663
-16 -9 -15 -13 -72501
-23 -23 24 -5 -69725
2 -17 -1 -17 -72735
24 -23 10 -22 -66779
16 -5 17 -8 -68069
23 6 24 -7 -74935
9 -12 11 -12 -60959
9 -21 14 -20 -71125
24 0 23 3 -60327
24 -7 21 -6 -59403
-20 -13 -19 -9 -65351
-7 23 -9 19 -63105
-17 -4 -17 -3 -64295
-23 -4 -20 -4 -65727
6 -10 4 -10 -66473
-13 -10 -14 -10 -68017
-5 10 -5 9 -60229
12 -21 15 -24 -64311
-24 23 23 10 -69633
5 22 6 24 -54461
14 -5 11 -6 -64763
9 20 9 24 -64293
-21 17 -20 21 -50993
0 -14 -2 -13 -72575
0 -7 3 -8 -70471
-10 0 -11 -1 -68097
-9 -14 -10 -14 -66077
10 20 14 24 -62455
-1 13 -1 15 -61205
-4 24 24 22 -68093
2 -19 1 -23 -73523
-18 1 -18 2 -57037
-11 -21 -13 -24 -61473
-23 10 -24 2 -62621
-4 18 -3 18 -62093
-14 -20 -16 -24 -60301
13 19 12 22 -61051
-14 -16 -13 -11 -68821
-23 5 -22 1 -58347
24 15 24 9 -68339
20 24 19 14 -63073
12 -23 8 -22 -64771
-9 -10 -9 -9 -67787
20 17 21 17 -64129
0 16 -1 19 -67677
-20 8 -20 5 -64775
-22 -3 -23 2 -59173
-3 -22 1 0 -84899
14 15 15 17 -61583
-21 20 -18 20 -67839
-13 9 -14 10 -64913
24 13 22 6 -66883
5 -16 6 -16 -74747
-23 -17 -21 -17 -43961
-8 4 -9 3 -67277
3 14 3 8 -68757
7 2 5 5 -70021
-24 15 -23 4 -58427
20 9 23 23 -71725
16 -17 17 -18 -60625
7 9 10 10 -67039
-21 23 -19 19 -54495
-7 -16 -7 -20 -65989
11 17 11 22 -69859
19 -1 15 -2 -63479
17 19 16 21 -60669
4 -1 4 0 -51259
-9 -5 -10 -2 -72969
-8 -2 -9 -5 -73637
0 5 2 5 -61861
-24 -9 -22 -9 -54733
23 5 23 -1 -73179
22 -21 20 -23 -56899
20 12 20 10 -66107
1 -9 -1 -10 -69599
8 -8 9 -9 -64401
-12 24 -18 24 -66807
9 22 18 22 -66715
24 -23 19 -24 -46713
4 -23 -16 -22 -74209
-24 -6 -21 -3 -63759
24 -23 -5 -24 -69215
12 11 9 11 -63275
13 0 13 1 -53867
16 -18 18 -15 -69595
7 -23 3 -22 -73239
14 12 17 12 -66737
8 14 8 11 -66181
-5 -13 -3 -14 -69715
14 -2 14 -4 -60659
-9 18 -10 22 -63033
-22 5 -19 5 -63777
-15 -12 -13 -10 -73129
11 0 10 -1 -70883
-1 5 -1 6 -62737
6 14 -9 -7 -89413
-11 15 -9 14 -69253
-14 -19 -15 -20 -70463
-12 -21 -12 -18 -63165
18 -12 19 -16 -63479
9 21 6 23 -59939
23 -21 15 -23 -64071
20 -15 18 -15 -62159
-18 -1 -15 0 -57899
19 -9 23 -7 -72247
1 -19 5 -24 -73895
-5 18 -5 20 -64305
-3 -2 23 3 -76781
5 -8 3 -10 -70731
-8 -23 -11 -18 -64537
5 16 9 16 -63047
-5 -21 -6 -24 -42487
-21 -9 -19 -11 -63919
9 -7 8 -13 -69111
2 13 3 15 -62507
14 -21 16 -23 -61233
0 23 -6 24 -57119
-5 -18 -5 -16 -68381
0 -9 0 -8 -59649
-22 8 -24 7 -46365
21 12 18 11 -63257
3 -20 1 -19 -68359
1 -21 -2 -21 -70145
-6 -5 -5 -7 -66757
3 17 4 14 -61701
11 18 9 16 -68427
-6 2 -6 3 -60815
-9 -2 -7 0 -76471
-9 -22 -16 -19 -69895
10 23 9 23 -59833
12 -24 9 -22 -60439
0 -2 -2 -3 -69925
-16 7 -15 5 -62781
21 18 19 23 -59367
2 17 0 19 -70215
-18 -23 -20 -19 -61879
-1 -23 -23 -23 -70981
24 19 24 -4 -65953
2 1 3 5 -68469
5 -7 4 -6 -68455
15 -8 16 -8 -62179
-19 -11 -18 -15 -63323
18 -7 21 -6 -69941
14 -8 14 -7 -62681
-9 -15 -8 -13 -67129
22 14 21 12 -66385
2 -4 0 -5 -70379
3 -19 4 -23 -73321
21 -20 23 -22 -39195
18 -19 15 -19 -66863
-15 0 -15 -2 -63151
19 -1 21 3 -70037
6 7 6 10 -61405
21 3 22 4 -65213
23 0 24 -12 -62933
16 3 17 5 -63939
-9 20 -3 24 -59155
-22 -4 -23 1 -62245
-5 -1 -5 0 -55171
16 -12 16 -11 -66113
21 -18 22 -18 -56189
23 22 19 17 -50895
-16 -5 -19 -7 -66639
1 12 1 11 -61419
-24 17 -23 -7 -65259
22 19 14 20 -71001
18 13 18 8 -64767
-21 22 -21 21 -41385
18 16 19 18 -63431
2 -4 1 -6 -68517
10 22 10 20 -68149
-1 -14 0 -17 -68487
2 -9 3 -12 -67195
-21 20 -18 24 -58453
20 -5 19 -10 -68875
23 -4 24 1 -65679
20 -11 23 -24 -65839
-10 11 -10 13 -64345
-1 7 -1 8 -62887
-11 -7 -12 -5 -70073
6 16 4 22 -73519
2 23 4 23 -56761
-23 10 -21 -23 -67027
-19 -14 -19 -17 -57749
-24 -24 -23 -17 -34631
19 13 13 15 -73573
-7 -12 -7 -13 -62433
18 -24 18 -18 -51153
-23 -6 -21 -10 -61533
-10 23 -15 23 -59193
-2 -21 -1 -16 -71979
-13 8 -15 7 -59865
-14 8 -14 4 -63321
11 18 12 18 -63873
20 6 22 7 -64883
9 3 10 -1 -61605
23 -12 21 -16 -59345
-1 4 -2 3 -60637
16 -1 15 1 -59271
22 -24 24 -19 -52739
-13 -7 -13 -2 -74417
-21 -14 -21 -24 -66057
-22 5 -23 0 -60375
-24 24 -22 8 -57215
1 -13 2 -10 -71421
12 0 14 -17 -84135
12 -15 11 -18 -64809
-15 -21 -22 -22 -62107
-6 10 -3 10 -65441
-6 18 -7 18 -61241
-16 -17 -15 -20 -64423
-5 1 -5 2 -60605
5 4 3 4 -69003
-20 -20 -15 -24 -63769
-7 17 -7 16 -65267
12 6 11 4 -65331
6 -18 9 -22 -68779
-10 -10 -11 0 -85819
-2 21 0 18 -67507
0 0 9 21 -88325
16 21 15 20 -60133
18 10 23 8 -70921
-24 20 -14 19 -78697
-10 4 -11 7 -61269
-17 -12 -19 -11 -67487
-24 -8 -23 -4 -58141
-6 -2 -3 -4 -64479
3 19 4 19 -68263
-2 -22 -4 -21 -64261
-1 -7 -3 -6 -68153
-20 -24 -21 -21 -41479
22 5 21 7 -63245
-4 1 -2 2 -63875
-15 11 -17 14 -69909
1 10 0 7 -64133
-15 -8 -14 -6 -65671
-22 15 -24 16 -38281
-4 14 -6 14 -65951
-13 11 -13 12 -64865
6 -13 7 -14 -66563
11 -18 11 -16 -56165
-18 5 -17 11 -64423
13 -16 11 -15 -59349
16 9 13 10 -68287
-12 -5 -15 -6 -65457
24 16 24 8 -70435
-15 -2 -15 5 -70005
24 -13 21 -11 -59863
-1 -17 0 -14 -66977
10 -3 10 -2 -57089
22 9 22 5 -63819
13 6 14 6 -61319
-4 8 -3 9 -66081
18 0 22 0 -69159
7 23 10 24 -55907
-10 0 -10 -3 -67991
20 18 19 19 -70627
0 -20 24 -24 -71859
-5 -13 -6 -16 -70099
-19 19 -13 22 -92707
5 22 2 20 -68451
11 0 10 0 -62237
-7 -22 -3 -24 -55595
-13 14 -16 15 -69893
18 -4 16 -3 -66561
-21 16 -23 13 -54751
18 -19 10 -23 -69593
9 -23 3 -23 -72121
22 -12 24 -1 -65213
-23 -20 -22 0 -66941
-21 -3 -21 -4 -60849
-9 10 -8 12 -65893
-8 -1 -10 2 -64975
9 23 14 22 -63981
-1 15 5 14 -70541
11 -20 -18 -24 -76427
-14 19 -14 17 -68233
5 16 4 15 -65079
-9 15 -12 14 -65487
1 10 -1 10 -62597
24 21 21 22 -43227
11 -21 9 -23 -59681
-9 9 -9 10 -59719
-9 -10 -12 -10 -67283
-15 -4 -14 -5 -64113
-8 24 8 0 -84367
-22 8 -21 7 -63697
-3 10 0 10 -65687
12 4 11 6 -68131
6 -23 6 -20 -62341
-15 -13 -14 -16 -67859
9 11 8 6 -65719
-10 -19 -11 -23 -63655
10 10 10 11 -56199
1 -20 1 -21 -71159
-7 -10 -6 -9 -75903
-3 -19 -7 -19 -63225
-22 6 -22 4 -62501
22 -3 21 -2 -68663
-1 -19 -2 -16 -69691
-24 -2 -20 -2 -61531
5 -21 4 -21 -76163
8 -12 5 -13 -69243
-19 6 -24 12 -68203
13 24 -24 19 -71197
-13 -24 -19 -22 -59379
19 -18 19 -16 -62017
-12 -23 22 -24 -69809
7 3 8 1 -66441
-15 18 -10 19 -75793
3 -1 3 -5 -61149
-13 -4 -11 -2 -67307
-23 7 -20 6 -65357
8 -24 8 -22 -41669
14 3 15 2 -62033
-12 23 -10 22 -49257
-22 -5 -23 -12 -63609
-3 15 -2 11 -65083
-19 5 -16 6 -56461
-15 19 -17 18 -80133
0 5 1 3 -61411
11 -15 13 -14 -64999
-22 14 -23 10 -56859
14 -2 16 -2 -62553
-3 16 0 16 -65553
12 12 11 16 -65757
-3 21 -13 24 -58727
1 -11 0 -14 -68539
-2 14 -3 11 -63853
0 -14 -4 -14 -73147
18 -11 21 -6 -76037
6 -2 1 2 -82817
-10 23 -10 21 -43633
-10 -23 -6 -21 -59617
0 0 4 -3 -79905
8 -15 9 -16 -64525
-20 -21 -21 -14 -67027
-21 -21 -18 -18 -65287
-9 3 -10 3 -63513
-19 23 -18 17 -63399
-13 14 -13 12 -68033
-10 3 -13 4 -61847
15 -22 19 -18 -66525
7 -14 5 -17 -67871
-18 14 -19 11 -62355
23 -4 24 -2 -58037
-17 -1 -16 -2 -60743
-7 -9 -5 -8 -73291
-14 23 -16 22 -71415
-20 -5 -19 -8 -65869
20 7 20 6 -62953
24 -14 20 -19 -66343
24 -23 24 -18 -50521
-19 -14 -18 -13 -63603
-23 -24 -8 -20 -73639
13 14 13 11 -63323
-17 24 14 23 -65467
24 5 24 1 -60009
9 15 10 19 -68005
9 3 8 1 -68075
-19 -19 -23 -20 -49833
5 -8 5 -9 -61451
-2 0 2 -22 -86651
8 -22 2 -3 -89535
-18 16 -17 15 -64233
10 -21 11 -19 -61635
-12 13 -14 13 -66601
3 -18 4 -17 -68241
-15 -12 -16 -7 -71873
21 7 24 9 -52139
-1 -5 -2 -5 -69539
-23 -7 -24 -6 -49577
-12 -12 -11 -13 -69943
-11 -17 -14 -16 -73117
-24 -11 -20 -11 -62095
3 24 24 22 -71253
16 19 18 20 -62925
7 -6 11 -5 -60717
24 -12 17 -9 -74969
-2 -9 -3 -11 -69765
6 11 9 10 -69557
23 -14 23 -9 -58277
-16 -18 -19 -17 -67973
3 7 5 6 -65175
23 11 24 -19 -66611
21 0 22 -3 -69575
15 -5 15 -6 -66225
0 19 -1 18 -59939
-13 4 -14 2 -64707
11 7 10 8 -63043
7 24 6 21 -60977
3 1 3 2 -59493
15 -9 12 -11 -62195
-1 -20 -4 -23 -62697
-8 4 -7 6 -63493
-10 -22 -7 -23 -53511
10 3 8 3 -66635
7 20 -24 23 -69845
3 -1 2 -1 -69969
19 12 19 16 -68137
8 6 8 5 -60339
20 -15 24 -13 -60839
11 -4 11 -7 -64955
-14 18 -14 16 -69733
-1 3 0 3 -63755
-8 12 -6 11 -63397
-1 20 4 21 -66189
22 24 19 24 -39735
10 -3 11 -1 -70343
6 -20 9 -19 -73313
24 -18 20 -9 -69439
-24 -1 -23 0 -49141
24 14 20 18 -67563
-10 -21 -11 -22 -68137
-1 -11 -23 -24 -71547
-4 20 -4 21 -57497
-16 12 -15 16 -65693
-18 22 -14 22 -79745
9 -17 8 -24 -66667
-9 -9 -9 -8 -67749
-24 -6 -24 -1 -54775
-12 19 -11 15 -74633
-9 15 -9 17 -67693
13 4 13 6 -63937
16 -23 10 -21 -73379
-24 -19 -24 -15 -46053
