22 8 21 10 -59301
20 -17 20 -20 -64635
-12 -15 -15 -18 -67991
15 11 14 6 -62981
-19 -22 -18 -4 -81407
5 21 4 24 -50959
24 -18 24 -21 -55319
-8 -3 -8 -2 -60515
-12 -12 -11 -9 -71161
12 17 9 19 -67565
4 13 5 13 -65965
12 -6 11 -4 -68717
19 4 19 5 -61713
-16 -9 -21 -8 -64431
-20 6 -22 4 -66219
-6 -10 -7 -12 -68317
-20 2 -23 0 -64975
21 13 19 17 -70951
-16 -17 -18 -23 -76033
2 -6 4 -4 -66677
24 16 21 17 -49555
14 -12 14 -11 -65033
21 -11 21 -10 -58157
-22 12 -22 19 -64435
-22 14 -18 13 -61165
-24 -10 -19 22 -74857
3 -20 -1 -23 -70205
11 -14 10 -12 -67003
-2 -5 -2 -3 -58057
5 20 4 17 -64133
1 -12 2 -12 -64043
-8 2 -10 -1 -72021
-11 2 -11 4 -58895
3 21 3 22 -57783
-14 8 -11 12 -73167
-14 24 -15 19 -56987
13 13 14 14 -68593
-24 -15 -22 -18 -50553
0 -5 -1 -4 -70615
-3 13 20 10 -81093
21 -8 22 -10 -59845
-18 12 -23 8 -65697
-6 -7 -6 -6 -65261
24 24 1 21 -69331
22 -3 23 -2 -63881
-23 12 -23 15 -57837
-24 23 22 20 -67773
16 19 17 18 -64217
0 -22 -1 -23 -60353
14 22 12 21 -61377
16 4 14 4 -63603
6 7 24 -24 -76055
-10 17 -9 16 -65413
-16 -16 -14 -16 -70581
-15 24 -18 19 -66523
10 -17 12 -20 -69151
-6 23 0 22 -62705
15 8 13 12 -68783
-1 -24 -2 -19 -58527
-8 -4 -1 -2 -69609
-5 -16 -6 -14 -61673
21 -5 24 -5 -52293
-23 -10 -21 -8 -63165
-8 -4 -10 -4 -66257
7 10 5 10 -69321
24 16 23 21 -51113
3 -1 4 0 -70719
-10 -18 -9 -18 -60791
-17 -14 -17 -19 -74425
0 0 -3 3 -69395
16 -14 17 -13 -68559
-23 -5 23 -16 -70439
1 10 1 11 -66759
1 11 3 10 -60289
6 -11 6 -12 -64431
6 -3 7 -2 -68759
-14 22 -23 23 -58733
-20 15 -18 16 -59353
14 -9 16 -10 -62959
-7 9 -6 8 -64779
-22 20 -20 14 -65513
24 -2 16 -24 -83269
9 12 10 15 -69799
-7 6 -6 7 -62217
11 -10 10 -16 -70903
-7 19 -9 17 -61677
-16 -9 -15 -13 -77031
-23 -23 24 -5 -70233
2 -17 -1 -17 -70941
24 -23 10 -22 -66927
16 -5 17 -8 -64049
-4 21 3 24 -59579
9 -12 11 -12 -68797
9 -21 14 -20 -66555
24 0 23 3 -52707
24 -7 21 -6 -51589
-8 -9 -9 -9 -67209
-7 23 -9 19 -60267
-17 -4 -17 -3 -64281
-23 -4 -20 -4 -66277
6 -10 4 -10 -65469
-13 -10 -14 -10 -64363
-5 10 -5 9 -62449
12 -21 15 -24 -64363
-24 23 23 10 -70503
5 22 6 24 -54407
14 -5 11 -6 -65613
9 20 9 24 -62085
-21 17 -20 21 -65145
0 -14 -2 -13 -64639
3 -7 2 -6 -70383
-10 0 -11 -1 -70403
-9 -14 -10 -14 -63887
14 9 18 11 -67661
-4 13 -1 15 -68921
-4 24 24 22 -66869
4 -19 1 -22 -65747
-18 1 -18 2 -52191
-11 -21 -13 -24 -60861
-23 10 -24 2 -66939
-4 18 -3 18 -61431
-14 -20 -16 -24 -63003
13 19 12 22 -61661
-14 -16 -13 -11 -67533
-23 5 -22 1 -57505
24 15 24 9 -65733
20 24 19 14 -69563
12 -23 8 -22 -67197
-9 -10 -9 -9 -68627
20 17 21 17 -57225
0 16 -1 19 -64693
-20 8 -20 5 -65189
-22 -3 -23 2 -60821
-8 -5 -7 -4 -70463
14 15 15 17 -71517
-21 20 -18 20 -58125
-13 9 -14 10 -63887
24 13 22 6 -64163
5 -16 6 -16 -69395
-23 -17 -21 -17 -49303
-8 4 -9 3 -67143
1 12 0 11 -73669
-24 -12 -23 -10 -49071
-24 15 -23 4 -65617
20 9 23 23 -74465
16 -17 17 -18 -61717
7 9 10 10 -66541
-21 23 -19 19 -54763
-7 -16 -7 -20 -62861
11 17 11 22 -68325
19 -1 15 -2 -62507
17 19 16 21 -62045
4 -1 4 0 -71119
9 -8 9 -6 -64575
15 6 19 2 -69375
0 5 2 5 -64131
-24 -9 -22 -9 -55399
-15 9 -16 8 -66773
22 -21 20 -23 -63341
20 12 20 10 -60265
1 -9 -1 -10 -66331
8 -8 9 -9 -65487
-12 24 -18 24 -61485
9 22 18 22 -71163
24 -23 19 -24 -54221
0 -23 -4 -22 -64747
-24 -6 -21 -3 -63517
24 -23 -5 -24 -68771
12 11 9 11 -63573
13 0 13 1 -54205
16 -18 18 -15 -74473
7 -23 3 -22 -60821
14 12 17 12 -68533
8 14 8 11 -67363
-5 -13 -3 -14 -62795
14 -2 14 -4 -61009
-9 18 -10 22 -63413
-22 5 -19 5 -65079
-15 -12 -13 -10 -68325
11 0 10 -1 -65253
-1 5 -1 6 -66657
9 0 6 -1 -70951
-11 15 -9 14 -66487
-14 -19 -15 -20 -75165
-12 -21 -12 -18 -62193
18 -12 19 -16 -61517
9 21 6 23 -57037
23 -21 15 -23 -69429
20 -15 18 -15 -65451
-18 -1 -15 0 -69597
-14 6 -11 5 -65925
1 -19 5 -24 -71015
-5 18 -5 20 -63931
-5 13 -6 10 -65581
5 -8 3 -10 -75045
-8 -23 -11 -18 -58149
4 -4 1 2 -75671
-5 -21 -6 -24 -45997
-21 -9 -19 -11 -67235
9 -7 8 -13 -75363
2 13 3 15 -68641
14 -21 16 -23 -61455
0 23 -6 24 -57373
-5 -18 -5 -16 -63965
0 -9 0 -8 -62117
-22 8 -24 7 -46191
21 8 18 9 -57009
3 -20 1 -19 -70281
1 -21 -2 -21 -69091
-6 -5 -5 -7 -70511
3 17 4 14 -54417
11 18 9 16 -70053
-6 2 -6 3 -64585
-20 24 -23 22 -46551
7 0 6 4 -76473
10 23 9 23 -61157
12 -24 9 -22 -64059
2 -3 0 -3 -69627
-16 7 -15 5 -61459
21 18 19 23 -61209
2 17 0 19 -62251
-18 -23 -20 -19 -61963
-1 -23 -23 -23 -65443
24 19 24 -4 -63599
2 1 3 5 -82913
-18 -16 -19 -18 -75727
15 -8 16 -8 -62339
-19 -11 -18 -15 -67445
18 -7 21 -6 -57177
14 -8 14 -7 -61069
-9 -15 -8 -13 -66001
22 14 21 12 -63797
2 -4 0 -5 -63371
3 -19 4 -23 -70201
21 -20 23 -22 -52603
18 -19 15 -19 -64443
-15 0 -15 -2 -59337
19 -1 21 3 -66467
6 7 6 10 -69131
21 3 22 4 -60625
23 0 24 -12 -64873
16 3 17 5 -62391
-9 20 -3 24 -55269
-22 -4 -23 1 -63259
-5 -1 -5 0 -55333
16 -12 16 -11 -63905
21 -18 22 -18 -69555
23 22 19 17 -52315
-16 -5 -19 -7 -66507
1 12 1 11 -66795
-24 17 -23 -7 -68989
22 19 14 20 -64551
19 2 23 2 -63241
-21 22 -21 21 -48105
18 16 19 18 -65147
5 12 3 10 -79259
10 22 10 20 -65283
-1 -14 0 -17 -64027
2 -9 3 -12 -63921
-21 20 -18 24 -62889
20 -5 19 -10 -62917
23 -4 24 1 -65039
-10 -7 -11 -6 -68755
-10 11 -10 13 -65567
-1 7 -1 8 -62399
-11 -7 -12 -5 -66885
-13 -1 -15 -2 -66729
2 23 4 23 -50201
-23 10 -21 -23 -67923
-19 -14 -19 -17 -68863
-24 -24 -23 -17 -33079
7 -24 -18 -21 -70827
-7 -12 -7 -13 -58245
18 -24 18 -18 -52553
-23 -6 -21 -10 -63857
-10 23 -15 23 -64891
-2 -21 -1 -16 -68321
-13 8 -15 7 -71129
-14 8 -14 4 -61149
11 18 12 18 -67009
20 6 22 7 -59107
9 3 10 -1 -65955
23 -12 21 -16 -58715
-1 4 -2 3 -63385
16 -1 15 1 -61377
22 -24 24 -19 -57299
-13 -7 -13 -2 -66209
-21 -14 -21 -24 -64797
-22 5 -23 0 -60733
-24 24 -22 8 -60363
4 -9 2 -12 -76669
8 -20 7 -20 -64767
12 -15 11 -18 -62723
-15 -21 -22 -22 -67765
-6 10 -3 10 -61439
-6 18 -7 18 -57889
-16 -17 -15 -20 -67531
-5 1 -5 2 -63933
5 4 3 4 -67355
-20 -20 -15 -24 -69845
-7 17 -7 16 -61341
-2 -1 24 -6 -76479
6 -18 9 -22 -73849
-5 -11 -9 -8 -72289
-2 21 0 18 -66283
11 10 10 5 -68729
16 21 15 20 -62235
9 -11 10 -10 -70169
19 -16 23 -17 -72031
-10 4 -11 7 -59831
5 6 5 3 -77777
-24 -8 -23 -4 -56135
8 4 8 6 -76045
7 16 3 -3 -94447
-2 -22 -4 -21 -64435
-1 -7 -3 -6 -69145
-20 -24 -21 -21 -41259
22 5 21 7 -63327
-4 1 -2 2 -53371
6 11 5 8 -76409
1 10 0 7 -68165
-15 -8 -14 -6 -67019
-22 15 -24 16 -37223
-4 14 -6 14 -66511
-13 11 -13 12 -66525
6 -13 7 -14 -66011
11 -18 11 -16 -57647
-22 -16 -18 -17 -65661
13 -16 11 -15 -66625
16 9 13 10 -72797
-10 19 -15 21 -80239
24 16 24 8 -68209
3 -1 3 0 -70457
24 -13 21 -11 -57631
-1 -17 0 -14 -59685
10 -3 10 -2 -56591
22 9 22 5 -63613
13 6 14 6 -62903
-15 -21 -13 -23 -55013
18 0 22 0 -65151
7 23 10 24 -56131
-10 0 -10 -3 -65441
-23 6 -23 11 -58679
0 -20 24 -24 -71555
-5 -13 -6 -16 -68433
-13 15 -18 15 -75643
5 22 2 20 -64465
11 0 10 0 -58851
-7 -22 -3 -24 -54397
-13 14 -16 15 -76477
13 -11 11 -10 -68687
-21 16 -23 13 -56527
22 -21 21 -20 -58309
9 -23 3 -23 -61567
22 -12 24 -1 -66629
4 -18 0 -16 -75953
-21 -3 -21 -4 -61265
-9 10 -8 12 -68221
-8 -1 -10 2 -61567
9 23 14 22 -67069
-9 20 -15 23 -81009
19 3 20 1 -60927
-14 19 -14 17 -62869
5 16 4 15 -67319
-9 15 -12 14 -59573
1 10 -1 10 -65539
24 21 21 22 -40907
11 -21 9 -23 -53415
-9 9 -9 10 -64053
-12 0 18 -5 -81825
-15 -4 -14 -5 -60049
-15 10 -19 11 -67739
-22 8 -21 7 -59453
-3 10 0 10 -64985
-3 -20 -5 -22 -68535
6 -23 6 -20 -61069
-15 -13 -14 -16 -70161
15 13 16 17 -73605
-10 -19 -11 -23 -65659
10 10 10 11 -62615
1 -20 1 -21 -63897
22 2 23 -6 -70235
-3 -19 -7 -19 -64847
-22 6 -22 4 -62997
22 -3 21 -2 -62339
-1 -19 -2 -16 -66209
-24 -2 -20 -2 -62019
23 0 20 -24 -76517
8 -12 5 -13 -70305
0 -10 -2 -4 -77287
13 24 -24 19 -69871
-13 -24 -19 -22 -68511
19 -18 19 -16 -62527
-12 -23 22 -24 -70523
7 3 8 1 -71841
-21 23 -23 17 -60191
3 -1 3 -5 -66037
-13 -4 -11 -2 -69895
-23 7 -20 6 -62043
8 -24 8 -22 -41649
1 0 2 5 -82461
-12 23 -10 22 -64291
-22 -5 -23 -12 -63249
-3 15 -2 11 -56249
-19 5 -16 6 -64641
-16 -20 -15 -20 -73661
0 5 1 3 -65661
11 -15 13 -14 -68679
-22 14 -23 10 -60761
14 -2 16 -2 -62337
-16 -23 11 -19 -74847
12 12 11 16 -67411
-3 21 -13 24 -59251
1 -11 0 -14 -59183
-18 -10 -18 -11 -65021
0 24 -1 15 -69215
-18 -4 -17 -3 -67677
6 -5 6 -4 -61427
-10 23 -10 21 -45459
-10 -23 -6 -21 -59191
-1 15 0 16 -70245
8 -15 9 -16 -66851
9 18 6 18 -61409
-21 -21 -18 -18 -69885
-9 3 -10 3 -59619
-19 23 -18 17 -68737
-13 14 -13 12 -60467
-10 3 -13 4 -64991
15 -22 19 -18 -66341
7 -14 5 -17 -61719
-18 14 -19 11 -65413
23 -4 24 -2 -60661
-17 -1 -16 -2 -60721
-7 -9 -5 -8 -66729
-14 23 -16 22 -59801
-20 -5 -19 -8 -66585
20 7 20 6 -64347
24 -14 20 -19 -72345
24 -23 24 -18 -54093
-19 -14 -18 -13 -64145
-23 -24 -8 -20 -74753
13 14 13 11 -66873
-17 24 14 23 -68337
24 5 24 1 -49077
9 15 10 19 -67187
9 3 8 1 -67687
-19 -19 -23 -20 -54725
5 -8 5 -9 -65097
-5 -13 -2 -11 -67777
15 -6 17 -2 -66541
-18 16 -17 15 -62189
10 -21 11 -19 -55269
-12 13 -14 13 -70501
22 -16 18 -20 -84725
-15 -12 -16 -7 -76347
21 7 24 9 -46597
-1 -5 -2 -5 -63863
-23 -7 -24 -6 -48719
-12 -12 -11 -13 -70173
-11 -17 -14 -16 -67991
-24 -11 -20 -11 -64013
3 24 24 22 -71963
16 19 18 20 -62131
7 -6 11 -5 -65351
20 17 19 21 -70585
-2 -9 -3 -11 -66713
6 11 9 10 -69137
23 -14 23 -9 -55493
-16 -18 -19 -17 -70321
3 7 5 6 -65629
23 11 24 -19 -66133
21 0 22 -3 -68901
15 -5 15 -6 -65647
0 19 -1 18 -64819
-13 4 -14 2 -65465
11 7 10 8 -66703
7 24 6 21 -60775
-17 2 -16 2 -64855
15 -9 12 -11 -65941
-1 -20 -4 -23 -72409
-8 4 -7 6 -64513
-10 -22 -7 -23 -48625
10 3 8 3 -62693
7 20 -24 23 -69837
3 -1 2 -1 -68725
19 12 19 16 -71645
8 6 8 5 -74783
20 -15 24 -13 -61235
11 -4 11 -7 -70551
-14 18 -14 16 -60257
-1 3 0 3 -62405
-8 12 -6 11 -63521
-1 20 4 21 -62947
22 24 19 24 -37185
-23 -17 -23 -7 -59585
-5 -1 -3 -3 -64821
24 -18 20 -9 -68209
-24 -1 -23 0 -50811
24 14 20 18 -65281
-10 -21 -11 -22 -66615
-1 -11 -23 -24 -73127
-4 20 -4 21 -57003
-5 -7 -16 -11 -81683
-18 22 -14 22 -66427
9 -17 8 -24 -64355
-9 -9 -9 -8 -66439
-24 -6 -24 -1 -55041
-17 13 -17 10 -63409
-9 15 -9 17 -59401
13 4 13 6 -59835
16 -23 10 -21 -71991
-24 -19 -24 -15 -44587
