22 8 21 10 -59926
20 -17 20 -20 -60468
-12 -15 -15 -18 -72506
15 11 14 6 -64472
24 3 22 1 -61350
5 21 4 24 -49244
24 -18 24 -21 -53166
-8 -3 -8 -2 -51930
-9 -11 -6 -13 -64242
12 17 9 19 -63858
4 13 5 13 -58122
12 -6 11 -4 -66300
19 4 19 5 -69032
-16 -9 -21 -8 -64024
-20 6 -22 4 -69418
-6 -10 -7 -12 -67706
-20 2 -23 0 -68666
21 13 19 17 -69738
-16 -17 -18 -23 -72668
2 -6 4 -4 -72590
24 16 21 17 -53870
14 -12 14 -11 -62504
21 -11 21 -10 -60852
-22 12 -22 19 -69070
-22 14 -18 13 -77146
5 -24 7 -23 -53714
3 -20 -1 -23 -71876
11 -14 10 -12 -63762
-2 -5 -2 -3 -61122
5 20 4 17 -62296
1 -12 2 -12 -61566
-13 0 -14 -2 -60712
-11 2 -11 4 -60440
3 21 3 22 -54860
-9 -16 -11 -17 -77614
-14 24 -15 19 -59688
13 13 14 14 -64796
-24 -15 -22 -18 -54866
0 -5 -1 -4 -62578
-2 -11 -3 -9 -61526
21 -8 22 -10 -65710
-18 12 -23 8 -68724
-6 -7 -6 -6 -62912
8 24 1 21 -58370
22 -3 23 -2 -64594
-23 12 -23 15 -66576
-24 23 22 20 -64204
16 19 17 18 -62448
0 -22 -1 -23 -62592
14 22 12 21 -58698
16 4 14 4 -67438
21 23 22 18 -57690
-10 17 -9 16 -66214
-16 -16 -14 -16 -69952
-15 24 -18 19 -68944
10 -17 12 -20 -63324
-6 23 0 22 -60594
15 8 13 12 -67622
-1 -24 -2 -19 -61142
-18 1 -3 -5 -80772
-5 -16 -6 -14 -61960
21 -5 24 -5 -56310
-23 -10 -21 -8 -64666
-8 -4 -10 -4 -59112
7 10 5 10 -62278
24 16 23 21 -48546
3 -1 4 0 -74860
-10 -18 -9 -18 -69206
8 -16 2 -13 -83180
0 0 -3 3 -68320
16 -14 17 -13 -61748
-23 -5 23 -16 -70274
1 10 1 11 -62336
1 11 3 10 -61168
6 -11 6 -12 -51014
6 -3 7 -2 -72432
-14 22 -23 23 -62716
-20 15 -18 16 -62168
14 -9 16 -10 -62226
-7 9 -6 8 -64992
-22 20 -20 14 -75466
-24 -23 -20 -22 -33126
9 12 10 15 -68334
-7 6 -6 7 -62990
11 -10 10 -16 -61274
-7 19 -9 17 -63576
-11 8 -11 -24 -74550
-23 -23 24 -5 -63966
2 -17 -1 -17 -65748
24 -23 10 -22 -65874
16 -5 17 -8 -66276
-4 21 3 24 -58140
9 -12 11 -12 -65088
9 -21 14 -20 -71368
24 0 23 3 -55980
24 -7 21 -6 -57676
-8 -9 -9 -9 -64496
-7 23 -9 19 -60464
-17 -4 -17 -3 -66024
-13 -1 -12 -18 -82270
6 -10 4 -10 -68246
-13 -10 -14 -10 -59684
-5 10 -5 9 -66250
12 -21 15 -24 -62578
-24 23 23 10 -68522
5 22 6 24 -53972
14 -5 11 -6 -72182
9 20 9 24 -62070
-21 17 -20 21 -67400
0 -14 -2 -13 -64490
3 -7 2 -6 -66112
-21 -6 -21 -9 -75846
-9 -14 -10 -14 -69084
18 6 19 6 -67132
-4 13 -1 15 -64792
-4 24 24 22 -51836
4 -19 1 -22 -67652
-18 1 -18 2 -53542
-11 -21 -13 -24 -59272
-23 10 -24 2 -64908
-4 18 -3 18 -58290
-14 -20 -16 -24 -60234
13 19 12 22 -61324
-14 -16 -13 -11 -70112
-23 5 -22 1 -59100
24 15 24 9 -66498
20 24 19 14 -65102
12 -23 8 -22 -62952
-9 -10 -9 -9 -63526
20 17 21 17 -62664
0 16 -1 19 -66584
-20 8 -20 5 -64800
-22 -3 -23 2 -60104
-8 -5 -7 -4 -61018
14 15 15 17 -69766
-21 20 -18 20 -68902
-13 9 -14 10 -64388
24 13 22 6 -63698
5 -16 6 -16 -70250
-23 -17 -21 -17 -53768
-8 4 -9 3 -64326
1 12 0 11 -66356
-24 -12 -23 -10 -51544
-24 15 -23 4 -70070
-21 16 -20 15 -80904
16 -17 17 -18 -58544
7 9 10 10 -65348
-21 23 -19 19 -57844
-13 6 -13 5 -62532
11 17 11 22 -68980
19 -1 15 -2 -65198
17 19 16 21 -63558
4 -1 4 0 -68572
9 -8 9 -6 -63868
15 6 19 2 -72498
0 5 2 5 -66332
-24 -9 -22 -9 -53972
-15 9 -16 8 -63362
22 -21 20 -23 -59858
20 12 20 10 -58750
1 -9 -1 -10 -61422
8 -8 9 -9 -67894
-12 24 -18 24 -58550
9 22 18 22 -62358
24 -23 19 -24 -52968
0 -23 -4 -22 -56706
-24 -6 -21 -3 -66114
24 -23 -5 -24 -60856
12 11 9 11 -65408
13 0 13 1 -58892
1 3 0 2 -71900
7 -23 3 -22 -61452
14 12 17 12 -61548
8 14 8 11 -63708
-5 -13 -3 -14 -65842
14 -2 14 -4 -63718
-9 18 -10 22 -61236
-22 5 -19 5 -67884
-15 -12 -13 -10 -69876
11 0 10 -1 -71514
-1 5 -1 6 -68008
9 0 6 -1 -74460
-11 15 -9 14 -68988
-14 -19 -15 -20 -71340
-12 -21 -12 -18 -62946
18 -12 19 -16 -59896
9 21 6 23 -49978
23 -21 15 -23 -70918
20 -16 18 -18 -66242
2 5 1 0 -76434
-14 6 -11 5 -69564
1 -19 5 -24 -66584
-5 18 -5 20 -64630
-5 13 -6 10 -70626
5 -8 3 -10 -68256
-8 -23 -11 -18 -61960
-23 -10 16 -21 -72278
-5 -21 -6 -24 -51226
-21 -9 -19 -11 -70606
9 0 10 0 -73058
2 13 3 15 -61048
14 -21 16 -23 -60132
0 23 -6 24 -55238
-5 -18 -5 -16 -65058
0 -9 0 -8 -57044
-22 8 -24 7 -49128
21 8 18 9 -65376
3 -20 1 -19 -63504
1 -21 -2 -21 -64456
-6 -5 -5 -7 -70194
3 17 4 14 -54674
11 18 9 16 -67360
-6 2 -6 3 -66604
-20 24 -23 22 -60476
7 0 6 4 -73586
10 23 9 23 -54832
12 -24 9 -22 -60494
2 -3 0 -3 -71450
-16 7 -15 5 -67044
21 18 19 23 -70998
2 17 0 19 -67782
-18 -23 -20 -19 -63466
-1 -23 -23 -23 -61512
24 19 24 -4 -62900
-8 9 -13 9 -70020
-18 -16 -19 -18 -68868
15 -8 16 -8 -63384
-19 -11 -18 -15 -62770
18 -7 21 -6 -57440
14 -8 14 -7 -65020
-9 -15 -8 -13 -69244
22 14 21 12 -67230
2 -4 0 -5 -67810
3 -19 4 -23 -67350
21 -20 23 -22 -54254
18 -19 15 -19 -63508
-15 0 -15 -2 -57048
24 -16 24 6 -76232
6 7 6 10 -59898
21 3 22 4 -74476
23 0 24 -12 -68926
16 3 17 5 -75508
-9 20 -3 24 -53824
-22 -4 -23 1 -61628
-5 -1 -5 0 -56896
16 -12 16 -11 -63892
21 -18 22 -18 -61858
23 22 19 17 -50708
23 7 24 -7 -75398
1 12 1 11 -61576
-24 19 -23 19 -29886
22 19 14 20 -65128
19 2 23 2 -70090
-21 22 -21 21 -52310
18 16 19 18 -62564
-19 -4 -20 -5 -69386
10 22 10 20 -65750
-1 -14 0 -17 -61746
-18 13 -20 15 -81290
-21 20 -18 24 -74250
20 -5 19 -10 -64946
23 -4 24 1 -65764
-10 -7 -11 -6 -60808
-10 11 -10 13 -66366
-1 7 -1 8 -71416
-14 -8 -15 -12 -70064
-13 -1 -15 -2 -58980
2 23 4 23 -50436
-23 10 -21 -23 -68230
-19 -14 -19 -17 -61694
-24 -24 -23 -17 -34426
7 -24 -18 -21 -66956
-7 -12 -7 -13 -59360
18 -24 18 -18 -54926
-23 -6 -21 -10 -76050
-10 23 -15 23 -57094
-2 -21 -1 -16 -72478
-13 8 -15 7 -67830
14 -6 16 -4 -74594
11 18 12 18 -62390
20 6 22 7 -68126
9 3 10 -1 -65598
23 -12 21 -16 -56484
-1 4 -2 3 -66080
16 -1 15 1 -67024
22 -24 24 -19 -52698
-13 -7 -13 -2 -64894
-21 -14 -21 -24 -62966
-22 5 -23 0 -61996
-24 24 -22 8 -65364
4 -11 2 -9 -65648
8 -20 7 -20 -61486
12 -15 11 -18 -62434
-15 -21 -22 -22 -66402
-7 15 -9 12 -68126
-6 18 -7 18 -56278
-16 -17 -15 -20 -68850
-5 1 -5 2 -65802
5 4 3 4 -68338
-20 -20 -15 -24 -69674
-7 17 -7 16 -63444
15 -19 11 -22 -70138
-12 -16 -11 -15 -72944
19 6 17 4 -74746
-2 21 0 18 -66328
11 10 10 5 -68142
16 21 15 20 -59278
-5 -4 -2 -5 -65856
17 2 18 -3 -69926
-10 4 -11 7 -67066
5 6 5 3 -73310
-24 -8 -23 -4 -63542
8 4 8 6 -74624
13 -6 11 -9 -71924
23 16 21 14 -59176
-6 -20 -6 -17 -64876
-20 -24 -21 -21 -42206
22 5 21 7 -65318
-4 1 -2 2 -55554
-3 -10 -6 8 -83816
1 10 0 7 -67098
-15 -8 -14 -6 -65500
-22 15 -24 16 -51054
-4 14 -6 14 -59376
-13 11 -13 12 -64612
6 -13 7 -14 -70500
11 -18 11 -16 -55868
-22 -16 -18 -17 -66244
13 -16 11 -15 -64324
16 9 13 10 -69796
-10 19 -15 21 -66990
24 16 24 8 -68592
3 -1 3 0 -68764
24 -13 21 -11 -56144
-1 -17 0 -14 -59078
10 -3 10 -2 -56452
22 9 22 5 -63308
13 6 14 6 -68596
-15 -21 -13 -23 -56248
18 0 22 0 -68514
7 23 10 24 -51358
-1 -2 -2 -3 -60522
-23 6 -23 11 -59194
14 1 16 4 -71018
-5 -13 -6 -16 -70450
17 -21 22 -22 -65502
19 22 21 20 -69172
11 0 10 0 -70756
-7 -22 -3 -24 -56328
-13 14 -16 15 -67728
-20 22 -21 21 -74702
-21 16 -23 13 -58466
22 -21 21 -20 -59344
9 -23 3 -23 -64694
22 -12 24 -1 -69068
-6 -21 -5 -23 -56056
-21 -3 -21 -4 -63198
-9 10 -8 12 -71586
-8 -1 -10 2 -62630
9 23 14 22 -61476
-17 3 -18 6 -68336
19 3 20 1 -67988
-14 19 -14 17 -64046
5 16 4 15 -61630
-9 15 -12 14 -65626
1 10 -1 10 -62322
24 21 21 22 -48372
11 -21 9 -23 -57158
-9 9 -9 10 -60470
-2 9 -4 10 -58888
-15 -4 -14 -5 -58952
-15 10 -19 11 -66320
-22 8 -21 7 -61780
-3 7 -3 8 -71880
-3 -20 -5 -22 -73092
6 -23 6 -20 -58974
-15 -13 -14 -16 -67300
15 13 16 17 -72584
-10 -19 -11 -23 -68580
10 10 10 11 -57810
1 -20 1 -21 -65684
-23 -9 -23 -10 -64040
-3 -19 -7 -19 -70070
-22 6 -22 4 -63434
22 -3 21 -2 -62512
-1 -19 -2 -16 -65460
-24 -2 -20 -2 -61064
23 0 20 -24 -69862
8 -12 5 -13 -67266
23 -11 18 -8 -69152
13 24 -24 19 -69854
-13 -24 -19 -22 -64392
19 -18 19 -16 -56366
-12 -23 22 -24 -64870
7 3 8 1 -69788
-21 23 -23 17 -65242
3 -1 3 -5 -64860
2 15 0 16 -62632
-23 7 -20 6 -65192
8 -24 8 -22 -41800
-20 -2 -21 -2 -65334
-12 23 -10 22 -53598
-22 -5 -23 -12 -78174
-3 15 -2 11 -57480
-19 5 -16 6 -64218
-16 -20 -15 -20 -69306
0 5 1 3 -63968
11 -15 13 -14 -65358
-22 14 -23 10 -64506
14 -2 16 -2 -67538
-1 1 -1 -3 -65024
12 12 11 16 -65962
-3 21 -13 24 -56866
1 -11 0 -14 -53474
-18 -10 -18 -11 -61518
0 24 -1 15 -67456
-18 -4 -17 -3 -64618
6 -5 6 -4 -61378
-10 23 -10 21 -44140
-10 -23 -6 -21 -64134
-1 15 0 16 -66150
8 -15 9 -16 -64466
7 -2 4 -12 -83616
-21 -21 -18 -18 -69230
-9 3 -10 3 -59208
-19 23 -18 17 -71412
-13 14 -13 12 -62558
-10 3 -13 4 -67722
15 -22 19 -18 -69760
7 -1 -2 0 -85952
-18 14 -19 11 -67498
23 -4 24 -2 -61210
-17 -1 -16 -2 -58908
-7 -9 -5 -8 -64934
-14 23 -16 22 -59428
-20 -5 -19 -8 -75062
20 7 20 6 -65548
24 -14 20 -19 -65586
24 -23 24 -18 -51454
-19 -14 -18 -13 -61344
-21 -21 -24 -9 -70298
13 14 13 11 -65612
-17 24 14 23 -65602
24 5 24 1 -57398
9 15 10 19 -67172
9 3 8 1 -69378
-19 -19 -23 -20 -60612
5 -8 5 -9 -61518
-5 -13 -2 -11 -68220
15 -6 17 -2 -72770
-18 16 -17 15 -74104
10 -21 11 -19 -62000
-12 13 -14 13 -66414
-9 -19 1 -16 -83760
16 -17 13 -23 -68412
21 7 24 9 -51492
-1 -5 -2 -5 -60486
-23 -7 -24 -6 -50754
-12 -12 -11 -13 -67310
-11 -17 -14 -16 -70436
-24 -11 -20 -11 -63318
-13 -13 -9 -1 -83696
16 19 18 20 -58206
7 -6 11 -5 -67724
11 -8 12 -9 -67264
-2 -9 -3 -11 -64506
6 11 9 10 -64438
23 -14 23 -9 -56244
-16 -18 -17 -17 -69458
3 7 5 6 -64366
23 11 24 -19 -71728
21 0 22 -3 -67738
15 -5 15 -6 -68300
0 19 -1 18 -63368
-13 4 -14 2 -62944
11 7 10 8 -67186
7 24 6 21 -60744
-17 2 -16 2 -58342
15 -9 12 -11 -66686
-1 -20 -4 -23 -75364
-8 4 -7 6 -66596
-10 -22 -7 -23 -54336
10 3 8 3 -70090
7 20 -24 23 -68700
3 -1 2 -1 -74186
19 12 19 16 -68724
8 6 8 5 -73440
20 -15 24 -13 -57506
11 6 13 7 -67594
-14 18 -14 16 -63362
-1 3 0 3 -63648
-8 12 -6 11 -62722
-1 20 4 21 -63266
22 24 19 24 -37868
-23 -17 -23 -7 -65240
-5 -1 -3 -3 -67546
24 -18 20 -9 -66716
-24 -1 -23 0 -52198
24 14 20 18 -66924
-10 -21 -11 -22 -68758
-1 -11 -23 -24 -71538
-4 20 -4 21 -56306
-24 14 -22 9 -67150
-18 22 -14 22 -64352
9 -17 8 -24 -64166
-9 -9 -9 -8 -64114
-24 -6 -24 -1 -55308
-17 13 -17 10 -63826
-9 15 -9 17 -63040
13 4 13 6 -64814
16 -23 10 -21 -72094
-24 -19 -24 -15 -46356
