22 8 21 10 -67015
20 -17 20 -20 -65307
-12 -15 -15 -18 -69439
15 11 14 6 -67993
24 3 22 1 -54727
5 21 4 24 -49335
24 -18 24 -21 -53945
-8 -3 -8 -2 -59337
-9 -11 -6 -13 -64007
-11 -20 6 -19 -82167
4 13 5 13 -67497
12 -6 11 -4 -64039
19 4 19 5 -63607
-16 -9 -21 -8 -60341
14 -17 14 -16 -58247
-6 -10 -7 -12 -67935
-20 2 -23 0 -65613
21 13 19 17 -66693
-18 -17 -20 -17 -63703
2 -6 4 -4 -61943
24 16 21 17 -52007
14 -12 14 -11 -62817
21 -11 21 -10 -61715
-22 20 -22 18 -54739
-22 14 -18 13 -69415
5 -24 7 -23 -59323
3 -24 -1 -23 -50355
11 -14 10 -12 -65081
-12 3 -24 -23 -75317
0 -20 -1 -24 -71239
1 -12 2 -12 -59257
-13 -6 -14 -5 -65897
-11 2 -11 4 -60389
3 21 3 22 -48295
17 0 17 1 -66345
-14 24 -15 19 -58781
13 13 14 14 -65427
-24 -15 -22 -18 -57695
0 -5 -1 -4 -58799
-2 -11 -3 -9 -71681
21 -8 22 -10 -60145
-18 12 -23 8 -68851
-6 -7 -6 -6 -60393
15 -21 16 -20 -52245
-21 12 -24 13 -59721
-23 12 -23 15 -64949
-24 23 22 20 -61757
16 19 17 18 -68175
0 -22 -1 -23 -64373
14 22 12 21 -57499
16 4 14 4 -66741
21 23 22 18 -48431
-10 17 -9 16 -64341
20 -19 21 -20 -73259
-15 24 -18 19 -70357
10 -17 12 -20 -64215
24 0 24 -5 -61519
15 8 13 12 -71947
-1 -24 -2 -19 -67597
7 -7 10 -7 -65771
-5 -16 -6 -14 -64559
21 -5 24 -5 -64351
-23 -10 -21 -8 -63579
-8 -4 -10 -4 -63855
7 10 5 10 -73361
24 16 23 21 -47271
8 -13 6 -16 -65993
-10 -18 -9 -18 -64707
24 22 8 16 -72151
-24 -18 -22 -19 -48119
16 -14 17 -13 -59861
-23 -5 23 -16 -67891
1 10 1 11 -61867
1 11 3 10 -67505
6 -11 6 -12 -54551
6 -3 7 -2 -61025
-14 22 -23 23 -63607
-13 -15 -18 -14 -65811
14 -9 16 -10 -63283
-7 9 -6 8 -63513
-22 20 -20 14 -69229
-24 -23 -20 -22 -34785
9 12 10 15 -71777
-7 6 -6 7 -70183
11 -10 10 -16 -63247
-5 0 -8 -1 -66377
18 11 14 7 -69319
-23 -23 24 -5 -70463
2 -17 -1 -17 -62113
24 -23 10 -22 -62603
16 -5 17 -8 -64203
-4 21 3 24 -60981
9 -12 11 -12 -63591
-24 -6 -4 1 -68219
24 0 23 3 -53723
24 -7 21 -6 -61183
-8 -9 -9 -9 -68399
-7 23 -9 19 -56385
-17 -4 -17 -3 -65231
-17 2 -17 5 -64337
6 -10 4 -10 -63691
-13 -10 -14 -10 -67207
-5 10 -5 9 -58453
12 -21 15 -24 -64123
-24 23 23 10 -67479
5 22 6 24 -56109
-16 21 -16 18 -60353
9 20 9 24 -61463
-13 -3 -13 0 -62679
0 -14 -2 -13 -63893
3 -13 3 -14 -59431
-21 -6 -21 -9 -55739
-9 -14 -10 -14 -69961
18 6 19 6 -55655
-5 -20 8 -24 -72465
-4 24 24 22 -58913
4 -19 1 -22 -72699
-18 1 -18 2 -57041
-11 -21 -13 -24 -56473
-23 10 -24 2 -68779
-4 18 -3 18 -59971
-14 -20 -16 -24 -52979
13 19 12 22 -61771
1 17 -2 17 -64315
-23 5 -22 1 -61941
24 15 24 9 -68719
-5 -23 -5 -20 -70247
12 -23 8 -22 -61123
-9 -10 -9 -9 -66163
20 17 21 17 -61475
0 -18 -1 -20 -71287
-20 8 -20 5 -66267
-22 -3 -23 2 -61459
-23 22 -20 19 -58633
13 15 13 17 -60487
-21 20 -18 20 -64883
-13 9 -14 10 -65443
24 13 22 6 -67019
5 -16 6 -16 -64635
-23 -17 -21 -17 -54605
-8 4 -9 3 -68309
1 12 0 11 -62269
-24 -12 -23 -10 -55291
-4 20 -8 21 -60747
-2 16 -2 15 -52827
16 -17 17 -18 -64581
7 9 10 10 -65305
-21 23 -19 19 -62127
-13 6 -13 5 -66759
11 17 11 22 -67125
19 10 15 12 -63943
17 19 16 21 -66689
4 -1 4 0 -65707
9 -8 9 -6 -54317
2 12 0 14 -66235
0 5 2 5 -65497
-24 -9 -22 -9 -53627
-15 9 -16 8 -62625
22 -21 20 -23 -50727
20 12 20 10 -63607
1 -9 -1 -10 -60463
8 -8 9 -9 -66823
-12 24 -18 24 -57615
-19 -9 -18 -3 -70371
24 -23 19 -24 -46885
0 -23 -4 -22 -57859
-24 -6 -21 -3 -62747
24 -23 -5 -24 -63665
12 11 9 11 -72523
13 0 13 1 -66865
1 3 0 2 -65325
7 -23 3 -22 -62879
14 12 17 12 -63051
8 14 8 11 -69273
-5 -13 -3 -14 -66639
7 23 3 21 -59743
-9 18 -10 22 -61445
0 0 -3 1 -63885
-11 -7 -12 -8 -68219
11 0 10 -1 -62373
5 22 14 23 -72359
5 8 6 7 -71691
-11 15 -9 14 -64151
-14 -19 -15 -20 -66923
-12 -21 -12 -18 -66609
18 -12 19 -16 -64545
9 21 6 23 -53847
-2 -9 5 7 -83945
20 -16 2 -18 -76007
22 -2 24 -4 -64295
-20 12 -20 9 -67261
4 -19 3 -15 -58687
-5 18 -5 20 -59495
-1 3 -1 4 -60645
5 -8 3 -10 -60873
-8 -23 -11 -18 -69841
-12 -8 -13 -8 -67913
-5 -21 -6 -24 -58345
-21 -9 -19 -11 -61485
-8 -11 -10 -12 -72575
2 13 3 15 -65265
14 -21 16 -23 -63409
0 23 -6 24 -60039
-5 -18 -5 -16 -61893
0 -9 0 -8 -60141
-22 8 -24 7 -52673
-24 -21 13 -21 -71271
-15 6 -11 3 -70681
20 -21 21 -5 -74401
-6 -5 -5 -7 -65279
3 17 4 14 -56975
-3 4 -2 -5 -72165
-6 2 -6 3 -57495
-20 24 -23 22 -57727
7 0 6 4 -63757
10 23 9 23 -61919
12 -24 9 -22 -58717
6 9 1 9 -78403
-16 7 -15 5 -69319
22 -6 21 -9 -65687
2 17 0 19 -55623
-18 -23 -20 -19 -58037
-1 -23 -23 -23 -65471
24 19 24 -4 -72039
-8 9 -13 9 -62721
-18 -16 -19 -18 -65585
15 -8 16 -8 -62647
-19 -11 -18 -15 -62473
18 -7 21 -6 -65191
14 -8 14 -7 -57771
-9 -15 -8 -13 -67943
-6 -12 -6 -14 -60699
2 -4 0 -5 -59079
3 -19 4 -23 -64371
21 -20 23 -22 -61457
18 -19 15 -19 -59547
-15 0 -15 -2 -58831
-21 2 -15 0 -69475
6 7 6 10 -64021
-3 16 -4 15 -61703
23 0 24 -12 -65745
-23 18 -23 12 -64237
11 -4 9 -3 -71341
-22 -4 -23 1 -62773
-5 -1 -5 0 -57487
16 -12 16 -11 -64539
21 -18 22 -18 -64747
23 22 19 17 -55875
11 1 13 0 -70943
1 12 1 11 -62583
-24 19 -23 19 -34969
-11 -1 -10 1 -64259
-14 2 -11 2 -61365
-21 22 -21 21 -52491
18 16 19 18 -59719
20 -15 18 -15 -57403
10 22 10 20 -64383
-1 -21 -3 -22 -67527
15 13 15 16 -63389
-21 20 -18 24 -71103
20 -5 18 -10 -72225
23 -4 24 1 -63619
-10 -7 -11 -6 -64687
-10 11 -10 13 -63669
-1 7 -1 8 -58237
-14 -8 -15 -12 -61885
-12 14 -15 11 -67233
2 23 4 23 -53981
-1 -12 -2 -9 -73493
-19 -14 -19 -17 -62343
-24 -24 -23 -17 -30235
7 -24 -18 -21 -71469
8 -5 4 -3 -70565
18 -24 18 -18 -56073
7 7 17 -11 -92957
-10 23 -15 23 -48645
-22 4 -19 1 -69727
-13 8 -15 7 -66181
14 -6 16 -4 -67639
11 18 12 18 -65873
20 6 22 7 -61763
9 3 10 -1 -67799
23 -12 21 -16 -59035
-1 4 -2 3 -65689
16 -1 15 1 -68231
22 -24 24 -19 -48663
-13 -7 -13 -2 -66327
-21 -14 -21 -24 -55207
-22 5 -23 0 -64179
-24 24 -22 8 -66825
4 -11 2 -9 -65691
8 -20 7 -20 -64049
21 -15 23 -18 -65569
-15 -21 -22 -22 -62491
-7 15 -9 12 -63255
-6 18 -7 18 -57809
-16 -17 -15 -20 -58905
16 24 22 23 -61419
5 4 3 4 -69399
-20 -20 -15 -24 -66309
-7 17 -7 16 -63869
15 -19 11 -22 -61621
-12 -16 -11 -15 -67405
-11 -17 -10 -13 -62861
6 9 5 3 -68483
-5 -15 -3 -13 -66193
16 21 15 20 -58043
-5 -4 -2 -5 -66621
8 -21 7 -23 -66221
-10 4 -11 7 -69999
-1 -3 -1 -2 -54579
-24 -8 -23 -4 -53525
-1 23 -4 23 -60895
-10 21 -2 24 -57849
23 16 21 14 -54907
-6 -20 -6 -17 -66373
-20 -24 -21 -21 -39243
22 5 21 7 -66239
-4 1 -2 2 -60153
11 6 13 6 -76483
1 10 0 7 -61611
-15 -8 -14 -6 -66743
-22 15 -24 16 -54949
-4 17 -6 23 -65863
-13 11 -13 12 -68543
6 -13 7 -14 -65119
11 -18 11 -16 -59397
5 8 4 10 -70105
13 -16 11 -15 -62965
6 14 5 13 -71773
10 -4 13 -4 -69963
24 16 24 8 -71535
3 -1 3 0 -66805
24 -13 21 -11 -57803
-1 -17 0 -14 -59727
10 -3 10 -2 -52027
22 9 22 5 -68857
-15 24 14 24 -58623
-15 -21 -13 -23 -56939
18 0 22 0 -61653
7 23 10 24 -59865
-19 15 -14 18 -66947
-23 6 -23 11 -59203
14 1 16 4 -71203
0 24 4 22 -52937
17 -21 22 -22 -64415
19 22 21 20 -63925
-24 0 -23 24 -64223
-7 -22 -3 -24 -57905
-13 14 -16 15 -67261
-20 22 -21 21 -70415
-21 16 -23 13 -61363
22 -21 21 -20 -68919
9 -23 3 -23 -69023
22 -12 24 -1 -69963
-6 -21 -5 -23 -63899
-21 -3 -21 -4 -59937
13 -18 13 -21 -58721
-8 -1 -10 2 -59943
9 23 14 22 -59701
-13 13 -12 6 -74173
19 3 20 1 -63247
24 -1 24 22 -69691
5 16 4 15 -67447
-9 15 -12 14 -58781
1 10 -1 10 -62247
24 21 21 22 -46207
11 -21 9 -23 -58707
-9 9 -9 10 -61167
-2 9 -4 10 -63439
-15 -4 -14 -5 -61157
-15 10 -19 11 -68649
-22 8 -21 7 -62709
16 8 19 4 -72055
-3 -20 -5 -22 -71077
6 -23 6 -20 -60489
-15 -13 -14 -16 -60569
6 17 10 19 -64239
-10 -19 -11 -23 -70235
10 10 10 11 -61219
1 -20 1 -21 -69437
-23 -9 -23 -10 -49539
-3 -19 -7 -19 -65645
-22 6 -22 4 -64841
22 -3 21 -2 -73619
-1 -19 -2 -16 -61749
-24 -2 -20 -2 -62011
-24 11 -22 -24 -63093
-12 -8 -12 -10 -65075
-22 8 -24 5 -62997
21 -6 23 -5 -64327
-13 -24 -19 -22 -64167
19 -18 19 -16 -62603
-12 -23 22 -24 -68527
-24 10 -23 15 -63407
-21 23 -23 17 -60849
3 -1 3 -5 -61729
-7 16 -8 15 -61903
-23 7 -20 6 -62471
8 -24 8 -22 -44535
-20 -2 -21 -2 -64675
-12 23 -10 22 -41867
5 -18 3 -20 -68509
-3 15 -2 11 -59869
-19 5 -16 6 -60239
-16 -20 -15 -20 -64875
0 5 1 3 -58841
11 -15 13 -14 -63313
-22 14 -19 16 -63715
14 -2 16 -2 -65123
-5 9 -8 7 -68097
24 10 23 12 -55845
10 12 16 2 -89249
1 -11 0 -14 -63259
-18 -10 -18 -11 -54843
-8 4 -8 6 -68071
-18 -4 -17 -3 -63493
6 -5 6 -4 -55579
-10 23 -10 21 -44571
-10 -23 -6 -21 -60631
8 19 10 11 -69867
8 -15 9 -16 -63263
0 2 0 1 -60407
18 -5 20 -6 -63099
-9 3 -10 3 -59269
-12 17 -15 20 -61307
-13 14 -13 12 -65587
10 3 9 4 -67705
4 -1 5 -1 -63427
-5 22 -4 23 -50303
23 3 20 2 -61843
23 -4 24 -2 -56511
0 -7 1 -8 -64653
-7 -9 -5 -8 -64193
-14 23 -16 22 -58755
-8 -5 -7 -3 -65629
20 7 20 6 -69951
24 -14 20 -19 -63033
24 -23 24 -18 -51215
-19 -14 -18 -13 -65119
-21 -21 -24 -9 -69965
13 14 13 11 -66141
16 3 17 5 -66519
24 5 24 1 -51051
9 15 10 19 -64491
9 3 8 1 -62141
-19 -19 -23 -20 -56815
5 -8 5 -9 -58083
-11 -24 -12 -18 -69411
9 6 9 7 -57855
-18 16 -17 15 -62775
10 -21 11 -19 -59803
12 13 11 13 -70637
19 16 20 23 -59607
18 0 -9 -7 -81571
21 7 24 9 -49333
-1 -5 -2 -5 -60395
-23 -7 -24 -6 -43987
-12 -12 -11 -13 -65219
-11 -17 -14 -16 -66095
-24 -11 -20 -11 -63019
-8 0 -10 -2 -71245
16 19 18 20 -61243
-20 -11 -22 -15 -71059
-18 13 -16 11 -72565
-2 -9 -3 -11 -65259
-3 10 -5 10 -57857
23 -14 23 -9 -59747
24 1 3 -1 -72469
24 14 -21 15 -67171
23 11 24 -19 -63739
21 0 22 -3 -72711
15 -5 15 -6 -59069
0 19 -1 18 -59129
-10 -21 -12 -22 -62023
11 7 10 8 -71825
7 24 6 21 -61781
-17 2 -16 2 -57863
15 -9 12 -11 -60131
21 21 12 24 -65667
-8 4 -7 6 -73327
-10 -22 -7 -23 -54491
10 3 8 3 -64359
12 19 15 17 -67549
3 -1 2 -1 -60447
19 12 19 16 -63363
6 -13 5 -18 -65775
20 -15 24 -13 -60169
11 6 13 7 -73213
-14 18 -14 16 -55495
-1 3 0 3 -62995
5 7 6 7 -74417
-1 20 4 21 -65147
22 24 19 24 -48169
-23 -17 -23 -7 -64507
-5 -1 -3 -3 -67037
24 -18 20 -9 -73695
-24 -1 -23 0 -51327
24 14 20 18 -64517
16 0 15 -1 -70747
-1 -11 -23 -24 -70989
-4 20 -4 21 -54991
-24 14 -22 9 -62833
-18 22 -14 22 -64665
15 -3 16 1 -73851
-9 -9 -9 -8 -66659
-24 -6 -24 -1 -52389
-17 13 -17 10 -68081
-9 15 -9 17 -64571
13 4 13 6 -58595
16 -23 10 -21 -68911
-24 -19 -24 -15 -44873
