-1 -2 -1 7 -124243
4 -14 3 -3 -129449
-7 -23 -3 -16 -68255
7 -7 14 0 -124389
0 7 4 10 -113313
0 -14 -3 -13 -102535
8 -2 4 2 -123701
8 -11 5 -15 -107565
-23 -6 -9 8 -130193
6 -12 8 -10 -105293
5 18 5 4 -124131
6 3 6 5 -97471
-6 1 20 24 -126091
9 20 18 20 -54327
7 14 5 8 -102963
21 5 8 4 -121273
-9 -14 -16 -2 -126573
-7 14 -2 22 -85489
6 -6 24 3 -116429
-10 23 -6 14 -67943
-7 -3 -18 -10 -127197
8 -14 18 0 -126695
-17 -9 -11 0 -114325
-2 -2 0 -9 -113465
12 0 19 -3 -113357
15 -6 -20 -11 -128947
-15 14 -18 7 -86437
4 17 0 7 -130389
-15 -14 12 -23 -116325
-8 3 -16 -3 -125905
1 -12 2 -12 -92779
8 0 22 3 -125321
-8 -10 0 -15 -128977
-18 23 -5 7 -107955
4 -5 6 -22 -127885
-18 17 -18 -1 -117189
-9 -11 -15 -4 -120143
9 8 14 12 -103267
-11 4 -17 5 -108123
5 5 1 7 -114491
12 6 3 21 -128291
-4 -7 -8 0 -124985
15 -1 21 -1 -73765
-6 -20 -13 14 -132401
13 -1 10 24 -105431
19 0 -23 0 -123469
-15 16 7 22 -115771
-15 -20 -14 -2 -102337
0 22 7 13 -105721
16 -2 12 0 -106071
-11 -4 3 -5 -148159
-7 1 -3 2 -120117
-20 19 -2 17 -102583
-10 3 24 -8 -127789
-13 5 -13 -7 -112129
-11 -5 -12 -10 -90171
2 7 5 -4 -124751
21 6 24 15 -33593
8 -1 -24 -24 -104895
-3 -10 -6 -15 -101075
-11 6 -22 -3 -115437
4 15 1 10 -118711
-12 -24 -2 1 -124979
10 5 24 0 -106989
0 -18 -10 -19 -111515
-19 15 -6 17 -111339
8 -13 -22 -18 -120799
15 -24 3 -2 -125713
21 -10 21 -19 -37225
10 19 7 -18 -127953
-1 -6 -5 -6 -120537
-21 8 -9 17 -114953
-7 4 -7 -8 -128099
-5 -6 -1 -12 -125683
-7 6 -4 14 -113035
10 -7 6 -11 -106681
21 -21 -3 -9 -123635
3 -10 1 -17 -124707
0 18 -17 15 -122981
-18 -23 1 6 -129515
17 -20 7 -18 -75997
-1 10 18 14 -129169
9 -15 -9 -24 -110373
-5 3 1 24 -126577
24 -14 -8 -22 -118987
0 -4 -24 -1 -124619
-24 -15 1 -18 -102961
17 8 6 6 -131041
4 -2 6 -1 -118551
7 -2 8 6 -114875
-1 -8 -9 -7 -135261
-9 8 0 15 -130199
22 -23 -15 -12 -108393
3 12 2 16 -95415
9 -10 7 -23 -86005
-24 -13 -7 3 -121583
6 -8 -1 -23 -125117
13 -5 11 -8 -91937
-15 8 -9 6 -110153
18 -3 16 -16 -78129
-12 18 9 11 -128295
-12 -5 -16 -20 -100951
3 13 14 8 -127565
22 -14 -12 -23 -120765
-9 11 2 20 -128423
16 21 5 14 -92601
-7 0 -6 -1 -115385
-14 -16 -20 -13 -62113
11 17 13 0 -109467
-6 -20 -18 -14 -90395
-14 -23 -19 -13 -51805
11 -2 8 -10 -117599
6 -11 13 -10 -110705
-22 8 -6 12 -120209
14 -15 -5 -24 -113973
-13 -5 -7 -4 -107159
-13 24 2 15 -94017
3 -5 8 -4 -125853
-16 0 -23 -24 -66207
-13 8 -17 8 -84881
-1 0 -5 -1 -122165
7 1 12 12 -121657
-16 -24 1 16 -125907
24 -9 4 14 -123945
-5 3 -5 1 -109017
1 17 2 16 -87305
14 2 7 8 -117289
-20 -6 -8 -7 -121011
1 -9 0 -18 -126241
-2 -7 -9 -4 -137139
9 24 -1 9 -119315
13 14 6 8 -120037
5 10 4 10 -97907
-6 -3 -5 -16 -126637
3 -4 0 -5 -111735
10 -23 2 1 -129537
-17 13 -21 1 -100767
4 -10 0 -13 -112679
-18 14 -21 1 -102707
-21 -9 -8 0 -132795
-8 4 -9 0 -115451
10 -14 19 15 -127115
-12 -14 -3 -10 -113239
-3 -23 -2 17 -129309
-11 -3 -14 6 -119843
-2 -22 -5 -7 -116309
-9 -5 -13 3 -119201
24 0 4 -18 -115859
4 17 -11 17 -119441
-20 18 -10 0 -128663
13 2 -22 12 -124685
-17 7 -12 21 -104563
6 4 3 9 -114831
-9 -5 -10 -2 -91817
0 -9 -2 -7 -111585
0 5 2 5 -107727
14 10 13 -4 -107367
-22 -4 -10 23 -117795
-1 4 2 6 -116559
5 -19 20 -22 -79071
-9 -23 7 -4 -132289
8 -8 9 -9 -91243
11 14 -8 23 -107037
0 18 21 15 -100433
12 6 5 2 -127575
-1 7 -22 14 -127837
1 -13 2 -7 -115851
-10 -1 -18 7 -129271
8 -6 9 5 -117181
-7 13 0 6 -129575
-3 1 2 3 -113827
2 -21 -14 -16 -115485
8 20 2 12 -103137
-8 -20 3 -13 -124093
10 24 4 12 -87791
-13 7 -2 22 -128907
4 7 0 23 -123579
0 -1 23 17 -128979
21 21 -4 7 -122837
19 -8 -3 -24 -124557
22 -9 9 6 -131309
24 -12 -4 -7 -123335
8 4 12 20 -114379
13 -13 10 -1 -128193
-4 0 -5 7 -127879
12 -17 20 13 -118965
-5 0 -12 2 -122861
-8 2 -11 23 -119195
24 -2 -9 -23 -119847
3 23 -2 22 -55483
1 -13 0 -6 -120297
-21 -7 -14 6 -106919
-9 2 -16 -21 -127413
10 18 -4 21 -99337
16 0 18 -2 -80739
6 -10 -2 -11 -118239
2 0 -2 -23 -128095
-9 -3 -9 -8 -97861
7 5 14 7 -117691
-19 11 -18 -1 -100979
-2 8 -23 -18 -125817
-5 0 -9 -2 -128063
-11 -4 -8 2 -119749
10 3 12 -3 -100437
5 -3 6 8 -128841
2 -7 -4 -6 -118091
11 -1 11 3 -90347
13 -10 14 -3 -95453
-9 -19 -12 -5 -112095
-3 2 -23 5 -120909
-8 -17 21 -15 -132111
-9 3 -8 4 -100649
-19 22 -12 -17 -113535
12 6 24 -16 -107543
0 -24 12 -19 -79473
20 9 -8 8 -129265
16 -12 10 -1 -127101
-22 14 -6 6 -120403
-1 5 1 7 -114907
-6 21 -19 12 -118121
15 3 17 5 -71095
12 -8 4 -22 -120967
-16 -8 21 13 -130487
0 19 3 9 -123057
-7 1 -11 -5 -122603
8 0 14 -2 -104995
-5 16 1 21 -84959
-3 14 0 13 -110997
11 8 -23 -13 -128725
-9 -10 -7 -14 -92111
-10 -15 -14 -15 -68323
-8 -19 17 23 -126931
-11 13 -14 6 -117669
2 -8 -23 -19 -117311
-1 -6 -5 -11 -123043
5 -10 6 -15 -102933
15 -24 10 2 -110101
19 -4 -4 -23 -130119
24 15 1 -10 -119785
15 -24 -15 -19 -107287
-6 -11 10 -20 -124917
-4 16 -4 -13 -131005
-20 17 17 13 -114917
9 -19 -24 9 -116445
5 9 13 11 -123017
16 12 7 8 -121919
10 -8 19 -14 -85695
0 -6 -4 2 -123877
5 23 11 5 -117965
18 2 14 -5 -82257
-20 9 -23 22 -34693
4 2 8 1 -125141
-1 21 17 24 -80589
-21 -19 -10 -10 -81513
9 9 15 7 -103415
13 0 6 -6 -126709
12 16 19 0 -102223
3 4 0 6 -113073
-1 0 -4 2 -117975
1 8 1 3 -115997
-1 -12 0 -11 -99663
-2 -4 -7 0 -129039
13 1 4 7 -130721
-12 -1 -15 -1 -106271
-16 -16 -12 -9 -79817
3 6 1 17 -121833
-15 3 -16 13 -109365
-14 24 -10 -2 -119183
-3 -3 1 -1 -121499
-10 -12 24 -19 -116163
-7 2 -6 9 -116787
-4 2 -13 6 -130015
16 -21 -8 -15 -127233
0 -16 -13 -17 -125079
-7 -6 -9 -16 -108709
-9 12 14 24 -111229
0 -19 -5 -23 -69879
-7 -5 -6 -3 -109253
8 -1 21 -19 -126679
-11 12 -16 -8 -131159
15 -21 6 -12 -86961
2 -2 -7 24 -129985
-1 6 -2 -8 -127089
11 3 9 -9 -123175
-4 3 -2 -2 -123803
-9 -2 -7 4 -128001
20 -14 -21 2 -123367
5 3 10 23 -123597
-4 -7 -6 -9 -114409
9 -10 0 -6 -131145
-16 9 -5 11 -125739
0 12 -10 13 -121741
4 0 1 12 -129419
3 13 16 24 -98033
17 -6 12 6 -119987
9 -15 17 8 -130887
16 9 -18 5 -130171
22 -12 -3 -19 -123159
1 10 4 15 -118669
22 -10 22 16 -81007
-1 -13 -20 -23 -95491
-7 5 -5 7 -103303
6 10 9 8 -108493
1 -10 0 -8 -105011
-19 1 -11 20 -130597
-13 -10 -3 -5 -127611
2 -11 0 -16 -114493
-21 7 -13 -5 -105427
-14 15 -4 7 -122959
12 -10 -22 -16 -126911
4 -14 13 -10 -124619
17 6 17 9 -47735
-5 -10 -11 -5 -128895
-2 3 -1 22 -129423
3 0 1 3 -106417
-11 20 -10 12 -66747
-11 -5 -6 -10 -122825
-15 -11 -11 1 -116187
5 8 -2 10 -123355
5 -12 5 -10 -96801
0 -16 -4 -15 -99871
21 14 12 11 -65553
0 -15 8 -12 -114923
-7 -3 -10 4 -124033
8 21 -13 12 -127663
6 -13 7 -14 -82813
-5 -11 -6 -8 -102903
-1 8 -23 1 -126293
12 5 4 1 -132919
16 9 13 10 -72967
-2 -24 0 11 -127217
-6 12 -19 14 -117921
8 -14 2 -5 -132261
-2 18 6 12 -124775
3 -24 -6 -7 -121665
22 20 -16 -10 -121077
5 -8 24 -9 -106587
-8 2 -9 8 -108255
-4 13 4 10 -132037
0 -3 0 0 -100947
7 21 15 2 -119709
1 -8 4 -3 -117323
10 7 4 8 -122081
13 18 -23 -3 -123841
3 24 -2 2 -128099
5 -22 0 -19 -53141
-21 -2 -22 15 -87091
20 -8 14 -13 -69679
5 -12 10 -10 -116185
-2 1 24 24 -110623
4 -22 12 -11 -111835
8 -3 23 2 -120287
3 1 0 -1 -114303
7 -13 5 1 -130751
-10 -10 -14 11 -134963
-11 -2 -17 -1 -114901
3 -19 0 -9 -124179
4 -2 18 -21 -133493
-1 -13 2 -16 -96147
11 10 11 -5 -119859
-9 1 -14 3 -115065
12 0 15 -13 -124851
-8 -15 -8 -23 -42803
22 6 -23 -3 -116963
-9 -8 -4 -15 -119501
16 -24 -6 -6 -125265
19 -10 6 19 -131627
7 -6 11 -2 -113849
-22 0 -17 -2 -45155
10 -4 10 -11 -102121
8 -21 0 24 -122529
-5 12 -13 7 -123885
-2 13 6 10 -124905
8 0 23 -3 -123899
-15 6 -18 13 -86307
8 -22 7 3 -125007
-24 -10 -2 2 -125301
0 -11 5 -7 -116467
-10 -21 -11 12 -127147
-11 -5 -11 8 -130907
0 -2 -1 -4 -114331
-9 8 -1 7 -122773
-23 11 -5 21 -107549
-13 -9 8 -19 -130639
24 -6 12 -16 -79005
0 -7 3 -2 -118199
-12 6 -9 12 -115265
-8 18 -18 11 -116693
5 4 11 13 -124985
18 24 11 8 -76047
21 6 -8 -23 -130321
15 -24 -9 -16 -115351
2 -15 1 -19 -76189
-14 4 -11 16 -129173
-4 0 22 22 -129647
6 -5 3 -6 -117807
3 -17 -12 -19 -128559
0 -13 -8 -11 -125503
-19 -21 21 -15 -112853
-16 19 -13 0 -128877
13 -12 -1 -21 -127757
-15 -11 -17 -7 -68273
4 -3 1 1 -114913
-10 -13 -12 7 -131867
-12 0 24 5 -120613
12 2 14 -12 -128839
11 1 15 -6 -111579
4 13 -6 14 -130971
-14 1 -15 11 -109521
-8 9 -5 10 -103493
23 7 0 -1 -128907
-10 -6 -3 -7 -131165
-2 -13 -18 -9 -128069
-24 -7 -2 -9 -120975
-22 -1 18 -4 -127807
-9 -1 -18 2 -128529
-20 22 14 18 -95681
-18 -4 -18 8 -94969
23 -23 0 -3 -115863
-6 -3 -4 -1 -123357
-16 0 -5 24 -128385
15 0 9 3 -109883
16 -8 17 -23 -56847
4 -10 16 -7 -123679
18 -14 8 -19 -80437
23 -21 6 0 -119739
14 18 4 9 -123759
-2 -2 1 -4 -105721
-5 17 -10 11 -100859
-11 14 -21 -15 -124629
-20 23 -19 23 -13929
-12 -8 -14 -7 -91277
-12 -17 -19 7 -119837
18 -13 16 9 -106541
4 -1 8 1 -124989
-14 20 -13 0 -127885
-23 -11 -8 11 -132457
-14 -7 -21 -8 -69895
-2 -13 10 -15 -119669
-3 -1 0 1 -115005
-9 -12 -5 -4 -124843
0 12 4 24 -87073
-2 8 4 14 -122723
5 2 -19 21 -129557
-1 -5 4 -8 -123769
18 -2 17 -5 -58637
-6 8 -2 12 -108115
-7 3 -6 1 -119329
0 17 9 11 -118321
-10 9 -9 14 -89327
-8 17 -6 16 -71445
-1 -4 0 -1 -115741
-21 -7 -19 12 -101973
8 -8 8 24 -116203
-7 1 -6 12 -126573
3 8 -4 12 -128281
5 -3 4 -4 -109097
24 -16 -9 7 -128011
23 -10 18 -9 -29419
12 1 21 17 -100569
-6 24 -11 -3 -128005
-9 11 -14 4 -122143
-23 20 -3 3 -115559
6 -12 12 -13 -99941
-11 -16 -2 -14 -113347
5 9 16 7 -131867
2 5 -3 6 -114207
0 8 -1 1 -121527
1 -14 -8 -18 -121577
23 1 2 0 -127151
12 6 12 1 -87031
1 -7 -24 -8 -127203
-7 3 -7 20 -124691
5 3 8 8 -116509
-17 -22 -9 6 -127031
-1 15 -4 17 -87959
6 10 7 -24 -119957
-1 -21 0 -12 -95387
-6 3 -7 -1 -116493
4 12 10 6 -121951
-4 12 2 14 -114197
5 20 -18 20 -106033
-5 13 0 12 -118411
8 2 24 12 -104357
3 -1 2 -1 -114773
7 -1 5 0 -123547
4 -4 1 -4 -121393
10 -14 -15 -19 -127817
-6 -10 -5 -7 -107835
1 -9 -2 -22 -120785
-14 13 11 17 -125839
-6 -11 -18 -4 -132491
0 9 -4 22 -112039
3 -3 4 -24 -122057
2 -20 -4 -9 -127379
19 0 24 -4 -35481
15 24 8 -9 -115023
-10 -12 -12 -4 -109289
-3 -7 -20 -17 -124491
-10 24 -4 9 -100217
9 11 1 8 -124617
22 9 15 -15 -100257
-7 -7 -23 1 -117727
-16 5 -7 6 -122121
-5 3 -11 11 -125399
-22 19 -13 -18 -108145
7 -20 -23 -10 -118419
-10 16 -14 0 -140069
11 14 23 -13 -117281
5 -17 6 -6 -126605
-16 -23 6 15 -130213
18 0 14 3 -94995
