-1 -2 -1 7 -113680
18 11 5 23 -96358
-7 -23 -3 -16 -74544
22 -20 9 -15 -83080
0 7 4 10 -110440
0 -14 -3 -13 -90908
4 -21 4 -14 -78158
8 -11 5 -15 -101512
-23 -20 -9 -6 -98928
6 -12 8 -10 -97094
5 18 5 4 -118670
6 3 6 5 -88850
-6 1 20 24 -115818
9 20 18 20 -60668
7 14 5 8 -98490
21 5 8 4 -119526
-11 16 16 21 -112024
-7 14 -2 22 -88880
6 -6 24 3 -115516
-10 23 -6 14 -69004
-12 9 14 -17 -130302
7 -21 9 -10 -106528
-17 -9 -11 0 -109984
-2 -2 0 -9 -109022
12 0 19 -3 -110036
1 21 -10 15 -107016
-15 14 -18 7 -82340
5 4 3 -4 -110148
-15 -14 12 -23 -109454
-8 3 -16 -3 -116562
1 -12 2 -12 -87520
24 18 2 3 -112480
-15 -6 -11 -24 -99458
-18 23 -5 7 -104034
4 -5 6 -10 -103376
-18 17 -18 -1 -112682
-9 -11 -15 -4 -121036
9 8 14 12 -101030
-11 4 -17 5 -103266
5 5 1 7 -108320
13 6 16 -3 -107968
-4 -7 -8 0 -119420
15 -1 21 -1 -77070
23 -20 11 -6 -110498
13 -1 10 24 -107746
19 0 -23 0 -117644
-15 16 7 22 -110302
-15 -20 -14 -2 -110680
0 22 7 13 -108302
16 -2 12 0 -104170
20 0 14 9 -103292
-7 1 -3 2 -110930
-20 19 -2 17 -101348
-13 -2 -19 2 -99164
-13 5 -13 -7 -108346
-11 -5 -12 -10 -91296
-17 0 -14 -22 -108552
21 6 24 15 -36258
8 -1 -24 -24 -100986
-3 -10 -6 -15 -95194
-11 6 -22 -3 -108378
4 15 1 10 -116618
-12 -24 -2 1 -117334
10 5 24 0 -107294
0 -18 -10 -19 -96298
-19 15 -6 17 -111234
8 -13 -22 -18 -111332
15 -24 3 -2 -111858
21 -10 21 -19 -43698
-7 -6 -12 -14 -104486
-1 -6 -5 -6 -104172
-17 8 -14 0 -108262
-8 -10 -8 1 -119202
-11 10 -18 11 -95662
-7 6 -4 14 -114364
10 -7 6 -11 -97856
24 17 4 -9 -117000
3 -10 1 -17 -114756
0 18 -17 15 -117476
12 -23 -15 -8 -113290
17 -20 7 -18 -84074
15 10 23 -8 -101664
9 -15 -9 -24 -104900
-5 3 1 24 -119820
24 -14 -8 -22 -111380
0 -4 -24 -1 -114436
-24 -15 1 -18 -98094
-13 15 17 12 -117684
4 -2 6 -1 -107724
7 -2 8 6 -106252
-5 24 19 15 -99166
-13 -22 -19 1 -109602
22 -23 -15 -12 -104546
3 12 2 16 -89036
9 -10 7 -23 -102838
-24 -13 -7 3 -111290
11 7 11 4 -78878
13 -5 11 -8 -92130
-15 8 -9 6 -102020
18 -3 16 -16 -99372
20 -18 14 -5 -107918
-12 -5 -16 -20 -108870
3 13 14 8 -116970
22 -14 -12 -23 -115046
20 -12 12 -8 -100234
16 21 5 14 -97882
-7 0 -6 -1 -106890
-14 -16 -20 -13 -66678
11 17 13 0 -113500
-6 -20 -18 -14 -98020
-14 -23 -19 -13 -64302
11 -2 8 -10 -106892
6 -11 13 -10 -97942
-5 8 -6 12 -94656
14 -15 -5 -24 -109126
-13 -5 -7 -4 -98568
-13 24 2 15 -91196
21 7 -24 -2 -113448
-16 0 -23 -24 -71750
-13 8 -17 8 -88128
-1 0 -5 -1 -109300
7 1 12 12 -115724
-16 -24 1 16 -114902
24 -24 -8 14 -110524
-5 3 -5 1 -99018
1 17 2 16 -88070
14 2 7 8 -112362
-20 -6 -8 -7 -114812
1 -9 -3 -5 -114506
-16 0 -20 11 -114514
-5 18 -6 15 -76134
13 14 6 8 -111000
5 10 4 10 -98156
-6 -14 -9 -16 -82208
3 -4 0 -5 -101872
-9 -16 -9 -14 -66018
-17 13 -21 1 -101064
4 -10 0 -13 -107586
-18 14 -21 1 -103468
12 -9 16 2 -115260
-8 4 -9 0 -106930
-19 -13 -17 13 -111616
-12 -14 -3 -10 -103638
-17 -22 7 -20 -102858
-11 -3 -14 6 -112152
-2 -22 -5 -7 -109666
-9 -5 -13 3 -113210
24 0 4 -18 -115494
-11 -3 -8 -10 -125014
13 -8 19 -18 -102254
13 2 9 16 -111878
-17 7 -12 21 -95092
6 4 3 9 -104996
-9 -5 -10 -2 -95764
0 -9 -2 -7 -104904
0 5 2 5 -103052
-2 17 -6 7 -126090
-22 -4 -10 23 -108744
-1 4 2 6 -110630
5 -19 20 -22 -88038
-9 -23 7 -21 -92034
8 -8 9 -9 -81902
11 14 -8 23 -107900
0 18 21 15 -101826
12 6 5 2 -115878
-11 10 -10 0 -115310
1 -13 2 -7 -104192
-11 19 -12 5 -106654
8 -6 9 5 -109742
-20 4 -21 16 -75596
-3 1 2 3 -106138
2 -21 -14 -16 -103606
8 20 2 12 -104116
15 3 9 -2 -108286
10 24 4 12 -86330
16 12 19 21 -48054
23 7 22 -6 -60794
1 -24 2 -6 -116164
17 3 18 -8 -87590
19 -8 -3 -24 -109878
-6 -14 -6 -10 -86680
24 -12 -4 -7 -112556
8 4 12 20 -112208
13 -13 10 -1 -110998
23 -10 4 -16 -112098
12 -17 20 13 -115336
-5 0 -12 2 -115416
-8 2 -11 23 -112026
24 -2 -9 -23 -111986
3 23 -2 22 -62388
1 -13 0 -6 -106790
-21 -7 -14 6 -104566
-24 20 -6 8 -96120
10 18 -4 21 -105596
16 0 18 -2 -80892
6 -10 -2 -11 -111276
-4 14 -2 -23 -118988
-9 -3 -9 -8 -103926
7 5 14 7 -106474
-19 11 -18 -1 -110930
0 13 -23 7 -115422
14 -14 18 -3 -108006
-11 -4 -8 2 -111366
10 3 12 -3 -101448
-2 -24 4 -7 -118704
2 -7 -4 -6 -109318
11 -1 11 3 -92066
13 -10 14 -3 -97956
-9 -19 -12 -5 -118140
-3 2 -23 5 -117488
-2 -17 21 22 -115778
-9 3 -8 4 -98128
-19 22 -12 -17 -107736
12 6 24 -16 -109094
0 -24 12 -19 -87480
20 -13 20 -6 -62632
10 -5 23 -23 -105218
-4 5 -12 3 -116248
-1 5 1 7 -109060
-6 21 -19 12 -113230
15 3 17 5 -75170
20 0 10 -23 -107290
-23 10 -9 1 -116192
-11 6 -8 1 -108248
-7 1 -11 -5 -115748
8 0 14 -2 -105310
-5 16 1 21 -88994
-3 14 0 13 -104518
-8 15 -24 5 -108588
-9 -10 -7 -14 -90950
-10 -15 -14 -15 -74796
-8 16 9 23 -106880
-11 13 -14 6 -103658
2 -8 -23 -19 -110756
-1 -6 -5 -11 -114278
5 -10 6 -15 -94068
15 -24 10 2 -103224
-7 -21 -19 -21 -69720
10 23 17 -12 -113354
15 -24 -15 -19 -100036
-10 17 -22 6 -110210
15 21 12 -13 -115530
-20 17 17 13 -112542
9 -19 -24 9 -116684
5 9 13 11 -110154
16 12 7 8 -116202
10 -8 19 -14 -111346
0 -6 -4 2 -113916
5 23 11 5 -114190
18 2 14 -5 -95358
-20 9 -23 22 -35164
4 2 8 1 -111376
-1 21 17 24 -81068
-21 -19 -10 -10 -93058
9 9 15 7 -99168
-6 16 3 16 -112100
12 16 19 0 -109956
3 4 0 6 -106352
-1 0 -4 2 -107428
1 8 1 3 -108884
-1 -12 0 -11 -94156
-2 -4 -7 0 -116808
-8 15 -11 15 -76996
-12 -1 -15 -1 -96802
-16 -16 -12 -9 -87840
3 6 1 17 -115062
-15 3 -16 13 -109818
-14 24 -10 -2 -109748
8 18 4 10 -107956
-10 -12 24 -19 -109264
-7 2 -6 9 -107058
-9 11 -23 19 -84198
-14 -10 -13 5 -111020
0 5 -7 16 -131724
-7 -6 -9 -16 -109176
-9 12 14 24 -112268
0 -19 -5 -23 -66554
-7 -5 -6 -3 -103400
-3 13 4 14 -113030
8 -7 6 -4 -98570
15 -21 6 -12 -94968
-13 -2 -20 -8 -97050
-1 6 -2 -8 -116982
-12 3 12 -2 -124628
-1 2 -2 12 -115490
-9 -2 -7 4 -117742
20 -14 -21 2 -118818
5 4 9 9 -113332
-4 -7 -6 -9 -103308
-20 -14 -21 8 -88750
17 -1 18 -13 -96166
21 -23 12 11 -109644
-16 0 -11 -12 -114268
3 13 16 24 -98580
-19 -11 -12 -8 -93094
-5 2 -7 7 -116394
-3 6 0 1 -114724
8 -23 10 -19 -40640
1 10 4 15 -116586
22 -10 22 16 -85782
-1 -13 -20 -23 -97258
-7 5 -5 7 -95552
6 10 9 8 -99374
1 -10 0 -8 -95050
7 -7 7 -22 -116810
-3 -10 -9 -4 -123320
2 -11 0 -16 -105666
-21 7 -13 -5 -114484
-13 13 -4 7 -114898
12 5 13 -2 -102530
-23 9 13 -6 -119870
17 6 17 9 -53440
-15 -10 -11 -13 -87620
12 17 -1 12 -116544
3 0 1 3 -94078
-11 20 -10 12 -67926
-11 -5 -6 -10 -118918
-5 -3 -11 -8 -111026
5 8 -2 10 -117648
5 -12 5 -10 -83694
0 -16 -4 -15 -87112
21 14 12 11 -88286
0 -15 8 -12 -107358
-7 -3 -10 4 -116744
-3 7 4 12 -120738
6 -13 7 -14 -84352
-5 -11 -6 -8 -93882
6 -14 20 -20 -106098
-16 2 -22 11 -91954
16 9 13 10 -83834
-2 -24 0 11 -118336
-6 12 -19 14 -115306
-8 -11 -12 -4 -127140
-2 14 0 7 -105556
3 -24 -6 -7 -113308
22 20 -16 -10 -112340
5 -8 24 -9 -111712
-8 2 -9 8 -106852
-4 6 -10 12 -116288
0 -3 0 0 -94352
7 21 15 2 -121746
1 -8 4 -3 -108758
10 7 4 8 -110384
13 18 -23 -3 -117320
3 24 -2 2 -121248
5 -22 0 -19 -53102
-21 -2 -22 15 -91332
20 -8 14 -13 -79658
5 -12 10 -10 -103230
-2 1 24 24 -101364
4 -22 12 -11 -106754
-1 3 17 -1 -129864
3 1 0 -1 -107502
17 -13 5 -18 -103922
-9 22 4 21 -89282
-11 -2 -17 -1 -105452
3 -19 0 -9 -109260
4 18 -1 21 -83554
-1 -13 2 -16 -84566
13 -4 17 -13 -103400
-9 1 -14 3 -103878
10 0 15 1 -104416
-8 -15 -8 -23 -57130
22 6 -23 -3 -115798
-9 -8 -4 -15 -110384
-16 -24 -14 -6 -85926
-21 1 -15 0 -78898
7 -6 11 -2 -102964
-22 0 -17 -2 -58120
10 -4 10 -11 -91606
8 -21 0 24 -117050
-13 11 -2 13 -112026
-2 13 6 10 -118524
11 10 23 11 -92122
-15 6 -18 13 -89892
21 -10 15 -4 -87568
-24 -10 -2 2 -114346
0 -11 5 -7 -110578
-10 -21 -11 12 -118158
-17 -9 -14 8 -113168
0 -2 -1 -4 -104556
-9 8 -1 7 -112102
-23 11 -5 21 -106940
17 -17 -6 -21 -115252
24 -6 12 -16 -87258
0 -7 3 -2 -109494
-12 6 -9 12 -103094
-8 18 -18 11 -110886
12 14 -23 12 -110854
18 24 11 8 -88700
1 10 8 11 -114572
15 -24 -9 -16 -101692
2 -15 1 -19 -79474
11 -7 17 -1 -113802
12 12 13 15 -68554
6 -5 3 -6 -103136
6 14 -1 21 -110828
0 -13 -8 -11 -105228
-19 -21 21 -15 -110848
11 -22 9 -6 -102226
-11 0 -15 -5 -99828
-15 -11 -17 -7 -68474
4 -3 1 1 -105032
17 3 8 6 -120874
-12 0 24 5 -114782
-7 -9 -15 -14 -99850
11 1 15 -6 -100724
8 13 18 21 -92136
-14 1 -15 11 -112224
-8 9 -5 10 -94928
12 -1 7 -4 -101506
-10 -6 -3 -7 -109070
8 -16 6 -14 -80946
-24 -7 -2 -9 -107970
-7 10 -6 17 -96270
-5 8 -2 16 -117120
-20 22 14 18 -93726
-18 -4 -18 8 -98006
23 -23 0 -3 -107872
-6 -3 -4 -1 -110382
5 6 4 24 -107646
15 0 9 3 -114074
16 -8 17 -23 -64508
20 -6 7 -7 -117328
18 -14 8 -19 -87054
23 5 17 11 -53932
12 17 12 12 -63650
-2 -2 1 -4 -98992
-5 17 -10 11 -101100
-11 14 -21 -15 -116854
-20 23 -19 23 -15248
-12 -8 -14 -7 -90312
5 2 24 14 -119628
18 -13 16 9 -109716
4 -1 8 1 -113260
-14 20 -13 0 -114876
-24 -11 -1 11 -114374
-14 -7 -21 -8 -75500
-2 -13 10 -15 -108516
-3 -1 0 1 -102444
4 -10 2 -4 -112486
0 12 4 24 -88006
6 0 9 -6 -105432
4 23 -3 -15 -124170
-9 -13 -15 -23 -71424
18 -2 17 -5 -70194
-6 8 -2 12 -105348
-7 3 -6 1 -112036
0 17 9 11 -114742
-10 9 -9 14 -87468
-8 17 -6 16 -70692
-1 -4 0 -1 -106250
-21 -7 -19 12 -104676
8 -8 8 24 -115254
-7 -23 -6 -15 -65392
3 8 -4 12 -117276
5 -3 4 -4 -98380
24 -16 1 -17 -101870
23 -10 18 -9 -35614
12 1 21 17 -106896
-6 24 -11 -3 -116586
-9 11 -14 4 -110736
-23 20 -3 3 -110870
6 -12 12 -13 -95950
-11 -16 -2 -14 -101430
15 9 16 9 -81772
2 5 -3 6 -106898
0 8 -1 1 -113810
1 -14 -8 -18 -105574
21 13 8 10 -113498
12 6 12 1 -90348
1 -7 -1 -8 -97990
23 -2 9 -6 -117912
5 3 8 8 -115336
3 5 1 -4 -112760
-1 15 -4 17 -88714
6 10 7 -24 -112302
-1 -21 0 -12 -94690
-6 3 -7 -1 -106130
4 12 10 6 -113396
-4 12 2 14 -110698
5 20 -18 20 -102162
-5 13 0 12 -107636
8 2 24 12 -115072
3 -1 2 -1 -105490
7 -1 5 0 -109690
4 -4 1 -4 -109194
11 -19 1 -24 -79832
-6 -10 -5 -7 -99470
1 -9 -2 -22 -115626
0 9 3 17 -116394
23 11 16 -8 -93094
0 9 -4 22 -111684
3 -3 4 -24 -113200
2 23 23 -5 -115600
19 0 24 -4 -42188
15 24 8 -9 -116390
-10 -12 -12 -4 -117212
-7 -17 -23 -8 -106926
-10 24 -4 9 -101958
0 8 -8 23 -118028
22 9 15 -15 -106382
-7 -7 -23 1 -116420
-16 5 -7 6 -111746
5 -1 -21 -22 -116428
-22 19 -13 -18 -106754
7 -20 -23 -10 -111952
0 -20 -20 -20 -98472
22 8 12 2 -99114
-10 -18 -17 -13 -89178
9 -10 24 -1 -115482
18 0 14 3 -99452
