8 15 15 10 -87877
18 11 5 23 -96163
-7 -23 -3 -16 -76293
22 -20 9 -15 -90631
0 7 4 10 -99501
0 -14 -3 -13 -88853
4 -21 4 -14 -81199
8 -11 5 -15 -98075
-23 -20 -9 -6 -99067
6 -12 8 -10 -100791
-1 18 -2 13 -87579
6 3 6 5 -83677
4 18 -3 19 -101235
9 20 18 20 -66875
7 14 5 8 -87459
2 -8 1 -10 -90081
-11 16 16 21 -106209
-7 14 -2 22 -85245
6 -6 24 3 -102873
-10 23 -6 14 -75635
-12 -3 -16 3 -98973
7 -21 9 -10 -104067
-5 -11 -8 -10 -88381
-2 -2 0 -9 -105133
24 -10 20 -7 -36253
1 21 -10 15 -101123
-15 14 -18 7 -82373
5 4 3 -4 -99351
-15 -14 12 -23 -105505
-9 -17 -7 -8 -99505
1 -12 2 -12 -81677
24 18 2 3 -102451
-15 -6 -11 -24 -91939
-18 23 -5 7 -104857
4 -5 6 -10 -100049
-19 17 -18 -7 -103415
-9 -11 -15 -4 -108881
9 8 14 12 -97699
-11 4 -17 5 -101523
5 5 1 7 -105933
-9 14 -10 16 -77473
-4 -7 -8 0 -105105
15 -1 21 -1 -81923
-19 -20 -18 16 -101805
13 -1 10 24 -99783
19 0 -23 0 -106745
-15 16 7 22 -107951
-15 -20 -14 -2 -108761
0 22 7 13 -100521
16 -2 12 0 -98523
20 0 14 9 -104899
-7 1 -3 2 -105279
-20 19 -2 17 -100807
-13 -2 -19 2 -100433
-13 5 -13 -7 -92563
-11 -5 -12 -10 -83149
-17 0 -14 -22 -106373
21 6 24 15 -39341
8 -1 -24 -24 -96851
-3 -10 -6 -15 -94811
19 6 15 5 -84805
4 15 1 10 -99395
-10 17 23 7 -105435
10 5 24 0 -104739
0 -18 -10 -19 -96647
-19 15 -6 17 -102073
8 -13 -22 -18 -109305
-8 1 -11 -2 -93547
21 -10 21 -19 -53181
-7 -6 -12 -14 -100285
-1 -6 -5 -6 -100697
-17 8 -14 0 -98353
18 2 12 22 -96519
-11 10 -18 11 -94265
8 -9 3 -5 -111377
10 -7 6 -11 -101729
-7 1 -7 0 -90033
19 4 22 -1 -65919
11 4 12 13 -95347
6 -22 -15 -23 -99993
17 -20 7 -18 -91215
15 -2 16 -8 -101729
9 -15 -9 -24 -99447
-5 3 1 24 -109631
24 -14 -8 -22 -103423
-18 0 -1 -1 -121069
-24 -15 1 -18 -99343
-5 -22 22 -21 -98039
4 -2 6 -1 -103333
7 -2 8 6 -100049
-5 24 19 15 -96025
-13 -22 -19 1 -107561
22 -23 -15 -12 -103199
3 12 2 16 -84421
9 -10 7 -23 -101309
-24 -13 -7 3 -105119
11 7 11 4 -80745
13 -5 11 -8 -87567
-15 8 -9 6 -93843
18 -3 16 -16 -94657
-4 -14 13 -18 -110597
-12 -5 -16 -20 -108853
3 12 9 8 -107905
3 7 -2 12 -102591
20 -12 12 -8 -97337
16 21 5 14 -100499
-7 0 -6 -1 -101391
-14 -16 -20 -13 -72327
11 2 13 13 -106463
-6 -20 -18 -14 -99735
-14 -23 -19 -13 -64293
11 -2 8 -10 -103561
6 -11 13 -10 -99647
-5 8 -6 12 -79549
14 -15 -5 -24 -101567
-13 -5 -7 -4 -95043
-13 24 2 15 -93227
21 7 -24 -2 -101305
-16 0 -23 -24 -75801
-13 8 -17 8 -92415
-1 0 -5 -1 -105813
-2 10 3 -2 -122953
-16 -24 1 16 -108503
24 -24 -8 14 -103601
-5 3 -5 1 -95171
1 17 2 16 -93695
14 2 7 8 -105133
4 -21 13 -19 -81153
0 5 -5 3 -109219
-16 0 -18 -1 -78549
-5 18 -6 15 -80359
13 14 6 8 -106385
5 10 4 10 -92243
-6 -14 -9 -16 -84053
3 -4 0 -5 -98659
-9 -16 -9 -14 -64665
-17 13 -21 1 -101683
4 -10 0 -13 -95483
-18 14 -21 1 -101671
24 -3 -12 4 -108265
-8 4 -9 0 -99339
-20 12 -17 23 -53061
-14 5 12 8 -115195
-17 -22 7 -20 -109005
8 -1 -2 1 -130537
-2 -22 -5 -7 -101647
-17 -5 -17 -10 -59735
12 -8 9 -16 -94713
16 -24 13 -22 -37419
13 -8 19 -18 -102839
4 -14 3 -6 -104403
-17 7 -12 21 -100939
6 4 3 9 -106029
-9 -5 -10 -2 -88735
0 -9 -2 -7 -94345
0 5 2 5 -99571
10 -20 16 -9 -95313
-22 -4 -10 23 -105603
-1 4 2 6 -108691
5 -19 20 -22 -97335
-9 -23 7 -21 -92355
8 -8 9 -9 -83191
11 14 -8 23 -103275
0 18 21 15 -101039
-24 -22 14 14 -102865
-19 -17 -2 -20 -109787
1 -13 2 -7 -100405
-11 -6 -12 -3 -82707
4 15 1 18 -96475
-20 4 -21 16 -77139
-3 1 2 3 -110171
2 -21 -14 -16 -104687
-12 20 -12 12 -75009
15 3 9 -2 -108317
10 24 4 12 -87559
16 12 19 21 -57567
23 7 22 -6 -67161
1 -24 2 -6 -104071
17 3 18 -8 -108857
19 -8 -3 -24 -105041
-6 -14 -6 -10 -84151
10 -2 12 4 -102059
22 -14 17 -23 -47379
13 -7 14 -1 -99225
23 -24 4 -13 -96039
-9 12 -7 18 -94475
-9 -8 -11 -8 -79711
-8 2 -11 23 -106995
24 -2 -9 -23 -105145
3 23 -2 22 -73305
0 18 10 17 -90061
-21 -7 -14 6 -104375
-24 20 -6 8 -98541
-2 19 -1 2 -118277
16 0 18 -2 -90391
13 18 7 11 -98693
-4 -10 -2 -9 -94833
-9 -3 -9 -8 -88551
7 5 14 7 -97411
-19 11 -18 -1 -100541
-19 6 -13 23 -98499
-17 -14 -19 -9 -60787
-11 -4 -8 2 -97739
10 3 12 -3 -99873
0 0 0 -2 -91635
2 -7 -4 -6 -105113
11 -1 11 3 -93255
13 -10 14 -3 -99055
6 11 9 6 -97237
21 1 21 -10 -81397
-2 -17 21 22 -107639
-9 3 -8 4 -89745
-19 22 -12 -17 -107001
12 6 24 -16 -108133
0 -24 12 -19 -89077
20 -13 20 -6 -59747
10 -5 23 -23 -101293
-4 5 -12 3 -106387
-1 5 1 7 -108299
-4 21 4 22 -89181
15 3 17 5 -81949
20 0 10 -23 -106933
0 -1 -24 0 -107039
-11 6 -8 1 -103071
-2 -1 -4 2 -103613
8 0 14 -2 -105691
-5 16 1 21 -85301
-3 14 0 13 -95745
-8 15 -24 5 -102029
-9 -10 -7 -14 -86361
-10 -15 -14 -15 -77635
-8 16 9 23 -104579
-11 13 -14 6 -95531
2 -8 -23 -19 -108311
-13 4 -16 2 -87829
5 -10 6 -15 -91113
15 -24 10 2 -105821
-7 -21 -19 -21 -76927
10 23 17 -12 -105491
15 -24 -15 -19 -100991
-10 7 -11 15 -90671
15 21 11 23 -48253
-20 17 17 13 -108481
-3 6 0 11 -100787
5 9 13 11 -104253
-13 12 -21 2 -102825
10 -8 19 -14 -105543
-20 -9 -12 -15 -96959
5 23 11 5 -108245
18 2 14 -5 -97539
-20 9 -23 22 -54597
4 2 8 1 -111945
-1 21 17 24 -79531
-21 -19 -10 -10 -94495
9 9 15 7 -90799
-22 2 20 19 -109425
12 16 19 0 -105129
3 4 0 6 -102793
-1 0 -4 2 -104349
1 8 1 3 -106473
-1 -12 0 -11 -86883
9 -11 9 -9 -77517
-8 15 -11 15 -77909
-12 -1 -15 -1 -97225
-16 -16 -12 -9 -89845
3 6 1 17 -106307
19 -8 16 -1 -105539
-14 24 -10 -2 -104081
8 18 4 10 -99035
-10 -12 24 -19 -106291
-7 2 -6 9 -100415
-9 11 -23 19 -89761
-14 13 -13 5 -94057
0 2 0 3 -86781
-10 5 -9 0 -100227
-9 12 14 24 -105735
0 -19 -5 -23 -66217
-7 -5 -6 -3 -93887
15 12 12 6 -92565
8 -7 6 -4 -97169
15 -21 6 -12 -101469
-13 -2 -20 -8 -104453
0 -18 2 -22 -58623
19 7 20 -24 -88979
-1 2 -2 12 -111497
-9 -2 -7 -3 -94741
8 -2 13 1 -103621
5 4 9 9 -103199
-4 -7 -6 -9 -96673
-20 -14 -21 8 -84593
17 -1 18 -13 -104195
20 -12 18 -14 -56403
19 -22 9 -17 -86485
3 13 16 24 -97389
-19 -11 -12 -8 -94829
-18 14 -24 23 -33235
-11 -22 -5 -11 -96569
8 -23 10 -19 -43969
13 2 22 16 -105607
22 -10 22 16 -85767
-1 -13 -20 -23 -101245
-7 5 -5 7 -93673
6 10 9 8 -100085
1 -10 0 -8 -87513
-15 -1 -22 -11 -89877
-15 6 -16 8 -85293
2 -11 0 -16 -89217
20 18 15 -1 -101593
15 -3 14 -1 -94019
12 5 13 -2 -100155
14 15 8 16 -78897
17 6 17 9 -61529
-15 -10 -11 -13 -86645
6 -9 5 -9 -91153
3 0 1 3 -96343
-11 20 -10 12 -84725
-11 -5 -6 -10 -101765
-15 -7 -11 -5 -90937
5 8 -2 10 -106535
5 -12 5 -10 -86827
0 -16 -4 -15 -85385
21 14 12 11 -85635
0 16 2 16 -93493
-7 1 -10 4 -103177
2 3 4 -3 -100971
6 -13 7 -14 -83443
-5 -11 -6 -8 -89409
4 21 2 14 -82943
-16 2 -22 11 -94633
16 9 13 10 -79369
18 -20 14 -13 -76149
-19 8 -15 7 -80515
-2 -24 -20 -20 -92195
-2 14 0 7 -97023
11 -12 20 -9 -92923
22 20 -16 -10 -106697
5 -8 24 -9 -103521
-8 2 -9 8 -97873
16 -19 11 -10 -98363
0 -3 0 0 -98779
23 20 14 11 -66007
-7 19 -13 19 -69543
10 7 4 8 -106325
1 -1 -1 -1 -100537
-2 15 -11 18 -95827
5 -22 0 -19 -67739
-21 -2 -22 15 -88993
20 -8 14 -13 -83225
5 -12 10 -10 -105833
-2 1 24 24 -93663
-3 18 -24 3 -110925
-6 -2 -6 -1 -83057
3 1 0 -1 -105709
17 -13 5 -18 -102941
-9 22 4 21 -90665
-11 -2 -17 -1 -106853
3 -19 0 -9 -101085
4 18 -1 21 -85549
-1 -13 2 -16 -80923
13 -4 17 -13 -102785
-9 1 -14 3 -98407
10 0 15 1 -97575
-8 -15 -8 -23 -56523
22 -2 18 -1 -63501
-9 -8 -4 -15 -105445
-16 -24 -14 -6 -84735
-21 1 -15 0 -83659
7 -6 11 -2 -99167
-22 0 -17 -2 -60267
10 -4 10 -11 -90353
8 -21 0 24 -108185
-13 11 -2 13 -104731
-24 4 -21 3 -21407
11 10 23 11 -88247
-15 6 -18 13 -91093
21 -10 15 -4 -96103
-24 -10 -2 2 -106957
-2 -11 -7 -14 -97963
-10 10 -11 2 -94713
-17 -9 -14 8 -102175
0 -2 -1 -4 -101415
-9 8 -1 7 -106035
-23 11 -5 21 -99479
0 -17 10 -21 -94403
24 -6 12 -16 -89473
0 -7 -2 -2 -101915
-12 6 -9 12 -93649
-8 18 -18 11 -101453
12 14 -23 12 -104473
18 24 11 8 -89191
1 10 8 11 -107307
15 -24 -9 -16 -102365
2 -15 1 -19 -77221
19 2 17 -11 -108337
12 12 13 15 -74453
6 -5 3 -6 -103315
17 7 20 -8 -107407
0 -13 -8 -11 -104863
-19 -21 21 -15 -104347
11 -22 9 -6 -104107
-11 0 -15 -5 -89921
-15 -11 -17 -7 -73963
4 -3 1 1 -109613
2 -18 7 -23 -69113
14 -4 16 9 -104217
-7 -9 -15 -14 -98681
11 1 15 -6 -110149
8 13 18 21 -93641
-14 -6 -19 -2 -83389
-8 9 -5 10 -91471
12 -1 7 -4 -102597
-10 -6 -3 -7 -101889
8 -16 6 -14 -84363
-24 -7 -2 -9 -101283
-7 10 -6 17 -98953
-5 8 -2 16 -106131
-20 22 14 18 -97635
-18 -4 -18 8 -90749
23 -23 0 -3 -105677
-6 -3 -4 -1 -105529
5 6 4 24 -98049
15 0 9 3 -105279
16 -8 17 -23 -80811
-21 -23 -11 12 -100245
18 -14 8 -19 -91277
23 5 17 11 -67705
12 17 12 12 -67425
-2 -2 1 -4 -99857
-5 17 -10 11 -103839
-15 2 -21 10 -102987
-20 23 -19 23 -21439
-12 -8 -14 -7 -88137
-20 20 9 19 -106543
14 0 0 -1 -126261
10 22 0 14 -98695
15 -22 15 0 -106911
0 20 24 10 -98599
-14 -7 -21 -8 -82457
0 13 2 14 -92995
-3 -1 0 1 -103097
-21 -7 -16 -3 -81063
0 12 4 24 -91953
6 0 9 -6 -101177
-1 -10 5 -10 -96547
-9 -13 -15 -23 -73317
18 -2 17 -5 -82683
-6 8 -2 12 -101281
-7 3 -6 1 -106841
16 17 15 11 -66625
-10 9 -9 14 -85877
-8 17 -6 16 -77947
-1 -4 0 -1 -104823
-21 -7 -19 12 -101737
8 -8 8 24 -102785
-7 -23 -6 -15 -65871
-23 8 -13 -8 -98227
5 -3 4 -4 -94935
24 -16 1 -17 -103731
23 -10 18 -9 -46773
10 -23 13 -11 -83341
-17 9 -24 1 -66615
-6 -3 -6 -13 -105351
-23 20 -3 3 -108545
6 -12 12 -13 -95175
-11 -16 -2 -14 -101153
15 9 16 9 -78701
2 5 -3 6 -102815
0 8 -1 1 -110229
1 -14 -8 -18 -106165
21 7 17 10 -68263
12 6 12 1 -90667
1 -7 -1 -8 -91355
23 -2 14 13 -103805
5 3 8 8 -106225
3 -14 1 -24 -76335
-1 15 -4 17 -85265
6 10 7 -24 -103687
-1 -21 0 -12 -86745
-6 3 -7 -1 -101125
-23 22 -18 6 -70201
-4 12 2 14 -101691
5 20 -18 20 -103917
-5 13 0 12 -97181
8 2 24 12 -104301
3 -1 2 -1 -109625
7 -1 5 0 -109855
4 -4 1 -4 -109733
11 -19 1 -24 -81863
-6 -10 -5 -7 -92725
16 -5 7 0 -114045
0 9 3 17 -104917
23 11 16 -8 -95727
0 9 -4 22 -104897
3 -3 4 -24 -106041
2 -14 24 -14 -108269
19 0 24 -4 -58489
0 -6 3 -2 -98303
-10 -12 -12 -4 -100085
-7 -17 -23 -8 -105347
-10 24 -4 9 -99487
-23 13 -5 13 -102211
22 9 15 -15 -102457
-5 3 0 7 -112009
-16 5 -7 6 -103241
-4 0 -3 -22 -104281
-22 19 -13 -18 -106631
-24 -3 -23 3 -35947
0 -20 -20 -20 -110399
22 8 12 2 -103281
-10 -18 -17 -13 -88903
9 -10 24 -1 -103221
18 0 14 3 -97543
