8 15 15 10 -96048
18 11 5 23 -100182
-7 -23 -3 -16 -79456
22 -20 9 -15 -90292
0 7 4 10 -100734
0 -14 -3 -13 -87918
4 -21 4 -14 -82826
8 -11 5 -15 -95996
-23 -20 -9 -6 -101848
6 -12 8 -10 -100710
-1 18 -2 13 -84474
6 3 6 5 -88110
4 18 -3 19 -101784
9 20 18 20 -72630
7 14 5 8 -87090
2 -8 1 -10 -89700
-11 16 16 21 -101676
-7 14 -2 22 -86034
6 -6 24 3 -101924
-10 23 -6 14 -78370
-12 -3 -16 3 -98110
-17 -23 -10 -14 -75112
-5 -11 -8 -10 -86770
-2 -2 0 -9 -100908
24 -10 20 -7 -41286
1 21 -10 15 -97276
-15 14 -18 7 -81462
5 4 3 -4 -102174
-15 -14 12 -23 -104010
-9 -17 -7 -8 -103058
1 -12 2 -12 -82872
24 18 2 3 -98622
-15 -6 -11 -24 -85718
-18 23 -5 7 -103306
4 -5 6 -10 -98964
3 6 5 7 -97942
-3 -10 -5 -16 -96866
9 8 14 12 -105178
-11 4 -17 5 -102284
5 5 1 7 -105834
-9 14 -10 16 -77088
-4 -7 -8 0 -101752
15 -1 21 -1 -85062
-19 -20 -18 16 -104686
13 -1 10 24 -99942
19 0 -23 0 -99372
-16 16 -23 -18 -97282
-15 -20 -14 -2 -98994
0 22 7 13 -103228
16 -2 12 0 -91644
20 0 14 9 -99276
8 -18 7 -14 -78456
-20 19 -2 17 -101246
-13 -2 -19 2 -101264
-13 5 -13 -7 -92280
-11 -5 -12 -10 -81320
1 -21 6 -22 -73672
21 6 24 15 -36656
8 -1 -24 -24 -92638
-3 -10 -6 -15 -100712
19 6 15 5 -82464
4 15 1 10 -92764
5 -7 15 0 -125304
10 5 24 0 -103764
0 -18 -10 -19 -95458
-19 15 -6 17 -106284
8 -23 24 1 -96902
-8 1 -11 -2 -90072
21 -10 21 -19 -55154
-7 -6 -12 -14 -100568
-1 -6 -5 -6 -97502
-17 8 -14 0 -99832
18 2 12 22 -94560
-11 10 -18 11 -101656
-21 16 20 11 -98746
10 -7 6 -11 -107090
-7 1 -7 0 -87972
19 4 22 -1 -65266
11 4 12 13 -96856
6 -22 -15 -23 -95716
17 -20 7 -18 -89694
15 -2 16 -8 -98258
9 -15 -9 -24 -100542
-5 3 1 24 -104632
24 -14 -8 -22 -101498
2 -8 4 0 -108054
-24 -15 1 -18 -93890
-5 -22 22 -21 -99500
4 -2 6 -1 -94748
11 6 3 8 -118554
-5 24 19 15 -93656
-13 -22 0 -20 -89906
22 -23 -15 -12 -102480
3 12 2 16 -83024
9 -10 7 -23 -96446
-24 -13 -7 3 -103742
11 7 11 4 -82198
13 -5 11 -8 -92576
-15 8 -9 6 -93088
18 -3 16 -16 -91838
-14 -24 -11 9 -103268
17 1 24 3 -65682
2 12 9 17 -102170
3 7 -2 12 -101760
20 -12 12 -8 -97096
16 21 5 14 -106280
-7 0 -6 -1 -90902
-14 -16 -20 -13 -76442
11 2 13 13 -105898
-6 -20 -18 -14 -93062
-14 -23 -19 -13 -65882
11 -2 8 -10 -110452
6 -11 13 -10 -105436
-5 8 -6 12 -80632
14 -15 -5 -24 -104506
-13 -5 -7 -4 -88464
-13 24 2 15 -92498
21 7 -24 -2 -94638
-16 0 -23 -24 -75952
-13 8 -17 8 -99282
-19 3 -14 9 -94010
-6 -7 -24 -14 -100244
6 5 6 1 -91674
24 -24 -8 14 -103904
-5 3 -5 1 -90700
1 17 2 16 -94280
-12 23 -15 15 -61044
4 -21 13 -19 -80804
0 5 -5 3 -98440
-16 0 -18 -1 -76988
-5 18 -6 15 -80838
7 18 8 12 -77146
5 10 4 10 -93936
-6 -14 -9 -16 -84722
3 -4 0 -5 -99004
-9 -16 -9 -14 -70764
-17 13 -21 1 -99332
4 -10 0 -13 -96384
-18 14 -21 1 -99164
-23 -8 -16 4 -86222
-8 4 -9 0 -99368
-20 12 -17 23 -57644
-4 5 -5 8 -93062
-6 11 -22 22 -102710
16 20 15 -6 -102252
-2 -22 -5 -7 -99332
-17 -5 -17 -10 -61486
12 -8 9 -16 -98666
16 -24 13 -22 -38316
13 -8 19 -18 -102478
4 -14 3 -6 -102462
-17 7 -12 21 -101952
6 4 3 9 -104828
-9 -5 -10 -2 -86610
0 -9 -2 -7 -91750
0 5 2 5 -95870
10 -20 16 -9 -101584
-22 -13 -24 -12 -13826
-1 4 2 6 -100076
5 -19 20 -22 -95476
-9 -23 7 -21 -93954
8 -8 9 -9 -88844
11 14 -8 23 -102020
15 -12 10 -19 -90690
-24 -22 14 14 -99510
-19 -17 23 -5 -102904
1 -13 2 -7 -99224
-11 -6 -12 -3 -80834
4 15 1 18 -98602
-20 4 -21 16 -74318
17 1 23 3 -70530
2 -21 -14 -16 -101214
-12 20 -12 12 -77794
9 -11 19 -9 -102946
10 24 4 12 -90590
16 12 19 21 -61926
23 7 22 -6 -67054
1 -24 2 -6 -99644
17 3 18 -8 -101774
-18 22 -13 24 -48448
-6 -14 -6 -10 -88216
10 -2 12 4 -93838
22 -14 17 -23 -43978
13 -7 14 -1 -95132
23 -24 4 -13 -95092
-9 12 -7 18 -96544
-9 -8 -11 -8 -76564
-13 -16 -17 -13 -83502
24 -2 -9 -23 -103102
3 23 -2 22 -73752
0 18 10 17 -92094
11 2 11 6 -92480
-24 20 -6 8 -101976
-9 -20 -7 -12 -90784
16 0 18 -2 -85624
13 18 7 11 -103950
-4 -10 -2 -9 -93928
-9 -3 -9 -8 -86424
7 5 14 7 -99516
-19 11 -18 -1 -99502
-19 6 -13 23 -99804
-17 -14 -19 -9 -60414
-11 -4 -8 2 -96302
10 3 12 -3 -93826
0 0 0 -2 -98292
2 -7 -4 -6 -102830
11 -1 11 3 -88088
13 -10 14 -3 -100934
6 11 9 6 -96914
21 1 21 -10 -76796
21 -7 20 -7 -53262
-9 3 -8 4 -88110
21 -1 23 -19 -73496
22 15 7 12 -105226
0 -24 12 -19 -92142
20 -13 20 -6 -60798
10 -5 23 -23 -99428
-4 5 -7 3 -96828
-1 5 1 7 -100000
-4 21 4 22 -88904
15 3 17 5 -78686
20 22 10 13 -89850
0 -1 -24 0 -92010
-11 6 -8 1 -100696
0 2 -6 -8 -125334
8 0 14 -2 -101204
-5 16 1 21 -84644
-3 14 0 13 -96694
-8 15 -24 5 -101722
-9 -10 -7 -14 -86122
-10 -15 -14 -15 -74874
-8 16 9 23 -103810
-11 13 -14 6 -94878
-11 -8 -23 -8 -98724
-13 4 -16 2 -90392
5 -10 6 -15 -89942
10 8 12 11 -95576
-7 -21 -19 -21 -69456
10 23 17 -12 -106374
15 -24 -15 -19 -98180
-10 7 -11 15 -87220
15 21 11 23 -51036
8 8 11 15 -97248
-3 6 0 11 -98688
5 9 13 11 -106864
-16 8 -18 8 -85072
10 -8 19 -14 -105408
-20 -9 -12 -15 -95404
7 24 22 13 -85544
18 2 14 -5 -89992
-20 9 -23 22 -56178
4 2 10 1 -104696
-1 21 17 24 -78796
-21 -19 -10 -10 -98670
9 9 15 7 -98894
21 9 8 19 -101794
0 4 0 -1 -97816
3 4 0 6 -99874
-1 0 -4 2 -89584
1 8 1 3 -90868
-1 -12 0 -11 -87710
9 -11 9 -9 -81730
-8 15 -11 15 -76880
-12 -1 -15 -1 -94770
-16 -16 -12 -9 -88992
3 6 1 17 -104794
19 -8 16 -1 -101816
-14 24 -10 -2 -97906
8 -3 10 -9 -100464
-10 -12 24 -19 -103900
-7 2 -6 9 -101884
-9 11 -23 19 -97810
-14 13 -13 5 -91392
0 2 0 3 -84010
-10 5 -9 0 -99576
-9 12 14 24 -105462
0 -19 -5 -23 -65286
-7 -5 -6 -3 -91748
15 12 12 6 -94212
8 -7 6 -4 -94954
15 -21 6 -12 -100996
-13 -2 -20 -8 -105456
0 -18 2 -22 -63552
19 7 20 -24 -88770
8 6 15 5 -103850
-9 -2 -7 -3 -87408
8 -2 13 1 -98736
5 4 9 9 -96920
-4 -7 -6 -9 -94624
-20 -14 -21 8 -88202
17 -1 18 -13 -100552
20 -12 18 -14 -57004
19 -22 9 -17 -87152
3 13 16 24 -101082
-19 -11 -12 -8 -100860
-18 14 -24 23 -36992
-11 -22 -5 -11 -103512
8 -23 10 -19 -44600
2 23 8 23 -59180
22 -10 22 16 -84460
-1 -13 -20 -23 -94140
-7 5 -5 7 -93604
6 10 9 8 -98698
1 -10 0 -8 -84550
-15 -1 -22 -11 -93270
-15 6 -16 8 -87036
2 -11 0 -16 -89948
20 18 15 -1 -98410
15 -3 14 -1 -84894
12 5 13 -2 -95886
14 15 8 16 -85222
17 6 17 9 -58568
-15 -10 -11 -13 -83726
6 -9 5 -9 -88828
3 0 1 3 -103572
-11 20 -10 12 -85966
-11 -5 -6 -10 -95990
-15 -7 -11 -5 -89846
5 8 -2 10 -106754
5 -12 5 -10 -86000
0 -16 -4 -15 -84008
21 14 12 11 -89840
0 16 2 16 -92698
-7 1 -10 4 -94410
2 3 4 -3 -102400
6 -13 7 -14 -85224
-5 -11 -6 -8 -87634
4 21 2 14 -82824
-16 2 -22 11 -96726
16 9 13 10 -83270
18 -20 14 -13 -76542
-19 8 -15 7 -91562
-2 -24 -20 -20 -79946
-2 14 0 7 -95410
11 -12 20 -9 -97632
22 20 -16 -10 -101774
5 -8 24 -9 -104544
-8 2 -9 8 -99960
16 -19 11 -10 -97166
0 -3 0 0 -103702
23 20 14 11 -68474
-7 19 -13 19 -68336
10 7 4 8 -112806
1 -1 -1 -1 -93236
-2 15 -11 18 -93556
5 -22 0 -19 -79630
-21 -2 -22 15 -86434
20 -8 14 -13 -84612
5 -12 10 -10 -108006
-2 1 24 24 -87284
-4 -15 6 -23 -96842
-6 -2 -6 -1 -83074
3 1 0 -1 -100524
-9 15 5 -18 -120230
-9 22 4 21 -88796
-11 -2 -17 -1 -104146
3 1 0 -4 -111832
4 18 -1 21 -87698
-1 -13 2 -16 -79866
13 -4 17 -13 -102034
-9 1 -14 3 -93384
10 0 15 1 -93242
-8 -15 -8 -23 -60910
22 -2 18 -1 -72296
-9 -8 -4 -15 -104702
-16 -24 -14 -6 -81734
-21 1 -15 0 -83936
7 -6 11 -2 -105704
-22 0 -17 -2 -60866
10 -4 10 -11 -103368
19 -21 21 11 -95270
-13 11 -2 13 -101022
-24 4 -21 3 -22500
11 10 23 11 -91990
-15 6 -18 13 -90974
21 -10 15 -4 -97118
-20 0 -19 -21 -78640
-2 -11 -7 -14 -97940
-10 10 -11 2 -99336
-17 -9 -14 8 -102130
0 -2 -1 -4 -103752
-9 8 -1 7 -102990
-23 11 -5 21 -103800
0 -17 10 -21 -99588
24 -6 12 -16 -89230
0 -7 -2 -2 -97576
-12 6 -9 12 -93016
-8 18 -18 11 -107088
12 14 -23 12 -101288
18 24 11 8 -92604
1 10 8 11 -108646
15 -24 -9 -16 -101142
2 -15 1 -19 -78668
19 -16 -15 -24 -101858
12 12 13 15 -78066
6 -5 3 -6 -101158
17 7 20 -8 -102430
0 -13 -8 -11 -102928
-2 -24 18 -15 -102674
11 -22 9 -6 -100330
-11 0 -15 -5 -87262
-15 -11 -17 -7 -70774
-18 -19 0 18 -113274
2 -18 7 -23 -77230
-8 18 -24 12 -94498
-7 -9 -15 -14 -99516
-14 2 -12 7 -90840
8 13 18 21 -104966
-14 -6 -19 -2 -84730
-8 9 -5 10 -89178
12 -1 7 -4 -105128
-10 -6 -3 -7 -97810
8 -16 6 -14 -87902
-24 -19 5 -23 -85588
-7 10 -6 17 -98140
-5 8 -2 16 -102574
-20 22 14 18 -93730
-18 -4 -18 8 -89314
23 -23 0 -3 -101914
-6 -3 -4 -1 -101890
5 6 4 24 -95428
15 0 9 3 -103990
16 -8 17 -23 -78786
-21 -23 -11 12 -106650
18 -14 8 -19 -91930
23 5 17 11 -68502
12 17 12 12 -71242
-2 -2 1 -4 -92086
-5 17 -10 11 -103490
-15 2 -21 10 -105720
-20 23 -19 23 -25276
-12 -8 -14 -7 -83058
-20 20 9 19 -103684
10 -7 10 -9 -89544
10 22 0 14 -103950
8 5 1 17 -117020
16 12 7 13 -106116
-14 -7 -21 -8 -90050
0 13 2 14 -90978
-3 -1 0 1 -99262
-21 -7 -16 -3 -84864
0 12 4 24 -90438
6 0 9 -6 -97138
-1 -10 5 -10 -95932
-9 -13 -15 -23 -83166
18 -2 17 -5 -75508
-6 8 -2 12 -99708
1 7 20 0 -119824
16 17 15 11 -69152
-10 9 -9 14 -84712
-8 17 -6 16 -76368
-1 -4 0 -1 -108230
-21 -7 -19 12 -100746
8 -8 8 24 -101266
-7 -23 -6 -15 -71020
-23 8 -13 -8 -99808
5 -3 4 -4 -97210
24 -16 1 -17 -96208
23 -10 18 -9 -54716
10 -23 13 -11 -85162
-17 9 -24 1 -66032
-6 -3 -6 -13 -101308
0 -2 -1 3 -99198
6 -12 12 -13 -97500
-11 -16 -2 -14 -98172
15 9 16 9 -80526
2 5 -3 6 -96322
-4 4 -2 12 -102562
7 -14 -2 -20 -95336
21 7 17 10 -68074
12 6 12 1 -94162
1 -7 -1 -8 -92446
23 -2 14 13 -100138
2 4 5 0 -105878
3 -14 1 -24 -78274
-1 15 -4 17 -85604
6 10 7 -24 -104106
-1 -21 0 -12 -86764
-6 3 -7 -1 -101098
-23 22 -18 6 -70802
-4 12 2 14 -100338
5 20 -18 20 -98642
-5 13 0 12 -97088
8 2 24 12 -101122
3 -1 2 -1 -95694
7 -1 5 0 -97684
4 -4 1 -4 -99892
11 -19 1 -24 -84572
-6 -10 -5 -7 -91082
-20 23 -22 -5 -78948
14 -8 3 -16 -123746
23 11 16 -8 -95848
0 9 -4 22 -104410
3 -3 4 -24 -101824
0 3 -2 22 -107334
19 0 24 -4 -61952
0 -6 3 -2 -106748
-10 -12 -12 -4 -93284
2 -17 -23 -8 -104028
-10 24 -4 9 -98608
-23 13 -5 13 -107042
22 9 15 -15 -102314
5 -5 14 -7 -107648
-16 5 -7 6 -99612
16 -13 1 13 -123652
-22 19 -13 -18 -101942
-24 -3 -23 3 -37410
-2 2 -7 1 -97200
-18 1 -16 -14 -89400
-10 -18 -17 -13 -89746
-18 20 -14 24 -48032
18 0 14 3 -91228
