24 -22 23 -9 -49350
-22 -7 -23 -10 -57912
-7 -23 -3 -16 -76058
-2 18 -14 24 -74012
4 5 5 10 -92820
0 -14 -3 -13 -89160
4 -21 4 -14 -85332
8 -11 5 -15 -82940
-17 16 -8 22 -89666
6 -12 8 -10 -85686
-1 18 -2 13 -88572
6 3 6 5 -81436
2 23 -3 14 -84922
9 20 18 20 -80892
7 14 5 8 -85188
2 -8 1 -10 -80346
-11 16 16 21 -85460
9 11 -12 8 -102262
23 -1 22 -2 -45944
-10 23 -6 14 -78518
-8 17 -10 11 -88724
2 17 0 17 -91728
-5 -11 -8 -10 -84912
11 6 9 3 -89752
24 -10 20 -7 -54842
-15 15 -10 15 -85626
-15 14 -18 7 -86932
5 4 3 -4 -89340
5 -18 3 -23 -63264
18 12 13 18 -80704
1 -12 2 -12 -77784
24 9 18 3 -70508
-15 -6 -11 -24 -89420
-15 -18 -10 -13 -84332
4 -5 6 -10 -79146
3 6 5 7 -96138
-3 -10 -5 -16 -80880
5 8 0 12 -87626
15 17 15 15 -64700
-24 -2 -3 1 -88346
-9 14 -10 16 -74726
-9 -21 -13 -23 -53976
15 -1 21 -1 -83366
-2 -5 1 -7 -90326
-4 -23 -5 -17 -65542
-16 -7 -16 -12 -78180
3 16 14 21 -78106
21 9 17 24 -72302
-22 12 -15 18 -73882
16 -2 12 0 -87206
-21 -5 -23 9 -84820
8 -18 7 -14 -77462
-7 -19 -4 -20 -69298
14 -24 6 -17 -64034
22 -17 17 -23 -67736
-11 -5 -12 -10 -83720
1 -21 6 -22 -64680
21 6 24 15 -60324
8 -1 -24 -24 -82072
20 7 19 24 -72938
19 6 15 5 -79204
4 15 1 10 -91682
3 6 5 12 -94064
9 12 5 12 -82576
-23 -13 -20 10 -90364
-3 -4 -7 -5 -89114
5 17 5 20 -68726
-8 1 -11 -2 -80872
21 -10 21 -19 -61024
18 23 17 20 -31158
-1 -6 -5 -6 -86660
-17 8 -14 1 -87928
-16 -3 -21 24 -89172
-15 16 -20 20 -66852
-21 16 20 11 -90548
-21 -22 -17 -12 -73370
-7 1 -7 0 -77660
19 4 22 -1 -68490
11 4 12 13 -85250
6 -22 -15 -23 -87390
17 -20 7 -18 -72546
15 -2 16 -8 -80690
23 6 22 6 -37306
23 21 22 0 -78236
24 -14 -8 -22 -88082
-21 -5 -24 12 -85360
-24 -15 1 -18 -84034
-5 -22 22 -21 -79858
4 -2 6 -1 -84502
-5 22 4 24 -75842
-5 24 19 15 -83430
-13 -22 0 -20 -86946
24 -23 -15 -12 -79202
3 12 2 16 -79194
24 22 18 1 -83946
-16 5 -13 5 -87802
11 7 11 4 -80322
13 -5 11 -8 -74014
-15 8 -9 6 -90976
4 -7 8 0 -98000
-14 -24 -11 9 -91978
17 1 24 3 -80628
2 15 11 17 -88654
-20 7 -22 13 -76618
20 -12 12 -8 -84112
-1 21 -13 19 -80934
-7 0 -6 -1 -85554
-14 -16 -20 -13 -84652
1 -15 2 -13 -79896
23 3 21 5 -53550
-14 -23 -19 -13 -74908
2 -10 4 -7 -83338
-12 0 -8 0 -84550
-5 8 -6 12 -79036
-9 24 -7 5 -87234
-6 -23 -14 -18 -80384
-13 24 2 15 -84746
21 7 -24 -2 -87058
-16 0 -23 -24 -87450
-13 8 -17 8 -95518
-12 23 -14 14 -81212
15 -6 22 0 -87896
6 5 6 1 -82606
-3 20 -21 23 -75748
-5 3 -5 1 -80436
1 17 2 16 -78858
-12 23 -15 15 -80100
4 -21 13 -19 -79416
-3 11 -4 4 -90400
-16 0 -18 -1 -81444
-5 18 -6 15 -80624
7 18 8 12 -91580
5 10 4 10 -83484
-6 -14 -9 -16 -83978
-3 3 -3 2 -75988
-9 -16 -9 -14 -69846
-17 -22 0 -24 -83836
-21 0 -21 5 -70088
6 19 6 17 -71246
-23 -8 -16 4 -93430
-8 4 -9 0 -82364
-20 12 -17 23 -61952
-4 5 -5 8 -88024
-22 11 -22 8 -58380
1 -14 2 -12 -79972
8 15 11 12 -83498
-17 -5 -17 -10 -81110
12 -6 10 -16 -87092
16 -24 13 -22 -40636
-13 7 -9 3 -91498
-21 -14 -19 -12 -63466
-24 18 11 19 -82802
6 4 3 9 -88008
-9 -5 -10 -2 -83598
0 -9 -2 -7 -88490
0 5 2 5 -88968
-21 -20 -20 -9 -78804
-22 -13 -24 -12 -33202
0 4 0 13 -92646
16 0 16 -6 -85202
-9 -23 7 -21 -79008
8 -8 9 -9 -75878
24 2 18 12 -82126
1 -11 3 -10 -81908
24 -17 17 -24 -60124
-19 -17 23 -5 -89006
-12 0 -10 -3 -87620
-11 -6 -12 -3 -81416
0 15 -6 11 -82768
-18 -6 -13 -6 -85468
17 1 23 3 -82610
-21 6 -23 -21 -85254
-12 20 -12 12 -87236
5 5 24 12 -86738
10 24 4 12 -83668
16 12 19 21 -77666
23 7 22 -6 -68082
-16 -11 -18 -8 -84714
24 -11 23 4 -72108
-18 22 -13 24 -53460
-6 -14 -6 -10 -77152
10 -2 12 4 -87208
22 -14 17 -23 -75748
13 -7 14 -1 -82412
23 -24 4 -13 -76254
7 -15 8 -17 -79752
-9 -8 -11 -8 -70178
-13 -16 -17 -13 -81616
-18 12 -15 9 -84056
3 23 -2 22 -73244
0 18 10 17 -90188
11 2 11 6 -88380
-24 -10 -12 -24 -83302
-9 -20 -7 -12 -84806
16 0 18 -2 -81950
5 8 9 9 -86532
-4 -10 -2 -9 -82830
-9 -3 -9 -8 -84824
-23 -15 -24 -14 -36194
-19 -2 -18 2 -72980
-19 6 -23 20 -85974
-17 -14 -19 -9 -81542
-6 -4 -8 -5 -84798
-3 -24 -5 -3 -89564
0 0 0 -2 -77876
17 -15 23 -20 -47218
11 -1 11 3 -76916
12 -8 8 -8 -80744
6 11 9 6 -82656
21 1 21 -10 -80430
21 -7 20 -7 -57932
-9 3 -8 4 -84306
21 -1 23 -19 -78514
10 15 7 9 -82958
0 -24 12 -19 -87328
20 -13 20 -6 -62268
6 -20 6 -17 -67268
-13 -16 -7 2 -108502
-1 5 1 7 -86740
8 -4 7 -1 -77230
15 3 17 5 -72690
9 22 9 13 -84506
13 16 18 24 -67054
-17 -22 -8 -17 -79200
23 -15 19 -7 -68624
8 0 14 -2 -87074
-5 16 1 21 -83000
-3 14 0 13 -77738
23 15 22 -1 -80668
-9 -10 -7 -14 -84560
-10 -15 -14 -15 -74280
-15 -19 -19 -21 -58250
3 24 24 3 -90082
17 7 12 11 -97476
-13 4 -16 2 -81174
-3 -4 -3 -5 -73900
10 8 12 11 -76270
-7 -21 -19 -21 -80098
-13 -20 -17 5 -103790
15 -24 -15 -19 -83804
-11 2 -11 15 -92178
15 21 11 23 -52986
10 21 15 15 -82052
-3 6 0 11 -89164
-14 -11 -19 -23 -82816
-16 8 -18 8 -92032
-22 -17 -16 -10 -84506
-7 7 -11 6 -85256
7 24 22 13 -91558
18 2 14 -5 -88154
-20 9 -23 22 -69886
-15 4 -16 0 -71356
-1 21 17 24 -71260
0 -9 -19 13 -110726
9 9 15 7 -81600
-17 19 -15 9 -84936
7 -8 18 -8 -91534
3 4 0 6 -86860
-1 0 -4 2 -79740
1 8 1 3 -85280
-1 -12 0 -11 -80336
9 -11 9 -9 -72484
-8 15 -11 15 -77282
-12 -1 -15 -1 -78058
-11 -1 -12 0 -82748
11 -13 7 -17 -80682
18 -6 13 -3 -85560
-10 6 -12 3 -85668
-5 16 -3 19 -75444
12 8 7 4 -91114
23 16 10 23 -82400
19 -19 15 -23 -49026
-14 13 -13 5 -81032
0 2 0 3 -68978
8 -4 9 -5 -74068
-7 -3 -8 -7 -85496
0 -19 -5 -23 -59286
-15 19 -24 22 -49740
15 12 12 6 -81004
-7 3 -23 24 -92556
17 3 18 13 -85570
-13 -10 -11 -15 -80268
0 -18 2 -22 -63506
19 7 20 -24 -79628
15 19 19 20 -65534
-9 -2 -7 -3 -83236
8 -2 13 1 -83292
-5 -8 -6 -7 -80834
-15 12 -14 16 -74442
-10 -10 -12 -14 -83632
7 -12 11 -10 -86894
20 -12 18 -14 -64368
7 -3 8 -3 -80866
-21 8 -15 14 -89122
-2 1 -3 -2 -86258
-18 14 -24 23 -53292
-17 11 -21 16 -75154
8 -23 10 -19 -51256
2 23 8 23 -53842
22 -10 22 16 -83044
-12 13 -13 20 -81750
-7 5 -5 7 -73960
2 -1 -1 -3 -84982
1 -10 0 -8 -76322
-17 -13 -22 -11 -74040
-15 6 -16 8 -74262
-6 6 -9 8 -94502
-22 -8 -22 -7 -58592
15 -3 14 -1 -79164
-15 -18 -16 -24 -32820
14 15 8 16 -74834
17 6 17 9 -70694
-15 -10 -11 -13 -81306
6 -9 5 -9 -75568
3 0 1 3 -80252
-1 -14 -2 -7 -83604
-17 -18 -24 -1 -89794
-15 -7 -11 -5 -81136
18 4 10 10 -106170
5 -12 5 -10 -68494
0 -16 -4 -15 -85496
21 14 12 11 -88670
0 16 2 16 -92128
-7 1 -10 4 -93942
14 4 16 -1 -79874
6 -13 7 -14 -79846
-5 -11 -6 -8 -80730
4 21 2 14 -84332
-19 6 -20 -8 -90010
16 9 13 10 -87924
18 -20 14 -13 -70824
-19 8 -15 7 -94638
-1 4 10 10 -121974
-2 14 0 7 -87192
0 7 4 7 -94484
-15 -6 -22 -13 -88652
12 -21 7 -22 -63526
-8 2 -9 8 -87668
16 -19 11 -10 -76880
0 -2 2 -24 -84920
23 20 14 11 -85054
-7 19 -13 19 -76838
-11 -22 -21 -21 -65884
1 -1 -1 -1 -82422
-10 -11 -7 -8 -84694
5 -22 0 -19 -70784
-21 -2 -22 15 -90514
20 -8 14 -13 -86550
11 -20 17 -15 -75746
-2 1 24 24 -82710
-17 -9 -18 -3 -79324
-6 -2 -6 -1 -78210
24 -14 20 -16 -36192
-20 15 -21 4 -77444
-9 22 4 21 -81068
-1 0 -3 -1 -78470
-6 -2 -3 -5 -84028
4 18 -1 21 -75214
-1 -13 2 -16 -79504
14 -22 14 0 -86300
20 7 15 12 -93208
10 0 15 1 -83670
-8 -15 -8 -23 -73454
22 -2 18 -1 -74956
-13 -9 -15 -18 -85666
-13 15 -20 7 -100238
-21 1 -15 0 -83712
7 -6 11 -2 -84566
-22 0 -17 -2 -68406
10 -4 10 -11 -82846
19 7 21 11 -67162
0 11 -2 13 -78088
-24 4 -21 3 -32986
11 17 23 19 -83978
19 -1 24 13 -84190
-22 -2 -24 -12 -65794
-20 0 -19 -21 -92590
-2 -11 -7 -14 -86134
-10 10 -11 2 -87474
0 13 0 16 -83248
0 -2 -1 -4 -80402
-15 13 -10 12 -90352
21 24 12 16 -75942
8 -17 -4 -21 -84134
-9 -17 -7 -24 -62408
0 -7 -2 -2 -88498
13 24 13 11 -77460
24 -3 14 -13 -84410
7 12 10 9 -81254
-15 10 -10 14 -87006
-22 -24 -20 -21 -10538
-10 6 -6 4 -99226
2 -15 1 -19 -78810
19 -16 -15 -24 -87632
12 12 13 15 -73306
6 -5 3 -6 -87942
-6 -15 -10 -13 -85312
15 -13 6 -24 -86028
4 4 7 4 -87452
-12 17 -18 24 -52964
-11 0 -15 -5 -81424
-15 -6 -17 -8 -79514
-14 9 -22 8 -90110
2 -18 7 -23 -68050
-8 18 -24 12 -83144
-8 23 -11 18 -64080
-14 2 -12 7 -83550
-2 -14 -1 -14 -83112
13 -10 14 -12 -63660
-8 9 -5 10 -75946
-24 7 -18 9 -53824
-10 -8 -10 -7 -74118
8 -16 6 -14 -85068
-24 -19 5 -23 -77916
-7 10 -6 17 -87898
18 -11 13 -14 -83442
-20 22 14 18 -83864
-5 1 -5 -2 -84764
-9 -14 -6 -11 -86380
-20 -3 -17 -12 -92994
5 6 4 24 -86770
15 0 9 3 -88456
16 -8 17 -23 -77762
-18 -15 -13 -20 -75308
18 -14 8 -19 -87414
23 5 17 11 -86056
12 17 12 12 -83800
-2 -2 1 -4 -88346
-13 -5 -16 2 -79760
-24 2 -17 3 -65770
-20 23 -19 23 -35018
-12 -8 -14 -7 -77708
20 -14 23 9 -83074
10 -7 10 -9 -74276
10 22 0 17 -88026
-20 -11 -21 -18 -70074
-7 22 -10 15 -83432
-14 -7 -21 -8 -88088
0 13 2 14 -87762
8 -4 7 6 -87180
-21 -7 -16 -3 -81892
0 -15 6 -17 -83696
-7 10 -10 12 -80942
-13 -22 -6 -24 -67174
6 -1 6 -2 -73086
18 -2 17 -5 -76960
-6 8 -2 12 -80618
4 -3 4 -1 -81070
16 17 15 11 -72766
-10 9 -9 14 -78542
-8 17 -6 16 -69416
-8 17 -8 18 -69848
1 16 0 13 -88056
8 15 8 14 -79948
-7 -23 -6 -15 -78772
-23 -13 -13 -13 -84148
5 -3 4 -4 -86632
24 -16 1 -17 -84786
23 -10 18 -9 -63528
10 -23 13 -11 -76890
-17 9 -24 1 -75996
-21 12 -20 10 -68922
-9 -7 -24 -21 -90320
6 -12 12 -13 -86530
-11 -16 -8 -14 -84246
15 9 16 9 -80264
2 5 -3 6 -83526
18 18 10 18 -83416
23 10 16 17 -69644
21 7 17 10 -83430
12 6 12 1 -87506
1 -7 -1 -8 -80452
-5 10 -8 15 -83236
-16 -6 -22 -4 -74328
3 -14 1 -24 -82822
-1 15 -4 17 -71994
13 -8 18 -7 -79364
-1 -21 0 -12 -85066
-6 -15 -2 -19 -83656
22 -22 24 -1 -71132
20 -11 19 -1 -84158
5 18 0 16 -90652
-6 23 -15 21 -66816
16 12 -24 8 -89492
-12 -14 -7 -18 -81934
7 -1 5 0 -86074
4 -4 1 -4 -84814
11 -19 1 -24 -83846
-6 -10 -5 -7 -81002
-20 23 -22 -5 -82120
22 -11 12 -16 -91752
2 4 0 3 -84666
12 -14 15 -7 -83690
4 -15 0 -12 -83494
0 23 -3 23 -59120
19 0 24 -4 -64618
24 21 4 16 -76964
21 -12 17 -4 -83664
17 -24 12 -19 -53222
3 -2 2 -7 -83378
-14 13 -13 13 -81170
19 -21 19 -17 -46978
-21 21 -19 -17 -89688
24 -20 12 -12 -74582
-3 -14 -7 -12 -83822
18 -15 -24 3 -87146
-24 -3 -23 3 -51000
-2 2 -7 1 -81934
-22 11 -23 -1 -78966
2 1 3 0 -80530
-18 20 -14 24 -51942
18 0 14 3 -86516
