24 -22 23 -9 -51018
-22 -7 -23 -10 -59048
-7 -23 -3 -16 -75894
-2 18 -14 24 -73924
4 5 5 10 -90490
0 -14 -3 -13 -89794
4 -21 4 -14 -86860
8 -11 5 -15 -84142
-17 16 -8 22 -88808
6 -12 8 -10 -86570
-1 18 -2 13 -88552
6 3 6 5 -80554
2 23 -3 14 -85916
9 20 18 20 -81032
7 14 5 8 -84334
2 -8 1 -10 -86106
-11 16 16 21 -84386
15 -4 -12 8 -102570
23 -1 22 -2 -46602
-10 23 -6 14 -78264
-8 17 -10 11 -87354
2 17 0 17 -91968
-5 -11 -8 -10 -86068
11 6 9 3 -88452
24 -10 20 -7 -55130
-15 15 -10 15 -84832
-15 14 -18 7 -77726
5 4 3 -4 -87242
5 -18 3 -23 -63668
18 12 13 18 -79336
1 -12 2 -12 -79080
24 9 18 3 -69876
-15 -6 -11 -24 -93012
-15 -18 -10 -13 -84120
4 -5 6 -10 -79974
3 6 5 7 -89992
-3 -10 -5 -16 -81036
5 8 0 12 -86640
15 17 15 15 -65022
-24 -2 -3 1 -87784
-9 14 -10 16 -74568
-9 -21 -13 -23 -53466
15 -1 21 -1 -83082
-2 -5 1 -7 -90172
-4 -23 -5 -17 -65682
-16 -7 -16 -12 -79536
3 16 14 21 -78660
21 9 17 24 -71476
-22 12 -15 18 -69694
16 -2 12 0 -86520
-21 -5 -23 9 -83864
8 -18 7 -14 -79760
-7 -19 -4 -20 -69430
14 -24 6 -17 -64474
22 -17 17 -23 -71322
-11 -5 -12 -10 -84582
1 -21 6 -22 -65588
21 6 24 15 -58410
8 -1 -24 -24 -82326
20 7 19 24 -72066
19 6 15 5 -78126
4 15 1 10 -90434
3 6 5 12 -91520
9 12 5 12 -80872
-23 -13 -20 10 -88256
-3 -4 -7 -5 -90688
5 17 5 20 -69276
-8 1 -11 -2 -81360
21 -10 21 -19 -62464
18 23 17 20 -30266
-1 -6 -5 -6 -87870
-17 8 -14 1 -85876
-16 -3 -21 24 -89536
-15 16 -20 20 -65980
-21 16 20 11 -89386
-21 -22 -17 -12 -73952
-7 1 -7 0 -77688
19 4 22 -1 -68682
11 4 12 13 -83362
6 -22 -15 -23 -88068
17 -20 7 -18 -75562
15 -2 16 -8 -81246
23 6 22 6 -37044
23 21 22 0 -77708
24 -14 -8 -22 -90336
-21 -5 -24 12 -85118
-24 -15 1 -18 -84580
-5 -22 22 -21 -81684
4 -2 6 -1 -81220
-5 22 4 24 -75690
-5 24 19 15 -82914
-13 -22 0 -20 -86640
24 -23 -15 -12 -81438
3 12 2 16 -78782
24 22 18 1 -82782
-16 5 -13 5 -86176
11 7 11 4 -77376
13 -5 11 -8 -73482
-15 8 -9 6 -88844
4 -7 8 22 -103308
-14 -24 -11 9 -89356
17 1 24 3 -80954
2 15 11 17 -88222
-20 7 -22 13 -74438
20 -12 12 -8 -87582
-1 21 -13 19 -79112
-7 0 -6 -1 -86560
-14 -16 -20 -13 -85666
1 -15 2 -13 -80512
23 3 21 5 -53612
-14 -23 -19 -13 -76394
2 -10 4 -7 -87500
-12 0 -8 0 -82480
-5 8 -6 12 -77778
-9 24 -7 5 -86662
-6 -23 -14 -18 -80000
-13 24 2 15 -83822
21 7 -24 -2 -86502
-16 0 -23 -24 -88026
-13 8 -17 8 -92998
-12 23 -14 14 -81184
15 -6 22 0 -87470
6 5 6 1 -82010
-3 20 -21 23 -74732
-5 3 -5 1 -80354
1 17 2 16 -78574
-12 23 -15 15 -79726
4 -21 13 -19 -80458
-3 11 -4 4 -88792
-16 0 -18 -1 -82108
-5 18 -6 15 -81002
7 18 8 12 -91470
5 10 4 10 -79370
-6 -14 -9 -16 -84292
-3 3 -3 2 -76158
-9 -16 -9 -14 -69988
-17 -22 0 -24 -83948
-21 0 -21 5 -68756
6 19 6 17 -71664
-23 -8 -16 4 -92480
-8 4 -9 0 -82672
-20 12 -17 23 -60564
-4 5 -5 8 -86538
-22 11 -22 8 -56912
1 -14 2 -12 -80732
8 15 11 12 -83260
-17 -5 -17 -10 -82436
12 -6 10 -16 -88264
16 -24 13 -22 -44278
-13 7 -9 3 -86572
-21 -14 -19 -12 -64352
-24 18 11 19 -81212
6 4 3 9 -87168
-9 -5 -10 -2 -86966
0 -9 -2 -7 -87888
0 5 2 5 -86532
-21 -20 -20 -9 -80242
-22 -13 -24 -12 -33794
0 4 0 13 -92246
16 0 16 -6 -85046
-9 -23 7 -21 -79816
8 -8 9 -9 -76450
24 2 18 12 -81500
1 -11 3 -10 -85184
24 -17 17 -24 -62208
-19 -17 23 -5 -90196
-12 0 -10 -3 -85830
-11 -6 -12 -3 -83848
0 15 -6 11 -82140
-18 -6 -13 -6 -85926
17 1 23 3 -83180
-21 6 -23 -21 -82606
-12 20 -12 12 -87002
5 5 24 12 -86250
10 24 4 12 -84352
16 12 19 21 -77964
23 7 22 -6 -68940
-16 -11 -18 -8 -86834
24 -11 23 4 -72354
-18 22 -13 24 -52656
-6 -14 -6 -10 -77460
10 -2 12 4 -88132
22 -14 17 -23 -79274
13 -7 14 -1 -81378
23 -24 4 -13 -78206
7 -15 8 -17 -80914
-9 -8 -11 -8 -72048
-13 -16 -17 -13 -82748
-18 12 -15 9 -81940
3 23 -2 22 -73216
0 18 10 17 -88754
11 2 11 6 -87088
-24 -10 -12 -24 -84418
-9 -20 -7 -12 -84622
16 0 18 -2 -82394
5 8 9 9 -82726
-4 -10 -2 -9 -83918
-9 -3 -9 -8 -88738
-23 -15 -24 -14 -36242
-19 -2 -18 2 -72032
-19 6 -23 20 -84818
-17 -14 -19 -9 -82562
-6 -4 -8 -5 -86196
-3 -24 -5 -3 -89570
0 0 0 -2 -77262
17 -15 23 -20 -48674
11 -1 11 3 -77866
12 -8 8 -8 -81336
6 11 9 6 -81672
21 1 21 -10 -80990
21 -7 20 -7 -57574
-9 3 -8 4 -84094
21 -1 23 -19 -79058
10 15 7 9 -83426
0 -24 12 -19 -88230
20 -13 20 -6 -64224
6 -20 6 -17 -68338
-13 -12 -5 2 -109312
-1 5 1 7 -84648
8 -4 7 -1 -76906
15 3 17 5 -71862
9 22 9 13 -84382
13 16 18 24 -65716
-17 -22 -8 -17 -79050
23 -15 19 -7 -69726
8 0 14 -2 -87250
-5 16 1 21 -83710
-3 14 0 13 -77260
23 15 22 -1 -80938
-9 -10 -7 -14 -85386
-10 -15 -14 -15 -74808
-15 -19 -19 -21 -57522
3 24 24 3 -88900
17 -16 12 -19 -90728
-13 4 -16 2 -81010
-3 -4 -3 -5 -77370
10 8 12 11 -75276
-7 -21 -19 -21 -79964
-13 -20 -17 -3 -107638
15 -24 -15 -19 -85052
-11 2 -11 15 -90014
15 21 11 23 -53646
10 21 15 15 -82690
-3 6 0 11 -87516
-14 -11 -19 -23 -83328
-16 8 -18 8 -89108
-22 -17 -16 -10 -85392
-7 7 -11 6 -81246
7 24 22 13 -91508
18 2 14 -5 -86814
-20 9 -23 22 -69004
-15 4 -16 0 -71062
-1 21 17 24 -70288
-5 -8 -9 -2 -97710
9 9 15 7 -72506
-17 19 -15 9 -83990
7 -8 18 -8 -92954
3 4 0 6 -85428
-1 0 -4 2 -80808
1 8 1 3 -85246
-1 -12 0 -11 -82692
9 -11 9 -9 -72622
-8 15 -11 15 -76818
-12 -1 -15 -1 -78222
-11 -1 -12 0 -79998
11 -13 7 -17 -83426
18 -6 13 -3 -85596
-10 6 -12 3 -85876
-5 16 -3 19 -75628
12 8 7 4 -89486
23 16 10 23 -82834
19 -19 15 -23 -57974
-14 13 -13 5 -78912
0 2 0 3 -69114
8 -4 9 -5 -74952
-7 -3 -8 -7 -89496
0 -19 -5 -23 -59164
-15 19 -24 22 -49428
15 12 12 6 -80778
-7 3 -23 24 -91554
17 3 18 13 -83696
-13 -10 -11 -15 -81978
0 -18 2 -22 -65112
19 7 20 -24 -82132
15 19 19 20 -65048
-9 -2 -7 -3 -85516
8 -2 13 1 -82192
-5 -8 -6 -7 -83766
-15 12 -14 16 -72192
-10 -10 -12 -14 -82482
7 -12 11 -10 -88370
20 -12 18 -14 -64184
7 -3 8 -3 -80866
-21 8 -15 14 -79612
-2 1 -3 -2 -86008
-18 14 -24 23 -53286
-17 11 -21 16 -74618
8 -23 10 -19 -52406
2 23 8 23 -53694
22 -10 22 16 -84316
-12 13 -13 20 -82156
-7 5 -5 7 -73628
2 -1 -1 -3 -84826
1 -10 0 -8 -77170
-17 -13 -22 -11 -74024
-15 6 -16 8 -73014
-6 6 -9 8 -85920
-22 -8 -22 -7 -59124
15 -3 14 -1 -79772
-15 -18 -16 -24 -32476
14 15 8 16 -74692
17 6 17 9 -67660
-15 -10 -11 -13 -83352
6 -9 5 -9 -75816
3 0 1 3 -80376
-1 -14 -2 -7 -84644
-17 -18 -24 -1 -89600
-15 -7 -11 -5 -82962
18 -14 10 -22 -103208
5 -12 5 -10 -68438
0 -16 -4 -15 -86390
21 14 12 11 -85774
0 16 2 16 -91532
-7 1 -10 4 -87464
14 4 16 -1 -80612
6 -13 7 -14 -79940
-5 -11 -6 -8 -81912
4 21 2 14 -85354
-19 6 -20 -8 -88114
16 9 13 10 -74324
18 -20 14 -13 -72356
-19 8 -15 7 -92138
22 -23 10 10 -94338
-2 14 0 7 -86182
0 7 4 7 -90966
-15 -6 -22 -13 -89194
12 -21 7 -22 -64090
-8 2 -9 8 -85020
16 -19 11 -10 -78484
0 -2 2 -24 -86284
23 20 14 11 -84356
-7 19 -13 19 -76280
-11 -22 -21 -21 -65846
1 -1 -1 -1 -82774
-10 -11 -7 -8 -85342
5 -22 0 -19 -72488
-21 -2 -22 15 -89972
20 -8 14 -13 -86774
11 -20 17 -15 -98624
-2 1 24 24 -81314
-17 -9 -18 -3 -79836
-6 -2 -6 -1 -79006
24 -14 20 -16 -36150
-20 15 -21 4 -74716
-9 22 4 21 -80664
-1 0 -3 -1 -79548
-6 -2 -3 -5 -87926
4 18 -1 21 -74534
-1 -13 2 -16 -81124
14 -22 14 0 -87786
20 7 15 12 -85018
10 0 15 1 -81392
-8 -15 -8 -23 -73320
22 -2 18 -1 -75030
-13 -9 -15 -18 -85564
10 -8 -20 -7 -99812
-21 1 -15 0 -83080
7 -6 11 -2 -80968
-22 0 -17 -2 -67938
10 -4 10 -11 -82946
19 7 21 11 -65370
0 11 -2 13 -78062
-24 4 -21 3 -32834
11 17 23 19 -82264
19 -1 24 13 -84366
-22 -2 -24 -12 -65918
-20 0 -19 -21 -92448
-2 -11 -7 -14 -86016
-10 10 -11 2 -86498
0 13 0 16 -83710
0 -2 -1 -4 -81440
-15 13 -10 12 -89368
21 24 12 16 -74842
8 -17 -4 -21 -84752
-9 -17 -7 -24 -62834
0 -7 -2 -2 -88424
13 24 13 11 -77744
24 -3 14 -13 -84284
7 12 10 9 -81070
-15 10 -10 14 -83792
-22 -24 -20 -21 -10420
1 -5 -2 -11 -96532
2 -15 1 -19 -78880
19 -16 -15 -24 -90088
12 12 13 15 -73162
6 -5 3 -6 -86532
-6 -15 -10 -13 -87030
15 -13 6 -24 -92554
4 4 7 4 -83840
-12 17 -18 24 -52156
-11 0 -15 -5 -82488
-15 -6 -17 -8 -80108
-14 9 -22 8 -87250
2 -18 7 -23 -69570
-8 18 -24 12 -79824
-8 23 -11 18 -63572
-14 2 -12 7 -83006
-2 -14 -1 -14 -83646
13 -10 14 -12 -65734
-8 9 -5 10 -72756
-24 7 -18 9 -52764
-10 -8 -10 -7 -76024
8 -16 6 -14 -85756
-24 -19 5 -23 -79262
-7 10 -6 17 -87608
18 -11 13 -14 -87424
-20 22 14 18 -83222
-5 1 -5 -2 -84588
-9 -14 -6 -11 -86624
-20 -3 -17 -12 -93572
5 6 4 24 -88032
15 0 9 3 -86308
16 -8 17 -23 -80180
-18 -15 -13 -20 -76966
18 -14 8 -19 -103118
23 5 17 11 -83946
12 17 12 12 -83562
-2 -2 1 -4 -88192
-13 -5 -16 2 -76838
-24 2 -17 3 -65248
-20 23 -19 23 -34682
-12 -8 -14 -7 -80284
20 -14 23 9 -84250
10 -7 10 -9 -74290
10 22 0 17 -87810
-20 -11 -21 -18 -71708
-7 22 -10 15 -83146
-14 -7 -21 -8 -87832
0 13 2 14 -86440
8 -4 7 6 -87656
-21 -7 -16 -3 -82932
0 -15 6 -17 -86096
-7 10 -10 12 -78712
-13 -22 -6 -24 -66754
6 -1 6 -2 -72064
18 -2 17 -5 -76150
-6 8 -2 12 -80222
4 -3 4 -1 -79080
16 17 15 11 -73050
-10 9 -9 14 -77078
-8 17 -6 16 -68330
-8 17 -8 18 -70598
1 16 0 13 -88326
8 15 8 14 -80304
-7 -23 -6 -15 -79160
-23 -13 -13 -13 -84684
5 -3 4 -4 -80782
24 -16 1 -17 -86768
23 -10 18 -9 -63536
10 -23 13 -11 -83088
-17 9 -24 1 -74538
-21 12 -20 10 -67198
-9 -7 -24 -21 -90762
6 -12 12 -13 -87458
-11 -16 -8 -14 -84472
15 9 16 9 -73350
2 5 -3 6 -82734
18 18 10 18 -82524
23 10 16 17 -68286
21 7 17 10 -80110
12 6 12 1 -87328
1 -7 -1 -8 -86148
-5 10 -8 15 -81900
-16 -6 -22 -4 -74406
3 -14 1 -24 -83676
-1 15 -4 17 -71176
13 -8 18 -7 -80332
-1 -21 0 -12 -85170
-6 -15 -2 -19 -84118
22 -22 24 -1 -71982
20 -11 19 -1 -84976
5 18 0 16 -90626
-6 23 -15 21 -66102
16 12 -24 8 -87634
-12 -14 -7 -18 -82010
7 -1 5 0 -85532
4 -4 1 -4 -84608
11 -19 1 -24 -84524
-6 -10 -5 -7 -83308
-20 23 -22 -5 -82226
22 -11 12 -16 -95316
2 4 0 3 -82458
12 -14 15 -7 -85460
4 -15 0 -12 -84572
0 23 -3 23 -59224
19 0 24 -4 -64154
24 21 4 16 -76634
21 -12 17 -4 -85464
17 -24 12 -19 -55752
3 -2 2 -7 -83162
-14 13 -13 13 -80470
19 -21 19 -17 -50188
-21 21 -19 -17 -88440
24 -20 12 -12 -76558
-3 -14 -7 -12 -84346
18 -15 -24 3 -89202
-24 -3 -23 3 -50150
-2 2 -7 1 -82768
-22 11 -23 -1 -77672
2 1 3 0 -80082
-18 20 -14 24 -51420
18 0 14 3 -86252
