24 -22 23 -9 -53010
-22 -7 -23 -10 -57082
-7 -23 -3 -16 -77902
-2 18 -14 24 -69864
4 5 5 10 -82764
8 21 12 18 -69414
5 9 2 5 -89074
8 -11 5 -15 -87422
-17 16 -8 22 -85750
6 -12 8 -10 -87154
4 -2 7 0 -87764
6 3 6 5 -83180
2 23 -3 14 -87574
9 20 18 20 -71428
7 14 5 8 -76802
2 -8 1 -10 -85286
23 -18 23 8 -79782
15 5 16 8 -76342
23 -1 22 -2 -48368
-10 23 -6 14 -82150
-8 17 -10 11 -87474
2 21 0 17 -73648
-5 -11 -8 -10 -83234
10 -20 24 -17 -78960
24 -10 20 -7 -56818
-8 -5 -5 -8 -86792
-15 14 -18 7 -84104
9 -16 20 -22 -89018
5 -18 3 -23 -55642
18 12 13 18 -75850
1 -12 2 -12 -86114
24 9 18 3 -68470
-15 -6 24 -24 -86998
-15 -18 -10 -13 -87754
6 -13 0 -11 -92106
3 6 1 13 -80554
-3 -10 -5 -16 -81438
5 8 0 12 -83882
15 17 15 15 -70768
-24 12 -24 5 -55804
-9 14 -10 16 -73034
-9 -21 -13 -23 -57626
15 -1 21 -1 -87804
-2 -5 1 -7 -80118
-4 -23 -5 -17 -72764
-16 -7 -16 -12 -76258
3 16 14 21 -83974
21 9 17 24 -72146
-22 12 -15 18 -71636
16 -2 12 0 -91576
-21 -5 -23 9 -78084
8 -18 7 -14 -76798
-7 -19 -4 -20 -70510
14 -24 6 -17 -70022
22 -17 17 -23 -70082
-11 -5 -12 -10 -82824
1 -21 6 -22 -67042
21 6 24 15 -59740
8 -1 -24 -24 -86574
20 7 19 24 -74818
19 6 15 5 -79358
4 15 1 10 -86320
0 23 -5 18 -67416
9 12 5 12 -81180
16 17 -24 17 -87868
14 -20 -1 -24 -84502
5 17 5 20 -69198
-10 1 -11 0 -78360
21 -10 21 -19 -65964
18 23 17 20 -34198
-1 -6 -5 -6 -80046
3 16 3 -5 -98804
-16 -3 -21 24 -83864
-15 16 -20 20 -67298
13 -7 14 -24 -83394
-21 -22 -17 -12 -72678
-7 1 -7 0 -77950
19 4 22 -1 -70384
-16 13 -22 8 -83926
8 0 4 5 -90884
17 -20 7 -18 -81674
15 -2 16 -8 -77432
23 6 22 6 -36588
23 21 22 0 -77930
-15 2 -16 6 -72702
-21 -5 -24 12 -77858
-24 -15 1 -18 -86558
-5 -22 22 -21 -84712
4 -2 6 -1 -86312
-5 22 4 24 -80184
-5 24 19 15 -85596
-13 -22 0 -20 -85754
24 -23 -15 -12 -88872
3 12 2 16 -75896
24 22 18 1 -84016
-16 5 -13 5 -83960
11 7 11 4 -80380
13 -5 11 -8 -79092
-11 -3 -5 -4 -90226
4 19 -22 22 -84072
-21 -20 -23 -9 -66372
17 1 24 3 -76190
-11 -7 -9 -3 -86784
-20 7 -22 13 -79258
20 -12 12 -8 -90776
-1 21 -13 19 -78980
-9 2 -11 6 -87644
-14 -16 -20 -13 -87000
1 -15 2 -13 -83840
23 3 21 5 -55146
-14 -23 -19 -13 -80510
2 -10 4 -7 -87986
-12 0 -8 0 -86408
-5 8 -6 12 -73944
-9 24 -7 5 -86948
-6 -23 -14 -18 -82522
-8 1 -9 -3 -80674
21 7 -24 -2 -85086
-16 0 -23 -24 -83612
-13 8 -17 8 -84616
-12 23 -14 14 -82204
4 21 1 19 -74028
6 5 6 1 -81756
-3 20 -21 23 -74310
-5 3 -5 1 -84374
1 17 2 16 -72416
-12 23 -15 15 -79740
4 -21 13 -19 -81202
-3 11 -4 4 -88118
-16 0 -18 -1 -80382
-5 18 -6 15 -80296
7 18 8 -24 -88152
5 10 4 10 -75152
-6 -14 -9 -16 -87304
-3 3 -3 2 -83780
-9 -16 -9 -14 -64410
-17 -22 0 -24 -82598
-21 0 -21 5 -69390
6 19 6 17 -70678
-17 -1 -16 4 -86392
-8 4 -9 0 -83692
-20 12 -17 23 -59084
-4 5 -5 8 -88492
-22 11 -22 8 -64500
1 -14 2 -12 -87380
8 15 11 12 -83562
-17 -5 -17 -10 -72704
10 17 13 21 -59616
16 -24 13 -22 -47330
-9 -18 -7 -16 -82818
-21 -14 -19 -12 -59826
-24 18 11 19 -86594
-16 13 23 15 -84400
-8 -4 -9 -5 -81286
-3 7 0 24 -86554
0 5 2 5 -75080
-21 2 -20 3 -79430
-22 -13 -24 -12 -33550
0 22 4 20 -67864
6 -20 4 -8 -92332
-9 -23 7 -21 -74706
8 -8 9 -9 -73918
24 2 18 12 -77732
1 -11 3 -10 -88114
24 -17 17 -24 -63304
-2 12 0 9 -78076
12 0 15 5 -83248
-11 -6 -12 -3 -70608
0 15 -6 11 -82368
-18 -6 -13 -6 -82646
-3 -6 21 -6 -100230
-21 6 -23 -21 -78056
-12 20 -12 12 -88270
5 5 24 12 -81908
10 24 4 12 -83932
16 12 19 21 -82064
23 7 22 -6 -69994
-16 -11 -18 -8 -81592
24 -11 23 4 -73072
-18 22 -13 24 -53312
-6 -14 -6 -10 -72960
-15 -22 -8 -17 -82474
22 -14 17 -23 -75270
-5 4 -6 6 -88054
23 -24 4 -13 -86578
7 -15 8 -17 -79288
-9 -8 -11 -8 -73970
-13 -16 -17 -13 -85346
-18 12 -15 9 -76210
3 23 -2 22 -75854
0 14 5 15 -79616
11 2 11 6 -85980
-24 -10 -12 -24 -83182
-9 5 -14 7 -83300
16 0 18 -2 -83834
5 8 9 9 -84216
-4 -10 -2 -9 -80458
-11 2 -8 0 -86878
-23 -15 -24 -14 -37726
-19 -2 -18 2 -80534
-19 6 -23 20 -84380
-17 -14 -19 -9 -80550
9 13 4 16 -83540
0 1 0 2 -81546
0 0 0 -2 -74340
17 -15 23 -20 -51502
11 -1 11 3 -66956
12 -8 8 -8 -81820
6 11 9 6 -85858
21 1 21 -10 -81938
21 -7 20 -7 -59224
-9 3 -8 4 -82216
21 -1 23 -19 -83398
10 15 7 9 -79050
6 -17 2 -17 -79388
20 -13 20 -6 -64330
6 -20 6 -17 -59376
6 4 9 5 -80378
-1 5 1 7 -85710
8 -4 7 -1 -71862
15 3 17 5 -82918
9 22 9 13 -82736
13 16 18 24 -66944
18 -8 10 -5 -94588
23 -15 19 -7 -73124
8 0 14 -2 -86414
-18 -18 -16 -22 -50104
-3 14 0 13 -76240
23 15 22 -1 -79258
18 -5 14 -9 -85004
-10 -15 -14 -15 -77230
-15 -19 -19 -21 -62210
3 17 -2 22 -77082
17 -16 12 -19 -71972
-13 4 -16 2 -84914
-3 -4 -3 -5 -66728
10 8 12 11 -71540
-7 -21 -19 -21 -82314
3 -15 -2 -15 -87576
15 -24 -15 -19 -86394
0 -9 0 -15 -86474
15 21 11 23 -53352
10 21 15 15 -80424
-3 6 0 11 -85364
-14 -11 -19 -23 -84304
-16 8 -18 8 -81288
17 15 17 11 -72030
-7 7 -11 6 -85884
15 16 14 6 -88028
18 2 14 -5 -86120
-20 9 -23 22 -67606
-15 4 -16 0 -83254
-1 21 17 24 -70914
10 -6 11 -5 -76726
9 9 15 7 -75800
-17 19 -15 9 -83602
-15 4 -16 -24 -88300
3 4 0 6 -79632
-1 0 -4 2 -77502
1 8 1 3 -85798
-1 -12 0 -11 -84584
9 -11 9 -9 -69228
-8 15 -11 15 -72536
-12 -1 -15 -1 -81572
-11 -1 -12 0 -78320
11 -13 7 -17 -81630
18 -6 13 -3 -93094
22 23 21 22 -12816
-5 16 -3 19 -74374
-18 5 -17 8 -69914
23 16 10 23 -71736
19 -19 15 -23 -52828
-14 13 -13 5 -72532
0 2 0 3 -82930
8 -4 9 -5 -72674
-7 -3 -8 -7 -83318
0 -19 -5 -23 -57752
-15 19 -24 22 -50042
15 12 12 6 -83110
15 -17 14 24 -81966
17 0 18 3 -72296
-13 -10 -11 -15 -79470
0 -18 2 -22 -61166
19 7 20 -24 -84624
15 19 19 20 -60260
-9 -2 -7 -3 -80712
8 -2 13 1 -78870
-5 -8 -6 -7 -83064
-15 12 -14 16 -71744
-10 -10 -12 -14 -79302
7 -12 11 -10 -87902
20 -12 18 -14 -63814
7 -3 8 -3 -80348
-21 8 -15 14 -89770
-2 1 -3 -2 -84484
-18 14 -24 23 -52396
-17 11 -21 16 -76032
8 -23 10 -19 -49904
2 23 8 23 -55030
22 -10 22 16 -83634
-12 13 -13 20 -82094
-7 5 -5 7 -75802
2 -1 -1 -3 -83694
1 -10 0 -8 -73114
-17 -13 -22 -11 -71784
-15 6 -16 8 -64314
-6 6 -9 8 -85046
-22 -8 -22 -7 -52988
15 -3 14 -1 -80988
-15 -18 -16 -24 -39484
14 15 8 16 -77864
17 6 17 9 -65130
-15 -10 -11 -13 -84858
6 -9 5 -9 -75842
15 0 19 2 -86400
-1 -14 -2 -7 -87480
-17 -18 -24 -1 -82966
-15 -7 -11 -5 -82654
-13 3 -12 3 -80900
5 -12 5 -10 -76032
0 -16 -4 -15 -81796
21 14 12 11 -81728
-19 4 -24 1 -73820
3 6 8 3 -95336
14 4 16 -1 -81240
6 -13 7 -14 -80354
-5 -11 -6 -8 -78354
11 -5 11 -4 -65826
-7 -21 -8 -14 -82306
16 9 13 10 -72194
18 -20 14 -13 -78332
-8 8 -10 6 -80496
-7 -19 -5 -24 -60860
3 -12 4 -5 -86314
23 -3 4 -24 -90540
16 -11 -22 -24 -88614
12 -21 7 -22 -64914
-8 2 -9 8 -88770
16 -19 11 -10 -84434
0 -2 2 -24 -80818
23 20 14 11 -83466
-7 19 -13 19 -71950
-11 -22 -21 -21 -68826
1 -1 -1 -1 -81312
-10 -11 -7 -8 -86374
5 -22 0 -19 -73122
12 0 11 -5 -74680
20 -8 14 -13 -89724
-7 21 -4 15 -81736
-2 1 24 24 -81546
-17 -9 -18 -3 -73676
-6 -2 -6 -1 -73944
24 -14 20 -16 -34838
-20 15 -21 4 -79542
-9 22 4 21 -87064
-1 0 -3 -1 -76486
-6 -2 -3 -5 -84222
-15 -24 -10 -1 -91126
-1 -13 2 -16 -83298
11 16 9 15 -70710
-22 -9 -24 -13 -46694
10 0 15 1 -80308
-8 -15 -8 -23 -80956
22 -2 18 -1 -78152
-13 -9 -15 -18 -85704
10 8 12 4 -79830
-21 1 -15 0 -81936
-10 17 22 20 -82838
-22 0 -17 -2 -70886
16 -11 12 -12 -82252
19 7 21 11 -64522
0 11 -2 13 -79114
-24 4 -21 3 -37940
11 17 23 19 -73732
19 -1 24 13 -83038
-22 -2 -24 -12 -63004
-14 2 6 20 -106632
-2 -11 -7 -14 -86770
-10 10 -11 2 -82316
0 13 0 16 -75622
0 -2 -1 -4 -75914
-15 -8 -17 1 -82704
21 24 12 16 -74160
8 -17 -4 -21 -85782
-9 -17 -7 -24 -73152
10 -15 13 -9 -84270
13 24 13 11 -81226
24 -3 14 -13 -85518
7 12 10 9 -82860
-15 10 -10 14 -79640
-22 -24 -20 -21 -11068
2 22 11 16 -80486
2 -15 1 -19 -67446
19 -16 -15 -24 -91360
12 12 13 15 -81732
23 0 18 -1 -76888
-6 -15 -10 -13 -85072
15 -13 6 -24 -84652
4 4 7 4 -87098
-12 17 -18 24 -52116
-11 0 -15 -5 -85478
-15 -6 -17 -8 -75220
-14 9 -22 8 -87692
2 -18 7 -23 -69740
-8 18 -24 12 -79874
-8 23 -11 18 -65652
-14 2 -12 7 -83358
-2 -14 -1 -14 -78914
13 -10 14 -12 -65074
-8 9 -5 10 -73506
-24 7 -18 9 -61304
-10 -8 -10 -7 -71880
8 -16 6 -14 -85418
-24 -19 5 -23 -81440
-7 10 -6 17 -85678
18 -11 13 -14 -88272
-20 22 14 18 -87142
-5 1 -5 -2 -83338
-9 -14 -6 -11 -86930
-13 14 -17 15 -71092
5 6 6 4 -84406
15 0 9 3 -84020
16 -8 17 -23 -85680
-18 -15 -13 -20 -79928
-17 -18 -17 -12 -72190
23 5 17 11 -77430
12 17 12 12 -86780
-2 -2 1 -4 -81810
-13 -5 -16 2 -83410
-24 2 -17 3 -75814
-20 23 -19 23 -35176
-12 -8 -14 -7 -76442
4 -11 21 -12 -103592
10 -7 10 -9 -63732
10 22 0 17 -84670
-20 -11 -21 -18 -68370
-7 22 -10 15 -86246
-14 -7 -21 -8 -82866
0 13 2 14 -79474
-23 -20 19 -18 -89688
-21 -7 -16 -3 -76230
0 0 1 3 -84130
-7 10 -10 12 -77520
-13 -22 -6 -24 -68996
6 -1 6 -2 -64548
18 -2 17 -5 -73776
-6 8 -2 12 -79736
4 -3 4 -1 -72224
16 17 15 11 -87504
-10 9 -9 14 -73324
-8 17 -6 16 -71318
-8 17 -8 18 -74952
1 16 0 13 -81454
8 15 8 14 -71582
-7 -23 -6 -15 -83750
-23 -13 -13 -13 -84208
5 -3 4 -4 -78938
24 -16 1 -17 -91876
23 -10 18 -9 -64694
10 -23 13 -11 -80202
-17 9 -24 1 -87098
-21 12 -20 10 -70802
-8 -15 -24 -20 -88888
6 -12 12 -13 -86986
-11 -16 -8 -14 -87218
15 9 16 9 -71024
2 5 -3 6 -77644
-10 -14 -21 -18 -97120
23 10 16 17 -67302
21 7 17 10 -70764
12 6 12 1 -85426
1 -7 -1 -8 -81784
-5 10 -8 15 -80614
-16 -6 -22 -4 -73464
-5 20 1 18 -82362
-1 15 -4 17 -76534
13 -8 18 -7 -89048
-1 -21 0 -12 -78448
-6 -15 -2 -19 -85398
22 -22 24 -1 -75072
20 -11 19 -1 -84246
19 -1 19 -6 -75844
-6 23 -15 21 -65112
16 12 -24 8 -88302
-12 -14 -7 -18 -80458
-14 -10 -14 -12 -70724
4 -4 1 -4 -79014
11 -19 1 -24 -80052
-6 -10 -5 -7 -80524
-20 23 -22 -5 -75308
-22 4 -24 -11 -66978
2 4 0 3 -79660
12 -14 15 -7 -85072
4 -15 0 -12 -91720
0 23 -3 23 -66124
19 0 24 -4 -65558
4 -11 -6 0 -105134
21 -12 17 -4 -85322
17 -24 12 -19 -61942
3 -2 2 -7 -74742
-14 13 -13 13 -67818
19 -21 19 -17 -48240
6 -5 -23 -17 -95632
24 -20 12 -12 -84482
-3 -14 -7 -12 -80686
-19 2 -18 -5 -71714
-24 -3 -23 3 -51494
-2 2 -7 1 -76070
-22 11 -23 -1 -75148
2 1 3 0 -74418
-18 20 -14 24 -51120
18 0 14 3 -87208
