24 -22 23 -9 -61153
-22 -7 -23 -10 -71375
-7 -23 -3 -16 -75671
-2 18 -14 24 -68029
4 5 5 10 -78507
8 21 12 18 -70375
22 9 18 24 -72653
-24 -7 -24 -11 -60245
15 7 18 14 -82461
3 -11 0 -9 -77917
-18 12 -14 12 -83553
6 3 6 5 -76955
0 23 -3 14 -84771
9 20 18 20 -73207
7 14 5 8 -76823
2 -8 1 -10 -70447
23 -18 23 8 -77209
15 5 16 8 -78777
23 -1 22 -2 -51855
-10 23 -6 14 -83049
-8 17 -10 11 -76233
2 21 0 17 -76379
-5 -11 -8 -10 -75649
10 -20 24 -17 -73057
24 -10 20 -7 -59621
-14 -10 -12 -9 -74945
-15 14 -18 7 -82605
-9 4 -7 14 -92561
5 -18 3 -23 -60355
18 12 13 18 -80183
1 -12 2 -12 -74811
24 9 18 3 -77607
-15 -6 24 -24 -77229
-15 -18 -10 -13 -84347
-20 17 -24 -10 -85435
3 6 1 13 -91951
-3 -10 -5 -16 -78129
5 8 0 12 -86393
15 17 15 15 -61251
-24 12 -24 5 -61583
-9 14 -10 16 -72875
-9 -21 -13 -23 -58743
-24 16 7 16 -86315
-2 -5 1 -7 -84883
-4 -23 -5 -17 -73467
-16 -7 -16 -12 -79429
18 16 14 21 -61773
14 4 13 -3 -84437
-22 12 -15 18 -79885
16 -2 12 0 -77413
-17 -7 -18 -6 -77587
8 -18 7 -14 -75455
-7 -19 -4 -20 -68241
14 -24 6 -17 -71741
22 -17 17 -23 -71681
-11 -5 -12 -10 -78631
1 -21 6 -22 -67485
21 6 24 15 -56407
8 -1 -24 -24 -75177
20 7 19 24 -74967
19 6 15 5 -79647
0 0 -4 -22 -89535
0 23 -5 18 -78023
9 12 5 12 -72605
16 5 17 3 -68785
-9 -20 -9 -24 -55149
5 17 5 20 -81261
-10 1 -11 0 -74085
21 -10 21 -19 -73581
18 23 17 20 -35563
-1 -6 -5 -6 -76305
13 -1 14 0 -78475
-14 -11 7 -24 -91629
11 12 16 11 -78913
13 -7 14 -24 -82799
-21 -22 -17 -12 -74525
-7 1 -7 0 -76855
19 4 22 -1 -77967
-16 13 -22 8 -82675
8 20 4 18 -68377
17 -20 7 -18 -71943
15 -2 16 -8 -73327
23 6 22 6 -40771
23 21 22 0 -76595
-15 2 -16 6 -75023
16 -8 21 -7 -77503
3 10 3 12 -76261
0 -22 -2 -21 -52933
4 -2 6 -1 -72913
-5 22 4 24 -76715
-5 24 19 15 -85325
-13 -22 0 -20 -79295
-2 -23 0 -12 -80881
3 12 2 16 -73251
-17 15 -24 19 -76263
-16 5 -13 5 -80069
11 7 11 4 -67719
13 -5 11 -8 -75917
-19 -5 -24 -6 -51563
-22 4 -18 0 -84671
-21 -20 -23 -9 -69997
17 1 24 3 -81457
-11 -7 -9 -3 -79913
-19 16 -12 21 -82191
-1 -12 0 -17 -73695
2 13 22 13 -88351
-9 2 -11 6 -81067
-14 -16 -20 -13 -78949
1 -15 2 -13 -76953
23 3 21 5 -62861
-11 10 -14 8 -81617
-3 -9 -24 -11 -81107
-12 0 -8 0 -79039
-5 8 -6 12 -90171
-22 -22 -21 -6 -81501
-6 -23 -14 -18 -81745
-8 1 -9 -3 -76181
21 7 -24 -2 -86399
19 -3 19 -5 -70863
-7 19 -6 20 -79825
-12 23 -14 14 -82749
4 21 1 19 -70323
6 5 6 1 -76129
-3 20 -21 23 -78895
-5 3 -5 1 -83957
1 17 2 16 -77239
-12 23 -15 15 -83125
4 -21 13 -19 -74129
3 -4 23 -3 -85075
-16 0 -18 -1 -76067
-5 18 -6 15 -76953
8 -1 5 0 -83753
5 10 4 10 -64113
-6 -14 -9 -16 -78071
-3 3 -3 2 -82249
-9 -16 -9 -14 -67223
-17 -22 0 -24 -77135
-21 0 -21 5 -72637
6 19 6 17 -77181
24 -2 24 -8 -49835
-8 4 -9 0 -80667
-20 12 -17 23 -62139
0 12 0 10 -80721
-22 11 -22 8 -66031
1 -14 2 -12 -75667
8 15 11 12 -78693
-17 -5 -17 -10 -82059
10 17 13 21 -64589
16 -24 13 -22 -46805
-9 -18 -7 -16 -72243
-21 -14 -19 -12 -63105
-1 5 1 24 -88055
-16 13 23 15 -83713
-8 -4 -9 -5 -73177
19 -2 18 -5 -80431
0 5 2 5 -71379
-21 2 -20 3 -78255
-22 -13 -24 -12 -36975
0 22 4 20 -67505
21 -22 12 -24 -52007
-9 -23 7 -21 -75753
8 -8 9 -9 -71387
24 2 18 12 -80763
4 -4 3 -10 -80869
24 -17 17 -24 -65135
-2 12 0 9 -91535
-6 19 -5 22 -70061
-11 -6 -12 -3 -71049
-20 -19 -14 -15 -81949
-11 -6 -12 -23 -82897
6 -12 7 -8 -75201
-21 6 -23 -21 -78985
-12 -16 -17 -19 -78471
22 -5 19 -24 -82803
-3 -11 -4 -7 -79983
16 12 19 21 -75403
23 7 22 -6 -77003
-16 -11 -18 -8 -82421
24 -11 23 4 -70591
-18 22 -13 24 -63125
-6 -14 -6 -10 -70625
-15 -22 -8 -17 -79685
22 -14 17 -23 -78915
-4 7 -4 14 -92217
23 -24 4 -13 -77479
7 -15 8 -17 -78441
-9 -8 -11 -8 -64789
-13 -16 -17 -13 -76761
-18 12 -15 9 -78229
3 23 -2 22 -71293
0 14 5 15 -74631
-19 -7 -19 -4 -68871
-24 22 3 20 -78149
-9 5 -14 7 -80801
16 0 18 -2 -74643
-22 -8 -24 -16 -68497
2 5 5 2 -81525
-11 2 -8 0 -79387
-23 -15 -24 -14 -39023
-19 -2 -18 2 -76255
-3 -23 23 -22 -66123
-17 -14 -19 -9 -79431
-1 7 -2 8 -79729
0 1 0 2 -73561
0 0 0 -2 -73493
17 -15 23 -20 -55389
11 -1 11 3 -70991
12 -8 8 -8 -73179
-22 11 -21 3 -73841
-17 14 -22 16 -77983
21 -7 20 -7 -64353
-9 3 -8 4 -76693
21 -1 23 -19 -82479
10 15 7 9 -77539
6 -17 2 -17 -78287
20 -13 20 -6 -59923
6 -20 6 -17 -61175
6 4 9 5 -74879
-1 5 1 7 -76643
8 -4 7 -1 -77301
15 3 17 5 -86565
9 22 9 13 -76571
13 16 18 24 -67943
-1 -9 -6 -8 -83455
23 -15 19 -7 -77013
8 0 14 -2 -77909
-18 -18 -16 -22 -58591
-3 14 0 13 -82415
23 15 22 -1 -78345
18 -5 14 -9 -79555
-10 -15 -14 -15 -75151
-15 -19 -19 -21 -63791
-23 3 -20 10 -78839
17 -16 12 -19 -65221
-13 4 -16 2 -81957
-3 -4 -3 -5 -73423
10 8 12 11 -72635
-7 -21 -19 -21 -79419
-5 -10 -5 -9 -72163
-13 -23 10 -19 -82173
-19 9 -24 14 -71319
15 21 11 23 -52545
-16 -1 -14 -2 -73363
17 0 22 7 -98367
-17 -16 -23 -22 -52901
-16 8 -18 8 -74993
17 15 17 11 -64399
11 16 3 16 -81667
-1 6 0 4 -79863
-22 1 19 -8 -94423
-20 9 -23 22 -67557
-15 4 -16 0 -77577
-1 21 17 24 -73611
10 -6 11 -5 -72655
7 0 12 6 -86879
-17 19 -15 9 -81991
-15 4 -16 -24 -80847
3 4 0 6 -78701
2 -15 0 17 -95669
1 8 1 3 -83773
-1 -12 0 -11 -72181
9 -11 9 -9 -68769
-8 15 -11 15 -72713
-12 -1 -15 -1 -81249
-11 -1 -12 0 -73287
11 -13 7 -17 -68271
0 24 0 -14 -94041
22 23 21 22 -12007
-5 16 -3 19 -81109
-18 5 -17 8 -72727
23 16 10 23 -74263
19 -19 15 -23 -53787
-14 13 -13 5 -75753
0 2 0 3 -77079
8 -4 9 -5 -74439
-9 19 -4 24 -74553
0 -19 -5 -23 -57145
-15 19 -24 22 -69667
15 12 12 6 -82909
15 -17 14 24 -83435
17 0 18 3 -79791
-13 -10 -11 -15 -73031
0 -18 2 -22 -65761
19 18 20 18 -48017
15 19 19 20 -63603
-9 -2 -7 -3 -71637
8 -2 13 1 -82363
-5 -8 -6 -7 -73377
-15 12 -14 16 -71535
-10 -10 -12 -14 -77283
-21 20 -23 22 -35235
20 -12 18 -14 -61613
7 -3 8 -3 -76215
0 8 -2 8 -68965
-2 1 -3 -2 -81145
-18 14 -24 23 -70961
-17 11 -21 16 -82387
8 -23 10 -19 -50819
2 23 8 23 -54381
4 22 4 18 -64815
-12 13 -13 20 -78759
-7 5 -5 7 -72091
2 -1 -1 -3 -77945
1 -10 0 -8 -72571
-17 -13 -22 -11 -68887
-15 6 -16 8 -67877
-6 6 -9 8 -80147
-22 -8 -22 -7 -67479
15 -3 14 -1 -74101
-15 -18 -16 -24 -47411
18 -18 19 -15 -65793
17 6 17 9 -66505
16 1 16 5 -76989
6 -9 5 -9 -71527
15 0 19 2 -82085
-15 17 -23 10 -83639
15 -24 8 -16 -75111
19 13 16 11 -67997
-13 3 -12 3 -79543
5 -12 5 -10 -64997
0 -16 -4 -15 -76525
-20 2 -23 3 -70863
-19 4 -24 1 -75845
-19 -18 -15 -24 -61957
14 24 14 -9 -87411
6 -13 7 -14 -79103
-2 -17 -6 -13 -81785
11 -5 11 -4 -64559
-7 -21 -8 -14 -81361
16 9 13 10 -75485
18 -20 14 -13 -79253
-8 8 -10 6 -77489
-7 -19 -5 -24 -67433
5 -10 3 -11 -70775
5 -8 3 -4 -85737
16 -11 -22 -24 -75841
12 -21 7 -22 -61351
-8 2 -9 8 -82379
16 -19 11 -10 -83049
0 -2 2 -24 -83511
23 -7 -24 3 -85893
-7 19 -13 19 -74061
-11 -22 -21 -21 -67189
1 -1 -1 -1 -74819
-10 -11 -7 -8 -77873
5 -22 0 -19 -74019
12 0 11 -5 -79719
-24 17 -22 -12 -77771
-7 21 -4 15 -81601
-2 1 24 24 -77423
-17 -9 -18 -3 -82699
-6 -2 -6 -1 -71391
24 -14 20 -16 -36797
-20 15 -21 4 -83893
-9 22 4 21 -81297
-6 0 -3 -2 -70643
19 -8 23 12 -90549
8 2 8 -2 -68015
-1 -13 2 -16 -77531
11 16 9 15 -79789
-22 -9 -24 -13 -60829
10 -21 2 -24 -71685
-8 -15 -8 -23 -79689
22 -2 18 -1 -77905
-13 -9 -15 -18 -82489
10 8 12 4 -75341
-9 3 -8 24 -88341
-10 17 22 20 -83415
-22 0 -17 -2 -81709
16 -11 12 -12 -72191
19 7 21 11 -67393
-4 12 -1 12 -72957
-24 4 -21 3 -53067
11 17 23 19 -75989
20 2 19 3 -74537
-22 -2 -24 -12 -75893
14 4 13 3 -76449
-2 -11 -7 -14 -81211
-10 10 -11 2 -85213
0 13 0 16 -65749
0 -2 -1 -4 -77417
-4 2 -4 -1 -82987
21 24 12 16 -74303
-2 15 -1 4 -100019
-9 -17 -7 -24 -79951
10 -15 13 -9 -80545
16 -1 12 -2 -78381
21 -23 17 -9 -86945
7 12 10 9 -81641
-15 10 -10 14 -86781
-22 -24 -20 -21 -13977
-19 22 -16 16 -67635
2 -15 1 -19 -70955
22 17 20 13 -49661
12 12 13 15 -73739
23 0 18 -1 -79709
2 17 0 20 -77663
15 -13 6 -24 -79703
4 4 7 4 -77179
-12 17 -18 24 -64673
-11 0 -15 -5 -77645
-15 -6 -17 -8 -76137
-3 10 -4 12 -89139
2 -18 7 -23 -70043
-8 -1 -7 -6 -76957
-8 23 -11 18 -83183
-14 2 -12 7 -81897
-2 -14 -1 -14 -71991
13 -10 14 -12 -64447
-8 9 -5 10 -67697
-24 7 -18 9 -66665
-10 -8 -10 -7 -68639
8 -16 6 -14 -83185
-24 -19 5 -23 -74083
2 -11 7 -14 -86157
18 -11 13 -14 -79405
-20 22 14 18 -79469
8 12 9 6 -76829
-9 24 -13 19 -77093
-13 14 -17 15 -81909
5 6 6 4 -76881
10 13 14 7 -83967
24 -3 23 23 -72007
-16 -15 -10 -20 -79041
-17 -18 -17 -12 -68501
23 5 17 11 -78927
12 17 12 12 -74747
-2 -2 1 -4 -82141
-7 -17 -5 -14 -76393
-24 2 -17 3 -83909
-20 23 -19 23 -44545
-12 -8 -14 -7 -73873
-2 -2 0 -6 -84337
10 -7 10 -9 -63847
8 18 12 18 -75563
-20 -11 -21 -18 -73465
-21 22 -10 18 -82309
-18 1 -18 2 -74149
0 13 2 14 -69613
-11 -23 -11 -21 -48861
-21 -7 -16 -3 -77205
15 -7 20 -9 -76039
-7 10 -10 12 -75525
-13 -22 -6 -24 -66071
6 -1 6 -2 -68869
18 -2 17 -5 -82239
-6 8 -2 12 -73003
4 -3 4 -1 -75907
-19 -10 -13 -8 -86119
-10 9 -9 14 -76399
-8 17 -6 16 -71941
-8 17 -8 18 -72151
-7 -8 -8 -3 -77471
8 15 8 14 -63027
-15 -23 -22 -15 -65631
-13 18 -11 14 -78295
5 -3 4 -4 -70881
5 -16 1 -20 -79561
23 -10 18 -9 -68631
10 -23 13 -11 -78305
-21 2 -16 1 -85931
-21 12 -20 10 -70831
-13 -10 -19 -11 -84157
6 -12 12 -13 -76279
15 4 6 8 -86257
15 9 16 9 -70429
-2 -16 4 -18 -81865
12 14 8 13 -82029
23 10 16 17 -71487
21 7 17 10 -71259
15 -15 13 -7 -76703
1 -7 -1 -8 -71425
-5 10 -8 15 -83121
-16 -6 -22 -4 -75335
-5 20 1 18 -79881
-1 15 -4 17 -78681
13 -8 18 -7 -79349
-15 20 -10 23 -76759
10 23 7 16 -68731
22 -22 24 -1 -77069
20 -11 19 -1 -76487
4 20 7 17 -72361
-6 23 -15 21 -74687
16 12 -24 8 -87169
-12 -14 -7 -18 -76753
-14 -10 -14 -12 -68529
4 -4 1 -4 -75963
11 -19 1 -24 -82305
-6 -10 -5 -7 -77867
-20 23 -22 -5 -75703
-22 4 -24 -11 -73585
2 4 0 3 -72749
12 -14 15 -7 -83427
24 -13 22 -10 -49429
0 23 -3 23 -63115
19 0 24 -4 -65455
-22 3 -20 -3 -74201
-24 10 5 8 -85417
17 -24 12 -19 -60533
3 -2 2 -7 -83735
-14 13 -13 13 -76425
19 -21 19 -17 -50805
6 21 16 24 -63555
24 -20 12 -12 -82687
-3 -14 -7 -12 -79635
-19 2 -18 -5 -69191
-24 -3 -23 3 -53967
-2 2 -7 1 -71613
-22 11 -23 -1 -79093
2 1 3 0 -72383
-18 20 -14 24 -60393
18 0 23 8 -93511
