24 -22 23 -9 -58804
-22 -7 -23 -10 -69532
-7 -23 -3 -16 -79204
-2 18 -14 24 -79782
4 5 5 10 -73242
8 21 12 18 -68114
22 9 18 24 -80044
-24 -7 -24 -11 -58314
8 22 0 20 -82090
3 -11 0 -9 -75868
-18 12 -14 12 -82392
6 3 6 5 -70456
-3 6 -3 4 -58668
9 20 18 20 -77592
7 14 8 12 -73568
2 -8 1 -10 -72302
23 -18 23 8 -76884
15 5 16 8 -76906
23 -1 22 -2 -48014
-10 23 -6 14 -86310
-8 17 -10 11 -75632
2 21 0 17 -67136
-5 -11 -8 -10 -78592
10 -20 24 -17 -74450
24 -10 20 -7 -60364
-14 -10 -12 -9 -69890
23 -7 20 -1 -81582
24 4 21 17 -68042
5 -18 3 -23 -64348
-4 0 -1 0 -69354
1 -12 2 -12 -72952
24 9 18 3 -68176
-15 -6 24 -24 -72498
-15 -18 -10 -13 -85352
-20 4 -24 0 -78860
14 -24 9 -20 -57656
-3 -10 -5 -16 -77654
5 8 0 12 -78220
15 17 15 15 -78166
-24 12 -24 5 -62544
-9 14 -10 16 -71382
-9 -21 -13 -23 -62948
-24 -24 7 0 -82992
0 12 0 8 -79130
-4 -23 -5 -17 -80008
-16 -7 -16 -12 -70412
18 16 14 21 -64976
-2 3 0 13 -81520
20 14 17 18 -81006
16 -2 12 0 -73980
-17 -7 -18 -6 -75464
8 -18 7 -14 -76518
-7 -19 -4 -20 -74232
14 -24 6 -17 -74618
22 -17 17 -23 -74710
-11 -5 -12 -10 -74038
1 -21 6 -22 -67432
21 6 24 15 -56874
8 24 -16 21 -78740
20 7 19 24 -79830
19 6 15 5 -74418
-21 16 -16 19 -75724
9 13 10 9 -71924
9 12 5 12 -70158
16 5 17 3 -63672
-9 -20 -9 -24 -59494
5 17 5 20 -78658
-10 1 -11 0 -73626
21 -10 21 -19 -72914
18 23 17 20 -37238
-1 -6 -5 -6 -72776
13 -1 14 0 -76474
-13 -4 -10 0 -79390
11 12 16 11 -76602
-24 -8 -6 -15 -91270
-21 -22 -17 -12 -80926
-7 1 -7 0 -71312
19 4 22 -1 -77172
-16 13 -22 8 -72682
8 20 4 18 -74200
17 -20 7 -18 -72014
15 -2 16 -8 -71472
23 6 22 6 -41842
23 21 22 0 -80236
-15 2 -16 6 -68608
16 -8 21 -7 -72936
3 10 3 12 -72658
0 -22 -2 -21 -60226
4 -2 6 -1 -66642
-5 22 4 24 -74616
-5 24 19 15 -78474
9 -7 10 -4 -75520
-2 -23 0 -12 -82978
3 12 2 16 -74090
-17 15 -24 19 -74800
-16 5 -13 5 -75676
11 7 11 4 -69136
13 -5 11 -8 -76960
-19 -5 -24 -6 -51854
-22 4 -18 0 -76076
-21 -20 -23 -9 -72602
17 1 24 3 -74560
24 21 18 12 -64162
24 -1 19 -20 -81580
-1 -12 0 -17 -83428
-22 -14 22 -8 -81634
-9 2 -11 6 -73692
-21 12 -20 10 -67138
1 -15 2 -13 -85730
23 3 21 5 -60074
-11 10 -14 8 -82444
-3 -9 -24 -11 -87072
-12 0 -8 0 -78698
-5 8 -6 12 -79066
-22 -22 -21 -6 -84992
-6 -23 -14 -18 -86684
-8 1 -9 -3 -77672
21 7 -24 -2 -82212
19 -3 19 -5 -64920
-7 19 -6 20 -79118
-12 23 -14 14 -83258
4 21 1 19 -75556
6 5 6 1 -70074
-3 20 -21 23 -82118
-5 3 -5 1 -66800
1 17 2 16 -79192
-18 18 -15 16 -74522
15 23 14 -9 -91544
-2 21 -16 7 -100670
-16 0 -18 -1 -71950
-5 18 -6 15 -76276
5 -1 4 0 -72082
5 10 4 10 -63512
-6 -14 -9 -16 -81210
1 -15 0 -10 -81188
-9 -16 -9 -14 -65486
-17 -22 0 -24 -83748
-21 0 -21 5 -75704
6 19 6 17 -76422
24 -2 24 -8 -56164
-8 4 -9 0 -74080
-20 12 -17 23 -80726
0 12 0 10 -79954
-22 11 -22 8 -60136
1 -14 2 -12 -82492
23 -15 22 19 -83662
-14 20 -15 18 -70714
10 17 13 21 -73680
16 -24 13 -22 -46930
-9 -18 -7 -16 -77170
-21 -14 -19 -12 -66910
7 -15 11 -23 -77720
-10 17 -13 13 -78176
-8 -4 -9 -5 -70976
5 -22 10 -21 -67004
0 5 2 5 -72040
-21 2 -20 3 -80090
-22 -13 -24 -12 -37958
0 22 4 20 -68628
21 -22 12 -24 -54366
-9 -23 7 -21 -76996
8 -8 9 -9 -69072
-1 15 -1 10 -78682
14 -20 9 -24 -54594
24 -17 17 -24 -67564
-9 2 -12 -24 -86362
-6 19 -5 22 -69052
-11 -6 -12 -3 -77342
-11 -23 -14 0 -92124
-14 -5 -16 -3 -83092
6 -12 7 -8 -82546
-21 6 -23 -21 -81316
-12 -16 -17 -19 -81022
22 -5 19 -24 -84798
-3 -11 -4 -7 -74654
-1 23 -7 21 -65840
23 7 22 -6 -72594
-16 -11 -18 -8 -80252
24 -11 23 4 -78500
-18 22 -13 24 -61224
-6 -14 -6 -10 -68540
-15 -22 -8 -17 -86658
22 -14 17 -23 -81446
20 -8 24 -17 -71310
-1 -19 -12 -12 -103612
7 -15 8 -17 -77004
-9 -8 -11 -8 -66822
7 -16 6 -9 -79506
-18 12 -15 9 -75630
3 23 -2 22 -72012
0 14 5 15 -72882
-19 -7 -19 -4 -59936
-24 22 3 20 -77042
9 5 8 10 -70726
16 0 18 -2 -74074
-22 -8 -24 -16 -70032
-16 0 -16 -5 -74838
-11 2 -8 0 -78846
-23 -15 -24 -14 -41548
-19 -2 -18 2 -81652
-3 -23 23 -22 -63688
-17 -14 -19 -9 -78400
-1 7 -2 8 -69166
0 1 0 2 -52474
0 0 0 -2 -69946
17 -15 23 -20 -59554
11 -1 11 3 -70770
12 -8 8 -8 -69888
-22 11 -21 3 -76764
-17 14 -22 16 -74728
21 -7 20 -7 -63842
-9 3 -8 4 -73196
9 -21 5 -17 -78672
10 15 7 9 -78606
6 -17 2 -17 -72056
20 -13 20 -6 -63808
6 -20 6 -17 -66394
6 4 9 5 -76348
-1 5 1 7 -72062
8 -4 7 -1 -72950
-10 14 -15 12 -84684
9 22 9 13 -80988
13 16 18 24 -70056
-1 -9 -6 -8 -77904
-23 -15 -1 -18 -90830
8 0 14 -2 -71198
-18 -18 -16 -22 -61336
21 13 18 17 -78440
23 15 22 -1 -73998
18 -5 14 -9 -74992
-10 -15 -14 -15 -79256
-15 -19 -19 -21 -70456
-23 3 -20 10 -77498
17 -16 12 -19 -64804
-13 4 -16 2 -77072
-3 -4 -3 -5 -63944
10 8 12 11 -71020
-7 -21 -19 -21 -83866
-5 -10 -5 -9 -69202
-13 -23 10 -19 -80126
-19 9 -24 14 -67642
15 21 11 23 -56230
-16 -1 -14 -2 -76086
17 8 23 7 -68728
-17 -16 -23 -22 -65264
-16 8 -18 8 -69504
17 15 17 11 -68564
4 11 7 15 -72058
-3 11 -15 16 -91406
17 11 16 11 -73866
-20 9 -23 22 -68412
-15 4 -16 0 -74284
-1 21 17 24 -78596
10 -6 11 -5 -76460
10 0 12 6 -80408
-6 19 -3 19 -71152
-15 4 -16 -24 -87304
3 4 0 6 -67798
-7 24 -2 15 -81466
12 15 17 19 -79998
-1 -12 0 -11 -74428
9 -11 9 -9 -68730
9 22 23 22 -68226
-12 -1 -15 -1 -81506
-11 -1 -12 0 -78814
11 -13 7 -17 -68094
0 -16 1 -14 -79816
22 23 21 22 -16236
-5 16 -3 19 -78498
-18 5 -17 8 -66314
23 16 10 23 -75312
19 -19 15 -23 -56688
-14 13 -13 5 -72874
12 9 4 7 -81552
8 -4 9 -5 -67012
-9 19 -4 24 -75748
0 -19 -5 -23 -62730
-15 19 -24 22 -68958
15 12 12 6 -80934
15 -17 14 24 -86376
17 0 18 3 -67896
-13 -10 -11 -15 -66196
0 -18 2 -22 -72076
19 18 20 18 -53680
15 19 19 20 -64394
-9 -2 -7 -3 -71412
8 -2 13 1 -80802
-5 -8 -6 -7 -70340
-15 12 -14 16 -68102
-10 -10 -12 -14 -74296
-21 20 -23 22 -36320
20 -12 18 -14 -65328
2 1 -2 0 -81776
0 8 -2 8 -70172
-12 -15 -20 -23 -91648
-18 14 -24 23 -73022
-24 11 -24 2 -70220
8 -23 10 -19 -53904
2 23 8 23 -61662
4 22 4 18 -61836
-12 13 -13 20 -79446
-7 5 -5 7 -69892
2 -1 -1 -3 -80312
1 -10 0 -8 -67346
-17 -13 -22 -11 -73330
-15 6 -16 8 -67314
-6 6 -9 8 -76460
-22 -8 -22 -7 -61356
15 -3 14 -1 -72200
-15 -18 -16 -24 -62370
18 -18 19 -15 -65204
17 6 17 9 -66844
16 1 16 5 -68712
6 -9 5 -9 -64966
15 0 19 2 -72402
-15 17 -23 10 -76404
-16 -24 -14 -16 -75028
19 13 16 11 -70434
-13 3 -12 3 -77472
5 -12 5 -10 -74164
0 -16 -4 -15 -81786
-20 2 -23 3 -63550
-19 4 -24 1 -79106
-19 -18 -15 -24 -64280
14 16 14 15 -80684
6 -13 7 -14 -69884
-2 -17 -6 -13 -88994
11 -5 11 -4 -67614
-7 -21 -8 -14 -83874
16 9 13 10 -75152
18 -20 14 -13 -75612
-8 8 -10 6 -78018
-7 -19 -5 -24 -73444
5 -10 3 -11 -69890
-18 9 -18 15 -61250
16 -11 -22 -24 -78440
12 -21 7 -22 -64532
15 16 21 22 -72100
16 -19 11 -10 -80280
0 -2 2 -24 -78144
23 -7 -24 3 -79302
-7 19 -13 19 -77020
-11 -22 -21 -21 -70196
1 -1 -1 -1 -76936
-12 7 -11 9 -79122
5 -22 0 -19 -77314
12 0 11 -5 -80262
-24 17 -22 -12 -72054
-16 21 -20 15 -83236
-2 1 24 24 -75642
-17 23 -20 14 -78784
-6 -2 -6 -1 -69620
24 -14 20 -16 -40300
2 -1 1 1 -73700
-11 -15 -9 -14 -81024
-6 0 -3 -2 -69704
19 -8 23 12 -84216
8 2 8 -2 -69236
-1 -13 2 -16 -82442
11 16 9 15 -79122
-22 -9 -24 -13 -62230
10 -21 2 -24 -66146
-8 -15 -8 -23 -83208
22 -2 18 -1 -76556
18 -8 20 -13 -71604
10 8 12 4 -70750
-9 8 -8 4 -74598
-13 -6 -14 -1 -80844
-22 0 -17 -2 -69474
16 -11 12 -12 -65690
19 7 21 11 -62704
-4 12 -1 12 -75668
-24 4 -21 3 -50358
16 -8 17 -24 -80544
20 2 19 3 -71770
-22 -2 -24 -12 -73540
14 4 13 3 -72126
-23 -19 -16 -16 -71220
-10 10 -11 2 -79960
0 13 0 16 -66450
0 -2 -1 -4 -71622
-4 2 -4 -1 -71674
16 24 5 18 -84512
0 -23 -5 -18 -81496
-9 -17 -7 -24 -84530
6 -8 5 -10 -77258
16 -1 12 -2 -73006
12 3 6 2 -78380
7 12 10 9 -79052
-17 -19 -23 -14 -64098
-22 -24 -20 -21 -17566
-19 22 -16 16 -71852
2 -15 1 -19 -75612
22 17 20 13 -58846
12 12 13 15 -80718
23 0 18 -1 -74032
2 17 0 20 -76630
15 -13 6 -24 -81262
4 4 7 4 -73662
-12 17 -18 24 -68280
-15 23 -11 22 -57570
-15 -6 -17 -8 -66950
-3 10 -4 12 -77606
2 -18 7 -23 -77002
-8 -1 -7 -6 -78044
-8 23 -11 18 -83078
3 3 -23 -20 -91340
-2 -14 -1 -14 -73402
13 -10 14 -12 -64942
-8 9 -5 10 -66844
-24 7 -18 9 -59722
-10 -8 -10 -7 -65476
16 -18 23 -22 -49768
-24 -19 5 -23 -81950
-1 15 1 14 -75724
18 -11 13 -14 -75086
-20 22 14 18 -80820
0 -10 1 -1 -81256
-9 24 -13 19 -79206
-13 14 -17 15 -81774
5 6 6 4 -69186
-4 -9 -10 -11 -80622
24 -3 23 23 -76412
-16 -15 -10 -20 -78748
-17 -18 -17 -12 -64164
-14 -6 -12 -4 -73014
12 17 12 12 -85260
23 -8 21 1 -82378
-7 -17 -5 -14 -76568
-24 24 -17 0 -81048
-20 23 -19 23 -47028
-12 -8 -14 -7 -73998
-4 21 -4 24 -34146
10 -7 10 -9 -64234
8 18 12 18 -75748
-20 -11 -21 -18 -74442
-1 12 -3 11 -75150
-18 1 -18 2 -75878
0 13 2 14 -67330
-11 -23 -11 -21 -54066
-21 -7 -16 -3 -73184
15 -7 20 -9 -75324
-7 10 -10 12 -72764
-13 -22 -6 -24 -68600
6 -1 6 -2 -70254
13 -3 14 2 -79270
-6 8 -2 12 -75324
4 -3 4 -1 -73780
15 14 14 15 -72732
-10 9 -9 14 -69182
-8 17 -6 16 -72372
-8 17 -8 18 -70302
-7 -8 -8 -3 -76830
8 15 8 14 -68788
-15 -23 -22 -15 -70572
-13 18 -11 14 -79002
5 -3 4 -4 -71426
5 -16 1 -20 -78240
23 -10 18 -9 -68274
10 -23 13 -11 -76714
6 -6 10 -5 -70758
-8 24 -6 18 -61706
-13 -10 -19 -11 -73204
6 -12 12 -13 -71802
1 -21 0 -23 -43488
15 9 16 9 -75300
-2 -16 4 -18 -81936
12 14 8 13 -78026
23 10 16 17 -82550
21 7 17 10 -67750
15 -15 13 -7 -75744
1 -7 -1 -8 -71042
17 10 16 5 -79378
-16 -6 -22 -4 -74436
-5 20 1 18 -79624
-1 15 -4 17 -76940
14 -13 18 -7 -79800
-15 20 -10 23 -78528
10 23 7 16 -74098
22 -22 24 -1 -77766
20 -11 19 -1 -81154
4 20 7 17 -69642
-6 23 -15 21 -80404
16 12 -24 8 -83208
-12 -14 -7 -18 -82732
-14 -10 -14 -12 -62592
4 -4 1 -4 -72290
-11 -21 1 -24 -80026
-6 -10 -5 -7 -74896
-20 23 -22 -5 -75038
-22 4 -24 -11 -71020
2 4 0 3 -68846
-9 12 -8 8 -74360
24 -13 22 -10 -49274
0 23 -3 23 -59828
19 0 24 -4 -72476
-22 3 -20 -3 -72122
-24 10 5 8 -84170
17 -24 12 -19 -60536
3 -2 2 -7 -74864
-14 13 -13 13 -79366
19 -21 19 -17 -50754
6 21 16 24 -72828
24 -20 12 -12 -79664
-3 -14 -7 -12 -82606
-19 2 -18 -5 -75692
-24 -3 -23 3 -56628
-2 2 -7 1 -74236
-22 11 -23 -1 -84998
2 1 3 0 -73804
-18 20 -14 24 -60154
21 22 -19 16 -78574
