24 -22 23 -9 -61419
-22 -7 -23 -10 -69695
21 -7 24 -24 -66783
-2 18 -14 24 -80711
-1 5 -1 9 -80819
8 21 12 18 -71995
22 -14 18 -16 -75623
-24 -7 -24 -11 -63715
8 13 9 13 -70947
3 -11 0 -9 -76865
-21 16 -18 13 -74767
6 3 6 5 -77479
-3 6 -3 4 -78135
9 20 18 20 -73555
7 14 8 12 -71849
2 -8 1 -10 -66935
23 -18 23 8 -73447
15 5 16 8 -69805
23 -1 22 -2 -52285
-10 23 -6 14 -84073
-8 17 -10 11 -75991
2 21 0 17 -73637
-5 -11 -8 -10 -72725
-9 -2 -11 -4 -67793
24 -10 20 -7 -61647
-14 -10 -12 -9 -69679
0 1 1 3 -72917
24 4 21 17 -72563
5 -18 3 -23 -67573
-16 7 -14 6 -64565
1 -12 2 -12 -73063
-15 -12 -17 -15 -70689
-15 -6 24 -24 -78239
4 19 -23 20 -75787
-20 4 -24 0 -70201
14 -24 9 -20 -55213
-3 -10 -5 -16 -73821
-16 -1 -16 -3 -66131
15 17 15 15 -78555
-24 12 -24 5 -53387
-9 14 -10 16 -76737
-9 -21 -13 -23 -62107
-24 -24 7 0 -73675
0 12 0 8 -65815
-4 -23 -5 -17 -73305
-16 -7 -16 -12 -75095
18 16 14 21 -68161
24 12 24 5 -56745
21 -1 24 -3 -63353
16 -2 12 0 -79043
-17 -7 -18 -6 -74869
8 -14 5 -18 -71031
-7 -19 -4 -20 -65215
-10 -12 -9 -8 -71175
22 -17 17 -23 -72707
-11 -5 -12 -10 -74325
1 -21 6 -22 -64447
21 6 24 15 -72889
8 24 -16 21 -74545
20 7 19 24 -80237
19 6 15 5 -71911
-21 16 -16 19 -66545
9 13 10 9 -65459
9 12 5 12 -71825
16 5 17 3 -70717
-9 -20 -9 -24 -56361
5 19 5 16 -70415
-10 1 -11 0 -70351
21 14 21 12 -64409
18 23 17 20 -39499
-1 -6 -5 -6 -72337
-13 -19 -14 -14 -63953
4 -4 2 -3 -76545
24 3 20 24 -79927
17 -19 14 -17 -66919
-21 -22 -17 -12 -79015
-7 1 -7 0 -71939
6 7 13 7 -76975
-16 13 -22 8 -78227
8 20 4 18 -72239
-4 2 -1 20 -89981
15 -2 16 -8 -71601
23 6 22 6 -46903
20 -19 23 -16 -64951
-20 -15 -24 3 -82515
4 3 5 -2 -80327
3 10 3 12 -65737
0 -22 -2 -21 -58545
4 -2 6 -1 -66805
-8 -7 -10 -4 -79243
22 -15 18 -12 -72073
11 -15 14 -18 -70827
6 7 6 5 -75381
3 12 2 16 -70617
-17 15 -24 19 -75125
-10 5 -13 4 -76747
11 7 11 4 -70661
13 -5 11 -8 -74881
-19 -5 -24 -6 -55249
16 -10 15 -7 -74521
-21 -20 -23 -9 -66975
24 1 24 3 -61271
24 21 18 12 -68607
21 1 24 3 -58611
18 -10 16 -17 -79863
22 -2 21 0 -68783
-9 2 -11 6 -74027
-21 12 -20 10 -65647
-2 23 -3 20 -63693
23 3 21 5 -69829
-5 5 -3 12 -75351
-3 -9 -24 -11 -76913
3 20 3 23 -54453
9 3 7 0 -74267
13 16 11 17 -70051
-4 13 -2 16 -77633
22 16 17 24 -60519
21 -3 -24 -23 -80629
19 -3 19 -5 -57799
-7 19 -6 20 -72745
-12 23 -14 14 -76615
4 21 1 19 -72507
6 5 6 1 -79331
-21 3 -18 2 -74591
-5 3 -5 1 -74143
0 -15 -1 -16 -72365
-19 6 -20 2 -68951
-16 -2 -16 -4 -65789
-1 19 -19 24 -77623
-16 0 -18 -1 -65411
-5 18 -6 15 -73795
5 -1 4 0 -74793
5 10 4 10 -60169
-6 -14 -9 -16 -73833
1 -15 0 -10 -72975
-9 -16 -9 -14 -64957
-17 -22 0 -24 -75669
-21 0 -21 5 -69377
3 -14 1 -11 -72293
24 -2 24 -8 -45595
-8 4 -9 0 -76595
18 -3 20 -2 -64717
0 -5 -1 -3 -69797
-22 11 -22 8 -56363
1 -14 2 -12 -72609
-10 -3 -12 6 -80015
-14 20 -15 18 -65533
10 17 13 21 -71055
16 -24 13 -22 -47977
-9 -18 -7 -16 -68449
-21 -14 -19 -12 -67627
-21 4 -22 6 -55667
-10 17 -13 13 -73155
-8 20 -20 4 -92347
5 -22 10 -21 -73065
0 5 2 5 -69359
-21 2 -20 3 -71585
-22 -13 -24 -12 -43729
0 22 4 20 -73905
21 -22 12 -24 -54537
-9 -23 7 -21 -66435
8 -8 9 -9 -72829
16 -10 17 -13 -72365
14 -20 9 -24 -63351
24 -17 17 -24 -67773
-8 -18 -14 -23 -72901
-6 19 -5 22 -69867
-11 -6 -12 -3 -68307
22 -14 22 -9 -63317
10 -1 9 -4 -73401
-13 7 -13 4 -62067
-21 6 -23 -21 -78157
-12 -16 -17 -19 -72189
-14 -20 -6 -21 -74645
-3 8 -4 8 -66061
-1 23 -7 21 -69051
23 7 22 -6 -77429
-16 -11 -18 -8 -79165
24 -11 23 4 -67597
-18 22 -13 24 -50659
-6 -14 -6 -10 -70883
0 -8 -5 -5 -75555
8 -22 12 -21 -76451
15 -6 18 -5 -71345
17 -7 16 -11 -73801
-11 19 -10 -9 -84051
-9 -8 -11 -8 -65305
-21 6 -18 12 -74485
-18 12 -15 9 -66049
3 23 -2 22 -70935
0 14 5 15 -70049
-19 -7 -19 -4 -68489
9 24 8 23 -36549
9 5 8 10 -74029
16 0 18 -2 -72511
-22 -8 -24 -16 -66807
-5 3 0 5 -69033
-15 -3 -18 0 -77901
-23 -15 -24 -14 -42751
-12 -5 -11 -24 -77287
-3 -23 23 -22 -72645
-17 -14 -19 -9 -79165
9 -8 13 -9 -79903
0 1 0 2 -71083
0 0 0 -2 -75333
17 -15 23 -20 -62227
11 -1 11 3 -71205
12 -8 8 -8 -79219
-22 -6 -21 -11 -79117
-17 14 -22 16 -77763
21 -7 20 -7 -65577
-9 3 -8 4 -70129
9 -21 5 -17 -75989
-17 11 -16 20 -76203
6 -17 2 -17 -67381
20 -13 20 -6 -70071
6 -20 6 -17 -71715
3 -17 2 -19 -74189
-1 5 1 7 -74525
8 -4 7 -1 -74447
22 0 24 10 -72527
10 -20 15 -17 -68273
13 16 18 24 -71269
-4 -19 -5 -23 -58987
10 -19 9 -15 -66797
8 0 14 -2 -76473
-18 -18 -16 -22 -60953
21 13 18 17 -75061
22 14 17 16 -71653
18 -5 14 -9 -79937
-10 -15 -14 -15 -71137
-15 -19 -19 -21 -66645
-23 23 -20 20 -49777
17 -16 12 -19 -69581
-13 4 -16 2 -69971
-3 -4 -3 -5 -68167
10 8 12 11 -63739
-7 -21 -19 -21 -77747
-5 -10 -5 -9 -64675
-1 -8 -1 -11 -69149
-19 9 -24 14 -69499
15 21 11 23 -53823
-16 -1 -14 -2 -70639
17 8 23 7 -68215
-17 -16 -23 -22 -72291
-16 8 -18 8 -66681
17 15 17 11 -73289
12 -24 4 -18 -71863
16 5 12 4 -74425
17 11 16 11 -72313
-20 9 -23 22 -69125
-15 4 -16 0 -69841
-2 -2 24 -23 -78097
10 -6 11 -5 -73429
19 3 21 5 -71827
22 4 21 7 -67897
24 -5 20 -24 -78741
3 4 0 6 -72421
-2 13 -2 16 -73575
10 0 8 3 -71547
-1 -12 0 -11 -76309
9 -11 9 -9 -58035
9 22 23 22 -63469
4 24 8 17 -76647
-1 8 -2 9 -67325
11 -13 7 -17 -66993
0 -16 1 -14 -73775
22 23 21 22 -15115
0 24 11 24 -72225
-18 5 -17 8 -67167
-20 22 -21 20 -43839
19 -19 15 -23 -56935
0 0 -13 8 -94371
9 4 10 4 -63359
8 -4 9 -5 -67499
-9 19 -4 24 -75135
0 -19 -5 -23 -56225
-15 19 -24 22 -67773
-7 -10 -6 -12 -73287
15 -17 14 24 -80365
17 0 18 3 -66931
-13 -10 -11 -15 -70481
0 -18 2 -22 -69623
19 18 20 18 -58493
15 19 19 20 -63825
-9 -2 -7 -3 -68669
8 -2 13 1 -77525
-5 -8 -6 -7 -69897
-15 12 -14 16 -68807
3 24 -5 23 -73307
-21 20 -23 22 -47143
20 -12 18 -14 -74061
21 4 22 7 -69945
23 16 -2 15 -76363
-7 -14 -3 -15 -73125
9 14 9 16 -75977
-24 11 -24 2 -53459
8 -23 10 -19 -60965
2 23 8 23 -71405
-19 22 -18 18 -61057
6 17 7 24 -66401
-7 5 -5 7 -65909
2 -1 -1 -3 -68391
1 -10 0 -8 -69517
-17 -13 -22 -11 -74395
-15 6 -16 8 -60893
-6 6 -9 8 -74913
-22 -8 -22 -7 -71665
15 -3 14 -1 -71581
-15 -18 -16 -24 -59001
18 -18 19 -15 -68585
17 6 17 9 -60993
16 1 16 5 -70799
6 -9 5 -9 -64887
-21 1 -22 -2 -67425
22 -3 -4 -5 -89419
-16 -24 -14 -16 -70369
19 13 16 11 -71627
-13 3 -12 3 -69115
5 -12 5 -10 -59261
-6 0 -7 -1 -75181
-20 2 -23 3 -67859
12 4 12 14 -75359
-19 -18 -15 -24 -62699
14 16 14 15 -78767
6 -13 7 -14 -60293
-24 10 -4 8 -76441
11 -5 11 -4 -61499
-6 -21 -8 -14 -79763
16 9 13 10 -75331
24 0 23 4 -68209
1 4 2 4 -68583
-7 -19 -5 -24 -71205
5 -10 3 -11 -65967
-18 9 -18 15 -63083
19 -16 16 -18 -72983
12 -21 7 -22 -78757
15 16 21 22 -72053
15 -21 14 -17 -59455
0 -2 2 -24 -75403
23 -7 -24 3 -79549
-7 19 -13 19 -74007
-11 -22 -21 -21 -65661
-20 -1 -23 -7 -68893
-12 7 -11 9 -60189
5 -22 0 -19 -73799
5 8 7 10 -66579
-24 17 -22 -12 -70615
14 13 9 13 -75883
0 4 0 5 -75039
-17 23 -20 14 -70177
-6 -2 -6 -1 -67709
24 -14 20 -16 -54755
2 -1 1 1 -73879
-11 -15 -9 -14 -71105
-6 0 -3 -2 -69325
22 11 24 13 -51169
8 2 8 -2 -76901
-1 -13 2 -16 -71339
11 16 9 15 -73457
-22 -9 -24 -13 -59719
10 -21 2 -24 -67499
-24 -22 24 19 -75693
4 13 7 17 -73867
-7 12 -9 17 -81619
10 8 12 4 -75305
-9 8 -8 4 -71101
-21 -13 19 -4 -88087
-22 0 -17 -2 -77381
16 -11 12 -12 -71731
19 7 21 11 -66657
-4 12 -1 12 -72449
-24 4 -21 3 -53403
-8 -4 -10 -5 -67611
20 2 19 3 -72495
10 15 8 24 -72717
14 4 13 3 -70617
-23 -19 -16 -16 -75791
-18 -16 -23 -20 -70859
0 13 0 16 -72177
0 -2 -1 -4 -70609
-4 2 -4 -1 -76623
-10 18 -7 18 -73543
0 -23 -5 -18 -75959
-9 -17 -7 -24 -76585
1 24 9 21 -78319
16 -1 12 -2 -74287
23 -23 -16 -22 -73023
11 -5 14 -10 -78829
-17 -19 -23 -14 -63013
-22 -24 -20 -21 -19969
-19 22 -16 16 -75735
2 -15 1 -19 -72661
22 17 20 13 -68443
12 12 13 15 -70571
23 0 18 -1 -69493
2 17 0 20 -74331
-22 -8 -22 -3 -68271
-22 12 -18 16 -62225
-12 17 -18 24 -69157
-15 23 -11 22 -51497
-15 -6 -17 -8 -69261
-3 10 -4 12 -64091
2 -18 7 -23 -75347
-8 -1 -7 -6 -76175
16 17 18 15 -76491
-9 6 -12 6 -72579
-2 -14 -1 -14 -69687
13 -10 14 -12 -75449
-8 9 -5 10 -65503
-24 7 -18 9 -62749
-10 -8 -10 -7 -66405
16 -18 23 -22 -54355
-24 -19 5 -23 -72689
-1 15 1 14 -67793
18 -11 13 -14 -78591
-17 0 -24 0 -76225
23 20 24 19 -31497
-9 24 -13 19 -62131
-13 14 -17 15 -65555
5 6 6 4 -75055
0 -12 -1 -12 -75839
24 -3 23 23 -72901
-16 -15 -10 -20 -75179
-17 -18 -17 -12 -65733
-14 -6 -12 -4 -65563
-23 19 -23 14 -39639
0 24 0 17 -69551
-7 -17 -5 -14 -69343
14 -18 12 -10 -75257
-20 23 -19 23 -46783
-12 -8 -14 -7 -66937
-4 21 -4 24 -44971
10 -7 10 -9 -61627
8 18 12 18 -75201
-20 -11 -21 -18 -71199
-1 12 -3 11 -72147
-18 1 -18 2 -66211
0 13 2 14 -67889
-11 -23 -11 -21 -50737
-13 4 23 3 -84089
15 -7 20 -9 -76709
-7 10 -10 12 -71651
-13 -22 -6 -24 -65711
6 -1 6 -2 -70597
13 -3 14 2 -70013
1 24 2 -18 -83955
2 20 -4 22 -74155
15 14 14 15 -72953
-10 9 -9 14 -63959
-8 17 -6 16 -74127
-8 17 -8 18 -65041
-7 -8 -8 -3 -77937
8 15 8 14 -72815
-15 -23 -22 -15 -67397
-13 18 -11 14 -73585
5 -3 4 -4 -67273
22 -8 23 -7 -44669
23 -10 18 -9 -71551
10 -23 13 -11 -74617
6 -6 10 -5 -72925
-8 24 -6 18 -59581
-13 -10 -19 -11 -72295
6 -12 12 -13 -75275
1 -21 0 -23 -42175
15 9 16 9 -74361
-4 -9 -2 -7 -72483
20 14 19 11 -76187
6 -22 6 -18 -67055
21 7 17 10 -68467
-6 -23 18 -23 -73953
1 -7 -1 -8 -69893
16 -12 12 -9 -78771
-16 -6 -22 -4 -78611
-12 -14 -24 -6 -91541
-1 15 -4 17 -73263
-4 18 -5 18 -66315
1 6 0 8 -76597
14 22 13 14 -77547
22 -22 24 -1 -75205
20 -11 19 -1 -75769
4 20 7 17 -75997
-6 23 -15 21 -70581
16 12 -24 8 -76959
-15 22 -12 16 -71517
-14 -10 -14 -12 -66911
4 -4 1 -4 -74867
-11 -21 1 -24 -73321
17 24 -9 23 -70029
-20 23 -22 -5 -71105
-22 4 -24 -11 -77647
9 20 8 17 -72035
-9 12 -8 8 -65211
24 -13 22 -10 -51993
0 23 -3 23 -65165
19 0 24 -4 -78177
-22 3 -20 -3 -70419
5 12 5 8 -69377
17 -24 12 -19 -61145
-9 -14 -8 -20 -73463
-14 13 -13 13 -61845
19 -21 19 -17 -51059
6 21 16 24 -65907
-15 -11 -14 -10 -72955
-3 -14 -7 -12 -76869
0 0 0 -4 -79939
-24 -3 -23 3 -60385
-2 2 -1 1 -69251
20 -16 18 -11 -73755
4 -3 3 -7 -64417
-18 20 -14 24 -52567
21 22 -19 16 -72151
