24 -22 23 -9 -64350
-22 -7 -23 -10 -73586
21 -7 24 -24 -66578
-14 19 -12 17 -67464
-6 -6 -24 -23 -78038
8 21 12 18 -70958
22 -14 18 -16 -79308
-24 -7 -24 -11 -61698
8 13 9 13 -68356
10 7 13 9 -74952
-3 -1 0 -2 -74428
3 3 6 1 -72162
9 1 8 1 -71670
22 -2 19 -3 -70870
-15 -16 -19 -14 -65446
2 -8 1 -10 -67452
-24 16 -20 14 -56542
15 5 16 8 -75958
23 -1 22 -2 -63526
0 12 3 11 -67288
18 -22 -23 -24 -72956
-13 -23 -10 -22 -65392
-5 -11 -8 -10 -65502
-9 -10 -6 -5 -70990
24 -10 20 -7 -61358
-14 -10 -12 -9 -75332
6 -14 3 -14 -69636
24 4 21 17 -69536
5 -18 3 -23 -74392
-16 7 -14 6 -68432
1 -12 2 -12 -65788
-15 -12 -17 -15 -61768
0 0 3 5 -76244
-4 9 -5 6 -79792
-20 4 -24 0 -71242
14 -24 9 -20 -58216
-1 -17 -5 -18 -71928
-16 -1 -16 -3 -63054
15 17 15 15 -59452
-24 12 -24 5 -68864
-9 14 -10 16 -66518
-9 -21 -13 -23 -69632
-24 -24 7 0 -76700
0 12 0 8 -70528
-4 -23 -5 -17 -70932
-16 -7 -16 -12 -68054
18 16 14 21 -66960
24 12 24 5 -59296
21 -1 24 -3 -54974
18 13 21 9 -68154
-17 -7 -18 -6 -64228
-18 17 -18 24 -58430
-7 -19 -4 -20 -62182
-10 -12 -9 -8 -67232
22 -17 17 -23 -78818
3 -21 6 -20 -74004
1 -21 6 -22 -67050
21 6 24 15 -73490
-19 -19 -24 -19 -43900
18 4 20 4 -76294
19 6 15 5 -73616
-21 16 -16 19 -62630
9 13 10 9 -66220
-19 3 -17 4 -71150
16 5 17 3 -70358
-9 -20 -9 -24 -56576
5 19 5 16 -63272
-10 1 -11 0 -62630
21 14 21 12 -60304
18 23 17 20 -42010
9 -13 15 -15 -76446
11 13 -3 -1 -100556
6 -14 10 -18 -76110
-20 0 -16 -1 -72660
17 -19 14 -17 -74234
-18 5 -18 10 -76140
-7 1 -7 0 -68212
16 -3 13 -8 -79022
-16 13 -22 8 -70652
8 20 4 18 -67042
-9 0 -10 -6 -65148
20 14 19 17 -61524
23 6 22 6 -53496
20 -19 23 -16 -66524
-24 -17 -24 -18 -40766
-15 -15 -16 -19 -65246
3 10 3 12 -67862
0 -22 -2 -21 -66638
4 -2 6 -1 -68472
5 24 -10 24 -67388
22 -15 18 -12 -75348
11 -15 14 -18 -74410
6 7 6 5 -70250
3 12 2 16 -81542
9 8 10 5 -76674
-15 5 -13 7 -70760
11 7 11 4 -73442
13 -5 11 -8 -76340
-19 -5 -24 -6 -49478
16 -10 15 -7 -71042
-21 -20 -23 -9 -72158
24 1 24 3 -60888
1 -18 -1 -14 -74458
21 1 24 3 -61520
12 0 10 16 -90222
22 -2 21 0 -70552
-9 2 -11 6 -70796
-21 12 -20 10 -71378
-2 23 -3 20 -54790
23 3 21 5 -69424
1 -22 4 -18 -78858
-9 -2 -9 4 -71196
3 20 3 23 -46420
9 3 7 0 -74504
13 16 11 17 -71562
-23 -20 -24 -18 -45454
22 16 17 24 -54702
24 9 19 6 -68900
19 -3 19 -5 -58990
7 0 6 -4 -78556
-4 -13 -5 -12 -61498
4 21 1 19 -63870
19 -11 20 -2 -71558
2 -9 5 -7 -68448
-5 3 -5 1 -69152
0 -15 -1 -16 -68690
-16 -3 -15 2 -75314
5 -9 6 -15 -80780
-1 19 -19 24 -68708
-16 0 -18 -1 -74438
-5 18 -6 15 -67342
15 -11 16 -10 -70014
5 10 4 10 -72176
-21 -3 -21 -5 -54370
4 4 5 2 -73648
-9 -16 -9 -14 -57982
-22 4 -21 1 -70990
-11 12 -12 18 -73928
3 -14 1 -11 -72686
24 -2 24 -8 -48962
24 -23 18 1 -77862
18 -3 20 -2 -70958
0 -5 -3 -3 -65562
-22 11 -22 8 -66076
-12 -11 -10 -12 -72214
-16 -8 -15 -6 -61590
-14 20 -15 18 -65414
10 17 13 21 -64256
16 -24 13 -22 -53164
-9 -18 -7 -16 -67320
-21 -14 -19 -12 -61730
-21 4 -22 6 -73402
-10 17 -13 13 -65736
15 0 15 -1 -66130
5 -22 10 -21 -69076
0 5 2 5 -66792
-21 2 -20 3 -73516
-22 -13 -24 -12 -44054
0 22 4 20 -69550
21 -22 12 -24 -60424
-9 -23 7 -21 -78372
8 -8 9 -9 -69942
16 -10 17 -13 -74854
14 -20 9 -24 -57330
24 -17 17 -24 -72124
-8 -18 -14 -23 -72878
-6 19 -5 22 -64724
-11 -6 -12 -3 -55268
22 -14 22 -9 -68174
1 10 4 16 -85968
-13 7 -13 4 -68052
-21 -19 -23 -14 -63532
16 -8 15 -5 -70480
12 20 -18 23 -71714
-3 8 -4 8 -64252
-1 23 -7 21 -64638
-6 -24 -7 18 -76378
-16 -11 -18 -8 -72026
24 -11 23 4 -70824
-18 22 -13 24 -57608
-6 -14 -6 -10 -62084
0 -22 1 -19 -69330
8 -22 12 -21 -63436
15 -6 18 -5 -65074
-3 0 -1 -2 -75410
-8 13 -3 13 -68146
-9 -8 -11 -8 -72268
-21 -24 -12 -23 -59540
-18 12 -15 9 -70922
3 23 -2 22 -62804
-15 -20 -15 -16 -67766
0 1 0 22 -82030
9 24 8 23 -35878
-21 -21 -23 2 -70034
16 0 18 -2 -76088
-22 -8 -24 -16 -68248
-8 9 -7 14 -73670
2 9 1 7 -71266
-23 -15 -24 -14 -46294
10 5 15 3 -65886
-3 -23 23 -22 -74858
-20 -24 -19 -15 -63652
12 20 17 21 -68438
0 1 0 2 -67382
0 0 0 -2 -70744
17 -15 23 -20 -67814
-2 -21 -1 -21 -68594
12 -8 8 -8 -62966
16 -12 12 -14 -68266
-17 -23 -22 -16 -64330
21 -7 20 -7 -69730
-9 3 -8 4 -63790
-8 10 -8 7 -76002
-17 11 -16 20 -73564
6 -17 2 -17 -76522
20 -13 20 -6 -71018
6 -20 6 -17 -61748
-17 -15 -17 -14 -57946
-3 15 -4 24 -66368
22 -10 21 -11 -66724
22 0 24 10 -74354
10 -20 15 -17 -70428
13 16 18 24 -65976
-4 -19 -5 -23 -62506
10 -19 9 -15 -69580
0 17 1 17 -67090
-18 -18 -16 -22 -67836
1 23 -10 3 -96368
22 14 17 16 -71070
-21 -3 -21 1 -69390
-10 -15 -14 -15 -76222
-15 -19 -19 -21 -71668
-23 23 -20 20 -50402
17 -16 12 -19 -77742
-3 -2 -3 -1 -73096
-3 -4 -3 -5 -62406
10 8 12 11 -69910
14 11 13 11 -65744
-5 -10 -5 -9 -60682
-1 -8 -1 -11 -63918
-19 9 -24 14 -75316
15 21 11 23 -53898
-16 -1 -14 -2 -69414
17 8 23 7 -78414
10 5 8 5 -78926
-16 8 -18 8 -64168
17 15 17 11 -66844
12 -24 4 -18 -64308
-21 -10 -21 -11 -68866
17 11 16 11 -64772
-20 9 -23 22 -69252
-15 4 -16 0 -71864
-2 -2 24 -23 -76196
10 -6 11 -5 -71892
19 3 21 5 -78638
22 4 21 7 -67724
19 -11 20 -10 -76944
4 5 5 6 -75710
17 -24 19 -19 -54264
10 0 8 3 -65372
-1 -12 0 -11 -68772
9 -11 9 -9 -65962
9 22 23 22 -66758
4 24 8 17 -69130
-1 8 -2 9 -69802
11 -13 7 -17 -72140
0 -16 1 -14 -63856
22 23 21 22 -22358
0 24 11 24 -66366
-18 5 -17 8 -76130
-20 22 -21 20 -44078
19 -19 15 -23 -67876
23 1 23 -2 -67266
9 4 10 4 -76102
8 -4 9 -5 -64916
-9 19 -4 24 -66582
0 -19 -5 -23 -70592
-15 19 -24 22 -60464
-8 -16 -6 -15 -71602
-24 1 -23 19 -70676
17 0 18 3 -74082
-13 -10 -11 -15 -69628
0 -18 2 -22 -68770
19 18 20 18 -61954
15 19 19 20 -75500
11 -1 11 -3 -75216
8 -2 13 1 -77174
-5 -8 -6 -7 -62094
-15 12 -14 16 -67424
-1 5 -2 3 -70736
-21 20 -23 22 -48806
20 -12 18 -14 -76632
21 4 22 7 -71584
12 4 12 3 -65544
-13 -8 -7 -6 -83808
9 14 9 16 -71116
-24 11 -24 2 -67684
8 -23 10 -19 -56642
2 23 8 23 -63548
-19 22 -18 18 -60704
6 17 7 24 -58960
-7 5 -5 7 -77410
2 -1 -1 -3 -75708
1 -10 0 -8 -59438
11 -16 11 -15 -67312
-15 6 -16 8 -73436
-12 -18 -13 -16 -68938
-22 -8 -22 -7 -64122
15 -3 14 -1 -80526
-15 -18 -16 -24 -63316
18 -18 19 -15 -65698
17 6 17 9 -65604
16 1 16 5 -75692
-10 17 -9 20 -66408
12 -8 11 -2 -85864
-11 24 -13 24 -54462
-8 5 -7 8 -80160
19 13 16 11 -73694
-13 3 -12 3 -68860
5 -12 5 -10 -70486
4 12 2 17 -82852
-20 2 -23 3 -70440
12 4 12 14 -81166
-19 -18 -15 -24 -66526
-19 16 -24 15 -54020
21 -19 24 -9 -76522
6 9 5 9 -73016
11 -5 11 -4 -78296
-22 5 -24 12 -76656
23 -9 24 12 -73600
24 0 23 4 -66364
1 4 2 4 -67110
-7 -19 -5 -24 -68694
-21 4 -22 5 -76092
-18 9 -18 15 -66502
19 -16 16 -18 -77932
-6 23 -8 24 -42058
12 -11 13 -13 -79556
15 -21 14 -17 -60336
0 -2 2 -24 -72552
23 -7 -24 3 -68028
11 12 12 12 -74844
-11 -22 -21 -21 -71222
-4 12 -3 15 -68478
-12 7 -11 9 -69424
5 -22 0 -19 -72338
5 8 7 10 -75572
-24 17 -22 -12 -69404
8 -12 6 -13 -67072
0 4 0 5 -65398
0 -14 0 -12 -60340
-6 -2 -6 -1 -67388
24 -14 20 -16 -61686
2 -1 1 1 -68322
4 -18 1 -14 -76924
-2 4 -4 0 -78714
22 11 24 13 -50282
8 2 8 -2 -66244
-18 -18 24 -23 -78368
11 16 9 15 -72816
-22 -9 -24 -13 -64838
10 -21 2 -24 -72702
-24 -22 24 19 -72394
4 13 7 17 -75954
-8 -18 -9 -18 -62296
18 -18 15 -18 -75354
0 13 -2 12 -72974
16 13 -24 15 -72156
-14 2 -8 1 -74400
-9 4 -10 8 -76154
19 7 21 11 -73012
-7 -1 -2 2 -70934
-24 4 -21 3 -60254
8 -12 7 -14 -70192
20 2 19 3 -75168
10 15 8 24 -66880
14 4 13 3 -72910
-23 -19 -16 -16 -70890
-18 -16 -23 -20 -66120
0 13 0 16 -69042
0 -2 -1 -4 -74308
-2 -19 2 -19 -77728
-10 18 -7 18 -59754
-16 16 -17 21 -65352
-9 -17 -7 -24 -74012
13 -18 12 -11 -78372
16 -1 12 -2 -61912
23 -23 -16 -22 -79012
-15 -8 -10 -6 -89048
-3 11 -2 6 -78380
-22 -24 -20 -21 -25192
1 -5 2 -3 -71264
17 17 12 13 -73880
22 17 20 13 -63806
-15 -20 -10 -24 -64266
-8 -1 -7 -1 -63250
2 17 0 20 -67610
-22 -8 -22 -3 -59360
-22 12 -18 16 -61578
-12 17 -18 24 -65514
-15 23 -11 22 -58474
-12 -3 -17 -4 -80610
-3 10 -4 12 -68232
-20 -2 -21 -4 -60794
6 14 7 12 -72224
16 17 18 15 -73534
-9 6 -12 6 -63546
-13 -18 -11 -20 -73298
13 -10 14 -12 -79904
-8 9 -5 10 -66062
-24 7 -18 9 -63962
-10 -8 -10 -7 -54276
16 -18 23 -22 -60380
-24 -19 5 -23 -70264
-20 2 -19 -1 -73644
-2 -15 -1 -17 -65750
-17 0 -24 0 -70020
23 20 24 19 -28398
-9 24 -13 19 -61832
-13 14 -17 15 -67762
5 6 6 4 -75016
0 -12 -1 -12 -66076
24 -3 23 23 -63378
-23 -13 -4 -6 -79564
9 -7 10 0 -89668
-14 -6 -12 -4 -76856
-23 19 -23 14 -39792
13 2 16 -6 -91390
-7 -17 -5 -14 -70224
-11 -16 -10 -16 -73756
-20 23 -19 23 -42972
-12 -8 -14 -7 -66724
-4 21 -4 24 -42184
10 -7 10 -9 -63198
8 18 12 18 -75778
-20 -13 -21 -11 -67472
-1 12 -3 11 -69910
-18 1 -18 2 -72562
0 13 2 14 -75598
-11 -23 -11 -21 -53258
-23 11 20 24 -65226
23 0 22 -3 -69548
-7 10 -10 12 -64162
-13 -22 -6 -24 -61510
6 -1 6 -2 -66510
7 11 11 9 -76802
-6 -6 -6 -2 -67584
2 20 -4 22 -72286
15 14 14 15 -70676
-10 9 -9 14 -71630
-8 17 -6 16 -65288
-8 17 -8 18 -65598
-7 -1 -8 0 -67892
8 15 8 14 -71334
18 -11 14 -10 -70240
-13 18 -11 14 -75222
5 -3 4 -4 -69376
22 -8 23 -7 -49056
23 -10 18 -9 -75334
-22 16 -20 13 -65062
7 -6 10 -16 -88224
-8 24 -6 18 -54522
-5 -12 -4 -12 -62542
6 -12 12 -13 -72308
1 -21 0 -23 -56488
-23 -2 -22 4 -74270
15 20 19 20 -72648
20 14 19 11 -74690
6 -22 6 -18 -60948
21 7 17 10 -75316
-6 -23 18 -23 -78746
1 -7 -1 -8 -67744
4 24 12 21 -65258
-16 -6 -22 -4 -67036
-17 3 -18 5 -72006
-1 15 -4 17 -68218
-4 18 -5 18 -63600
1 6 0 8 -69316
16 2 17 3 -73974
22 -22 24 -1 -74328
-15 2 -13 -1 -73532
1 4 -6 2 -79120
-6 23 -15 21 -68282
-19 7 -21 4 -74062
-14 21 -16 20 -65904
-14 -10 -14 -12 -64056
4 -4 1 -4 -64242
-11 -21 1 -24 -70858
17 24 -9 23 -65436
-20 23 -22 -5 -75124
18 18 21 22 -57230
9 20 8 17 -64786
-9 12 -8 8 -72770
24 -13 22 -10 -53100
0 23 -3 23 -58298
19 13 24 23 -56638
-2 -10 -4 -11 -64582
-24 -8 -23 -6 -59130
17 -24 12 -19 -67456
-9 -14 -8 -20 -64936
-14 13 -13 13 -63584
19 -21 19 -17 -54856
6 21 16 24 -63552
-15 -11 -14 -10 -66206
-18 -24 -15 -20 -58218
3 12 6 14 -77306
-24 -3 -23 3 -62836
-2 2 -1 1 -68066
20 -16 18 -11 -75588
4 -3 3 -7 -67826
-18 20 -14 24 -58438
-15 -14 -17 -11 -70664
