24 -22 23 -9 -57946
-22 -7 -23 -10 -72332
21 -7 24 -24 -62600
-14 19 -12 17 -68024
-6 -6 -24 -23 -74382
8 21 12 18 -74502
-3 -11 -6 -15 -72406
-24 -7 -24 -11 -60918
8 13 9 13 -61560
-2 1 -2 0 -71730
-3 -1 0 -2 -69360
3 3 6 1 -70464
9 1 8 1 -66978
22 -2 19 -3 -67094
-15 -16 -19 -14 -62608
2 -8 1 -10 -76436
-24 16 -20 14 -61848
15 5 16 8 -67614
23 -1 22 -2 -59842
0 12 3 11 -68186
18 -22 -23 -24 -73014
-13 -23 -10 -22 -60670
20 -2 22 -8 -71756
16 13 18 9 -72700
24 -10 20 -7 -58556
-14 -10 -12 -9 -65794
6 -14 3 -14 -62026
24 4 21 17 -73496
5 -18 3 -23 -63466
-16 7 -14 6 -69674
1 -12 2 -12 -63174
-15 -12 -17 -15 -63714
-6 -20 -6 -23 -67820
-4 1 -23 24 -76048
-20 4 -24 0 -69954
14 -24 9 -20 -62002
0 0 4 1 -75716
-16 -1 -16 -3 -74460
15 17 15 15 -60532
-24 12 -24 5 -59784
-9 14 -10 16 -67858
-9 -21 -13 -23 -64380
-24 -24 7 0 -75638
0 12 0 8 -70360
-4 -23 -5 -17 -70436
-16 -7 -16 -12 -69942
18 16 14 21 -73900
24 12 24 5 -58814
21 -1 24 -3 -55512
18 13 21 9 -72272
-17 -7 -18 -6 -70230
-18 17 -18 24 -64226
-7 -19 -4 -20 -59874
-10 -12 -9 -8 -69090
22 -17 17 -23 -73764
3 -21 6 -20 -66500
1 -21 6 -22 -61456
21 6 24 15 -71892
-19 -19 -24 -19 -41612
18 4 20 4 -68148
19 6 15 5 -67844
-21 16 -16 19 -66008
9 13 10 9 -59806
-19 3 -17 4 -72960
16 5 17 3 -67494
-9 -20 -9 -24 -58348
5 19 5 16 -71824
-10 1 -11 0 -64604
21 14 21 12 -63618
18 23 17 20 -49472
9 -13 15 -15 -75490
-12 17 -11 15 -69742
1 -6 1 -8 -78948
-20 0 -16 -1 -71828
17 -19 14 -17 -72258
-18 5 -18 10 -81442
-7 1 -7 0 -71578
11 7 13 12 -72604
7 -7 8 -1 -79054
8 20 4 18 -64574
24 19 -13 18 -70364
20 14 19 17 -65360
23 6 22 6 -51068
20 -19 23 -16 -57278
-24 -17 -24 -18 -40262
-15 -15 -16 -19 -66788
3 10 3 12 -70570
0 -22 -2 -21 -59832
4 -2 6 -1 -73596
5 24 -10 24 -67400
-3 9 1 11 -74554
11 -15 14 -18 -67270
6 7 6 5 -69906
3 12 2 16 -77270
9 8 10 5 -67538
-15 5 -13 7 -73636
11 7 11 4 -70658
13 -5 11 -8 -69708
-19 -5 -24 -6 -50296
16 -10 15 -7 -65136
-21 -20 -23 -9 -67326
24 1 24 3 -57156
-3 -15 -2 -15 -69054
21 1 24 3 -55142
-24 22 -22 15 -60348
22 -2 21 0 -70204
-9 2 -11 6 -69642
-21 12 -20 10 -66020
-2 23 -3 20 -62298
23 3 21 5 -67826
-11 -1 -13 -2 -63086
-9 -2 -9 4 -73426
3 20 3 23 -53998
9 3 7 0 -80670
13 23 11 14 -76006
-23 -20 -24 -18 -44340
22 16 17 24 -66006
24 9 19 6 -60866
19 -3 19 -5 -59810
5 -10 4 -4 -80516
-4 -13 -5 -12 -66594
4 21 1 19 -65232
19 -11 20 -2 -71822
2 -9 5 -7 -69310
-5 3 -5 1 -73776
0 -15 -1 -16 -65530
-16 -3 -15 2 -76816
5 -9 6 -15 -77512
14 5 14 1 -74514
-16 0 -18 -1 -71678
-5 18 -6 15 -74146
15 -11 16 -10 -66866
5 10 4 10 -72218
-21 -3 -21 -5 -63624
-13 20 -13 15 -72744
-9 -16 -9 -14 -61836
-22 4 -21 1 -68782
-16 2 -17 14 -90100
3 -14 1 -11 -69162
24 -2 24 -8 -53214
24 -23 18 1 -75372
18 -3 20 -2 -67384
0 -5 -3 -3 -72670
-22 11 -22 8 -59310
-12 -11 -10 -12 -70458
-16 -8 -15 -6 -66372
-14 20 -15 18 -72208
10 17 13 21 -73556
16 -24 13 -22 -53092
2 -6 1 -16 -87238
-21 -14 -19 -12 -61368
-21 4 -22 6 -74446
-10 17 -13 13 -70760
15 0 15 -1 -61566
5 -22 10 -21 -72314
0 5 2 5 -70514
-21 2 -20 3 -73044
-22 -13 -24 -12 -41140
0 22 4 20 -71520
21 -22 12 -24 -57828
-18 12 -12 14 -76602
8 -8 9 -9 -67304
16 -10 17 -13 -60760
14 -20 9 -24 -59726
24 -17 17 -24 -66846
0 21 -1 15 -75230
-6 19 -5 22 -69144
-11 -6 -12 -3 -69032
22 -14 22 -9 -58010
18 22 5 23 -78182
-13 7 -13 4 -73040
-21 -19 -23 -14 -61142
16 -8 15 -5 -65780
12 20 -18 23 -70474
-3 8 -4 8 -62584
-1 23 -7 21 -64752
-11 -23 -3 -18 -69556
-16 -11 -18 -8 -72062
24 -11 23 4 -71834
-18 22 -13 24 -58170
-6 -14 -6 -10 -66600
0 -22 1 -19 -61950
8 -22 12 -21 -67170
15 -6 18 -5 -63360
1 -1 1 -7 -82248
-8 13 -3 13 -72584
-9 -8 -11 -8 -63930
-21 -24 -12 -23 -51340
-18 12 -15 9 -73154
3 23 -2 22 -63298
-15 -20 -15 -16 -69538
1 -18 0 -18 -63702
9 24 8 23 -39812
-21 -21 -23 2 -69512
16 0 18 -2 -70876
-22 -8 -24 -16 -63518
-8 9 -7 14 -72902
2 9 1 7 -70370
-23 -15 -24 -14 -42916
10 5 15 3 -66700
-3 -23 23 -22 -72726
-20 -24 -19 -15 -62274
12 20 17 21 -73042
0 1 0 2 -69202
-7 -6 -11 -4 -69248
17 -15 23 -20 -63750
-2 -21 -1 -21 -58268
12 -8 8 -8 -68430
16 -12 12 -14 -70634
-17 -23 -22 -16 -63626
21 -7 20 -7 -65872
-9 3 -8 4 -74374
-8 10 -8 7 -69050
-22 -24 -1 -17 -73076
9 13 4 1 -97268
20 -13 20 -6 -65986
6 -20 6 -17 -54920
-17 -15 -17 -14 -57412
-3 15 -4 24 -75152
22 -10 21 -11 -60544
22 0 24 10 -69302
10 -20 15 -17 -74934
13 16 18 24 -74038
-4 -19 -5 -23 -68848
-14 -6 -14 -3 -69666
0 17 1 17 -65098
-18 -18 -16 -22 -68150
10 0 13 4 -79214
22 14 17 16 -70788
-21 -3 -21 1 -68232
-10 -15 -14 -15 -74698
-20 12 -20 21 -71868
-23 23 -20 20 -57534
3 18 1 15 -72922
12 -3 16 -4 -68924
-3 -4 -3 -5 -68804
10 8 12 11 -71402
14 11 13 11 -65104
-5 -10 -5 -9 -63384
-1 -8 -1 -11 -73414
-19 9 -24 14 -71490
15 21 11 23 -59172
-16 -1 -14 -2 -66682
17 8 23 7 -70338
-11 1 -4 2 -88416
-16 8 -18 8 -69322
17 15 17 11 -67870
12 -24 4 -18 -66848
-21 -10 -21 -11 -62856
17 11 16 11 -64504
-20 9 -23 22 -77664
-15 4 -16 0 -70884
-2 -2 24 -23 -76344
10 -6 11 -5 -69100
-17 7 -15 -9 -87406
22 4 21 7 -66738
19 -11 20 -10 -69020
4 5 5 6 -82700
17 -24 19 -19 -51910
10 0 8 3 -69964
-1 -12 0 -11 -72384
9 -11 9 -9 -67746
9 22 23 22 -70972
4 24 8 17 -74874
-1 8 -2 9 -67252
11 -13 7 -17 -75646
-6 13 -7 12 -71228
22 23 21 22 -24082
0 24 11 24 -68722
-18 5 -17 8 -79676
-20 22 -21 20 -45460
19 -19 15 -23 -63988
23 1 23 -2 -64664
9 4 10 4 -62984
8 -4 9 -5 -65858
-9 19 -4 24 -69332
0 -19 -5 -23 -66200
-15 19 -24 22 -67344
-8 -16 -6 -15 -64200
-24 1 -23 19 -66038
-19 -1 -19 -5 -75670
-13 -10 -11 -15 -71380
0 -18 2 -22 -65186
19 18 20 18 -61976
15 19 19 20 -76784
11 -1 11 -3 -67792
8 -2 13 1 -76376
-5 -8 -6 -7 -62054
-15 12 -14 16 -62726
-1 5 -2 3 -66564
-21 20 -23 22 -56608
20 -12 18 -14 -64890
21 4 22 7 -64800
12 4 12 3 -72898
4 -2 5 1 -77670
9 14 9 16 -69492
-24 11 -24 2 -63306
8 -23 10 -19 -53512
2 23 8 23 -64060
-19 22 -18 18 -68750
6 17 7 24 -65012
-7 5 -5 7 -75208
2 -1 -1 -3 -72802
1 -10 0 -8 -69924
11 -16 11 -15 -53212
-15 6 -16 8 -78292
-12 -18 -13 -16 -70052
-22 -8 -22 -7 -65888
15 -3 14 -1 -69062
-15 -18 -16 -24 -60500
18 -18 19 -15 -60990
17 6 17 9 -61028
13 17 14 17 -68214
-10 17 -9 20 -74174
-14 0 -12 -3 -72340
-11 24 -13 24 -52690
-8 5 -7 8 -74788
19 13 16 11 -67338
-13 3 -12 3 -64150
5 -12 5 -10 -74064
4 22 3 24 -48474
-20 2 -23 3 -72018
7 -20 21 -13 -88988
-19 -18 -15 -24 -66690
-19 16 -24 15 -59196
-5 -6 -8 -8 -69242
6 9 5 9 -71804
11 -5 11 -4 -62958
7 -4 6 -1 -76488
23 -9 24 12 -71866
24 0 23 4 -63130
1 4 2 4 -72454
-7 -19 -5 -24 -68220
-21 4 -22 5 -78746
-18 9 -18 15 -62376
19 -16 16 -18 -72906
-6 23 -8 24 -40156
24 16 23 23 -43136
15 -21 14 -17 -56852
-7 12 -11 12 -71870
23 -7 -24 3 -68916
11 12 12 12 -67274
11 -3 10 5 -80738
-4 12 -3 15 -67102
-12 7 -11 9 -70888
0 -7 -2 -7 -71888
5 8 7 10 -83398
-24 17 -22 -12 -67170
8 -12 6 -13 -70626
0 4 0 5 -64478
0 -14 0 -12 -65894
-6 -2 -6 -1 -59160
24 -14 20 -16 -49778
2 -1 1 1 -67904
-9 -8 -8 -3 -70804
-2 4 -4 0 -81510
22 11 24 13 -49958
8 2 8 -2 -74478
6 -20 7 -20 -65646
11 16 9 15 -70242
-22 -9 -24 -13 -61940
10 -21 2 -24 -69768
-24 -22 24 19 -72622
21 -16 19 -13 -59236
-8 -18 -9 -18 -59576
18 -18 15 -18 -71388
-21 8 -18 10 -74912
16 13 -24 15 -74110
4 -21 2 -20 -61126
-9 4 -10 8 -73784
6 7 8 9 -80716
-7 -1 -2 2 -89862
-24 4 -21 3 -61654
8 -12 7 -14 -70768
20 2 19 3 -71666
10 15 8 24 -73538
14 4 13 3 -72938
-23 -19 -16 -16 -66850
-18 -16 -23 -20 -62148
0 13 0 16 -68882
-8 15 -8 17 -73458
-17 -19 -13 -19 -59328
-10 18 -7 18 -63814
-16 16 -17 21 -72934
23 -24 0 -14 -77732
2 17 2 15 -71128
16 -1 12 -2 -68292
-13 -9 -22 -8 -70120
-9 -15 -12 -23 -69782
11 -8 11 -13 -67484
-22 -24 -20 -21 -24774
1 -5 2 -3 -73452
-11 -6 -12 -10 -74436
22 17 20 13 -63322
-15 -20 -10 -24 -59168
-8 -1 -7 -1 -75996
2 17 0 20 -70698
-22 -8 -22 -3 -64708
-22 12 -18 16 -70426
-12 17 -18 24 -68380
-15 23 -11 22 -57450
20 11 21 8 -64332
-3 10 -4 12 -66240
-20 -2 -21 -4 -68240
6 14 7 12 -73348
16 17 18 15 -75332
-9 6 -12 6 -64992
-13 -18 -11 -20 -70970
0 -14 0 -16 -57656
-8 9 -5 10 -70632
-24 7 -18 9 -70294
-10 -8 -10 -7 -65040
16 -18 23 -22 -56530
-24 -19 5 -23 -67730
3 -7 -3 0 -86052
-2 -15 -1 -17 -59620
-17 0 -24 0 -71798
23 20 24 19 -34836
-9 24 -13 19 -64384
-13 14 -17 15 -74280
5 6 6 4 -64268
0 -12 -1 -12 -70066
24 -3 23 23 -65754
-23 11 -16 15 -78466
-8 -15 -9 -13 -69820
-14 -6 -12 -4 -71102
-23 19 -23 14 -52248
4 14 4 12 -73258
-7 -17 -5 -14 -64528
-11 -16 -10 -16 -71644
-20 23 -19 23 -46898
-12 -8 -14 -7 -65814
-4 21 -4 24 -45622
10 -7 10 -9 -63990
8 18 12 18 -75874
12 -12 8 -12 -74968
-1 12 -3 11 -72694
-18 1 -18 2 -67166
4 1 5 4 -79328
-11 -23 -11 -21 -52386
-23 11 20 24 -71516
23 0 22 -3 -66224
-7 10 -10 12 -72954
-13 -22 -6 -24 -56254
6 -1 6 -2 -71240
-5 1 -6 0 -86706
-6 -6 -6 -2 -67688
2 20 -4 22 -71244
15 14 14 15 -69000
-10 9 -9 14 -69650
-8 17 -6 16 -69078
-8 17 -8 18 -74472
-7 -1 -8 0 -70818
8 15 8 14 -70148
18 -11 14 -10 -66174
16 23 17 17 -59752
5 -3 4 -4 -71200
22 -8 23 -7 -47800
23 -10 18 -9 -68796
-22 16 -20 13 -67952
11 -11 11 -17 -60856
-8 24 -6 18 -58206
-5 -12 -4 -12 -66902
6 -12 12 -13 -79002
1 -21 0 -23 -52586
-23 -2 -22 4 -70880
15 20 19 20 -74278
20 14 19 11 -72188
6 -22 6 -18 -55580
13 -18 11 -18 -73832
-6 -23 18 -23 -72970
1 -7 -1 -8 -73190
4 24 12 21 -70584
-16 -6 -22 -4 -69884
-17 3 -18 5 -74730
-2 13 0 13 -66704
-4 18 -5 18 -60398
1 6 0 8 -67336
16 2 17 3 -65632
22 -22 24 -1 -68092
-23 -19 19 -21 -77414
2 11 3 9 -69448
-6 23 -15 21 -66154
-19 7 -21 4 -76164
-14 21 -16 20 -68972
-14 -10 -14 -12 -63544
4 -4 1 -4 -71208
-11 -21 1 -24 -63734
17 24 -9 23 -71168
4 -20 1 -15 -66512
18 18 21 22 -62222
9 20 8 17 -69902
-9 12 -8 8 -70652
24 -13 22 -10 -46124
0 23 -3 23 -58376
19 13 24 23 -61926
-2 -10 -4 -11 -72090
-24 -8 -23 -6 -59174
17 -24 12 -19 -67928
-9 -14 -8 -20 -65670
-14 13 -13 13 -69524
19 -21 19 -17 -53784
6 21 16 24 -73984
-15 -11 -14 -10 -64884
-18 -24 -15 -20 -51954
3 12 6 14 -72022
-24 -3 -23 3 -60466
-2 2 -1 1 -65872
-6 0 -3 3 -89596
4 -3 3 -7 -81168
-18 20 -14 24 -60966
-15 -14 -17 -11 -66754
