24 -22 23 -9 -71383
-11 -1 -12 -1 -63701
21 -7 24 -24 -70587
-14 19 -12 17 -69233
-1 16 9 15 -82697
12 24 20 22 -63069
-3 -24 -6 -22 -57511
-24 -7 -24 -11 -60235
8 13 9 13 -59565
-2 1 -2 0 -58477
-14 4 -14 3 -68513
3 3 6 1 -59287
9 1 8 1 -64763
22 -2 19 -3 -63517
-15 -16 -19 -14 -68357
2 -8 1 -10 -62617
-24 16 -20 14 -56989
15 5 16 8 -63327
23 -1 22 -2 -60419
0 12 3 11 -65213
18 -22 -23 -24 -67023
-13 -23 -10 -22 -66139
11 -10 12 -8 -71611
-17 -23 23 -20 -73811
24 -10 20 -7 -53015
-14 -10 -12 -9 -72017
6 -14 3 -14 -67111
6 -8 9 -8 -79563
-23 16 -24 21 -63567
-16 7 -14 6 -59277
1 -12 2 -12 -63801
15 7 15 9 -61957
-6 -20 -6 -23 -65521
6 -24 -24 -18 -66405
-4 20 -6 22 -71149
14 -24 9 -20 -66873
4 -4 4 -6 -61913
-16 -1 -16 -3 -66511
15 17 15 15 -55887
-24 12 -24 5 -55605
-9 14 -10 16 -69277
-9 -21 -13 -23 -68025
-7 24 23 22 -70355
11 22 9 23 -61975
-2 1 0 0 -57833
-16 -7 -16 -12 -68831
-19 -11 -18 -12 -67013
24 12 24 5 -61481
21 -1 24 -3 -53313
18 13 21 9 -71311
-17 -7 -18 -6 -77417
-18 17 -18 24 -66923
-7 -19 -4 -20 -61535
-10 -12 -9 -8 -70465
15 -12 15 -13 -64641
5 8 5 12 -61351
-23 -18 -21 -16 -50133
21 -22 24 -22 -34123
-19 -19 -24 -19 -54507
18 4 20 4 -71139
-21 8 -22 8 -56493
-21 16 -16 19 -70687
9 13 10 9 -65237
-19 3 -17 4 -66517
16 5 17 3 -63923
-9 -20 -9 -24 -60703
5 19 5 16 -63345
-18 -10 -19 -11 -62845
21 14 21 12 -55179
18 23 17 20 -56105
-9 -13 -7 -10 -68275
-12 17 -11 15 -68499
-16 -5 -19 -6 -67717
1 -24 -8 -22 -65443
-8 -24 12 -22 -70931
-18 5 -18 10 -63231
-7 1 -7 0 -66849
8 24 9 23 -56025
3 0 3 1 -55149
8 20 4 18 -70365
-4 -5 -1 -6 -69509
20 14 19 17 -59081
23 6 22 6 -56325
20 -19 23 -16 -62867
-24 -17 -24 -18 -48707
-15 -15 -16 -19 -67361
-11 -8 -9 -15 -76941
0 -22 -2 -21 -61253
17 5 14 8 -74071
5 24 -10 24 -72553
-20 -20 -21 -20 -53027
-15 -24 -15 -21 -40573
-21 20 -23 18 -51031
-3 15 -1 13 -72561
9 8 10 5 -64649
-15 5 -13 7 -62035
-21 -24 -1 -14 -69149
-22 -17 -21 -18 -61561
-19 -5 -24 -6 -54193
16 -10 15 -7 -68089
5 -6 6 -6 -71929
24 1 24 3 -56147
-21 9 -19 10 -61729
21 1 24 3 -59955
-24 22 -22 15 -70307
-12 19 24 24 -68577
-20 -9 24 -16 -76293
-21 12 -20 10 -60183
-2 23 -3 20 -60373
6 -23 6 -19 -61653
-11 -1 -13 -2 -67735
-2 14 -3 11 -77683
3 20 3 23 -57553
14 -11 13 -16 -72209
16 -23 17 -19 -74361
-23 -20 -24 -18 -50119
22 16 17 24 -62519
24 9 19 6 -64501
19 -3 19 -5 -61355
11 14 10 10 -68987
-4 -13 -5 -12 -66675
4 21 1 19 -65199
-24 -17 -24 -16 -51539
2 -9 5 -7 -67565
-22 17 -23 10 -67143
0 -15 -1 -16 -58007
11 -17 14 -24 -71929
11 24 14 20 -58077
5 7 5 2 -78891
-16 0 -18 -1 -69497
-5 18 -6 15 -66589
15 -11 16 -10 -66403
18 0 20 -1 -68003
-21 -3 -21 -5 -70795
0 -3 1 -3 -64987
-9 -16 -9 -14 -61779
-22 4 -21 1 -68133
-4 4 -4 3 -65573
3 -14 1 -11 -69643
24 -2 24 -8 -51313
15 -17 13 -23 -74463
17 -4 17 -5 -60803
-12 13 -11 13 -68127
-22 11 -22 8 -57609
-7 23 0 24 -67417
-16 -8 -15 -6 -67813
-14 20 -15 18 -71391
10 17 13 21 -66615
16 -24 13 -22 -47543
18 -10 20 -10 -65851
-21 -14 -19 -12 -63147
-21 4 -22 6 -63951
-5 -2 -4 0 -65291
15 0 15 -1 -56743
-11 9 -11 10 -56169
-24 10 -22 -4 -72197
-18 -3 -19 -1 -69587
-22 -13 -24 -12 -48673
7 6 8 0 -69565
21 -22 12 -24 -58011
3 -9 1 -9 -65289
8 -8 9 -9 -71519
-5 16 7 -16 -87139
14 -20 9 -24 -73177
24 -17 17 -24 -69743
0 -7 -1 -5 -68165
-6 19 -5 22 -65613
-11 -6 -12 -3 -69087
22 -14 22 -9 -62875
-14 -12 -12 -17 -72393
-15 -22 -11 -20 -70217
22 12 24 21 -51607
16 -8 15 -5 -69259
2 0 -11 23 -86907
-3 8 -4 8 -61521
15 -13 14 -18 -68859
-18 -6 -20 -3 -77147
16 0 18 -19 -81383
23 12 24 3 -68995
-18 22 -13 24 -61057
-4 7 -7 6 -65221
0 -22 1 -19 -58633
8 -22 12 -21 -68793
15 -6 18 -5 -63943
7 -22 6 -24 -45175
6 -10 6 -11 -63647
-9 -8 -11 -8 -70101
-21 -24 -12 -23 -48277
0 17 1 15 -68955
3 23 -2 22 -61321
-15 -20 -15 -16 -63929
-1 -9 -2 -8 -70285
9 24 8 23 -39333
-8 8 -11 8 -73527
24 13 24 -17 -70493
-22 -8 -24 -16 -69831
-7 13 -7 15 -65059
2 9 1 7 -65701
-23 -15 -24 -14 -47213
-10 -8 -11 -6 -66191
-3 -23 23 -22 -64371
-20 -24 -19 -15 -62833
-18 -12 -24 -8 -73141
-8 4 -8 6 -69145
24 0 -23 5 -78413
17 -15 23 -20 -67573
-2 -21 -1 -21 -54071
12 -8 8 -8 -75697
5 24 9 19 -72731
-17 -23 -22 -16 -68459
21 -7 20 -7 -60733
-9 3 -8 4 -66731
10 -14 11 -14 -63675
0 20 -1 23 -62531
13 -12 12 -10 -66625
20 -13 20 -6 -64745
6 -22 2 -23 -67115
-17 -15 -17 -14 -64019
20 24 12 23 -63205
22 -10 21 -11 -54547
22 0 24 10 -69447
-23 0 -23 4 -65213
13 16 18 24 -72597
-4 -19 -5 -23 -64465
-14 -6 -14 -3 -65213
0 17 1 17 -61631
-18 -7 -16 -9 -76281
-19 19 -16 20 -65251
22 14 17 16 -67669
-21 -3 -21 1 -65481
-23 -22 -23 -20 -35323
18 -20 19 -18 -71267
-23 23 -20 20 -59131
14 -24 14 -23 -35301
0 23 -4 24 -66879
-3 -4 -3 -5 -57639
-8 0 -10 -4 -83975
14 11 13 11 -61051
-5 -10 -5 -9 -62015
-1 -8 -1 -11 -68603
6 -23 3 -22 -65761
7 0 9 3 -66383
1 1 0 0 -61015
17 8 23 7 -74753
11 -2 7 -2 -72769
-16 8 -18 8 -60779
-8 -23 -5 -19 -61043
11 -21 7 -18 -68941
-21 -10 -21 -11 -66085
17 11 16 11 -61661
3 5 1 7 -65771
-15 4 -16 0 -73411
18 -16 20 -16 -65499
10 -6 11 -5 -63655
17 -15 14 -13 -64795
22 4 21 7 -65065
-12 4 -12 3 -69831
9 20 14 19 -67847
17 -24 19 -19 -71951
10 0 8 3 -62641
0 -12 0 -11 -68695
9 -11 9 -9 -69703
-4 11 -1 14 -80865
-13 -7 -14 -8 -72057
-9 0 -10 -3 -80915
-3 -4 -4 -4 -61227
-6 13 -7 12 -66871
22 23 21 22 -24221
0 24 11 24 -67947
10 7 12 7 -55703
-20 22 -21 20 -52529
19 -19 15 -23 -74291
23 1 23 -2 -62765
-12 0 -12 2 -67765
8 -4 9 -5 -68271
-9 19 -4 24 -65925
-24 -2 -14 -17 -90019
-15 19 -24 22 -68747
-8 -16 -6 -15 -67625
-24 14 1 15 -74137
7 -19 14 -23 -76191
-13 13 -11 15 -65087
0 -18 2 -22 -67915
19 18 20 18 -56857
11 -1 15 0 -64953
11 -1 11 -3 -61965
19 5 18 24 -72197
-5 -8 -6 -7 -69001
14 -22 10 -24 -63407
-1 5 -2 3 -66785
-21 20 -23 22 -58745
20 -12 18 -14 -68683
21 4 22 7 -66503
12 4 12 3 -54723
24 -18 23 3 -74549
9 14 9 16 -70781
22 3 24 -3 -67269
8 -23 10 -19 -64215
2 23 8 23 -65207
-19 22 -18 18 -68851
6 17 7 24 -65713
-23 -4 -23 -5 -60761
12 13 13 15 -71561
1 -10 0 -8 -67741
11 -16 11 -15 -57309
-15 6 -16 8 -62083
-13 23 -14 19 -65881
-22 -8 -22 -7 -65111
15 -3 14 -1 -64487
12 -14 -12 -19 -80361
-8 -2 -6 -4 -64031
17 6 17 9 -67231
13 17 14 17 -60343
-10 17 -9 20 -71227
-14 0 -12 -3 -68731
-11 24 -13 24 -54847
-8 5 -7 8 -68579
19 13 16 11 -63483
-6 10 -6 8 -59347
-8 1 -8 2 -66057
4 22 3 24 -53765
-16 -1 -17 -1 -66915
-23 -9 -23 -18 -65855
-19 -18 -15 -24 -55561
-19 16 -24 15 -57491
14 23 15 18 -60457
6 9 5 9 -70397
11 -5 11 -4 -59439
6 7 7 7 -66541
10 11 12 9 -64045
24 0 23 4 -62047
1 3 2 4 -63407
-7 -19 -5 -24 -67429
-21 -2 -22 -2 -56799
-18 9 -18 15 -62995
12 -2 12 3 -63077
-6 23 -8 24 -47483
24 16 23 23 -46167
15 -21 14 -17 -68053
17 -6 14 -4 -68799
23 -7 -24 3 -77807
-21 0 -20 3 -70317
-3 13 -3 14 -72705
-13 12 -13 15 -56499
-12 7 -11 9 -66301
-8 8 -10 14 -71509
23 -15 23 -18 -54027
24 14 -1 -1 -76773
8 -12 6 -13 -70029
0 4 0 5 -64595
0 -14 0 -12 -68567
-6 -2 -6 -1 -68477
24 -14 20 -16 -54581
5 -20 4 -20 -71517
-17 -16 -17 -15 -67757
-8 -8 -8 -7 -60567
22 11 24 13 -43561
11 18 6 19 -71625
6 -20 7 -20 -65575
11 16 9 15 -68023
-22 -9 -24 -13 -63833
5 -14 5 -15 -57373
-24 -22 24 19 -70141
21 -16 19 -13 -64849
-8 -18 -9 -18 -57753
18 -18 15 -18 -62767
3 7 3 5 -71277
-23 18 -23 9 -69219
4 -21 2 -20 -64383
-9 4 -10 8 -74533
7 0 7 -4 -64407
21 3 23 3 -66053
-24 4 -21 3 -59711
8 -12 7 -14 -63909
20 2 19 3 -66057
10 15 8 24 -72015
-22 4 -23 4 -56193
-9 5 -10 6 -71121
-13 -13 -14 -13 -65203
0 13 0 16 -70387
13 23 15 24 -52309
-17 -19 -13 -19 -61055
-10 18 -7 18 -66023
-16 16 -17 21 -68061
2 9 5 11 -72807
2 17 2 15 -61831
-11 -7 -8 -5 -74909
22 -21 23 -22 -30103
-9 -15 -12 -23 -66307
13 2 12 2 -61881
-22 -24 -20 -21 -30475
1 -5 2 -3 -57051
-24 3 -24 10 -56387
22 17 20 13 -57483
-15 -20 -10 -24 -59785
3 -11 14 -9 -91635
7 7 8 9 -59703
-22 -8 -22 -3 -73431
-22 12 -18 16 -67501
-12 17 -18 24 -66987
-15 23 -11 22 -58339
20 11 21 8 -65033
-3 10 -4 12 -68445
-20 -2 -21 -4 -65369
-9 0 -8 0 -61031
22 -22 17 -21 -54565
-9 6 -12 6 -69459
-13 -18 -11 -20 -62491
0 -14 0 -16 -64037
-8 9 -5 10 -65153
-21 19 24 16 -70609
-7 -8 -8 -8 -68901
16 -5 12 -6 -67031
7 -2 7 -4 -65187
-21 17 -21 14 -64285
-2 -15 -1 -17 -62357
-8 -11 -10 -10 -73365
23 20 24 19 -35093
-9 24 -13 19 -70823
-13 14 -17 15 -67763
1 -2 0 -1 -70685
0 -12 -1 -12 -58873
24 -3 23 23 -66663
7 13 4 14 -70681
-8 -15 -9 -13 -69851
0 -19 0 -16 -59803
-23 19 -23 14 -64469
4 14 4 12 -62267
-7 -17 -5 -14 -66179
-11 -16 -10 -16 -64501
-20 23 -19 23 -50575
-12 -8 -14 -7 -67445
-4 21 -4 24 -52751
10 -7 10 -9 -68651
8 -16 7 -14 -60681
13 -9 12 -9 -64581
-1 12 -3 11 -73837
-18 1 -18 2 -67579
-23 1 -20 1 -61425
-11 -23 -11 -21 -55929
-23 11 20 24 -76213
23 0 22 -3 -65989
-7 10 -10 12 -71687
-13 -22 -6 -24 -56709
19 -24 17 -21 -44499
-7 -5 -7 -1 -71209
23 -12 24 0 -68089
-23 -17 -11 -14 -74565
15 14 14 15 -61769
4 -15 5 -21 -66821
-8 17 -6 16 -67325
-8 17 -8 18 -65985
4 7 2 7 -66971
8 15 8 14 -69605
18 -11 14 -10 -66709
16 23 17 17 -63235
5 -3 4 -4 -62127
22 -8 23 -7 -47769
-6 22 -23 21 -70755
-22 16 -20 13 -65397
1 -2 0 0 -69243
-8 24 -6 18 -69621
-5 -12 -4 -12 -62651
14 5 15 5 -66281
1 -21 0 -23 -46861
24 10 20 13 -57315
15 20 19 20 -61809
20 14 19 11 -63061
6 -22 6 -18 -65071
13 -18 11 -18 -65311
-20 17 13 24 -75091
1 2 0 2 -64387
-10 18 -11 21 -68983
12 -13 -1 -8 -93973
-23 3 -22 -19 -68819
-2 13 0 13 -66277
-4 18 -5 18 -60897
16 4 17 4 -67759
16 2 17 3 -56653
22 -22 24 -1 -76717
-3 -17 0 -21 -74767
2 11 3 9 -60815
-6 23 -15 21 -69457
-19 7 -21 4 -65315
-9 -7 -8 -4 -71169
-14 -10 -14 -12 -63797
12 10 12 16 -73965
-24 0 -23 22 -63731
-17 9 -18 11 -64567
0 -24 10 -23 -72213
18 18 21 22 -62889
9 20 8 17 -67153
11 -8 11 -10 -74833
24 -13 22 -10 -51405
0 23 -3 23 -66103
7 4 7 6 -70195
-2 -10 -4 -11 -64401
-24 -8 -23 -6 -55291
0 -11 -1 -13 -68175
-9 -14 -8 -20 -61915
-14 13 -13 13 -68433
19 -21 19 -17 -64627
6 21 16 24 -67309
-15 -11 -14 -10 -69783
-18 -24 -15 -20 -50477
3 12 6 14 -69163
-24 -3 -23 3 -56779
22 -22 23 -12 -70087
-6 2 -3 2 -55863
5 20 0 24 -69293
-18 20 -14 24 -66375
-2 10 -1 8 -61149
