24 -22 23 -9 -71788
-11 -1 -12 -1 -62440
21 -7 24 -24 -70814
-14 19 -12 17 -69298
1 -24 -6 -23 -72454
12 24 20 22 -62970
-3 -24 -6 -22 -62996
-24 -7 -24 -11 -58418
8 13 9 13 -59858
-2 1 -2 0 -56848
-14 4 -14 3 -69468
3 3 6 1 -61740
9 1 8 1 -71970
22 -2 19 -3 -63936
-15 -16 -19 -14 -65866
2 -8 1 -10 -62540
-24 16 -20 14 -57772
15 5 16 8 -73500
23 -1 22 -2 -61120
0 12 3 11 -60428
18 -22 -23 -24 -64706
-13 -23 -10 -22 -67232
11 -10 12 -8 -67344
-17 -23 23 -20 -71204
24 -10 20 -7 -54822
-14 -10 -12 -9 -71944
6 -14 3 -14 -66162
6 -8 9 -8 -72706
-23 16 -24 21 -63632
-16 7 -14 6 -60586
1 -12 2 -12 -64102
15 7 15 9 -73638
-6 -20 -6 -23 -66616
6 -24 -24 -18 -67546
-4 20 -6 22 -69242
14 -24 9 -20 -67598
4 -4 4 -6 -63948
-16 -1 -16 -3 -63842
15 17 15 15 -56118
-24 12 -24 5 -55530
-9 14 -10 16 -68078
-9 -21 -13 -23 -68682
-7 24 23 22 -67990
11 22 9 23 -62612
-2 1 0 0 -54956
-16 -7 -16 -12 -65248
-19 -11 -18 -12 -63782
24 12 24 5 -60976
21 -1 24 -3 -54996
18 13 21 9 -70880
-17 -7 -18 -6 -74606
-18 17 -18 24 -67430
-7 -19 -4 -20 -66752
-10 -12 -9 -8 -66282
15 -12 15 -13 -63232
5 8 5 12 -61416
-23 -18 -21 -16 -49744
21 -22 24 -22 -34566
-19 -19 -24 -19 -53168
18 4 20 4 -71802
-21 8 -22 8 -55812
-21 16 -16 19 -69378
9 13 10 9 -67016
-19 3 -17 4 -63264
16 5 17 3 -65796
-9 -20 -9 -24 -61268
5 19 5 16 -63082
-18 -10 -19 -11 -62060
21 14 21 12 -55150
18 23 17 20 -56148
-9 -13 -7 -10 -66690
-12 17 -11 15 -67954
-16 -5 -19 -6 -66268
1 -24 -8 -22 -78406
-8 -24 12 -22 -73754
-18 5 -18 10 -65472
-7 1 -7 0 -62298
8 24 9 23 -55512
3 0 3 1 -55484
8 20 4 18 -66956
-4 -5 -1 -6 -69864
20 14 19 17 -59214
23 6 22 6 -57290
20 -19 23 -16 -62962
-24 -17 -24 -18 -49188
-15 -15 -16 -19 -68844
-16 14 -10 -2 -92376
0 -22 -2 -21 -70578
5 -24 -2 -24 -61600
5 24 -10 24 -70572
-20 -20 -21 -20 -51610
-15 -24 -15 -21 -41002
-21 20 -23 18 -50946
-3 15 -1 13 -71254
9 8 10 5 -71468
-15 5 -13 7 -60990
-21 -24 -1 -14 -69102
-22 -17 -21 -18 -60634
-19 -5 -24 -6 -53294
16 -10 15 -7 -68226
5 -6 6 -6 -70556
24 1 24 3 -57118
-21 9 -19 10 -60720
21 1 24 3 -60808
-24 22 -22 15 -70898
-12 19 24 24 -65556
-20 -9 24 -16 -71170
-21 12 -20 10 -60516
-2 23 -3 20 -59954
6 -23 6 -19 -61984
-11 -1 -13 -2 -62936
-2 14 -3 11 -70056
3 20 3 23 -57148
14 -11 13 -16 -70428
16 -23 17 -19 -73686
-23 -20 -24 -18 -50274
22 16 17 24 -61444
24 9 19 6 -66118
19 -3 19 -5 -67814
11 14 10 10 -70974
-4 -13 -5 -12 -67928
4 21 1 19 -62170
-24 -17 -24 -16 -51558
2 -9 5 -7 -65998
-22 17 -23 10 -66822
0 -15 -1 -16 -59504
11 -17 14 -24 -72058
11 24 14 20 -58986
-8 -16 -9 -19 -66386
-16 0 -18 -1 -67760
-5 18 -6 15 -64596
15 -11 16 -10 -64372
18 0 20 -1 -68392
-21 -3 -21 -5 -69874
0 -3 1 -3 -64650
-9 -16 -9 -14 -65150
-22 4 -21 1 -68396
-4 4 -4 3 -63246
3 -14 1 -11 -72616
24 -2 24 -8 -55938
15 -17 13 -23 -73808
17 -4 17 -5 -66428
-12 13 -11 13 -67870
-22 11 -22 8 -57886
-7 23 0 24 -65278
-16 -8 -15 -6 -68276
-14 20 -15 18 -70772
10 17 13 21 -65952
16 -24 13 -22 -48142
18 -10 20 -10 -64350
-21 -14 -19 -12 -62834
-21 4 -22 6 -64148
-5 -2 -4 0 -62706
15 0 15 -1 -64224
-11 9 -11 10 -59010
-24 10 -22 -4 -72918
-18 -3 -19 -1 -66306
-22 -13 -24 -12 -47452
7 6 8 0 -73838
21 -22 12 -24 -58782
3 -9 1 -9 -65104
8 -8 9 -9 -70474
-6 -18 -7 -17 -67012
14 -20 9 -24 -72948
24 -17 17 -24 -69864
0 -7 -1 -5 -68448
-6 19 -5 22 -65088
-11 -6 -12 -3 -67550
22 -14 22 -9 -62412
-14 -12 -12 -17 -68502
-15 -22 -11 -20 -70974
22 12 24 21 -51706
16 -8 15 -5 -72648
11 7 13 4 -78800
-3 8 -4 8 -61192
15 -13 14 -18 -67834
-18 -6 -20 -3 -73312
-2 -1 -4 -19 -75284
23 12 24 3 -68226
-18 22 -13 24 -61090
-4 7 -7 6 -70212
0 -22 1 -19 -59860
8 -22 12 -21 -67648
15 -6 18 -5 -63428
7 -22 6 -24 -44988
6 -10 6 -11 -63566
-9 -8 -11 -8 -67906
-21 -24 -12 -23 -48742
0 17 1 15 -67676
3 23 -2 22 -59740
-15 -20 -15 -16 -66274
-1 -9 -2 -8 -70384
9 24 8 23 -39658
-8 8 -11 8 -72276
24 13 24 -17 -71656
-22 -8 -24 -16 -68848
-7 13 -7 15 -62554
2 9 1 7 -62442
-23 -15 -24 -14 -46738
-10 -8 -11 -6 -65280
-3 -23 23 -22 -66550
-20 -24 -19 -15 -62832
-18 -12 -24 -8 -69624
-8 4 -8 6 -70872
13 10 13 -4 -87706
17 -15 23 -20 -68910
-2 -21 -1 -21 -64152
12 -8 8 -8 -69146
5 24 9 19 -71074
-17 -23 -22 -16 -68006
21 -7 20 -7 -59998
-9 3 -8 4 -67096
10 -14 11 -14 -60318
0 20 -1 23 -62056
13 -12 12 -10 -67158
20 -13 20 -6 -66448
6 -22 2 -23 -71934
-17 -15 -17 -14 -63608
20 24 12 23 -63710
22 -10 21 -11 -53574
22 0 24 10 -69744
-23 0 -23 4 -65536
13 16 18 24 -71996
-4 -19 -5 -23 -67220
-14 -6 -14 -3 -63234
0 17 1 17 -58156
-18 -7 -16 -9 -73230
-19 19 -16 20 -64174
22 14 17 16 -66690
-21 -3 -21 1 -65606
-23 -22 -23 -20 -35870
18 -20 19 -18 -71716
-23 23 -20 20 -59540
14 -24 14 -23 -35106
0 23 -4 24 -65184
-3 -4 -3 -5 -58144
-9 4 -1 13 -86918
14 11 13 11 -62384
-5 -10 -5 -9 -62166
-1 -8 -1 -11 -70182
6 -23 3 -22 -69080
7 0 9 3 -69258
1 1 0 0 -62172
17 8 23 7 -74474
11 -2 7 -2 -74710
-16 8 -18 8 -58844
-8 -23 -5 -19 -64218
11 -21 7 -18 -68188
-21 -10 -21 -11 -65094
17 11 16 11 -59178
3 5 1 7 -63950
-15 4 -16 0 -72094
18 -16 20 -16 -66414
10 -6 11 -5 -67558
17 -15 14 -13 -64826
22 4 21 7 -65236
-12 4 -12 3 -71362
9 20 14 19 -67836
17 -24 19 -19 -71730
10 0 8 3 -71540
0 -12 0 -11 -70840
9 -11 9 -9 -66158
10 -6 10 -5 -70458
-13 -7 -14 -8 -72134
10 -2 12 -15 -86496
-3 -4 -4 -4 -59972
-6 13 -7 12 -66580
22 23 21 22 -24332
0 24 11 24 -65588
10 7 12 7 -64796
-20 22 -21 20 -51654
19 -19 15 -23 -73732
23 1 23 -2 -63620
-12 0 -12 2 -63750
8 -4 9 -5 -70124
-9 19 -4 24 -65018
16 4 21 -22 -85732
-15 19 -24 22 -68894
-8 -16 -6 -15 -68220
-24 14 1 15 -72818
7 -19 14 -23 -75882
-13 13 -11 15 -64742
0 -18 2 -22 -69808
19 18 20 18 -55636
11 -1 15 0 -68018
11 -1 11 -3 -67724
19 5 18 24 -73126
-5 -8 -6 -7 -68782
14 -22 10 -24 -64176
-1 5 -2 3 -67376
-21 20 -23 22 -59286
20 -12 18 -14 -67124
21 4 22 7 -67412
12 4 12 3 -68482
24 -18 23 3 -79724
9 14 9 16 -71126
22 3 24 -3 -69572
8 -23 10 -19 -64192
2 23 8 23 -61880
-19 22 -18 18 -69746
6 17 7 24 -65776
-23 -4 -23 -5 -59534
12 13 13 15 -72338
1 -10 0 -8 -69110
11 -16 11 -15 -57208
-15 6 -16 8 -66314
-13 23 -14 19 -66110
-22 -8 -22 -7 -62792
15 -3 14 -1 -68172
12 5 11 -1 -80406
-8 -2 -6 -4 -63598
17 6 17 9 -74106
13 17 14 17 -60032
-10 17 -9 20 -70840
-14 0 -12 -3 -65716
-11 24 -13 24 -54736
-8 5 -7 8 -72284
19 13 16 11 -63088
-6 10 -6 8 -60698
-8 1 -8 2 -64046
4 22 3 24 -52924
-16 -1 -17 -1 -65576
-23 -9 -23 -18 -64658
-19 -18 -15 -24 -56514
-19 16 -24 15 -57626
14 23 15 18 -60072
6 9 5 9 -70630
11 -5 11 -4 -72086
6 7 7 7 -69084
10 11 12 9 -68418
24 0 23 4 -62996
1 3 2 4 -61192
-7 -19 -5 -24 -69722
-21 -2 -22 -2 -54782
-18 9 -18 15 -63520
12 -2 12 3 -76206
-6 23 -8 24 -46760
24 16 23 23 -46176
15 -21 14 -17 -67680
17 -6 14 -4 -70954
-6 0 16 3 -86434
-21 0 -20 3 -69724
-3 13 -3 14 -70142
-13 12 -13 15 -55896
-12 7 -11 9 -67310
-8 8 -10 14 -71172
23 -15 23 -18 -54824
6 5 13 3 -82278
8 -12 6 -13 -64346
0 4 0 5 -59886
0 -14 0 -12 -70756
-6 -2 -6 -1 -59914
24 -14 20 -16 -54530
5 -20 4 -20 -73058
-17 -16 -17 -15 -67664
-8 -8 -8 -7 -61388
22 11 24 13 -43354
11 18 6 19 -69848
6 -20 7 -20 -64668
11 16 9 15 -68224
-22 -9 -24 -13 -63768
5 -14 5 -15 -58082
-24 -22 24 19 -66646
21 -16 19 -13 -64944
-8 -18 -9 -18 -60390
18 -18 15 -18 -63698
3 7 3 5 -63962
-23 18 -23 9 -68554
4 -21 2 -20 -69386
-9 4 -10 8 -76894
7 0 7 -4 -68130
21 3 23 3 -67172
-24 4 -21 3 -58666
8 -12 7 -14 -63074
20 2 19 3 -67678
10 15 8 24 -71248
-22 4 -23 4 -54814
-9 5 -10 6 -71154
-13 -13 -14 -13 -65620
0 13 0 16 -69356
13 23 15 24 -52538
-17 -19 -13 -19 -60782
-10 18 -7 18 -65060
-16 16 -17 21 -68638
2 9 5 11 -70730
2 17 2 15 -61314
-11 -7 -8 -5 -70888
22 -21 23 -22 -30670
-9 -15 -12 -23 -74142
13 2 12 2 -65660
-22 -24 -20 -21 -29480
1 -5 2 -3 -57298
-24 3 -24 10 -56802
22 17 20 13 -58414
-15 -20 -10 -24 -61824
3 -10 6 -12 -75380
7 7 8 9 -61592
-22 -8 -22 -3 -71346
-22 12 -18 16 -66506
-12 17 -18 24 -68086
-15 23 -11 22 -58594
20 11 21 8 -65268
-3 10 -4 12 -67074
-20 -2 -21 -4 -64912
-9 0 -8 0 -58588
22 -22 17 -21 -56412
-9 6 -12 6 -67732
-13 -18 -11 -20 -65916
0 -14 0 -16 -65156
-8 9 -5 10 -69300
-21 19 24 16 -66170
-7 -8 -8 -8 -66078
16 -5 12 -6 -67414
7 -2 7 -4 -69286
-21 17 -21 14 -64032
-2 -15 -1 -17 -66376
-8 -11 -10 -10 -68656
23 20 24 19 -34698
-9 24 -13 19 -71044
-13 14 -17 15 -68084
1 -2 0 -1 -69932
0 -12 -1 -12 -60722
24 -3 23 23 -65616
7 13 4 14 -65540
-8 -15 -9 -13 -67574
0 -19 0 -16 -61752
-23 19 -23 14 -64232
4 14 4 12 -61770
-7 -17 -5 -14 -69426
-11 -16 -10 -16 -64498
-20 23 -19 23 -50528
-12 -8 -14 -7 -67564
-4 21 -4 24 -51712
10 -7 10 -9 -68048
8 -16 7 -14 -60986
13 -9 12 -9 -62398
-1 12 -3 11 -64656
-18 1 -18 2 -67226
-23 1 -20 1 -59638
-11 -23 -11 -21 -55830
-23 11 20 24 -72050
23 0 22 -3 -66928
-7 10 -10 12 -71008
-13 -22 -6 -24 -58338
19 -24 17 -21 -44716
-7 -5 -7 -1 -62484
23 -12 24 0 -74442
-23 -17 -11 -14 -74796
15 14 14 15 -61528
4 -15 5 -21 -66978
-8 17 -6 16 -66968
-8 17 -8 18 -65074
4 7 2 7 -66544
8 15 8 14 -70270
18 -11 14 -10 -67120
16 23 17 17 -62522
5 -3 4 -4 -63262
22 -8 23 -7 -49566
-6 22 -23 21 -70968
-22 16 -20 13 -65442
1 -2 0 0 -68634
-8 24 -6 18 -68322
-5 -12 -4 -12 -63542
14 5 15 5 -64816
1 -21 0 -23 -48204
24 10 20 13 -57854
15 20 19 20 -60886
20 14 19 11 -63480
6 -22 6 -18 -65718
13 -18 11 -18 -64920
-20 17 13 24 -73972
1 2 0 2 -64266
-10 18 -11 21 -68174
14 10 13 6 -75014
-23 3 -22 -19 -65026
-2 13 0 13 -61984
-4 18 -5 18 -58386
16 4 17 4 -65242
16 2 17 3 -60028
22 -22 24 -1 -78666
-3 -17 0 -21 -78262
2 11 3 9 -59392
-6 23 -15 21 -69274
-19 7 -21 4 -64194
-9 -7 -8 -4 -67912
-14 -10 -14 -12 -57460
12 10 12 16 -74922
-24 0 -23 22 -63440
-17 9 -18 11 -65360
0 -24 10 -23 -75572
18 18 21 22 -62660
9 20 8 17 -66760
20 0 21 -12 -82070
24 -13 22 -10 -50900
0 23 -3 23 -65062
7 4 7 6 -66412
-2 -10 -4 -11 -65938
-24 -8 -23 -6 -53700
0 -11 -1 -13 -70354
-9 -14 -8 -20 -72962
-14 13 -13 13 -68250
19 -21 19 -17 -65066
6 21 16 24 -67780
-15 -11 -14 -10 -67830
-18 -24 -15 -20 -50536
3 12 6 14 -65598
-24 -3 -23 3 -57294
22 -22 23 -12 -71038
-6 2 -3 2 -55950
5 20 0 24 -67666
-18 20 -14 24 -66230
-2 10 -1 8 -59266
