24 -22 23 -9 -70148
-11 -1 -12 -1 -64628
21 -7 24 -24 -69582
-17 -19 -18 -23 -61430
1 -24 -6 -23 -68282
12 24 20 22 -76104
-3 -24 -6 -22 -56708
-24 -7 -24 -11 -53974
8 13 9 13 -60298
-2 1 -2 0 -58924
-14 4 -14 3 -66972
0 -7 0 -6 -69832
9 1 8 1 -64224
22 -2 19 -3 -71108
1 -5 -2 -6 -69570
2 -8 1 -10 -61490
-24 16 -20 14 -61926
15 11 16 10 -72330
23 -1 22 -2 -59550
0 12 3 11 -59134
18 -22 -23 -24 -62950
-13 -23 -10 -22 -66464
11 -10 12 -8 -65926
6 -4 5 0 -72360
24 -10 20 -7 -58112
-14 -10 -12 -9 -65970
6 -14 3 -14 -60794
6 -8 9 -8 -72914
-23 16 -24 21 -61520
-10 12 -10 15 -64984
1 -12 2 -12 -60842
15 7 15 9 -64460
-6 -20 -6 -23 -65756
20 10 -24 8 -69996
-4 20 -6 22 -65276
14 -24 9 -20 -67968
4 -4 4 -6 -72604
-6 -20 -5 -24 -66166
15 17 15 15 -56666
-24 12 -24 5 -53644
-9 14 -10 16 -67470
-9 -21 -13 -23 -66342
-7 24 23 22 -69784
11 22 9 23 -61054
-2 1 0 0 -57902
-16 -7 -16 -12 -73310
-19 -11 -18 -12 -63038
24 12 24 5 -60062
21 -1 24 -3 -54554
-13 -7 -13 -9 -67728
-17 -7 -18 -6 -64896
13 0 13 1 -63232
-7 -19 -4 -20 -62590
19 2 18 0 -71432
15 -12 15 -13 -60630
5 8 5 12 -65634
-23 -18 -21 -16 -51776
21 -22 24 -22 -36292
-19 -19 -24 -19 -52072
18 4 20 4 -64770
-21 8 -22 8 -66996
-20 -1 -18 0 -72246
9 13 10 9 -69838
-19 3 -17 4 -71772
16 5 17 3 -65512
-9 -20 -9 -24 -60104
5 19 5 16 -62144
-18 -10 -19 -11 -62088
21 14 21 12 -60022
18 23 17 20 -52742
-9 -13 -7 -10 -68676
-12 17 -11 15 -66920
6 -18 7 19 -90250
8 -21 -19 -23 -70630
-5 23 -19 24 -65046
-18 5 -18 10 -66060
-7 1 -7 0 -66380
8 24 9 23 -53394
3 0 3 1 -55610
0 12 0 9 -61320
-4 -5 -1 -6 -66972
20 14 19 17 -62372
23 6 22 6 -49048
20 -19 23 -16 -63062
-24 -17 -24 -18 -51752
-15 -15 -16 -19 -64878
0 -3 0 -4 -75498
0 -22 -2 -21 -68026
5 -24 -2 -24 -66410
1 -19 2 7 -79020
-20 -20 -21 -20 -47380
-15 -24 -15 -21 -44996
-21 20 -23 18 -47878
-3 15 -1 13 -63404
9 8 10 5 -64440
-15 5 -13 7 -60128
-14 1 -13 0 -68578
-22 -17 -21 -18 -63086
-19 -5 -24 -6 -60390
16 -10 15 -7 -65126
-11 -1 -11 0 -68620
24 1 24 3 -59608
-21 9 -19 10 -68404
21 1 24 3 -58414
-24 22 -22 15 -69538
-12 19 24 24 -66510
-20 -9 24 -16 -72984
-21 12 -20 10 -57776
-2 23 -3 20 -62908
6 -23 6 -19 -56244
-11 -1 -13 -2 -66828
4 -20 5 -20 -69766
3 20 3 23 -53882
9 -9 7 -10 -73690
16 -23 17 -19 -69726
-23 -20 -24 -18 -53212
22 16 17 24 -72550
12 -13 5 -11 -78002
19 -3 19 -5 -62056
11 14 10 10 -65962
-19 0 -19 1 -68064
4 21 1 19 -63306
-24 -17 -24 -16 -53986
2 -9 5 -7 -62386
-22 17 -23 10 -68198
0 -15 -1 -16 -65262
11 -17 14 -24 -70252
11 24 14 20 -62262
-8 -16 -9 -19 -51234
-3 19 1 22 -69996
-5 18 -6 15 -61860
15 -11 16 -10 -64530
18 0 20 -1 -64300
-21 -3 -21 -5 -63744
0 -3 1 -3 -61344
-9 -16 -9 -14 -55136
-22 4 -21 1 -67228
-4 4 -4 3 -64154
-7 14 -7 12 -62090
24 -2 24 -8 -49878
15 -17 13 -23 -70730
17 -4 17 -5 -59344
-12 13 -11 13 -64402
-22 11 -22 8 -54664
-7 23 0 24 -62590
-16 -8 -15 -6 -65896
-14 20 -15 18 -73160
10 17 13 21 -66052
16 -24 13 -22 -51814
18 -10 20 -10 -65510
-21 -14 -19 -12 -58680
-21 4 -22 6 -65046
-15 -9 -16 -7 -70654
15 0 15 -1 -63792
-11 9 -11 10 -55606
15 10 17 16 -72376
-18 -3 -19 -1 -63340
-22 -13 -24 -12 -52794
10 24 -22 21 -66888
21 -22 12 -24 -57866
-7 -5 -9 -5 -70342
8 -8 9 -9 -67078
-6 -18 -7 -17 -61902
14 -20 9 -24 -73498
24 -17 17 -24 -69774
-17 0 -20 0 -73418
-6 19 -5 22 -64094
16 19 17 18 -73528
22 -14 22 -9 -59884
-14 -12 -12 -17 -66870
-15 -22 -11 -20 -71164
22 12 24 21 -57946
17 2 18 6 -74682
14 8 17 5 -74152
-3 8 -4 8 -57490
15 -13 14 -18 -64420
-14 -1 -14 -6 -71596
-13 -13 -16 -12 -66512
23 12 24 3 -69600
-18 22 -13 24 -65064
-4 7 -7 6 -65446
0 -22 1 -19 -66102
8 -22 12 -21 -66420
15 -6 18 -5 -63686
7 -22 6 -24 -45150
10 20 11 -11 -91390
-9 -8 -11 -8 -67362
-21 -24 -12 -23 -54434
0 17 1 15 -62262
3 23 -2 22 -61134
-15 -20 -15 -16 -61514
-1 -9 -2 -8 -65174
9 24 8 23 -39740
-22 -17 -23 -16 -66188
24 13 24 -17 -66516
-22 -8 -24 -16 -65450
21 13 22 12 -61894
2 9 1 7 -56780
-23 -15 -24 -14 -53746
-10 -8 -11 -6 -66676
-3 -23 23 -22 -68874
-20 -24 -19 -15 -66694
-18 -12 -24 -8 -70606
-8 4 -8 6 -59852
-16 18 -14 13 -70168
17 -15 23 -20 -70944
-2 -21 -1 -21 -70404
-20 6 -18 4 -72492
5 24 9 19 -68292
10 11 8 3 -76364
21 -7 20 -7 -66172
-9 3 -8 4 -67664
10 -14 11 -14 -63660
0 20 -1 23 -56480
13 -12 12 -10 -64042
20 -13 20 -6 -64082
6 -22 2 -23 -66760
-17 -15 -17 -14 -63140
20 24 12 23 -70148
22 -10 21 -11 -55528
22 0 24 10 -71640
-23 0 -23 4 -58876
2 -21 1 -24 -57420
4 3 2 4 -62794
-14 -6 -14 -3 -66700
0 17 1 17 -59220
-23 -10 -16 -8 -69220
-19 19 -16 20 -67502
22 14 17 16 -69646
-21 -3 -21 1 -65336
-23 -22 -23 -20 -35256
18 -20 19 -18 -70588
-23 23 -20 20 -63972
14 -24 14 -23 -33586
0 23 -4 24 -61568
-3 -4 -3 -5 -71188
-4 -24 -1 -23 -60030
14 11 13 11 -69384
-5 -10 -5 -9 -56402
-1 17 -2 13 -62062
6 -23 3 -22 -64052
-20 13 -17 15 -62796
1 1 0 0 -58774
11 -9 11 -8 -63158
11 -2 7 -2 -67830
-16 8 -18 8 -61218
-8 -23 -5 -19 -56432
11 -21 7 -18 -61596
-21 -10 -21 -11 -62774
17 11 16 11 -71590
3 5 1 7 -62308
-11 23 -14 21 -63352
-22 8 -24 7 -53672
10 -6 11 -5 -59090
17 -15 14 -13 -66440
22 4 21 7 -68808
-12 4 -12 3 -67660
9 20 14 19 -71798
17 -24 19 -19 -66704
10 0 8 3 -65622
0 -12 0 -11 -57176
9 -11 9 -9 -63438
10 -6 10 -5 -60446
14 -23 10 -22 -67496
6 -20 6 -17 -61678
-3 3 -4 3 -67534
-6 13 -7 12 -60604
22 23 21 22 -39838
0 24 11 24 -68094
10 7 12 7 -60626
-20 22 -21 20 -45002
-11 -24 -19 -24 -58270
23 1 23 -2 -62336
-12 0 -12 2 -72668
8 -4 9 -5 -68750
-9 19 -4 24 -60430
22 -4 22 -2 -59374
22 21 21 19 -62154
-8 -16 -6 -15 -59026
-24 11 -20 14 -63440
1 -2 1 0 -63484
-13 13 -11 15 -71596
14 17 14 -20 -84494
19 18 20 18 -61376
20 -6 24 -4 -67056
11 -1 11 -3 -59286
-19 -10 22 -6 -78048
-13 13 -14 12 -64216
14 -22 10 -24 -66334
-1 5 -2 3 -60438
-21 20 -23 22 -63032
17 -8 17 -10 -61568
21 4 22 7 -69504
12 4 12 3 -60940
-9 -23 23 -24 -66632
9 14 9 16 -66532
22 3 24 -3 -70766
8 -23 10 -19 -62334
2 23 8 23 -65864
-19 22 -18 18 -61892
6 17 7 24 -63608
-23 -4 -23 -5 -55826
-16 -3 -15 -1 -68940
1 -10 0 -8 -61038
11 -16 11 -15 -56716
-15 6 -16 8 -66850
-13 23 -14 19 -61762
-22 -8 -22 -7 -60844
15 -3 14 -1 -63428
19 18 22 23 -67270
-7 -16 11 -13 -86308
17 6 17 9 -68164
13 17 14 17 -69812
-10 17 -9 20 -69784
-14 0 -12 -3 -71884
-11 24 -13 24 -55760
-8 5 -7 8 -65022
19 13 16 11 -69660
-6 10 -6 8 -60300
-8 1 -8 2 -68346
4 22 3 24 -47238
-16 -1 -17 -1 -63576
-23 -9 -23 -18 -63382
-19 -18 -15 -24 -50398
-19 16 -24 15 -61608
14 23 15 18 -66242
6 9 5 9 -68144
11 -5 11 -4 -63546
6 7 7 7 -68644
10 11 12 9 -71662
24 0 23 4 -67326
21 -22 17 -23 -58628
-6 1 -4 4 -70334
-21 -2 -22 -2 -63370
8 -4 7 5 -69034
12 1 14 3 -65504
-6 23 -8 24 -42042
24 16 23 23 -49400
15 -21 14 -17 -68608
17 -6 14 -4 -63978
-7 11 -9 9 -66686
-15 10 -15 -23 -72062
-3 13 -3 14 -60452
-4 -4 -2 -2 -73148
-23 23 -19 22 -59218
8 16 5 -10 -92226
23 -15 23 -18 -55616
-4 -5 -6 -5 -64980
8 -12 6 -13 -70292
0 4 0 5 -58776
9 -14 10 -12 -63048
-6 -2 -6 -1 -60926
24 -14 20 -16 -53698
-16 5 -13 4 -65022
-17 -16 -17 -15 -65848
-8 -8 -8 -7 -58154
22 11 24 13 -44696
11 18 6 19 -68290
6 -20 7 -20 -59652
11 16 9 15 -64860
-22 -9 -24 -13 -62020
5 -14 5 -15 -59072
-24 -22 24 19 -70212
21 -16 19 -13 -66402
-8 -18 -9 -18 -55872
18 -18 15 -18 -59292
-14 7 -13 6 -66426
-23 18 -23 9 -69212
4 -21 2 -20 -70604
0 -15 0 -18 -73490
-13 17 -13 19 -69298
21 3 23 3 -60218
-24 4 -21 3 -67174
-23 -21 -1 0 -68322
20 2 19 3 -65416
-15 15 -15 13 -61716
-22 4 -23 4 -65292
6 1 4 2 -61208
-13 -13 -14 -13 -66750
-6 -10 -7 -12 -68700
13 23 15 24 -51434
-17 -19 -13 -19 -59820
-10 18 -7 18 -57414
-16 16 -17 21 -69782
-15 12 -15 8 -61292
2 17 2 15 -59144
-9 22 -23 24 -71044
22 -21 23 -22 -34586
-3 -23 -5 -10 -73676
13 2 12 2 -58810
-22 -24 -20 -21 -33412
1 -5 2 -3 -70670
-24 3 -24 10 -52274
22 17 20 13 -61034
-15 -20 -10 -24 -65390
5 -11 5 -12 -62204
7 7 8 9 -66964
-22 -8 -22 -3 -67378
-3 7 -4 10 -71464
-12 17 -18 24 -65872
-15 23 -11 22 -61780
20 11 21 8 -63778
18 17 14 15 -70040
-20 -2 -21 -4 -65168
-9 0 -8 0 -65428
22 -22 17 -21 -60310
-9 6 -12 6 -62852
-13 -18 -11 -20 -65112
0 -14 0 -16 -66378
-9 8 -7 7 -61870
-21 19 24 16 -71146
-7 -8 -8 -8 -68240
16 -5 12 -6 -64140
-18 0 -15 4 -75888
-21 17 -21 14 -66172
-2 -15 -1 -17 -64948
-8 -11 -10 -10 -68416
23 20 24 19 -37732
1 -9 0 -9 -66060
-9 -12 -9 -9 -64866
6 -4 4 -2 -73402
0 -12 -1 -12 -66558
24 -3 23 23 -66154
7 13 4 14 -62188
-8 -15 -9 -13 -61402
0 -19 0 -16 -68162
-23 19 -23 14 -63280
4 14 4 12 -59274
5 -8 5 -12 -67304
-11 -16 -10 -16 -64040
-20 23 -19 23 -58172
-12 -8 -14 -7 -68304
-4 21 -4 24 -50712
10 20 10 19 -59730
8 -16 7 -14 -62378
13 -9 12 -9 -59152
19 8 17 4 -76674
-18 1 -18 2 -69290
-23 1 -20 1 -71210
-11 -23 -11 -21 -55704
8 2 9 4 -62746
24 -14 15 -13 -72280
-7 10 -10 12 -62022
-13 -22 -6 -24 -57310
19 -24 17 -21 -46970
-7 -5 -7 -1 -63276
23 -12 24 0 -61038
7 22 0 23 -67616
15 14 14 15 -70530
4 -15 5 -21 -70220
-8 17 -6 16 -61488
-8 17 -8 18 -66388
4 7 2 7 -62554
8 15 8 14 -66900
18 -11 14 -10 -67488
16 23 17 17 -69722
-3 -23 0 -21 -67608
22 -8 23 -7 -52670
20 22 -23 21 -70528
-22 16 -20 13 -69028
13 -10 -14 -14 -86636
-8 24 -6 18 -66764
-5 -12 -4 -12 -60312
14 5 15 5 -68428
1 -21 0 -23 -65258
24 10 20 13 -59050
15 20 19 20 -74100
20 14 19 11 -67190
10 24 21 7 -90258
13 -18 11 -18 -66432
-1 -5 -3 -2 -68238
1 2 0 2 -57310
-10 18 -11 21 -67304
12 9 14 11 -66018
3 -22 0 -21 -67912
-2 13 0 13 -55082
-4 18 -5 18 -51850
16 4 17 4 -68256
16 2 17 3 -71546
10 8 6 10 -71278
-3 -18 -2 -24 -66618
2 11 3 9 -62782
20 23 18 24 -53304
-19 7 -21 4 -68262
-9 -7 -8 -4 -62586
-14 -10 -14 -12 -63218
-9 1 -11 0 -68056
-24 0 -23 22 -63984
-17 9 -18 11 -64760
2 0 5 4 -60940
24 22 21 22 -29994
9 20 8 17 -68470
-16 20 -21 19 -71266
24 -13 22 -10 -51524
0 23 -3 23 -64378
7 4 7 6 -59314
-2 -10 -4 -11 -68256
-24 -8 -23 -6 -55836
0 -11 -1 -13 -65534
18 -16 18 -11 -67384
-14 13 -13 13 -62946
19 -21 19 -17 -69722
6 21 16 24 -65300
-15 -11 -14 -10 -66132
-18 -24 -15 -20 -58792
3 12 6 14 -62324
-24 -3 -23 3 -54502
22 -22 23 -12 -72566
-6 2 -3 2 -72196
23 -20 23 -19 -48902
-18 20 -14 24 -63986
-2 10 -1 8 -69284
