24 -22 23 -9 -73420
-11 -1 -12 -1 -57692
21 -7 24 -24 -72746
-17 -19 -18 -23 -61792
1 -24 -6 -23 -68426
12 24 20 22 -67548
-3 -24 -6 -22 -55830
-24 -7 -24 -11 -54174
8 13 9 13 -59240
-2 1 -2 0 -60900
-14 4 -14 3 -65782
0 23 0 21 -63578
9 1 8 1 -63292
22 -2 19 -3 -71142
1 -5 -2 -6 -65372
2 -8 1 -10 -62840
-24 16 -20 14 -61998
15 11 16 10 -68672
23 -1 22 -2 -59536
0 12 3 11 -66234
18 -22 -23 -24 -62254
-13 -23 -10 -22 -69226
11 -10 12 -8 -66626
6 -4 5 0 -63334
24 -10 20 -7 -59388
-14 -10 -12 -9 -68832
6 -14 3 -14 -59692
6 -8 9 -8 -66168
-23 16 -24 21 -60788
-10 12 -10 15 -70700
1 -12 2 -12 -61960
15 7 15 9 -57470
-6 -20 -6 -23 -71224
2 13 6 14 -74884
-4 20 -6 22 -68480
14 -24 9 -20 -63090
4 -4 4 -6 -64308
-6 -20 -5 -24 -67350
15 17 15 15 -53002
-24 12 -24 5 -54374
-9 14 -10 16 -69940
-9 -21 -13 -23 -70208
-7 24 23 22 -68888
11 22 9 23 -58530
-2 1 0 0 -54578
-16 -7 -16 -12 -73766
-19 -11 -18 -12 -61790
24 12 24 5 -57568
21 -1 24 -3 -54740
-13 -7 -13 -9 -70114
-17 -7 -18 -6 -60654
13 0 13 1 -63578
-7 -19 -4 -20 -61732
19 2 18 0 -70946
15 -12 15 -13 -61636
5 8 5 12 -64780
-23 -18 -21 -16 -51364
21 -22 24 -22 -38258
-19 -19 -24 -19 -52498
18 4 20 4 -64296
-21 8 -22 8 -70234
-3 -19 9 -23 -87284
9 13 10 9 -66622
-19 3 -17 4 -67514
16 5 17 3 -65326
-9 -20 -9 -24 -65972
5 19 5 16 -60412
-18 -10 -19 -11 -62040
21 14 21 12 -59690
18 23 17 20 -54046
-9 -13 -7 -10 -67756
-12 17 -11 15 -70466
-12 20 -16 23 -57766
8 -21 -19 -23 -70308
-5 23 -19 24 -64880
-18 5 -18 10 -70326
-7 1 -7 0 -68074
8 24 9 23 -53648
3 0 3 1 -59936
0 12 0 9 -65546
-4 -5 -1 -6 -65068
20 14 19 17 -61158
23 6 22 6 -49212
20 -19 23 -16 -70174
-24 -17 -24 -18 -51400
-15 -15 -16 -19 -64126
0 -3 0 -4 -69684
0 -22 -2 -21 -69272
5 -24 -2 -24 -70778
-8 -23 -7 -21 -63502
-20 -20 -21 -20 -47372
-15 -24 -15 -21 -46124
-21 20 -23 18 -49206
-3 15 -1 13 -64906
9 8 10 5 -60488
-15 5 -13 7 -69440
-14 1 -13 0 -62532
-22 -17 -21 -18 -63388
-19 -5 -24 -6 -56630
16 -10 15 -7 -66552
-11 -1 -11 0 -62744
24 1 24 3 -58708
-21 9 -19 10 -73350
21 1 24 3 -57580
-24 22 -22 15 -68484
-12 19 24 24 -66852
-20 -9 24 -16 -66976
-21 12 -20 10 -60176
-2 23 -3 20 -63038
6 -23 6 -19 -56896
-11 -1 -13 -2 -62214
4 -20 5 -20 -73768
3 20 3 23 -61440
9 -9 7 -10 -68070
16 -23 17 -19 -68670
-23 -20 -24 -18 -54206
19 22 20 21 -72512
3 20 10 19 -72460
19 -3 19 -5 -62124
11 14 10 10 -62302
-19 0 -19 1 -68154
4 21 1 19 -64126
-24 -17 -24 -16 -53570
2 -9 5 -7 -62998
-22 17 -23 10 -69518
0 -15 -1 -16 -66860
-18 7 -22 7 -79050
11 24 14 20 -58526
-8 -16 -9 -19 -56030
-3 14 -4 13 -67112
-5 18 -6 15 -69030
15 -11 16 -10 -63310
18 0 20 -1 -64644
-21 -3 -21 -5 -64568
0 -3 1 -3 -64414
-9 -16 -9 -14 -55808
-22 4 -21 1 -68704
-5 3 -6 0 -68158
-7 14 -7 12 -67944
24 -2 24 -8 -49646
15 -17 13 -23 -69774
17 -4 17 -5 -59402
-12 13 -11 13 -67036
-22 11 -22 8 -57534
-7 23 0 24 -59382
-16 -8 -15 -6 -70668
-14 20 -15 18 -72620
10 17 13 21 -70772
16 -24 13 -22 -51258
18 -10 20 -10 -65904
-21 -14 -19 -12 -59760
-21 4 -22 6 -67132
-15 -9 -16 -7 -69570
15 0 15 -1 -63448
-11 9 -11 10 -60680
15 10 17 16 -71076
-18 -3 -19 -1 -60154
-22 -13 -24 -12 -53078
10 24 -22 21 -64828
21 -22 12 -24 -60758
-10 -3 -5 -9 -80516
8 -8 9 -9 -61734
-6 -18 -7 -17 -63196
14 -20 9 -24 -73560
24 -17 17 -24 -73836
-4 -3 -4 -10 -77878
-6 19 -5 22 -62230
16 19 17 18 -64578
22 -14 22 -9 -59982
-14 -12 -12 -17 -66774
-15 -22 -11 -20 -74644
22 12 24 21 -56852
17 2 18 6 -72244
-1 -7 3 5 -84682
-3 8 -4 8 -59514
15 -13 14 -18 -69690
-14 -1 -14 -6 -69614
-13 -13 -16 -12 -68072
23 12 24 3 -66398
-18 22 -13 24 -61464
-4 7 -7 6 -63756
0 -22 1 -19 -65844
8 -22 12 -21 -65772
15 -6 18 -5 -61974
7 -22 6 -24 -45354
4 6 3 4 -69150
-9 -8 -11 -8 -64944
-21 -24 -12 -23 -55866
0 17 1 15 -65284
3 23 -2 22 -57176
-15 -20 -15 -16 -60434
-1 -9 -2 -8 -63104
9 24 8 23 -39658
-22 -17 -23 -16 -66934
24 13 24 -17 -64334
-22 -8 -24 -16 -65546
21 13 22 12 -62820
2 9 1 7 -66012
-23 -15 -24 -14 -53424
-10 -8 -11 -6 -72712
-3 -23 23 -22 -70794
-20 -24 -19 -15 -67438
-18 -12 -24 -8 -69408
-8 4 -8 6 -58342
-16 18 -14 13 -72712
17 -15 23 -20 -72802
-2 -21 -1 -21 -71654
-20 6 -18 4 -72702
5 24 9 19 -70712
19 11 17 12 -70128
21 -7 20 -7 -65906
-9 3 -8 4 -64642
10 -14 11 -14 -57788
0 20 -1 23 -65002
13 -12 12 -10 -61874
20 -13 20 -6 -64010
6 -22 2 -23 -70128
-17 -15 -17 -14 -62382
20 24 12 23 -61540
22 -10 21 -11 -54916
22 0 24 10 -68288
-23 0 -23 4 -65022
2 -21 1 -24 -58834
4 3 2 4 -69416
-14 -6 -14 -3 -67574
0 17 1 17 -59436
-23 -10 -16 -8 -66940
-19 19 -16 20 -66726
22 14 17 16 -71224
-21 -3 -21 1 -66602
-23 -22 -23 -20 -35928
18 -20 19 -18 -77184
-23 23 -20 20 -62216
14 -24 14 -23 -31608
0 23 -4 24 -58698
-3 -4 -3 -5 -71282
-4 -24 -1 -23 -61256
14 11 13 11 -68238
-5 -10 -5 -9 -60042
-1 17 -2 13 -66796
6 -23 3 -22 -72418
-20 13 -17 15 -65018
1 1 0 0 -65136
11 -9 11 -8 -62842
11 -2 7 -2 -66670
-16 8 -18 8 -67826
-8 -23 -5 -19 -67300
11 -21 7 -18 -61894
-21 -10 -21 -11 -62884
17 11 16 11 -67822
3 5 1 7 -62434
-11 23 -14 21 -65062
-22 8 -24 7 -54020
10 -6 11 -5 -59696
17 -15 14 -13 -69496
22 4 21 7 -65942
-12 4 -12 3 -66644
9 20 14 19 -67910
17 -24 19 -19 -66748
10 0 8 3 -63022
0 -12 0 -11 -59116
9 -11 9 -9 -62708
10 -6 10 -5 -59948
14 -23 10 -22 -65962
6 -20 6 -17 -68298
-3 3 -4 3 -53344
-6 13 -7 12 -74946
22 23 21 22 -39710
0 24 11 24 -71662
10 7 12 7 -61012
-20 22 -21 20 -45420
-11 -24 -19 -24 -60144
23 1 23 -2 -61750
-12 0 -12 2 -68684
8 -4 9 -5 -64180
-9 19 -4 24 -64358
22 -4 22 -2 -59252
22 21 21 19 -62376
-8 -16 -6 -15 -61118
-24 11 -20 14 -66100
1 -2 1 0 -66704
-13 13 -11 15 -76036
17 -18 15 -15 -72530
19 18 20 18 -62910
20 -6 24 -4 -67078
11 -1 11 -3 -58026
-5 -18 -5 -16 -61822
-13 13 -14 12 -68346
14 -22 10 -24 -66680
-1 5 -2 3 -62626
-21 20 -23 22 -60962
17 -8 17 -10 -62112
21 4 22 7 -64152
12 4 12 3 -66120
-9 -23 23 -24 -66496
9 14 9 16 -62372
22 3 24 -3 -70458
8 -23 10 -19 -62536
2 23 8 23 -70244
-19 22 -18 18 -59366
6 17 7 24 -65332
-23 -4 -23 -5 -55720
-16 -3 -15 -1 -65498
1 -10 0 -8 -58062
11 -16 11 -15 -61118
-15 6 -16 8 -70110
-13 23 -14 19 -61734
-22 -8 -22 -7 -60348
15 -3 14 -1 -62628
19 18 22 23 -67608
-7 22 -8 24 -48374
17 6 17 9 -59592
13 17 14 17 -69592
-10 17 -9 20 -71348
12 17 15 19 -70646
-11 24 -13 24 -56736
-8 5 -7 8 -64662
19 13 16 11 -65938
-6 10 -6 8 -63262
-8 1 -8 2 -69036
4 22 3 24 -52992
1 8 4 11 -73728
-23 -9 -23 -18 -62472
-19 -18 -15 -24 -51548
-19 16 -24 15 -62814
14 23 15 18 -59562
6 9 5 9 -73632
11 -5 11 -4 -62344
6 7 7 7 -72082
10 11 12 9 -71324
24 0 23 4 -66216
21 -22 17 -23 -60058
-1 -22 -13 19 -86164
-21 -2 -22 -2 -51882
7 -19 7 -17 -66458
12 1 14 3 -65272
-6 23 -8 24 -52490
24 16 23 23 -50114
15 -21 14 -17 -68716
17 -6 14 -4 -63254
-7 11 -9 9 -76626
-13 5 -18 4 -73514
-3 13 -3 14 -66582
-10 10 -9 12 -74730
-23 23 -19 22 -57238
22 20 18 24 -71420
23 -15 23 -18 -61846
-4 -5 -6 -5 -56602
8 -12 6 -13 -63608
0 4 0 5 -57244
9 -14 10 -12 -62690
-6 -2 -6 -1 -60760
24 -14 20 -16 -54898
-16 5 -13 4 -69994
-17 -16 -17 -15 -65456
-8 -8 -8 -7 -65596
22 11 24 13 -45198
0 1 5 0 -69640
6 -20 7 -20 -63342
11 16 9 15 -63208
-22 -9 -24 -13 -62390
5 -14 5 -15 -59688
-24 -22 24 19 -68556
21 -16 19 -13 -70082
-8 -18 -9 -18 -59836
18 -18 15 -18 -61172
-14 7 -13 6 -69390
-23 18 -23 9 -70752
21 -16 20 -20 -80458
0 -15 0 -18 -74404
-13 17 -13 19 -69108
21 3 23 3 -60224
-24 4 -21 3 -63494
-23 -21 -1 0 -66870
20 2 19 3 -66026
-15 15 -15 13 -65174
-22 4 -23 4 -61276
6 1 4 2 -62648
-13 -13 -14 -13 -68540
-6 -10 -7 -12 -67366
13 23 15 24 -50068
-17 -19 -13 -19 -63526
-10 18 -7 18 -81364
-16 16 -17 21 -69000
-15 12 -15 8 -65814
2 17 2 15 -58528
7 2 6 -2 -63094
22 -21 23 -22 -34282
2 -22 4 -24 -59684
13 2 12 2 -56742
-22 -24 -20 -21 -33526
1 -5 2 -3 -67290
-24 3 -24 10 -53144
22 17 20 13 -60536
-15 -20 -10 -24 -66932
5 -11 5 -12 -61432
7 7 8 9 -60250
-22 -8 -22 -3 -67222
-3 7 -4 10 -71002
-23 11 18 5 -71410
-15 23 -11 22 -64266
20 11 21 8 -60994
-12 -4 -16 -8 -75212
-20 -2 -21 -4 -63612
-9 0 -8 0 -56284
22 -22 17 -21 -61372
-9 6 -12 6 -60272
-13 -18 -11 -20 -66964
0 -14 0 -16 -68410
-9 8 -7 7 -63034
-21 19 24 16 -69890
-7 -8 -8 -8 -63178
16 -5 12 -6 -61690
-24 0 -22 4 -59456
-21 17 -21 14 -67532
-2 -15 -1 -17 -66798
-8 -11 -10 -10 -70520
23 20 24 19 -39264
1 -9 0 -9 -65162
-9 -12 -9 -9 -65202
20 18 19 23 -64194
0 -12 -1 -12 -64718
24 -3 23 23 -63114
7 13 4 14 -68728
-8 -15 -9 -13 -62452
0 -19 0 -16 -69486
-23 19 -23 14 -64426
4 14 4 12 -59228
5 -8 5 -12 -66314
-11 -16 -10 -16 -66254
-20 23 -19 23 -55630
-12 -8 -14 -7 -68106
-4 21 -4 24 -54376
10 20 10 19 -58304
8 -16 7 -14 -59388
13 -9 12 -9 -56334
-21 -16 0 -16 -73114
-18 1 -18 2 -67476
-15 1 -20 0 -64408
-11 -23 -11 -21 -59088
8 2 9 4 -64306
24 -14 15 -13 -73156
-7 10 -10 12 -65544
-13 -22 -6 -24 -57736
19 -24 17 -21 -46182
-7 -5 -7 -1 -65222
23 -12 24 0 -62202
7 22 0 23 -71476
15 14 14 15 -64982
4 10 -5 -21 -87694
-8 17 -6 16 -70950
-8 17 -8 18 -66474
4 7 2 7 -72456
8 15 8 14 -62762
18 -11 14 -10 -67762
15 1 13 -22 -76438
-3 -23 0 -21 -70142
22 -8 23 -7 -52404
20 22 -23 21 -68618
-22 16 -20 13 -68782
3 -17 5 -15 -69568
-8 15 -6 16 -76760
-5 -12 -4 -12 -56764
14 5 15 5 -65302
1 -21 0 -23 -66310
24 10 20 13 -59908
14 3 14 4 -67834
20 14 19 11 -67024
-14 8 -15 5 -68784
13 -18 11 -18 -64332
-1 -5 -3 -2 -72628
1 2 0 2 -65248
-10 18 -11 21 -65586
12 9 14 11 -63712
3 -22 0 -21 -70586
-2 13 0 13 -58412
-4 18 -5 18 -59108
16 4 17 4 -65420
16 2 17 3 -71208
10 8 6 10 -73140
-3 -18 -2 -24 -66396
2 11 3 9 -64936
20 23 18 24 -58418
-19 7 -21 4 -67360
-9 -7 -8 -4 -65156
-14 -10 -14 -12 -62364
-6 18 -11 18 -84922
-24 0 -23 22 -62390
-17 9 -18 11 -67174
2 -20 2 4 -82046
24 22 21 22 -33840
9 20 8 17 -67746
-16 20 -21 19 -70266
24 -13 22 -10 -53464
0 23 -3 23 -58648
7 4 7 6 -58442
-2 -10 -4 -11 -65866
-24 -8 -23 -6 -55626
0 -11 -1 -13 -67728
18 -16 18 -11 -70502
-14 13 -13 13 -65282
19 -21 19 -17 -76672
6 21 16 24 -66028
-15 -11 -14 -10 -66318
-18 -24 -15 -20 -59206
3 12 6 14 -72452
-24 -3 -23 3 -59958
22 -22 23 -12 -80312
2 5 0 1 -66086
23 -20 23 -19 -53998
-18 20 -14 24 -62968
-2 10 -1 8 -69208
