24 -22 23 -9 -62205
-11 -1 -12 -1 -62011
21 -7 24 -24 -65731
-17 -19 -18 -23 -63083
1 -24 -6 -23 -68945
12 24 20 22 -67991
-3 -24 -6 -22 -56943
-24 -7 -24 -11 -50769
8 13 9 13 -51535
-2 1 -2 0 -57109
-14 4 -14 3 -68945
0 23 0 21 -69051
9 1 8 1 -64041
22 -2 19 -3 -70273
1 -5 -2 -6 -65295
2 -8 1 -10 -59051
-24 16 -20 14 -61453
15 11 16 10 -68393
23 -1 22 -2 -60775
0 12 3 11 -61679
18 -22 -23 -24 -65655
-13 -23 -10 -22 -65977
11 -10 12 -8 -67809
6 -4 5 0 -59875
24 -10 20 -7 -59163
-14 -10 -12 -9 -62711
6 -14 3 -14 -62683
6 -8 9 -8 -68217
-23 16 -24 21 -60567
-10 12 -10 15 -66975
1 -12 2 -12 -62857
15 7 15 9 -66645
-6 -20 -6 -23 -70429
5 -9 6 -6 -63391
-4 20 -6 22 -65893
14 -24 9 -20 -64597
4 -4 4 -6 -59321
-6 -20 -5 -24 -67223
15 17 15 15 -54561
-24 12 -24 5 -56021
-9 14 -10 16 -66409
-9 -21 -13 -23 -67035
-7 24 23 22 -69123
11 22 9 23 -56805
-2 1 0 0 -54329
11 -6 -20 -6 -82407
-19 -11 -18 -12 -58545
24 12 24 5 -54527
21 -1 24 -3 -56609
-13 -7 -13 -9 -61967
-17 -7 -18 -6 -57887
13 0 13 1 -64891
-7 -19 -4 -20 -62011
19 2 18 0 -68243
15 -12 15 -13 -62581
5 8 5 12 -65063
-23 -18 -21 -16 -55277
21 -22 24 -22 -36303
-19 -19 -24 -19 -59803
18 4 20 4 -64459
-21 8 -22 8 -63153
23 5 22 8 -57519
9 13 10 9 -63341
-19 3 -17 4 -64733
16 5 17 3 -61651
-9 -20 -9 -24 -65087
5 19 5 16 -62119
-18 -10 -19 -11 -64735
21 14 21 12 -67499
18 23 17 20 -53975
-9 -13 -7 -10 -67907
-12 17 -11 15 -66189
-12 20 -16 23 -58499
8 -21 -19 -23 -72763
-5 23 -19 24 -61635
-18 5 -18 10 -72153
-7 1 -7 0 -68047
8 24 9 23 -51621
3 0 3 1 -56817
0 12 0 9 -64385
-4 -5 -1 -6 -63601
20 14 19 17 -72047
23 6 22 6 -49839
20 -19 23 -16 -58673
-24 -17 -24 -18 -53289
-15 -15 -16 -19 -64603
0 -12 0 -14 -69417
0 -22 -2 -21 -66963
5 -24 -2 -24 -66239
-8 -23 -7 -21 -62273
-20 -20 -21 -20 -58955
-15 -24 -15 -21 -46331
-21 20 -23 18 -48991
-3 15 -1 13 -70809
9 8 10 5 -61593
9 6 10 0 -68891
-14 1 -13 0 -61853
-22 -17 -21 -18 -64547
-19 -5 -24 -6 -59905
16 -10 15 -7 -68633
-11 -1 -11 0 -63453
24 1 24 3 -60255
-21 9 -19 10 -68361
21 1 24 3 -61233
-24 22 -22 15 -68317
-12 19 24 24 -64675
-20 -9 24 -16 -69289
-21 12 -20 10 -59787
-2 23 -3 20 -69381
6 -23 6 -19 -61615
-11 -1 -13 -2 -66665
4 -20 5 -20 -68833
3 20 3 23 -66741
9 -9 7 -10 -71343
16 -23 17 -19 -66807
-23 -20 -24 -18 -53147
19 22 20 21 -72289
14 5 15 9 -69859
19 -3 19 -5 -66319
11 14 10 10 -63607
-19 0 -19 1 -69433
4 21 1 19 -61497
-24 -17 -24 -16 -56399
2 -9 5 -7 -63405
-22 17 -23 10 -71015
0 -15 -1 -16 -64617
8 -22 7 -21 -58789
11 24 14 20 -58697
-8 -16 -9 -19 -61181
-3 14 -4 13 -63887
20 7 21 11 -65041
15 -11 16 -10 -64303
14 0 20 -3 -82021
-21 -3 -21 -5 -66205
0 -3 1 -3 -61111
-9 -16 -9 -14 -58221
-22 4 -21 1 -70311
-5 3 -6 0 -65563
-7 14 -7 12 -65213
24 -2 24 -8 -49727
15 -17 13 -23 -69031
17 -4 17 -5 -66553
-12 13 -11 13 -62031
-22 11 -22 8 -59241
-7 23 0 24 -65519
-16 -8 -15 -6 -62715
-14 20 -15 18 -72683
10 17 13 21 -71179
16 -24 13 -22 -49853
18 -10 20 -10 -66007
-21 -14 -19 -12 -63031
-21 4 -22 6 -67079
-15 -9 -16 -7 -64229
15 0 15 -1 -67187
-11 9 -11 10 -58441
15 10 17 16 -68315
-18 -3 -19 -1 -60721
-22 -13 -24 -12 -47787
10 24 -22 21 -63817
21 -22 12 -24 -59917
12 -3 15 0 -71479
8 -8 9 -9 -63613
-6 -18 -7 -17 -62487
14 -20 9 -24 -74251
24 -17 17 -24 -68023
-1 -20 -24 -21 -67605
-6 19 -5 22 -64613
16 19 17 18 -64153
22 -14 22 -9 -60651
-14 -12 -12 -17 -64897
-15 -22 -12 -20 -70477
22 12 24 21 -65787
-11 4 -13 2 -74813
-7 -13 -8 -18 -66369
-3 8 -4 8 -62815
15 -13 14 -18 -66013
-14 -1 -14 -6 -68545
7 -12 -15 -7 -85251
14 -3 9 0 -72089
-18 22 -13 24 -62589
-4 7 -7 6 -64497
0 -22 1 -19 -70997
8 -22 12 -21 -66763
15 -6 18 -5 -70733
7 -22 6 -24 -46725
-3 -18 3 4 -82425
-9 -8 -11 -8 -64983
-21 -24 -12 -23 -61831
0 17 1 15 -66555
3 23 -2 22 -61717
-15 -20 -15 -16 -60035
-1 -9 -2 -8 -62371
9 24 8 23 -39447
-22 -17 -23 -16 -65807
24 13 24 -17 -63645
24 14 21 20 -69467
21 13 22 12 -69317
2 9 1 7 -61927
-23 -15 -24 -14 -52021
-10 -8 -11 -6 -64349
-3 -23 23 -22 -67539
-20 -24 -19 -15 -67691
-20 0 4 9 -82129
-8 4 -8 6 -58169
-16 18 -14 13 -69915
17 -15 23 -20 -71561
-2 -21 -1 -21 -71433
-20 6 -18 4 -70939
5 24 9 19 -66839
19 11 17 12 -70341
21 -7 20 -7 -66039
-9 3 -8 4 -65905
10 -14 11 -14 -61401
0 20 -1 23 -72133
13 -12 12 -10 -67369
20 -13 20 -6 -65945
6 -22 2 -23 -65505
-17 -15 -17 -14 -63305
20 24 12 23 -61265
22 -10 21 -11 -55777
22 0 24 10 -73663
-23 0 -23 4 -65845
2 -21 1 -24 -61997
-2 24 12 1 -84661
-14 -6 -14 -3 -64969
0 17 1 17 -65715
-23 -10 -16 -8 -70463
-19 19 -16 20 -65683
22 14 17 16 -74303
-21 -3 -21 1 -67493
-23 -22 -23 -20 -35683
18 -20 19 -18 -68261
-23 23 -20 20 -61851
14 -24 14 -23 -32719
0 23 -4 24 -65221
-3 -4 -3 -5 -53501
-4 -24 -1 -23 -62713
14 11 13 11 -67457
-5 -10 -5 -9 -55381
-1 17 -2 13 -67207
6 -23 3 -22 -70057
-20 13 -17 15 -65257
1 1 0 0 -63179
11 -9 11 -8 -65235
11 -2 7 -2 -69197
-16 8 -18 8 -64911
-8 -23 -5 -19 -68095
11 -21 7 -18 -69611
-21 -10 -21 -11 -59887
17 11 16 11 -63919
3 5 1 7 -56933
-11 23 -14 21 -62469
-22 8 -24 7 -51143
10 -6 11 -5 -61679
17 -15 14 -13 -71283
22 6 21 3 -73845
-12 4 -12 3 -69243
9 20 14 19 -69061
17 -24 19 -19 -64889
10 0 8 3 -67353
0 -12 0 -11 -65727
9 -11 9 -9 -62515
10 -6 10 -5 -63539
14 -23 10 -22 -65169
6 -20 6 -17 -69745
-3 3 -4 3 -55073
-6 13 -7 12 -64293
22 23 21 22 -40347
0 24 11 24 -67547
10 7 12 7 -60657
-20 22 -21 20 -45133
-11 -24 -19 -24 -63101
23 1 23 -2 -62109
-12 0 -12 2 -69933
8 -4 9 -5 -69727
-9 19 -4 24 -63483
22 -4 22 -2 -60187
22 21 21 19 -62807
-8 -16 -6 -15 -62047
-24 11 -20 14 -64703
1 -2 1 0 -55889
-13 13 -11 15 -70087
17 -18 15 -15 -71661
19 18 20 18 -62211
20 -6 24 -4 -66619
11 -1 11 -3 -62551
-5 -18 -5 -16 -63201
-13 13 -14 12 -66427
14 -22 10 -24 -66701
-1 5 -2 3 -63859
-21 20 -23 22 -60811
17 -8 17 -10 -64177
21 4 22 7 -74839
-1 7 -4 4 -69063
-9 -23 23 -24 -65963
9 14 9 16 -63685
22 3 24 -3 -70515
8 -23 10 -19 -63209
2 23 8 23 -64595
-19 22 -18 18 -59249
6 17 7 24 -65973
-23 -4 -23 -5 -58277
-16 -3 -15 -1 -64155
1 -10 0 -8 -60529
11 -16 11 -15 -62825
-15 6 -16 8 -70723
-13 23 -14 19 -61111
-22 -8 -22 -7 -59963
15 -3 14 -1 -70647
19 18 22 23 -67883
-7 22 -8 24 -44787
17 6 17 9 -68239
13 17 14 17 -69403
-10 17 -9 20 -66659
12 17 15 19 -70767
-11 24 -13 24 -54315
-8 5 -7 8 -61675
3 22 2 24 -68369
-6 10 -6 8 -59377
-8 1 -8 2 -68779
4 22 3 24 -67875
1 8 4 11 -69731
-23 -9 -23 -18 -64993
-19 -18 -15 -24 -52637
-19 16 -24 15 -61413
14 23 15 18 -59987
6 9 5 9 -61899
11 -5 11 -4 -65211
6 7 7 7 -61251
10 11 12 9 -66483
24 0 23 4 -66381
21 -22 17 -23 -58529
-2 16 0 18 -70113
-21 -2 -22 -2 -52963
7 -19 7 -17 -66593
12 1 14 3 -68977
-6 23 -8 24 -43865
24 16 23 23 -56379
15 -21 14 -17 -67053
17 -6 14 -4 -70889
11 -15 10 -12 -67491
-13 5 -18 4 -73395
-3 13 -3 14 -64625
-4 0 -10 0 -68741
-23 23 -19 22 -56673
22 20 18 24 -71807
23 -15 23 -18 -46659
-4 -5 -6 -5 -57775
8 -12 6 -13 -68427
0 4 0 5 -52857
9 -14 10 -12 -65057
-6 -2 -6 -1 -57749
24 -14 20 -16 -51819
-16 5 -13 4 -69659
-17 -16 -17 -15 -65437
-8 -8 -8 -7 -56003
22 11 24 13 -45269
-15 -15 -16 -15 -59237
6 -20 7 -20 -64221
11 16 9 15 -61969
-22 -9 -24 -13 -58853
5 -14 5 -15 -62121
-24 -22 24 19 -70581
21 -16 19 -13 -68619
-8 -18 -9 -18 -57115
18 -18 15 -18 -61273
-14 7 -13 6 -70067
-23 18 -23 9 -71971
-22 -20 -18 -19 -65551
3 -15 0 -10 -69637
-13 17 -13 19 -67763
21 3 23 3 -61507
-24 4 -21 3 -61181
-23 -21 -1 0 -71315
20 2 19 3 -65227
-15 15 -15 13 -61997
-22 4 -23 4 -58057
6 1 4 2 -49287
-13 -13 -14 -13 -63423
-6 -10 -7 -12 -67877
13 23 15 24 -49629
-17 -19 -13 -19 -67753
16 -9 17 -3 -70529
-16 16 -17 21 -67927
-15 12 -15 8 -68297
2 17 2 15 -62949
7 2 6 -2 -61529
22 -21 23 -22 -34681
2 -22 4 -24 -57707
13 2 12 2 -64523
-22 -24 -20 -21 -35995
1 -5 2 -3 -56743
-24 3 -24 10 -54597
22 17 20 13 -66409
-15 -20 -10 -24 -65707
5 -11 5 -12 -59811
7 7 8 9 -58641
-22 -8 -22 -3 -69611
-3 7 -4 10 -70627
-22 -14 -22 -11 -61383
-15 23 -11 22 -63387
20 11 21 8 -63523
23 14 23 15 -59345
-20 -2 -21 -4 -66229
-9 0 -8 0 -61939
22 -22 17 -21 -60527
-9 6 -12 6 -61081
-13 -18 -11 -20 -64723
0 -14 0 -16 -67083
-9 8 -7 7 -60997
-21 19 24 16 -68103
-7 -8 -8 -8 -61945
16 -5 12 -6 -70043
-24 0 -22 4 -59813
-21 17 -21 14 -67081
-2 -15 -1 -17 -64863
-8 -11 -10 -10 -63703
23 20 24 19 -46205
1 -9 0 -9 -67931
-9 -12 -9 -9 -60509
20 18 19 23 -65009
0 -12 -1 -12 -67497
24 -3 23 23 -65649
7 13 4 14 -57453
-14 13 -17 7 -74299
0 -19 0 -16 -63805
-23 19 -23 14 -63939
4 14 4 12 -61479
-5 17 -3 15 -66245
-11 -16 -10 -16 -62339
-20 23 -19 23 -55037
-12 -8 -14 -7 -64431
-4 21 -4 24 -57041
10 20 10 19 -58139
8 -16 7 -14 -63639
13 -9 12 -9 -59703
-2 18 0 19 -72841
-18 1 -18 2 -69625
-15 1 -20 0 -60929
-11 -23 -11 -21 -59451
8 2 9 4 -61397
24 -14 15 -13 -72935
-7 10 -10 12 -63913
-13 -22 -6 -24 -56425
19 -24 17 -21 -45655
-7 -5 -7 -1 -59145
23 -12 24 0 -62549
7 22 0 23 -69751
15 14 14 15 -64711
-24 9 -1 0 -70681
-8 17 -6 16 -63233
-8 17 -8 18 -62919
4 7 2 7 -60049
8 15 8 14 -64413
18 -11 14 -10 -69749
-23 17 -24 -19 -65509
-3 -23 0 -21 -71895
22 -8 23 -7 -53289
20 22 -23 21 -68371
-22 16 -20 13 -68139
2 -21 2 -17 -67389
-8 15 -6 16 -62219
-5 -12 -4 -12 -57353
14 5 15 5 -67827
1 -21 0 -23 -68877
24 10 20 13 -64193
14 3 14 4 -57829
20 14 19 11 -67187
-14 8 -15 5 -70143
13 -18 11 -18 -65607
-1 -5 -3 -2 -60733
1 2 0 2 -58991
-10 18 -11 21 -64571
12 9 14 11 -67209
3 -22 0 -21 -65091
-2 13 0 13 -63383
-4 18 -5 18 -61249
16 4 17 4 -68173
16 2 17 3 -69877
4 -15 6 -14 -68733
-3 -18 -2 -24 -67827
2 11 3 9 -63441
20 23 18 24 -58401
-19 7 -21 4 -66653
-9 -7 -8 -4 -59607
-14 -10 -14 -12 -56171
-21 -7 -20 -6 -70307
-24 0 -23 22 -65141
-17 9 -18 11 -65809
-12 10 -15 -10 -82155
24 22 21 22 -35409
9 20 8 17 -67443
-16 20 -21 19 -68859
24 -13 22 -10 -52877
0 23 -3 23 -66947
7 4 7 6 -56203
-2 -10 -4 -11 -66513
-24 -8 -23 -6 -58497
0 -11 -1 -13 -71309
18 -16 18 -11 -67845
-14 13 -13 13 -64227
19 -21 19 -17 -64943
6 21 16 24 -66505
-15 -11 -14 -10 -61351
-18 -24 -15 -20 -63331
3 12 6 14 -61887
-24 -3 -23 3 -60245
19 -1 17 0 -72895
2 5 0 1 -61105
23 -20 23 -19 -42923
-18 20 -14 24 -63941
-2 10 -1 8 -69685
