-9 -19 -9 -21 -51205
-9 18 -8 15 -53073
11 4 11 3 -57907
-24 1 -23 0 -60693
-15 -14 -15 -17 -54077
0 -1 -1 -2 -75649
0 -15 9 -19 -85965
20 -20 23 -19 -54901
23 -4 23 -7 -59625
16 9 16 -10 -83109
-21 -16 -19 6 -71909
-11 -21 -10 -22 -51153
2 -7 0 -13 -78811
-12 10 -13 13 -61637
11 16 12 21 -67065
8 12 7 11 -59157
-14 18 -14 13 -60817
-5 -10 -5 -11 -59293
23 8 24 7 -47693
5 -15 4 -15 -60529
-24 4 -22 0 -70863
7 -6 8 -10 -69381
-5 -23 -8 -24 -58735
0 -16 1 -17 -67281
-24 20 -24 19 -49811
9 20 5 24 -68039
2 -10 1 -11 -73273
-16 8 -19 7 -63803
-22 -5 -22 -4 -48017
-2 -5 -4 -4 -67521
16 -8 19 -9 -73289
8 19 7 18 -56767
17 -16 19 -17 -75115
-19 9 -19 11 -61231
7 -22 5 -24 -54459
6 -1 6 0 -55645
-4 -1 -4 0 -67035
-23 23 -24 18 -61223
-24 14 -23 15 -58093
3 -13 3 -15 -67757
-14 -8 -13 -9 -62347
22 -22 -23 -19 -57695
19 1 18 2 -57947
18 14 17 19 -61249
17 0 17 -2 -67859
-23 -13 -24 -13 -53799
-5 -1 -5 -3 -59751
14 -6 12 -13 -70933
22 24 22 23 -48449
1 6 1 7 -74087
-12 -11 -12 -15 -66339
16 -2 7 -22 -91099
-18 21 -19 21 -58313
-21 6 -23 9 -63077
16 -15 18 -13 -72183
-17 -9 -18 -11 -67511
-1 17 0 15 -60545
18 -21 18 -22 -56891
-5 23 -3 24 -53599
13 4 13 0 -59729
-21 -21 -24 -21 -64783
6 -9 7 -8 -62865
23 -4 23 -8 -59281
0 6 -1 5 -63965
16 -18 17 -20 -77347
1 -1 6 0 -79855
-4 -24 -4 -22 -57863
-19 -11 -19 -12 -63157
-17 -18 -16 -20 -50527
-7 -22 -8 -24 -52761
24 -9 24 -11 -45125
3 24 1 24 -46045
-9 4 -10 3 -58781
-18 24 -18 20 -59985
-17 -15 -16 -18 -57469
8 -11 8 -10 -61221
16 24 13 23 -54307
-13 -21 -15 -24 -57241
16 -16 16 -19 -66979
-22 -17 -24 -20 -60251
14 24 17 24 -55681
-20 -1 -22 -1 -61051
22 -18 24 -15 -55075
-1 23 6 22 -59475
-24 -24 -22 -1 -67351
-22 -14 -22 -24 -63591
-11 -9 -11 -10 -64331
0 5 1 4 -71097
20 10 24 10 -63209
-15 -5 -14 -9 -55959
-23 -4 8 -5 -69917
5 13 5 17 -62239
13 24 13 22 -45847
-10 12 -10 13 -56947
23 -18 24 -20 -54593
18 21 17 20 -60793
23 0 22 0 -60103
-17 22 -16 22 -50979
-9 23 -11 21 -42491
-16 7 -14 7 -57925
22 23 23 24 -49549
-21 -14 -20 -15 -60385
-23 18 -24 17 -63459
18 -1 20 -4 -77679
3 -20 4 -21 -67247
0 2 -2 0 -67983
19 -24 17 -24 -62819
-11 -2 -9 -3 -53409
-14 11 -9 10 -58457
24 21 23 23 -61293
-2 17 -1 19 -52851
18 -21 16 -21 -75505
-17 17 -17 16 -51017
-4 -6 -4 -5 -63953
15 19 15 20 -59881
-23 7 -22 7 -56327
16 -20 20 -22 -78109
-17 -17 -15 -16 -54481
-4 10 -5 11 -54159
-24 24 -23 8 -59235
6 -1 4 4 -63359
23 3 22 5 -60025
8 -6 13 -14 -80143
24 5 20 0 -64791
-17 8 -20 9 -68085
21 12 19 13 -66499
-23 9 -24 5 -53959
-22 23 -19 22 -49553
-17 -5 -20 -4 -52441
17 7 16 5 -63781
-24 12 -22 10 -59265
-14 -22 -14 -23 -53961
3 -23 0 -21 -69781
1 -2 3 -4 -78281
4 -3 6 -3 -84011
-6 10 -9 8 -52681
7 -5 7 -6 -64601
-1 22 -2 21 -58789
23 -7 24 -8 -54209
23 -15 23 -16 -49529
-6 0 -5 0 -76183
24 -5 22 -5 -60961
2 -5 10 -3 -96143
14 -10 17 -9 -75369
-21 3 -20 3 -65243
23 6 22 6 -60161
9 16 8 16 -58521
9 -16 12 -17 -52155
1 -17 3 -13 -71591
15 20 17 23 -64145
22 8 24 12 -53165
4 17 7 14 -66983
-14 14 -17 11 -59141
13 -5 16 -8 -73419
0 17 4 17 -53967
20 -1 19 -3 -67119
17 -11 19 4 -84021
6 15 5 15 -57535
-23 -19 -24 -17 -53371
12 12 11 11 -61579
-20 -10 -19 -8 -68797
-4 0 -6 0 -77223
15 2 14 -4 -71589
0 -3 0 21 -75597
11 15 11 16 -52809
12 10 12 9 -61909
-20 -13 -21 -12 -63161
11 -23 13 -24 -49049
12 -19 13 -11 -68751
10 8 12 9 -56351
-10 21 -11 23 -59865
17 10 19 10 -54371
-22 21 -24 20 -55819
-2 -9 -7 -14 -81641
-18 24 -16 21 -55059
7 -22 8 -22 -52479
-5 0 -5 1 -70397
-23 -13 -24 -15 -55961
15 11 15 12 -59435
-6 21 -8 24 -66947
-12 -10 -13 -13 -67117
24 -11 23 -12 -46639
-13 -23 -16 -23 -50613
-12 3 -8 -2 -64161
23 -15 24 -9 -55641
7 21 8 22 -50799
18 23 22 23 -49511
19 20 17 21 -57459
7 4 4 5 -66113
-24 -1 -24 14 -63953
11 -24 12 -21 -46547
21 -23 21 -24 -38379
4 19 4 21 -57599
-19 -24 -22 -19 -52697
16 9 17 11 -56877
-11 -11 -12 -11 -51515
-5 18 -9 15 -54173
16 -24 17 -22 -52915
-10 19 -10 17 -50857
8 -10 9 6 -82087
24 21 22 20 -61139
-4 -4 2 -2 -78119
-24 17 24 15 -56975
-16 1 -16 -2 -56239
23 20 24 18 -58625
22 24 24 21 -62455
-24 -4 -23 -8 -47939
24 8 24 13 -39947
-24 -13 -22 -11 -68425
20 8 19 10 -54487
1 4 2 2 -68935
-3 23 -5 23 -53459
0 21 1 22 -59999
12 5 12 4 -59311
8 24 10 23 -57431
0 -19 -3 -24 -66365
5 4 5 8 -68481
1 -4 2 -6 -77837
21 -6 22 -6 -63215
-5 -24 -4 -24 -59823
-5 -14 -9 -14 -59921
-9 -12 -10 -11 -64067
3 8 6 10 -64407
-14 2 -15 1 -61549
5 1 5 2 -54161
15 24 18 23 -53759
-24 14 -24 11 -47891
-14 -2 -14 -3 -52431
-18 -21 -19 -23 -54561
-22 12 -24 8 -55323
24 4 24 24 -58689
-10 6 -11 9 -59773
23 -3 24 0 -63633
-22 -13 -24 -11 -53867
-24 -2 -24 3 -64543
3 -1 0 -8 -95269
-20 -21 -18 -20 -59505
-13 -21 -12 -21 -47917
-14 18 -15 21 -56623
0 -17 1 -15 -65411
-7 -14 -8 -17 -67345
19 14 19 15 -53643
4 -15 4 -20 -79485
-23 19 -22 11 -55997
-21 14 -23 12 -66005
2 11 2 13 -45319
4 -23 6 -23 -50397
-3 -15 -1 -18 -67787
8 8 7 12 -59961
-21 16 -18 14 -61907
-7 -21 21 -23 -77099
-23 4 -23 0 -66599
0 -22 -5 -22 -68739
23 6 24 8 -54651
-17 -10 -16 -12 -65821
1 3 1 -11 -92019
-4 -15 -5 -19 -71247
-24 -16 -24 -20 -52415
23 0 22 1 -64811
-24 -12 -23 -6 -59347
-9 21 -9 24 -58035
-2 -2 -1 -6 -76343
22 14 24 17 -57269
22 -6 24 -12 -56727
-16 -5 -18 -5 -54369
-13 6 -14 4 -63245
6 0 12 0 -82817
14 -11 22 -9 -90589
10 19 12 18 -66205
-7 -16 -7 -18 -60219
-14 7 -14 4 -62645
23 19 24 19 -53491
-12 -24 10 -23 -64149
24 -4 23 -3 -69333
-14 -14 -13 -14 -57923
-6 -11 -7 -12 -69635
-11 -8 -10 -6 -49713
-24 -12 -21 -11 -66993
22 21 23 23 -64447
8 17 8 18 -58675
9 -22 10 -24 -42343
-19 21 -18 19 -62699
11 0 3 -2 -100377
5 -17 5 -19 -70457
-10 -12 -9 -14 -61901
7 0 8 0 -85155
0 8 -2 7 -61491
-3 17 -4 15 -55847
23 -5 1 -7 -95699
-13 6 22 9 -73019
-2 0 -2 2 -71505
-21 -9 -24 -6 -55149
6 17 4 19 -69097
11 24 10 23 -47399
-6 0 -6 3 -69959
-8 24 -5 23 -50941
20 -12 19 -12 -68671
-2 -7 0 -7 -57961
-23 -7 -24 -8 -59659
22 16 23 21 -61031
-6 17 -4 16 -56165
-4 -24 -6 -22 -62969
23 7 21 6 -63731
-5 7 -5 6 -55959
1 -11 3 -9 -77777
11 -21 10 -2 -100475
6 -14 7 -11 -63593
-6 10 -5 10 -57925
-15 7 -12 5 -60677
13 -22 5 -21 -59501
11 -20 1 -7 -99661
22 24 2 24 -57331
4 8 21 7 -71803
11 -24 12 -2 -93787
-2 -16 -3 -16 -57923
21 0 13 -1 -63861
-18 -15 -20 -20 -59145
-16 -15 -14 -14 -61735
-24 -20 0 -10 -67801
-7 -6 -4 -6 -70361
20 -24 23 -23 -53105
-23 -22 -24 -20 -53921
12 24 10 24 -55963
19 -8 17 -10 -70723
-7 21 -5 23 -54737
8 13 9 12 -54681
-7 -23 -4 -21 -63591
-18 9 -15 6 -66467
10 21 10 20 -60487
19 -5 20 -6 -73011
-24 14 -23 14 -52841
23 -4 24 -5 -68845
-19 9 -16 13 -63989
-1 10 0 11 -53613
7 -20 6 -24 -55257
21 15 24 16 -62881
-11 10 -10 8 -57459
23 -3 21 -5 -61427
11 -2 18 -15 -92589
-5 22 -3 18 -57783
22 22 -20 8 -64143
15 24 16 21 -55123
11 -3 10 -5 -66929
23 1 24 7 -61405
24 -10 1 -8 -91681
13 -8 19 -6 -78453
0 -22 0 -24 -57377
1 -3 0 -5 -82261
-17 11 -17 9 -60891
8 -4 8 -3 -66195
-10 6 -9 5 -55401
24 14 24 18 -48939
11 -24 8 -2 -93667
-17 23 -13 24 -43469
17 0 1 -4 -98967
-24 24 -24 18 -51837
2 24 0 21 -56677
2 24 2 21 -47627
-21 -22 -21 -1 -71797
-22 0 -22 1 -67115
-6 -23 -6 -22 -56767
13 20 12 22 -65631
9 3 12 -7 -84089
2 -1 3 -2 -72465
18 -15 19 -22 -75361
-14 -24 -14 -23 -45801
24 24 24 23 -43087
-12 -5 -13 -3 -53963
-3 24 -2 23 -42877
-5 11 -3 11 -57377
-8 24 -7 21 -66207
14 -19 15 -19 -67995
0 -21 2 -18 -61041
13 -24 13 -21 -48979
13 -2 14 -10 -79515
13 12 14 11 -58375
23 -16 24 -22 -61977
-23 -22 -24 -21 -53479
6 -5 9 -7 -74297
12 7 16 6 -55977
-20 4 -20 7 -60679
20 -24 21 -23 -61585
13 -24 17 -24 -57457
-20 4 -23 5 -67701
-2 6 0 2 -79153
-8 -22 23 -24 -73535
20 -22 19 -22 -67123
18 -12 10 2 -97309
-5 -10 -3 -6 -69265
13 -3 13 -2 -66065
-4 -23 -2 -24 -63743
2 -24 0 -22 -62637
4 -20 3 -24 -62083
2 -8 4 -8 -63343
-21 -7 -19 -5 -61373
-14 14 -16 15 -56497
-13 -17 -12 -16 -58263
7 -4 12 -3 -74781
-22 8 -22 6 -56561
23 -22 24 -24 -32795
22 -18 24 -18 -39575
-22 -5 -24 -4 -55731
19 -12 22 -17 -60863
-14 -23 -16 -24 -51917
-13 -6 -16 -7 -54503
23 -21 24 -17 -55419
14 -11 13 -12 -59925
-20 4 -21 3 -60901
-6 0 0 -3 -74475
6 -11 7 -12 -68765
22 22 24 -5 -66643
24 -24 20 -20 -48407
-16 2 -17 1 -61863
-9 2 -9 5 -59849
6 17 5 14 -60423
-21 0 -21 -2 -62665
16 4 18 5 -59669
22 -10 8 -20 -92321
-4 19 -4 22 -53299
-8 -24 -9 -24 -48521
6 9 1 8 -64415
-22 -24 -20 -24 -48997
14 -16 13 -18 -65585
-3 -9 -4 -8 -67579
23 -1 22 -3 -69615
19 6 19 4 -56013
2 0 0 -2 -75599
-19 21 -23 20 -63437
-17 24 -24 22 -57913
24 -2 23 0 -63521
11 9 11 13 -65487
9 -18 10 -18 -53045
1 -19 1 -21 -67071
1 -22 0 -24 -56085
24 22 22 19 -64795
-16 -22 -15 -24 -45949
6 17 -13 18 -66003
2 -15 3 -3 -84657
-20 -21 -24 -21 -69601
0 10 -1 6 -62899
-5 -12 -2 -15 -60665
-11 18 -14 18 -49267
1 -17 2 -19 -74795
-6 2 -5 6 -64977
-13 16 -14 14 -59095
-2 -13 -1 -12 -65835
-10 12 -11 11 -51411
2 9 -2 9 -55021
13 -21 14 -21 -62869
8 3 0 -9 -98387
16 -17 17 -19 -77057
-24 -24 -20 -18 -57377
-23 -1 -23 -4 -50549
21 -21 21 -20 -57687
-17 22 -17 21 -64567
-16 18 -15 20 -59021
14 8 14 6 -56121
-24 24 12 21 -55607
12 -1 11 0 -59005
-19 20 -17 23 -60059
15 13 16 13 -52131
-7 -24 -10 -21 -55957
-15 -23 -24 -24 -55793
-24 -5 -23 23 -63375
-18 -1 -19 -4 -60933
0 -8 1 -10 -58847
24 7 24 -5 -66945
19 21 20 20 -59789
14 -17 22 -14 -87081
-10 -1 -11 -4 -51285
-9 -15 -7 -12 -68683
10 6 9 5 -55949
9 -20 9 -15 -63751
-11 19 -13 20 -51217
2 8 3 7 -61119
6 7 6 9 -57621
-21 12 -23 14 -64177
-5 -11 -5 -18 -68639
-24 -13 -24 -14 -44151
21 11 20 14 -58387
4 23 2 24 -51719
-13 23 -14 21 -54359
-9 6 -10 5 -58239
-23 -11 -21 -9 -73141
-8 -7 -6 -11 -71015
-24 24 3 21 -54827
-9 -8 -5 -9 -68745
10 22 9 22 -60895
-24 17 -22 18 -67075
-10 -24 -8 -23 -48973
20 -23 19 -24 -64027
-16 4 -16 3 -55935
-3 16 -2 14 -60103
11 17 15 20 -65363
12 19 13 19 -60413
-13 -10 -13 -8 -63375
0 -4 22 -5 -96697
22 14 20 14 -66955
24 5 24 6 -51243
0 -23 -1 -23 -54095
0 15 0 14 -56377
-16 11 -19 12 -64581
15 14 15 15 -54799
-9 15 -9 12 -58477
21 -11 21 -13 -52523
4 23 5 21 -58869
-14 -3 -12 -2 -55235
5 -13 6 -17 -75467
-22 -10 0 -10 -73339
23 17 22 18 -64165
-24 -4 -21 -3 -56929
-7 -18 -6 -20 -59729
