-9 -19 -9 -21 -59402
-9 18 -8 15 -53510
11 4 11 3 -58014
-24 1 -23 0 -65512
-15 -14 -15 -17 -73224
23 -23 -11 -12 -78780
3 -11 3 -14 -59314
-13 12 -15 8 -75054
23 -4 23 -7 -61982
11 -11 12 -13 -65846
2 -22 0 -13 -87030
-11 -21 -10 -22 -60368
10 -17 10 -20 -64484
-12 10 -13 13 -64818
18 9 16 9 -61934
8 12 7 11 -49266
-14 18 -14 13 -62748
-5 -10 -5 -11 -71116
23 8 24 7 -49042
5 -15 4 -15 -62298
-24 4 -22 0 -75072
1 -19 1 -18 -77742
-5 -23 -8 -24 -58662
0 -16 1 -17 -62920
-24 20 -24 19 -51888
9 20 5 24 -67344
2 -10 1 -11 -52610
-16 8 -19 7 -69752
-22 -5 -22 -4 -52776
-2 -5 -4 -4 -58296
-7 -1 -8 -2 -64374
8 19 7 18 -53190
0 -22 0 -20 -70068
-19 9 -19 11 -66318
7 -22 5 -24 -67058
6 -1 6 0 -59498
-4 -1 -4 0 -61800
-23 23 -24 18 -62972
-24 14 -23 15 -58242
3 -13 3 -15 -67196
-14 -8 -13 -9 -78528
22 -22 -23 -19 -62050
19 1 18 2 -48168
18 14 17 19 -57750
24 20 24 -13 -59742
-23 -13 -24 -13 -52786
-5 -1 -5 -3 -67764
-7 -9 -7 -7 -82528
22 24 22 23 -48584
17 -13 19 -15 -56996
-12 -11 -12 -15 -72754
22 -17 21 -16 -47712
-18 21 -19 21 -59858
-21 6 -23 9 -66666
13 -8 13 16 -73214
-17 -9 -18 -11 -66070
-1 17 0 15 -73664
18 -21 18 -22 -52762
-5 23 -3 24 -53970
-5 -5 -5 -4 -73084
-21 -21 -24 -21 -65544
6 -9 7 -8 -61346
9 -11 11 -6 -58650
0 6 -1 5 -60646
5 -20 6 -24 -59872
0 -2 0 0 -79248
-4 -24 -4 -22 -58282
-19 -11 -19 -12 -65986
-17 -18 -16 -20 -62826
-7 -22 -8 -24 -53976
24 -9 24 -11 -43644
3 24 1 24 -50488
-9 4 -10 3 -60962
-18 24 -18 20 -61012
-17 -15 -16 -18 -76296
0 -5 -15 -11 -88114
16 24 13 23 -51944
-13 -21 -15 -24 -61340
24 -20 2 -21 -71216
-22 -17 -24 -20 -62894
14 24 17 24 -51672
-20 -1 -22 -1 -62354
-10 -6 -9 -8 -70256
-1 23 6 22 -68500
-24 -24 -22 -1 -63792
-22 -14 -22 -24 -71608
-11 -9 -11 -10 -88468
0 5 1 4 -67624
20 10 24 10 -64084
-15 -5 -14 -9 -68026
-13 14 -13 -16 -91784
5 13 5 17 -57392
13 24 13 22 -40770
-10 12 -10 13 -63620
23 -18 24 -20 -49516
18 21 17 20 -60646
23 0 22 0 -56060
-17 22 -16 22 -53492
-9 23 -11 21 -43344
-16 7 -14 7 -67166
22 23 23 24 -49542
-21 -14 -20 -15 -66206
-23 18 -24 17 -63074
0 -18 2 -18 -61534
3 -20 4 -21 -61424
0 2 -2 0 -64134
19 -24 17 -24 -59788
-11 -2 -9 -3 -60158
-14 11 -9 10 -67270
24 21 23 23 -61802
-2 17 -1 19 -54216
-19 -11 -19 -21 -84772
-17 17 -17 16 -52340
-4 -6 -4 -5 -76022
15 19 15 20 -48124
-23 7 -22 7 -57892
8 7 6 6 -56976
-17 -17 -15 -16 -61002
-4 10 -5 11 -66788
-24 24 -23 8 -61096
9 -23 11 -24 -61090
23 3 22 5 -53098
3 10 3 8 -56528
24 -11 21 -11 -48778
-17 8 -20 9 -72188
21 12 19 13 -64968
-23 9 -24 5 -55684
-22 23 -19 22 -49872
-17 -5 -20 -4 -58336
17 7 16 5 -53606
-24 12 -22 10 -62066
-14 -22 -14 -23 -58278
1 -9 3 -10 -63866
4 -23 7 -20 -79424
-19 2 -18 -2 -74166
-6 10 -9 8 -62456
0 -2 0 12 -89134
-1 22 -2 21 -61532
23 -7 24 -8 -42584
23 -15 23 -16 -29294
20 -3 19 5 -58282
24 -5 22 -5 -52628
3 -24 4 -22 -60582
14 -10 17 -9 -46030
-21 3 -20 3 -68950
23 6 22 6 -58480
6 -10 5 -4 -76564
-10 -16 -18 -7 -101142
-15 0 -17 0 -67252
15 20 17 23 -61772
22 8 24 12 -53136
3 6 2 -3 -80234
-14 14 -17 11 -71296
5 -15 5 -16 -69054
0 17 4 17 -65328
-17 -19 -17 -17 -72186
14 0 14 1 -53474
6 15 5 15 -52548
-23 -19 -24 -17 -57560
12 12 11 11 -45392
-20 -10 -19 -8 -64380
0 -14 -10 -14 -86612
9 -16 10 -16 -60240
19 -12 17 -11 -57410
11 15 11 16 -49484
-24 -1 -24 -3 -63886
-20 -13 -21 -12 -67838
11 -23 13 -24 -59130
-9 -16 -8 -18 -74412
9 2 11 -5 -66488
-10 21 -11 23 -61902
17 10 19 10 -62978
-22 21 -24 20 -56480
20 -15 -9 -14 -85824
-18 24 -16 21 -55414
7 -22 8 -22 -60524
1 18 2 17 -75508
-23 -13 -24 -15 -59048
7 -2 11 -3 -59214
-6 21 -8 24 -68210
2 19 4 18 -75908
24 -11 23 -12 -51306
-13 -23 -16 -23 -54392
-12 3 -8 -2 -66288
23 -15 24 -9 -53106
7 21 8 22 -46076
18 23 22 23 -49106
22 -11 23 0 -78656
7 4 4 5 -58654
-24 -1 -24 14 -66226
11 -24 12 -21 -69374
21 -23 21 -24 -37706
4 19 4 21 -60300
-19 -24 -22 -19 -55036
16 9 17 11 -55878
-11 -11 -12 -11 -61040
-5 18 -9 15 -57352
16 -24 17 -22 -58894
-10 19 -10 17 -52058
9 -24 9 -18 -69778
24 21 22 20 -61618
15 -4 16 -4 -51294
-24 17 24 15 -57282
-16 1 -16 -2 -67172
23 20 24 18 -57942
22 24 24 21 -62904
-24 -4 -23 -8 -48600
24 8 24 13 -40862
-24 -13 -22 -11 -65946
20 8 19 10 -53000
1 4 2 2 -68018
-3 23 -5 23 -54280
0 21 1 22 -62374
12 5 12 4 -56714
8 24 10 23 -53008
-3 5 6 -16 -89290
16 -11 15 -8 -65458
5 -4 4 -5 -63052
2 -16 13 -20 -86086
-5 -24 -4 -24 -58172
-5 -14 -9 -14 -74824
-9 -12 -10 -11 -75594
17 8 18 10 -57728
-14 2 -15 1 -71606
5 1 5 2 -60744
15 24 18 23 -49510
-24 14 -24 11 -49408
-14 -2 -14 -3 -57930
-18 -21 -19 -23 -56962
-22 12 -24 8 -57114
24 4 24 24 -55940
-10 6 -11 9 -69400
23 -3 24 0 -54378
-22 -13 -24 -11 -55530
-24 -2 -24 3 -72516
23 14 22 14 -66808
-20 -21 -18 -20 -59912
-13 -21 -12 -21 -54754
-14 18 -15 21 -59388
0 -17 1 -15 -76244
-16 -9 -17 -18 -83990
19 14 19 15 -49910
-14 -4 -17 -5 -74932
-23 19 -22 11 -56466
-21 14 -23 12 -68052
2 11 2 13 -46880
4 -23 6 -23 -57288
7 -16 6 -16 -65922
-3 12 10 11 -68392
-21 16 -18 14 -63844
10 -11 10 -14 -56406
-23 4 -23 0 -70726
24 -18 22 -19 -36324
23 6 24 8 -49320
-17 -10 -16 -12 -78258
0 0 0 -3 -79510
-5 -23 -3 -22 -56716
-24 -16 -24 -20 -56588
0 -20 2 0 -91046
-24 -12 -23 -6 -53096
-9 21 -9 24 -58542
13 -9 13 -12 -57800
22 14 24 17 -58486
22 -2 24 0 -62678
-16 -5 -18 -5 -66410
-13 6 -14 4 -64870
10 -4 12 0 -51108
16 -5 16 -9 -63552
13 -11 16 -18 -62612
-7 -16 -7 -18 -65514
-14 7 -14 4 -64004
23 19 24 19 -55842
-12 -24 10 -23 -67766
17 -4 16 -7 -64126
-14 -14 -13 -14 -65190
-6 -11 -7 -12 -75730
-11 -8 -10 -6 -72860
-24 -12 -21 -11 -62258
22 21 23 23 -64192
8 17 8 18 -54052
9 -22 10 -24 -58308
-19 21 -18 19 -64210
5 0 6 2 -69948
5 -17 5 -19 -75270
-10 -12 -9 -14 -77960
-23 3 -1 0 -78768
0 8 -2 7 -59630
-3 17 -4 15 -55984
23 -19 24 -21 -51156
-5 2 -4 2 -62968
5 -18 4 -20 -78038
-21 -9 -24 -6 -57338
6 17 4 19 -68786
11 24 10 23 -42468
-8 14 -7 -18 -92524
-8 24 -5 23 -52126
20 -12 19 -12 -50414
-2 -7 0 -7 -50608
-23 -7 -24 -8 -54262
22 16 23 21 -60394
-6 17 -4 16 -61476
-4 -24 -6 -22 -64852
23 7 21 6 -59918
-5 7 -5 6 -60704
2 15 4 2 -82102
-7 -19 -7 -1 -94598
-7 3 0 0 -77698
-6 10 -5 10 -63432
-15 7 -12 5 -71318
-4 -9 -4 -8 -68956
11 -24 12 -22 -63362
22 24 2 24 -53430
-7 15 -5 8 -70912
19 -16 18 -21 -42512
-2 -16 -3 -16 -61764
14 -14 11 -12 -64170
-18 -15 -20 -20 -73838
-16 -15 -14 -14 -65412
-5 -20 16 -21 -84834
6 0 22 -7 -65794
20 -24 23 -23 -50618
-23 -22 -24 -20 -55306
12 24 10 24 -46516
19 -8 17 -10 -57092
-7 21 -5 23 -55330
8 13 9 12 -45336
16 -21 20 -21 -70784
-18 9 -15 6 -69730
10 21 10 20 -50024
-2 3 -2 1 -63806
-24 14 -23 14 -52610
10 -4 8 -5 -49596
-19 9 -16 13 -75396
-1 10 0 11 -53744
2 6 7 5 -61798
21 15 24 16 -66932
-11 10 -10 8 -68228
23 -3 21 -5 -71696
-13 7 -7 5 -79804
-5 22 -3 18 -59338
22 22 -20 8 -66242
15 24 16 21 -46166
0 14 -24 14 -72084
11 -18 13 -21 -63456
11 -20 10 -20 -66194
9 3 9 1 -57548
0 -22 0 -24 -59826
6 -8 6 -9 -56892
-17 11 -17 9 -68168
8 -4 8 -3 -54000
-10 6 -9 5 -71094
24 14 24 18 -47898
5 -1 8 -2 -72368
-17 23 -13 24 -46044
1 -15 0 -23 -90338
-24 24 -24 18 -53050
2 24 0 21 -58330
2 24 2 21 -48250
21 -4 19 1 -54132
-22 0 -22 1 -75948
-6 -23 -6 -22 -59386
-20 6 7 0 -82446
-14 -16 14 -22 -86342
2 -1 3 -2 -59088
5 -2 4 -2 -62004
-14 -24 -14 -23 -48324
24 24 24 23 -44216
-12 -5 -13 -3 -58128
-3 24 -2 23 -43910
-5 11 -3 11 -60998
-8 24 -7 21 -67888
1 -23 0 -1 -87998
-5 -21 -4 -14 -71940
13 -24 13 -21 -61830
-20 -8 -3 -10 -86484
13 12 14 11 -44718
17 17 21 17 -65908
-23 -22 -24 -21 -55176
18 -23 7 -22 -73322
12 7 16 6 -49618
-20 4 -20 7 -61880
20 -24 21 -23 -59110
13 -24 17 -24 -54698
-20 4 -23 5 -70428
-2 -13 0 -13 -60776
19 -3 19 -7 -68186
20 -22 19 -22 -63734
-9 -8 -10 -11 -89672
16 -20 18 -23 -54958
-9 14 -11 -16 -97496
-4 -23 -2 -24 -59320
2 -24 0 -22 -54238
13 16 21 15 -68664
2 -8 4 -8 -60348
-21 -7 -19 -5 -60860
-14 14 -16 15 -61444
-13 -17 -12 -16 -64550
12 -9 0 -18 -80984
-22 8 -22 6 -59134
23 -22 24 -24 -34550
22 -18 24 -18 -44676
-22 -5 -24 -4 -58964
15 4 13 2 -55900
-14 -23 -16 -24 -54464
-13 -6 -16 -7 -71600
-2 -3 -3 -7 -79008
7 12 13 24 -67942
-20 4 -21 3 -61826
-6 0 0 -3 -72352
6 -11 7 -12 -59456
2 22 0 0 -79274
24 -24 20 -20 -52860
-16 2 -17 1 -71566
-9 -8 -9 -10 -91992
6 17 5 14 -59472
-21 0 -21 -2 -78424
-16 -4 -8 0 -86700
17 -1 18 0 -60036
-4 19 -4 22 -54730
-8 -24 -9 -24 -53138
-4 -16 -3 -7 -82586
-22 -24 -20 -24 -50116
14 -16 13 -18 -44634
21 -2 21 -10 -81922
-1 -16 0 -15 -73786
19 6 19 4 -49758
2 0 0 -2 -75162
-19 21 -23 20 -64518
-17 24 -24 22 -59592
18 -4 -16 -17 -77350
-9 8 -8 8 -68876
9 -18 10 23 -76554
17 -22 16 -22 -63764
1 -22 0 -24 -56136
24 22 22 19 -64706
-16 -22 -15 -24 -49682
0 17 -2 18 -65260
-9 -18 -3 -14 -78356
-20 -21 -24 -21 -70312
0 -4 1 -3 -67338
13 -2 17 0 -60380
-11 18 -14 18 -54220
22 -2 24 -5 -50044
-6 2 -5 6 -59290
-13 16 -14 14 -64304
24 -4 -1 -7 -68622
-10 12 -11 11 -62796
2 9 -2 9 -54920
13 -21 14 -21 -61610
-8 -12 -7 -14 -73898
4 -8 4 -4 -77420
-24 -24 -20 -18 -58422
-23 -1 -23 -4 -68064
2 0 1 -2 -78544
-17 22 -17 21 -64988
-16 18 -15 20 -63044
14 8 14 6 -45812
-24 24 12 21 -57918
12 -1 11 0 -53094
-19 20 -17 23 -62748
15 13 16 13 -56650
-7 -24 -10 -21 -63160
-15 -23 -24 -24 -56738
-24 -5 -23 23 -66626
-18 -1 -19 -4 -68648
2 -5 4 -8 -77962
24 7 24 -5 -48118
19 21 20 20 -56184
-12 -16 -11 -20 -69360
-10 -1 -11 -4 -64050
-9 -15 -7 -12 -71228
10 6 9 5 -53532
9 -20 9 -15 -68754
-11 19 -13 20 -55446
2 8 3 7 -61422
6 7 6 9 -52380
-21 12 -23 14 -65028
-4 -16 -5 -12 -68188
-24 -13 -24 -14 -45890
21 11 20 14 -51386
4 23 2 24 -57448
-13 23 -14 21 -55076
-9 6 -10 5 -63286
22 -3 19 -4 -65378
23 -6 21 -8 -67272
-24 24 3 21 -57852
-9 -8 -5 -9 -69336
10 22 9 22 -51040
-24 17 -22 18 -66634
-10 -24 -8 -23 -53236
20 -23 19 -24 -63858
-16 4 -16 3 -57852
-3 16 -2 14 -70920
6 -13 8 -16 -69882
12 19 13 19 -42586
-13 -10 -13 -8 -80962
0 4 -2 12 -74806
19 -11 19 -5 -72888
24 5 24 6 -43596
0 -23 -1 -23 -45702
0 15 0 14 -57574
-16 11 -19 12 -69158
15 14 15 15 -50086
-9 15 -9 12 -63094
21 -11 21 -13 -48594
4 23 5 21 -62708
-14 -3 -12 -2 -75050
20 -1 22 0 -68178
-22 -21 5 -10 -70230
23 17 22 18 -64622
-24 -4 -21 -3 -56294
-7 -18 -6 -20 -70360
