-9 -19 -9 -21 -64310
-9 18 -8 15 -53214
11 4 11 3 -59688
-24 1 -23 0 -53826
-15 -14 -15 -17 -62848
9 -23 11 -22 -80662
24 10 17 8 -59630
-13 12 -15 8 -65498
23 -4 23 -7 -54160
23 -14 24 -3 -73166
18 -12 21 -10 -74770
-11 -21 -10 -22 -56164
18 -9 19 -10 -65030
-12 10 -13 13 -62876
16 -6 18 -10 -74256
8 12 7 11 -51380
-14 18 -14 13 -61676
-5 -10 -5 -11 -53016
23 8 24 7 -57662
5 -7 5 -8 -59838
16 -12 17 -11 -71654
6 -12 7 -13 -63128
-5 -23 -8 -24 -59192
0 -16 1 -17 -67550
-24 20 -24 19 -51568
9 20 5 24 -62684
2 -10 1 -11 -46104
-16 8 -19 7 -65450
-22 -5 -22 -4 -53230
-2 -5 -4 -4 -53108
-7 -1 -8 -2 -56992
8 19 7 18 -49228
0 -24 22 -1 -89498
-19 9 -19 11 -65262
7 -22 5 -24 -70084
6 -1 6 0 -54246
-4 -1 -4 0 -47654
-23 23 -24 18 -62474
-24 14 -23 15 -57496
9 -22 11 -21 -82352
16 10 12 -3 -78122
22 -22 -23 -19 -63398
20 -8 21 -7 -64936
18 14 17 19 -53268
24 20 24 -13 -62816
-23 -13 -24 -13 -55148
-5 -1 -5 -3 -55044
2 -10 3 -10 -53798
22 24 22 23 -48500
3 -18 4 -17 -76156
-12 -11 -12 -15 -57048
22 -17 21 -16 -66918
-18 21 -19 21 -59628
-21 6 -23 9 -65318
-20 -20 -22 16 -70130
-17 -9 -18 -11 -59238
11 -19 12 -21 -73768
2 -15 0 -17 -71144
-5 23 -3 24 -52922
0 -17 -1 -18 -69688
-21 -21 -24 -21 -66800
-2 -24 -8 -2 -77400
-10 -13 -8 -10 -67898
6 -20 3 -23 -77726
15 24 18 22 -59362
2 -13 4 -19 -85578
-4 -24 -4 -22 -55210
-19 -11 -19 -12 -48842
-17 -18 -16 -20 -61856
-7 -22 -8 -24 -54854
24 -9 24 -11 -67000
3 24 1 24 -45864
-9 4 -10 3 -57726
-18 24 -18 20 -60958
-17 -15 -16 -18 -69060
5 -2 5 -4 -64674
16 24 13 23 -51026
-13 -21 -15 -24 -58680
10 -19 13 -23 -70486
-22 -17 -24 -20 -61412
14 24 17 24 -55428
-20 -1 -22 -1 -62640
-10 -6 -9 -8 -49186
-1 23 6 22 -59716
-24 -24 -22 -1 -60284
-22 -14 -22 -24 -68892
-3 -4 -2 -4 -54558
0 5 1 4 -59860
6 -1 5 0 -65036
-15 -5 -14 -9 -51856
-15 -13 -13 -14 -62794
5 13 5 17 -57422
13 24 13 22 -41386
-10 12 -10 13 -61478
23 -18 24 -20 -57370
18 21 17 20 -58878
23 0 22 0 -60040
-17 22 -16 22 -53842
-9 23 -11 21 -41992
-16 7 -14 7 -60202
22 23 23 24 -49526
-21 -14 -20 -15 -70722
-23 18 -24 17 -62558
17 -1 17 -3 -78082
23 -6 24 3 -81166
0 2 -2 0 -55878
19 -24 17 -24 -48644
-11 -2 -9 -3 -59658
-14 11 -9 10 -63066
24 21 23 23 -61238
-2 17 -1 19 -51246
23 -20 22 -20 -70366
-17 17 -17 16 -52376
23 4 0 3 -76264
15 19 15 20 -46482
-23 7 -22 7 -56580
8 7 6 6 -64712
-17 -17 -15 -16 -56716
-4 10 -5 11 -64182
-24 24 -23 8 -59070
20 0 21 -4 -91698
23 3 22 5 -57792
3 10 3 8 -45912
24 -11 21 -11 -60958
-17 8 -20 9 -71160
21 12 19 13 -56186
-23 9 -24 5 -60928
-22 23 -19 22 -50040
-17 -5 -20 -4 -55048
17 7 16 5 -59738
-24 12 -22 10 -60950
-14 -22 -14 -23 -57954
15 -22 14 -22 -63194
0 -1 4 -5 -64338
-19 2 -18 -2 -63554
-6 10 -9 8 -59592
17 -8 16 -7 -69498
-1 22 -2 21 -61836
23 -7 24 -8 -59118
23 -15 23 -16 -65530
9 -6 10 -8 -61116
24 -5 22 -5 -55064
3 -24 4 -22 -64082
-8 -23 11 -24 -90584
-21 3 -20 3 -66352
23 6 22 6 -57876
-11 -3 -13 -3 -61832
5 -24 5 -23 -48796
-15 0 -17 0 -54470
15 20 17 23 -59420
22 8 24 12 -58808
23 -10 24 -13 -72948
-14 14 -17 11 -62444
16 -8 21 -6 -75264
0 17 4 17 -54654
-17 -19 -17 -17 -67360
14 0 14 1 -61916
6 15 5 15 -50900
-23 -19 -24 -17 -60914
12 12 11 11 -41880
-20 -10 -19 -8 -62784
-7 -11 -7 -5 -60220
-21 7 -20 9 -68750
19 7 19 3 -71692
11 15 11 16 -44702
-24 -1 -24 -3 -56654
-20 -13 -21 -12 -68280
3 -17 5 -21 -82084
-9 -16 -8 -18 -70224
23 -22 24 -3 -73466
-10 21 -11 23 -61636
17 -19 0 -11 -97064
-22 21 -24 20 -56636
0 7 0 2 -61568
-18 24 -16 21 -55442
7 -22 8 -22 -73140
20 11 20 9 -55844
-23 -13 -24 -15 -53662
12 -22 14 -17 -89818
-6 21 -8 24 -66954
3 -19 6 -19 -76228
24 -11 23 -12 -57980
-13 -23 -16 -23 -51632
-12 3 -8 -2 -63528
22 -16 21 -17 -76676
7 21 8 22 -43784
18 23 22 23 -47494
3 -17 2 -11 -69836
7 4 4 5 -62760
-24 -1 -24 14 -67358
11 -24 12 -21 -80330
21 -23 21 -24 -37424
4 19 4 21 -54728
-19 -24 -22 -19 -55804
16 9 17 11 -51756
-11 -11 -12 -11 -54462
-5 18 -9 15 -54380
16 -24 17 -22 -58262
-10 19 -10 17 -50838
11 -3 10 -8 -69276
24 21 22 20 -61396
15 -4 16 -4 -61540
-24 17 24 15 -57934
-16 1 -16 -2 -59656
23 20 24 18 -57160
22 24 24 21 -61684
-24 -4 -23 -8 -50100
24 8 24 13 -48948
-24 -13 -22 -11 -61478
20 8 19 10 -59038
1 4 2 2 -61296
-3 23 -5 23 -51470
0 21 1 22 -62378
12 5 12 4 -59638
8 24 10 23 -51686
9 8 10 6 -49910
5 -8 6 -9 -66228
5 -22 9 -24 -74462
14 -1 13 -7 -81212
-5 -24 -4 -24 -59806
-5 -14 -9 -14 -55860
-9 -12 -10 -11 -54976
6 -3 7 -3 -66542
-14 2 -15 1 -63602
5 1 5 2 -52786
15 24 18 23 -60068
-24 14 -24 11 -47966
-14 -2 -14 -3 -57200
-18 -21 -19 -23 -57246
-22 12 -24 8 -62314
24 4 24 24 -59072
-10 6 -11 9 -65874
23 -3 24 0 -78490
-22 -13 -24 -11 -57344
-24 -2 -24 3 -63102
23 14 22 14 -63562
-20 -21 -18 -20 -59728
-13 -21 -12 -21 -51934
-14 18 -15 21 -59074
10 -1 10 0 -59624
0 -12 1 -13 -56298
19 14 19 15 -49676
22 -15 21 -13 -75376
-23 19 -22 11 -55132
-21 14 -23 12 -65172
2 11 2 13 -52460
4 -23 6 -24 -72556
2 3 1 2 -49558
-3 12 10 11 -66862
-21 16 -18 14 -64178
3 5 10 -7 -88602
-23 4 -23 0 -60836
24 -18 22 -19 -68390
23 6 24 8 -56586
12 3 14 0 -55022
19 -9 23 -18 -89782
-5 -23 -3 -22 -58864
-24 -16 -24 -20 -56222
-6 -16 -3 -15 -63318
-24 -12 -23 -6 -51232
-9 21 -9 24 -59234
20 -22 20 -21 -55554
22 14 24 17 -58386
22 -2 24 0 -66014
18 -17 17 -24 -71428
-13 6 -14 4 -63880
2 -22 4 -23 -72278
0 12 0 15 -64172
16 -11 17 -12 -65032
-7 -16 -7 -18 -66488
-14 7 -14 4 -64136
23 19 24 19 -55754
-12 -24 10 -23 -86454
-2 -6 -1 -7 -58690
-14 -14 -13 -14 -64838
-6 -11 -7 -12 -62542
-11 -8 -10 -6 -54932
-24 -12 -21 -11 -64484
22 21 23 23 -64344
8 17 8 18 -48322
12 -15 10 -24 -98272
-19 21 -18 19 -63046
-5 -13 -5 -16 -72290
5 -17 5 -19 -82596
-20 -17 -22 -14 -72524
0 -16 0 -17 -77078
0 8 -2 7 -59480
-3 17 -4 15 -52986
23 -19 24 -21 -54414
-5 2 -4 2 -47690
-11 -23 20 -24 -78152
-21 -9 -24 -6 -59814
6 17 4 19 -58560
11 24 10 23 -38898
12 -22 15 -14 -90908
-8 24 -5 23 -49292
16 -11 14 -14 -72906
10 -17 9 -19 -78176
-23 -7 -24 -8 -53618
22 16 23 21 -61018
-6 17 -4 16 -56762
-4 -24 -6 -22 -62478
23 7 21 6 -60324
-5 7 -5 6 -56068
21 -20 18 -22 -72234
-6 -3 -11 -4 -59478
8 0 9 0 -76232
-6 10 -5 10 -60590
-15 7 -12 5 -65090
-4 -9 -4 -8 -55262
11 -24 12 -22 -74882
22 24 2 24 -53104
-7 15 -5 8 -66936
-15 -6 -17 -4 -58376
-2 -16 -3 -16 -58850
-24 -14 -23 7 -64836
-18 -15 -20 -20 -69386
-16 -15 -14 -14 -62430
14 -4 14 -5 -68266
12 -22 12 -11 -86138
20 -24 23 -23 -59420
-23 -22 -24 -20 -56624
12 24 10 24 -45494
16 3 17 -3 -74214
-7 21 -5 23 -53814
8 13 9 12 -47284
-9 6 -8 3 -61098
-18 9 -15 6 -69028
10 21 10 20 -46378
-2 3 -2 1 -54822
-24 14 -23 14 -52996
11 -14 8 -13 -60668
14 -15 15 -14 -67528
-1 10 0 11 -50512
2 6 7 5 -62540
21 15 24 16 -66718
-11 10 -10 8 -63728
22 -15 19 -15 -71334
14 -5 15 -9 -66554
-5 22 -3 18 -58270
22 22 -20 8 -61704
15 24 16 21 -51258
0 14 -24 14 -66522
23 -4 24 -5 -65128
9 8 7 9 -59236
9 3 9 1 -57862
0 -22 0 -24 -55936
6 -24 8 -15 -94422
-17 11 -17 9 -64554
8 -4 8 -3 -60268
-10 6 -9 5 -66388
24 14 24 18 -47390
6 -21 7 -2 -80166
-17 23 -13 24 -45406
15 -19 17 0 -85190
-24 24 -24 18 -53002
2 24 0 21 -58490
2 24 2 21 -47550
12 -9 12 -11 -51560
-22 0 -22 1 -63634
-6 -23 -6 -22 -56370
12 -11 10 -14 -58812
-14 -10 -13 -9 -52618
4 -19 8 -22 -84092
24 -22 2 -23 -74972
-14 -24 -14 -23 -47588
24 24 24 23 -43558
-12 -5 -13 -3 -60682
-3 24 -2 23 -43176
-5 11 -3 11 -58318
-8 24 -7 21 -67940
19 -15 16 -17 -71942
6 -5 13 -21 -92626
13 -24 13 -21 -63170
-14 -8 21 -13 -80872
13 12 14 11 -42170
17 17 21 17 -54454
-23 -22 -24 -21 -55796
0 -24 2 -23 -57218
7 -1 12 0 -82740
-20 4 -20 7 -64256
20 -15 20 -16 -70208
13 -24 17 -24 -58416
-20 4 -23 5 -67332
-2 -13 0 -13 -53928
-14 -17 24 -2 -80684
0 -3 -1 -3 -54804
-18 -9 -22 -9 -66160
16 -20 18 -23 -54570
5 -4 6 -7 -75584
-4 -23 -2 -24 -61718
12 -5 18 -1 -74468
15 2 8 -1 -71160
13 -7 14 -6 -64732
-21 -7 -19 -5 -63662
-14 14 -16 15 -61472
-13 -17 -12 -16 -62794
0 -7 22 -4 -94102
-22 8 -22 6 -63882
23 -22 24 -24 -32954
22 -18 24 -18 -67570
-22 -5 -24 -4 -56216
19 -1 18 -3 -72904
-14 -23 -16 -24 -52670
-9 -22 -8 -23 -56864
-9 -20 8 -22 -93962
8 -11 7 -13 -51826
-20 4 -21 3 -60796
1 -4 0 -5 -57866
-2 -19 12 -21 -96206
22 -21 19 -21 -71218
3 -11 22 -17 -90516
-16 2 -17 1 -64550
-9 -6 -9 -1 -57844
6 17 5 14 -56742
9 -24 10 -24 -64160
-9 -18 -10 -21 -64830
22 -1 24 -2 -66586
-4 19 -4 22 -55194
-8 -24 -9 -24 -53576
18 -9 7 -10 -75100
-22 -24 -20 -24 -50690
0 -4 22 -5 -93944
24 -19 20 -24 -67278
0 2 1 -10 -77796
19 6 19 4 -68728
3 -3 6 -24 -90756
-19 21 -23 20 -64408
-17 24 -24 22 -58744
0 -22 1 -23 -65230
-9 8 -8 8 -63184
0 -5 24 -21 -88616
5 -15 6 -24 -92850
1 -22 0 -24 -57890
24 22 22 19 -65436
-16 -22 -15 -24 -48670
0 17 -2 18 -52998
0 -9 0 -8 -54672
-20 -21 -24 -21 -71594
2 -4 3 -3 -51578
11 -15 14 -20 -75402
-11 18 -14 18 -53852
22 -2 24 -5 -75994
-6 2 -5 6 -59016
-13 16 -14 14 -61310
-6 -14 -6 -16 -71674
-10 12 -11 11 -58764
2 9 -2 9 -56930
13 -21 14 -21 -64644
-8 -12 -7 -14 -58726
22 -10 22 -11 -76564
-24 -24 -20 -18 -57982
-23 -1 -23 -4 -62090
24 -18 24 -17 -51222
-17 22 -17 21 -64874
-16 18 -15 20 -61260
14 8 14 6 -52022
-24 24 12 21 -54342
19 -2 18 -1 -78066
-19 20 -17 23 -61742
15 13 16 13 -41336
22 -16 23 -14 -72252
-15 -23 -24 -24 -57512
-24 -5 -23 23 -65286
-18 -1 -19 -4 -57926
23 -1 23 -2 -82172
24 7 24 -5 -65584
19 21 20 20 -53324
-12 -16 -11 -20 -67182
-10 -1 -11 -4 -61768
-9 -15 -7 -12 -68612
10 6 9 5 -58678
1 12 0 13 -57356
-11 19 -13 20 -55084
2 8 3 7 -55170
6 7 6 9 -47852
-21 12 -23 14 -65982
9 -15 9 -16 -64114
-24 -13 -24 -14 -42410
21 11 20 14 -53326
4 23 2 24 -50734
-13 23 -14 21 -53770
-9 6 -10 5 -61164
0 -17 0 -18 -74966
11 -1 7 -2 -80946
-24 24 3 21 -54992
-1 -3 -1 -4 -58176
10 22 9 22 -49634
-24 17 -22 18 -66810
-10 -24 -8 -23 -54338
21 0 21 -3 -90218
-16 4 -16 3 -56756
-3 16 -2 14 -60686
-2 5 1 6 -57686
12 19 13 19 -41782
18 -1 19 -1 -65160
0 4 -2 12 -63470
17 1 20 0 -67966
24 5 24 6 -51268
0 -23 -1 -23 -58638
0 15 0 14 -61998
-16 11 -19 12 -67496
15 14 15 15 -46716
-9 15 -9 12 -61372
21 -11 21 -13 -77394
4 23 5 21 -56902
-14 -3 -12 -2 -63178
23 9 24 6 -62106
-22 -21 5 -10 -64012
23 17 22 18 -61826
-24 -4 -21 -3 -57636
-7 -18 -6 -20 -67196
