8 12 8 11 -65481
20 -13 19 20 -85165
-23 -18 -22 -18 -57401
-24 1 -23 0 -55453
18 3 20 3 -63565
9 -22 10 -24 -49605
-16 -22 -14 -24 -51161
23 -24 22 -3 -62571
-18 -11 -18 -12 -52469
9 -12 9 -9 -63787
-11 -23 -12 -24 -56285
0 -5 0 -4 -79617
-1 0 -2 0 -77779
-21 -15 -21 -20 -65371
8 -15 8 -17 -56599
10 -24 11 -23 -60101
15 -7 15 -5 -56843
12 12 10 13 -58589
23 8 24 7 -63025
14 -11 21 -7 -56305
23 -2 24 -3 -58861
-24 -21 -24 -24 -62775
3 17 -1 14 -57669
20 -22 23 -24 -62809
-24 20 -24 19 -40067
-23 -2 -24 -1 -57189
-3 -22 -4 -21 -70179
11 -12 12 -9 -57979
-24 3 -24 4 -37105
-12 -8 -11 -10 -66911
8 -16 8 18 -88287
-23 -10 -24 -11 -60549
23 -8 24 -8 -55895
24 -20 24 -24 -57373
8 -17 5 -15 -67945
-2 -20 -3 -22 -68195
0 -17 0 -16 -64425
-24 22 -24 20 -52503
-24 14 -23 15 -45201
11 -23 11 -24 -47167
-5 -22 -9 -23 -71955
-10 22 -12 23 -40719
24 -13 23 -12 -57697
18 -3 17 -2 -59857
5 23 7 21 -64589
-23 -13 -24 -13 -53755
-2 -8 -3 -13 -72177
4 -2 5 -1 -67101
22 24 22 23 -69531
11 -18 10 -20 -52493
0 -10 1 -6 -89341
-19 -19 -16 -20 -64395
-8 0 5 -23 -101041
-16 -7 -16 -6 -49001
20 -6 20 -7 -64841
-24 -21 -23 -24 -65887
-23 -12 -23 -9 -47401
-18 -3 0 -2 -80251
16 -21 16 24 -83579
6 15 7 15 -54979
13 4 12 4 -61901
24 -22 23 -24 -55569
7 -24 -22 -23 -78393
-22 12 -24 11 -58441
14 8 14 7 -55763
-14 19 -13 20 -52293
-4 -24 -4 -22 -55207
7 -10 6 -10 -58583
12 -4 9 -5 -60149
-7 -22 -8 -24 -54925
24 -9 24 -11 -52729
3 24 1 24 -51183
-24 -6 -23 -6 -61679
-18 24 -18 20 -52033
23 -17 24 -18 -60407
19 -2 20 -2 -60519
16 24 13 23 -53849
-6 -9 -5 -9 -71077
11 8 10 9 -58329
6 -17 9 -15 -63389
14 24 17 24 -50453
20 -4 23 -6 -63943
-5 14 -6 14 -44131
-23 -24 -20 19 -73567
-3 24 2 -10 -80291
-1 6 0 5 -62401
6 15 7 14 -59737
1 5 0 4 -66881
22 -22 24 -21 -62605
16 -7 15 -6 -66913
3 -20 -20 -22 -79439
-24 3 -21 4 -69247
13 24 13 22 -54993
12 0 11 -1 -60097
0 -14 1 -14 -57279
15 8 17 9 -64633
9 4 11 4 -61527
-17 22 -16 22 -45165
-24 9 -24 14 -46441
-20 0 -19 -1 -53745
22 23 23 24 -54381
-24 -16 -24 -19 -62961
4 3 3 -7 -85069
-24 -4 -24 15 -57913
-20 16 -17 13 -44803
1 10 -2 9 -56599
6 22 9 22 -67439
9 1 8 2 -59707
12 6 8 2 -68317
24 21 23 23 -51589
-2 17 -1 19 -50121
24 16 24 14 -53205
-21 23 -20 24 -41403
0 23 -1 22 -54193
15 19 15 20 -52169
-23 7 -22 7 -63591
-22 -23 -23 -24 -44479
-22 5 -24 4 -64183
-4 10 -5 11 -53449
-9 -4 -14 8 -75181
-17 23 -14 21 -51047
-11 -20 -10 -22 -61155
-20 -16 -19 -15 -66589
24 -11 21 -11 -62893
-19 -15 -20 -14 -57285
20 6 21 4 -71027
-23 9 -24 5 -44701
-22 23 -19 22 -44839
-24 19 -23 19 -41731
-1 -1 -3 -3 -85429
-6 -13 -6 -17 -70845
10 -5 10 -2 -65033
22 1 24 0 -62273
0 15 -1 10 -51847
14 -17 13 -11 -68069
-23 -15 -20 22 -70079
-4 -19 -8 -17 -71851
2 8 1 7 -65601
23 -7 24 -8 -57137
-24 -9 -23 -10 -49923
12 22 12 -13 -87653
-12 -7 -14 -7 -51477
2 6 24 18 -68231
6 24 7 23 -60823
-2 -18 -2 -19 -64433
-20 -24 -8 -23 -64729
23 -7 24 -5 -61327
5 -24 5 -23 -43761
15 13 16 14 -59829
-14 -6 -13 -12 -66113
22 8 24 12 -50501
20 -24 21 -24 -58249
15 -23 18 -22 -53707
23 -11 18 -12 -57477
-21 -6 -22 -9 -63551
23 -8 23 -7 -63501
-12 8 -11 9 -48077
0 10 -6 6 -67441
-17 7 -16 0 -54523
1 -15 3 -13 -60853
3 24 8 24 -64153
-7 -20 -6 -22 -70845
17 5 17 9 -60479
-8 0 -2 -15 -99943
11 15 11 16 -69123
-24 -1 -24 -3 -49209
-1 -9 0 -10 -68399
1 -12 4 -14 -64567
19 19 20 19 -58311
23 -24 24 -24 -50009
-5 -14 -6 -16 -67069
-21 -3 -22 -4 -61123
-22 21 -24 20 -44505
17 4 15 2 -59725
-18 24 -16 21 -51957
23 -8 0 -4 -75845
-4 17 -6 19 -51425
-23 -13 -24 -15 -55397
13 -19 11 -18 -55293
-3 18 -2 16 -53051
-15 23 -15 22 -49979
24 -11 23 -12 -53135
0 -20 1 -20 -67237
-11 -12 -10 -10 -57977
-7 23 -8 21 -49101
7 21 8 22 -56915
18 23 22 23 -52821
4 -24 0 -23 -61339
-20 -15 -19 -15 -61667
8 -5 6 -6 -60005
-8 -10 -6 -12 -72619
21 -23 21 -24 -50063
-15 -21 -17 -17 -60503
-2 -3 0 -2 -88559
-7 -3 -9 -1 -70277
-4 9 -4 12 -54767
24 -21 -9 -20 -65833
16 -24 17 -22 -53027
-11 -2 -14 -6 -64903
19 8 17 7 -64163
24 21 22 20 -57043
23 1 24 -1 -59305
-24 17 24 15 -56713
23 4 23 2 -50949
23 20 24 18 -47003
12 14 12 10 -69091
6 21 -4 19 -67453
24 8 24 13 -48613
6 -4 6 -6 -70751
15 23 19 24 -53457
-7 14 -7 12 -48523
-6 -3 19 -4 -86325
-4 -2 -4 0 -62719
22 10 23 9 -61583
8 24 10 23 -56743
2 -13 4 -12 -61287
-8 -19 -10 -11 -79255
-9 -6 -11 -7 -60619
-23 -6 -24 -9 -61475
-5 -24 -4 -24 -62585
-18 -24 -17 -24 -52615
19 10 16 11 -66101
0 -5 0 -7 -92609
5 -19 4 -16 -66981
10 -5 14 -3 -67093
12 24 11 20 -62419
-24 14 -24 11 -40817
-24 -21 -24 -23 -64731
-22 -20 -24 -22 -55373
-5 -6 -3 -2 -91559
14 -1 15 -2 -58113
24 -16 24 -13 -53591
-19 -22 -19 -23 -52399
8 -3 9 -5 -65391
8 13 10 18 -67797
-23 -16 -24 -23 -64353
7 17 7 10 -71949
10 4 10 2 -60709
2 -19 2 -18 -60329
20 -24 24 -24 -63523
-13 16 -14 17 -48543
19 14 19 15 -63683
9 8 0 7 -70479
3 6 4 9 -65667
0 -24 -1 -23 -57057
-22 -21 -21 -22 -69599
4 -23 6 -24 -57959
24 -7 24 -6 -59949
15 14 15 18 -69665
8 21 10 21 -60243
-12 -7 -10 -12 -72537
8 -10 8 -9 -59639
23 -4 23 -2 -53675
23 6 24 8 -46877
11 -13 14 -14 -58287
9 -24 10 -24 -68027
-16 19 -23 3 -63737
-20 -22 -18 -24 -60657
-14 5 -12 8 -45033
-12 -4 -12 -6 -58149
-9 21 -9 24 -57189
23 -17 23 -21 -62993
22 14 24 17 -53861
22 -2 24 0 -57373
-22 1 -22 0 -50243
-17 -16 -17 -15 -60241
23 -14 24 -15 -61279
1 -15 1 -14 -60665
-23 -5 -22 -7 -49045
-16 -14 -17 -14 -51787
19 -19 19 -18 -64439
23 19 24 19 -46465
-10 -7 14 -6 -85215
-23 -8 -22 -8 -66227
4 15 6 24 -60793
2 -20 -10 -4 -105825
4 -14 5 -16 -69409
-8 -21 -8 -22 -61951
22 21 23 23 -67255
8 17 8 18 -50743
11 -15 12 -12 -63923
7 3 6 5 -62237
5 2 5 0 -65969
8 24 -1 22 -68055
13 -11 14 -11 -55715
-1 -13 -7 -14 -73967
6 4 8 6 -67503
-1 3 0 3 -73197
-19 1 -13 2 -49973
-9 22 -8 19 -57809
-21 19 -22 20 -47847
20 12 23 10 -61791
13 -3 16 -2 -61577
11 24 10 23 -49497
-6 -20 -12 -20 -67477
-8 24 -5 23 -32121
0 -7 -1 -8 -80841
-24 -3 -24 -4 -43665
-23 -7 -24 -8 -65447
-2 -5 -3 -3 -72347
-24 -2 -22 0 -69795
-11 -15 -11 -14 -65041
-23 -21 -24 -21 -49663
22 -23 22 -20 -64843
5 17 4 16 -63031
-13 -23 -13 -24 -54987
17 5 16 6 -64835
-16 -3 -17 -4 -50561
15 21 18 16 -66205
-14 -24 -18 12 -76333
11 -24 12 -22 -57563
-9 10 -11 11 -36563
-19 7 -21 6 -62675
4 13 3 12 -55111
22 -16 -21 -23 -65405
7 -20 6 -20 -70133
22 5 23 4 -68325
-16 -4 -14 -4 -46897
0 4 -1 3 -65359
-10 9 -9 14 -59051
-18 -15 -18 -13 -60119
-23 -1 -24 -2 -65751
12 24 10 24 -45849
16 23 15 21 -60955
24 -17 24 -15 -55979
-14 -17 -14 -18 -56129
9 3 -6 5 -78211
-22 0 -24 -23 -64575
10 21 10 20 -50449
14 7 11 7 -59109
-24 14 -23 14 -47045
-15 -20 -16 -22 -58631
-3 24 -4 24 -42105
22 24 22 23 -69531
-6 22 -6 24 -57367
-6 -5 -3 -4 -83307
-8 -5 -7 -2 -74323
0 16 0 14 -44529
21 -22 19 -24 -57681
-4 -7 -4 -8 -77289
10 0 12 -1 -62187
15 24 16 21 -60135
-9 0 -7 -3 -70439
7 -4 7 0 -66903
-6 -12 -12 -14 -65975
13 -16 12 -19 -58161
0 -22 0 -24 -55143
23 -4 24 0 -56923
-21 9 -18 -15 -68835
17 -4 18 -3 -57795
-12 17 -13 16 -43649
24 14 24 18 -53211
4 -24 5 -24 -57629
-17 23 -13 24 -43289
23 3 24 0 -58043
-24 24 -24 18 -53695
2 24 0 21 -57597
2 24 2 21 -46103
-23 3 -24 0 -52285
24 23 0 24 -53707
-13 -6 5 -6 -87699
-1 -1 0 -18 -94627
-24 -16 -24 -19 -62961
17 -10 0 -11 -83093
-18 -1 20 -24 -75059
-14 -24 -14 -23 -52821
24 24 24 23 -54341
-21 8 -18 8 -59377
-3 24 -2 23 -47293
9 14 10 13 -63057
-7 -14 -7 -5 -77865
-4 2 -4 4 -53683
-7 -8 -8 -8 -70131
20 3 19 2 -63005
0 -9 0 -5 -97379
-2 12 -4 12 -48853
17 4 15 4 -66029
-23 -22 -24 -21 -59873
0 -24 2 -23 -66239
-22 8 -21 7 -55209
-8 -3 -5 -3 -78949
-24 23 -24 22 -38409
-15 9 -16 12 -50253
-20 4 -23 5 -64001
17 24 17 22 -59741
12 -24 13 -24 -53161
0 -3 -1 -3 -75529
15 15 16 12 -71505
-6 5 -5 5 -57617
17 -22 19 -18 -66385
-4 -23 -2 -24 -64161
24 21 24 -12 -69985
18 -23 20 -24 -52389
-20 19 -17 19 -46565
-12 12 -12 24 -54213
0 -2 -1 1 -67995
3 -6 5 -3 -75065
7 -23 5 -24 -63403
5 -19 11 -19 -72231
23 -22 24 -24 -48073
22 -18 24 -18 -58945
21 23 -24 21 -51565
18 -8 18 -9 -51435
-14 -23 -16 -24 -55961
-9 -22 -8 -23 -64949
-7 -17 -7 -18 -64239
-4 -2 -6 -11 -95303
-19 23 23 20 -57915
-8 8 -8 9 -55125
2 12 2 -4 -83357
-3 -21 -3 -22 -67117
3 -2 4 4 -80771
-24 11 -23 6 -42735
17 -24 16 -24 -47919
23 -17 22 -18 -57195
9 -24 10 -24 -68027
24 3 21 2 -54115
13 -20 16 -23 -63687
-4 19 -4 22 -56299
-8 -24 -9 -24 -63121
-1 23 -3 23 -48757
-22 -24 -20 -24 -59437
-18 -4 -20 -3 -46771
24 -10 24 -12 -51061
-8 -5 -8 -4 -66327
19 6 19 4 -62811
15 -20 15 -23 -55057
2 -23 1 -24 -61715
-17 24 -24 22 -49391
-4 23 -4 24 -48147
4 -8 0 -9 -63579
-15 -8 -5 -10 -77679
11 0 10 8 -71847
-2 -4 -14 -13 -89693
24 22 22 19 -60797
-7 16 -8 14 -44015
-1 -10 0 -12 -69051
23 -3 20 -4 -63145
-20 -24 -21 -24 -59085
17 14 16 14 -58291
11 4 12 -6 -70527
-2 2 -3 0 -60971
10 5 10 8 -60061
-12 0 -11 -3 -57675
-15 -4 -13 3 -61479
-19 13 -21 10 -52119
17 -24 15 -22 -56387
-2 -19 -2 -19 -238309
-11 5 -11 2 -49531
21 -12 19 6 -76229
-19 10 -18 8 -51879
10 -10 10 -14 -63643
4 10 2 12 -54897
24 -18 24 -17 -56767
14 -6 15 -7 -68613
-24 -24 9 -24 -71321
-10 1 -9 2 -49157
18 -16 17 -14 -61607
-6 8 -9 4 -58105
5 -22 5 -21 -47397
-14 1 -15 3 -53309
17 -18 17 -17 -61715
-10 -17 -10 -18 -62419
-14 -24 -12 -23 -54865
-24 -12 -21 -14 -57325
-18 4 -17 5 -51047
3 0 4 0 -58009
19 21 20 20 -60247
-4 -11 -4 -13 -63763
5 -21 0 -5 -92243
-12 13 -19 12 -42139
21 13 18 14 -62713
-11 -8 -13 7 -78547
-11 19 -13 20 -51159
-16 -8 -17 -10 -53797
15 -4 15 -2 -56907
-20 -16 -16 -13 -68781
13 -23 15 -24 -57181
-24 -13 -24 -14 -45111
21 11 20 14 -60497
4 23 2 24 -55543
-13 23 -14 21 -53071
-2 -17 -3 -17 -64379
1 0 0 0 -69947
22 14 20 13 -54059
4 -10 4 -8 -63467
-1 7 -1 10 -58279
-10 -14 -11 -17 -65377
20 -13 20 -14 -53961
-10 -24 -8 -23 -61331
-13 21 -12 18 -53819
8 -22 6 -23 -69511
-3 -9 -2 -9 -66927
-11 11 -11 12 -48593
12 19 13 19 -48535
4 1 3 3 -65653
14 -16 13 -14 -62073
19 -13 18 -12 -55577
24 5 24 6 -51651
0 -23 -1 -23 -65531
11 11 11 9 -61169
1 -3 2 -1 -74329
15 14 15 15 -74781
-7 8 -7 6 -53133
-5 -24 -6 -24 -64761
5 8 4 9 -61421
8 10 8 9 -59753
23 9 24 6 -64767
-4 21 -3 15 -56909
23 17 22 18 -56227
0 1 -1 3 -66507
-6 -23 0 -16 -78257
