8 12 8 11 -41927
6 -1 8 -23 -72361
-23 -18 -22 -18 -59819
-24 1 -23 0 -46875
14 24 12 1 -73053
9 -22 10 -24 -57431
-16 -22 -14 -24 -51269
23 -24 22 -3 -65009
-18 -11 -18 -12 -47291
9 -12 9 -9 -70013
-11 -23 -12 -24 -54199
15 11 13 11 -45071
1 5 3 3 -56947
-21 -15 -21 -20 -58271
8 -15 8 -17 -60193
10 -24 11 -23 -56549
15 -7 15 -5 -57959
13 19 15 18 -54733
23 8 24 7 -51429
14 -11 21 -7 -67513
23 -2 24 -3 -62901
-24 -21 -24 -24 -60777
-3 8 -8 11 -60083
20 -22 23 -24 -63293
-22 12 -24 18 -63787
-23 -2 -24 -1 -50957
-3 -22 -4 -21 -60935
11 -12 12 -9 -61085
-24 3 -24 4 -39267
-12 -8 -11 -10 -58211
-14 0 1 -1 -83529
-23 -10 -24 -11 -55703
23 -8 24 -8 -62819
24 -20 24 -24 -57881
8 -17 5 -15 -64401
-2 -20 -3 -22 -50711
0 -17 0 -16 -60737
-24 22 -24 20 -57355
-24 14 -23 15 -52401
11 -23 11 -24 -50225
-21 24 -24 23 -44657
-10 22 -12 23 -46517
24 -13 23 -12 -59351
18 -3 17 -2 -56887
1 -1 0 -2 -67153
-23 -13 -24 -13 -54623
-2 -8 -3 -13 -55459
4 -2 5 -1 -62045
22 10 20 11 -70203
11 -18 10 -20 -55917
-13 -5 -5 -7 -69823
-19 -19 -16 -20 -66877
10 19 12 11 -69495
-16 -7 -16 -6 -57087
20 -6 20 -7 -67551
-24 -21 -23 -24 -58539
-23 -12 -23 -9 -43307
12 8 12 7 -47431
20 24 23 21 -57283
20 21 2 18 -83673
0 10 1 13 -56979
24 -22 23 -24 -56909
0 1 2 4 -58311
-22 12 -24 11 -58055
21 1 21 1 -238359
-10 13 -11 10 -55907
-4 -24 -4 -22 -46111
-19 9 -21 5 -63647
12 -4 9 -5 -65163
-7 -22 -8 -24 -52303
24 -9 24 -11 -54389
3 24 1 24 -51455
-24 -6 -23 -6 -57061
-11 -2 -8 -6 -67163
23 -17 24 -18 -61055
19 -2 20 -2 -53727
22 15 22 14 -66257
-7 5 -7 6 -50951
11 8 10 9 -57057
6 -17 9 -15 -56393
-19 2 -18 5 -66797
20 -4 23 -6 -63149
6 -5 5 -7 -66755
1 24 2 22 -58439
8 14 11 14 -51423
0 19 0 18 -65827
3 21 1 18 -61033
-10 4 -10 3 -50659
22 -22 24 -21 -62853
16 -7 15 -6 -66153
-3 20 -3 18 -64781
-17 17 -17 15 -58445
13 24 13 22 -36019
12 0 11 -1 -64877
0 -14 1 -14 -62111
-9 19 -7 19 -50305
-6 5 -5 8 -56763
-17 22 -16 22 -46981
-5 21 -6 20 -61389
-21 0 -19 1 -58745
22 23 23 24 -58193
-24 -16 -24 -19 -61205
-4 17 -4 17 -238359
-1 9 -2 6 -60963
-20 16 -17 13 -60917
3 11 0 17 -73603
-23 15 -23 17 -57671
9 1 8 2 -60137
1 -3 4 -4 -74673
24 21 23 23 -49915
-2 17 -1 19 -71061
24 16 24 14 -66233
-21 23 -20 24 -40999
2 17 1 17 -50343
15 19 15 20 -44391
-7 16 -7 17 -54565
-22 -23 -23 -24 -51793
-15 2 -13 0 -73477
-1 0 19 -1 -92683
-1 -7 -1 -6 -63739
-23 -8 -14 -7 -63409
-11 -20 -10 -22 -61837
-20 -16 -19 -15 -60329
24 -11 21 -11 -66465
-19 -15 -20 -14 -59617
-18 -8 -16 -7 -59339
-21 8 -20 1 -55665
-22 23 -19 22 -57647
-24 19 -23 19 -47339
10 2 10 5 -67505
0 -21 24 -22 -63801
10 -5 10 -2 -56981
22 1 24 0 -67169
-21 19 -21 22 -67019
14 -17 13 -11 -67121
-4 23 -4 20 -66257
-24 -18 -2 -12 -65601
2 17 1 18 -58171
23 -7 24 -8 -58455
-24 -9 -23 -10 -48111
19 11 19 12 -67975
-6 6 -14 6 -67581
21 24 -8 24 -67381
6 24 7 23 -55703
-2 -18 -2 -19 -57851
-20 -24 -8 -23 -60069
23 -7 24 -5 -62607
5 -24 5 -23 -44825
18 -4 13 -7 -77429
13 2 11 2 -74573
22 5 20 3 -55505
20 -24 21 -24 -60791
15 -23 18 -22 -58121
23 -11 18 -12 -60639
23 1 21 2 -63279
23 -8 23 -7 -65569
-20 7 -19 6 -52483
9 24 -17 23 -72623
-8 -18 -6 -21 -65289
1 -15 3 -13 -60997
3 24 8 24 -67567
14 3 15 2 -77817
8 6 7 5 -63345
-17 4 -18 4 -50407
11 15 11 16 -60155
-24 -1 -24 -3 -44725
-1 -9 0 -10 -62145
1 -12 4 -14 -65791
19 19 20 19 -61551
23 -24 24 -24 -50679
-5 -14 -6 -16 -65991
7 -13 6 -11 -67691
-17 11 -19 11 -54071
1 1 24 4 -80703
-10 23 -11 21 -64813
-14 21 -15 18 -63069
-12 16 -11 14 -59131
-23 -13 -24 -15 -52835
13 -19 11 -18 -57933
-11 17 -12 10 -65879
3 -1 -2 -3 -73089
24 -11 23 -12 -56773
0 -20 1 -20 -67747
16 0 12 1 -90341
-13 1 -15 3 -70449
7 21 8 22 -55295
18 23 22 23 -57743
4 -24 0 -23 -60947
-20 -15 -19 -15 -65069
-22 21 -22 -20 -62183
-20 3 -18 13 -66549
21 -23 21 -24 -51767
-15 -21 -17 -17 -59349
20 3 14 5 -71669
22 17 19 12 -72189
-4 -11 -7 -14 -62019
24 -21 -9 -20 -65839
16 -24 17 -22 -55895
-7 15 -8 20 -63063
19 8 17 7 -54885
24 21 22 20 -72611
23 1 24 -1 -59721
-1 0 -2 1 -64081
23 4 23 2 -43443
23 20 24 18 -53105
9 -10 7 -10 -54703
14 19 11 20 -58115
24 8 24 13 -67783
6 -4 6 -6 -63711
15 23 19 24 -40623
-5 0 -5 -2 -51635
-4 24 -9 24 -55801
0 5 0 -6 -73473
22 10 23 9 -68577
8 24 10 23 -48863
2 -13 4 -12 -58381
-24 22 -22 20 -54809
-24 19 -24 15 -57903
-23 -6 -24 -9 -49605
-5 -24 -4 -24 -51889
-18 -24 -17 -24 -52319
17 24 17 23 -39095
19 15 16 -1 -77131
5 -19 4 -16 -65699
10 -5 14 -3 -74443
-3 -16 1 -17 -68847
-24 14 -24 11 -53895
-24 -21 -24 -23 -62473
-22 -20 -24 -22 -67131
21 8 19 10 -70841
14 -1 15 -2 -67865
24 -16 24 -13 -54487
-19 -22 -19 -23 -48957
8 -3 9 -5 -63117
-15 -2 -17 -3 -56617
-23 -16 -24 -23 -64141
2 16 2 14 -71325
10 4 10 2 -66453
2 -19 2 -18 -57075
20 -24 24 -24 -64981
-13 16 -14 17 -59201
10 20 10 16 -66217
-11 24 -12 20 -69063
-13 1 -9 5 -57131
0 -24 -1 -23 -54467
-22 -21 -24 -22 -65829
4 -23 6 -24 -57287
24 -7 24 -6 -59751
18 -8 19 -7 -70207
-9 -3 -15 5 -82665
3 0 0 1 -73431
8 -10 8 -9 -63879
23 -4 23 -2 -50441
23 6 24 8 -64061
11 -13 14 -14 -57951
9 -24 10 -24 -65281
0 0 -2 0 -62307
-20 -22 -18 -24 -57673
0 5 0 4 -55049
-12 -4 -12 -6 -53153
-9 21 -9 24 -63765
23 -17 23 -21 -62165
22 14 24 17 -63647
22 -2 24 0 -51003
-21 7 -19 8 -62781
-20 -18 -17 -17 -67657
23 -14 24 -15 -61347
1 -15 1 -14 -59877
-23 -5 -22 -7 -44539
-16 -14 -17 -14 -59307
19 -19 19 -18 -63485
23 19 24 19 -55933
-10 24 -21 22 -57243
-23 -8 -22 -8 -61699
-10 -7 -8 -12 -61355
6 22 -2 4 -86321
4 -14 5 -16 -68101
-8 -21 -8 -22 -59407
22 21 23 23 -68177
8 17 8 18 -71081
11 -15 12 -12 -64335
15 3 14 5 -66681
5 2 5 0 -51347
-7 -13 -7 -11 -56959
13 -11 14 -11 -55089
3 23 -5 14 -78757
-22 14 -20 14 -57407
-10 10 -12 21 -74155
19 23 2 19 -82601
14 19 1 18 -80941
-21 19 -22 20 -66333
19 3 2 0 -93611
-5 5 0 0 -73305
11 24 10 23 -43665
-6 -20 -12 -20 -59575
-8 24 -5 23 -55891
7 24 6 24 -62375
-24 -3 -24 -4 -43071
-23 -7 -24 -8 -57855
-2 -5 -3 -3 -62957
-12 1 -13 -1 -53467
-11 -15 -11 -14 -62801
-23 -21 -24 -21 -53887
22 -23 22 -20 -65449
-21 12 5 20 -75687
-13 -23 -13 -24 -57409
0 17 0 16 -67059
-16 -3 -17 -4 -58165
22 20 22 19 -51953
1 11 0 11 -44387
11 -24 12 -22 -57743
2 -1 0 13 -75663
24 22 21 21 -71211
8 10 13 7 -64921
22 -16 -21 -23 -58049
7 -20 6 -20 -61533
19 16 20 18 -59361
8 -6 7 -7 -64855
9 15 8 -2 -73529
-16 18 -17 20 -61459
-18 -15 -18 -13 -49167
-23 -1 -24 -2 -52011
12 24 10 24 -45231
-1 10 -3 14 -63387
24 -17 24 -15 -56777
-14 -17 -14 -18 -54555
-7 -17 -7 -14 -73517
-22 0 -24 -23 -57723
16 22 -22 1 -78703
7 16 7 19 -72225
-24 14 -23 14 -54059
-18 -8 -16 -11 -55961
-3 24 -4 24 -46809
-4 15 -7 15 -56385
-6 22 -6 24 -60523
-9 0 -10 -5 -52581
-13 18 -16 6 -75125
-24 1 -23 24 -61899
21 -22 19 -24 -60105
4 -2 4 0 -61695
10 0 12 -1 -73937
21 7 22 14 -87159
3 -11 3 -12 -56855
1 16 23 -18 -79031
-6 -12 -12 -14 -55745
13 -16 12 -19 -59755
0 -22 0 -24 -47383
23 -4 24 0 -51477
24 24 -24 17 -68617
17 -4 18 -3 -69921
-12 -22 -12 -21 -59121
24 14 24 18 -63561
4 -24 5 -24 -56259
-1 1 0 -2 -69377
23 3 24 0 -54839
-24 8 -22 8 -49399
-19 21 -21 22 -61505
-12 19 -12 21 -64819
-23 3 -24 0 -48307
6 24 6 22 -47301
12 11 13 13 -54773
-17 2 -15 4 -62619
-24 -16 -24 -19 -61205
-22 18 -21 20 -65145
10 1 12 -3 -68223
-14 -24 -14 -23 -55397
24 24 24 23 -40269
-12 -13 -17 -13 -55415
-3 24 -2 23 -56443
9 -20 10 -22 -60007
0 -3 -12 0 -82243
-13 16 -16 15 -59551
5 3 21 0 -93769
2 17 2 8 -74085
-6 -15 -5 -17 -65811
-19 -4 -17 8 -74119
15 3 14 -1 -52919
-23 -22 -24 -21 -50899
0 -24 2 -23 -60931
-22 8 -21 7 -50669
-18 5 -7 6 -67149
-24 23 -24 22 -37201
-1 -5 -1 -6 -65769
-1 14 -1 12 -63389
19 14 21 13 -60797
12 -24 13 -24 -53039
22 14 24 9 -75401
6 21 4 20 -63111
-5 9 -5 6 -61221
17 -22 19 -18 -66667
-4 -23 -2 -24 -57763
24 21 24 -12 -64903
18 -23 20 -24 -54099
24 9 24 6 -58985
-13 23 -12 20 -61771
8 8 7 8 -58351
-3 -8 0 -8 -65551
7 -23 5 -24 -60833
-21 -5 -21 -1 -51681
23 -22 24 -24 -48379
22 -18 24 -18 -58821
21 23 -24 21 -72659
18 -8 18 -9 -54507
-14 -23 -16 -24 -52601
-9 -22 -8 -23 -57679
-7 -17 -7 -18 -68377
-13 -14 -12 -17 -61431
-19 23 23 20 -72213
-12 22 -11 22 -47015
0 -7 1 -7 -65779
-6 -6 -6 -5 -59419
1 0 5 0 -72017
-20 19 -20 18 -67081
17 -24 16 -24 -51709
23 -17 22 -18 -55617
9 -24 10 -24 -65281
24 8 21 6 -65487
13 -20 16 -23 -65405
-22 0 -21 0 -56551
-8 -24 -9 -24 -54101
-2 10 -4 9 -53245
-22 -24 -20 -24 -59951
-15 3 -15 5 -55389
24 -10 24 -12 -53403
-8 -5 -8 -4 -58801
16 10 19 12 -62887
15 -20 15 -23 -58459
2 -23 1 -24 -56415
-3 14 -11 13 -61281
-4 23 -4 24 -52527
4 -8 0 -9 -66243
0 24 0 23 -46999
-13 3 -14 24 -72101
8 -22 8 -16 -63863
24 22 22 19 -70353
-18 11 -16 13 -53269
-1 -10 0 -12 -62575
0 21 -3 22 -52617
-20 -24 -21 -24 -59793
18 19 20 18 -59021
6 16 6 14 -65261
-11 -7 -10 -7 -49709
10 5 10 8 -55265
-15 23 -14 24 -46933
18 12 17 7 -71311
-24 13 -23 10 -56395
17 -24 15 -22 -55683
-3 -13 -3 -12 -59801
-15 0 -13 -2 -65139
21 24 21 23 -47157
-17 13 -14 12 -56287
10 -10 10 -14 -68049
2 -1 3 -2 -71675
24 -18 24 -17 -56553
14 -6 15 -7 -68093
-24 -24 9 -24 -55647
-6 6 3 5 -66259
18 -16 17 -14 -63013
-8 -17 -11 -20 -59585
5 -22 5 -21 -52257
-4 12 -1 13 -56771
17 -18 17 -17 -62053
-10 -17 -10 -18 -65457
-14 -24 -12 -23 -50969
-24 -12 -21 -14 -58169
11 -4 2 -6 -73535
-5 6 -7 14 -64787
-16 17 -15 18 -60699
-10 9 -10 10 -46113
-9 0 -11 2 -61993
17 -1 16 -2 -65201
-8 -10 -5 -10 -52143
-11 1 -11 0 -55191
-21 18 13 24 -80981
-16 -8 -17 -10 -54539
15 -4 15 -2 -53925
-24 9 -24 11 -45265
13 -23 15 -24 -57669
-24 -13 -24 -14 -42759
13 7 13 7 -238359
4 23 2 24 -60979
-4 2 -6 2 -58747
-2 -17 -3 -17 -58221
1 -1 1 -2 -67601
22 -8 24 -7 -68701
4 -10 4 -8 -54905
-13 9 -7 9 -59621
-10 -14 -11 -17 -67763
20 -13 20 -14 -54825
-10 -24 -8 -23 -57289
-12 -11 -12 -10 -51055
8 -22 6 -23 -65275
-3 -9 -2 -9 -58525
-15 -5 -15 -8 -59853
7 5 6 3 -65983
-24 19 -23 22 -61441
14 -16 13 -14 -63119
19 -13 18 -12 -56569
24 5 24 6 -46463
0 -23 -1 -23 -61091
21 13 20 10 -77441
11 24 -9 23 -72375
-21 10 -21 12 -56119
13 0 16 0 -84611
-5 -24 -6 -24 -50949
5 8 4 9 -49169
24 10 21 9 -57465
8 10 6 10 -56489
-21 2 -24 0 -61365
23 17 22 18 -60209
-7 -8 -5 -11 -55423
8 22 8 24 -44637
