8 12 8 11 -50570
-17 3 -12 1 -68590
-23 -18 -22 -18 -60940
-24 1 -23 0 -56908
-4 24 16 24 -65828
9 -22 10 -24 -55282
-16 -22 -14 -24 -53576
-22 0 -24 17 -80652
-18 -11 -18 -12 -48188
-16 23 -15 21 -45084
-11 -23 -12 -24 -54588
15 11 13 11 -43494
-4 13 -3 10 -72638
-21 -15 -21 -20 -58940
8 -15 8 -17 -65348
10 -24 11 -23 -57170
15 -7 15 -5 -53276
13 19 15 18 -63224
23 8 24 7 -52862
14 -11 21 -7 -63446
23 -2 24 -3 -50122
-24 -21 -24 -24 -60282
0 0 0 -1 -65478
20 -22 23 -24 -63076
-7 6 -23 10 -78642
-23 -2 -24 -1 -64070
-3 -22 -4 -21 -57498
-17 23 -17 22 -45756
-24 3 -24 4 -51066
-12 -8 -11 -10 -63136
12 -13 11 -8 -51838
-23 -10 -24 -11 -56828
23 -8 24 -8 -52278
24 -20 24 -24 -57422
10 0 13 -1 -57266
-2 -20 -3 -22 -50460
0 -17 0 -16 -58412
-24 22 -24 20 -57662
-24 14 -23 15 -59038
11 -23 11 -24 -50682
-21 24 -24 23 -53650
-10 22 -12 23 -53414
24 -13 23 -12 -59934
18 -3 17 -2 -55978
1 -1 0 -2 -58688
-23 -13 -24 -13 -55854
-2 -8 -3 -13 -61728
-5 -9 -6 -10 -62374
22 10 20 11 -57728
11 -18 10 -20 -57876
-11 12 -8 11 -68632
-19 -19 -16 -20 -66082
-24 8 -24 10 -62930
-16 -7 -16 -6 -61876
1 17 4 14 -71570
-24 -21 -23 -24 -58194
-23 -12 -23 -9 -43548
12 8 12 7 -40344
20 24 23 21 -62898
20 21 23 22 -71204
-14 8 -12 -13 -84710
24 -22 23 -24 -57806
-17 9 -17 11 -67278
-22 12 -24 11 -70998
0 3 0 2 -59952
-9 0 -10 1 -57764
-4 -24 -4 -22 -46020
21 9 21 12 -53862
12 -4 9 -5 -48858
-7 -22 -8 -24 -51782
24 -9 24 -11 -54586
3 24 1 24 -60248
-24 -6 -23 -6 -59726
-7 -7 -8 -6 -71518
23 -17 24 -18 -60604
19 -2 20 -2 -51228
-4 4 3 1 -67958
-4 4 -7 0 -70376
11 8 10 9 -44448
6 -17 9 -15 -54810
-4 3 -2 4 -65284
-14 7 -7 9 -72416
20 8 24 7 -66690
-3 6 -1 8 -65694
8 14 11 14 -49752
22 -4 21 -4 -50400
3 13 5 18 -61940
-17 20 -15 4 -89448
22 -22 24 -21 -66714
16 -7 15 -6 -51648
-3 20 -3 18 -51044
-17 17 -17 15 -55060
13 24 13 22 -43462
12 0 11 -1 -51146
-9 21 -19 19 -102810
-24 19 -21 19 -77952
19 -2 21 -10 -70504
-17 22 -16 22 -62264
-5 19 -6 20 -68400
-21 0 -19 1 -61738
22 23 23 24 -51316
-24 -16 -24 -19 -61332
-21 16 -22 18 -64882
0 12 0 -2 -84840
-24 -3 -10 19 -90656
13 23 15 24 -45168
-23 15 -23 17 -52672
9 1 8 2 -54294
-8 24 -18 5 -97768
24 21 23 23 -51292
13 5 12 4 -46502
24 -14 9 -16 -65258
-21 23 -20 24 -49618
2 17 1 17 -61712
15 19 15 20 -53712
-7 16 -7 17 -53232
-22 -23 -23 -24 -53788
20 24 18 24 -55190
-19 14 -6 22 -106996
-1 -7 -1 -6 -67758
0 13 1 15 -59644
-11 -20 -10 -22 -65366
-20 -16 -19 -15 -58634
24 -11 21 -11 -62382
-19 -15 -20 -14 -61954
-18 -8 -16 -7 -69364
5 8 6 12 -53032
-22 23 -19 22 -58802
-24 19 -23 19 -65810
-10 9 -10 7 -70074
0 -21 24 -22 -56940
10 -5 10 -2 -43378
6 17 8 -4 -75760
9 19 10 16 -55886
14 -17 13 -11 -64038
6 -15 4 -14 -57256
6 15 6 17 -55630
2 17 1 18 -69000
23 -7 24 -8 -55988
-24 -9 -23 -10 -51538
19 11 19 12 -47732
12 13 10 10 -52728
20 4 21 4 -60488
6 24 7 23 -56598
-2 -18 -2 -19 -56436
-20 -24 -8 -23 -60352
23 -7 24 -5 -54292
5 -24 5 -23 -43764
24 -1 24 0 -47470
20 3 21 6 -56704
-8 14 -9 13 -62634
20 -24 21 -24 -61502
15 -23 18 -22 -61676
23 -11 18 -12 -63376
-24 6 -24 5 -50310
23 -8 23 -7 -62598
-20 10 -20 9 -69248
-13 18 -13 1 -91602
-8 -18 -6 -21 -68554
1 -15 3 -13 -59848
6 -2 -5 -5 -64746
7 -15 7 -16 -62884
8 6 7 5 -47430
-17 4 -18 4 -61124
11 15 11 16 -53350
-24 -1 -24 -3 -55120
-1 -9 0 -10 -57906
1 -12 4 -14 -64590
19 19 20 19 -65060
23 -24 24 -24 -52490
-5 -14 -6 -16 -61246
7 -13 6 -11 -55158
1 21 1 20 -48240
-8 20 0 15 -79182
-14 14 -11 12 -74494
-13 3 24 1 -67504
22 -16 20 -18 -69594
-23 -13 -24 -15 -53946
13 -19 11 -18 -58644
12 19 11 18 -56878
5 -9 6 -10 -60342
24 -11 23 -12 -51910
13 6 13 5 -48346
9 13 8 14 -54488
-13 23 -15 16 -80410
7 21 8 22 -59400
-24 23 -24 22 -57408
4 -24 0 -23 -53522
-20 -15 -19 -15 -64946
-15 -2 -14 -7 -62818
-14 20 -15 17 -73188
21 -23 21 -24 -49834
-15 -21 -17 -17 -59902
20 3 14 5 -56092
-10 13 5 22 -75446
-4 -11 -7 -14 -68962
-11 -8 -12 -11 -66576
16 -24 17 -22 -55004
-23 12 -24 10 -69688
23 2 24 3 -51378
-13 9 -3 -6 -97590
18 -15 20 -18 -69782
-1 0 -2 1 -58992
23 4 23 2 -46164
23 20 24 18 -42994
9 -10 7 -10 -45978
14 19 11 20 -59560
24 8 24 13 -47460
16 13 17 15 -49228
15 23 19 24 -53078
-5 0 -5 -2 -62486
-12 16 -12 6 -86340
15 24 17 23 -53930
22 10 23 9 -59982
8 24 10 23 -48222
2 -13 4 -12 -60354
-24 22 -22 20 -64628
-24 19 -24 15 -50958
-23 -6 -24 -9 -53628
-5 -24 -4 -24 -49884
-18 -24 -17 -24 -51398
17 24 17 23 -46754
-22 1 -22 0 -56858
5 -19 4 -16 -59702
22 23 -1 24 -61452
20 19 23 19 -70354
-24 14 -24 11 -58780
-24 -21 -24 -23 -62416
-22 -20 -24 -22 -68186
22 7 20 6 -63660
14 -1 15 -2 -55220
24 -16 24 -13 -56500
-19 -22 -19 -23 -49486
8 -3 9 -5 -49242
7 -2 5 6 -62486
-23 -16 -24 -23 -63622
-7 4 -7 3 -62640
14 21 13 17 -57312
2 -19 2 -18 -54746
20 -24 24 -24 -66512
-13 16 -14 17 -59898
-7 7 -8 8 -66932
-1 -2 -1 -3 -73538
-3 24 3 23 -55710
0 -24 -1 -23 -48816
-22 -21 -24 -22 -66824
4 -23 6 -24 -54716
24 -7 24 -6 -56066
18 -8 19 -7 -64356
11 -4 14 -5 -56480
3 -14 0 -14 -60526
8 -10 8 -9 -56938
23 -4 23 -2 -55530
23 6 24 8 -52712
11 -13 14 -14 -55190
9 -24 10 -24 -64792
5 15 -10 6 -89326
-20 -22 -18 -24 -57646
0 5 0 4 -60056
-12 -4 -12 -6 -60786
-21 7 -20 24 -74676
23 -17 23 -21 -63064
22 14 24 17 -47218
22 -2 24 0 -55666
-14 16 -16 14 -78878
-20 -18 -17 -17 -66548
23 -14 24 -15 -62378
1 -15 1 -14 -54826
-23 -5 -22 -7 -58066
-16 -14 -17 -14 -63614
19 -19 19 -18 -64110
23 19 24 19 -50588
1 -9 2 -10 -62396
-23 -8 -22 -8 -63714
23 3 24 1 -41238
-9 6 -10 4 -61246
-2 14 -2 12 -73640
-8 -21 -8 -22 -59588
4 23 7 23 -68062
8 22 8 20 -52824
11 -15 12 -12 -51920
15 3 14 5 -55614
5 2 5 0 -50966
-7 -13 -7 -11 -62230
13 -11 14 -11 -51252
-4 8 -4 9 -62846
-22 14 -20 14 -65556
18 0 19 -24 -68026
16 7 17 8 -49542
3 9 1 11 -55286
-18 -5 -19 -6 -68046
-15 -2 -14 0 -63790
17 15 15 18 -61368
11 24 10 23 -48090
-6 -20 -12 -20 -67514
0 14 1 13 -69848
7 24 6 24 -59922
-24 -3 -24 -4 -52902
-23 -7 -24 -8 -59674
-2 -5 -3 -3 -63688
-14 18 -19 15 -81250
-11 -15 -11 -14 -59084
-23 -21 -24 -21 -55772
22 -23 22 -20 -63322
-7 -6 -9 -7 -60766
-13 -23 -13 -24 -56474
-7 0 -5 12 -87450
-16 -3 -17 -4 -68850
22 20 22 19 -47938
1 11 0 11 -50440
11 -24 12 -22 -58708
-14 13 -13 13 -77414
24 22 21 21 -67008
18 -7 18 -12 -63226
22 -16 -21 -23 -52756
7 -20 6 -20 -57624
19 16 20 18 -48272
8 -6 7 -7 -40844
9 12 8 11 -51422
-6 21 -4 17 -73458
-18 -15 -18 -13 -49506
-23 -1 -24 -2 -51288
12 24 10 24 -44722
-12 9 -12 -5 -83714
24 -17 24 -15 -59016
-14 -17 -14 -18 -54460
10 5 12 4 -54276
-22 0 -24 -23 -58218
-5 -7 -6 6 -81746
7 2 10 2 -51738
-24 14 -23 14 -68032
-18 -8 -16 -11 -62550
-3 24 -4 24 -41994
-4 15 -7 15 -66278
-6 22 -6 24 -36464
-9 5 -12 10 -74578
22 24 22 23 -61540
0 0 3 24 -83790
21 -22 19 -24 -59976
4 -2 4 0 -52920
-12 0 -15 -2 -61840
-2 11 -11 12 -83176
-23 0 -22 13 -81194
17 12 15 16 -52162
-6 -12 -12 -14 -63450
13 -16 12 -19 -61690
0 -22 0 -24 -46206
23 -4 24 0 -60910
24 24 -24 17 -58810
17 -4 18 -3 -58170
-12 -22 -12 -21 -60036
-16 -17 -5 -20 -71094
4 -24 5 -24 -52906
-24 -9 -2 -11 -71462
-1 20 -3 0 -99614
-24 8 -22 8 -57652
-4 1 24 20 -68524
-10 1 -6 2 -67166
-23 3 -24 0 -56316
6 24 6 22 -49826
-1 20 1 24 -44652
-5 -1 -7 -2 -66476
-24 -16 -24 -19 -61332
0 -2 0 -3 -72534
-13 23 -12 23 -70460
-14 -24 -14 -23 -54990
24 24 24 23 -48812
-12 -13 -17 -13 -61880
-3 24 -2 23 -48116
9 -20 10 -22 -57792
8 19 7 18 -59560
-17 3 -18 24 -82796
-24 24 -1 24 -64748
16 22 17 21 -63896
-6 -15 -5 -17 -62550
24 23 22 3 -56890
-5 2 -4 0 -68422
-23 -22 -24 -21 -51212
0 -24 2 -23 -52282
-4 23 -21 20 -92712
-17 0 -16 0 -70462
-24 23 -24 22 -57408
-1 -5 -1 -6 -67116
6 7 3 8 -48550
-11 21 -11 20 -45534
12 -24 13 -24 -51980
-1 3 -24 2 -72626
6 21 4 20 -62972
14 5 14 1 -46400
-14 3 -14 1 -56870
-4 -23 -2 -24 -51782
9 10 -11 8 -71922
18 -23 20 -24 -55676
24 9 24 6 -53028
-10 -2 -10 -3 -53550
-14 21 -13 22 -80508
-22 5 -23 6 -55044
7 -23 5 -24 -59138
-21 -5 -21 -1 -65306
23 -22 24 -24 -47952
22 -18 24 -18 -61420
22 12 21 17 -42970
18 -8 18 -9 -62118
-14 -23 -16 -24 -50568
-9 -22 -8 -23 -60498
-7 -17 -7 -18 -60982
-13 -14 -12 -17 -60952
-19 23 -14 24 -67618
3 -1 2 0 -54140
0 -7 1 -7 -55682
-6 -6 -6 -5 -58904
-18 11 -14 9 -68834
-20 -4 -20 -7 -60930
17 -24 16 -24 -53540
23 -17 22 -18 -68282
9 -24 10 -24 -64792
-18 8 -18 0 -64284
13 -20 16 -23 -67662
-22 0 -21 0 -58140
-8 -24 -9 -24 -56528
-2 10 -4 9 -68412
-22 -24 -20 -24 -60238
-11 14 -13 13 -75018
24 -10 24 -12 -53480
-3 6 -4 3 -69478
16 10 19 12 -53438
15 -20 15 -23 -57298
2 -23 1 -24 -51090
20 0 21 -3 -60596
-4 23 -4 24 -35578
4 -8 0 -9 -62930
22 10 23 -18 -60960
-5 -13 -6 -11 -64956
8 -22 8 -16 -64882
24 22 22 19 -58704
-18 11 -16 13 -59676
-4 18 -3 7 -90216
-1 21 0 -1 -96708
-20 -24 -21 -24 -59830
18 19 20 18 -65618
-13 -5 6 -5 -73502
-11 -7 -10 -7 -50012
-13 8 -12 8 -66294
-15 23 -14 24 -61696
-6 22 -13 21 -62864
-24 13 -23 10 -65014
17 -24 15 -22 -58554
-3 -13 -3 -12 -60716
-2 7 -7 8 -72774
21 24 21 23 -61482
-19 18 -17 21 -68650
-24 21 -21 18 -75280
-24 16 23 14 -64322
24 -18 24 -17 -59390
-24 11 -21 10 -65438
-24 -24 9 -24 -51952
9 -9 9 -8 -56034
18 -16 17 -14 -70274
-8 -17 -11 -20 -60064
5 -22 5 -21 -50528
-4 12 -1 13 -62006
17 -18 17 -17 -65578
-10 -17 -10 -18 -62938
-14 -24 -12 -23 -52310
-24 -12 -21 -14 -59974
-11 11 -11 14 -65036
-7 -9 -8 -7 -70424
-19 18 -23 19 -76252
-10 9 -10 10 -69042
-13 21 -14 21 -83082
17 -1 16 -2 -51448
-8 -10 -5 -10 -67456
-11 1 -11 0 -60578
0 -7 0 -9 -58658
-16 -8 -17 -10 -62720
15 -4 15 -2 -50944
-24 9 -24 11 -68582
13 -23 15 -24 -58998
-24 -13 -24 -14 -44214
-23 -2 -22 -3 -67462
4 23 2 24 -62562
2 21 3 21 -70040
-2 -17 -3 -17 -45918
-23 -2 -20 8 -76782
-12 -8 -12 -7 -66294
4 -10 4 -8 -54800
-1 16 -1 15 -62344
-10 -14 -11 -17 -64288
20 -13 20 -14 -56734
-10 -24 -8 -23 -58708
-12 -11 -12 -10 -61016
8 -22 6 -23 -64302
-3 -9 -2 -9 -48096
-1 11 -1 12 -66762
-16 -7 -14 -7 -59908
-24 19 -23 22 -55134
14 -16 13 -14 -64410
19 -13 18 -12 -60522
24 5 24 6 -46228
0 -23 -1 -23 -49356
13 1 15 0 -57780
-4 1 -3 1 -59308
-6 13 -8 15 -69878
16 -20 18 -19 -60054
-5 -24 -6 -24 -50720
5 8 4 9 -52886
24 10 21 9 -51686
-13 10 -15 -11 -85610
-21 1 -14 0 -76924
-1 19 -19 20 -86406
-7 -8 -5 -11 -68214
8 22 8 24 -51660
