-13 20 -14 22 -65665
-21 -24 -18 -23 -47939
-23 -18 -22 -18 -56545
-24 1 -23 0 -50939
4 -17 4 -16 -61171
4 0 2 -4 -77799
-16 -22 -14 -24 -48653
-24 9 -24 5 -58435
-1 0 0 0 -65253
13 -1 13 0 -56429
-11 -23 -12 -24 -50399
24 12 24 16 -57837
4 13 3 11 -63489
-23 23 -24 21 -60463
-11 -24 -6 -24 -48109
-8 6 -11 5 -48721
15 -23 13 -24 -46109
17 6 16 5 -71513
23 8 24 7 -50851
-18 23 -15 21 -58981
23 -2 24 -3 -60941
-24 -21 -24 -24 -46475
-20 17 -22 19 -65369
15 -24 -24 7 -79755
-23 -5 -23 -6 -48195
24 14 23 15 -52663
-20 -8 -20 -9 -50711
-5 1 -2 1 -77049
0 24 2 21 -60385
-24 -20 -24 -15 -57257
7 21 6 19 -85605
-23 -10 -24 -11 -53165
7 24 6 20 -81305
24 -20 24 -24 -55725
-3 7 -2 7 -65981
8 0 8 -7 -86257
-18 11 -17 11 -53953
-9 12 -4 15 -68031
-17 4 20 6 -86669
11 -23 11 -24 -37851
3 -16 5 -13 -69475
0 19 0 21 -64813
24 -13 23 -12 -52423
9 -16 10 -18 -62809
-19 24 -17 24 -52735
-23 19 -24 17 -56581
-6 22 -7 24 -57409
22 24 19 24 -50901
-5 -13 -6 -14 -45803
24 0 24 -13 -54235
0 3 1 1 -73019
-21 -17 -21 -18 -58739
-24 8 -24 10 -52799
14 9 14 10 -52733
23 -10 24 -10 -54445
-24 -21 -23 -24 -57129
-23 -12 -23 -9 -58089
-8 14 -6 18 -72347
11 21 12 18 -65389
4 -7 3 -8 -62865
2 16 0 -8 -81575
24 -22 23 -24 -54965
-24 9 -24 14 -52603
16 18 14 19 -70499
0 -4 1 -2 -72987
16 2 12 1 -62109
-4 -24 -4 -22 -52989
4 -14 4 -15 -64635
-4 0 -5 1 -74217
-7 -22 -8 -24 -56455
24 -9 24 -11 -40977
-9 23 11 24 -70099
-24 -6 -23 -6 -57039
-9 18 -11 16 -67929
10 -23 6 -21 -56583
-20 0 21 -21 -74299
-15 1 -15 3 -51161
-24 -9 -24 -18 -62853
6 11 6 12 -56163
-14 14 -12 13 -59965
-10 2 24 -1 -79413
3 5 0 8 -77099
-2 -5 -2 2 -65627
4 -11 2 -12 -68613
-13 20 -15 20 -63827
18 0 19 1 -64285
2 0 1 -1 -61569
10 -19 10 -17 -55729
22 -22 24 -21 -57365
-17 0 -17 1 -48501
10 9 7 7 -68405
-13 19 -13 20 -71197
10 -10 23 -22 -65723
-13 9 -12 11 -57709
15 1 16 3 -64073
-18 16 -19 17 -65931
-3 16 -4 16 -60139
19 3 21 3 -61963
24 -12 21 -15 -60623
19 1 17 3 -57457
22 23 23 24 -48251
-18 13 -21 16 -64673
-22 -5 -24 -4 -62647
-6 -18 -6 -21 -50777
-3 -24 -1 -24 -50223
8 4 6 7 -80649
1 -10 0 -11 -54403
1 2 1 -21 -80877
15 -17 14 -18 -51463
24 21 23 23 -48939
-13 6 -14 1 -51845
-3 -23 -2 -23 -51861
-21 23 -20 24 -46399
-13 -10 -14 -9 -52891
15 19 15 20 -62505
-17 -12 -16 -14 -60947
23 -23 5 -24 -58299
20 24 18 24 -57437
8 -3 8 -4 -75275
0 -24 0 -23 -50869
-2 4 -1 5 -60459
-15 7 -14 -15 -62301
10 -8 8 -6 -64229
20 -7 22 -9 -62353
2 -3 3 -4 -76573
-1 14 6 16 -67269
-6 -7 -6 -6 -52611
9 -16 10 -16 -64283
-24 19 -23 19 -46185
-9 23 -8 24 -54273
-21 -11 -19 -10 -52863
-5 -2 -14 -5 -51505
13 21 13 20 -64851
21 -4 20 -4 -55719
-8 22 -9 21 -64325
0 -22 -1 -17 -60987
-6 20 23 -23 -76681
0 7 0 6 -65803
13 -5 6 5 -87035
-24 -9 -23 -10 -50795
19 6 19 8 -53339
-6 -22 -5 -24 -54891
-8 10 -7 8 -56499
12 -8 12 -6 -52375
-16 -19 -16 -17 -51305
24 3 22 3 -63291
-6 16 -5 22 -70457
5 -24 5 -23 -46391
-11 -24 -15 -22 -44243
18 -24 18 -23 -44301
11 22 10 22 -65203
-3 -15 -2 -15 -44587
-12 4 -13 8 -56973
24 15 -11 5 -88427
-22 15 -22 14 -49405
24 13 1 14 -99949
-13 -15 -12 -13 -56615
-21 21 0 22 -72713
6 0 5 3 -69707
6 -9 5 -8 -63161
0 -17 0 -15 -58855
-21 22 -21 23 -64169
5 0 5 1 -63315
-12 -17 -8 -18 -51015
24 -12 24 -14 -49423
14 -9 13 -12 -53243
7 14 17 18 -91897
-23 2 -23 3 -50517
-19 9 -19 14 -66469
23 -24 24 -24 -41629
10 -9 11 -11 -56227
5 -16 0 -14 -57829
19 -19 19 -20 -57417
-15 -12 -16 -9 -59777
1 -19 2 -24 -66807
0 24 -1 22 -61273
-7 24 -6 24 -48501
-23 -13 -24 -15 -59729
4 -12 4 -11 -53539
16 7 21 6 -69105
20 -9 3 -13 -70411
2 13 1 14 -54455
6 14 4 16 -54485
12 -13 15 -12 -52065
18 -24 16 -23 -54461
24 -1 24 -2 -44147
-24 23 -24 22 -66351
-11 -13 -8 -14 -48283
-20 -15 -19 -15 -48247
-2 -6 -1 -8 -73287
-3 11 -4 12 -57139
21 -23 21 -24 -50455
-14 -6 -15 -7 -41471
0 15 1 17 -61397
14 14 12 16 -72883
22 22 24 23 -47305
-24 5 -21 5 -59805
-16 5 -12 6 -63685
-24 -4 -24 1 -49975
23 2 24 3 -60159
13 8 11 9 -66459
14 -6 15 -5 -52683
5 -11 2 -11 -73213
17 1 15 2 -59317
23 20 24 18 -49995
-24 23 -22 22 -46343
17 -5 18 -3 -59761
20 -12 19 -12 -61401
-10 -23 -9 -22 -60719
-18 9 -20 8 -57733
-1 19 -2 17 -57435
11 18 11 15 -56773
15 24 17 23 -59617
8 9 6 8 -67049
8 24 10 23 -52313
-7 7 -6 9 -53773
-24 22 -22 20 -62495
5 16 4 13 -63649
-23 -6 -24 -9 -53825
-5 -24 -4 -24 -44561
-18 -24 -17 -24 -42169
17 24 17 23 -44461
-13 -12 -17 -13 -49689
-21 6 -20 3 -54389
8 -8 8 -11 -53243
0 19 -1 22 -68131
20 -4 21 -2 -60495
23 1 21 2 -57701
0 7 -2 6 -62453
7 -24 7 -20 -54965
-24 11 6 -17 -85273
24 -16 24 -13 -55191
-19 -22 -19 -23 -51063
23 8 24 8 -50811
-5 -16 -5 -17 -54181
-11 19 -12 24 -71943
-19 23 20 21 -82225
-16 -22 -17 -23 -56563
-2 -4 -24 -7 -57479
20 -24 24 -24 -48889
2 -24 0 -23 -48903
5 22 5 24 -72519
11 10 12 12 -60131
-24 -1 -22 1 -60861
0 -24 -1 -23 -54821
-22 -21 -24 -22 -51987
-9 19 -9 21 -70041
24 -7 24 -6 -41111
-7 -15 -7 -17 -55869
-8 15 -8 12 -67229
3 7 2 7 -53343
-13 9 -13 10 -59921
-18 17 -20 15 -57521
20 17 19 17 -60205
-24 -5 -23 -3 -51863
-3 -9 -3 -8 -59141
-7 0 -6 0 -67883
-20 -22 -18 -24 -45291
0 -7 0 -1 -87581
-18 14 -15 15 -55371
-16 1 -18 1 -56875
22 12 21 14 -60091
22 14 24 17 -51913
22 -2 24 0 -60593
21 19 22 22 -60277
-14 0 -17 0 -54583
12 4 12 2 -58803
13 21 17 23 -69627
14 10 13 -6 -78265
0 9 1 10 -53285
-5 -18 -9 -19 -49575
-13 19 18 18 -88459
24 -4 23 -1 -56935
23 7 24 8 -53471
4 -19 3 -21 -58619
3 8 3 9 -55641
-24 -17 -22 -15 -60735
-8 -21 -8 -22 -51081
12 14 11 15 -73129
22 -11 20 -10 -64287
21 11 18 12 -61751
-6 -9 -5 -10 -64063
4 4 4 6 -70665
1 -5 1 -22 -71409
17 15 18 14 -60233
0 -12 -1 -11 -43211
-16 -16 -15 -17 -52063
24 -19 23 -17 -51589
-19 3 -20 3 -54123
15 -16 16 -13 -57433
-17 8 -17 7 -50759
1 24 2 24 -47201
6 -23 19 21 -83707
11 24 10 23 -61427
0 -9 -6 -6 -70745
-20 0 -20 -2 -50435
-4 4 -4 1 -65451
8 0 8 -2 -74065
-22 -23 -23 -24 -41253
3 19 2 18 -65107
18 24 17 23 -53971
-16 -23 -16 -20 -55161
-23 -21 -24 -21 -51129
23 1 22 5 -53085
-5 23 -4 24 -50979
23 -4 24 -5 -57741
24 15 24 17 -49931
-6 -13 -7 -11 -56959
22 20 22 19 -54707
-19 22 -17 23 -60891
10 10 8 12 -75251
-14 19 -12 8 -71137
24 23 -21 24 -66625
14 20 15 22 -67093
17 14 17 15 -52165
-18 4 -19 3 -54007
-17 -14 -17 -15 -56419
5 -19 5 -18 -60135
-16 12 -16 11 -58359
-23 1 -23 2 -51063
-4 2 -6 0 -62557
-23 -1 -24 -2 -58825
12 24 10 24 -60147
9 -5 7 -5 -59569
24 -17 24 -15 -56659
8 -24 4 -24 -48181
19 -14 18 -14 -55079
-10 13 -9 10 -63901
10 -5 8 -6 -57209
-15 22 -15 24 -52705
4 -4 -1 -5 -60089
17 6 17 5 -58123
15 -20 15 -15 -57761
16 12 17 13 -65147
-20 4 9 9 -80847
-14 20 -14 16 -66229
22 24 22 23 -49853
-21 -9 -22 -9 -53335
13 -16 12 -13 -51587
17 2 -24 -14 -66069
7 -17 8 -18 -62377
-8 21 -9 21 -59633
-22 19 -23 20 -64189
-1 7 -3 17 -69131
-11 -10 -10 -12 -56101
14 11 15 13 -61125
3 -23 4 -24 -51887
-19 -20 -17 -17 -56309
-24 22 -24 3 -59145
24 7 24 23 -61909
-10 17 -12 19 -62401
17 -10 17 -6 -53539
4 -24 5 -24 -44813
21 -6 19 -8 -65691
-22 -4 -20 -3 -53399
-5 1 9 3 -78641
20 -21 20 -22 -62353
17 -13 17 -14 -50885
-21 -22 -22 -22 -54175
6 24 6 22 -72513
18 -24 21 -21 -60141
-16 6 -11 6 -64899
-24 18 -24 17 -49879
-7 2 -9 6 -56815
-13 23 -12 23 -50395
-14 -24 -14 -23 -52703
24 24 24 23 -41523
7 -3 7 -1 -84047
-3 24 -2 23 -50893
4 6 20 11 -88563
24 -22 24 -19 -55485
-23 -6 -24 -5 -57957
1 0 -6 3 -92239
-8 18 -8 19 -65861
-20 21 -20 18 -66059
-11 -15 -11 -13 -57267
-2 3 -1 2 -78199
-23 -22 -24 -21 -55149
24 10 24 12 -45849
10 9 10 10 -56429
20 -21 21 -21 -53621
-24 23 -24 22 -66351
-8 -20 -10 -15 -56481
-19 -13 -22 -8 -59063
-6 5 -7 4 -57469
12 -24 13 -24 -51509
11 6 11 4 -62077
8 -13 9 -13 -62611
2 -5 2 -6 -84153
14 -8 11 -6 -55585
23 -19 24 -18 -52665
10 6 10 7 -61427
18 0 3 13 -95357
-21 15 -22 15 -56297
-19 19 4 -13 -95409
14 4 -5 5 -84619
-22 5 -23 6 -60675
9 19 -17 20 -84881
17 -8 18 -11 -52435
23 -22 24 -24 -39595
-16 20 -14 22 -72649
-22 5 -23 4 -53511
21 14 19 12 -64981
-14 -23 -16 -24 -47585
-22 11 -21 9 -61611
0 -24 1 -23 -40477
17 -11 18 -10 -52459
4 5 3 7 -81841
-6 15 -6 14 -68483
24 2 24 3 -43683
-4 -20 -5 -21 -52427
-7 0 -7 -1 -36979
17 7 16 7 -64933
17 -24 16 -24 -48563
15 16 16 16 -66769
21 10 23 12 -61535
1 22 2 24 -68933
-22 -17 -22 -11 -66705
10 20 8 19 -77287
12 -20 11 -22 -51115
22 0 24 1 -65107
-12 7 -13 8 -62219
-8 13 -9 10 -62087
-16 14 9 1 -92783
-16 -18 -14 -7 -70755
23 10 23 8 -44627
-9 23 -10 24 -53579
20 -19 20 -15 -61765
3 14 24 17 -96065
0 -1 0 3 -69817
6 24 4 24 -51231
-13 -22 19 17 -82655
4 -5 3 -1 -95513
22 -13 24 -14 -57281
-4 15 -4 13 -70715
-24 -16 -24 -15 -55693
-23 17 4 16 -80721
5 0 3 2 -67413
23 3 24 7 -52591
-8 -7 -8 -8 -53523
-24 -8 -24 -10 -54399
13 -23 9 -23 -58805
-2 18 -3 19 -63345
-15 23 -14 24 -55433
-18 22 -20 24 -57685
24 21 23 21 -39541
17 -24 15 -22 -54633
-24 6 -24 7 -52523
3 -14 3 -13 -62853
-24 13 -23 14 -50619
-24 -1 -23 -7 -54037
-24 -22 -24 -17 -54537
-12 -16 -12 -17 -51823
24 -18 24 -17 -55969
12 4 10 2 -62351
-24 -24 9 -24 -47645
12 -24 10 -22 -56975
4 12 7 12 -61509
-18 4 -17 3 -56075
-3 -6 -4 -6 -54775
-15 -9 -17 -11 -50587
10 22 10 24 -53215
8 20 7 17 -85879
0 15 0 14 -62387
-2 20 -5 20 -62561
15 24 18 24 -61051
5 -11 4 -11 -68631
11 -14 10 -14 -61497
-12 7 2 8 -81933
24 -9 23 -10 -53733
7 23 6 24 -53875
2 -20 1 -22 -54937
11 14 10 14 -72101
2 22 1 21 -69017
8 7 7 8 -77207
9 18 8 17 -81189
-24 8 -21 7 -59681
21 21 19 24 -57177
4 -3 4 -1 -88165
-6 -20 12 -16 -67073
-2 -12 -1 -11 -52999
-12 -23 -12 -24 -52343
8 17 9 20 -85729
-8 24 -8 23 -49485
1 14 23 14 -102801
11 7 14 7 -64715
17 -22 20 -21 -57607
-9 -10 -9 -8 -57507
-24 -17 -22 -24 -66587
-10 -24 -8 -23 -56433
19 7 17 4 -72481
-13 16 -8 16 -64399
17 -3 17 -1 -50603
21 -12 23 -10 -64759
-13 20 -17 17 -70695
-24 19 -23 22 -62369
9 -4 7 -2 -74003
-15 -18 -13 -17 -45933
18 19 19 20 -63619
-19 20 -19 13 -63337
7 -8 7 -6 -61459
-7 0 -7 7 -61151
-8 -23 -7 -24 -47035
4 23 6 24 -59417
1 -9 1 -3 -91311
-23 10 -22 11 -56311
10 -6 -16 -4 -78109
-10 -13 -7 -7 -53253
9 -21 8 -22 -54885
11 -23 12 -24 -54869
-2 24 -3 24 -49523
11 22 13 23 -67961
