23 -2 -24 -24 -57199
23 -23 22 -24 -59787
-22 -14 -24 -10 -72589
18 9 21 7 -70591
22 -23 21 -18 -70505
-9 -24 -10 -24 -61027
15 -18 15 -19 -64319
-3 -2 -3 -3 -59873
-24 6 -22 9 -60709
-6 14 -5 12 -63041
23 2 19 -1 -67291
0 -6 2 -4 -60841
-19 10 -22 10 -76871
18 -20 20 -24 -68659
-2 16 7 3 -85837
-19 5 -16 4 -69113
3 0 3 1 -66135
20 15 18 24 -56653
20 -16 19 -17 -67561
-7 -11 -5 -9 -57815
-18 -20 -16 -20 -63129
-20 4 -19 5 -72751
-24 -19 -24 -24 -63543
-8 -1 -9 -2 -57481
-12 -24 -10 -24 -58709
15 10 16 7 -57259
-12 -7 -14 -6 -58599
23 11 24 -16 -62135
22 20 19 23 -59631
-7 -22 -6 -24 -62807
-18 -22 -12 -24 -57629
8 -1 11 0 -61189
-24 -7 -23 -8 -61539
0 1 0 4 -68747
-22 0 -22 -1 -45591
23 3 23 0 -54583
-20 12 -17 15 -77971
21 -9 20 -9 -69673
6 16 5 1 -85227
-11 23 -7 19 -77157
3 -7 -3 22 -87977
-18 17 -18 14 -57775
-3 24 -5 20 -68149
-23 19 -20 17 -67069
-24 9 -22 8 -59097
11 3 9 7 -60043
13 -3 14 -3 -61423
-8 -10 -12 -13 -59369
-1 -22 0 -19 -67935
12 -10 9 -13 -76351
9 -3 6 -5 -67141
21 -5 23 -1 -58749
-11 -9 -9 -15 -58571
-8 5 -8 1 -72655
-7 10 -7 9 -55591
3 22 -2 24 -73221
24 -11 23 -3 -54689
-1 -17 -1 -15 -56347
-24 3 -23 6 -68155
22 -19 22 -15 -62995
21 19 24 22 -54549
-24 -24 -2 -24 -57983
11 24 21 19 -72219
-3 -4 0 -4 -66697
0 9 -3 6 -83305
16 24 -17 23 -66309
-20 -13 -19 -13 -64743
18 14 18 15 -59103
10 6 5 6 -62269
-8 23 -10 22 -68051
23 7 23 -24 -63045
12 -14 15 -12 -67637
-22 23 -22 19 -47523
20 -18 16 -19 -74349
-16 24 -17 20 -57567
-14 -15 -14 -13 -48247
19 -2 18 -3 -59153
5 -1 5 -4 -64797
-13 16 -17 15 -62161
0 12 1 13 -86409
-16 3 -24 11 -90235
-18 9 -17 5 -67129
-4 20 -3 16 -79385
-22 -5 -21 -5 -62401
9 -13 9 -14 -61971
-14 -1 -14 -3 -50723
24 -9 24 -11 -50753
-9 -18 -9 -16 -50501
-15 18 -24 19 -82257
6 24 5 21 -48961
11 15 9 15 -62705
-24 19 -21 14 -68723
-1 20 -9 14 -110289
0 23 -24 24 -73285
-1 -4 -3 -3 -67863
-1 16 -1 17 -72635
-14 24 -12 19 -64453
4 -22 3 -21 -62591
6 19 6 24 -53317
7 24 -14 17 -85933
21 -21 23 -18 -72159
-1 11 -2 9 -84175
-24 10 -23 13 -44395
6 -20 3 -16 -68381
16 5 15 5 -57383
-21 -9 -21 -10 -62561
-11 19 -11 18 -84757
-15 15 -18 17 -67579
17 -4 17 -3 -56459
5 -4 4 -8 -72963
-23 -2 -24 -1 -56805
-23 -22 -24 -15 -65317
-19 -24 -18 -24 -63587
-17 -7 -15 -7 -61009
-8 17 -10 13 -73269
17 -21 19 -22 -67065
-7 17 -8 23 -81097
12 -15 15 -18 -65195
-21 -6 -21 -8 -70433
8 -2 8 -1 -56085
-21 -12 -23 -14 -48079
-12 -19 24 -24 -55489
10 -8 9 -13 -63555
-12 3 -16 17 -81249
-18 -2 -19 -4 -55421
-10 -8 -11 -9 -58025
-23 -17 -24 -18 -59775
-23 -12 -22 -14 -68469
-5 -7 -6 -8 -59851
22 -14 22 -15 -59455
23 -6 20 -7 -61389
-10 22 -11 23 -56613
18 6 21 7 -62913
-14 9 7 10 -80667
-4 1 -3 5 -71499
-17 24 -18 20 -57869
1 -22 0 -22 -67621
23 2 22 2 -52501
-4 0 -5 0 -72829
8 18 6 17 -64201
-8 4 -9 0 -73565
24 -2 22 -1 -49307
14 -3 11 -6 -67487
-24 0 -19 0 -80601
-8 -2 -15 -8 -68085
-12 -24 -14 -24 -50495
12 -20 14 -24 -74405
15 20 15 23 -53465
-1 -15 -2 -16 -59737
-9 13 -9 11 -55667
-12 -11 -17 -13 -69455
4 20 4 18 -61687
9 18 9 16 -52725
19 17 24 18 -66511
19 -12 19 -6 -63209
15 14 15 13 -58331
24 -16 21 -18 -58181
1 5 -2 5 -71015
-22 22 -1 20 -86929
-7 4 -6 4 -70689
-13 -18 -12 -10 -60303
-24 -20 -23 -14 -59153
4 3 3 5 -63577
-22 -2 -21 -3 -66089
-17 -4 -16 -6 -64283
-9 3 -10 6 -70281
-22 10 -23 1 -79621
3 -4 24 -5 -68195
-5 -2 -6 0 -64337
3 -23 5 -24 -60711
-1 -5 -1 -6 -67865
-23 -22 -20 -20 -66265
14 -24 16 -24 -59607
-15 24 -13 22 -56179
-3 -8 -5 -6 -61383
11 9 7 11 -67323
5 10 2 9 -72205
16 8 18 13 -54583
-5 19 -5 21 -76599
-22 9 -24 12 -50621
21 3 23 7 -65025
-13 -19 -13 -20 -48243
-12 11 -5 8 -81131
-1 14 1 14 -76465
22 10 23 6 -50831
10 -18 10 -19 -63859
-10 9 -19 11 -85033
1 -20 1 -21 -62997
-8 -14 -8 -13 -52033
21 3 21 4 -61091
24 -14 20 -15 -59655
-23 -9 -22 0 -67083
-24 16 -6 6 -91793
-5 -24 2 -24 -62817
16 -7 17 -8 -52017
-2 -22 -4 -22 -59467
19 3 20 2 -62341
11 -3 10 -2 -63529
22 14 21 15 -58911
22 -3 22 0 -52711
-24 5 -24 14 -49065
12 -22 11 -20 -69463
-6 -23 -6 -22 -66209
24 14 24 17 -51967
-18 18 -18 16 -66041
-11 -22 -13 -24 -49765
11 -1 11 3 -58735
-17 24 -23 20 -65017
-15 23 -22 23 -58041
5 -19 3 -20 -70859
8 -22 6 -24 -58969
14 -22 14 -20 -75889
20 -11 24 -12 -63023
-22 -13 -22 -14 -52093
24 23 20 23 -49765
18 -23 15 -24 -58381
21 -22 21 -23 -70901
-5 -22 -3 -24 -62507
3 23 1 22 -58415
-3 -22 -5 -24 -58605
-10 19 -11 11 -74129
-16 1 -16 0 -49025
7 -24 9 -20 -71193
1 -9 -1 -10 -56599
-3 -14 -1 -16 -58351
15 19 7 18 -71365
-5 18 -7 15 -89077
-5 9 -7 9 -67275
18 4 18 7 -52339
-22 11 -15 15 -94705
3 -3 1 -3 -56119
-20 16 -24 11 -65065
-6 -10 -5 -10 -54825
-4 10 -5 6 -64329
12 14 9 11 -58271
24 -10 22 -14 -57269
-12 20 -12 20 -243479
0 15 0 13 -67779
-24 5 -24 2 -71983
-1 15 0 15 -76483
-22 -16 -24 -17 -58619
-22 -20 -21 -21 -68943
-12 6 -12 1 -79353
11 13 12 9 -62801
19 -16 15 -13 -73217
-6 23 -8 21 -72335
-24 -4 -23 -3 -46859
14 -16 14 -12 -60087
-23 21 -23 22 -38315
15 21 17 24 -60731
18 -17 18 -16 -71795
0 9 0 11 -64747
-15 -8 -20 -10 -65735
22 -11 22 -9 -58975
14 19 16 15 -71929
8 -19 6 -19 -62337
-15 16 -7 12 -84127
3 4 0 6 -63499
-23 14 -6 19 -85231
-1 -13 -4 -12 -56879
9 -12 10 -11 -71181
-1 19 -2 18 -81653
19 18 17 17 -63223
1 24 4 24 -58625
-11 16 -6 19 -89533
7 19 11 17 -66531
22 16 21 13 -62915
19 -9 19 -6 -61151
-24 -19 -24 -24 -63543
-13 -17 -16 -19 -50671
-10 -20 -9 -21 -61993
16 2 17 -5 -68277
-24 -4 -24 -2 -48419
-21 2 -22 3 -82717
5 12 3 9 -82733
-13 24 -17 23 -48153
22 -13 23 -17 -62509
14 21 19 21 -72063
24 -21 23 -19 -43033
0 -2 2 -1 -64381
-22 10 -23 20 -59541
6 1 -4 0 -76123
-12 -1 -22 -2 -78037
0 21 -12 24 -89099
14 3 16 4 -55463
-23 -7 -23 -9 -72277
2 -12 0 -14 -60727
-5 9 -20 12 -93713
-14 -11 -11 -10 -66365
21 16 23 18 -68981
9 -18 11 -17 -55087
0 22 -3 23 -76771
-9 -6 -11 -3 -62979
19 -16 18 -14 -73499
1 -3 2 -9 -77515
-12 6 -12 4 -73039
24 23 -2 20 -70699
-11 14 -9 11 -73359
4 15 4 18 -65259
-11 17 -11 19 -85707
-1 11 0 12 -88235
15 16 16 14 -66021
21 20 19 16 -69767
1 -23 0 -24 -48407
14 4 14 2 -50297
14 -21 14 -24 -70077
22 0 21 2 -58975
10 14 10 12 -54475
16 18 12 23 -65745
0 -9 0 -8 -51765
-19 15 -24 14 -76279
-20 7 -21 6 -73747
-23 -12 -24 7 -69927
-8 -14 -6 -17 -58681
24 -19 16 -19 -70045
-22 -15 -23 -11 -68707
-20 -24 -22 -24 -49269
-22 -21 -23 -20 -61873
-12 10 -19 0 -85923
24 -20 23 -22 -60905
-24 8 -22 7 -58433
9 5 11 8 -54845
-7 5 -11 4 -62593
8 -10 -4 -14 -74907
13 -10 16 -4 -69925
13 -23 12 -24 -46877
-10 21 -11 18 -78837
6 -23 9 -22 -59651
8 -6 6 -9 -70031
6 -17 4 -18 -69015
15 8 18 6 -64427
-2 5 -8 1 -82849
-20 1 -21 1 -77049
7 -1 8 2 -65053
-13 -19 -14 -16 -57683
2 -18 1 -14 -62493
-24 5 -23 2 -74051
-2 6 6 20 -99235
13 -24 14 -20 -71957
11 -7 11 -6 -52979
-5 -23 -6 -24 -53125
-4 -19 -1 -22 -73965
22 6 23 1 -63761
-12 2 4 23 -98231
12 -24 11 -23 -49593
6 -24 3 -23 -62139
-14 -5 -15 -8 -62109
-22 -3 5 -5 -78519
3 21 4 20 -60907
-1 23 21 23 -71897
-12 23 -11 23 -53449
0 23 -1 24 -67393
7 -22 8 -19 -72597
13 18 15 18 -58309
21 -23 21 -21 -75631
22 9 20 7 -55349
-4 21 -2 19 -80573
-4 19 -5 19 -79727
10 -14 6 -9 -66331
0 5 -2 4 -76223
3 -10 3 -12 -54519
18 -18 18 -17 -70919
8 24 12 23 -52061
10 -12 11 -14 -64777
-20 -15 -18 -18 -59251
24 0 22 -2 -54679
10 7 14 6 -59919
9 3 10 3 -58957
-16 17 -20 20 -78723
-22 19 -20 23 -58807
-5 -21 -4 3 -72749
-11 -24 -10 -20 -51189
-10 -2 -2 1 -84335
13 1 19 0 -64453
-16 -22 -17 -24 -44735
-11 9 -11 5 -64133
-7 -22 -8 -23 -54493
8 -17 9 -19 -66505
-4 8 -2 8 -68267
0 -3 -1 -1 -63731
-1 3 1 5 -72877
3 1 3 -2 -66225
-24 -20 -24 -4 -63439
21 3 23 5 -67379
-22 0 -20 2 -66033
-1 21 -2 23 -74305
-12 -5 -12 -6 -55277
-2 -1 -7 -1 -79169
-10 -14 -16 -13 -67637
-5 14 -1 14 -77425
9 -17 9 -16 -59343
-8 -19 -7 -22 -66625
14 16 13 19 -65661
-6 14 -13 18 -86891
-18 -2 -16 -5 -66103
13 22 14 24 -48097
-8 -5 -8 2 -68783
-10 1 -10 -2 -60843
-24 0 -22 0 -61299
22 24 23 5 -58311
13 -7 23 -7 -73355
20 12 22 9 -65195
16 -12 17 -12 -61675
-13 1 -17 0 -65811
0 18 -1 16 -84927
24 -24 6 -9 -71747
-21 3 -21 2 -69847
-17 18 -17 17 -65817
1 -12 3 -15 -62045
-24 12 24 15 -64005
14 -6 15 -6 -61779
-19 -13 -21 -13 -66021
-10 21 -6 21 -80999
-4 -24 -4 -21 -64737
7 -23 6 -20 -58909
-16 -10 -16 -11 -47439
0 -18 0 -20 -63409
-1 10 -2 9 -85877
12 24 5 23 -66337
17 -23 10 -23 -58735
0 24 1 16 -75465
-16 9 -14 8 -71039
22 11 22 17 -62851
-23 -18 -23 -20 -66003
-22 -19 -21 -21 -72763
-22 9 -15 15 -91261
-2 12 9 12 -75611
23 21 19 24 -59261
-5 23 -3 23 -65251
21 -3 22 -8 -59157
-20 -22 -21 -24 -49511
21 21 23 23 -48669
-6 -10 -6 -11 -46641
18 -24 21 -23 -55771
-8 -22 -9 -22 -58709
0 -11 -23 -14 -71505
22 -15 21 -14 -65795
21 12 20 12 -58193
10 -1 12 -2 -64119
7 -14 12 -14 -65805
22 22 18 21 -69855
22 -24 22 -23 -48697
13 15 14 16 -52247
-20 -19 -14 -24 -68223
6 -6 8 -4 -72335
-19 -24 -15 -23 -66999
-13 -2 -9 -3 -56447
11 -15 9 -14 -66485
-11 -22 -7 -24 -67061
-20 14 -21 14 -80809
13 3 14 -3 -67811
-6 17 -3 19 -96189
-4 -5 -4 -4 -63331
-1 0 -1 2 -70821
-21 -12 -24 -10 -65349
3 -20 0 -21 -71487
-16 12 -14 -2 -86553
2 -19 0 -19 -72123
23 -10 21 -12 -62789
-20 -17 -23 -19 -71431
1 -15 3 -15 -65933
6 -9 5 -7 -61773
5 -12 6 -12 -54299
-21 21 24 23 -63071
-13 -9 -13 -10 -48933
-24 -12 -23 -3 -72317
19 -20 18 -21 -69589
20 24 16 24 -56963
-17 -19 -16 -24 -50761
-3 -23 0 -24 -60357
-17 3 -16 4 -67959
12 23 11 18 -53259
-4 0 -4 1 -65017
24 -4 23 -3 -47921
6 -15 6 -13 -59151
-9 -8 -10 -6 -54425
-9 20 -7 18 -81713
5 18 3 16 -67567
-24 17 -22 14 -62821
6 13 6 8 -66117
1 -13 0 -9 -54657
8 -7 8 -5 -62063
21 -10 18 -8 -68999
9 23 5 24 -56981
16 12 17 11 -60129
5 10 3 11 -59157
12 -11 16 -9 -67341
-3 21 -2 24 -53729
-9 16 -9 18 -79757
2 22 5 24 -59937
-23 -10 -24 -7 -73941
-18 -23 -20 -24 -66361
-2 16 0 1 -77287
12 7 9 10 -66897
23 6 21 7 -57085
8 4 8 5 -51641
-5 -17 -6 -19 -51163
3 -4 4 -5 -61213
14 -23 17 -24 -62743
14 21 17 23 -66317
14 -4 14 -1 -61341
6 21 10 22 -69961
-14 23 -16 24 -53153
-11 -17 -14 -15 -64271
5 3 4 1 -67357
-4 -21 -4 -20 -67675
20 15 24 2 -69443
-22 4 -21 2 -85411
22 -23 21 -24 -63609
3 13 3 15 -63483
-14 5 -11 1 -67655
7 12 4 9 -74111
