-2 -15 -1 -16 -61381
-3 0 1 -4 -68165
-8 18 9 23 -77001
-4 -19 -6 -12 -62619
-23 -18 -24 -16 -65977
20 -1 18 -1 -54143
-13 23 -13 22 -62597
24 9 24 -11 -72891
-19 18 -18 19 -63771
-24 -23 -22 -22 -64867
-10 -11 -9 -12 -52089
5 -9 4 -13 -54773
18 -1 16 0 -66977
-24 12 -23 12 -57103
22 -8 21 -12 -78255
-9 -17 -8 -2 -78829
11 -6 10 -4 -65561
10 -19 12 -18 -69867
-4 -9 -6 -8 -48771
22 -4 23 -7 -61547
22 16 22 15 -71119
21 -16 21 -17 -51997
-18 24 -18 22 -51751
-4 14 -5 14 -53271
-23 -24 -22 -23 -58433
13 18 13 15 -60451
5 -5 4 -8 -71059
-13 24 -14 22 -62851
10 -14 9 -12 -65777
1 -20 -1 -18 -69355
8 5 8 6 -65229
-23 16 -24 17 -55041
-1 16 2 21 -67775
-18 -19 24 12 -79411
-1 -13 -2 -12 -57165
23 -3 23 -5 -47723
-5 -12 -3 -15 -60287
9 15 10 14 -56477
4 4 -1 0 -63943
-2 21 -1 17 -65417
15 -13 14 16 -92555
11 -24 10 -23 -59495
15 10 16 9 -70921
-8 -19 -8 -18 -44441
-7 22 -7 19 -65389
6 1 8 -1 -63767
23 18 24 16 -61645
-12 0 -12 1 -56187
16 -21 14 -23 -62865
1 23 -1 21 -66571
23 17 24 18 -51987
4 -6 7 -4 -68485
22 -5 21 -13 -82169
9 9 8 7 -76105
-24 4 -23 8 -51659
15 7 -7 5 -84497
4 6 5 6 -68347
-24 14 -24 15 -30087
19 14 20 5 -87503
-9 9 -8 9 -46257
-24 -4 -24 -6 -53715
2 2 0 7 -54673
23 24 24 23 -44479
0 19 0 18 -60749
8 8 9 -21 -87621
-16 14 -14 15 -54715
-10 -24 -10 -23 -63831
20 15 20 17 -73229
-12 21 -10 24 -69285
6 14 7 14 -58179
-14 24 -13 23 -51619
-16 -24 -15 -24 -49773
23 24 8 24 -59843
10 -3 11 -7 -70271
-15 -24 -15 -23 -51275
-6 -23 -6 -21 -62387
1 -15 1 -12 -64659
23 8 24 7 -61029
-24 -17 -23 -19 -61693
-10 19 -10 18 -53615
0 11 0 8 -45097
23 -22 22 -21 -61871
-3 -4 -7 -7 -60945
13 24 14 24 -55269
0 0 4 -2 -68899
9 -12 10 -15 -68087
24 -9 24 -11 -55005
24 -21 22 -22 -63397
-10 12 -9 13 -43953
17 -8 16 -8 -57699
23 -24 23 -23 -53599
6 -2 8 -5 -70607
4 -16 17 -17 -82493
20 19 19 17 -65415
12 -4 13 -3 -58027
2 6 1 6 -63717
9 9 8 7 -76105
10 -24 11 -23 -56575
-24 -13 -23 -9 -51551
-21 -24 -22 -23 -50361
19 -24 2 -23 -71287
-8 15 -7 12 -46883
19 4 18 8 -82329
-10 23 -9 20 -60549
-20 9 -16 12 -55237
5 24 4 23 -43703
-12 24 -11 24 -45785
-16 -20 -14 -20 -65167
-18 -23 -18 -24 -55317
18 17 16 14 -64963
-18 8 -17 10 -46675
24 -23 24 -22 -57947
13 21 14 24 -59957
19 -10 17 -9 -53921
-23 -17 -21 -16 -64217
21 -22 19 -21 -65717
21 14 23 14 -55137
-10 -23 -2 -18 -70763
19 -23 19 0 -72929
-24 -23 -21 -22 -65793
-8 -7 -8 -6 -63897
-22 14 -21 14 -63333
-24 0 -24 2 -49835
-8 -20 -5 -19 -56435
4 -12 -4 11 -80795
3 -15 4 -18 -71173
-23 -17 -24 -18 -60123
-12 -20 -12 -19 -46493
24 -17 23 -18 -55907
5 10 5 7 -60049
24 20 24 19 -45313
-19 -17 -17 -17 -63513
11 24 7 24 -59033
-4 8 -3 7 -53653
15 -23 -24 -22 -69637
-22 20 -24 17 -54183
-19 -11 4 -9 -68009
14 -23 16 -24 -57761
-19 -19 15 0 -83287
10 -24 10 -23 -55251
18 23 17 24 -46077
16 -18 15 -20 -72677
-5 24 -1 24 -50425
5 -8 5 -9 -51369
-2 -1 -2 0 -52601
24 4 1 1 -82929
17 -8 16 -11 -64733
5 -21 6 -17 -59443
4 -21 3 -23 -55031
-1 -24 -2 -24 -55953
-8 2 -9 3 -54067
21 -2 15 -4 -63407
-15 -20 -16 -22 -63533
8 24 9 22 -50939
7 24 7 22 -49073
-3 -23 -2 -22 -60369
-15 -8 -15 -9 -62025
-24 -15 -24 0 -62423
-16 -8 -16 -11 -61879
9 24 4 24 -50739
12 12 10 9 -64307
4 -15 7 -17 -63595
-4 -22 23 -16 -83997
10 -1 6 -2 -66399
-24 -13 -24 -14 -50347
-24 7 -22 8 -62037
12 -6 13 -6 -54149
14 -21 14 -22 -59427
22 -9 23 -8 -62435
15 7 15 8 -71205
-20 -8 24 -10 -70707
24 -11 22 -13 -56731
-21 2 -19 1 -51121
-19 1 -14 0 -54003
10 22 10 23 -54113
22 12 20 10 -58973
21 -17 22 19 -83047
-3 11 20 -13 -90349
19 6 19 -3 -75323
-22 21 -22 24 -55649
-13 21 -12 22 -63089
22 24 20 24 -50363
6 12 6 9 -52257
12 -16 15 -15 -71533
-5 0 -5 1 -46849
1 -16 2 -15 -66441
-5 24 -15 23 -58725
12 -23 12 -20 -61731
24 -21 24 -20 -63193
-9 5 -8 5 -47037
13 7 16 5 -73411
21 -5 23 -7 -59815
-12 14 -11 11 -43363
-21 -23 -18 -23 -57803
20 -22 18 -24 -54031
-1 -22 -4 -19 -60649
-17 -12 -17 -13 -53437
-15 14 -15 11 -40121
-16 19 -17 19 -57195
8 20 10 22 -65189
-23 -18 -24 -20 -60687
23 -17 19 -15 -61027
12 -14 12 -16 -61703
0 3 0 2 -44637
19 7 18 9 -78023
-17 2 -16 5 -42017
9 21 -24 23 -60787
11 -16 10 -18 -71309
14 -12 16 15 -93841
-7 15 -7 17 -50129
23 -1 24 0 -53153
-4 15 -7 13 -55145
7 -2 7 -4 -60113
12 -24 13 -24 -56293
-10 22 -7 24 -58441
-4 -23 -4 -24 -59735
-22 8 -23 8 -66219
0 -22 1 -24 -53579
14 -8 14 -5 -65057
-1 0 0 0 -57411
7 9 11 6 -69733
24 -19 22 -19 -62267
-24 -5 -24 -9 -49927
-24 21 -24 17 -52473
16 -13 15 -13 -54603
-1 -24 0 -24 -59731
24 2 24 4 -62551
-6 -4 -7 -7 -74991
14 6 15 6 -65327
-12 -5 -10 -1 -67373
3 9 1 8 -63101
8 11 9 14 -53395
-19 -19 -18 -16 -58657
-4 -8 -4 -10 -46203
-24 -21 -24 -22 -47967
-14 -9 -13 -7 -69211
24 13 24 11 -62417
8 -24 9 -23 -58907
-8 -6 -7 -4 -71911
9 18 10 19 -60587
-5 -23 -6 -24 -60349
-10 -24 -7 -24 -42745
13 13 14 16 -59337
19 14 18 15 -59255
18 -22 19 -24 -51871
-6 24 -6 22 -61383
-22 -4 -23 -4 -62219
14 20 14 22 -58091
-23 21 -23 22 -58659
-2 17 -1 16 -54965
-6 0 -5 -5 -59051
-20 -23 -19 -24 -54281
16 23 17 24 -46117
-3 11 -3 12 -36949
-3 -23 -3 -24 -57327
24 -8 24 -6 -53323
2 -11 4 -11 -47463
8 -7 9 -7 -49823
12 -12 12 -11 -54791
7 -24 -1 -24 -58455
-23 -22 -22 -19 -64057
-18 24 -17 24 -47469
23 -15 23 -13 -34975
-23 17 -21 15 -60169
15 16 14 18 -60133
-23 21 -24 21 -52139
23 -1 24 -3 -51051
-4 14 7 19 -76383
-19 14 -20 13 -50435
7 -21 6 -21 -60607
-12 -15 -9 -14 -55959
23 24 24 -3 -72639
-17 -8 -15 -3 -67009
15 10 15 9 -67403
17 2 17 -17 -82137
12 24 10 24 -59649
-11 -15 -6 -12 -54283
1 13 -2 15 -49875
24 -21 23 -19 -62467
-15 5 -10 4 -47167
-13 -24 -10 -23 -50701
9 -21 8 -21 -59703
13 -1 13 -3 -46203
-24 12 -23 13 -47431
-1 -24 1 -23 -57953
-24 16 -24 18 -41307
-18 24 4 24 -60053
-21 24 23 24 -55659
-24 3 -23 4 -58631
-15 -9 -13 -11 -61515
-1 23 -1 20 -69095
-3 24 -3 23 -58679
23 0 23 -1 -53681
-7 -5 -6 -6 -54365
5 -1 6 -1 -66189
-24 -6 -23 -7 -54391
11 -18 11 -19 -57381
11 6 1 8 -79935
-4 -14 -3 -13 -53513
-18 19 -19 19 -62025
-24 -18 -23 -18 -57799
-20 -23 -20 -24 -55663
1 -10 0 -14 -58561
4 -3 2 -5 -66281
-21 2 -19 3 -57437
1 -1 24 1 -83579
24 13 24 11 -62417
-10 -4 -12 -3 -43099
8 -20 6 3 -89967
21 -11 21 -10 -65025
-22 24 -23 24 -52013
-5 21 -8 18 -65673
0 24 0 22 -60117
-22 10 -22 11 -32969
24 3 22 2 -52753
-14 7 -14 6 -29291
-22 9 -21 9 -63319
-22 -21 -23 -20 -55351
14 23 6 21 -73059
24 -20 23 -22 -67257
12 -15 13 -14 -72121
-8 10 -7 6 -44565
-21 11 -20 8 -43515
9 14 23 8 -77083
-15 -2 -15 -1 -59205
-15 2 -14 2 -47695
16 3 18 4 -60057
-23 24 -20 22 -50287
23 -17 1 -17 -82779
3 -18 0 -13 -74443
23 4 24 7 -69435
-15 -24 -13 2 -72693
16 24 15 24 -50789
-9 -21 -11 -24 -72671
-9 -22 -10 -24 -72711
24 -20 24 -16 -62057
-12 -23 -15 -22 -50449
19 -18 23 -17 -78729
-16 -2 -3 -23 -75449
13 -10 13 -9 -54707
-3 -18 -3 -19 -50367
5 13 7 12 -59685
11 -1 -10 8 -83283
9 7 8 9 -66655
12 -24 11 -23 -60463
5 -21 5 -20 -52897
-8 -3 -10 -3 -46011
1 14 0 13 -49475
-17 -2 -16 -1 -53223
18 22 18 24 -48163
15 20 14 18 -66167
-15 -14 -14 -14 -67813
1 -8 2 -4 -66213
-13 18 -14 17 -56583
20 18 22 6 -86025
-22 -4 -22 -2 -53957
24 7 24 5 -67747
1 -16 2 -20 -68081
18 -19 21 -16 -80519
-8 -19 -23 -20 -73317
0 7 -3 6 -52139
-24 19 -24 22 -55931
-4 -18 14 -21 -85047
-3 24 -4 22 -63371
0 -19 3 -18 -65293
19 6 19 5 -74421
13 -24 19 -24 -58997
12 18 12 20 -55645
-23 2 -24 2 -57765
-15 19 -15 18 -54389
24 4 23 6 -65309
-21 19 -24 19 -66175
24 -17 24 -18 -55439
-24 8 -22 -3 -53013
24 10 24 6 -61957
-5 17 -5 16 -51563
0 8 -1 8 -57579
24 -16 21 -15 -60241
-22 21 -20 24 -67681
17 8 15 17 -73753
-17 -24 -14 -21 -65899
-10 -1 -11 -3 -62333
0 -3 1 -7 -63433
-20 -11 -17 -10 -54559
22 18 21 21 -57855
12 9 11 9 -57843
23 -6 24 -6 -45677
-24 -24 -24 -22 -44081
23 -7 24 -6 -53347
17 -22 17 -17 -66687
-6 -13 -5 -10 -53915
-2 -2 -4 -1 -50113
-12 15 1 16 -71057
21 21 21 24 -44907
-14 -15 -11 -13 -59481
16 0 15 0 -68671
15 -8 15 -6 -64343
0 23 2 22 -55023
-24 0 -22 0 -64267
-24 -4 -22 -3 -60239
-19 -4 -21 -3 -58897
19 -18 18 -18 -61527
23 22 22 21 -51009
13 24 11 23 -59769
5 -17 4 1 -86737
15 23 14 24 -49697
13 14 11 15 -58811
3 0 1 2 -66965
7 6 5 3 -79789
3 -21 4 -21 -60003
7 3 8 5 -72593
7 2 2 6 -75653
-4 24 0 21 -58191
-24 19 16 -6 -72047
-11 -22 -9 -5 -68805
21 16 19 -1 -90629
-19 24 -20 24 -51179
24 24 23 24 -44509
-24 -14 -24 -16 -55165
7 -24 6 -23 -52423
-8 4 -8 6 -37909
-24 -8 -23 -21 -64867
-4 20 -7 20 -57895
-4 24 -7 24 -49821
2 18 2 17 -49857
16 -6 14 -5 -60929
24 19 -24 19 -58145
-23 3 -24 -1 -57849
-24 -24 10 -23 -65599
-20 -11 -19 -13 -59927
-19 -17 -19 -15 -54977
-17 14 -16 14 -49537
-19 -14 -12 -7 -73397
18 -24 24 -24 -64449
-12 -10 -11 -12 -60401
10 -1 13 0 -57705
-8 0 -8 3 -48573
2 24 1 24 -47135
-1 23 0 24 -57281
-22 -3 -23 -7 -60889
24 -2 23 -2 -49551
22 -24 22 -23 -53925
24 24 21 23 -49921
22 22 21 23 -55865
20 2 20 0 -64291
-16 -5 -17 -4 -48363
-17 0 -16 -2 -58823
-14 3 -14 -2 -62123
24 8 23 8 -52497
4 -2 4 -1 -54477
-15 16 -15 18 -48343
-10 -21 20 -8 -82221
5 0 6 3 -61139
-1 -18 0 -17 -57997
-1 -10 0 -10 -48035
-24 -11 -24 -10 -45719
-7 19 -8 20 -52457
-13 12 -12 13 -49253
-10 -24 -10 -22 -68253
13 -15 12 -17 -76861
4 -24 4 -22 -52131
-14 -18 -17 -12 -60029
-24 -10 -23 -10 -47971
13 5 13 6 -61611
2 -1 5 -4 -68629
-21 24 -23 22 -64211
17 12 10 10 -67599
22 20 20 19 -57045
7 -18 12 -8 -81205
-14 -8 -13 -6 -69407
21 -3 23 7 -81753
-21 -4 -20 -3 -59665
7 -24 7 -23 -56173
-24 9 -23 7 -39243
3 -11 7 2 -89323
18 11 16 9 -59081
-12 -7 -12 -5 -59307
24 18 24 15 -63079
-14 24 -18 22 -54465
-8 13 4 5 -77907
21 10 19 9 -54617
-8 -3 13 6 -81597
-11 -23 -9 -24 -43191
-24 0 -23 -3 -47739
-17 -19 -17 -20 -51581
-23 -16 -22 -17 -69285
-16 -14 -15 -14 -66999
1 -1 0 -2 -58403
23 14 24 13 -56343
13 -19 12 -16 -56375
22 -24 20 -24 -62433
-18 -23 -20 -24 -54245
-8 23 -9 24 -45721
-17 19 -17 22 -60219
17 13 -7 -13 -93093
-19 -15 -20 -15 -60063
14 -24 15 -24 -59025
24 1 23 3 -59867
24 -4 0 -8 -81417
-24 3 -24 2 -45287
-14 22 -15 23 -57595
6 16 7 17 -58831
1 -17 3 -13 -70753
6 5 6 2 -64099
21 -19 20 -20 -80463
24 10 22 10 -56995
5 23 4 24 -47501
-24 5 -23 8 -51681
-1 17 13 20 -76883
-5 -24 -4 -24 -45119
16 1 15 2 -64277
-24 -11 -20 -11 -59151
