8 4 8 13 -87666
4 8 5 11 -81562
19 -3 18 -4 -52278
21 20 1 22 -64408
-23 -18 -24 -16 -54256
-7 12 -8 11 -58192
-3 10 -24 13 -78020
17 18 17 15 -47982
16 -15 17 -13 -57202
-24 -23 -22 -22 -64888
-10 -11 -9 -12 -56534
-7 17 -7 24 -81396
5 -4 6 -3 -60044
-24 12 -23 12 -59340
-3 -16 -1 -18 -58814
16 8 17 0 -61564
-13 19 -13 20 -74672
10 -19 12 -18 -58284
-4 -9 -6 -8 -60254
8 7 9 8 -68282
-18 16 -19 15 -74506
21 -16 21 -17 -54738
-18 24 -18 22 -52414
-1 14 6 20 -66026
-23 -24 -22 -23 -59002
-4 15 -4 14 -73292
-23 -9 -23 -10 -55616
-13 24 -14 22 -65332
8 2 -5 19 -89442
24 13 23 11 -40700
-22 -21 -22 3 -68174
-23 16 -24 17 -59396
-6 23 -7 24 -64806
-4 16 -1 16 -58630
-1 -13 -2 -12 -51636
23 -3 23 -5 -49798
9 5 4 1 -74092
9 15 10 14 -55284
10 11 11 14 -62916
3 0 3 2 -59044
-1 -21 -3 -21 -59364
11 -24 10 -23 -55988
-23 10 -24 10 -58526
-8 -19 -8 -18 -59678
17 9 16 8 -53678
9 -17 10 -19 -63622
23 18 24 16 -48686
-12 0 -12 1 -59324
16 -21 14 -23 -57590
-24 7 -24 8 -47312
23 17 24 18 -48622
12 18 9 15 -58114
4 9 2 11 -64366
-3 23 -1 23 -58736
-2 -7 -3 -7 -53026
-7 19 -5 17 -58796
-2 23 -10 4 -95132
-6 6 -22 6 -87330
20 0 19 -1 -60938
11 -13 13 -14 -62218
-24 -4 -24 -6 -45474
18 1 17 1 -46562
23 24 24 23 -48932
-21 18 -21 15 -59620
7 7 6 7 -59264
-23 3 -24 6 -57046
-10 -24 -10 -23 -62744
-18 -19 -21 -20 -66258
0 10 2 13 -68360
-10 23 -10 24 -55226
-14 24 -13 23 -45800
-16 -24 -15 -24 -49780
-16 7 -20 10 -63198
-1 22 -24 24 -69238
-15 -24 -15 -23 -59430
-6 -23 -6 -21 -63446
6 -10 5 -11 -56588
23 8 24 7 -54974
-24 -17 -23 -19 -53582
-10 19 -10 18 -66910
1 -1 0 -1 -52036
23 -22 22 -21 -62020
-2 18 -2 19 -55786
13 24 14 24 -52328
-6 4 -1 8 -59398
-4 10 -2 12 -64062
24 -9 24 -11 -55160
24 -21 22 -22 -52038
12 -14 12 -12 -55524
17 -8 16 -8 -48694
23 -24 23 -23 -52532
8 23 7 7 -76648
-23 7 -24 8 -58016
11 3 10 0 -53160
12 -4 13 -3 -55278
-19 19 -21 24 -76602
23 13 23 -23 -58210
10 -24 11 -23 -57488
-24 -13 -23 -9 -59594
-21 -24 -22 -23 -50162
-24 -24 -24 7 -62296
21 -12 24 -16 -63720
2 10 2 8 -62450
24 -9 22 -9 -58796
-7 -18 -7 -17 -55570
5 24 4 23 -48752
-12 24 -11 24 -47858
-16 -20 -14 -20 -62008
-18 -23 -18 -24 -60438
18 -2 18 -1 -55412
18 11 16 11 -54948
24 -23 24 -22 -55478
13 21 14 24 -60856
-14 19 -15 19 -47272
-3 0 -2 0 -63646
21 -22 19 -21 -63510
21 14 23 14 -65458
-11 8 -11 13 -77908
-3 -18 -3 -17 -53650
-24 -23 -21 -22 -65596
12 -12 14 -10 -60318
-2 -5 -3 -14 -79268
-24 0 -24 2 -40672
-8 -20 -5 -19 -45568
8 -23 11 -17 -70574
-2 23 -18 1 -93042
-23 -17 -24 -18 -56576
-12 -20 -12 -19 -57266
24 -17 23 -18 -49334
-21 -5 -18 -5 -68580
24 20 24 19 -38652
-21 18 -17 21 -83798
11 24 7 24 -50572
-2 -6 -1 -2 -75520
-14 -21 -13 -24 -65836
-19 19 -21 20 -78600
-3 19 -2 23 -63526
14 -23 16 -24 -56628
3 -8 1 -9 -60338
10 -24 10 -23 -57020
18 23 17 24 -54454
16 -18 15 -20 -57710
-5 24 -1 24 -59948
13 -7 14 -8 -61414
9 8 9 9 -75096
-22 6 -22 4 -62136
17 -8 16 -11 -64422
-14 14 -14 24 -82108
4 -21 3 -23 -55086
-1 -24 -2 -24 -56468
-13 8 5 -2 -80332
-16 -8 -16 -4 -51678
-15 -20 -16 -22 -65044
8 24 9 22 -57350
-15 2 -13 2 -69794
8 -10 8 -4 -55396
-23 14 -24 16 -58820
-24 -9 -20 -6 -62998
-21 4 -20 9 -65752
9 24 4 24 -53134
13 -3 13 -5 -61796
4 -15 7 -17 -73848
0 -4 0 -3 -68964
12 18 17 16 -58052
-24 -13 -24 -14 -48184
19 13 18 11 -49130
0 -11 0 -8 -68516
14 -21 14 -22 -61052
22 -9 23 -8 -64718
15 7 15 8 -52386
24 -8 24 -10 -55404
24 -11 22 -13 -55816
-6 13 -6 15 -73702
22 -1 21 3 -64514
10 22 10 23 -60730
24 3 24 2 -53370
10 -6 9 -7 -62568
-4 -13 -5 -10 -61356
-14 12 -13 15 -78590
-21 4 -18 5 -63478
-6 -1 -3 -3 -59416
-9 -7 -8 -6 -56296
14 -7 14 -10 -63314
4 -17 6 -15 -69224
-5 0 -5 1 -57076
0 -3 -1 -4 -64336
1 24 1 23 -46454
12 -23 12 -20 -64142
24 -21 24 -20 -59216
4 21 2 21 -62358
4 -12 3 -12 -64388
21 -5 23 -7 -52628
21 -3 23 -1 -68218
-21 -23 -18 -23 -60886
20 -22 18 -24 -48830
16 7 13 10 -55066
-17 -12 -17 -13 -57026
-14 6 -11 8 -65616
-19 -7 -20 -7 -70516
8 20 9 22 -68486
-23 -18 -24 -20 -61642
23 -17 19 -15 -69274
12 -14 12 -16 -57530
2 -9 2 -14 -64372
8 0 9 -1 -57634
8 24 7 19 -69252
-7 0 -8 0 -59394
14 1 9 3 -53566
15 -12 14 -10 -60084
1 -5 3 -6 -62198
23 -1 24 0 -56432
4 3 4 6 -64354
7 -2 7 -4 -64490
12 -24 13 -24 -48774
-10 22 -7 24 -60532
-4 -23 -4 -24 -60104
-20 0 -24 0 -54338
0 -22 1 -24 -55082
8 -3 8 2 -64688
0 15 -1 0 -77754
15 14 14 12 -57844
24 -19 22 -19 -57086
-24 -5 -24 -9 -49650
-24 21 -24 17 -58686
16 -13 15 -13 -51768
-1 -24 0 -24 -58700
24 2 24 4 -52342
0 -23 0 -22 -58712
11 -15 12 -18 -66184
-17 -2 -17 0 -65900
-17 -17 -15 -18 -62770
-14 7 -15 7 -69892
-19 -19 -18 -16 -65842
-4 6 -4 22 -92730
-24 -21 -24 -22 -49674
-14 -9 -13 -9 -49484
-24 17 -21 21 -66002
8 -24 9 -23 -59120
20 -9 19 -8 -52010
9 18 10 19 -60828
-5 -23 -6 -24 -50780
-10 -24 -7 -24 -40296
8 9 8 10 -77298
-11 -20 19 -23 -55132
18 -22 19 -24 -53638
2 15 6 14 -59280
-24 21 -24 24 -37506
14 20 14 22 -60022
-15 23 -14 24 -55934
-13 3 -11 4 -69576
14 -2 14 -5 -60582
-20 -23 -19 -24 -57488
16 23 17 24 -46852
-3 -21 -3 -19 -58042
-3 -23 -3 -24 -59418
24 -8 24 -6 -48826
2 -11 4 -11 -64422
8 -7 9 -7 -59262
-19 0 -13 19 -88478
7 -24 -1 -24 -53208
-23 -22 -22 -19 -65262
-18 24 -17 24 -62764
23 -15 23 -13 -50022
-12 20 23 22 -64990
15 16 14 18 -55510
-23 21 -24 21 -49470
23 -1 24 -3 -48128
-4 -6 -5 -5 -58132
16 -7 13 -12 -71382
7 -21 6 -21 -61692
-12 -15 -9 -14 -56538
7 19 5 24 -70534
-18 22 1 24 -69958
15 10 15 12 -51604
-3 0 -4 3 -67148
12 24 10 24 -49676
5 -4 2 -9 -64010
-21 16 -20 14 -62900
24 -21 23 -19 -59978
3 21 2 22 -68856
-13 -24 -10 -23 -48666
9 -21 8 -21 -58614
-19 -8 -16 -6 -60570
-24 12 -23 13 -47880
-1 -24 1 -23 -55482
8 15 0 5 -97012
20 24 21 24 -60814
-21 24 23 24 -55792
-15 6 -15 9 -52016
-7 -12 -4 -8 -62550
-5 -10 -5 -11 -62102
-3 24 -3 23 -49084
23 0 23 -1 -54540
-19 17 -18 18 -79036
18 23 17 23 -55100
-24 -6 -23 -7 -44642
-19 -14 -20 -16 -66320
24 13 -24 6 -60260
-4 -14 -3 -13 -50522
10 16 10 11 -67066
-24 -18 -23 -18 -49260
-20 -23 -20 -24 -57824
22 22 20 22 -69910
0 7 -15 0 -80470
-3 15 -4 14 -66498
-11 21 -9 21 -63770
20 20 19 20 -62426
-8 0 -8 1 -57814
-11 -19 -10 -17 -58750
21 -11 21 -10 -56354
-22 24 -23 24 -53730
-3 5 -4 0 -59150
-10 13 -10 12 -78538
-22 10 -22 11 -53968
24 14 22 14 -64912
23 16 20 12 -54318
24 5 22 4 -44358
-22 -21 -23 -20 -51752
24 -4 23 -6 -62734
24 -20 23 -22 -57182
12 -15 13 -14 -54358
-20 4 -20 5 -64730
-23 20 -18 22 -85324
9 15 7 14 -52136
0 2 0 5 -61518
0 6 11 12 -87376
-12 -9 -8 -7 -53212
-23 24 -20 22 -66464
8 8 6 17 -81372
-1 -11 0 -9 -69388
0 2 -2 2 -59650
-4 -19 -2 -21 -57492
16 24 15 24 -52784
-9 -11 -9 -8 -47060
-9 -22 -10 -24 -59420
24 -20 24 -16 -60746
-12 -23 -15 -22 -57938
-14 21 -14 9 -84708
-19 21 -21 24 -78174
9 -1 8 -5 -69926
6 16 -21 19 -72436
-24 10 -24 13 -54116
3 0 2 0 -54494
0 -7 0 -9 -65924
12 -24 11 -23 -57610
5 -21 5 -20 -52556
-21 7 -23 8 -66814
24 -11 -1 -4 -66350
16 6 15 5 -56170
18 22 18 24 -49134
15 20 14 18 -59554
-12 -10 -13 -15 -53650
16 2 14 2 -47162
6 -15 6 -17 -72444
-9 -5 -8 -2 -52244
-22 -4 -22 -2 -58648
24 7 24 5 -40488
4 -20 -1 -20 -59806
6 9 8 11 -77266
20 -18 16 -15 -58526
-8 21 -10 20 -69790
-18 4 -18 2 -55662
10 -7 11 -11 -57410
-6 24 -6 16 -80158
-14 0 -17 1 -64878
22 -13 22 -12 -52784
13 -24 19 -24 -54964
12 18 12 20 -57262
-21 -4 -21 -1 -62368
-2 12 -4 17 -78468
-4 -3 -4 -6 -61330
-10 12 -13 13 -52184
24 -17 24 -18 -55158
19 3 20 2 -52862
24 10 24 6 -43396
-3 3 -8 18 -91496
-12 10 -11 15 -85928
24 -16 21 -15 -66304
-9 21 -10 23 -72310
-15 0 -16 2 -64448
-17 -24 -14 -21 -64042
21 13 24 6 -57638
0 -3 1 -7 -71338
-20 -11 -17 -10 -68724
22 18 21 21 -54486
-8 9 -22 10 -84832
23 -6 24 -6 -59130
-24 -24 -24 -22 -44654
23 -7 24 -6 -67734
17 -22 17 -17 -59536
-13 21 -13 22 -71852
-24 -5 -10 -2 -66186
4 -1 4 0 -63968
21 21 21 24 -45594
-14 -15 -11 -13 -60090
-3 7 3 6 -56354
-9 -21 -12 -20 -59818
0 23 2 22 -62794
9 -8 10 -8 -61162
-24 -4 -22 -3 -51416
-18 8 -14 10 -64274
19 -18 18 -18 -56022
23 22 22 21 -50964
13 24 11 23 -53040
-16 8 -24 7 -71616
15 23 14 24 -50928
4 0 6 1 -64812
-17 21 -19 24 -73312
8 -17 5 -18 -69074
3 -21 4 -21 -55070
-21 15 -22 15 -64304
2 15 2 17 -48748
-4 24 0 21 -64744
-24 0 -22 4 -50234
11 -18 9 -16 -67990
2 13 2 12 -62200
-19 24 -20 24 -72866
24 24 23 24 -47272
-24 -14 -24 -16 -48566
7 -24 6 -23 -50460
5 -16 5 -15 -69368
2 -15 2 -21 -60710
-19 16 -19 12 -58776
-4 24 -7 24 -55702
15 -3 17 -9 -63870
16 -6 14 -5 -58394
24 19 -24 19 -62092
-16 0 -16 -1 -64546
-11 -19 -13 -17 -58930
-20 -11 -19 -13 -57046
-19 -17 -19 -15 -59494
9 -13 8 -13 -57522
17 18 22 15 -63556
18 -24 24 -24 -56840
-9 3 -9 4 -42718
-19 -7 -20 -11 -60320
6 2 7 0 -58698
2 24 1 24 -53082
-1 23 0 24 -51840
23 -7 20 14 -68836
24 -2 23 -2 -49962
22 -24 22 -23 -52942
24 24 21 23 -54212
22 22 21 23 -63816
-1 14 0 13 -60498
-16 -5 -17 -4 -58996
-22 4 -20 4 -64172
5 3 5 4 -61572
24 8 23 8 -54800
4 -2 4 -1 -64576
-13 -4 -13 -3 -51730
-9 9 -7 8 -54058
-14 0 -13 1 -62854
-1 -18 0 -17 -51136
-1 -10 0 -10 -50682
-24 -11 -24 -10 -55370
-13 6 -14 8 -55158
1 -11 0 -15 -64704
-10 -24 -10 -22 -68412
-13 -5 -12 -6 -57468
4 -24 4 -22 -56392
-14 -18 -17 -12 -63624
-24 -10 -23 -10 -45958
13 5 13 6 -54610
-13 15 -13 14 -68158
-21 24 -23 22 -57140
-12 3 -8 2 -60354
2 12 -1 13 -52862
9 7 7 8 -54948
-19 -13 -18 -10 -66790
-6 -9 -8 -8 -58050
-10 7 -10 14 -81258
7 -24 7 -23 -56996
-24 18 -24 19 -55456
11 0 10 0 -48440
18 10 16 11 -55452
-12 -7 -12 -5 -45932
24 18 24 15 -39394
-14 23 -21 22 -74680
-8 -6 -13 -1 -64622
6 10 4 12 -68418
-10 0 -9 1 -60880
-11 -23 -9 -24 -49936
-24 0 -23 -3 -47120
-17 -19 -17 -20 -59552
-7 16 -5 18 -67306
-16 -14 -15 -14 -57008
24 -5 -2 -7 -63888
23 14 24 13 -48412
-4 0 -3 1 -59122
22 -24 20 -24 -55180
-18 -23 -20 -24 -58988
-8 23 -9 24 -65440
-24 8 -24 13 -56698
-15 -13 -14 -22 -67740
-19 -15 -20 -15 -60110
14 -24 15 -24 -54648
0 19 2 23 -61610
16 2 16 0 -56878
-13 23 -2 2 -92978
-20 -6 -15 9 -73678
-24 -18 6 -22 -56136
-6 14 -3 13 -61576
4 -14 4 -13 -58400
-12 17 -12 22 -85738
24 10 22 10 -62724
5 23 4 24 -60862
19 4 19 0 -65212
5 -16 6 -17 -73416
-5 -24 -4 -24 -40088
8 8 9 4 -60436
-24 -11 -20 -11 -60088
