18 22 19 23 -61352
-10 -10 -10 -8 -52856
19 -3 18 -4 -62002
-5 -1 -6 0 -53732
-23 -18 -24 -16 -51906
-2 8 3 6 -86654
13 4 13 2 -60426
17 18 17 15 -57830
16 -15 17 -13 -59066
-24 -23 -22 -22 -65618
-10 -11 -9 -12 -51662
17 -1 17 18 -91278
5 -4 6 -3 -52832
-14 5 -12 3 -67540
-3 -16 -1 -18 -59508
-4 14 -5 17 -70796
-24 2 -24 5 -62084
10 -19 12 -18 -55402
-24 4 -22 2 -54894
-24 7 9 8 -81056
-1 1 0 2 -64770
21 -16 21 -17 -64920
-18 24 -18 22 -62858
16 18 7 9 -91338
-23 -24 -22 -23 -60350
-7 24 -7 23 -42202
-23 -9 -23 -10 -57812
5 18 -6 17 -81292
-15 11 -13 14 -68726
24 13 23 11 -50664
-14 -1 -12 0 -64248
-23 16 -24 17 -53312
-2 -5 0 -4 -61056
-3 -3 6 -9 -85318
-1 -13 -2 -12 -53246
23 -3 23 -5 -49282
9 17 9 16 -78898
9 15 10 14 -61440
-6 -12 -1 -11 -67926
3 0 3 2 -65882
-1 -21 -3 -21 -64412
11 -24 10 -23 -63018
22 10 24 2 -78212
-8 -19 -8 -18 -60692
17 9 16 8 -70212
9 -17 10 -19 -58990
23 18 24 16 -55152
15 13 -22 6 -78434
16 -21 14 -23 -55608
-24 7 -24 8 -50598
23 17 24 18 -53724
12 18 9 15 -78090
-7 15 -8 15 -54564
-3 23 -1 23 -58250
-12 24 24 23 -60742
19 -8 18 -11 -57430
10 -6 4 -7 -70112
2 7 2 6 -69064
20 0 19 -1 -66470
11 -13 13 -14 -56626
-24 -4 -24 -6 -62238
18 1 17 1 -65692
23 24 24 23 -48346
-22 17 -22 16 -58070
7 7 6 7 -72622
-20 12 -19 11 -55248
-10 -24 -10 -23 -43696
6 2 6 1 -70048
-6 3 -6 5 -57950
-10 23 -10 24 -57924
-14 24 -13 23 -53978
-16 -24 -15 -24 -46280
-16 24 -13 24 -49048
11 1 -13 18 -93108
-15 -24 -15 -23 -48044
-6 -23 -6 -21 -58844
6 -10 5 -11 -51338
23 8 24 7 -66034
-24 -17 -23 -19 -51488
-10 19 -10 18 -50524
1 -1 0 -1 -67312
23 -22 22 -21 -61466
-19 18 -19 17 -56298
13 24 14 24 -51362
-10 7 -10 8 -54608
-8 -10 -9 -13 -56910
24 -9 24 -11 -56398
24 -21 22 -22 -54746
12 -14 12 -12 -53978
17 -8 16 -8 -49508
23 -24 23 -23 -53042
12 6 8 7 -73338
-23 7 -24 8 -47052
11 3 10 0 -67198
12 -4 13 -3 -53966
1 7 2 7 -76300
23 13 23 -23 -65080
10 -24 11 -23 -52420
-24 -13 -23 -9 -57252
-21 -24 -22 -23 -48706
-24 -24 -24 7 -58592
21 -12 24 -16 -67962
22 11 22 9 -66084
24 -9 22 -9 -59862
-7 -18 -7 -17 -58170
5 24 4 23 -51362
-12 24 -11 24 -40380
-16 -20 -14 -20 -58892
-18 -23 -18 -24 -56170
18 -2 18 -1 -51220
18 11 16 11 -63108
24 -23 24 -22 -55294
13 21 14 24 -55714
-4 -16 -3 -15 -63836
19 -18 19 -14 -66390
21 -22 19 -21 -65234
21 14 23 14 -65188
-12 9 -13 13 -65878
-3 -18 -3 -17 -55026
-24 -23 -21 -22 -68154
12 -12 14 -10 -60214
-12 -2 -12 -1 -53612
-24 0 -24 2 -50410
-8 -20 -5 -19 -52128
-7 8 -10 8 -55794
13 22 12 24 -59662
-23 -17 -24 -18 -57208
-12 -20 -12 -19 -49352
24 -17 23 -18 -52026
17 12 16 13 -58820
24 20 24 19 -56836
1 -1 -8 -2 -69890
4 24 5 24 -65120
-14 20 -8 20 -48672
6 -10 5 -6 -61752
12 -19 14 -21 -67760
10 19 9 21 -61036
14 -23 16 -24 -58168
3 -8 1 -9 -57438
10 -24 10 -23 -56938
18 23 17 24 -59758
16 -18 15 -20 -58854
-5 24 -1 24 -55610
13 -7 14 -8 -63658
-23 15 -24 17 -58076
-24 4 -23 7 -55520
-22 -4 -22 -7 -63070
-23 16 -24 15 -46596
4 -21 3 -23 -57836
-1 -24 -2 -24 -58982
-13 -3 -12 -1 -57600
8 2 5 3 -73570
-15 -20 -16 -22 -55274
8 24 9 22 -50482
6 13 3 12 -67430
8 -10 8 -4 -59134
-4 -8 -6 -9 -55408
-24 -9 -20 -6 -61184
8 21 -7 17 -86454
9 24 4 24 -56114
13 -3 13 -5 -57632
1 6 0 6 -78388
-2 -3 -3 -2 -66290
12 18 17 16 -64890
-24 -13 -24 -14 -43734
19 13 18 11 -61554
-20 22 -17 -1 -80282
14 -21 14 -22 -62362
22 -9 23 -8 -66212
15 7 15 8 -60774
24 -8 24 -10 -56424
24 -11 22 -13 -55920
13 22 13 11 -81316
7 14 6 13 -75606
10 22 10 23 -50620
24 3 24 2 -50836
10 -6 9 -7 -61972
-4 -13 -5 -10 -52638
-3 3 0 4 -70322
2 -8 -21 -14 -66800
5 18 12 23 -68076
-9 -7 -8 -6 -40768
14 -7 14 -10 -60780
6 10 5 7 -49064
-10 12 -11 15 -65934
-17 6 -17 9 -47718
1 24 1 23 -27442
12 -23 12 -20 -65900
24 -21 24 -20 -59966
6 21 8 14 -79194
4 -12 3 -12 -61438
21 -5 23 -7 -55918
4 24 2 24 -66334
-17 21 -16 24 -68028
20 -22 18 -24 -50496
1 19 5 15 -78778
-17 -12 -17 -13 -51984
-15 6 -13 4 -65294
-22 22 -12 17 -63528
-15 6 -17 5 -46920
-23 -18 -24 -20 -61568
23 -17 19 -15 -70546
12 -14 12 -16 -55440
2 -9 2 -14 -46058
8 0 9 -1 -64276
3 -2 6 -5 -70570
-7 19 -8 15 -64074
16 6 18 5 -68510
-2 7 -1 6 -67734
1 -5 3 -6 -72016
23 -1 24 0 -50450
7 12 13 6 -81998
-24 6 -22 6 -51924
12 -24 13 -24 -51422
-10 22 -7 24 -53152
-4 -23 -4 -24 -58670
12 12 13 9 -56162
0 -22 1 -24 -54822
-21 -23 -20 -23 -52674
-11 1 -8 -5 -54742
15 14 14 12 -70552
24 -19 22 -19 -57432
-24 -5 -24 -9 -59784
1 7 0 5 -72366
16 -13 15 -13 -51270
-1 -24 0 -24 -61314
24 2 24 4 -52796
0 -23 0 -22 -57176
11 -15 12 -18 -62112
-6 11 -4 10 -59772
-17 -17 -15 -18 -60360
-24 23 -23 21 -55510
-19 -19 -18 -16 -53740
-24 -5 -24 -1 -64210
-24 -21 -24 -22 -48820
-14 -9 -13 -9 -52986
-19 9 -18 -9 -70218
8 -24 9 -23 -54756
20 -9 19 -8 -55716
9 18 10 19 -67178
-5 -23 -6 -24 -55480
-10 -24 -7 -24 -44562
-13 0 -12 0 -65156
-11 -20 19 -23 -61342
18 -22 19 -24 -53454
-6 22 -8 20 -65332
-24 21 -24 24 -49484
0 0 3 -2 -69164
-15 23 -14 24 -56698
-21 14 -6 13 -59254
14 -2 14 -5 -59546
-20 -23 -19 -24 -49686
16 23 17 24 -56710
-3 -21 -3 -19 -54664
-3 -23 -3 -24 -58352
24 -8 24 -6 -49562
2 -11 4 -11 -63770
8 -7 9 -7 -66398
-2 6 -3 2 -71256
7 -24 -1 -24 -53498
-23 -22 -22 -19 -64844
-18 24 -17 24 -45944
23 -15 23 -13 -53526
-7 13 -8 15 -69070
-2 17 -2 18 -57680
-23 21 -24 21 -45976
23 -1 24 -3 -52496
-4 -6 -5 -5 -57756
-24 5 -24 11 -54572
7 -21 6 -21 -55482
-12 -15 -9 -14 -54412
3 7 4 5 -72824
-21 2 -24 1 -59992
-14 22 -14 24 -82144
-19 10 -21 10 -49468
-13 1 -12 24 -77300
-13 22 -13 23 -76942
19 -2 18 -2 -64326
24 -21 23 -19 -59894
-9 -24 -5 -22 -57932
-13 -24 -10 -23 -49172
9 -21 8 -21 -55270
-19 -8 -16 -6 -49318
-24 12 -23 13 -47216
-1 -24 1 -23 -57270
-6 22 -6 21 -48252
20 24 21 24 -52666
-21 24 23 24 -57194
23 -16 0 -19 -60456
4 17 5 16 -72258
-23 -8 -24 -8 -58164
-1 0 -1 -15 -65304
23 0 23 -1 -44990
24 17 24 21 -62124
18 23 17 23 -61144
-24 -6 -23 -7 -56660
-15 3 -14 5 -51156
14 0 17 18 -95226
-4 -14 -3 -13 -63798
-24 3 -24 5 -60406
-24 -18 -23 -18 -50160
-20 -23 -20 -24 -55646
-10 0 -12 0 -58816
-15 13 -15 15 -78290
-17 21 -17 20 -56426
7 9 -13 9 -90172
20 20 19 20 -58238
9 11 10 11 -67244
-11 -19 -10 -17 -64764
21 -11 21 -10 -56740
-22 24 -23 24 -54340
-7 0 -7 1 -43216
-12 9 -12 11 -59880
-8 -9 -1 22 -77176
24 14 22 14 -65814
23 16 20 12 -60462
24 5 22 4 -49722
-22 -21 -23 -20 -48528
24 -4 23 -6 -60860
24 -20 23 -22 -59060
12 -15 13 -14 -57984
0 -7 0 -8 -56214
4 -7 4 -8 -59284
9 15 7 14 -71598
16 1 14 3 -66708
-21 24 -22 24 -59544
-2 8 -3 5 -73010
-23 24 -20 22 -59950
-14 18 -14 16 -54274
-4 -7 0 -7 -69644
-4 21 -5 18 -62820
-4 -19 -2 -21 -58112
16 24 15 24 -56438
-9 -11 -9 -8 -59886
-9 -22 -10 -24 -52076
24 -20 24 -16 -63826
-12 -23 -15 -22 -52652
-2 16 -1 13 -63424
-22 15 -20 15 -46330
-6 12 -7 10 -43938
-17 -3 -15 -2 -51668
-24 -5 -24 -2 -64960
17 0 15 11 -80424
-24 10 -1 7 -69542
12 -24 11 -23 -64152
5 -21 5 -20 -53026
20 11 20 8 -71810
5 18 6 21 -58218
16 6 15 5 -64280
18 22 18 24 -57062
15 20 14 18 -56900
-12 -10 -13 -15 -57526
16 2 14 2 -60582
6 -15 6 -17 -61732
6 21 8 8 -84532
-17 17 -15 9 -81238
24 7 24 5 -61002
4 -20 -1 -20 -62196
-5 6 -6 5 -69540
20 -18 16 -15 -63990
13 -9 13 -12 -58306
-17 1 -18 0 -56544
10 -7 11 -11 -59748
10 7 11 4 -66600
-1 -2 -3 0 -67632
22 -13 22 -12 -55700
13 -24 19 -24 -56054
0 4 2 3 -72850
10 -3 9 0 -54384
-24 14 -24 13 -60588
-14 24 -14 23 -73528
-2 -2 -3 -5 -58594
24 -17 24 -18 -57996
19 3 20 2 -61610
24 10 24 6 -72002
-5 16 -4 16 -60368
-23 19 -23 21 -53556
24 -16 21 -15 -66892
-1 13 1 14 -56686
20 3 18 1 -65732
-17 -24 -14 -21 -58754
21 3 -20 6 -75596
-15 21 -17 21 -52102
22 9 22 6 -77652
22 18 21 21 -63206
-7 -11 -7 -12 -57382
23 -6 24 -6 -58856
-24 -24 -24 -22 -44138
23 -7 24 -6 -65818
17 -22 17 -17 -64302
-8 17 -9 15 -57446
-19 4 -18 2 -61616
4 -1 4 0 -55592
21 21 21 24 -54200
-14 -15 -11 -13 -61688
-17 11 -17 10 -58626
-9 -21 -12 -20 -57410
0 23 2 22 -57194
9 -8 10 -8 -64310
-24 -4 -22 -3 -51582
-17 14 -17 15 -76036
19 -18 18 -18 -57676
23 22 22 21 -55408
13 24 11 23 -43066
-24 13 -24 14 -60856
15 23 14 24 -59306
-4 18 6 7 -94568
10 17 10 15 -80140
8 -17 5 -18 -56954
3 -21 4 -21 -51346
17 22 18 20 -66644
2 15 2 17 -61982
-15 1 -17 24 -83264
-2 18 -3 18 -61560
-5 17 -7 20 -56454
6 4 6 3 -79170
-19 24 -20 24 -49456
24 24 23 24 -44592
-24 -14 -24 -16 -44996
7 -24 6 -23 -52838
5 -16 5 -15 -59700
2 -15 2 -21 -57950
-23 0 -20 0 -60668
-4 24 -7 24 -43428
15 -3 17 -9 -68758
16 -6 14 -5 -60966
24 19 -24 19 -59128
-16 16 -17 13 -75672
-11 -19 -13 -17 -52804
-20 -11 -19 -13 -59884
-19 -17 -19 -15 -51478
9 -13 8 -13 -53658
-21 -2 -21 1 -62108
18 -24 24 -24 -59518
-19 -12 -20 -9 -60610
-19 -7 -20 -11 -56554
15 19 16 17 -68508
2 24 1 24 -58892
-1 23 0 24 -44328
-8 2 -6 5 -58034
24 -2 23 -2 -53562
22 -24 22 -23 -53860
24 24 21 23 -50910
22 22 21 23 -61454
-5 -4 -4 0 -57408
-16 -5 -17 -4 -47850
-22 4 -20 5 -59228
5 3 5 4 -79046
24 8 23 8 -57794
-24 9 -24 12 -44016
2 -3 2 -1 -52130
3 10 2 11 -63696
21 19 24 -18 -71942
-1 -18 0 -17 -70358
-1 -10 0 -10 -60350
-24 -11 -24 -10 -55442
22 -4 20 -2 -58450
4 7 6 6 -73178
-14 -9 -12 -11 -57576
-2 19 -1 21 -55374
4 -24 4 -22 -57374
-14 -18 -17 -12 -61280
-24 -10 -23 -10 -57038
15 17 0 15 -81668
-12 9 -14 8 -52678
-21 24 -23 22 -48352
14 9 13 8 -62772
2 12 -1 13 -70480
9 7 7 8 -80688
9 2 8 1 -67722
-6 -9 -8 -8 -50790
-23 21 -23 23 -59122
7 -24 7 -23 -58968
-24 18 -24 19 -47744
11 0 10 0 -54088
18 10 16 11 -63776
-7 14 -5 13 -72412
24 18 24 15 -49360
-20 -8 -22 -6 -59076
-16 -1 -17 1 -63578
23 2 21 3 -59300
-13 8 5 5 -90348
-11 -23 -9 -24 -48010
-24 0 -23 -3 -58560
8 13 8 14 -62736
5 11 7 14 -69708
-16 -14 -15 -14 -57334
12 7 -2 0 -89484
23 14 24 13 -53116
-13 -18 -12 -15 -56344
22 -24 20 -24 -57812
-18 -23 -20 -24 -50886
19 1 1 2 -75474
-1 -17 0 -16 -70426
-15 -13 -24 -22 -64060
-19 -15 -20 -15 -48482
14 -24 15 -24 -56200
-13 0 -13 1 -54014
16 2 16 0 -56334
24 3 24 19 -68524
-10 0 -12 1 -63060
-24 -18 6 -22 -56180
-18 3 -17 0 -66702
4 -14 4 -13 -48716
8 0 8 9 -78456
24 10 22 10 -65060
5 23 4 24 -52238
-21 -2 -18 0 -58940
11 -21 10 -19 -65798
-5 -24 -4 -24 -45360
-8 6 -8 7 -56276
-24 -11 -20 -11 -60520
