-23 -10 -24 -4 -65211
24 -3 23 -4 -50547
1 -14 1 -12 -62743
1 -24 0 -23 -48929
-5 -21 22 -1 -97301
-13 9 -7 9 -76019
4 21 4 13 -76559
-22 0 -21 -4 -60413
0 -24 -1 -20 -59217
14 -11 13 -8 -62123
9 -1 9 -4 -67985
6 3 6 5 -73895
-24 -8 -23 16 -67837
-3 -19 0 -18 -77067
14 -1 14 -2 -71691
-21 19 -19 21 -56483
21 -8 -2 8 -105609
23 6 22 18 -83587
-9 11 -5 10 -74613
-2 -19 -5 -20 -70145
5 -9 5 -10 -60623
-14 19 -17 22 -67337
14 19 13 21 -78323
21 -2 20 -6 -80959
-1 3 0 5 -77225
18 3 18 5 -70065
7 7 4 7 -78529
21 7 23 11 -62085
17 22 14 21 -62819
4 -4 12 -5 -82347
18 -9 16 -19 -77973
-18 22 -15 24 -48311
-8 -20 -17 -23 -70931
-23 20 -22 4 -75681
15 -21 16 -19 -70875
-10 16 -11 14 -62189
23 -18 21 -13 -73949
-16 -15 -15 -12 -62553
12 -8 13 -7 -59759
22 13 19 11 -67285
19 -6 24 -10 -69547
10 -16 13 -20 -76895
24 2 22 1 -42327
11 16 12 19 -80513
-7 6 -6 5 -75627
22 20 18 18 -67521
0 10 -1 3 -88163
24 10 22 -10 -80931
2 -1 -2 -3 -69663
-23 22 -19 15 -64273
-18 10 -15 10 -66969
-17 8 -18 8 -66849
-19 -3 -22 -2 -70073
-10 -24 -15 -23 -75301
-19 21 -16 17 -76561
-20 17 -20 21 -55181
-8 21 -9 16 -68453
14 15 16 12 -75697
-18 20 -20 15 -61173
-9 -22 -12 -21 -82671
-3 14 0 12 -72987
24 14 24 13 -49197
-21 -1 -23 -3 -66683
17 15 20 22 -77149
-2 -5 -4 8 -98323
-17 24 -12 22 -58353
-10 24 -16 24 -55565
-20 -2 -18 -6 -68601
-20 -18 -24 -23 -56095
15 19 14 22 -73241
-4 -20 -6 -24 -75115
10 -2 8 -3 -71903
8 22 11 21 -57761
-8 -4 -8 -2 -60009
15 -22 14 -22 -55439
7 -12 9 -17 -62963
10 19 12 23 -49201
21 8 20 4 -75969
-4 23 -9 22 -54113
-6 16 -7 7 -85533
12 -5 14 -2 -80567
14 2 14 9 -68509
-12 20 -8 21 -54973
-22 0 -24 2 -52869
-3 3 -4 2 -72321
-8 -23 -7 -21 -66503
5 23 3 -16 -90065
-5 17 -4 17 -60099
12 15 10 11 -74189
7 -24 -6 -24 -71781
9 -13 8 -13 -59069
2 18 9 15 -79971
5 -5 21 -1 -106135
18 1 19 0 -78765
-23 -10 -24 -11 -59657
-1 10 -2 8 -81545
-5 -24 -5 -20 -68371
-6 24 -4 -1 -87925
7 10 7 5 -69791
23 0 20 -1 -65239
-5 -7 -4 -10 -56507
18 17 20 18 -70647
-2 9 -1 14 -80225
-24 -9 -21 -13 -64511
3 22 5 23 -59741
3 -5 -20 -10 -76495
-5 -18 -2 -24 -73601
17 21 14 22 -73867
13 16 7 17 -81165
6 17 7 19 -70711
-8 17 -4 13 -72573
0 3 0 2 -78643
-18 -12 -18 -13 -65215
-17 -10 -15 -11 -58733
11 -3 16 -4 -66493
24 -7 20 -24 -78981
12 -19 10 -19 -67303
0 -14 -3 -16 -74287
-23 -7 -24 -12 -71017
-2 -1 0 -4 -64867
-8 7 -7 13 -76871
-9 -20 -4 -22 -66553
-22 15 -20 16 -57773
-5 -21 -7 -24 -68147
-5 3 -5 1 -84741
-4 0 -4 3 -85689
1 16 0 10 -79619
20 -24 14 -20 -67801
-22 13 -19 15 -65059
-11 -6 -11 -4 -61107
-21 -2 -22 -4 -70043
-3 9 -1 6 -79279
15 12 13 13 -79553
-23 -14 -22 -23 -49057
20 3 21 5 -68713
23 -9 24 -24 -75065
22 -1 9 -8 -108271
-5 14 -2 10 -79483
15 10 13 9 -70209
24 17 22 5 -80759
-8 4 -9 0 -77417
22 24 15 18 -67045
2 7 2 13 -76425
-23 -22 -21 -23 -23947
-22 21 -19 22 -52847
8 9 7 16 -70901
23 -15 19 -13 -67979
-5 16 -4 19 -62089
-23 -10 -24 -5 -65461
20 -2 21 -8 -80627
6 5 3 4 -82921
-7 -19 -8 -17 -69819
7 -16 9 -17 -63549
23 -3 21 -2 -57573
6 -15 2 -17 -75815
0 5 2 5 -70401
-18 22 -15 14 -80587
24 14 24 -8 -79891
8 -11 3 -10 -69067
-7 19 -7 4 -90081
12 -15 14 -16 -65395
7 -12 7 -13 -57473
-11 -10 -11 -11 -70237
15 18 14 15 -74181
8 -3 8 0 -68323
-10 -19 -10 -23 -63637
-22 -9 -22 -11 -71729
12 -14 -16 2 -96397
3 10 1 13 -81381
24 2 24 8 -69841
20 -2 19 -3 -83159
13 7 10 10 -74171
-22 12 -21 10 -48873
17 -24 -12 -24 -70537
6 12 4 12 -79137
-13 22 -17 19 -64933
-16 -6 -18 -7 -64809
16 0 15 -1 -80057
-9 -12 -9 -15 -64187
-21 4 -20 0 -64593
-24 -10 -21 -9 -60437
-23 -10 -19 -10 -63721
10 20 9 14 -88467
8 6 8 4 -65739
21 -15 24 -15 -48363
-10 -10 -10 -11 -71047
-3 6 1 4 -88265
-22 0 -22 23 -76391
-23 -21 -21 -19 -54035
12 -24 12 -20 -53419
-6 22 0 23 -66321
-12 -17 -13 -18 -57489
-2 -15 -3 -15 -68061
1 0 2 -2 -64473
14 9 13 10 -76515
-2 22 0 19 -74157
20 -13 19 -13 -71409
8 18 -24 17 -71747
14 23 -10 19 -81561
-3 21 0 18 -79649
-2 -20 -5 -22 -70519
-8 11 1 10 -80827
-2 3 0 2 -79795
-19 -5 -17 -6 -68589
-8 -13 -6 -14 -59155
13 15 10 17 -85485
20 -17 22 -22 -72857
10 20 11 14 -90011
-10 -12 -9 -13 -66187
-16 6 -14 11 -64585
13 16 12 18 -87063
-16 -19 19 -19 -81429
-22 -24 23 -2 -76303
-17 -17 -15 -24 -69427
10 -21 11 -19 -74057
-7 -23 -10 -23 -60173
-23 -14 -21 -10 -70673
-11 -20 -10 -18 -59727
18 -22 23 -13 -80247
21 -23 18 -23 -56779
-10 6 -6 4 -80191
19 1 20 0 -76057
23 -12 24 -16 -58941
-1 24 3 23 -50521
-17 12 -13 8 -68075
-24 -12 -22 -17 -50287
24 13 19 10 -60479
8 -20 2 -24 -65015
-24 22 -6 18 -67221
6 4 -2 -2 -87709
-17 -15 -18 -21 -53363
10 -10 0 -13 -80663
-21 -24 -15 -23 -45853
12 -23 20 -20 -71861
-4 22 -12 24 -57361
10 -20 12 -18 -77681
1 11 0 12 -75905
23 -10 22 -10 -58075
-18 7 -16 5 -70077
-17 21 14 20 -79201
-16 6 0 2 -94797
-17 -24 24 -23 -67743
-24 8 -22 5 -47855
-12 24 24 11 -78649
7 24 3 24 -61085
2 11 2 15 -75573
19 -16 18 -9 -67171
-17 21 -22 22 -59077
17 0 18 -1 -75817
17 21 24 16 -65285
18 13 17 19 -77597
-3 -5 -3 -4 -58405
14 -16 14 -21 -82237
-8 21 -6 17 -68319
6 9 5 7 -73327
6 24 9 23 -52667
24 20 23 16 -41861
3 4 0 6 -79719
-21 4 -18 3 -72991
24 4 23 15 -78721
-1 -12 0 -11 -61561
21 -10 24 -6 -67253
-19 1 -22 0 -68095
-19 -7 -21 -9 -62165
6 -8 6 -10 -58917
-15 -22 -17 -22 -50183
15 20 8 20 -72447
-22 24 -18 20 -44959
1 -19 0 -20 -73279
-4 -7 -5 -4 -62651
-5 -15 -4 -17 -72997
0 -6 1 -6 -60707
17 24 18 23 -47291
3 -1 3 5 -83595
-21 -6 -21 -10 -70553
-2 8 -1 9 -83279
21 14 3 11 -90973
-24 0 -20 -3 -65103
3 -18 4 -16 -73761
-24 10 -21 16 -60801
-1 -19 0 -16 -71449
24 -20 14 -23 -71733
-1 14 -1 23 -78169
8 -22 7 -22 -48481
-24 6 -24 2 -50605
8 -22 0 -22 -72177
-11 5 -12 0 -72733
3 2 4 0 -68207
8 -10 7 -23 -83081
-21 -24 -20 -23 -33411
12 -7 13 -11 -59505
-9 11 -7 13 -68551
-6 -6 -5 -6 -55643
12 17 -11 -15 -93467
16 17 13 18 -77605
-20 8 -23 6 -51791
-10 -24 -12 -19 -71491
10 1 9 -1 -72381
-12 24 -6 19 -57445
24 -3 18 -4 -78075
17 -22 17 -18 -73975
-7 5 -5 7 -73901
6 10 9 8 -71455
24 -7 24 -6 -50055
-20 10 -21 2 -66123
5 -2 4 -7 -58917
0 -14 1 -16 -65761
8 -16 7 -20 -78993
14 7 10 6 -70907
0 -10 4 -8 -65617
-23 -18 -24 -23 -35503
17 6 17 9 -62973
8 11 7 8 -64081
-18 -14 -20 -16 -54073
-19 -12 -19 -15 -65595
18 -17 23 -23 -73595
-12 -8 -10 -5 -59747
-11 -20 -10 -20 -73781
5 8 -2 10 -86503
23 24 -19 12 -76513
-6 23 -2 20 -65205
-22 -16 -23 -16 -45093
-13 17 -13 8 -80563
19 -24 15 -22 -60319
-20 0 -19 0 -72345
-4 -10 0 -9 -63651
-3 -23 -3 -8 -82199
-8 18 -8 20 -63603
14 12 14 13 -57395
16 9 13 10 -77151
5 -24 4 -18 -66825
4 11 11 10 -84259
-22 3 -23 5 -61489
-15 -19 -14 -23 -64073
-11 2 -10 4 -72273
9 -23 8 -20 -65627
8 24 0 20 -73451
1 -17 0 -5 -79397
8 -16 7 6 -87433
3 5 -24 2 -77851
-22 -9 -5 -17 -83841
1 -6 24 -10 -87691
2 20 -4 18 -64021
3 -23 2 -20 -62663
-16 -5 -17 -5 -68227
-4 -15 -5 -18 -73627
-3 24 -4 24 -54163
-12 11 -8 8 -74061
-14 17 -14 8 -80027
-18 3 -16 2 -69601
-4 -24 -17 -19 -90187
-8 0 -12 2 -73807
-13 7 -11 2 -71651
-21 -12 -24 -13 -59627
-12 -11 -14 -11 -54577
11 -7 24 -5 -97673
22 13 19 15 -63423
-9 -2 -12 -2 -57237
20 -10 24 -8 -70671
-3 -24 -5 -21 -60139
12 13 8 12 -78409
6 -17 6 -20 -71967
24 -23 5 -18 -72443
-11 -24 -15 -23 -71553
6 19 1 24 -68981
-14 -13 -12 -19 -67109
-18 -11 -19 -10 -63523
1 -23 3 -22 -61619
17 -12 16 -12 -65863
-11 20 -14 20 -60137
21 11 23 3 -79415
-17 -9 -17 -7 -55985
9 -19 11 -22 -70083
11 -13 11 -11 -54559
22 22 -11 0 -95239
-15 16 -17 16 -59345
-2 -12 0 -14 -74977
-9 0 -9 -3 -62967
19 3 18 5 -74813
-16 10 -18 16 -69307
-9 6 -15 5 -73561
20 -9 19 -6 -64669
-3 8 -2 9 -80263
-13 11 -14 16 -71289
17 24 18 6 -83169
-24 17 -16 15 -65191
-22 8 -18 12 -67621
2 21 3 18 -70011
19 21 21 17 -60105
-24 1 -21 9 -62971
-13 -3 -13 -1 -60497
17 -24 21 -22 -60173
7 -3 9 -6 -68931
-13 18 -13 20 -61815
-16 -17 -14 -18 -58739
24 22 14 20 -69847
-12 -11 -12 -16 -66343
20 -11 18 -9 -69433
-23 -9 -23 -14 -68247
14 24 18 19 -73187
1 12 4 12 -75605
9 -23 9 -22 -48217
-2 11 10 13 -97071
13 -15 13 -20 -78623
-24 24 -18 -12 -77285
1 24 2 19 -58157
2 -13 0 -11 -75573
17 -22 8 -22 -63913
-4 -24 -2 -17 -77741
1 -14 3 -15 -68517
20 -24 21 -20 -40787
18 1 17 -4 -89661
-4 -4 -5 0 -67199
12 7 23 5 -73475
20 -10 16 -13 -77649
-11 -4 -11 -9 -64577
18 2 17 1 -67783
2 20 24 22 -79479
22 -23 22 -13 -82715
17 23 17 14 -78331
6 24 -5 16 -76047
5 1 4 0 -73301
-2 -9 -2 -11 -53285
19 -10 -8 -14 -89681
23 -19 23 -16 -64541
-9 -22 5 -23 -73279
24 8 23 1 -74277
-23 -24 -11 -20 -55011
-20 -22 -24 13 -68571
6 24 24 24 -66789
4 -16 5 13 -92609
-22 15 -22 6 -65647
17 4 16 0 -74499
2 2 15 22 -100885
-2 8 10 -12 -110415
17 -2 15 -2 -70379
21 12 20 14 -64077
-17 -2 -17 -1 -59207
-22 -1 -24 -4 -61847
-22 -20 -23 -15 -46073
-11 10 -11 6 -60803
-10 -20 -7 -23 -74361
-11 -13 -15 9 -84393
-18 3 -18 4 -57811
17 -18 17 -13 -69177
18 -7 17 -7 -75465
22 -8 20 0 -83563
-6 4 -2 5 -71819
21 -8 23 -15 -63097
21 8 20 9 -62895
-9 -9 -10 -8 -60431
13 -17 11 -12 -69133
-16 21 -18 20 -61763
22 -3 23 -17 -69381
17 -1 18 -5 -74675
17 0 -20 -2 -88241
5 -3 4 -4 -55483
8 17 4 12 -79791
21 -11 22 -10 -63381
-13 14 -13 23 -70873
11 -5 8 5 -81489
16 -5 17 0 -89783
1 24 1 15 -75897
-10 0 -13 4 -77933
-14 5 -19 0 -69791
2 -19 4 -17 -80405
24 3 -19 3 -88667
0 3 -1 6 -85079
3 -7 2 -3 -65123
-3 13 -3 18 -67875
15 -15 13 -16 -59773
5 -21 1 -20 -67865
-5 -17 -5 -13 -75915
8 -2 9 -2 -69427
-15 -1 -12 -7 -71525
-2 -1 0 -1 -69607
19 -24 17 -16 -80405
-3 7 14 -9 -108931
-16 -5 -13 -4 -60035
12 4 10 1 -68261
8 14 7 18 -78537
11 10 12 11 -72783
7 -19 13 -17 -76019
-22 -7 -20 -3 -67465
7 -1 3 3 -71769
21 -14 17 -16 -74417
24 24 24 9 -61587
15 0 8 -7 -93953
4 -10 0 -8 -75511
24 -1 3 -3 -97529
0 -7 0 -7 -245607
-9 -14 -12 -14 -62423
-10 15 -12 15 -56867
-17 5 -11 3 -70577
24 2 18 20 -92807
-10 -10 -10 -9 -65845
24 2 24 -1 -42483
-10 8 -13 4 -71291
-5 3 -4 6 -82317
-17 -18 -15 -23 -68615
14 8 13 -2 -82617
-24 9 -23 17 -60093
-17 0 -18 -2 -63889
17 16 14 14 -67009
-21 22 -20 11 -70471
-6 -2 -4 0 -67287
6 6 4 3 -90851
23 -15 24 19 -77699
1 22 18 23 -78603
-7 -17 -6 -14 -68481
-17 1 0 -23 -94169
-5 -3 -4 2 -74059
