-15 0 -15 -1 -55924
24 -3 23 -4 -50944
1 -14 1 -12 -70010
1 -24 0 -23 -54954
-24 -17 -22 -17 -68234
10 -23 15 11 -97608
1 5 1 4 -59188
-22 0 -21 -4 -67104
0 -24 -1 -20 -72012
14 -12 13 -13 -59450
13 -6 12 -6 -62326
-9 1 7 7 -92450
-24 -8 -23 16 -67614
-1 -22 0 -21 -63164
14 -1 14 -2 -62776
-21 19 -19 21 -58018
-22 -2 -22 -1 -57316
-15 -5 -15 -2 -52264
-9 11 -5 10 -69540
-23 -8 -23 -9 -56690
5 23 -5 23 -82504
-14 19 -17 22 -66964
-4 -5 -5 -3 -70196
-16 7 -19 5 -77304
-23 15 -24 13 -57120
21 12 22 14 -58706
7 7 4 7 -81068
-12 7 -10 -8 -77110
17 22 14 21 -62170
24 -7 24 -9 -53336
16 -2 19 -4 -61096
-18 22 -15 24 -54036
-24 -15 -21 -15 -71488
22 -6 22 -3 -61850
19 -22 23 -12 -73078
-10 16 -11 14 -74742
0 19 2 12 -84492
-16 -15 -15 -12 -61674
12 -8 13 -7 -63872
22 -23 19 -20 -76244
6 18 11 18 -66804
6 -24 1 -20 -71708
24 2 22 1 -51334
-7 7 12 3 -95558
-7 6 -6 5 -78866
22 20 18 18 -66954
8 -7 11 -7 -74706
24 21 -9 22 -82656
20 11 19 9 -56962
-23 22 -19 15 -66904
-18 10 -15 10 -73122
-17 8 -18 8 -72918
-4 -2 0 -2 -69658
-10 -24 -15 -23 -71012
-19 21 -16 17 -75842
-20 17 -20 21 -58554
-8 21 -9 16 -80350
7 -24 15 -20 -66032
-18 20 -20 15 -67834
-17 -21 -16 -20 -62334
-3 14 0 12 -79796
24 14 24 13 -52246
10 -2 9 0 -82452
-21 -24 -21 -20 -37274
24 4 23 10 -59624
-17 24 -12 22 -61494
-10 24 -16 24 -59402
2 3 6 8 -96520
-20 -18 -24 -23 -69218
15 -10 -2 22 -105448
23 -17 23 -14 -61772
10 -2 8 -3 -66774
8 22 11 21 -55580
-8 -4 -8 -2 -58006
15 -22 14 -22 -47884
-13 -21 -16 -23 -67696
10 19 12 23 -40854
8 18 6 -17 -108108
-4 23 -9 22 -62098
-7 -12 -10 -20 -58182
20 -11 24 -14 -72340
14 2 14 9 -75394
-12 20 -8 21 -62278
-22 0 -24 2 -51666
-3 3 -4 2 -64944
-8 -23 -7 -21 -61428
9 0 13 0 -74298
-5 17 -4 17 -70164
12 15 10 11 -66166
7 -24 -6 -24 -66444
9 -13 8 -13 -64272
-17 10 17 9 -97152
3 20 3 15 -74186
3 -13 -1 -10 -64662
-23 -10 -24 -11 -49716
7 -8 6 -8 -63766
-5 -24 -5 -20 -64372
19 -15 20 -12 -68578
8 -17 6 12 -105948
23 0 20 -1 -65902
4 11 2 10 -91304
18 17 20 18 -63380
18 -24 17 -20 -66414
-8 13 14 7 -101754
3 22 5 23 -63342
11 -14 9 -15 -67234
-20 10 4 23 -89928
19 9 23 -1 -80074
13 3 12 11 -79620
6 17 7 19 -64110
-8 17 -4 13 -73306
-1 -13 0 -10 -67790
-18 -12 -18 -13 -52638
-1 -15 0 -11 -72156
-23 -8 -21 -6 -61998
21 4 23 2 -60414
12 -19 10 -19 -65140
-15 17 -12 19 -77256
15 1 14 1 -71824
-8 15 -9 14 -75976
15 18 14 18 -57882
-3 -2 -2 -1 -73434
-22 15 -20 16 -58334
-5 -21 -7 -24 -57556
-16 -4 -15 -5 -57034
-24 -16 -23 -13 -54444
-2 -8 -1 -7 -62108
20 -24 14 -20 -72718
-22 13 -19 15 -68026
-11 -6 -11 -4 -50544
-5 15 -5 16 -70428
-2 -6 -2 -3 -80604
12 -2 11 1 -84302
-23 -14 -22 -23 -63364
20 3 21 5 -60340
23 -9 24 -24 -65604
-20 -17 -20 -16 -59188
-24 24 0 19 -72398
15 10 13 9 -64412
16 -23 16 -21 -63866
-8 4 -9 0 -63004
22 24 15 18 -69456
2 8 5 10 -99022
-23 -22 -21 -23 -44346
-22 21 -19 22 -54776
-6 24 -5 15 -72520
23 -15 19 -13 -78330
-5 16 -4 19 -77244
-18 2 -16 3 -67044
-7 -9 -4 -9 -52718
-9 8 -6 5 -82086
-21 -19 -20 -17 -65242
7 -16 9 -17 -61850
23 -3 21 -2 -49644
-6 15 -2 17 -81912
0 5 2 5 -70850
9 20 12 -11 -99678
-4 4 -5 9 -80302
2 1 24 -19 -81762
-2 -4 -2 -7 -76798
-8 -11 -9 -10 -61940
24 19 -23 21 -71304
24 0 22 -24 -75018
-24 -10 -23 -7 -61730
8 -1 8 -4 -73332
-10 -19 -10 -23 -49346
-12 -23 -10 -23 -70568
16 5 12 7 -86396
12 -6 9 -4 -73744
24 2 24 8 -61896
20 -2 19 -3 -70610
-1 7 0 -24 -91322
-22 12 -21 10 -48316
-7 -15 -5 -9 -62440
6 12 4 12 -74200
-13 22 -17 19 -75686
-16 -6 -18 -7 -53758
16 0 15 -1 -67216
-20 -22 -18 -23 -41492
6 1 5 0 -82122
-24 -10 -21 -9 -53700
0 11 2 7 -76760
18 24 17 20 -33198
8 6 8 4 -67248
21 -15 24 -15 -61342
3 -24 5 -21 -59610
3 -24 3 -6 -86082
11 -13 9 -9 -72322
-23 -21 -21 -19 -71042
12 -24 12 -20 -67820
-6 22 0 23 -78658
-12 -17 -13 -18 -67432
14 13 14 8 -68388
5 0 5 -4 -82068
-9 3 20 3 -95650
-2 22 0 19 -74282
20 -13 19 -13 -66784
21 -13 22 -8 -56976
5 -4 2 0 -92402
-3 21 0 18 -81260
-2 -20 -5 -22 -55992
15 -8 15 -11 -62092
-2 3 0 2 -62218
-12 -15 -15 -15 -62936
-20 1 -20 -1 -63378
-24 -24 -4 -18 -65242
20 -17 22 -22 -67732
-7 5 -7 0 -65118
24 -8 23 -3 -59916
-16 6 -14 11 -66616
5 -10 5 -7 -63326
-12 -10 -9 -9 -62984
8 -3 9 -4 -73554
-12 -14 -13 -13 -57962
10 -21 11 -19 -65604
-7 -23 -10 -23 -67662
-23 -14 -23 -16 -55320
3 20 1 18 -77380
14 -11 15 9 -92484
21 -23 18 -23 -76864
0 -19 1 -20 -66800
-16 10 -16 11 -53842
23 -12 24 -16 -57858
-1 24 3 23 -65956
-24 19 -24 -21 -64570
-2 -21 -3 -23 -63358
17 8 15 23 -68350
24 11 3 9 -73998
-24 22 -6 18 -77650
15 -20 13 -16 -66438
9 0 -18 -1 -88058
3 0 0 0 -76042
-21 -24 -15 -23 -53400
-2 -10 -3 -8 -55774
-4 22 -12 24 -65630
0 -24 -4 4 -93378
1 11 0 12 -72404
23 -10 22 -10 -59464
-2 12 0 6 -85902
15 4 15 1 -61392
-24 3 -24 2 -56766
-17 -24 24 -23 -57332
-24 8 -22 5 -43752
7 24 6 20 -44016
7 24 3 24 -58878
1 -21 1 -17 -63514
19 -1 18 1 -64100
-17 21 -22 22 -60752
17 0 18 -1 -66418
17 -23 24 -20 -77740
8 5 9 -22 -97146
-24 9 -24 5 -52370
-14 16 -14 21 -78404
8 11 -6 11 -99934
8 -10 7 -17 -82678
6 24 9 23 -49934
24 20 23 16 -36998
3 4 0 6 -71872
-21 4 -18 3 -61136
24 1 23 0 -51412
-4 -20 -5 -19 -54130
21 -10 24 -6 -68760
-7 -10 -7 -6 -61606
-19 -7 -21 -9 -64990
-6 8 -6 10 -57988
-15 -22 -17 -22 -53740
15 20 8 20 -58454
-22 24 -18 20 -45234
21 10 -18 1 -91596
11 24 8 1 -83010
16 14 16 16 -45322
0 -6 1 -6 -55630
17 24 18 23 -34446
-23 -20 -22 -20 -60520
7 -18 6 -10 -82972
-24 -4 -24 -17 -56024
-4 -22 2 -23 -60982
-24 0 -20 -3 -63036
3 -18 4 -16 -56456
-24 10 -21 16 -72094
-1 -19 0 -16 -56502
4 -8 2 -11 -63274
-13 -13 -13 -9 -58346
8 -22 7 -22 -48096
-24 6 -24 2 -64924
-5 -11 -8 -13 -57232
15 -16 13 -15 -54530
-7 0 -9 1 -69234
3 19 0 18 -80798
-21 -24 -20 -23 -43520
2 -3 1 -6 -72422
-9 11 -7 13 -69158
-7 -6 -12 -9 -64846
5 24 2 -19 -98366
16 17 13 18 -59514
-20 8 -23 6 -74278
23 10 23 13 -55412
10 1 9 -1 -68104
-12 24 -6 19 -67792
16 1 10 0 -80242
17 -22 17 -18 -66848
-6 17 -9 19 -70728
6 10 9 8 -62820
24 -7 24 -6 -58790
10 10 10 5 -70350
-10 -2 -12 -3 -59266
0 -14 1 -16 -62162
8 -16 7 -20 -60066
14 7 10 6 -72002
2 -13 -4 -13 -60990
-23 -18 -24 -23 -43854
17 6 17 9 -67444
15 23 16 23 -56526
16 -17 16 -12 -70638
-17 1 -17 2 -59452
5 9 2 7 -99772
9 23 9 21 -37498
-11 -20 -10 -20 -71446
-20 10 -23 7 -73776
23 24 -19 12 -79914
-6 23 -2 20 -72610
-22 -16 -23 -16 -73786
8 -13 8 -11 -74544
19 -24 15 -22 -64146
-20 -3 -18 -9 -66348
23 11 21 10 -39018
-14 8 -10 5 -61230
-8 18 -8 20 -74588
14 12 14 13 -56088
8 7 6 5 -80816
1 -1 4 -2 -77524
-16 -13 -11 -9 -63378
12 14 7 14 -64278
-15 -19 -14 -23 -40792
6 -6 7 -5 -73538
9 -23 8 -20 -65850
8 24 0 20 -76320
-13 6 -12 3 -60276
16 -23 24 -21 -83566
-20 8 -24 5 -71048
-7 -6 -5 -9 -69796
5 -5 2 0 -94412
14 8 17 7 -71196
3 -23 2 -20 -67466
0 -23 6 -22 -73648
-17 10 -18 8 -67796
-3 24 -4 24 -63284
18 -9 21 -11 -63118
-11 -21 2 -21 -65192
21 -13 19 -15 -71354
-2 14 -2 12 -66588
22 -23 18 -20 -84510
20 -2 20 -4 -58266
22 22 23 21 -23370
24 -23 24 4 -72180
-22 5 23 2 -86002
22 13 19 15 -55586
-23 4 -23 3 -68034
20 -10 24 -8 -69684
-3 -24 -5 -21 -58840
7 13 7 0 -86786
6 0 6 0 -243088
4 18 2 10 -80294
-11 -24 -15 -23 -65820
6 19 1 24 -73612
20 0 19 0 -62684
-18 -11 -19 -10 -58594
1 -23 3 -22 -66088
17 -12 16 -12 -49310
-11 20 -14 20 -68764
-5 1 -6 -1 -73722
-17 -9 -17 -7 -53916
9 -19 11 -22 -65436
11 -13 11 -11 -67776
-23 -10 -19 -13 -63622
-15 16 -17 16 -64150
-17 -15 -17 -18 -57050
-9 0 -9 -3 -58498
10 8 16 5 -88612
-16 10 -18 16 -70668
0 10 0 5 -77798
20 -9 19 -6 -58432
21 -14 24 -16 -69060
-13 11 -14 16 -67766
11 -24 11 -22 -56006
-24 17 -16 15 -65342
12 -5 12 -8 -56942
2 21 3 18 -70976
19 21 21 17 -38964
-24 1 -21 9 -75060
13 22 24 24 -67394
17 -24 21 -22 -69906
-14 -8 -19 -6 -62000
-13 18 -13 20 -73268
-16 -17 -7 -18 -77924
24 22 14 20 -75872
12 2 13 0 -79208
-1 0 0 -2 -71388
7 0 7 -1 -71826
24 -15 3 -9 -72188
1 12 4 12 -86518
9 -23 9 -22 -58916
-5 11 -4 13 -62314
13 -15 13 -20 -65216
4 17 2 14 -77576
1 24 2 19 -55606
-9 -21 -8 -22 -54218
17 -22 8 -22 -59970
-15 -24 -11 -17 -71038
1 -14 3 -15 -60724
20 -24 21 -20 -45566
5 -13 4 -14 -59906
21 11 23 7 -65234
22 13 23 16 -55790
-14 -11 -8 -11 -67638
-11 -6 -11 -12 -65010
18 2 17 1 -63064
8 -19 10 -19 -65588
-9 -23 -8 -23 -65778
16 21 18 0 -84776
22 15 21 -14 -80632
5 1 4 0 -79030
-15 17 -11 13 -70284
-23 -22 -24 -14 -59830
23 -19 23 -16 -55920
-24 -5 -24 -1 -50162
24 8 23 1 -64552
0 21 -2 19 -71558
-7 3 -13 1 -72686
6 24 24 24 -62352
-12 0 -8 3 -69974
-22 15 -22 6 -67202
-4 14 0 16 -81364
1 22 -7 0 -97028
7 20 7 16 -60360
17 -2 15 -2 -62806
21 12 20 14 -62322
2 -9 15 -6 -91128
3 3 3 1 -55190
-12 -22 -10 -20 -73042
-11 10 -11 6 -55448
-15 -3 -13 -2 -57710
-24 -3 -22 -9 -60868
-18 3 -18 4 -65260
17 -18 17 -13 -70896
-2 17 1 18 -81626
-12 -19 -11 -12 -55488
-6 4 -2 5 -67202
9 5 -19 10 -96550
21 8 20 9 -64208
-20 -10 -18 -9 -61188
13 -17 11 -12 -65624
-16 21 -18 20 -68942
-3 -4 -2 -5 -70384
-7 20 22 14 -90774
-18 8 -18 2 -71104
5 -3 4 -4 -71486
-10 20 14 22 -83618
21 -11 22 -10 -64434
-23 -8 -23 -4 -61700
-23 -11 -22 -15 -51858
16 -22 17 -21 -55006
-10 22 -9 18 -67400
-18 8 -14 7 -68226
24 8 20 -12 -82328
20 15 20 4 -80452
-16 -14 -18 -17 -62226
-3 8 -24 4 -77274
-7 0 -9 0 -71974
-3 13 -3 18 -81644
6 -7 6 -6 -65054
5 -21 1 -20 -71146
13 -8 13 -9 -62876
-18 -1 -20 -2 -55234
-6 -3 -8 -2 -61820
0 22 1 6 -92108
7 -6 5 -9 -73108
-17 12 -17 21 -77820
-5 -17 -10 14 -89300
9 -16 9 11 -107678
8 3 7 4 -61426
11 10 12 11 -66840
2 -11 -5 -10 -62678
22 -24 20 -24 -57540
24 1 -9 16 -96118
1 -5 3 -21 -90544
24 24 24 9 -52520
-15 -24 -14 -23 -50182
10 13 2 18 -81044
15 18 14 -14 -99360
-19 18 11 19 -88014
3 -24 6 -23 -58796
-10 15 -12 15 -63252
0 -2 2 0 -69896
-2 15 0 13 -79874
-10 -10 -10 -9 -61870
24 2 24 -1 -42316
11 7 7 6 -67550
-5 3 -4 6 -63110
-1 -23 -1 -19 -74590
3 15 2 3 -87142
-24 9 -23 17 -66010
-17 0 -18 -2 -63750
-21 -1 16 14 -94570
-21 22 -20 11 -74810
3 -10 0 4 -98736
-23 -2 -19 -2 -50722
-12 16 -13 11 -65844
-22 24 -19 5 -71338
-7 -17 -6 -14 -49292
-22 -18 -18 -20 -54544
-5 -3 -4 2 -74726
