-21 -8 -21 -6 -51681
24 -3 23 -4 -50623
9 16 11 12 -60869
1 -24 0 -23 -43609
-16 -19 -16 -18 -61523
-21 -22 -20 -21 -68651
0 1 2 4 -69933
-19 20 -20 21 -64363
-13 2 -13 0 -46015
-8 -12 -10 -13 -52511
0 -6 -1 -4 -59375
24 -1 -18 0 -64077
-13 -11 -11 -3 -64357
15 9 16 14 -60991
1 8 1 7 -59407
3 -22 8 -21 -55741
17 -19 17 -18 -87811
17 -23 16 -22 -65519
-13 -7 -10 -9 -59311
-8 -4 -9 -4 -48613
13 4 14 2 -64009
21 3 22 5 -65281
-24 -6 -23 -4 -63335
-15 -4 -17 -6 -54379
-23 15 -24 13 -52925
11 8 13 13 -66117
-23 -2 -24 -3 -58743
5 20 18 19 -66219
10 -8 11 -10 -58187
24 -7 24 -9 -50455
8 11 15 15 -72059
0 18 3 18 -61715
11 23 11 22 -65011
1 -11 1 -9 -47049
17 4 19 5 -60195
0 17 1 18 -58323
23 -7 24 -11 -56103
8 -24 10 -24 -50707
20 -24 19 -23 -58281
9 17 9 18 -63897
21 -9 19 -7 -71661
-2 6 -1 6 -51595
24 2 22 1 -56957
-2 23 -1 23 -36623
14 -6 12 -9 -72743
6 1 5 4 -72163
23 14 23 12 -56571
-15 -21 -15 -23 -54749
-17 14 -15 14 -52575
-2 -23 -2 -24 -54827
-4 -7 -4 -8 -47785
4 -10 3 -12 -46235
-19 -22 -17 -23 -53445
13 -18 6 16 -80591
-7 0 -2 0 -50845
-11 -5 -11 -8 -56605
-6 15 -4 13 -52533
-9 -23 -7 -22 -58951
-13 -23 -14 -22 -61487
-24 -22 -24 -20 -60149
-23 -24 -22 -23 -52773
10 2 9 3 -65865
-5 -23 -4 -23 -50257
-13 11 -12 11 -64879
13 16 13 20 -67603
18 24 17 24 -56047
12 -9 9 -7 -70879
22 -10 10 -4 -84219
-23 7 -23 6 -53327
-10 -15 -10 -16 -48617
15 -11 20 -10 -72477
-6 22 -5 18 -55347
21 -15 21 -14 -74329
-14 15 -14 17 -44187
8 13 0 16 -59125
10 24 9 23 -54979
-5 5 -2 8 -70419
-17 20 -15 23 -66507
13 4 13 9 -72083
4 23 6 24 -42701
20 -11 21 -11 -70537
19 24 21 23 -60725
-8 16 -8 15 -57703
12 -17 14 -13 -67003
0 0 1 -3 -72367
-21 18 -23 17 -61827
22 12 19 12 -60655
-11 1 -10 -17 -71011
-10 22 -11 23 -59459
24 -14 22 -13 -65529
-24 -19 -24 -18 -50289
16 -12 16 -13 -69165
-11 -9 -11 -10 -47935
-10 12 -12 14 -64901
-23 -10 -24 -11 -63687
-15 12 -12 10 -67625
8 -18 6 -15 -75235
-24 23 -23 24 -65975
19 -4 18 2 -67765
-13 23 23 22 -48941
-6 1 -6 3 -51087
-22 -17 -23 -14 -57759
-16 3 -19 4 -61523
16 6 16 7 -68363
12 4 11 4 -60461
9 -7 8 -9 -65277
14 -23 15 -22 -54191
6 24 1 24 -52545
2 -3 0 -1 -73683
16 -19 15 -18 -74467
-1 9 -2 8 -55785
12 -17 10 -17 -63081
-24 1 -22 0 -55585
-18 8 -18 7 -57417
12 -16 12 -15 -61729
7 -22 9 -23 -56785
-22 -6 -11 19 -77055
6 5 5 6 -66183
-11 5 -8 6 -59487
-23 -23 -23 -22 -55439
15 18 16 16 -71005
-18 -3 -12 0 -63101
-12 1 -14 0 -56317
-24 -18 -24 -16 -49105
22 20 22 19 -65451
-12 8 -12 7 -58221
-24 -1 -24 0 -47953
-23 11 -24 10 -58825
-8 -9 -13 -12 -54465
-22 23 -18 24 -51905
15 -12 14 -13 -68631
-17 0 -18 0 -57653
19 18 21 14 -68717
-23 -13 -24 -13 -49719
24 -9 23 -10 -49435
-23 -20 -24 -20 -56589
-1 13 -1 12 -54631
18 24 -24 23 -42059
8 -23 -6 -9 -73441
17 1 14 1 -63337
9 15 9 14 -56799
-24 -9 -24 -12 -59135
6 -4 5 -8 -61181
-24 -8 -22 -12 -60849
-23 8 -24 7 -62281
-14 2 -9 2 -58749
-7 16 -7 17 -64133
-4 20 -5 18 -55281
-12 11 -11 10 -65643
14 -24 12 -23 -54101
-17 8 -16 3 -64143
3 18 3 17 -63561
-24 17 -22 15 -65763
-6 -19 -7 -19 -47821
24 -12 23 -16 -61023
10 -1 10 0 -51933
0 -18 0 -20 -63899
-12 24 -11 22 -60919
-24 -6 -24 -5 -49019
21 9 22 7 -68045
20 -16 22 -17 -70559
14 6 14 9 -71143
0 -16 3 -16 -51113
-22 -24 -22 0 -63999
-24 17 -24 23 -53109
-21 13 -22 14 -53565
-22 23 -21 24 -60055
-23 11 -23 9 -54255
21 -22 22 -19 -71373
-19 -17 -20 -17 -60051
21 -12 21 -10 -59459
4 0 5 -1 -66343
1 10 4 12 -63895
-24 16 -24 15 -52413
24 19 23 19 -52815
6 20 5 21 -60273
9 -20 9 -21 -52211
22 -15 22 -20 -70633
7 19 7 17 -64041
17 -14 17 -9 -71853
-2 -21 -2 -22 -62127
23 7 24 8 -52309
19 -5 21 -4 -61213
-16 22 -13 24 -48779
19 12 18 12 -57697
-18 20 -17 21 -64751
4 4 4 3 -70947
20 -19 21 -18 -76415
-19 -6 -21 -5 -57201
-22 -14 -22 -12 -69119
12 -5 9 -4 -75571
-17 -23 -16 -24 -53897
6 -10 7 -10 -64985
0 -1 0 0 -61439
3 1 11 3 -84173
-3 22 -2 24 -58673
-13 -1 -13 -2 -44345
24 4 24 5 -53785
16 23 15 21 -54099
24 -3 22 0 -67249
-2 -14 -2 -16 -59905
-3 23 -3 22 -62069
10 -19 9 -16 -65871
4 7 5 10 -65267
11 -9 12 -7 -70029
13 -6 14 -4 -61367
-7 -8 -8 -7 -56391
0 21 1 19 -73975
6 4 5 4 -71991
-6 3 -6 -9 -73041
4 1 1 0 -73009
24 -10 22 -9 -69519
19 -23 16 -24 -54801
-18 -8 -16 -10 -62747
24 24 20 23 -57427
-18 19 -18 18 -50677
-7 -24 -11 -23 -52243
11 13 9 13 -55961
13 -23 13 -24 -55573
-5 -3 0 7 -75421
23 16 23 14 -51991
12 -23 10 -22 -61175
-17 16 -16 17 -59487
-14 7 -9 7 -74199
10 22 11 21 -56299
13 24 11 24 -45285
23 8 24 8 -49013
-5 13 -5 12 -51873
-18 -17 -17 -16 -62971
23 -2 23 -4 -56949
11 24 11 23 -62723
23 7 24 6 -59475
-14 -24 -13 -24 -48427
-10 4 -11 6 -53941
-5 18 -5 15 -65949
-17 -12 -15 -12 -54941
-17 23 -18 24 -54057
-10 -21 -12 -22 -56743
-12 8 -9 8 -69251
8 3 9 5 -61883
-24 3 -24 2 -46871
-24 -20 -24 -24 -56731
1 22 0 23 -63795
-8 -18 -11 -16 -49359
20 24 19 24 -59821
-7 -1 -7 -2 -50601
-22 7 -24 5 -67439
0 -7 3 -9 -61171
-21 -24 -22 -23 -50781
5 24 6 23 -62025
3 -22 3 -24 -52479
18 18 20 17 -68773
-12 23 -8 23 -49093
16 -14 17 -15 -72659
-2 -9 -3 -10 -51577
23 4 24 3 -55553
18 4 18 1 -62905
-8 -5 -9 -4 -60473
-2 -1 -1 -4 -68007
24 12 24 11 -53363
23 0 24 -4 -62641
17 -18 17 -16 -83861
24 -21 -1 -18 -66911
5 -1 24 -22 -73687
-24 21 -24 22 -48181
-24 -2 -24 -3 -51293
7 -23 7 -24 -47417
-16 -13 -15 -18 -67463
17 -14 15 -14 -71397
3 18 4 19 -54683
19 24 19 22 -55141
0 -3 10 -2 -87067
-8 7 -8 6 -59193
7 24 7 23 -63403
-18 10 -17 10 -54161
5 23 5 22 -60217
-18 10 -17 13 -56585
24 2 24 5 -54645
7 3 7 -1 -63457
24 -19 24 -24 -59241
0 17 -1 17 -59115
0 23 0 24 -56555
23 6 1 6 -69223
14 2 14 1 -54431
-24 -19 -23 -19 -56753
-11 19 -10 23 -58685
24 -24 21 -23 -47957
2 19 2 20 -63657
16 -24 -12 -22 -62489
-21 -24 -20 -23 -65335
-1 -8 -3 -8 -59319
-2 7 -1 5 -60379
-24 -5 -23 -2 -64983
6 -24 5 -23 -48145
13 -8 13 -4 -60471
-19 7 -17 7 -57199
-4 -24 -2 -23 -49051
6 -17 3 -18 -50995
24 9 23 10 -62341
-5 -21 -5 -24 -54649
2 -22 0 -24 -54359
-10 6 -9 11 -59893
-23 -12 -24 -14 -63257
24 -7 24 -6 -46819
-8 5 -8 2 -54309
24 -18 23 -14 -58281
8 -10 7 -10 -65849
-15 -19 -13 -18 -57997
-23 15 -23 18 -57865
3 0 4 1 -71965
22 -5 21 -3 -68711
14 14 15 20 -71113
-4 18 17 -7 -88651
13 8 11 8 -55151
-17 23 -17 24 -51625
-11 -19 -11 -20 -52659
13 13 21 15 -64957
-15 0 1 -22 -79067
12 -6 11 -6 -72633
-9 -24 -10 -23 -44773
-16 -10 -15 -13 -55247
20 -21 19 -22 -69377
22 -5 14 -2 -75075
19 -24 15 -22 -64969
-11 -3 -11 -4 -48537
-11 23 -12 23 -49905
10 -17 7 -17 -61121
-18 -14 -19 -13 -62117
-22 -2 -20 -4 -57965
3 -21 1 -15 -69807
24 -10 23 -10 -62251
-8 -24 -7 -23 -52215
-7 23 -8 22 -53881
-18 10 -18 12 -56321
21 24 21 23 -46897
-22 -10 -21 -10 -61613
23 0 24 2 -51291
-1 -13 -4 -16 -66837
-15 -10 -17 -12 -49647
-22 9 -23 10 -55461
-15 7 -16 6 -53863
17 -23 17 -24 -56121
-3 -22 -2 -24 -59567
-21 -19 -20 -20 -63769
-8 24 -7 23 -43249
2 4 2 5 -64663
17 -3 15 -4 -54501
22 24 23 20 -60629
-2 20 0 17 -72259
10 0 11 0 -75249
15 7 16 9 -71149
-14 -4 -13 -5 -51077
-15 24 -14 20 -62505
22 22 23 21 -62399
18 -13 17 -14 -75099
5 12 5 8 -58547
-14 -24 -15 -23 -58971
-5 -14 -3 -10 -58935
17 23 19 24 -56781
14 22 16 22 -52911
17 -18 17 -19 -87099
0 8 1 -8 -81913
2 11 0 11 -53971
22 -15 21 -16 -69053
18 8 21 12 -65407
-20 22 -21 24 -55143
16 -5 17 -7 -63579
3 -8 3 -9 -54825
-3 -20 -5 -17 -58267
-2 23 -2 24 -59579
5 -3 4 -4 -64459
-14 12 -12 2 -75209
-1 -9 -11 -6 -64527
2 -14 0 -13 -53839
21 18 21 19 -64739
-23 -8 -24 -9 -63041
15 17 14 18 -66981
-24 -10 -24 -8 -55493
-24 16 -23 16 -61767
17 3 16 3 -58347
-13 -14 -14 -18 -65941
14 -18 13 -18 -60137
2 7 4 6 -54107
-2 -2 -1 -2 -57461
11 -24 11 -22 -57527
-24 23 -22 21 -46519
8 -19 5 -14 -78861
12 -5 13 21 -77575
-15 7 0 10 -65483
9 24 9 23 -66635
-12 -23 -13 -24 -48931
6 -23 5 -24 -49273
-15 -18 -15 -17 -66139
7 24 9 24 -47083
-18 -24 -17 -23 -54231
-20 -1 -20 -2 -47257
-22 -9 -21 -10 -64127
18 20 18 21 -60815
0 -17 -1 -19 -59819
-2 13 0 10 -59083
-1 -24 -5 -23 -51913
22 6 22 6 -239331
-23 14 -24 14 -60925
14 -15 10 -13 -68157
-23 4 -23 5 -51011
24 20 23 19 -57315
7 -6 4 -10 -69083
-24 12 -24 11 -48337
-21 -13 -21 -14 -69447
23 -17 -23 -23 -59223
-1 -10 -3 -9 -58077
21 -23 21 -24 -51551
23 0 20 0 -61863
-22 17 -23 15 -59965
24 15 21 18 -63703
-24 4 -22 4 -51537
3 16 3 15 -52701
-15 -24 -15 -23 -51901
-5 12 -3 -6 -86733
23 -24 22 0 -61287
-21 -19 -21 -21 -58447
24 -24 24 -22 -45721
-1 -3 2 -3 -64977
-24 23 -23 24 -65975
-11 18 -11 19 -49121
-15 20 -17 19 -59915
18 -24 19 -22 -60861
-5 7 -4 8 -59583
6 -15 6 -13 -45921
-8 23 -6 24 -43429
-24 18 -24 0 -67791
4 23 2 24 -62067
-20 -15 -19 -13 -70837
20 -17 17 -17 -73879
4 -10 2 -9 -57029
24 -21 22 -21 -49149
-24 -4 -23 -4 -48217
21 23 23 23 -61365
-18 22 -16 20 -60067
-10 -8 -22 -8 -65763
-20 4 -19 5 -60463
-24 3 -23 0 -54381
-9 -19 -10 -21 -57983
11 23 8 23 -55505
-1 -19 0 -20 -60657
11 -22 12 -20 -58191
-11 17 -12 18 -54177
10 10 8 9 -55781
8 -14 7 -22 -62815
22 -12 22 -13 -63095
-6 -14 -4 -12 -59525
7 -1 8 0 -72601
-13 23 -12 24 -52005
7 3 7 5 -66871
17 -16 17 -15 -78231
18 -20 17 -18 -79163
-1 14 -2 13 -53949
24 14 22 15 -57205
3 9 4 13 -63485
-4 -5 -3 18 -83539
-23 20 -21 17 -66953
-22 10 -20 8 -56457
22 -6 23 -6 -63511
-21 4 -19 2 -60671
24 16 22 14 -61971
-2 -17 -2 -17 -239331
-22 1 -20 3 -59739
16 -11 15 -10 -62291
24 9 24 8 -66057
-10 23 -10 24 -52353
-24 -24 0 -24 -52029
-13 -14 -12 -16 -55253
22 -24 -24 -19 -59821
-4 -15 -4 -19 -56231
24 8 24 10 -66103
5 -5 16 -2 -89675
24 16 23 3 -72041
18 -2 19 0 -60175
23 19 24 24 -52931
1 -23 0 -24 -51429
13 18 11 16 -62085
10 0 9 0 -74851
-1 -6 0 -5 -50209
22 -24 20 -24 -63705
13 10 14 17 -65897
-4 4 12 2 -86829
8 7 8 8 -56451
-15 -24 -14 -23 -52087
13 -1 14 -3 -61475
0 -15 0 -13 -56617
16 19 18 20 -55409
-5 17 1 11 -73247
17 3 17 5 -65213
-24 -17 -23 -16 -53113
-5 -13 -5 18 -81665
-20 -10 -19 -9 -58633
21 -23 20 -23 -69917
11 -3 11 -2 -49845
-2 0 1 0 -62453
12 -23 10 -24 -52407
24 -18 24 -22 -57875
-21 -23 -20 -23 -63427
-24 20 -23 21 -57215
23 -13 22 -13 -69381
24 14 23 12 -60757
-24 -2 -24 23 -64651
-15 3 -15 1 -49001
-21 -24 -23 -24 -55989
14 24 16 22 -54581
19 0 20 -2 -66643
-4 -21 -3 -19 -56367
24 18 23 16 -59665
