1 -11 0 -6 -64293
24 -3 23 -4 -46409
11 21 10 19 -69163
1 -24 0 -23 -48815
-16 -19 -16 -18 -53063
-15 2 -14 3 -49541
5 22 5 20 -71457
10 21 7 21 -50283
23 14 21 19 -69703
3 1 2 -1 -55881
11 -6 12 -11 -60093
4 21 4 18 -76139
-21 -5 -22 -4 -62455
-2 10 -1 9 -64009
-11 13 -9 14 -51763
16 -5 16 -4 -42371
-2 5 0 -2 -64039
17 -23 16 -22 -55695
14 -3 -13 -7 -70983
-12 -6 -9 -3 -61275
-3 -10 -2 -9 -54607
19 14 21 12 -79743
19 -14 16 -15 -61031
22 -13 -24 -10 -59261
-23 15 -24 13 -43613
15 10 14 6 -58325
-23 -2 -24 -3 -55531
-21 -13 -21 -15 -58367
10 -8 11 -10 -59429
24 -7 24 -9 -57519
-6 -6 -5 -7 -55083
19 4 0 9 -101995
11 23 11 22 -60427
10 10 10 11 -55599
-18 -5 -22 -6 -57917
20 8 21 7 -64419
23 -7 24 -11 -66035
8 -24 10 -24 -43543
20 -24 19 -23 -57015
-15 -1 -16 0 -65741
-23 1 -23 16 -65533
-1 3 -2 3 -66031
24 2 22 1 -57659
-2 23 -1 23 -59479
-5 -1 -5 0 -49275
-8 18 -9 17 -60801
18 10 15 10 -73109
-15 -21 -15 -23 -55253
9 -3 10 -5 -51231
-2 -23 -2 -24 -49993
23 16 24 12 -70819
4 -10 3 -12 -49731
-19 -22 -17 -23 -58359
8 -5 10 -8 -61813
1 23 0 23 -59669
-14 19 -17 18 -56117
-7 24 -2 23 -52879
-9 -23 -7 -22 -60959
0 17 4 14 -73029
14 10 14 11 -59247
-23 -24 -22 -23 -51407
4 10 21 3 -102981
-5 -23 -4 -23 -59465
-13 11 -12 11 -53655
-23 -1 -22 -1 -56883
2 19 1 16 -61385
-1 -12 0 -12 -59457
22 -1 24 -2 -61471
-23 7 -23 6 -50183
13 7 22 9 -83979
12 14 12 15 -62407
-1 2 -3 0 -71089
14 17 13 10 -79073
-14 15 -14 17 -50311
-6 -12 -7 -12 -52913
10 24 9 23 -51661
-15 10 -16 5 -56421
-17 24 -19 23 -50253
20 -10 17 -8 -63091
4 23 6 24 -44259
20 -11 21 -11 -64847
19 24 21 23 -62047
-8 16 -8 15 -56529
19 24 18 24 -62283
-23 3 -23 -1 -49713
12 0 12 1 -46227
22 12 19 12 -74911
-13 22 -14 22 -54903
-20 5 -18 1 -57755
24 -14 22 -13 -59867
-24 -19 -24 -18 -46039
16 -12 16 -13 -54667
-11 -9 -11 -10 -52803
1 -13 0 -12 -52383
-23 -10 -24 -11 -62315
1 -9 2 -8 -50363
-3 7 -5 7 -57847
-24 23 -23 24 -49757
14 -3 10 -5 -59431
-6 19 21 13 -85407
0 -5 -1 -4 -54211
-22 -17 -23 -14 -52745
-16 3 -19 4 -52899
4 14 18 22 -93603
2 9 3 19 -81459
-17 9 -18 11 -60851
14 -23 15 -22 -52811
1 16 1 13 -67577
-14 21 -14 22 -49425
19 14 18 13 -68901
-16 1 -14 0 -60425
-21 -6 -21 -8 -52139
8 1 7 7 -68581
-18 8 -18 7 -57441
12 -16 12 -15 -54119
7 -22 9 -23 -51987
18 -16 15 -14 -68159
-11 -14 -11 -16 -60489
18 3 15 -1 -52889
-23 -23 -23 -22 -53053
15 -20 16 -16 -60467
11 24 14 23 -62411
6 -12 9 5 -73575
-24 -18 -24 -16 -47023
12 23 12 23 -238075
23 1 24 -2 -66927
-24 -1 -24 0 -52115
-23 11 -24 10 -56067
0 -10 0 -11 -47241
-22 23 -18 24 -56537
15 -12 14 -13 -62761
15 14 13 11 -76399
-9 24 -10 24 -47143
-23 -13 -24 -13 -55341
24 -9 23 -10 -57193
-23 -20 -24 -20 -56063
5 -1 5 -5 -62957
18 24 -24 23 -58007
18 0 20 -2 -58249
19 17 20 20 -62367
17 7 11 6 -67501
-24 -9 -24 -12 -60433
7 22 6 15 -76749
-24 -8 -22 -12 -61245
-23 8 -24 7 -49059
-24 -2 -23 -10 -55077
12 24 19 23 -62397
-4 20 -5 18 -63663
15 -16 12 -20 -60397
14 -24 12 -23 -44371
3 1 3 2 -57327
5 -17 3 -19 -51835
-24 17 -22 15 -59731
2 14 1 8 -80295
24 -12 23 -16 -53291
19 3 6 15 -101571
-9 22 -7 6 -71729
24 0 24 1 -59461
-10 14 -10 12 -54757
24 21 23 19 -66691
20 -16 22 -17 -60555
-7 20 -8 22 -63321
-2 10 3 9 -68949
-20 12 -20 11 -58313
-24 17 -24 23 -53131
-21 13 -22 14 -69391
-22 23 -21 24 -56583
-23 11 -23 9 -61201
21 -22 22 -19 -59473
-8 -22 -7 -24 -49593
21 -12 21 -10 -66597
-21 -20 -22 -24 -60595
-8 14 -7 14 -53203
0 7 1 6 -69357
24 19 23 19 -64783
3 21 2 22 -58965
9 -20 9 -21 -54861
22 -15 22 -20 -54929
3 -17 1 -15 -48097
23 2 24 5 -56429
-16 -2 -17 2 -63731
24 1 22 23 -75865
-23 -9 -24 -9 -59257
-16 22 -13 24 -55647
19 12 18 12 -79927
4 5 5 13 -84889
-16 -20 -17 -20 -58207
-19 -16 -18 -15 -59177
9 -18 9 -14 -59815
12 12 4 8 -78925
9 0 9 -1 -50197
-17 -23 -16 -24 -53705
3 -2 1 -7 -59661
-10 21 14 6 -86521
15 20 14 20 -60955
-3 22 -2 24 -57713
-5 12 -5 9 -53591
1 7 3 11 -80011
22 9 20 8 -61415
-6 -8 -6 -5 -56171
8 19 0 17 -70421
-8 3 -9 2 -44891
10 -19 9 -16 -64385
0 24 1 23 -53477
-14 13 -17 13 -57603
-15 -7 -17 -6 -56989
0 13 1 12 -69999
16 0 15 23 -86077
23 8 24 6 -47805
11 13 14 13 -69263
-24 9 0 0 -75373
24 -10 22 -9 -66789
19 -23 16 -24 -50095
5 12 6 13 -63757
24 24 20 23 -68949
-4 -20 -5 -22 -56407
-7 -24 -11 -23 -60783
18 1 17 2 -59087
13 -23 13 -24 -51343
-15 -6 -15 -7 -52767
23 16 23 14 -62491
12 -23 10 -22 -51633
0 15 0 10 -76187
16 17 18 16 -66239
10 22 11 21 -60145
13 24 11 24 -58415
23 8 24 8 -40187
23 3 24 0 -64571
9 7 3 0 -82081
23 -2 23 -4 -47665
11 24 11 23 -50789
15 1 16 0 -58587
-14 -24 -13 -24 -57975
0 -3 -1 -4 -59349
15 -15 17 -18 -64681
-8 -15 -7 -11 -50573
-17 23 -18 24 -48957
-10 -21 -12 -22 -57431
12 -8 11 -9 -68365
13 24 12 22 -56493
-16 -17 -17 -19 -59059
-24 -20 -24 -24 -48105
24 10 24 13 -68409
-8 -18 -11 -16 -57237
-12 22 -12 16 -60183
21 -6 22 -7 -64037
3 24 0 22 -65985
-14 -9 -16 -12 -64231
-21 -24 -22 -23 -47733
17 -6 17 -7 -51635
3 -22 3 -24 -51619
24 -11 24 -10 -56699
16 -7 15 -7 -50785
17 7 18 6 -65361
-10 9 -11 10 -51273
6 -9 7 -10 -63895
-9 3 -8 0 -51793
-24 8 -23 4 -51713
-12 11 -12 13 -48919
24 12 24 11 -65861
23 0 24 -4 -60653
7 14 7 13 -57291
11 19 23 7 -96011
23 20 24 19 -61705
-24 21 -24 22 -52151
-24 -2 -24 -3 -49043
7 -23 7 -24 -46485
0 18 -2 18 -57691
17 -14 15 -14 -65153
11 17 11 18 -69715
0 8 -2 7 -55295
10 -17 12 -18 -60529
-19 -3 -20 0 -68747
19 9 19 7 -52897
-18 10 -17 10 -55881
5 22 -17 22 -62737
19 -7 18 -8 -60509
-13 -6 -15 -6 -52671
20 2 18 1 -57413
24 -19 24 -24 -61661
23 17 22 16 -63005
0 23 0 24 -57415
7 7 2 6 -74283
12 15 11 14 -76287
-24 -19 -23 -19 -56323
-17 -19 -20 -21 -62009
24 -24 21 -23 -48583
2 19 2 20 -66919
-6 20 -6 19 -64979
-21 -24 -20 -23 -58131
20 6 21 -22 -64575
24 0 23 -20 -61469
-3 12 -23 11 -69309
6 -24 5 -23 -47333
-12 -16 -11 -17 -58613
-21 -5 -21 10 -66085
-4 -24 -2 -23 -54751
5 -8 6 -9 -65521
5 24 6 23 -47533
-20 18 -20 19 -51423
2 -22 0 -24 -63591
-1 6 -1 -20 -63779
-23 -12 -24 -14 -58891
24 -7 24 -6 -47731
24 -23 23 -21 -55505
24 -18 23 -14 -46355
8 -10 7 -10 -49677
-24 -11 -24 -13 -54327
23 21 22 21 -78993
3 -4 6 -4 -53941
-22 22 -20 22 -57641
-12 8 -14 8 -55861
11 -11 12 -10 -67969
17 21 21 19 -77945
-17 23 -17 24 -46079
-11 -19 -11 -20 -44599
19 -11 20 -9 -64473
-20 14 -19 15 -49519
6 0 5 -1 -64389
-9 -24 -10 -23 -51987
-16 -10 -15 -13 -59405
20 -21 19 -22 -59531
4 24 4 22 -55801
19 -24 15 -22 -57093
-11 -3 -11 -4 -47847
-11 23 -12 23 -52111
-5 13 16 11 -88821
-18 -14 -19 -13 -59789
-21 3 -23 3 -59433
19 -20 18 -14 -61043
24 -10 23 -10 -60725
-8 -24 -7 -23 -51035
-7 23 -8 22 -56631
-4 -24 -10 -23 -65043
21 24 21 23 -41439
-22 -10 -21 -10 -57937
23 0 24 2 -59797
-9 22 -8 21 -64103
-3 -23 0 -24 -58479
-22 9 -23 10 -61357
7 -16 6 -18 -57877
17 -23 17 -24 -54163
-3 -22 -2 -24 -64965
3 5 19 17 -94883
-8 24 -7 23 -54607
-18 18 -18 19 -53357
17 14 20 14 -80569
22 24 23 20 -64515
11 8 3 9 -82615
-20 18 -18 17 -60259
-22 -18 -22 -21 -51881
5 3 6 3 -71105
-13 -24 23 -23 -54885
22 22 23 21 -72161
4 -23 2 -23 -42151
-11 -17 -13 -17 -56967
-14 -24 -15 -23 -54843
-13 -14 -11 -10 -64349
17 23 19 24 -60779
24 22 24 23 -46993
2 -3 0 -1 -54177
10 -1 8 -3 -56749
-20 -11 -19 -12 -59371
22 -15 21 -16 -56135
-18 -21 -19 -20 -56413
-20 22 -21 24 -56519
-9 -8 -10 -9 -54729
11 -11 10 -13 -60191
-3 -20 -5 -17 -52863
-2 23 -2 24 -55427
-5 15 -4 13 -62343
-10 -17 -7 -16 -59515
14 0 11 21 -87319
24 24 -23 17 -61785
-2 24 -3 24 -54009
-23 -8 -24 -9 -59023
17 21 14 18 -67367
-24 -10 -24 -8 -55793
-24 16 -23 16 -61455
11 14 9 14 -63747
3 -18 5 -20 -56765
-12 -13 -13 -17 -66661
4 12 2 12 -62565
7 5 6 8 -75641
11 -24 11 -22 -54971
-24 23 -22 21 -52647
12 18 12 17 -68447
-9 -10 -10 -8 -57189
-5 1 -4 1 -58779
-15 -3 -15 -7 -54503
-12 -23 -13 -24 -52397
6 -23 5 -24 -45983
-9 1 -13 -2 -55467
-7 -1 -7 -2 -47173
-18 -24 -17 -23 -56659
-10 -13 -11 -11 -56837
12 1 10 2 -57677
-20 -3 -19 -5 -62861
2 -20 0 -21 -54431
-5 -15 -2 -11 -48461
-1 -24 -5 -23 -66217
-14 6 -15 12 -55521
-23 14 -24 14 -62223
6 9 5 1 -82713
-24 22 -22 18 -59979
24 20 23 19 -67137
-24 23 -24 24 -39769
-24 12 -24 11 -56017
-16 -11 -14 -11 -50963
7 0 6 2 -65967
9 10 -7 11 -81759
21 -23 21 -24 -53621
23 0 20 0 -61061
24 6 24 19 -78733
-5 18 -5 20 -64621
-24 4 -22 4 -54981
-7 13 -6 14 -62851
-15 -24 -15 -23 -49443
3 10 16 8 -96441
0 -8 -6 -7 -65247
-1 -19 -2 -21 -54209
24 -24 24 -22 -49549
21 5 23 2 -60281
-1 1 -2 0 -70511
3 -1 4 -5 -69691
13 24 15 17 -65179
18 -24 19 -22 -59969
-10 -6 -9 -6 -59595
18 1 22 16 -80449
-8 23 -6 24 -52739
-5 17 -4 17 -50979
6 -8 6 -7 -57003
-17 -7 -18 -8 -54421
-19 17 -16 14 -61975
-16 -13 -16 -16 -59941
24 -21 22 -21 -44925
-24 -4 -23 -4 -53627
21 23 23 23 -74727
-5 11 -7 13 -60277
-6 -15 -8 -19 -57259
12 -11 13 -12 -58197
-16 24 -13 22 -48641
18 5 6 6 -87659
0 -4 1 -9 -68183
-1 -19 0 -20 -61273
11 -22 12 -20 -57203
-11 17 -12 18 -54779
-22 10 -24 14 -68695
5 -17 7 -22 -63533
22 -12 22 -13 -57989
-7 6 -8 -2 -57831
-9 5 -7 3 -49629
-13 23 -12 24 -53573
-24 10 8 10 -72415
-10 -16 -11 -19 -59859
6 3 7 2 -74879
23 24 -5 20 -72273
24 14 22 15 -64439
-16 8 -19 5 -58931
21 23 19 20 -74053
9 -9 14 -7 -71883
-1 6 -1 4 -52667
22 -6 23 -6 -62599
-18 16 -18 13 -50161
-21 0 -22 -3 -61569
3 22 2 21 -68933
-10 -6 -11 -6 -59685
16 -11 15 -10 -60613
-5 17 -6 14 -64839
-10 23 -10 24 -42779
-24 -24 0 -24 -51497
3 7 3 8 -75095
22 -24 -24 -19 -52233
-6 -10 -4 -11 -60691
6 5 7 4 -76701
12 -14 8 -13 -58231
8 9 8 5 -68897
-11 -2 -10 -6 -53115
3 -21 4 -14 -54799
1 -23 0 -24 -59229
10 -13 10 -11 -51333
-13 -23 -15 -23 -64087
-21 -22 -22 -22 -62651
22 -24 20 -24 -58807
-22 6 -19 6 -54335
2 -3 -22 -5 -67841
-1 -14 -3 -14 -59985
-15 -24 -14 -23 -57989
-2 -13 -4 -11 -58897
-17 -9 -17 -10 -56727
-8 -6 -8 -7 -53829
14 -1 0 23 -90419
-2 0 -3 0 -67357
-24 -17 -23 -16 -52595
-2 -23 -3 -20 -63353
1 8 2 6 -72433
21 -23 20 -23 -61393
0 9 1 11 -69733
23 3 23 5 -51817
12 -23 10 -24 -45493
24 -18 24 -22 -55947
-21 15 -22 15 -67769
-24 20 -23 21 -49237
23 -13 22 -13 -67521
24 14 23 12 -61739
7 -18 6 -18 -48169
-15 3 -15 1 -48077
-21 -24 -23 -24 -54775
12 17 13 18 -76043
0 -10 2 -10 -55303
-24 -12 -24 9 -59233
22 23 21 19 -73507
