-18 -22 -18 -21 -62167
24 -3 23 -4 -47573
-5 -5 -20 -5 -79867
18 -5 14 -4 -49399
-16 -19 -16 -18 -60177
15 2 13 8 -52781
-3 2 -17 3 -91241
-8 24 -8 22 -59147
-19 -2 -22 0 -65057
14 18 16 19 -63135
-15 -6 -15 -2 -64627
1 7 -1 5 -64365
-21 -5 -22 -4 -55873
-5 12 -5 13 -70181
-11 13 -9 14 -63919
-10 -11 -10 -10 -64433
-5 5 0 6 -73509
17 -23 16 -22 -52915
19 20 19 19 -48337
-13 7 -11 8 -67495
-9 -15 -10 -18 -57841
-8 0 -7 1 -76665
-3 -1 -3 -2 -70513
0 0 -15 10 -95301
21 11 21 2 -51205
-14 21 -15 21 -65619
-23 -2 -24 -3 -60853
-21 -13 -21 -15 -52061
12 -11 7 -13 -54223
-18 -17 -18 -15 -53647
-6 -16 -6 -21 -58445
-2 8 -3 8 -62545
0 -6 -2 -6 -65445
-9 -16 -2 -18 -69655
4 -8 7 6 -66225
-16 16 -4 12 -100249
-8 18 -8 16 -55731
8 -24 10 -24 -38169
20 -24 19 -23 -63139
-17 19 -15 16 -63955
-6 16 -7 17 -64677
-8 -2 -7 -5 -69741
-24 2 24 0 -55813
-24 2 -24 0 -57551
-17 0 -22 -1 -82951
8 24 8 22 -57193
14 10 15 10 -52477
-15 -21 -15 -23 -60453
22 -5 23 -4 -57777
-2 -23 -2 -24 -39085
23 16 24 12 -52263
23 -3 24 -4 -55151
-19 -22 -17 -23 -54921
21 -23 19 -22 -64269
-1 -6 1 2 -76535
11 18 9 18 -58721
1 20 1 24 -69307
-1 -19 -1 -21 -51691
24 -2 24 -1 -43727
9 -23 7 -24 -50101
-23 -24 -22 -23 -52971
9 13 12 12 -59425
-5 -23 -4 -23 -57223
16 1 15 0 -52637
-23 -1 -22 -1 -64191
5 -9 7 -10 -55869
-2 0 -1 1 -66825
22 -1 24 -2 -56927
-12 -6 -11 -4 -62081
5 15 5 17 -74365
-9 3 -13 5 -65731
18 17 20 16 -49679
-5 2 -5 24 -87817
-14 15 -14 17 -61123
9 6 8 4 -62923
-18 24 8 24 -68221
5 4 4 4 -62743
-17 24 -19 23 -53491
-3 -14 -5 -19 -70045
4 23 6 24 -66135
23 5 23 2 -50499
19 24 21 23 -61099
-7 -10 -15 12 -87031
19 24 18 24 -43751
20 0 18 2 -58355
2 14 1 16 -72459
-15 -10 -17 -10 -63057
-2 -2 -3 0 -79069
21 5 17 2 -54915
24 -14 22 -13 -64515
-7 1 -5 1 -70581
-5 -24 -2 -24 -58237
-15 14 -9 11 -87017
14 22 14 24 -53027
-23 -10 -24 -11 -60533
-22 -4 -23 -5 -62179
24 15 24 18 -40541
22 -7 21 -3 -53807
2 8 1 10 -64889
3 -10 1 -11 -46277
-19 15 -17 16 -59427
-22 0 -24 5 -60915
9 5 10 3 -43175
2 13 2 11 -61609
9 19 7 19 -64153
-4 5 -5 5 -67861
0 -5 1 -4 -60201
-16 -14 -15 -13 -54257
-14 21 -14 22 -59653
22 -5 24 -17 -68909
-13 -15 -10 -9 -72855
-21 -6 -21 -8 -54957
5 24 8 24 -66403
-8 -15 -8 -11 -70027
12 -16 12 -15 -50285
12 20 16 22 -71739
20 -20 20 -19 -52831
-22 -16 -22 -22 -54047
-10 -1 -9 -3 -67871
-23 -23 -23 -22 -54843
-2 -14 -4 -14 -65995
11 24 14 23 -62809
15 -10 16 -8 -48173
20 23 19 24 -62881
7 -4 8 -4 -54789
-9 7 -10 4 -71981
-24 -1 -24 0 -62185
-23 11 -24 10 -63505
6 5 7 7 -70265
-22 23 -18 24 -66235
-7 -13 -7 -12 -64561
-1 16 -24 6 -90115
-9 24 -10 24 -43883
-23 -13 -24 -13 -53197
16 -21 19 -21 -60749
-23 -20 -24 -20 -61593
-24 18 -24 17 -43819
-21 24 -10 22 -69041
6 -19 7 -17 -57877
-5 22 0 24 -70307
9 6 9 8 -67823
-19 -13 -20 -14 -53775
24 24 1 24 -53883
-6 -5 -9 -7 -63267
-23 8 -24 7 -59077
-3 1 4 -3 -68835
4 23 23 -22 -76109
-18 -24 -16 -23 -66549
7 18 8 19 -70463
14 -24 12 -23 -36793
3 0 3 3 -62585
-14 -5 -15 -10 -71123
11 -10 11 -11 -51711
23 24 24 24 -44463
4 8 6 8 -69523
-20 11 -17 10 -65441
18 1 17 1 -60615
-18 11 -19 10 -58335
-6 -5 -4 -7 -66991
0 -15 1 -15 -55783
24 13 23 10 -55705
-7 0 -1 11 -93161
3 -16 3 -14 -54497
24 -21 24 -20 -51425
-18 13 -21 13 -63701
15 -14 14 -19 -61723
-22 23 -21 24 -55471
7 -24 3 -22 -44931
5 16 6 18 -84639
-8 -22 -7 -24 -47353
-12 -16 -13 -15 -59163
-21 -20 -22 -24 -64145
-13 5 -17 4 -69837
-4 -19 -2 -17 -68413
24 19 23 19 -62663
-7 -16 -5 -14 -70107
-6 -8 -14 -8 -66233
-8 0 -8 1 -68095
23 -15 24 -14 -49037
23 2 24 5 -53571
11 -21 11 -20 -50785
24 2 24 0 -48549
-23 -9 -24 -9 -55361
-16 22 -13 24 -65245
4 -22 2 -21 -38325
18 -23 20 -22 -63169
-16 -20 -17 -20 -59319
-20 -4 -20 -5 -57085
22 6 24 7 -50639
21 22 22 24 -63273
8 -9 8 -7 -42385
-17 -23 -16 -24 -53189
20 24 21 22 -61695
13 15 14 15 -62923
-17 -1 -17 0 -57889
-3 22 -2 24 -61313
12 -13 12 -10 -54869
4 15 3 15 -68813
16 15 14 12 -61235
-3 -13 -1 -15 -63503
-24 16 -9 18 -79217
-8 3 -9 2 -74297
24 -24 23 15 -57319
0 24 1 23 -57477
7 21 -24 3 -87449
2 2 6 3 -60603
21 13 22 13 -53023
21 -11 21 -2 -57387
23 8 24 6 -42673
4 12 6 8 -68157
-23 10 -23 7 -65347
14 -18 12 -21 -60713
24 -10 21 -11 -63703
2 -24 4 -23 -46991
24 24 20 23 -56043
-23 22 7 21 -73945
-7 -24 -11 -23 -56631
5 22 7 24 -67135
13 -23 13 -24 -54395
-15 -6 -15 -7 -65075
-3 -5 -4 -5 -65969
14 -19 12 -18 -40349
8 15 9 14 -58555
0 6 1 6 -59159
23 0 24 3 -54683
13 24 11 24 -64545
23 8 24 8 -48809
-24 -8 -24 -5 -46791
-2 -9 -1 -7 -54425
-1 9 0 11 -63959
-19 21 -19 11 -62481
21 -13 21 -8 -60339
-14 -24 -13 -24 -51757
-11 -10 -12 -19 -66811
-7 -12 -6 -12 -63781
8 20 7 21 -62787
-17 23 -18 24 -50875
-10 -21 -12 -22 -62637
-4 16 -4 1 -93905
13 24 12 22 -59599
-16 -17 -17 -19 -63435
-24 -20 -24 -24 -48845
-24 6 -1 7 -83833
-8 -18 -11 -16 -61843
-15 7 -14 8 -65043
-1 23 -10 15 -79461
-7 24 -8 22 -57313
23 -14 23 -12 -53089
-21 -24 -22 -23 -48479
16 24 14 23 -51065
3 -22 3 -24 -48505
10 24 12 24 -59503
-11 -2 -12 0 -63201
-24 16 -22 17 -63511
-18 -5 -9 4 -85981
-24 15 -24 1 -70669
10 6 10 9 -65811
23 12 21 11 -57411
0 -7 1 -7 -58541
-24 -5 -24 4 -70035
23 0 24 -4 -54933
-19 2 -20 0 -66927
-20 7 -21 11 -66683
23 20 24 19 -49259
-24 21 -24 22 -47085
-24 -2 -24 -3 -52619
7 -23 7 -24 -45925
-17 -14 -7 -16 -71575
24 3 23 3 -47323
-11 -6 -10 -13 -68327
2 20 2 18 -74953
11 -1 9 -3 -46847
-6 23 -3 19 -84061
-17 -9 -18 -8 -57603
2 -17 2 -18 -52261
10 -10 9 -9 -54649
9 13 11 17 -68059
-10 11 -11 0 -82075
-1 -3 0 11 -95727
-16 3 -18 2 -63807
23 17 22 16 -56565
-22 -21 -23 -11 -52773
-12 9 -13 13 -65421
-7 23 -4 22 -71763
-24 -19 -23 -19 -61611
-17 -19 -20 -21 -65531
24 -24 21 -23 -44003
2 15 3 15 -65895
0 -4 -1 1 -77347
-21 -24 -20 -23 -61275
-15 19 -15 16 -69029
14 -23 13 -24 -50543
9 11 12 12 -55529
6 -24 5 -23 -45061
-8 -16 -7 -18 -58013
12 -7 10 -3 -54883
-4 -24 -2 -23 -57733
2 2 1 3 -67535
5 24 6 23 -59807
1 -14 0 -13 -57689
-12 -24 -8 -23 -61351
-4 22 -4 20 -65755
-23 -12 -24 -14 -57623
0 6 5 22 -94467
24 -23 23 -21 -56907
24 -18 23 -14 -53889
5 -13 5 -12 -51509
-24 -11 -24 -13 -41723
0 -15 -2 -4 -58981
4 9 3 9 -68201
-22 22 -20 22 -73021
-1 16 -2 13 -75767
22 14 22 13 -54905
-24 -17 -21 -19 -55427
-17 23 -17 24 -47099
15 0 15 4 -44867
-6 7 -7 5 -72547
0 -5 -2 -1 -69111
-7 7 -7 13 -68183
-9 -24 -10 -23 -51801
6 16 7 22 -77803
-24 16 -22 14 -54713
4 24 4 22 -56779
15 9 15 11 -45681
10 -17 10 -20 -53905
-11 23 -12 23 -54965
17 22 16 24 -56519
-2 -12 0 -12 -64737
-11 16 -11 15 -60753
13 -24 21 -22 -57229
24 -10 23 -10 -58839
-8 -24 -7 -23 -47445
17 19 12 19 -69749
19 -16 20 -14 -65139
21 24 21 23 -54809
-22 24 -21 24 -65551
-9 -20 -10 -22 -55921
-1 1 0 1 -67879
-3 -23 0 -24 -44679
4 -12 5 -9 -47685
0 2 -9 24 -92425
17 -23 17 -24 -57733
2 14 1 15 -67991
23 9 22 11 -50647
-8 24 -7 23 -51513
-18 18 -18 19 -63593
-5 20 -6 21 -78667
13 11 12 13 -54751
24 -10 24 -8 -42181
-24 7 -23 6 -58469
4 17 6 18 -76157
17 -24 18 -21 -63035
24 17 23 17 -61423
17 11 17 13 -51107
-19 2 -3 -6 -91771
11 7 13 10 -59681
-14 -24 -15 -23 -51633
-12 -6 -12 -5 -63405
-22 -1 -17 0 -82671
24 22 24 23 -44515
-24 -24 6 -22 -55257
-2 -16 0 -12 -59947
-20 -11 -19 -12 -52735
22 -15 21 -16 -59651
7 9 6 9 -58203
-20 22 -21 24 -58033
-1 18 -1 19 -65875
-7 -3 -7 -4 -62943
-18 4 -22 5 -69901
-2 23 -2 24 -54391
10 -4 10 -1 -47509
1 -24 3 -22 -53621
2 13 3 14 -65753
24 24 -23 17 -51325
-2 24 -3 24 -64623
-23 -8 -24 -9 -58439
-10 0 -10 9 -79683
-24 -10 -24 -8 -42341
-24 16 -23 16 -63259
7 24 4 24 -68437
-7 -1 -10 -3 -67547
-1 2 -1 1 -78523
-4 -10 -7 -7 -65977
-2 2 -1 1 -75725
11 -24 11 -22 -53145
-24 23 -22 21 -58323
-12 -15 -8 -14 -62205
-13 1 -12 2 -67781
16 -10 16 -11 -50351
12 -6 13 -5 -41799
-12 -23 -13 -24 -57365
6 -23 5 -24 -48409
-9 12 -9 11 -59463
0 0 0 1 -75715
-18 -24 -17 -23 -67763
0 24 -1 24 -55259
16 -23 24 -21 -67447
9 -18 7 -19 -55095
-15 6 -16 4 -63645
20 -5 17 -5 -57181
18 2 16 2 -58405
10 21 10 20 -58039
-23 14 -24 14 -61803
-24 6 -22 5 -66223
-10 14 -14 14 -76991
24 20 23 19 -56219
-24 23 -24 24 -34737
-24 12 -24 11 -42517
-16 -11 -14 -11 -59857
-14 20 -14 19 -64685
7 -6 7 -5 -43863
21 -23 21 -24 -60519
19 -22 17 -17 -60677
-13 9 -12 8 -63505
20 17 21 15 -55043
-24 4 -22 4 -62537
-14 5 -3 22 -96029
-15 -24 -15 -23 -53601
-24 14 -24 -23 -61009
13 4 12 3 -54425
12 -8 2 -3 -73785
24 -24 24 -22 -60571
-4 -10 -5 -11 -62693
21 -24 22 -22 -60421
-1 4 -1 3 -68849
-19 6 -19 4 -48837
-24 21 -24 18 -47801
12 -18 9 -18 -46611
-16 13 -14 10 -70589
-20 3 -20 -3 -70225
-9 2 -9 1 -66911
24 -16 24 -19 -45353
-17 -7 -18 -8 -58291
22 -23 21 -2 -64353
-16 21 -16 20 -63831
24 -21 22 -21 -42303
-24 -4 -23 -4 -55961
15 9 13 8 -57561
-21 21 -24 22 -68397
-4 12 -17 16 -101265
12 -11 13 -12 -45907
-16 24 -13 22 -58525
23 20 24 23 -54995
13 -17 15 -16 -48215
4 -18 -3 -19 -59105
-17 -20 -18 -17 -61305
8 -10 10 -10 -54001
-17 12 -17 13 -47759
24 -24 24 -21 -64551
24 9 24 11 -42353
-3 12 -3 14 -74923
-11 7 1 24 -99907
-13 23 -12 24 -57799
-19 -3 -16 0 -74637
19 17 19 19 -48995
0 -9 -1 -8 -57595
-24 16 -24 15 -35899
12 13 12 15 -59591
-4 -20 -6 -23 -60453
0 20 -1 20 -61149
4 0 5 22 -91241
-1 21 0 20 -64553
22 -6 23 -6 -60993
6 -6 8 -7 -64583
-13 -9 -13 -12 -63451
18 -15 17 -17 -63521
-24 12 -24 0 -67947
14 6 14 7 -51755
24 -12 22 -10 -65173
-10 23 -10 24 -52549
-24 -24 0 -24 -57725
-3 6 -3 -1 -88913
19 23 20 24 -53571
19 -17 19 -15 -61207
-10 7 -8 6 -62807
-5 15 -6 13 -71577
15 -1 12 -2 -46931
14 -4 14 -1 -55099
15 -2 15 0 -50183
4 19 3 17 -86055
10 24 10 20 -64883
19 -12 18 -11 -55137
-21 -22 -22 -22 -64343
5 -17 5 -18 -55141
3 18 3 15 -80035
0 -20 0 -23 -53673
-3 14 -1 15 -61671
-15 -24 -14 -23 -63469
6 8 6 9 -60831
-17 -9 -17 -10 -56433
17 -6 17 -3 -50687
-24 8 -23 10 -68589
22 -12 24 -14 -69365
-24 -17 -23 -16 -53055
17 -12 21 -12 -60739
20 -15 17 -15 -58405
22 0 19 2 -59827
18 -9 23 -6 -66459
-10 23 -1 22 -78131
12 -23 10 -24 -47487
1 6 0 7 -72259
-7 -21 -7 -20 -51507
-24 20 -23 21 -50785
-3 7 -3 6 -74015
24 14 23 12 -58543
2 -7 3 -4 -55871
21 0 19 -1 -56637
-21 -24 -23 -24 -56555
-4 -12 -5 -13 -71613
7 -14 7 -15 -50097
14 16 14 15 -53009
-13 16 -16 15 -65977
